V1,V2,V3,V4,V5,V6,V7,V8,V9,V10,V11,V12,V13,V14,V15,V16,V17,V18,V19,V20,V21,V22,V23,V24,V25,V26,V27,V28,V29,V30,V31,V32,V33,V34,V35,V36,V37,V38,V39,V40,V41,V42,V43,V44,V45,V46,V47,V48,V49,V50,V51,V52,V53,V54,V55,V56,V57,V58,V59,V60,V61,V62,V63,V64,V65,V66,V67,V68,V69,V70,V71,V72,V73,V74,V75,V76,V77,V78,V79,V80,V81,V82,V83,V84,V85,V86,V87,V88,V89,V90,V91,V92,V93,V94,V95,V96,V97,V98,V99,V100,V101,V102,V103,V104,V105,V106,V107,V108,V109,V110,V111,V112,V113,V114,V115,V116,V117,V118,V119,V120,V121,V122,V123,V124,V125,V126,V127,V128,V129,V130,V131,V132,V133,V134,V135,V136,V137,V138,V139,V140,V141,V142,V143,V144,V145,V146,V147,V148,V149,V150,V151,V152,V153,V154,V155,V156,V157,V158,V159,V160,V161,V162,V163,V164,V165,V166,V167,V168,V169,V170,V171,V172,V173,V174,V175,V176,V177,V178,V179,V180,V181,V182,V183,V184,V185,V186,V187,V188,V189,V190,V191,V192,V193,V194,V195,V196,V197,V198,V199,V200,V201,V202,V203,V204,V205,V206,V207,V208,V209,V210,V211,V212,V213,V214,V215,V216,V217,V218,V219,V220,V221,V222,V223,V224,V225,V226,V227,V228,V229,V230,V231,V232,V233,V234,V235,V236,V237,V238,V239,V240
27.2089409277006,27.0726437936639,27.1736217380844,27.178668068929,27.4860338187415,27.506157393667,27.2845846667777,27.1988509509866,27.2038960613414,27.2139855500982,27.2997068377419,27.3803214494867,27.3299446101592,27.3249055894848,27.5564493982478,27.8225944265762,28.0730569169481,28.1030723156867,27.8326244118639,27.7021596912783,27.5162177292145,27.5212475341273,27.3752848587436,27.3249055894848,27.3601736293342,27.3249055894848,27.6117426966131,27.6016915422711,27.5815863374129,27.5363354978248,27.475970578825,27.3652109487011,27.4306740081185,27.2795434562661,27.2745020022695,27.2392050038562,27.2038960613414,27.2593761790295,27.2392050038562,27.2795434562661,27.178668068929,27.2694603047538,27.2442481632001,27.3752848587436,27.3954297650103,27.4960960902657,27.4306740081185,27.4457750460266,27.5413643354891,27.4558411927372,27.4457750460266,27.4357079298451,27.2795434562661,27.4457750460266,27.3349833876879,27.4256398439229,27.234161600755,27.309787068249,27.2492910788209,27.234161600755,27.2442481632001,27.2392050038562,27.309787068249,27.3047470746531,27.4357079298451,27.3047470746531,27.2997068377419,27.3198663256309,27.3299446101592,27.3349833876879,27.4558411927372,27.5262770971775,27.4608739026253,27.4004653847288,27.2190299285684,27.3047470746531,27.3198663256309,27.3198663256309,27.3047470746531,27.2946663574817,27.3249055894848,27.2845846667777,27.2946663574817,27.2997068377419,27.2593761790295,27.2896256338382,27.4508082405489,27.309787068249,27.1837141556074,27.1837141556074,27.178668068929,27.178668068929,27.340021922105,27.2896256338382,27.2795434562661,27.2896256338382,27.2694603047538,27.2745020022695,27.2997068377419,27.3702480251596,27.3047470746531,27.3047470746531,27.4256398439229,27.3148268185636,27.3299446101592,27.2089409277006,27.2190299285684,27.2997068377419,27.1837141556074,27.2997068377419,27.2795434562661,27.2240740631453,27.2492910788209,27.2392050038562,27.2392050038562,27.2492910788209,27.2543337507527,27.3249055894848,27.3652109487011,27.3601736293342,27.340021922105,27.3148268185636,27.2442481632001,27.3198663256309,27.2997068377419,27.4659063702468,27.3903939025862,27.2543337507527,27.309787068249,27.2644183636851,27.2694603047538,27.2997068377419,27.3803214494867,27.2644183636851,27.1029474496787,27.193805596602,27.2896256338382,27.3047470746531,27.340021922105,27.4256398439229,27.3148268185636,27.3198663256309,27.2845846667777,27.0978974522403,27.2795434562661,27.2795434562661,27.3702480251596,27.3803214494867,27.2392050038562,27.2694603047538,27.355136067025,27.2442481632001,27.2190299285684,27.2492910788209,27.2593761790295,27.2745020022695,27.0170641889031,27.2694603047538,27.340021922105,27.2845846667777,27.4608739026253,27.3652109487011,27.475970578825,27.6820737710463,27.9929739096901,27.6670068026902,27.6268176187712,27.4155707879898,27.3954297650103,27.4055007617757,27.340021922105,27.4256398439229,27.3249055894848,27.1988509509866,27.309787068249,27.309787068249,27.4508082405489,27.3148268185636,27.3198663256309,27.3249055894848,27.3249055894848,27.3349833876879,27.340021922105,27.309787068249,27.1382905826503,27.1483864201735,27.0423313217998,27.0423313217998,27.04738401297,26.98673553539,26.9816799008646,26.8450848555011,27.1029474496787,27.1029474496787,27.2593761790295,27.3148268185636,27.3702480251596,27.4105358961847,27.3148268185636,27.2442481632001,27.234161600755,27.1988509509866,27.0726437936639,27.1837141556074,27.2190299285684,27.1231449929837,27.1584812802121,27.2492910788209,27.0675923274317,27.2442481632001,27.3198663256309,27.1433386236146,27.178668068929,27.1180959740562,27.1079972024379,27.1029474496787,27.0726437936639,27.0625406162806,27.057488660176,26.98673553539,27.0423313217998,27.0423313217998,27.0069556191484,27.1332422972466,27.1584812802121,27.1584812802121,27.1736217380844,27.2392050038562,27.2492910788209,27.2291179538628,27.1736217380844,27.1685751630395,27.04738401297,27.1231449929837,27.0120100266741,27.052436459084,27.1534339723613,26.9361681383575,26.9968460680691,26.9968460680691
27.2795434562661,27.2392050038562,27.2694603047538,27.340021922105,27.5413643354891,27.5413643354891,27.309787068249,27.2845846667777,27.2593761790295,27.2896256338382,27.2896256338382,27.3752848587436,27.4357079298451,27.5413643354891,27.812563481855,28.0930681351701,28.0980703444506,27.9879666938923,27.7172216044382,27.6971385722891,27.5262770971775,27.4206054372245,27.4055007617757,27.4357079298451,27.3954297650103,27.3450602134443,27.6268176187712,27.6971385722891,27.7423199823454,27.5262770971775,27.4155707879898,27.3752848587436,27.2392050038562,27.2240740631453,27.2240740631453,27.2745020022695,27.2291179538628,27.2593761790295,27.2644183636851,27.3249055894848,27.2543337507527,27.2291179538628,27.1988509509866,27.2946663574817,27.3954297650103,27.4004653847288,27.475970578825,27.4508082405489,27.4457750460266,27.4558411927372,27.4457750460266,27.4206054372245,27.3249055894848,27.309787068249,27.385357797423,27.340021922105,27.3500982617396,27.3047470746531,27.340021922105,27.2139855500982,27.2492910788209,27.2745020022695,27.3450602134443,27.3652109487011,27.3803214494867,27.3752848587436,27.2997068377419,27.2946663574817,27.3148268185636,27.385357797423,27.4659063702468,27.4960960902657,27.4508082405489,27.4608739026253,27.4558411927372,27.3702480251596,27.3148268185636,27.3198663256309,27.3148268185636,27.2745020022695,27.385357797423,27.3702480251596,27.340021922105,27.3500982617396,27.2896256338382,27.3198663256309,27.4155707879898,27.2795434562661,27.1635283437601,27.1736217380844,27.1988509509866,27.1837141556074,27.1887599981537,27.3299446101592,27.2442481632001,27.2543337507527,27.2896256338382,27.2946663574817,27.3249055894848,27.4306740081185,27.309787068249,27.3450602134443,27.3601736293342,27.4055007617757,27.4055007617757,27.2845846667777,27.2845846667777,27.309787068249,27.2392050038562,27.3198663256309,27.3198663256309,27.2543337507527,27.2997068377419,27.2392050038562,27.2492910788209,27.2896256338382,27.3349833876879,27.2795434562661,27.3047470746531,27.3148268185636,27.2997068377419,27.2694603047538,27.4357079298451,27.355136067025,27.4457750460266,27.4558411927372,27.4608739026253,27.4206054372245,27.3954297650103,27.2946663574817,27.3299446101592,27.309787068249,27.3500982617396,27.3652109487011,27.3954297650103,27.3500982617396,27.2896256338382,27.2946663574817,27.340021922105,27.3249055894848,27.3803214494867,27.3954297650103,27.3500982617396,27.3047470746531,27.2694603047538,27.2845846667777,27.3702480251596,27.3954297650103,27.340021922105,27.2644183636851,27.3198663256309,27.2997068377419,27.2896256338382,27.2745020022695,27.3249055894848,27.3500982617396,27.2543337507527,27.2795434562661,27.2795434562661,27.2946663574817,27.3954297650103,27.5765594326333,27.4659063702468,27.4910650755359,27.6619839981682,27.6820737710463,27.651937666319,27.5916394226271,27.4960960902657,27.385357797423,27.4860338187415,27.4659063702468,27.3752848587436,27.4055007617757,27.3299446101592,27.385357797423,27.4306740081185,27.3803214494867,27.340021922105,27.3954297650103,27.3450602134443,27.3803214494867,27.4206054372245,27.3601736293342,27.3450602134443,27.3500982617396,27.1382905826503,27.1231449929837,27.0423313217998,27.0271717776083,27.037278385539,26.9766240208359,27.1231449929837,27.0928472100887,27.309787068249,27.2392050038562,27.3652109487011,27.385357797423,27.3299446101592,27.2139855500982,27.2492910788209,27.3299446101592,27.2190299285684,27.2139855500982,27.1887599981537,27.1635283437601,27.234161600755,27.2694603047538,27.4004653847288,27.3148268185636,27.4055007617757,27.2240740631453,27.1635283437601,27.1685751630395,27.1736217380844,27.1180959740562,27.1382905826503,27.0877967231895,27.0827459915085,26.9968460680691,27.1079972024379,27.04738401297,27.057488660176,27.0827459915085,27.0877967231895,27.1382905826503,27.2139855500982,27.2442481632001,27.2392050038562,27.234161600755,27.1736217380844,27.2240740631453,27.1988509509866,27.1079972024379,27.178668068929,27.2139855500982,27.1180959740562,27.052436459084,27.057488660176,27.0423313217998
27.0978974522403,27.2644183636851,27.2845846667777,27.3299446101592,27.5212475341273,27.6117426966131,27.2946663574817,27.2745020022695,27.234161600755,27.3047470746531,27.2745020022695,27.234161600755,27.5262770971775,27.6268176187712,27.9579183838364,27.9979808867536,27.8426534379831,27.6569609527223,27.5916394226271,27.5262770971775,27.5262770971775,27.4004653847288,27.5162177292145,27.3500982617396,27.2946663574817,27.5363354978248,27.8025315774346,27.9128297863749,27.7423199823454,27.5212475341273,27.3652109487011,27.2997068377419,27.1988509509866,27.2190299285684,27.1534339723613,27.1988509509866,27.193805596602,27.2543337507527,27.2089409277006,27.2795434562661,27.309787068249,27.2089409277006,27.2240740631453,27.2543337507527,27.2644183636851,27.2644183636851,27.3349833876879,27.4608739026253,27.4004653847288,27.4105358961847,27.4457750460266,27.4407416091366,27.4407416091366,27.3803214494867,27.4659063702468,27.3903939025862,27.4055007617757,27.3752848587436,27.4055007617757,27.3803214494867,27.2694603047538,27.3349833876879,27.340021922105,27.4155707879898,27.3198663256309,27.4256398439229,27.3803214494867,27.3954297650103,27.3047470746531,27.3299446101592,27.4709385956355,27.4256398439229,27.4407416091366,27.4709385956355,27.4407416091366,27.3803214494867,27.3954297650103,27.3652109487011,27.3047470746531,27.3803214494867,27.3299446101592,27.4004653847288,27.4055007617757,27.355136067025,27.2694603047538,27.340021922105,27.4508082405489,27.2492910788209,27.3249055894848,27.2089409277006,27.1988509509866,27.178668068929,27.2644183636851,27.2442481632001,27.2845846667777,27.2997068377419,27.3198663256309,27.3349833876879,27.2997068377419,27.3349833876879,27.4206054372245,27.355136067025,27.385357797423,27.3903939025862,27.3803214494867,27.2946663574817,27.2896256338382,27.2745020022695,27.2997068377419,27.3198663256309,27.3198663256309,27.2291179538628,27.2644183636851,27.2291179538628,27.3047470746531,27.3500982617396,27.355136067025,27.3148268185636,27.2896256338382,27.2896256338382,27.2745020022695,27.2593761790295,27.2997068377419,27.2442481632001,27.3601736293342,27.3752848587436,27.4608739026253,27.4457750460266,27.3450602134443,27.4155707879898,27.3803214494867,27.3500982617396,27.4004653847288,27.4407416091366,27.4608739026253,27.355136067025,27.2946663574817,27.309787068249,27.4004653847288,27.4105358961847,27.4055007617757,27.4004653847288,27.355136067025,27.3601736293342,27.3702480251596,27.3349833876879,27.3450602134443,27.3349833876879,27.2593761790295,27.2543337507527,27.2795434562661,27.3148268185636,27.2946663574817,27.3148268185636,27.2896256338382,27.234161600755,27.2593761790295,27.2442481632001,27.2694603047538,27.2644183636851,27.2795434562661,27.4659063702468,27.4608739026253,27.4256398439229,27.5011268629649,27.475970578825,27.651937666319,27.651937666319,27.4457750460266,27.2997068377419,27.5262770971775,27.2946663574817,27.3249055894848,27.2946663574817,27.3903939025862,27.2997068377419,27.4407416091366,27.4357079298451,27.4055007617757,27.2694603047538,27.3198663256309,27.3652109487011,27.4508082405489,27.3702480251596,27.355136067025,27.385357797423,27.3450602134443,27.1281937673691,27.0625406162806,27.0221181058697,27.04738401297,26.951340936939,27.0019009662915,27.0827459915085,27.193805596602,27.2946663574817,27.3249055894848,27.3047470746531,27.3500982617396,27.2492910788209,27.2694603047538,27.3652109487011,27.3450602134443,27.3500982617396,27.2291179538628,27.3047470746531,27.2190299285684,27.234161600755,27.2190299285684,27.309787068249,27.234161600755,27.1685751630395,27.2038960613414,27.0726437936639,27.0827459915085,27.052436459084,27.037278385539,27.0928472100887,27.1029474496787,27.057488660176,27.2139855500982,27.057488660176,27.0928472100887,27.0322252041533,27.052436459084,27.0726437936639,27.1685751630395,27.2038960613414,27.2038960613414,27.2038960613414,27.2038960613414,27.1837141556074,27.1433386236146,27.1584812802121,27.1130467105523,27.0928472100887,27.057488660176,27.1281937673691,27.052436459084,27.0069556191484
27.3249055894848,27.2644183636851,27.2392050038562,27.3249055894848,27.3702480251596,27.4709385956355,27.5665048985609,27.4155707879898,27.2745020022695,27.2038960613414,27.4206054372245,27.3450602134443,27.5966656031286,27.8326244118639,28.1580782977234,27.962927032733,27.7373007876777,27.5564493982478,27.5765594326333,27.5413643354891,27.6167679118797,27.3148268185636,27.3702480251596,27.3249055894848,27.5916394226271,27.7975152652541,27.9679354426974,27.8476675914376,27.4357079298451,27.3652109487011,27.3803214494867,27.3803214494867,27.3349833876879,27.1736217380844,27.2392050038562,27.1231449929837,27.2139855500982,27.1433386236146,27.1837141556074,27.2896256338382,27.2543337507527,27.2543337507527,27.2089409277006,27.2190299285684,27.1887599981537,27.2997068377419,27.2795434562661,27.3198663256309,27.2543337507527,27.2946663574817,27.3652109487011,27.4608739026253,27.4508082405489,27.4206054372245,27.4860338187415,27.4105358961847,27.2997068377419,27.340021922105,27.3349833876879,27.193805596602,27.1685751630395,27.385357797423,27.4206054372245,27.3652109487011,27.4256398439229,27.3903939025862,27.385357797423,27.2543337507527,27.3652109487011,27.3148268185636,27.4306740081185,27.3803214494867,27.3903939025862,27.4407416091366,27.4105358961847,27.3903939025862,27.3601736293342,27.2845846667777,27.3803214494867,27.2745020022695,27.1837141556074,27.5564493982478,27.4407416091366,27.3652109487011,27.2997068377419,27.551421285667,27.5011268629649,27.3450602134443,27.2543337507527,27.2442481632001,27.1584812802121,27.178668068929,27.2896256338382,27.340021922105,27.3349833876879,27.3752848587436,27.3702480251596,27.4608739026253,27.2543337507527,27.3047470746531,27.4206054372245,27.2997068377419,27.340021922105,27.4558411927372,27.385357797423,27.385357797423,27.2845846667777,27.234161600755,27.2845846667777,27.2492910788209,27.3148268185636,27.3652109487011,27.3299446101592,27.3047470746531,27.2492910788209,27.3249055894848,27.3652109487011,27.340021922105,27.2997068377419,27.3148268185636,27.4155707879898,27.2845846667777,27.3803214494867,27.4508082405489,27.3349833876879,27.3702480251596,27.4457750460266,27.4659063702468,27.4004653847288,27.4508082405489,27.3903939025862,27.3702480251596,27.3500982617396,27.2795434562661,27.3047470746531,27.3702480251596,27.4105358961847,27.4659063702468,27.5564493982478,27.3954297650103,27.5413643354891,27.3450602134443,27.3803214494867,27.3752848587436,27.3249055894848,27.385357797423,27.2291179538628,27.3349833876879,27.355136067025,27.3198663256309,27.2593761790295,27.2997068377419,27.2896256338382,27.3148268185636,27.2694603047538,27.3299446101592,27.3198663256309,27.2644183636851,27.2593761790295,27.2593761790295,27.3500982617396,27.475970578825,27.4810023198492,27.3702480251596,27.4105358961847,27.4810023198492,27.4709385956355,27.475970578825,27.5765594326333,27.5413643354891,27.4457750460266,27.4004653847288,27.3903939025862,27.3299446101592,27.3803214494867,27.4105358961847,27.4155707879898,27.3954297650103,27.3954297650103,27.3299446101592,27.2593761790295,27.4105358961847,27.3752848587436,27.5463929314253,27.3903939025862,27.2543337507527,27.234161600755,27.2139855500982,27.2240740631453,27.0928472100887,26.9917909244467,26.9311100472495,27.0120100266741,26.9917909244467,27.1029474496787,27.2543337507527,27.1685751630395,27.3652109487011,27.3954297650103,27.2392050038562,27.340021922105,27.3954297650103,27.340021922105,27.2997068377419,27.3702480251596,27.2392050038562,27.2240740631453,27.2291179538628,27.3500982617396,27.3249055894848,27.2139855500982,27.2845846667777,27.2543337507527,27.2038960613414,27.1584812802121,27.0776950150114,27.2190299285684,27.052436459084,27.0877967231895,27.0423313217998,27.1029474496787,27.0827459915085,27.1736217380844,27.0877967231895,27.355136067025,27.1433386236146,27.1079972024379,27.193805596602,27.2946663574817,27.3148268185636,27.2694603047538,27.355136067025,27.1837141556074,27.1837141556074,27.0978974522403,27.0776950150114,27.0877967231895,27.0675923274317,27.04738401297,27.0726437936639
27.1635283437601,27.309787068249,27.3450602134443,27.2896256338382,27.3299446101592,27.4357079298451,27.7122012073196,27.4960960902657,27.5212475341273,27.3601736293342,27.5363354978248,27.6067172400882,27.7623943574465,28.0280177375547,27.9679354426974,27.7975152652541,27.6067172400882,27.5413643354891,27.5564493982478,27.3702480251596,27.355136067025,27.4055007617757,27.3198663256309,27.4558411927372,27.7674123504958,27.9779515459613,27.7322813525865,27.5413643354891,27.3148268185636,27.5111876824057,27.3903939025862,27.3047470746531,27.2946663574817,27.2291179538628,27.1988509509866,27.2190299285684,27.1887599981537,27.2745020022695,27.1736217380844,27.2795434562661,27.2845846667777,27.2845846667777,27.385357797423,27.2038960613414,27.1988509509866,27.178668068929,27.2795434562661,27.4558411927372,27.2038960613414,27.2392050038562,27.2745020022695,27.3702480251596,27.4357079298451,27.5162177292145,27.5212475341273,27.3954297650103,27.3299446101592,27.4105358961847,27.2492910788209,27.3198663256309,27.2946663574817,27.4256398439229,27.4659063702468,27.4155707879898,27.4206054372245,27.4558411927372,27.3652109487011,27.3299446101592,27.3450602134443,27.4508082405489,27.3954297650103,27.3652109487011,27.385357797423,27.4105358961847,27.4508082405489,27.3652109487011,27.3652109487011,27.3954297650103,27.2845846667777,27.2845846667777,27.340021922105,27.4357079298451,27.475970578825,27.3652109487011,27.385357797423,27.5966656031286,27.5614772692013,27.2492910788209,27.1534339723613,27.178668068929,27.1635283437601,27.2089409277006,27.2745020022695,27.2492910788209,27.3702480251596,27.3702480251596,27.340021922105,27.2492910788209,27.4558411927372,27.4608739026253,27.3903939025862,27.3954297650103,27.4105358961847,27.4508082405489,27.4457750460266,27.3349833876879,27.2593761790295,27.234161600755,27.3450602134443,27.3249055894848,27.3198663256309,27.2795434562661,27.385357797423,27.3702480251596,27.3299446101592,27.2543337507527,27.340021922105,27.2896256338382,27.3450602134443,27.3702480251596,27.4407416091366,27.309787068249,27.4206054372245,27.3500982617396,27.4055007617757,27.4306740081185,27.3601736293342,27.4206054372245,27.3148268185636,27.3299446101592,27.340021922105,27.4306740081185,27.475970578825,27.4155707879898,27.3198663256309,27.3752848587436,27.3198663256309,27.475970578825,27.3500982617396,27.3450602134443,27.4055007617757,27.3601736293342,27.385357797423,27.3903939025862,27.3803214494867,27.2997068377419,27.3601736293342,27.2845846667777,27.2896256338382,27.3148268185636,27.2795434562661,27.3349833876879,27.3450602134443,27.3148268185636,27.2089409277006,27.3601736293342,27.3198663256309,27.340021922105,27.4659063702468,27.309787068249,27.5463929314253,27.4407416091366,27.4860338187415,27.4960960902657,27.4407416091366,27.4407416091366,27.4407416091366,27.5011268629649,27.4457750460266,27.4105358961847,27.4105358961847,27.5363354978248,27.5212475341273,27.4256398439229,27.4860338187415,27.3954297650103,27.3903939025862,27.340021922105,27.3652109487011,27.3299446101592,27.2694603047538,27.3803214494867,27.385357797423,27.5715322863604,27.385357797423,27.385357797423,27.0675923274317,27.2392050038562,27.0726437936639,27.0221181058697,27.1483864201735,27.0069556191484,27.04738401297,27.0877967231895,27.1180959740562,27.1685751630395,27.1685751630395,27.2492910788209,27.3702480251596,27.3249055894848,27.385357797423,27.3601736293342,27.385357797423,27.3500982617396,27.3198663256309,27.2694603047538,27.2089409277006,27.2190299285684,27.340021922105,27.355136067025,27.3803214494867,27.234161600755,27.2190299285684,27.2139855500982,27.0675923274317,27.1079972024379,27.057488660176,27.178668068929,27.0322252041533,27.0170641889031,27.1382905826503,27.0726437936639,27.0827459915085,27.1887599981537,27.0827459915085,27.1685751630395,27.1988509509866,27.2644183636851,27.309787068249,27.3450602134443,27.309787068249,27.2593761790295,27.1837141556074,27.193805596602,27.1231449929837,27.1584812802121,27.2492910788209,27.0827459915085,27.057488660176,27.057488660176
27.3349833876879,27.234161600755,27.2845846667777,27.3500982617396,27.3047470746531,27.355136067025,27.7222417610001,27.7122012073196,27.4457750460266,27.631842110463,27.6067172400882,27.6469141389248,27.9529094959747,28.1280786023483,27.7021596912783,27.6117426966131,27.5966656031286,27.385357797423,27.3803214494867,27.3652109487011,27.3702480251596,27.355136067025,27.551421285667,27.5715322863604,27.7623943574465,27.651937666319,27.4206054372245,27.3198663256309,27.3803214494867,27.2997068377419,27.3148268185636,27.4558411927372,27.3198663256309,27.0978974522403,27.037278385539,27.2190299285684,27.2038960613414,27.2089409277006,27.2392050038562,27.2593761790295,27.309787068249,27.2845846667777,27.4055007617757,27.2543337507527,27.2442481632001,27.193805596602,27.2593761790295,27.3702480251596,27.2240740631453,27.234161600755,27.2190299285684,27.2593761790295,27.4457750460266,27.631842110463,27.4558411927372,27.3702480251596,27.3652109487011,27.2694603047538,27.3299446101592,27.3249055894848,27.4357079298451,27.3500982617396,27.475970578825,27.2694603047538,27.4055007617757,27.2845846667777,27.2997068377419,27.3148268185636,27.2543337507527,27.2644183636851,27.3803214494867,27.4055007617757,27.4055007617757,27.3702480251596,27.4055007617757,27.3047470746531,27.2442481632001,27.3803214494867,27.4357079298451,27.4256398439229,27.2593761790295,27.3702480251596,27.4558411927372,27.2492910788209,27.3148268185636,27.6067172400882,27.5916394226271,27.3500982617396,27.3299446101592,27.1837141556074,27.2492910788209,27.1988509509866,27.2190299285684,27.2392050038562,27.2946663574817,27.340021922105,27.3500982617396,27.385357797423,27.2946663574817,27.3752848587436,27.4508082405489,27.4558411927372,27.3903939025862,27.385357797423,27.631842110463,27.3198663256309,27.340021922105,27.2392050038562,27.2291179538628,27.2845846667777,27.309787068249,27.2392050038562,27.3752848587436,27.3702480251596,27.3047470746531,27.2795434562661,27.355136067025,27.4457750460266,27.3047470746531,27.3601736293342,27.4508082405489,27.3299446101592,27.2694603047538,27.2745020022695,27.2745020022695,27.3652109487011,27.355136067025,27.3652109487011,27.3954297650103,27.2795434562661,27.3148268185636,27.4004653847288,27.2593761790295,27.4659063702468,27.3450602134443,27.4709385956355,27.5212475341273,27.340021922105,27.4508082405489,27.3148268185636,27.3198663256309,27.3500982617396,27.3652109487011,27.3752848587436,27.3752848587436,27.2492910788209,27.2896256338382,27.3249055894848,27.3047470746531,27.2694603047538,27.2845846667777,27.355136067025,27.355136067025,27.3652109487011,27.3803214494867,27.3601736293342,27.2946663574817,27.2795434562661,27.309787068249,27.5313064183988,27.6067172400882,27.6670068026902,27.777447615956,27.5011268629649,27.6167679118797,27.5011268629649,27.4558411927372,27.4558411927372,27.4810023198492,27.4709385956355,27.5111876824057,27.4860338187415,27.551421285667,27.551421285667,27.5614772692013,27.5665048985609,27.3702480251596,27.355136067025,27.2392050038562,27.3652109487011,27.1685751630395,27.3500982617396,27.3752848587436,27.3803214494867,27.385357797423,27.2694603047538,27.2392050038562,27.2291179538628,27.2038960613414,27.1483864201735,27.1584812802121,27.1079972024379,27.0827459915085,27.1433386236146,27.0928472100887,27.1079972024379,27.0170641889031,27.1635283437601,27.3349833876879,27.4860338187415,27.385357797423,27.3803214494867,27.3903939025862,27.1685751630395,27.1534339723613,27.193805596602,27.1534339723613,27.3349833876879,27.2291179538628,27.2442481632001,27.1988509509866,27.2593761790295,27.2694603047538,27.2089409277006,27.2543337507527,27.0877967231895,27.1079972024379,26.9816799008646,27.0069556191484,27.1584812802121,26.9462835831678,27.0877967231895,27.193805596602,27.178668068929,27.04738401297,27.2139855500982,27.1231449929837,27.3349833876879,27.2644183636851,27.0978974522403,27.193805596602,27.1887599981537,27.1534339723613,27.1837141556074,27.0877967231895,27.0928472100887,27.0019009662915,26.9816799008646,27.2593761790295,27.0019009662915
27.0928472100887,27.3450602134443,27.234161600755,27.2442481632001,27.1433386236146,27.3601736293342,27.3803214494867,27.6820737710463,27.6418903705064,27.631842110463,27.5765594326333,27.8576951793018,27.9128297863749,27.9479003691149,27.6971385722891,27.7122012073196,27.6870956122065,27.7874819207868,27.5765594326333,27.4306740081185,27.3954297650103,27.892784190336,27.962927032733,27.6619839981682,27.4306740081185,27.3903939025862,27.3803214494867,27.3702480251596,27.385357797423,27.3047470746531,27.3047470746531,27.2896256338382,27.2896256338382,27.2593761790295,27.2392050038562,27.2694603047538,27.2946663574817,27.2038960613414,27.178668068929,27.3047470746531,27.2644183636851,27.3349833876879,27.3198663256309,27.3903939025862,27.1685751630395,27.2492910788209,27.2644183636851,27.3198663256309,27.4004653847288,27.3601736293342,27.2543337507527,27.3198663256309,27.4004653847288,27.355136067025,27.340021922105,27.2291179538628,27.2543337507527,27.3349833876879,27.2745020022695,27.2946663574817,27.3652109487011,27.5866130007331,27.4357079298451,27.309787068249,27.3903939025862,27.4155707879898,27.2442481632001,27.3652109487011,27.3349833876879,27.3752848587436,27.3903939025862,27.340021922105,27.385357797423,27.3954297650103,27.4155707879898,27.3752848587436,27.3198663256309,27.2896256338382,27.4206054372245,27.4206054372245,27.4357079298451,27.3652109487011,27.309787068249,27.3450602134443,27.475970578825,27.6117426966131,27.5313064183988,27.4558411927372,27.2442481632001,27.3047470746531,27.2139855500982,27.1332422972466,27.3299446101592,27.2492910788209,27.3198663256309,27.3299446101592,27.3148268185636,27.5363354978248,27.2997068377419,27.4004653847288,27.5765594326333,27.475970578825,27.3198663256309,27.4457750460266,27.4659063702468,27.4256398439229,27.2644183636851,27.3249055894848,27.2845846667777,27.3299446101592,27.3702480251596,27.3652109487011,27.3047470746531,27.385357797423,27.3450602134443,27.2946663574817,27.3954297650103,27.4608739026253,27.3652109487011,27.340021922105,27.355136067025,27.3702480251596,27.3652109487011,27.2038960613414,27.2694603047538,27.4105358961847,27.2492910788209,27.2946663574817,27.4105358961847,27.2139855500982,27.2694603047538,27.4055007617757,27.4155707879898,27.4055007617757,27.4256398439229,27.340021922105,27.3249055894848,27.385357797423,27.3349833876879,27.4055007617757,27.2139855500982,27.3198663256309,27.3047470746531,27.193805596602,27.1988509509866,27.3954297650103,27.2139855500982,27.1988509509866,27.3047470746531,27.3148268185636,27.2946663574817,27.3803214494867,27.3148268185636,27.2845846667777,27.2442481632001,27.2139855500982,27.3500982617396,27.3198663256309,27.355136067025,27.355136067025,27.4357079298451,27.5111876824057,27.7272616770383,27.6418903705064,27.5815863374129,27.355136067025,27.5011268629649,27.3702480251596,27.4709385956355,27.355136067025,27.3601736293342,27.5363354978248,27.5111876824057,27.3954297650103,27.4357079298451,27.4860338187415,27.4206054372245,27.4105358961847,27.234161600755,27.3752848587436,27.4004653847288,27.234161600755,27.2392050038562,27.4457750460266,27.3249055894848,27.2795434562661,27.2291179538628,27.2190299285684,27.2240740631453,27.2997068377419,27.2038960613414,27.1433386236146,26.9614549073863,27.0271717776083,27.0726437936639,27.1180959740562,27.1029474496787,27.0423313217998,27.1281937673691,27.3249055894848,27.2745020022695,27.3652109487011,27.4055007617757,27.3903939025862,27.1635283437601,27.1483864201735,27.1988509509866,27.1382905826503,27.1433386236146,27.2644183636851,27.2089409277006,27.1887599981537,27.1433386236146,27.1685751630395,27.0928472100887,27.0776950150114,27.04738401297,27.0877967231895,27.1180959740562,27.0675923274317,27.0776950150114,27.1079972024379,27.0928472100887,27.1483864201735,27.1685751630395,27.1483864201735,27.1130467105523,27.2644183636851,27.3299446101592,27.2997068377419,27.1837141556074,27.340021922105,27.1988509509866,27.2240740631453,26.9361681383575,27.0978974522403,27.1231449929837,26.9968460680691,27.052436459084,26.98673553539
27.1887599981537,27.3148268185636,27.3198663256309,27.4709385956355,27.2694603047538,27.2694603047538,27.4960960902657,27.7021596912783,27.7122012073196,27.6217928859212,27.6418903705064,27.8576951793018,27.8627086137778,27.7122012073196,27.6469141389248,27.5413643354891,27.651937666319,27.8326244118639,27.837639044803,27.6820737710463,28.0130003858666,28.253020924455,28.1080740489112,27.5614772692013,27.3299446101592,27.2845846667777,27.4004653847288,27.2997068377419,27.3047470746531,27.2644183636851,27.340021922105,27.2745020022695,27.2845846667777,27.3752848587436,27.2745020022695,27.1584812802121,27.178668068929,27.1887599981537,27.2997068377419,27.2845846667777,27.178668068929,27.3198663256309,27.4256398439229,27.3652109487011,27.3148268185636,27.385357797423,27.2845846667777,27.3954297650103,27.3954297650103,27.3752848587436,27.2593761790295,27.2644183636851,27.2644183636851,27.3148268185636,27.4206054372245,27.2190299285684,27.2139855500982,27.2946663574817,27.3148268185636,27.2946663574817,27.5916394226271,27.4357079298451,27.4357079298451,27.3601736293342,27.340021922105,27.385357797423,27.2644183636851,27.2845846667777,27.3803214494867,27.2644183636851,27.2291179538628,27.2896256338382,27.4709385956355,27.385357797423,27.2392050038562,27.2694603047538,27.355136067025,27.2694603047538,27.2946663574817,27.4306740081185,27.2492910788209,27.3601736293342,27.4608739026253,27.3954297650103,27.4558411927372,27.4960960902657,27.4457750460266,27.4860338187415,27.3601736293342,27.2442481632001,27.2139855500982,27.3148268185636,27.3198663256309,27.2291179538628,27.3198663256309,27.3299446101592,27.2745020022695,27.355136067025,27.2997068377419,27.2442481632001,27.506157393667,27.5313064183988,27.4407416091366,27.4407416091366,27.6217928859212,27.4306740081185,27.355136067025,27.4004653847288,27.2745020022695,27.385357797423,27.3702480251596,27.3903939025862,27.355136067025,27.385357797423,27.3500982617396,27.2896256338382,27.4256398439229,27.4105358961847,27.3954297650103,27.3349833876879,27.3652109487011,27.3148268185636,27.234161600755,27.2392050038562,27.4306740081185,27.2442481632001,27.4055007617757,27.4256398439229,27.4558411927372,27.4256398439229,27.3198663256309,27.4105358961847,27.475970578825,27.4055007617757,27.4206054372245,27.4055007617757,27.3803214494867,27.3349833876879,27.4608739026253,27.3299446101592,27.3299446101592,27.3047470746531,27.3148268185636,27.2745020022695,27.3652109487011,27.2745020022695,27.1988509509866,27.3299446101592,27.2997068377419,27.2694603047538,27.3500982617396,27.2997068377419,27.2694603047538,27.2694603047538,27.2543337507527,27.234161600755,27.2240740631453,27.3500982617396,27.385357797423,27.4608739026253,27.4608739026253,27.5463929314253,27.506157393667,27.6268176187712,27.6418903705064,27.5262770971775,27.5011268629649,27.3752848587436,27.5363354978248,27.4558411927372,27.4860338187415,27.355136067025,27.3803214494867,27.506157393667,27.5262770971775,27.475970578825,27.4155707879898,27.4457750460266,27.234161600755,27.4457750460266,27.4558411927372,27.4508082405489,27.4558411927372,27.4457750460266,27.3803214494867,27.3047470746531,27.3148268185636,27.3148268185636,27.3249055894848,27.3249055894848,27.4105358961847,27.1736217380844,27.1079972024379,27.0827459915085,27.1130467105523,27.0170641889031,27.0322252041533,26.9816799008646,27.1180959740562,27.1584812802121,27.3500982617396,27.3752848587436,27.5162177292145,27.3047470746531,27.2038960613414,27.1635283437601,27.1534339723613,27.2038960613414,27.2896256338382,27.2190299285684,27.2845846667777,27.4608739026253,27.2896256338382,27.2845846667777,27.1281937673691,27.1483864201735,27.0625406162806,26.8906364649617,27.0877967231895,27.1332422972466,26.9715678952696,27.0877967231895,27.052436459084,27.1130467105523,27.2190299285684,27.2392050038562,27.1635283437601,27.1685751630395,27.2190299285684,27.2038960613414,27.340021922105,27.2139855500982,27.2240740631453,27.1281937673691,27.04738401297,27.0877967231895,27.0423313217998,26.9816799008646,27.057488660176,26.9260517102937
27.3652109487011,27.3047470746531,27.3652109487011,27.3954297650103,27.3803214494867,27.2795434562661,27.4709385956355,27.6670068026902,27.5715322863604,27.5614772692013,27.6870956122065,27.9879666938923,27.9929739096901,27.7322813525865,27.5413643354891,27.6368663610303,27.6167679118797,27.8627086137778,28.048037534235,28.063049878718,28.228044327915,28.0930681351701,27.7473389366228,27.631842110463,27.3803214494867,27.3349833876879,27.2946663574817,27.2492910788209,27.2845846667777,27.2291179538628,27.2392050038562,27.2593761790295,27.2492910788209,27.3601736293342,27.4910650755359,27.3954297650103,27.2845846667777,27.1837141556074,27.2997068377419,27.2139855500982,27.2442481632001,27.1887599981537,27.2089409277006,27.2291179538628,27.309787068249,27.3047470746531,27.3803214494867,27.1584812802121,27.4206054372245,27.2392050038562,27.3803214494867,27.4659063702468,27.355136067025,27.3500982617396,27.2694603047538,27.4105358961847,27.3047470746531,27.3148268185636,27.3954297650103,27.4357079298451,27.6016915422711,27.5815863374129,27.4910650755359,27.3349833876879,27.3450602134443,27.4055007617757,27.2543337507527,27.3903939025862,27.3299446101592,27.3903939025862,27.3601736293342,27.4659063702468,27.4810023198492,27.4810023198492,27.3702480251596,27.2593761790295,27.3803214494867,27.309787068249,27.3903939025862,27.4306740081185,27.5212475341273,27.385357797423,27.4155707879898,27.4457750460266,27.6820737710463,27.7071805696107,27.6067172400882,27.3954297650103,27.355136067025,27.2543337507527,27.340021922105,27.3803214494867,27.2997068377419,27.3349833876879,27.193805596602,27.355136067025,27.3450602134443,27.2795434562661,27.309787068249,27.3249055894848,27.4910650755359,27.4357079298451,27.4709385956355,27.4558411927372,27.5413643354891,27.3954297650103,27.2946663574817,27.385357797423,27.3349833876879,27.5111876824057,27.506157393667,27.5011268629649,27.4407416091366,27.4810023198492,27.3500982617396,27.2745020022695,27.3198663256309,27.2896256338382,27.2492910788209,27.2946663574817,27.340021922105,27.4105358961847,27.4608739026253,27.4155707879898,27.4105358961847,27.4004653847288,27.3903939025862,27.4155707879898,27.3954297650103,27.5313064183988,27.475970578825,27.6117426966131,27.4457750460266,27.3299446101592,27.4105358961847,27.4508082405489,27.4508082405489,27.4860338187415,27.3601736293342,27.3249055894848,27.3349833876879,27.4357079298451,27.3500982617396,27.3198663256309,27.355136067025,27.3500982617396,27.3803214494867,27.3601736293342,27.4608739026253,27.4508082405489,27.3702480251596,27.3047470746531,27.2492910788209,27.3803214494867,27.2543337507527,27.5262770971775,27.3954297650103,27.6067172400882,27.4206054372245,27.5162177292145,27.4810023198492,27.6418903705064,27.6469141389248,27.6569609527223,27.812563481855,27.651937666319,27.4860338187415,27.5212475341273,27.385357797423,27.3903939025862,27.4709385956355,27.5413643354891,27.3702480251596,27.3903939025862,27.3198663256309,27.3450602134443,27.4810023198492,27.4608739026253,27.4357079298451,27.3752848587436,27.385357797423,27.4206054372245,27.4558411927372,27.3903939025862,27.2845846667777,27.355136067025,27.2946663574817,27.309787068249,27.1988509509866,27.3198663256309,27.2997068377419,27.1736217380844,27.2442481632001,27.2038960613414,27.1180959740562,27.0423313217998,27.1029474496787,27.1736217380844,27.1281937673691,27.3249055894848,27.355136067025,27.4256398439229,27.5564493982478,27.5463929314253,27.309787068249,27.2543337507527,27.234161600755,27.1837141556074,27.2038960613414,27.3652109487011,27.309787068249,27.4407416091366,27.2644183636851,27.1180959740562,27.2291179538628,27.1281937673691,27.1332422972466,27.0877967231895,27.178668068929,27.0978974522403,27.2038960613414,27.1079972024379,27.1180959740562,27.052436459084,27.1130467105523,27.1332422972466,27.1837141556074,27.2139855500982,27.2190299285684,27.1736217380844,27.340021922105,27.2038960613414,27.3299446101592,27.2139855500982,27.2190299285684,27.1130467105523,27.1534339723613,27.0726437936639,27.0877967231895,27.0019009662915
27.2593761790295,27.3148268185636,27.2997068377419,27.4004653847288,27.4055007617757,27.2543337507527,27.4960960902657,27.5966656031286,27.506157393667,27.6469141389248,27.8777474797793,28.043032942706,27.8326244118639,27.4659063702468,27.4407416091366,27.3652109487011,27.4357079298451,27.6268176187712,27.837639044803,27.8627086137778,28.2130555239183,27.8576951793018,27.4457750460266,27.3198663256309,27.2896256338382,27.2896256338382,27.0978974522403,27.1231449929837,27.0827459915085,27.2291179538628,27.2291179538628,27.234161600755,27.2392050038562,27.2442481632001,27.3803214494867,27.4659063702468,27.4306740081185,27.2896256338382,27.3500982617396,27.178668068929,27.2442481632001,27.0827459915085,27.3349833876879,27.2240740631453,27.1887599981537,27.2644183636851,27.234161600755,27.3450602134443,27.4357079298451,27.3752848587436,27.4457750460266,27.4709385956355,27.3500982617396,27.4508082405489,27.3349833876879,27.1988509509866,27.3249055894848,27.5313064183988,27.4407416091366,27.6217928859212,27.4105358961847,27.5815863374129,27.3500982617396,27.3702480251596,27.3601736293342,27.3601736293342,27.3249055894848,27.4155707879898,27.3652109487011,27.4206054372245,27.3702480251596,27.3954297650103,27.4407416091366,27.3702480251596,27.4155707879898,27.3702480251596,27.3752848587436,27.4155707879898,27.4256398439229,27.5111876824057,27.355136067025,27.4105358961847,27.5564493982478,27.5665048985609,27.7623943574465,27.5815863374129,27.4508082405489,27.3500982617396,27.4256398439229,27.2644183636851,27.3198663256309,27.3148268185636,27.3249055894848,27.2795434562661,27.4055007617757,27.2795434562661,27.4357079298451,27.3349833876879,27.3652109487011,27.2745020022695,27.3702480251596,27.4105358961847,27.2694603047538,27.4608739026253,27.4508082405489,27.385357797423,27.4105358961847,27.2745020022695,27.4105358961847,27.340021922105,27.4004653847288,27.3601736293342,27.4206054372245,27.3752848587436,27.4004653847288,27.4306740081185,27.2795434562661,27.3198663256309,27.2694603047538,27.2291179538628,27.3601736293342,27.3752848587436,27.4004653847288,27.4055007617757,27.4206054372245,27.4004653847288,27.2694603047538,27.3803214494867,27.385357797423,27.3047470746531,27.4206054372245,27.4558411927372,27.4407416091366,27.4256398439229,27.4860338187415,27.4860338187415,27.4810023198492,27.4608739026253,27.4709385956355,27.4709385956355,27.3500982617396,27.3148268185636,27.355136067025,27.3702480251596,27.4457750460266,27.340021922105,27.3249055894848,27.234161600755,27.4709385956355,27.5262770971775,27.3198663256309,27.4055007617757,27.3500982617396,27.4004653847288,27.2593761790295,27.4105358961847,27.4055007617757,27.2392050038562,27.3601736293342,27.3954297650103,27.4105358961847,27.506157393667,27.5313064183988,27.6268176187712,27.5916394226271,27.651937666319,27.6268176187712,27.6469141389248,27.6268176187712,27.4860338187415,27.475970578825,27.3903939025862,27.4860338187415,27.4659063702468,27.4357079298451,27.3954297650103,27.2038960613414,27.340021922105,27.3249055894848,27.1988509509866,27.4659063702468,27.2795434562661,27.4457750460266,27.234161600755,27.3047470746531,27.1534339723613,27.1584812802121,27.234161600755,27.340021922105,27.2946663574817,27.178668068929,27.1584812802121,27.052436459084,27.1231449929837,27.0423313217998,26.8956965238196,27.0726437936639,27.0675923274317,27.3601736293342,27.3198663256309,27.3652109487011,27.4407416091366,27.551421285667,27.3349833876879,27.4004653847288,27.1988509509866,27.2240740631453,27.0877967231895,27.193805596602,27.3450602134443,27.1736217380844,27.1029474496787,27.0928472100887,26.9260517102937,27.1029474496787,27.0877967231895,27.1180959740562,27.1130467105523,27.0625406162806,27.1180959740562,27.1029474496787,27.0776950150114,27.1130467105523,27.2139855500982,27.1231449929837,27.1736217380844,27.1433386236146,27.1332422972466,27.193805596602,27.2139855500982,27.193805596602,27.3047470746531,27.2139855500982,27.1534339723613,27.0776950150114,27.0978974522403,27.0675923274317,27.0423313217998,27.057488660176,27.0726437936639
27.3601736293342,27.3047470746531,27.2946663574817,27.5011268629649,27.5665048985609,27.5815863374129,27.506157393667,27.5011268629649,27.3752848587436,27.6720293663216,27.8727347639835,28.0730569169481,27.7322813525865,27.3601736293342,27.3249055894848,27.4407416091366,27.3903939025862,27.340021922105,27.4357079298451,27.6167679118797,27.892784190336,27.8576951793018,27.5966656031286,27.6418903705064,27.4105358961847,27.3903939025862,27.3299446101592,27.1988509509866,27.3198663256309,27.2392050038562,27.234161600755,27.2392050038562,27.2745020022695,27.1382905826503,27.2392050038562,27.4810023198492,27.5916394226271,27.2997068377419,27.2442481632001,27.2392050038562,27.1685751630395,27.2240740631453,27.2038960613414,27.178668068929,27.3652109487011,27.2291179538628,27.3752848587436,27.4659063702468,27.3249055894848,27.4608739026253,27.4457750460266,27.355136067025,27.4105358961847,27.3047470746531,27.193805596602,27.3349833876879,27.2593761790295,27.5715322863604,27.8326244118639,27.6117426966131,27.4659063702468,27.4206054372245,27.4206054372245,27.3903939025862,27.3450602134443,27.4306740081185,27.2745020022695,27.355136067025,27.2492910788209,27.3752848587436,27.340021922105,27.4004653847288,27.4910650755359,27.385357797423,27.385357797423,27.4155707879898,27.3702480251596,27.2946663574817,27.4105358961847,27.4608739026253,27.5162177292145,27.4155707879898,27.4860338187415,27.4457750460266,27.6820737710463,27.7222417610001,27.4457750460266,27.385357797423,27.3702480251596,27.506157393667,27.2492910788209,27.3702480251596,27.3148268185636,27.2392050038562,27.355136067025,27.2644183636851,27.4457750460266,27.4457750460266,27.4407416091366,27.385357797423,27.3450602134443,27.5564493982478,27.5665048985609,27.5765594326333,27.5614772692013,27.4155707879898,27.3903939025862,27.4105358961847,27.4055007617757,27.355136067025,27.3450602134443,27.3752848587436,27.4659063702468,27.4508082405489,27.4407416091366,27.3500982617396,27.2845846667777,27.355136067025,27.3047470746531,27.4306740081185,27.3652109487011,27.3249055894848,27.4457750460266,27.4659063702468,27.3500982617396,27.3601736293342,27.3803214494867,27.2644183636851,27.4457750460266,27.4608739026253,27.6117426966131,27.4810023198492,27.4608739026253,27.5162177292145,27.5212475341273,27.5011268629649,27.4960960902657,27.4105358961847,27.3198663256309,27.3954297650103,27.4206054372245,27.4810023198492,27.4206054372245,27.3803214494867,27.355136067025,27.2139855500982,27.3903939025862,27.340021922105,27.4558411927372,27.4306740081185,27.475970578825,27.4508082405489,27.5463929314253,27.5212475341273,27.3903939025862,27.3299446101592,27.340021922105,27.4105358961847,27.4508082405489,27.4709385956355,27.506157393667,27.4960960902657,27.4910650755359,27.631842110463,27.5363354978248,27.5665048985609,27.5212475341273,27.6418903705064,27.5463929314253,27.4306740081185,27.4910650755359,27.5313064183988,27.5966656031286,27.385357797423,27.3047470746531,27.4055007617757,27.3903939025862,27.4155707879898,27.3349833876879,27.1988509509866,27.3652109487011,27.4508082405489,27.4608739026253,27.3349833876879,27.385357797423,27.2190299285684,27.2089409277006,27.2543337507527,27.2946663574817,27.2795434562661,27.2543337507527,27.1382905826503,27.1332422972466,27.0978974522403,27.1029474496787,27.052436459084,27.234161600755,27.2442481632001,27.3601736293342,27.3702480251596,27.3500982617396,27.3148268185636,27.475970578825,27.3500982617396,27.355136067025,27.193805596602,27.3249055894848,27.1837141556074,27.1534339723613,27.3702480251596,27.3249055894848,27.2644183636851,27.2492910788209,27.2240740631453,27.2442481632001,27.2089409277006,27.1332422972466,27.178668068929,27.0978974522403,27.0928472100887,27.2089409277006,27.2038960613414,27.1130467105523,27.1281937673691,27.1332422972466,27.2139855500982,27.1685751630395,27.178668068929,27.1988509509866,27.2089409277006,27.340021922105,27.3198663256309,27.2240740631453,27.1332422972466,27.2442481632001,27.1332422972466,27.0675923274317,27.0877967231895,27.0776950150114,27.1079972024379
27.3148268185636,27.2946663574817,27.5313064183988,27.5715322863604,27.6971385722891,27.6167679118797,27.3752848587436,27.3803214494867,27.5966656031286,27.6167679118797,28.0830630023446,27.982959239327,27.5262770971775,27.4004653847288,27.2492910788209,27.4155707879898,27.2190299285684,27.4256398439229,27.4357079298451,27.4608739026253,27.6167679118797,27.7272616770383,27.5916394226271,27.4306740081185,27.3803214494867,27.309787068249,27.3047470746531,27.3047470746531,27.2997068377419,27.2644183636851,27.2593761790295,27.2392050038562,27.1837141556074,27.234161600755,27.2392050038562,27.2997068377419,27.4608739026253,27.4055007617757,27.234161600755,27.2442481632001,27.1736217380844,27.234161600755,27.1382905826503,27.2240740631453,27.2593761790295,27.2896256338382,27.1988509509866,27.3954297650103,27.4306740081185,27.4407416091366,27.385357797423,27.3047470746531,27.340021922105,27.4457750460266,27.3249055894848,27.309787068249,27.4206054372245,27.7573761241401,27.8777474797793,27.6117426966131,27.4206054372245,27.3702480251596,27.3349833876879,27.2392050038562,27.2946663574817,27.3450602134443,27.2492910788209,27.2745020022695,27.1584812802121,27.2492910788209,27.4407416091366,27.3803214494867,27.2795434562661,27.2946663574817,27.2593761790295,27.3450602134443,27.5463929314253,27.309787068249,27.4910650755359,27.4256398439229,27.5111876824057,27.4105358961847,27.4860338187415,27.3601736293342,27.7724301033211,27.7623943574465,27.5313064183988,27.3450602134443,27.4004653847288,27.2644183636851,27.2896256338382,27.2845846667777,27.4508082405489,27.3349833876879,27.2997068377419,27.3500982617396,27.3349833876879,27.3954297650103,27.4004653847288,27.3652109487011,27.3702480251596,27.4105358961847,27.3702480251596,27.4155707879898,27.6217928859212,27.5866130007331,27.506157393667,27.5212475341273,27.3500982617396,27.3500982617396,27.340021922105,27.2038960613414,27.4155707879898,27.4155707879898,27.4055007617757,27.3954297650103,27.5363354978248,27.2644183636851,27.355136067025,27.3047470746531,27.309787068249,27.355136067025,27.2997068377419,27.3500982617396,27.3803214494867,27.3047470746531,27.3148268185636,27.2946663574817,27.3702480251596,27.4407416091366,27.5162177292145,27.4105358961847,27.4910650755359,27.6469141389248,27.7021596912783,27.4709385956355,27.4910650755359,27.4860338187415,27.3601736293342,27.2795434562661,27.3198663256309,27.3299446101592,27.3803214494867,27.3702480251596,27.385357797423,27.4558411927372,27.4659063702468,27.4306740081185,27.4004653847288,27.4306740081185,27.4306740081185,27.4860338187415,27.4407416091366,27.4155707879898,27.3803214494867,27.3752848587436,27.3702480251596,27.3450602134443,27.4256398439229,27.3652109487011,27.4709385956355,27.6167679118797,27.6368663610303,27.5916394226271,27.5413643354891,27.5564493982478,27.7272616770383,27.5765594326333,27.5765594326333,27.5162177292145,27.5815863374129,27.5916394226271,27.4558411927372,27.4457750460266,27.2845846667777,27.2694603047538,27.2694603047538,27.340021922105,27.3148268185636,27.5313064183988,27.5363354978248,27.4508082405489,27.4659063702468,27.3601736293342,27.2795434562661,27.2644183636851,27.1736217380844,27.3903939025862,27.4206054372245,27.2593761790295,27.1635283437601,27.1332422972466,27.1130467105523,27.1180959740562,27.1180959740562,27.1079972024379,27.3198663256309,27.2291179538628,27.2240740631453,27.3500982617396,27.3500982617396,27.3299446101592,27.2795434562661,27.1534339723613,27.340021922105,27.3249055894848,27.1887599981537,27.1887599981537,27.2038960613414,27.1736217380844,27.2392050038562,27.2492910788209,27.2291179538628,27.2492910788209,27.2392050038562,27.1130467105523,27.1483864201735,27.1887599981537,27.1433386236146,27.1130467105523,27.2139855500982,27.1130467105523,27.2089409277006,27.1130467105523,27.1180959740562,27.1130467105523,27.1483864201735,27.1382905826503,27.1736217380844,27.1584812802121,27.2038960613414,27.2190299285684,27.1029474496787,27.2089409277006,27.0675923274317,27.1332422972466,27.0322252041533,27.1029474496787,27.1231449929837,26.9108752239936
27.5564493982478,27.5463929314253,27.651937666319,27.6720293663216,27.5262770971775,27.4910650755359,27.4608739026253,27.4659063702468,27.6720293663216,27.7824648884334,27.9479003691149,27.7874819207868,27.5212475341273,27.2845846667777,27.4004653847288,27.2644183636851,27.2089409277006,27.2946663574817,27.2997068377419,27.3047470746531,27.309787068249,27.5162177292145,27.4709385956355,27.4608739026253,27.3601736293342,27.3954297650103,27.2997068377419,27.2089409277006,27.2543337507527,27.2543337507527,27.340021922105,27.2543337507527,27.2190299285684,27.2644183636851,27.1837141556074,27.2745020022695,27.2038960613414,27.4206054372245,27.4055007617757,27.234161600755,27.234161600755,27.1584812802121,27.340021922105,27.5614772692013,27.4457750460266,27.2543337507527,27.2644183636851,27.2038960613414,27.2392050038562,27.3299446101592,27.4155707879898,27.4306740081185,27.3803214494867,27.5262770971775,27.2997068377419,27.4004653847288,27.5111876824057,27.7222417610001,27.3148268185636,27.5614772692013,27.5011268629649,27.355136067025,27.2392050038562,27.1382905826503,27.2543337507527,27.355136067025,27.4206054372245,27.3500982617396,27.4810023198492,27.3349833876879,27.551421285667,27.6016915422711,27.3752848587436,27.2745020022695,27.506157393667,27.5413643354891,27.4960960902657,27.4709385956355,27.3349833876879,27.5111876824057,27.4256398439229,27.4810023198492,27.4508082405489,27.4105358961847,27.631842110463,27.6569609527223,27.5564493982478,27.4558411927372,27.2745020022695,27.3148268185636,27.3299446101592,27.2442481632001,27.1685751630395,27.1736217380844,27.2997068377419,27.1988509509866,27.2694603047538,27.3903939025862,27.3601736293342,27.3450602134443,27.3249055894848,27.3299446101592,27.3500982617396,27.4206054372245,27.6117426966131,27.651937666319,27.6067172400882,27.4407416091366,27.4256398439229,27.4256398439229,27.3450602134443,27.4155707879898,27.4508082405489,27.355136067025,27.3803214494867,27.4407416091366,27.3500982617396,27.3903939025862,27.2795434562661,27.2492910788209,27.2644183636851,27.2694603047538,27.3249055894848,27.3601736293342,27.309787068249,27.3601736293342,27.3349833876879,27.2240740631453,27.4004653847288,27.4055007617757,27.4105358961847,27.4306740081185,27.475970578825,27.5564493982478,27.5614772692013,27.5363354978248,27.4608739026253,27.5313064183988,27.4558411927372,27.4558411927372,27.3752848587436,27.3652109487011,27.2543337507527,27.4105358961847,27.3803214494867,27.385357797423,27.3954297650103,27.4457750460266,27.4357079298451,27.5363354978248,27.4206054372245,27.4357079298451,27.3299446101592,27.385357797423,27.3198663256309,27.4004653847288,27.3803214494867,27.3450602134443,27.3500982617396,27.4407416091366,27.5815863374129,27.6670068026902,27.6016915422711,27.6016915422711,27.5715322863604,27.5614772692013,27.7272616770383,27.7423199823454,27.5363354978248,27.6167679118797,27.5765594326333,27.4407416091366,27.4508082405489,27.4105358961847,27.4407416091366,27.3249055894848,27.4206054372245,27.4608739026253,27.4206054372245,27.506157393667,27.3803214494867,27.4206054372245,27.4055007617757,27.3249055894848,27.4155707879898,27.3500982617396,27.2845846667777,27.2543337507527,27.2795434562661,27.4055007617757,27.3047470746531,27.178668068929,27.1584812802121,27.0928472100887,27.0978974522403,27.1382905826503,27.2442481632001,27.309787068249,27.4659063702468,27.3903939025862,27.3803214494867,27.3652109487011,27.2845846667777,27.1988509509866,27.1483864201735,27.2240740631453,27.1483864201735,27.234161600755,27.1685751630395,27.2795434562661,27.2089409277006,27.2139855500982,27.2190299285684,27.1029474496787,27.1988509509866,27.0675923274317,27.0978974522403,27.1534339723613,27.1079972024379,27.1635283437601,27.1483864201735,27.1736217380844,27.0877967231895,27.1534339723613,27.1382905826503,27.1635283437601,27.1029474496787,27.1281937673691,27.1483864201735,27.178668068929,27.1130467105523,27.2240740631453,27.2442481632001,27.1988509509866,27.2190299285684,27.1433386236146,27.0726437936639,27.1231449929837,27.0423313217998,27.1281937673691
27.309787068249,27.6469141389248,27.6720293663216,27.4306740081185,27.3349833876879,27.2997068377419,27.4004653847288,27.6368663610303,27.9579183838364,28.0530418873914,27.5715322863604,27.5363354978248,27.3148268185636,27.4206054372245,27.2845846667777,27.1584812802121,27.1887599981537,27.2745020022695,27.1130467105523,27.2946663574817,27.3903939025862,27.3752848587436,27.4508082405489,27.3500982617396,27.355136067025,27.4306740081185,27.2593761790295,27.1483864201735,27.2694603047538,27.1382905826503,27.3752848587436,27.178668068929,27.1332422972466,27.2038960613414,27.2240740631453,27.193805596602,27.2845846667777,27.3249055894848,27.4709385956355,27.4558411927372,27.3601736293342,27.3702480251596,27.355136067025,27.3500982617396,27.3249055894848,27.385357797423,27.3349833876879,27.3148268185636,27.3954297650103,27.3903939025862,27.4105358961847,27.4004653847288,27.506157393667,27.506157393667,27.4105358961847,27.4357079298451,27.5866130007331,27.5916394226271,27.4055007617757,27.4508082405489,27.2543337507527,27.3601736293342,27.2392050038562,27.2392050038562,27.3601736293342,27.355136067025,27.4659063702468,27.4810023198492,27.3954297650103,27.4558411927372,27.4709385956355,27.5463929314253,27.506157393667,27.4558411927372,27.4508082405489,27.4105358961847,27.5413643354891,27.4810023198492,27.4558411927372,27.4155707879898,27.3903939025862,27.4306740081185,27.5011268629649,27.3752848587436,27.5765594326333,27.6569609527223,27.4457750460266,27.4004653847288,27.3299446101592,27.3349833876879,27.4256398439229,27.1988509509866,27.340021922105,27.3500982617396,27.2442481632001,27.193805596602,27.2845846667777,27.4508082405489,27.4004653847288,27.4860338187415,27.355136067025,27.3047470746531,27.2896256338382,27.385357797423,27.4206054372245,27.7322813525865,27.651937666319,27.5212475341273,27.4457750460266,27.385357797423,27.3601736293342,27.4256398439229,27.4709385956355,27.3500982617396,27.4457750460266,27.3752848587436,27.3249055894848,27.2543337507527,27.2543337507527,27.2845846667777,27.385357797423,27.3500982617396,27.3198663256309,27.3047470746531,27.2946663574817,27.3148268185636,27.2997068377419,27.355136067025,27.4105358961847,27.4256398439229,27.631842110463,27.5413643354891,27.551421285667,27.6870956122065,27.6117426966131,27.5262770971775,27.5313064183988,27.5011268629649,27.4910650755359,27.4659063702468,27.3752848587436,27.4357079298451,27.4407416091366,27.4810023198492,27.3903939025862,27.4407416091366,27.385357797423,27.4608739026253,27.4508082405489,27.4608739026253,27.340021922105,27.4155707879898,27.3500982617396,27.3450602134443,27.2946663574817,27.3299446101592,27.355136067025,27.3047470746531,27.309787068249,27.5614772692013,27.4508082405489,27.7122012073196,27.5966656031286,27.6217928859212,27.5463929314253,27.6167679118797,27.5815863374129,27.6870956122065,27.5212475341273,27.551421285667,27.340021922105,27.355136067025,27.1534339723613,27.2946663574817,27.3903939025862,27.2543337507527,27.4256398439229,27.385357797423,27.355136067025,27.2139855500982,27.3047470746531,27.2997068377419,27.3903939025862,27.3349833876879,27.2896256338382,27.1988509509866,27.2392050038562,27.3702480251596,27.193805596602,27.2139855500982,27.2644183636851,27.1382905826503,27.1685751630395,27.0877967231895,27.1281937673691,27.1382905826503,27.1231449929837,27.3249055894848,27.340021922105,27.3450602134443,27.2946663574817,27.2392050038562,27.3047470746531,27.2442481632001,27.1534339723613,27.1130467105523,27.1332422972466,27.1281937673691,27.1534339723613,27.0170641889031,27.2089409277006,27.2593761790295,27.2644183636851,27.2038960613414,27.052436459084,27.1685751630395,27.1079972024379,27.2190299285684,27.2038960613414,27.1635283437601,27.1584812802121,27.1483864201735,27.0625406162806,27.1382905826503,27.1534339723613,26.98673553539,27.1382905826503,27.0625406162806,27.0827459915085,27.1382905826503,27.0978974522403,27.0928472100887,27.1433386236146,27.1887599981537,27.1130467105523,27.0827459915085,27.0271717776083,27.0271717776083,26.9159342987002,26.9108752239936
27.551421285667,27.5262770971775,27.6720293663216,27.4256398439229,27.4155707879898,27.3803214494867,27.6117426966131,27.8576951793018,28.0380281127715,27.777447615956,27.4004653847288,27.340021922105,27.4055007617757,27.4004653847288,27.4004653847288,27.3198663256309,27.2896256338382,27.2845846667777,27.1483864201735,27.2946663574817,27.3450602134443,27.3803214494867,27.4407416091366,27.506157393667,27.3500982617396,27.5011268629649,27.4558411927372,27.3349833876879,27.3752848587436,27.234161600755,27.2038960613414,27.2896256338382,27.2795434562661,27.2291179538628,27.2392050038562,27.2896256338382,27.3450602134443,27.4004653847288,27.4306740081185,27.355136067025,27.4508082405489,27.4608739026253,27.4659063702468,27.4357079298451,27.4155707879898,27.2038960613414,27.2644183636851,27.2139855500982,27.340021922105,27.2896256338382,27.3954297650103,27.2946663574817,27.178668068929,27.506157393667,27.5463929314253,27.5313064183988,27.6268176187712,27.5262770971775,27.506157393667,27.4608739026253,27.3500982617396,27.3702480251596,27.4004653847288,27.3652109487011,27.4055007617757,27.4910650755359,27.5463929314253,27.4709385956355,27.4105358961847,27.4608739026253,27.4960960902657,27.5463929314253,27.5564493982478,27.5665048985609,27.3652109487011,27.3702480251596,27.309787068249,27.4256398439229,27.4105358961847,27.309787068249,27.4357079298451,27.4004653847288,27.4558411927372,27.2745020022695,27.551421285667,27.6368663610303,27.4155707879898,27.475970578825,27.3450602134443,27.2997068377419,27.2845846667777,27.3047470746531,27.2845846667777,27.2795434562661,27.2946663574817,27.2845846667777,27.309787068249,27.3349833876879,27.309787068249,27.2492910788209,27.3450602134443,27.3299446101592,27.3752848587436,27.3500982617396,27.4206054372245,27.7373007876777,27.6569609527223,27.4608739026253,27.3903939025862,27.4306740081185,27.4407416091366,27.355136067025,27.5765594326333,27.6016915422711,27.3752848587436,27.3148268185636,27.2694603047538,27.2593761790295,27.2946663574817,27.2694603047538,27.3047470746531,27.3198663256309,27.2795434562661,27.3752848587436,27.3803214494867,27.3299446101592,27.4105358961847,27.4055007617757,27.2896256338382,27.5765594326333,27.6268176187712,27.6368663610303,27.651937666319,27.7523576505433,27.6971385722891,27.651937666319,27.5966656031286,27.4659063702468,27.3752848587436,27.4709385956355,27.4407416091366,27.4407416091366,27.4608739026253,27.4860338187415,27.4004653847288,27.385357797423,27.3349833876879,27.355136067025,27.3752848587436,27.475970578825,27.4105358961847,27.4306740081185,27.4256398439229,27.4055007617757,27.3299446101592,27.355136067025,27.3500982617396,27.3601736293342,27.3803214494867,27.4004653847288,27.4960960902657,27.5413643354891,27.5916394226271,27.5815863374129,27.6067172400882,27.5966656031286,27.6870956122065,27.5564493982478,27.5815863374129,27.5665048985609,27.5765594326333,27.4457750460266,27.4357079298451,27.4960960902657,27.4306740081185,27.4256398439229,27.385357797423,27.3752848587436,27.5313064183988,27.3903939025862,27.3954297650103,27.4457750460266,27.355136067025,27.4910650755359,27.4256398439229,27.4004653847288,27.309787068249,27.309787068249,27.475970578825,27.4256398439229,27.4155707879898,27.2896256338382,27.1988509509866,27.2038960613414,27.3349833876879,27.2190299285684,27.1887599981537,27.3903939025862,27.385357797423,27.3198663256309,27.4810023198492,27.2745020022695,27.3198663256309,27.2392050038562,27.2492910788209,27.340021922105,27.2543337507527,27.1332422972466,27.234161600755,27.3954297650103,27.2946663574817,27.2139855500982,27.1837141556074,27.2745020022695,27.2089409277006,27.1483864201735,27.178668068929,27.2089409277006,27.1231449929837,27.1180959740562,27.1635283437601,27.1635283437601,27.2946663574817,27.1635283437601,27.1180959740562,27.1332422972466,27.3299446101592,27.2089409277006,27.1988509509866,27.3803214494867,27.1988509509866,27.193805596602,27.193805596602,27.2038960613414,27.2291179538628,27.1635283437601,27.0271717776083,27.057488660176,27.1332422972466,27.052436459084
27.4558411927372,27.4860338187415,27.5363354978248,27.4306740081185,27.3903939025862,27.4004653847288,27.7373007876777,27.9378813982687,27.7674123504958,27.5413643354891,27.3752848587436,27.3249055894848,27.4306740081185,27.5614772692013,27.4155707879898,27.2997068377419,27.3047470746531,27.2593761790295,27.1584812802121,27.2291179538628,27.2795434562661,27.3299446101592,27.4558411927372,27.4960960902657,27.4055007617757,27.5413643354891,27.5111876824057,27.475970578825,27.3903939025862,27.4508082405489,27.309787068249,27.309787068249,27.2291179538628,27.1382905826503,27.2392050038562,27.1382905826503,27.3349833876879,27.2795434562661,27.2946663574817,27.3299446101592,27.2644183636851,27.3148268185636,27.475970578825,27.3450602134443,27.3500982617396,27.355136067025,27.3500982617396,27.3299446101592,27.2442481632001,27.2896256338382,27.2946663574817,27.355136067025,27.340021922105,27.3803214494867,27.4960960902657,27.6569609527223,27.6720293663216,27.5262770971775,27.4608739026253,27.4155707879898,27.2997068377419,27.385357797423,27.355136067025,27.3349833876879,27.4105358961847,27.5665048985609,27.5413643354891,27.551421285667,27.4357079298451,27.4608739026253,27.4407416091366,27.4608739026253,27.475970578825,27.3601736293342,27.4055007617757,27.3903939025862,27.4055007617757,27.3903939025862,27.4004653847288,27.4004653847288,27.5665048985609,27.3954297650103,27.4155707879898,27.4608739026253,27.6016915422711,27.5564493982478,27.3954297650103,27.4558411927372,27.6569609527223,27.2997068377419,27.340021922105,27.2896256338382,27.2745020022695,27.3349833876879,27.3198663256309,27.2543337507527,27.4004653847288,27.2946663574817,27.3803214494867,27.3198663256309,27.4206054372245,27.3702480251596,27.3702480251596,27.4256398439229,27.3752848587436,27.7373007876777,27.8777474797793,27.5212475341273,27.3803214494867,27.4306740081185,27.4608739026253,27.3349833876879,27.4608739026253,27.4457750460266,27.4508082405489,27.3652109487011,27.4206054372245,27.4659063702468,27.3954297650103,27.3601736293342,27.3752848587436,27.3249055894848,27.355136067025,27.3803214494867,27.3954297650103,27.3954297650103,27.4004653847288,27.4407416091366,27.4004653847288,27.5564493982478,27.5916394226271,27.5815863374129,27.6469141389248,27.8677218086608,27.6217928859212,27.7172216044382,27.5011268629649,27.506157393667,27.4709385956355,27.6067172400882,27.4810023198492,27.4810023198492,27.5162177292145,27.4004653847288,27.3500982617396,27.3652109487011,27.3903939025862,27.475970578825,27.5715322863604,27.4659063702468,27.5011268629649,27.385357797423,27.4357079298451,27.5111876824057,27.2946663574817,27.3450602134443,27.4659063702468,27.4608739026253,27.340021922105,27.6268176187712,27.5363354978248,27.6117426966131,27.506157393667,27.5363354978248,27.4709385956355,27.4860338187415,27.6117426966131,27.5866130007331,27.5212475341273,27.6117426966131,27.4457750460266,27.4960960902657,27.3601736293342,27.4004653847288,27.4206054372245,27.4155707879898,27.4256398439229,27.4508082405489,27.4558411927372,27.4960960902657,27.4558411927372,27.5111876824057,27.5111876824057,27.4910650755359,27.4357079298451,27.340021922105,27.2089409277006,27.4055007617757,27.4004653847288,27.4155707879898,27.4709385956355,27.3198663256309,27.178668068929,27.2291179538628,27.3601736293342,27.2845846667777,27.3299446101592,27.3249055894848,27.3299446101592,27.3903939025862,27.3954297650103,27.3047470746531,27.4256398439229,27.3047470746531,27.4608739026253,27.4457750460266,27.3047470746531,27.3148268185636,27.3249055894848,27.2896256338382,27.2694603047538,27.2492910788209,27.2492910788209,27.2442481632001,27.1887599981537,27.309787068249,27.2745020022695,27.3198663256309,27.1736217380844,27.1332422972466,27.2543337507527,27.193805596602,27.0877967231895,27.1584812802121,27.1534339723613,27.1382905826503,27.1382905826503,27.1231449929837,27.234161600755,27.1534339723613,27.1483864201735,27.2190299285684,27.2694603047538,27.1130467105523,27.1332422972466,27.2492910788209,27.1635283437601,27.1433386236146,27.057488660176,26.9159342987002
27.3148268185636,27.5313064183988,27.5564493982478,27.475970578825,27.3299446101592,27.4810023198492,27.8576951793018,27.9328715542163,27.5162177292145,27.4004653847288,27.3450602134443,27.3903939025862,27.3803214494867,27.4357079298451,27.4004653847288,27.2644183636851,27.2593761790295,27.3299446101592,27.193805596602,27.2694603047538,27.4306740081185,27.3249055894848,27.4558411927372,27.3954297650103,27.2946663574817,27.3803214494867,27.5111876824057,27.5212475341273,27.506157393667,27.5162177292145,27.6870956122065,27.5413643354891,27.5564493982478,27.4910650755359,27.3047470746531,27.3198663256309,27.2845846667777,27.2745020022695,27.3652109487011,27.2997068377419,27.2997068377419,27.3702480251596,27.5765594326333,27.4960960902657,27.3500982617396,27.355136067025,27.3601736293342,27.2593761790295,27.3500982617396,27.3702480251596,27.4960960902657,27.4709385956355,27.5111876824057,27.5212475341273,27.5313064183988,27.6921172126096,27.5463929314253,27.6469141389248,27.4256398439229,27.4004653847288,27.4004653847288,27.355136067025,27.3954297650103,27.3903939025862,27.5866130007331,27.5212475341273,27.6418903705064,27.6469141389248,27.5413643354891,27.5262770971775,27.4206054372245,27.3903939025862,27.3903939025862,27.5011268629649,27.385357797423,27.4407416091366,27.5212475341273,27.4155707879898,27.4407416091366,27.3198663256309,27.4055007617757,27.1988509509866,27.2795434562661,27.4206054372245,27.4155707879898,27.5162177292145,27.4055007617757,27.3601736293342,27.3198663256309,27.4055007617757,27.2139855500982,27.1988509509866,27.2694603047538,27.2644183636851,27.1988509509866,27.3349833876879,27.3047470746531,27.2593761790295,27.4206054372245,27.340021922105,27.385357797423,27.3500982617396,27.3148268185636,27.3954297650103,27.5011268629649,27.7473389366228,27.962927032733,27.5212475341273,27.4960960902657,27.3903939025862,27.4256398439229,27.3803214494867,27.5715322863604,27.4357079298451,27.3601736293342,27.4558411927372,27.4256398439229,27.3198663256309,27.2644183636851,27.3249055894848,27.2896256338382,27.2946663574817,27.3652109487011,27.4004653847288,27.3249055894848,27.2946663574817,27.2946663574817,27.3047470746531,27.3652109487011,27.6067172400882,27.5916394226271,27.4457750460266,27.7423199823454,27.7122012073196,27.5815863374129,27.6971385722891,27.6569609527223,27.4860338187415,27.475970578825,27.475970578825,27.4860338187415,27.5162177292145,27.4105358961847,27.4105358961847,27.3601736293342,27.4659063702468,27.4407416091366,27.4004653847288,27.4810023198492,27.4508082405489,27.4810023198492,27.4910650755359,27.4960960902657,27.5363354978248,27.4105358961847,27.3450602134443,27.5162177292145,27.5313064183988,27.4910650755359,27.6067172400882,27.5313064183988,27.5966656031286,27.5262770971775,27.4155707879898,27.385357797423,27.5111876824057,27.5262770971775,27.4407416091366,27.4558411927372,27.4910650755359,27.4508082405489,27.4105358961847,27.4155707879898,27.5162177292145,27.6720293663216,27.5866130007331,27.6619839981682,27.385357797423,27.4709385956355,27.4709385956355,27.5162177292145,27.4306740081185,27.4206054372245,27.4659063702468,27.4960960902657,27.4407416091366,27.4206054372245,27.5463929314253,27.5463929314253,27.5614772692013,27.5363354978248,27.5313064183988,27.5162177292145,27.3702480251596,27.4709385956355,27.5916394226271,27.4910650755359,27.4910650755359,27.4659063702468,27.5916394226271,27.3249055894848,27.3249055894848,27.5262770971775,27.2392050038562,27.2492910788209,27.340021922105,27.2442481632001,27.234161600755,27.4256398439229,27.1837141556074,27.2392050038562,27.2240740631453,27.2089409277006,27.1837141556074,27.1887599981537,27.1180959740562,27.1635283437601,27.1736217380844,27.0776950150114,27.2038960613414,27.2038960613414,27.2240740631453,27.1685751630395,27.1685751630395,27.1332422972466,27.1382905826503,27.1382905826503,27.1079972024379,27.0322252041533,27.1534339723613,27.1887599981537,27.1584812802121,27.1231449929837,27.1130467105523,27.1887599981537,27.1685751630395,27.0019009662915,27.04738401297,26.9917909244467,27.1382905826503
27.5665048985609,27.6870956122065,27.7322813525865,27.5815863374129,27.6770516890958,27.8276095391327,27.9479003691149,27.6619839981682,27.4105358961847,27.2795434562661,27.385357797423,27.340021922105,27.4105358961847,27.4055007617757,27.3299446101592,27.2946663574817,27.2694603047538,27.2946663574817,27.2845846667777,27.234161600755,27.4608739026253,27.5363354978248,27.3148268185636,27.4407416091366,27.4155707879898,27.2896256338382,27.4357079298451,27.3500982617396,27.3601736293342,27.5363354978248,27.6870956122065,27.5313064183988,27.5614772692013,27.5564493982478,27.5665048985609,27.4155707879898,27.4357079298451,27.5916394226271,27.4457750460266,27.5614772692013,27.5313064183988,27.5564493982478,27.6921172126096,27.5111876824057,27.5665048985609,27.6268176187712,27.5363354978248,27.4155707879898,27.5262770971775,27.6268176187712,27.6619839981682,27.6469141389248,27.6167679118797,27.5111876824057,27.6067172400882,27.7122012073196,27.5765594326333,27.651937666319,27.4608739026253,27.3752848587436,27.4105358961847,27.1988509509866,27.4055007617757,27.651937666319,27.5363354978248,27.5715322863604,27.5765594326333,27.5614772692013,27.551421285667,27.3954297650103,27.4608739026253,27.2795434562661,27.4155707879898,27.3803214494867,27.4306740081185,27.4105358961847,27.4004653847288,27.3702480251596,27.2896256338382,27.4659063702468,27.3702480251596,27.3601736293342,27.340021922105,27.3652109487011,27.5765594326333,27.5665048985609,27.4256398439229,27.3299446101592,27.4810023198492,27.340021922105,27.3349833876879,27.2190299285684,27.2593761790295,27.2795434562661,27.2946663574817,27.355136067025,27.3198663256309,27.3903939025862,27.2392050038562,27.3652109487011,27.5715322863604,27.4910650755359,27.4508082405489,27.4860338187415,27.5111876824057,27.7674123504958,27.9879666938923,27.6217928859212,27.5111876824057,27.4508082405489,27.4709385956355,27.475970578825,27.5966656031286,27.5413643354891,27.551421285667,27.3702480251596,27.4004653847288,27.2997068377419,27.3803214494867,27.1584812802121,27.3198663256309,27.3652109487011,27.3702480251596,27.340021922105,27.4155707879898,27.4004653847288,27.4558411927372,27.4155707879898,27.5866130007331,27.7071805696107,27.6921172126096,27.6368663610303,27.7071805696107,27.8526815051994,27.7674123504958,27.6117426966131,27.5665048985609,27.6820737710463,27.4910650755359,27.6569609527223,27.475970578825,27.340021922105,27.4306740081185,27.4659063702468,27.3954297650103,27.4659063702468,27.4055007617757,27.4608739026253,27.2745020022695,27.3702480251596,27.4810023198492,27.3752848587436,27.4860338187415,27.4910650755359,27.355136067025,27.475970578825,27.4810023198492,27.4659063702468,27.5162177292145,27.5262770971775,27.5916394226271,27.5413643354891,27.5564493982478,27.5313064183988,27.4608739026253,27.5313064183988,27.5363354978248,27.5413643354891,27.3903939025862,27.475970578825,27.4357079298451,27.4508082405489,27.4709385956355,27.5966656031286,27.7272616770383,27.6921172126096,27.6670068026902,27.506157393667,27.4558411927372,27.5111876824057,27.5212475341273,27.651937666319,27.6921172126096,27.6117426966131,27.7071805696107,27.7322813525865,27.6870956122065,27.7172216044382,27.5665048985609,27.551421285667,27.5413643354891,27.5413643354891,27.4860338187415,27.5212475341273,27.4810023198492,27.3601736293342,27.4306740081185,27.4659063702468,27.6016915422711,27.5262770971775,27.6067172400882,27.5212475341273,27.5162177292145,27.506157393667,27.3500982617396,27.4608739026253,27.3198663256309,27.4256398439229,27.4206054372245,27.2392050038562,27.3752848587436,27.193805596602,27.2543337507527,27.1635283437601,27.1534339723613,27.1079972024379,27.1736217380844,27.2291179538628,27.234161600755,27.2492910788209,27.1988509509866,27.1635283437601,27.1837141556074,27.2139855500982,27.2089409277006,27.2089409277006,27.1332422972466,27.1887599981537,27.2139855500982,27.2694603047538,27.2543337507527,27.2644183636851,27.1534339723613,27.193805596602,27.2492910788209,27.1029474496787,27.1685751630395,27.1483864201735,27.1382905826503,27.052436459084
27.4508082405489,27.5665048985609,27.5715322863604,27.6117426966131,27.6268176187712,27.8075476496238,27.8225944265762,27.4206054372245,27.2694603047538,27.2089409277006,27.340021922105,27.4004653847288,27.385357797423,27.3954297650103,27.2593761790295,27.178668068929,27.2946663574817,27.2492910788209,27.2946663574817,27.309787068249,27.4457750460266,27.4407416091366,27.3954297650103,27.3500982617396,27.2644183636851,27.2190299285684,27.2997068377419,27.1887599981537,27.3752848587436,27.3601736293342,27.4608739026253,27.4306740081185,27.4659063702468,27.4659063702468,27.4457750460266,27.2997068377419,27.4256398439229,27.4457750460266,27.3702480251596,27.4155707879898,27.3299446101592,27.340021922105,27.4457750460266,27.4608739026253,27.3803214494867,27.5866130007331,27.5313064183988,27.4357079298451,27.4306740081185,27.7272616770383,27.6167679118797,27.6418903705064,27.5916394226271,27.7373007876777,27.7222417610001,27.7071805696107,27.7322813525865,27.7021596912783,27.6016915422711,27.4508082405489,27.4004653847288,27.5011268629649,27.6067172400882,27.7674123504958,27.6368663610303,27.5614772692013,27.5564493982478,27.4306740081185,27.3652109487011,27.4306740081185,27.3450602134443,27.3652109487011,27.2845846667777,27.3198663256309,27.3954297650103,27.3702480251596,27.3500982617396,27.4155707879898,27.3954297650103,27.3702480251596,27.385357797423,27.355136067025,27.3450602134443,27.3249055894848,27.4457750460266,27.4206054372245,27.3752848587436,27.4709385956355,27.3601736293342,27.385357797423,27.2745020022695,27.2291179538628,27.3249055894848,27.309787068249,27.2543337507527,27.2190299285684,27.2946663574817,27.3047470746531,27.309787068249,27.4206054372245,27.5564493982478,27.4357079298451,27.3148268185636,27.309787068249,27.4206054372245,27.5111876824057,27.9479003691149,27.7674123504958,27.7975152652541,27.475970578825,27.3601736293342,27.3500982617396,27.4457750460266,27.5463929314253,27.5162177292145,27.4055007617757,27.3249055894848,27.3652109487011,27.4810023198492,27.3702480251596,27.309787068249,27.2492910788209,27.3601736293342,27.2543337507527,27.3903939025862,27.4357079298451,27.4357079298451,27.3702480251596,27.475970578825,27.6067172400882,27.6770516890958,27.7172216044382,27.6770516890958,27.7172216044382,27.4810023198492,27.6820737710463,27.6720293663216,27.475970578825,27.506157393667,27.5463929314253,27.4659063702468,27.4960960902657,27.4407416091366,27.4960960902657,27.4860338187415,27.4004653847288,27.3299446101592,27.3903939025862,27.4155707879898,27.551421285667,27.4709385956355,27.4055007617757,27.4659063702468,27.4206054372245,27.4910650755359,27.5212475341273,27.5111876824057,27.6720293663216,27.6720293663216,27.5815863374129,27.551421285667,27.475970578825,27.5363354978248,27.4709385956355,27.5413643354891,27.4004653847288,27.5463929314253,27.5413643354891,27.5262770971775,27.4306740081185,27.4256398439229,27.5313064183988,27.5363354978248,27.5916394226271,27.6770516890958,27.6619839981682,27.6067172400882,27.5162177292145,27.506157393667,27.5111876824057,27.4910650755359,27.506157393667,27.4960960902657,27.4608739026253,27.5212475341273,27.4960960902657,27.6820737710463,27.6870956122065,27.5614772692013,27.385357797423,27.4357079298451,27.2543337507527,27.5363354978248,27.5564493982478,27.4659063702468,27.4709385956355,27.4608739026253,27.3752848587436,27.3954297650103,27.4105358961847,27.4206054372245,27.385357797423,27.3601736293342,27.5111876824057,27.3450602134443,27.3450602134443,27.4357079298451,27.3349833876879,27.4860338187415,27.4155707879898,27.5665048985609,27.3954297650103,27.3903939025862,27.2845846667777,27.3249055894848,27.2745020022695,27.1332422972466,27.1382905826503,27.052436459084,27.0625406162806,27.1988509509866,27.1584812802121,27.1837141556074,27.1887599981537,27.052436459084,27.0776950150114,27.1332422972466,27.1988509509866,27.2392050038562,27.3752848587436,27.1736217380844,27.3249055894848,27.3148268185636,27.2492910788209,27.0978974522403,27.1231449929837,27.1180959740562,27.1382905826503,27.04738401297,26.9361681383575
27.6469141389248,27.5815863374129,27.7021596912783,27.8476675914376,27.9378813982687,27.7924987130493,27.6368663610303,27.5162177292145,27.3954297650103,27.4558411927372,27.3450602134443,27.385357797423,27.2644183636851,27.3652109487011,27.3148268185636,27.3903939025862,27.3148268185636,27.2997068377419,27.2543337507527,27.3198663256309,27.340021922105,27.3601736293342,27.506157393667,27.4055007617757,27.3349833876879,27.309787068249,27.3148268185636,27.3299446101592,27.4155707879898,27.3500982617396,27.3500982617396,27.4508082405489,27.3198663256309,27.3601736293342,27.4558411927372,27.2997068377419,27.2745020022695,27.355136067025,27.309787068249,27.309787068249,27.3148268185636,27.2946663574817,27.3450602134443,27.4206054372245,27.4256398439229,27.5212475341273,27.631842110463,27.5413643354891,27.4306740081185,27.6016915422711,27.6469141389248,27.4709385956355,27.7272616770383,27.8025315774346,27.777447615956,27.812563481855,27.7071805696107,27.6971385722891,27.6770516890958,27.5966656031286,27.5866130007331,27.5011268629649,27.5916394226271,27.6268176187712,27.6016915422711,27.5564493982478,27.4960960902657,27.4960960902657,27.4659063702468,27.3702480251596,27.340021922105,27.3198663256309,27.4608739026253,27.4709385956355,27.4004653847288,27.3803214494867,27.3601736293342,27.4105358961847,27.4206054372245,27.4860338187415,27.340021922105,27.234161600755,27.3903939025862,27.3047470746531,27.475970578825,27.4860338187415,27.4709385956355,27.4608739026253,27.4608739026253,27.4457750460266,27.385357797423,27.2896256338382,27.2038960613414,27.1988509509866,27.2896256338382,27.2997068377419,27.2442481632001,27.309787068249,27.309787068249,27.4407416091366,27.5162177292145,27.5111876824057,27.4457750460266,27.506157393667,27.4709385956355,27.4155707879898,27.8576951793018,27.7623943574465,27.6117426966131,27.4910650755359,27.4357079298451,27.4457750460266,27.5262770971775,27.5111876824057,27.4357079298451,27.4558411927372,27.385357797423,27.4608739026253,27.5111876824057,27.3903939025862,27.2795434562661,27.3500982617396,27.3652109487011,27.3702480251596,27.3954297650103,27.3450602134443,27.340021922105,27.355136067025,27.5212475341273,27.6418903705064,27.6117426966131,27.6720293663216,27.812563481855,27.7021596912783,27.6770516890958,27.5765594326333,27.5413643354891,27.5413643354891,27.4860338187415,27.551421285667,27.4608739026253,27.5111876824057,27.4558411927372,27.5665048985609,27.551421285667,27.355136067025,27.4357079298451,27.3450602134443,27.3299446101592,27.4004653847288,27.3249055894848,27.3702480251596,27.4457750460266,27.4810023198492,27.4608739026253,27.4810023198492,27.4910650755359,27.5011268629649,27.5111876824057,27.5262770971775,27.5413643354891,27.6067172400882,27.4860338187415,27.4960960902657,27.4558411927372,27.4659063702468,27.5162177292145,27.5262770971775,27.5313064183988,27.4709385956355,27.551421285667,27.6217928859212,27.6870956122065,27.5815863374129,27.6770516890958,27.7523576505433,27.7322813525865,27.6720293663216,27.6619839981682,27.7122012073196,27.6770516890958,27.5111876824057,27.4508082405489,27.340021922105,27.3500982617396,27.4055007617757,27.4055007617757,27.5413643354891,27.6619839981682,27.6619839981682,27.5463929314253,27.551421285667,27.5715322863604,27.3752848587436,27.4960960902657,27.506157393667,27.4306740081185,27.4256398439229,27.3652109487011,27.4256398439229,27.385357797423,27.3803214494867,27.3198663256309,27.3702480251596,27.3903939025862,27.2392050038562,27.3601736293342,27.3148268185636,27.2492910788209,27.2795434562661,27.385357797423,27.3903939025862,27.4810023198492,27.4357079298451,27.6016915422711,27.2896256338382,27.2795434562661,27.2795434562661,27.2745020022695,27.1837141556074,27.2089409277006,27.2190299285684,27.2593761790295,27.309787068249,27.2139855500982,27.2896256338382,27.309787068249,27.1483864201735,27.2291179538628,27.2896256338382,27.3702480251596,27.340021922105,27.2694603047538,27.2392050038562,27.3349833876879,27.1433386236146,27.2240740631453,27.1332422972466,27.1029474496787,27.052436459084
27.4055007617757,27.4256398439229,27.5966656031286,27.9378813982687,27.8576951793018,27.6418903705064,27.3198663256309,27.3803214494867,27.3148268185636,27.3450602134443,27.234161600755,27.4508082405489,27.385357797423,27.340021922105,27.3047470746531,27.3047470746531,27.234161600755,27.2543337507527,27.3198663256309,27.2240740631453,27.385357797423,27.5313064183988,27.4709385956355,27.234161600755,27.3349833876879,27.2240740631453,27.2240740631453,27.3198663256309,27.309787068249,27.3249055894848,27.340021922105,27.3652109487011,27.4055007617757,27.3047470746531,27.2089409277006,27.309787068249,27.3047470746531,27.3148268185636,27.2896256338382,27.2038960613414,27.3349833876879,27.4306740081185,27.4457750460266,27.4558411927372,27.5614772692013,27.6268176187712,27.7222417610001,27.5313064183988,27.6117426966131,27.5564493982478,27.6820737710463,27.8777474797793,27.9579183838364,27.7222417610001,27.5916394226271,27.5966656031286,27.7272616770383,27.8025315774346,27.7122012073196,27.651937666319,27.4860338187415,27.4357079298451,27.5916394226271,27.6268176187712,27.5966656031286,27.6619839981682,27.5363354978248,27.5011268629649,27.5011268629649,27.506157393667,27.475970578825,27.475970578825,27.4457750460266,27.4105358961847,27.4256398439229,27.6469141389248,27.6418903705064,27.5564493982478,27.6067172400882,27.4155707879898,27.4810023198492,27.3500982617396,27.3249055894848,27.2997068377419,27.4910650755359,27.6619839981682,27.5011268629649,27.3148268185636,27.3500982617396,27.631842110463,27.4105358961847,27.3299446101592,27.2997068377419,27.2946663574817,27.2896256338382,27.4004653847288,27.3652109487011,27.4004653847288,27.3500982617396,27.4155707879898,27.355136067025,27.4306740081185,27.5111876824057,27.5765594326333,27.5212475341273,27.6469141389248,27.8276095391327,27.6418903705064,27.7724301033211,27.7122012073196,27.5765594326333,27.4709385956355,27.5665048985609,27.5011268629649,27.506157393667,27.3047470746531,27.5413643354891,27.3803214494867,27.3299446101592,27.3500982617396,27.2745020022695,27.2845846667777,27.3249055894848,27.3349833876879,27.3299446101592,27.309787068249,27.3954297650103,27.3702480251596,27.6067172400882,27.6469141389248,27.6469141389248,27.8576951793018,27.6569609527223,27.6619839981682,27.6016915422711,27.6720293663216,27.5715322863604,27.6870956122065,27.5363354978248,27.7021596912783,27.5262770971775,27.4558411927372,27.4256398439229,27.5715322863604,27.4910650755359,27.5413643354891,27.5363354978248,27.4810023198492,27.340021922105,27.4407416091366,27.3954297650103,27.4457750460266,27.3148268185636,27.3299446101592,27.4055007617757,27.3954297650103,27.5162177292145,27.4960960902657,27.5916394226271,27.551421285667,27.6670068026902,27.6619839981682,27.3803214494867,27.4659063702468,27.4860338187415,27.4709385956355,27.506157393667,27.4910650755359,27.551421285667,27.4457750460266,27.5815863374129,27.8576951793018,27.8225944265762,27.6820737710463,27.5866130007331,27.5966656031286,27.6217928859212,27.6619839981682,27.6770516890958,27.5111876824057,27.6619839981682,27.7122012073196,27.4960960902657,27.4659063702468,27.340021922105,27.4910650755359,27.5363354978248,27.4960960902657,27.5815863374129,27.5715322863604,27.6569609527223,27.5111876824057,27.4457750460266,27.4558411927372,27.4407416091366,27.6619839981682,27.4709385956355,27.3803214494867,27.355136067025,27.4105358961847,27.4105358961847,27.3954297650103,27.3752848587436,27.2694603047538,27.2593761790295,27.2492910788209,27.2593761790295,27.2896256338382,27.2291179538628,27.3047470746531,27.1685751630395,27.2845846667777,27.0877967231895,27.1685751630395,27.1887599981537,27.3903939025862,27.551421285667,27.309787068249,27.3349833876879,27.2543337507527,27.2845846667777,27.234161600755,27.2392050038562,27.340021922105,27.1231449929837,27.2139855500982,27.3500982617396,27.1988509509866,27.178668068929,27.4105358961847,27.2543337507527,27.3047470746531,27.1685751630395,27.2946663574817,27.2291179538628,27.1584812802121,27.0827459915085,27.052436459084,27.1483864201735,27.0726437936639
27.3702480251596,27.6870956122065,27.6870956122065,27.9378813982687,27.8627086137778,27.4860338187415,27.4407416091366,27.2442481632001,27.1382905826503,27.3198663256309,27.2543337507527,27.2845846667777,27.4910650755359,27.4105358961847,27.3349833876879,27.4155707879898,27.2896256338382,27.2795434562661,27.3349833876879,27.3601736293342,27.3500982617396,27.4407416091366,27.4508082405489,27.3450602134443,27.3349833876879,27.2392050038562,27.234161600755,27.1988509509866,27.3047470746531,27.4155707879898,27.2946663574817,27.3652109487011,27.3500982617396,27.2190299285684,27.2946663574817,27.2392050038562,27.3349833876879,27.3249055894848,27.3249055894848,27.4004653847288,27.3198663256309,27.6016915422711,27.9479003691149,27.9328715542163,27.9228511486881,28.0680535169536,28.3528680933838,27.9128297863749,27.6971385722891,27.7122012073196,27.7924987130493,27.9128297863749,27.777447615956,27.5916394226271,27.5815863374129,27.6971385722891,27.6770516890958,27.6670068026902,27.4357079298451,27.4055007617757,27.5011268629649,27.6016915422711,27.6016915422711,27.475970578825,27.5916394226271,27.4960960902657,27.3652109487011,27.3954297650103,27.4004653847288,27.2845846667777,27.3349833876879,27.2593761790295,27.5162177292145,27.5162177292145,27.4306740081185,27.6418903705064,27.4960960902657,27.6016915422711,27.5162177292145,27.5162177292145,27.3954297650103,27.2896256338382,27.3299446101592,27.4155707879898,27.309787068249,27.3903939025862,27.475970578825,27.4960960902657,27.5111876824057,27.6016915422711,27.3803214494867,27.193805596602,27.2896256338382,27.2795434562661,27.2644183636851,27.2946663574817,27.2644183636851,27.2997068377419,27.3047470746531,27.4105358961847,27.506157393667,27.3249055894848,27.5262770971775,27.6720293663216,27.5262770971775,27.7071805696107,27.8627086137778,27.6016915422711,27.6016915422711,27.7071805696107,27.5765594326333,27.5162177292145,27.6619839981682,27.4407416091366,27.5313064183988,27.4206054372245,27.4105358961847,27.4105358961847,27.5111876824057,27.2997068377419,27.3803214494867,27.3500982617396,27.385357797423,27.4055007617757,27.3803214494867,27.2694603047538,27.3047470746531,27.5363354978248,27.506157393667,27.6268176187712,27.651937666319,27.8276095391327,27.8225944265762,27.651937666319,27.5463929314253,27.5413643354891,27.4860338187415,27.5614772692013,27.551421285667,27.551421285667,27.5262770971775,27.4659063702468,27.5363354978248,27.4659063702468,27.5665048985609,27.6217928859212,27.4357079298451,27.4508082405489,27.4558411927372,27.4105358961847,27.4357079298451,27.4357079298451,27.4508082405489,27.3652109487011,27.3249055894848,27.3702480251596,27.4960960902657,27.3652109487011,27.6770516890958,27.6770516890958,27.8426534379831,27.6016915422711,27.5966656031286,27.5966656031286,27.5413643354891,27.5966656031286,27.5463929314253,27.4709385956355,27.5665048985609,27.6870956122065,27.7824648884334,27.9428910032239,27.812563481855,27.8276095391327,27.7373007876777,27.8225944265762,27.7874819207868,27.651937666319,27.7975152652541,27.6670068026902,27.5363354978248,27.4659063702468,27.6418903705064,27.5916394226271,27.475970578825,27.5765594326333,27.5162177292145,27.4306740081185,27.4508082405489,27.4055007617757,27.4155707879898,27.4357079298451,27.4860338187415,27.3500982617396,27.6268176187712,27.4558411927372,27.5765594326333,27.4256398439229,27.340021922105,27.2492910788209,27.4155707879898,27.2845846667777,27.3148268185636,27.3249055894848,27.1433386236146,27.234161600755,27.2291179538628,27.2089409277006,27.2492910788209,27.2442481632001,27.2392050038562,27.2038960613414,27.1685751630395,27.1635283437601,27.0877967231895,27.1685751630395,27.2190299285684,27.355136067025,27.4508082405489,27.4206054372245,27.3450602134443,27.2392050038562,27.2795434562661,27.1988509509866,27.1837141556074,27.2240740631453,27.1130467105523,27.193805596602,27.2543337507527,27.3450602134443,27.2896256338382,27.1736217380844,27.2644183636851,27.2745020022695,27.1837141556074,27.1837141556074,27.0827459915085,27.1483864201735,27.0625406162806,27.052436459084
27.6770516890958,27.9278614710339,27.8677218086608,27.9979808867536,27.8326244118639,27.5916394226271,27.3299446101592,27.2543337507527,27.2442481632001,27.3803214494867,27.4659063702468,27.4659063702468,27.6117426966131,27.4256398439229,27.3601736293342,27.2543337507527,27.2896256338382,27.3299446101592,27.4709385956355,27.3198663256309,27.3702480251596,27.355136067025,27.340021922105,27.340021922105,27.2291179538628,27.2795434562661,27.2845846667777,27.309787068249,27.2997068377419,27.3198663256309,27.3299446101592,27.3249055894848,27.2442481632001,27.1281937673691,27.2896256338382,27.2946663574817,27.2745020022695,27.2291179538628,27.2190299285684,27.355136067025,27.7322813525865,27.6921172126096,27.6921172126096,27.6870956122065,27.7623943574465,27.7573761241401,27.7373007876777,27.7172216044382,27.6016915422711,27.7874819207868,27.7874819207868,27.7172216044382,27.8025315774346,27.7924987130493,27.7623943574465,27.9378813982687,27.4256398439229,27.3702480251596,27.3702480251596,27.3903939025862,27.4105358961847,27.6469141389248,27.5916394226271,27.5564493982478,27.5866130007331,27.4810023198492,27.3903939025862,27.4659063702468,27.2997068377419,27.3450602134443,27.4407416091366,27.3148268185636,27.3903939025862,27.4860338187415,27.4457750460266,27.4306740081185,27.4155707879898,27.4256398439229,27.4155707879898,27.4910650755359,27.6117426966131,27.5262770971775,27.5212475341273,27.3652109487011,27.2745020022695,27.3198663256309,27.309787068249,27.4004653847288,27.5313064183988,27.4910650755359,27.5715322863604,27.3601736293342,27.3450602134443,27.340021922105,27.3299446101592,27.3803214494867,27.2795434562661,27.2694603047538,27.3249055894848,27.2795434562661,27.4960960902657,27.2896256338382,27.506157393667,27.475970578825,27.4910650755359,27.651937666319,27.812563481855,27.6167679118797,27.5966656031286,27.5916394226271,27.6067172400882,27.5614772692013,27.631842110463,27.5614772692013,27.4206054372245,27.3047470746531,27.5313064183988,27.4256398439229,27.2644183636851,27.3652109487011,27.3148268185636,27.2896256338382,27.309787068249,27.340021922105,27.3148268185636,27.309787068249,27.309787068249,27.4960960902657,27.5815863374129,27.5363354978248,27.7021596912783,27.7423199823454,27.7824648884334,27.6670068026902,27.5162177292145,27.6670068026902,27.5966656031286,27.5463929314253,27.6720293663216,27.5564493982478,27.4357079298451,27.5011268629649,27.6117426966131,27.5614772692013,27.475970578825,27.5212475341273,27.4508082405489,27.4508082405489,27.4357079298451,27.4407416091366,27.3047470746531,27.4407416091366,27.3803214494867,27.3349833876879,27.3803214494867,27.340021922105,27.4256398439229,27.2795434562661,27.4055007617757,27.5011268629649,27.5966656031286,27.7122012073196,27.5212475341273,27.5463929314253,27.6016915422711,27.5413643354891,27.5564493982478,27.506157393667,27.651937666319,27.551421285667,27.7021596912783,27.7222417610001,27.8426534379831,27.8175790741614,27.8175790741614,27.7724301033211,27.8426534379831,27.6820737710463,27.5413643354891,27.4256398439229,27.4306740081185,27.3450602134443,27.7272616770383,27.6016915422711,27.7322813525865,27.5162177292145,27.4608739026253,27.4357079298451,27.4860338187415,27.4105358961847,27.4155707879898,27.4206054372245,27.2492910788209,27.385357797423,27.4558411927372,27.4055007617757,27.385357797423,27.3349833876879,27.4105358961847,27.355136067025,27.1382905826503,27.2694603047538,27.2694603047538,27.2745020022695,27.2644183636851,27.1635283437601,27.2644183636851,27.3500982617396,27.3702480251596,27.3299446101592,27.1736217380844,27.2442481632001,27.178668068929,27.1332422972466,27.2240740631453,27.1130467105523,27.1382905826503,27.0928472100887,27.2694603047538,27.2745020022695,27.4457750460266,27.340021922105,27.3450602134443,27.3299446101592,27.1988509509866,27.2492910788209,27.1837141556074,27.2694603047538,27.2392050038562,27.2190299285684,27.2492910788209,27.234161600755,27.2593761790295,27.3249055894848,27.1988509509866,27.1332422972466,27.0928472100887,27.1029474496787,27.1483864201735,27.1483864201735
27.9178405871461,27.8526815051994,27.7924987130493,27.6268176187712,27.5665048985609,27.2492910788209,27.2492910788209,27.309787068249,27.0877967231895,27.1483864201735,27.3148268185636,27.3148268185636,27.2997068377419,27.3349833876879,27.3349833876879,27.3299446101592,27.3249055894848,27.2745020022695,27.1635283437601,27.3148268185636,27.3803214494867,27.3954297650103,27.3450602134443,27.2845846667777,27.1685751630395,27.178668068929,27.2896256338382,27.2795434562661,27.2745020022695,27.2593761790295,27.4155707879898,27.2089409277006,27.2694603047538,27.2240740631453,27.3652109487011,27.2593761790295,27.2392050038562,27.2442481632001,27.3198663256309,27.5413643354891,27.4457750460266,27.3299446101592,27.4860338187415,27.4508082405489,27.5815863374129,27.5614772692013,27.5564493982478,27.7473389366228,27.7724301033211,27.7373007876777,27.5212475341273,27.5463929314253,27.7272616770383,27.8225944265762,27.5463929314253,27.6268176187712,27.4357079298451,27.4910650755359,27.3954297650103,27.4910650755359,27.5011268629649,27.5162177292145,27.4910650755359,27.4155707879898,27.5413643354891,27.3954297650103,27.4105358961847,27.340021922105,27.340021922105,27.3702480251596,27.2694603047538,27.2291179538628,27.2694603047538,27.4206054372245,27.3299446101592,27.4457750460266,27.3198663256309,27.3249055894848,27.385357797423,27.4860338187415,27.5212475341273,27.4508082405489,27.506157393667,27.4407416091366,27.355136067025,27.3047470746531,27.3903939025862,27.3500982617396,27.4558411927372,27.385357797423,27.6368663610303,27.4256398439229,27.4306740081185,27.4256398439229,27.3299446101592,27.2442481632001,27.3148268185636,27.2190299285684,27.2694603047538,27.4659063702468,27.4810023198492,27.3652109487011,27.5162177292145,27.4407416091366,27.4357079298451,27.6569609527223,27.9328715542163,27.6418903705064,27.6117426966131,27.5011268629649,27.5665048985609,27.4659063702468,27.631842110463,27.5262770971775,27.5715322863604,27.4206054372245,27.4206054372245,27.4256398439229,27.4004653847288,27.3903939025862,27.4306740081185,27.2745020022695,27.3752848587436,27.3652109487011,27.3249055894848,27.3702480251596,27.3500982617396,27.5916394226271,27.631842110463,27.7172216044382,27.8576951793018,27.6770516890958,27.8225944265762,27.6067172400882,27.5463929314253,27.7573761241401,27.6117426966131,27.4810023198492,27.6469141389248,27.5162177292145,27.4608739026253,27.506157393667,27.6117426966131,27.5614772692013,27.340021922105,27.4608739026253,27.4558411927372,27.5564493982478,27.4407416091366,27.5665048985609,27.4306740081185,27.4407416091366,27.5162177292145,27.4960960902657,27.3349833876879,27.3652109487011,27.475970578825,27.4004653847288,27.385357797423,27.475970578825,27.2795434562661,27.4508082405489,27.4659063702468,27.4659063702468,27.5463929314253,27.6067172400882,27.5162177292145,27.4357079298451,27.4910650755359,27.4508082405489,27.5212475341273,27.7724301033211,27.7423199823454,27.7975152652541,27.8225944265762,27.7724301033211,27.7975152652541,27.5262770971775,27.4306740081185,27.4055007617757,27.4105358961847,27.5011268629649,27.5313064183988,27.7423199823454,27.8025315774346,27.7423199823454,27.631842110463,27.5916394226271,27.5765594326333,27.5916394226271,27.4206054372245,27.4457750460266,27.3903939025862,27.4155707879898,27.4306740081185,27.4256398439229,27.4055007617757,27.385357797423,27.3299446101592,27.3198663256309,27.1130467105523,27.1231449929837,27.3299446101592,27.309787068249,27.2745020022695,27.4004653847288,27.4860338187415,27.3954297650103,27.2190299285684,27.475970578825,27.2089409277006,27.3349833876879,27.1837141556074,27.2291179538628,27.0120100266741,27.2745020022695,27.0776950150114,27.1988509509866,27.2694603047538,27.2593761790295,27.1988509509866,27.3349833876879,27.2694603047538,27.2543337507527,27.1685751630395,27.2896256338382,27.193805596602,27.2492910788209,27.2492910788209,27.2946663574817,27.2644183636851,27.3249055894848,27.1534339723613,27.2442481632001,27.1736217380844,27.1433386236146,27.0776950150114,27.1584812802121,27.1180959740562,27.0625406162806
28.3179323529188,28.0029876251156,27.7272616770383,27.5162177292145,27.3450602134443,27.3299446101592,27.234161600755,27.2190299285684,27.1180959740562,27.1988509509866,27.1483864201735,27.1584812802121,27.1029474496787,27.2442481632001,27.2089409277006,27.3299446101592,27.2795434562661,27.2694603047538,27.4155707879898,27.4910650755359,27.4860338187415,27.2240740631453,27.2139855500982,27.2139855500982,27.1988509509866,27.2896256338382,27.2694603047538,27.355136067025,27.3652109487011,27.4357079298451,27.506157393667,27.4206054372245,27.4206054372245,27.3198663256309,27.3601736293342,27.2038960613414,27.2291179538628,27.3249055894848,27.4155707879898,27.5413643354891,27.4558411927372,27.3299446101592,27.4055007617757,27.651937666319,27.6921172126096,27.5815863374129,27.7523576505433,27.8827599560813,27.6921172126096,27.5162177292145,27.5262770971775,27.7724301033211,27.837639044803,27.7071805696107,27.5313064183988,27.4357079298451,27.4457750460266,27.6167679118797,27.5162177292145,27.4659063702468,27.3450602134443,27.4558411927372,27.5665048985609,27.551421285667,27.5765594326333,27.3752848587436,27.309787068249,27.3299446101592,27.340021922105,27.2997068377419,27.3500982617396,27.3450602134443,27.3652109487011,27.4105358961847,27.3803214494867,27.3198663256309,27.4155707879898,27.4004653847288,27.3047470746531,27.2896256338382,27.4105358961847,27.4810023198492,27.4960960902657,27.5262770971775,27.2442481632001,27.2392050038562,27.3198663256309,27.355136067025,27.3652109487011,27.5262770971775,27.631842110463,27.6569609527223,27.3702480251596,27.4306740081185,27.2593761790295,27.2442481632001,27.3349833876879,27.2896256338382,27.309787068249,27.3299446101592,27.475970578825,27.340021922105,27.3903939025862,27.4709385956355,27.5313064183988,27.6720293663216,27.9428910032239,27.6469141389248,27.7373007876777,27.7322813525865,27.7272616770383,27.6067172400882,27.8276095391327,27.5614772692013,27.5665048985609,27.3954297650103,27.5111876824057,27.4608739026253,27.3803214494867,27.2694603047538,27.4608739026253,27.3349833876879,27.385357797423,27.3803214494867,27.3954297650103,27.3702480251596,27.4659063702468,27.4558411927372,27.7373007876777,27.8225944265762,27.7724301033211,27.7021596912783,27.7423199823454,27.506157393667,27.6469141389248,27.5363354978248,27.6619839981682,27.5715322863604,27.6569609527223,27.4810023198492,27.4659063702468,27.4407416091366,27.6268176187712,27.5212475341273,27.5313064183988,27.475970578825,27.4508082405489,27.4558411927372,27.4407416091366,27.4659063702468,27.4055007617757,27.651937666319,27.475970578825,27.3954297650103,27.3752848587436,27.3299446101592,27.340021922105,27.3752848587436,27.4055007617757,27.4055007617757,27.4004653847288,27.5212475341273,27.4860338187415,27.4155707879898,27.4256398439229,27.4608739026253,27.5765594326333,27.4910650755359,27.4306740081185,27.4709385956355,27.506157393667,27.6670068026902,27.6820737710463,27.5162177292145,27.777447615956,27.7724301033211,27.5966656031286,27.5866130007331,27.4105358961847,27.340021922105,27.4055007617757,27.4558411927372,27.5011268629649,27.6117426966131,27.6770516890958,27.7172216044382,27.5715322863604,27.6870956122065,27.6469141389248,27.6268176187712,27.4608739026253,27.4105358961847,27.4357079298451,27.4407416091366,27.5212475341273,27.5363354978248,27.6016915422711,27.5916394226271,27.5262770971775,27.3702480251596,27.309787068249,27.3903939025862,27.4659063702468,27.4810023198492,27.475970578825,27.4608739026253,27.385357797423,27.3954297650103,27.1180959740562,27.3299446101592,27.3500982617396,27.2845846667777,27.2997068377419,27.2038960613414,27.1029474496787,27.0928472100887,27.0322252041533,27.2190299285684,27.1988509509866,27.2694603047538,27.1332422972466,27.1887599981537,27.2240740631453,27.1887599981537,27.2038960613414,27.2392050038562,27.2038960613414,27.1079972024379,27.1837141556074,27.234161600755,27.1433386236146,27.3349833876879,27.1483864201735,27.052436459084,27.1837141556074,27.0776950150114,27.1988509509866,27.052436459084,27.0625406162806,27.0827459915085
28.3179323529188,27.6971385722891,27.5715322863604,27.340021922105,27.1483864201735,27.2492910788209,27.309787068249,27.0776950150114,27.0827459915085,27.1180959740562,27.1382905826503,27.2038960613414,27.1736217380844,27.04738401297,27.2190299285684,27.3349833876879,27.2392050038562,27.3652109487011,27.2845846667777,27.4608739026253,27.3249055894848,27.3954297650103,27.3349833876879,27.1837141556074,27.2291179538628,27.3803214494867,27.3903939025862,27.2946663574817,27.2845846667777,27.2997068377419,27.3249055894848,27.3198663256309,27.3047470746531,27.2543337507527,27.355136067025,27.1988509509866,27.1685751630395,27.2190299285684,27.4155707879898,27.4306740081185,27.2644183636851,27.2997068377419,27.4055007617757,27.5564493982478,27.651937666319,27.7322813525865,27.8877721929225,27.7172216044382,27.5262770971775,27.5916394226271,27.7674123504958,27.8225944265762,27.7272616770383,27.7172216044382,27.7122012073196,27.5111876824057,27.4810023198492,27.5111876824057,27.3702480251596,27.3803214494867,27.3652109487011,27.3601736293342,27.385357797423,27.3752848587436,27.3702480251596,27.5665048985609,27.2997068377419,27.340021922105,27.2089409277006,27.2139855500982,27.3450602134443,27.3803214494867,27.3803214494867,27.3601736293342,27.3652109487011,27.3299446101592,27.4608739026253,27.3702480251596,27.2190299285684,27.3903939025862,27.3249055894848,27.4457750460266,27.5564493982478,27.5011268629649,27.4055007617757,27.385357797423,27.3702480251596,27.3954297650103,27.3652109487011,27.4508082405489,27.4910650755359,27.651937666319,27.5262770971775,27.3652109487011,27.3249055894848,27.2593761790295,27.2694603047538,27.2997068377419,27.193805596602,27.2745020022695,27.355136067025,27.2694603047538,27.2845846667777,27.3450602134443,27.2946663574817,27.8175790741614,27.7924987130493,27.7122012073196,27.8777474797793,27.8576951793018,27.7021596912783,27.6067172400882,27.475970578825,27.3299446101592,27.506157393667,27.5815863374129,27.4960960902657,27.4256398439229,27.2896256338382,27.4306740081185,27.4709385956355,27.6117426966131,27.4709385956355,27.4357079298451,27.340021922105,27.2038960613414,27.4004653847288,27.4256398439229,27.5564493982478,27.6770516890958,27.7623943574465,27.7523576505433,27.5866130007331,27.4860338187415,27.5815863374129,27.5715322863604,27.5463929314253,27.5966656031286,27.6167679118797,27.6167679118797,27.5111876824057,27.4860338187415,27.6971385722891,27.6117426966131,27.5111876824057,27.4810023198492,27.4709385956355,27.4004653847288,27.4558411927372,27.5262770971775,27.4608739026253,27.5815863374129,27.4910650755359,27.2392050038562,27.3299446101592,27.2392050038562,27.2291179538628,27.2694603047538,27.309787068249,27.3803214494867,27.2745020022695,27.2997068377419,27.3450602134443,27.385357797423,27.5564493982478,27.4508082405489,27.5011268629649,27.3047470746531,27.2139855500982,27.2190299285684,27.3047470746531,27.5111876824057,27.4860338187415,27.4709385956355,27.631842110463,27.7623943574465,27.6217928859212,27.475970578825,27.2291179538628,27.234161600755,27.193805596602,27.385357797423,27.5111876824057,27.4860338187415,27.5111876824057,27.5212475341273,27.6117426966131,27.6569609527223,27.7523576505433,27.4306740081185,27.4206054372245,27.3903939025862,27.4407416091366,27.5011268629649,27.475970578825,27.4457750460266,27.3803214494867,27.5262770971775,27.4860338187415,27.5413643354891,27.6167679118797,27.7172216044382,27.6117426966131,27.5715322863604,27.4860338187415,27.4659063702468,27.4960960902657,27.3299446101592,27.385357797423,27.2593761790295,27.3299446101592,27.2644183636851,27.2745020022695,27.2543337507527,27.2543337507527,27.0978974522403,27.0978974522403,27.1079972024379,27.1584812802121,27.0423313217998,27.2644183636851,27.1988509509866,27.1584812802121,27.1029474496787,27.1584812802121,27.2139855500982,27.0877967231895,27.1332422972466,27.1332422972466,27.2492910788209,27.2190299285684,27.2543337507527,27.2190299285684,27.052436459084,27.0978974522403,27.0675923274317,27.1029474496787,27.0726437936639,27.1736217380844,26.9361681383575
27.7674123504958,27.6971385722891,27.355136067025,27.2997068377419,27.1988509509866,27.3249055894848,27.0928472100887,27.1887599981537,27.1231449929837,27.1332422972466,27.1483864201735,27.1433386236146,27.0726437936639,27.0726437936639,27.193805596602,27.2946663574817,27.2089409277006,27.3500982617396,27.2997068377419,27.3500982617396,27.4558411927372,27.3148268185636,27.1887599981537,27.340021922105,27.4155707879898,27.4457750460266,27.5162177292145,27.385357797423,27.3803214494867,27.2997068377419,27.3148268185636,27.1887599981537,27.1736217380844,27.193805596602,27.2291179538628,27.178668068929,27.2190299285684,27.2694603047538,27.3954297650103,27.551421285667,27.4055007617757,27.2845846667777,27.3652109487011,27.5715322863604,27.6418903705064,27.551421285667,27.6619839981682,27.5765594326333,27.6971385722891,27.8576951793018,27.7272616770383,27.6067172400882,27.6016915422711,27.4709385956355,27.4709385956355,27.4659063702468,27.5162177292145,27.3601736293342,27.355136067025,27.3601736293342,27.340021922105,27.3702480251596,27.3702480251596,27.4155707879898,27.3752848587436,27.4960960902657,27.6167679118797,27.5111876824057,27.5111876824057,27.5011268629649,27.4004653847288,27.4004653847288,27.385357797423,27.3652109487011,27.3702480251596,27.4206054372245,27.385357797423,27.3601736293342,27.3702480251596,27.355136067025,27.2946663574817,27.4709385956355,27.4709385956355,27.5463929314253,27.4709385956355,27.3349833876879,27.4206054372245,27.355136067025,27.3803214494867,27.3601736293342,27.4709385956355,27.7573761241401,27.5463929314253,27.3954297650103,27.3702480251596,27.2997068377419,27.2492910788209,27.2644183636851,27.1635283437601,27.3299446101592,27.3652109487011,27.3752848587436,27.3249055894848,27.2593761790295,27.355136067025,27.6268176187712,27.8426534379831,27.9879666938923,28.1280786023483,27.7272616770383,27.651937666319,27.6268176187712,27.4659063702468,27.3803214494867,27.4709385956355,27.5614772692013,27.5162177292145,27.4608739026253,27.5262770971775,27.5564493982478,27.5162177292145,27.4206054372245,27.5212475341273,27.3450602134443,27.340021922105,27.2038960613414,27.4206054372245,27.4306740081185,27.5212475341273,27.7623943574465,27.8576951793018,27.7573761241401,27.5715322863604,27.5011268629649,27.6368663610303,27.6167679118797,27.631842110463,27.6167679118797,27.7373007876777,27.6016915422711,27.6619839981682,27.6670068026902,27.5765594326333,27.5262770971775,27.3299446101592,27.5313064183988,27.3148268185636,27.5564493982478,27.3601736293342,27.4306740081185,27.5564493982478,27.2997068377419,27.4105358961847,27.340021922105,27.2543337507527,27.3198663256309,27.2795434562661,27.2896256338382,27.2745020022695,27.2593761790295,27.2795434562661,27.3148268185636,27.3299446101592,27.4155707879898,27.5363354978248,27.4960960902657,27.4659063702468,27.4810023198492,27.4558411927372,27.3803214494867,27.3148268185636,27.3299446101592,27.340021922105,27.2139855500982,27.3601736293342,27.6167679118797,27.5866130007331,27.4306740081185,27.3601736293342,27.3349833876879,27.4256398439229,27.340021922105,27.4256398439229,27.5916394226271,27.6469141389248,27.5815863374129,27.5111876824057,27.5262770971775,27.651937666319,27.6368663610303,27.4155707879898,27.3450602134443,27.4357079298451,27.3903939025862,27.4810023198492,27.475970578825,27.4407416091366,27.309787068249,27.3450602134443,27.3500982617396,27.2190299285684,27.3349833876879,27.551421285667,27.631842110463,27.5966656031286,27.4860338187415,27.4004653847288,27.3349833876879,27.3652109487011,27.3903939025862,27.2543337507527,27.2694603047538,27.2745020022695,27.309787068249,27.2593761790295,27.2946663574817,27.234161600755,27.0978974522403,27.0726437936639,27.0271717776083,27.1837141556074,27.178668068929,27.1685751630395,27.2946663574817,27.1685751630395,27.2543337507527,27.1079972024379,27.0928472100887,27.2240740631453,27.2038960613414,27.2139855500982,27.234161600755,27.1382905826503,27.1332422972466,27.1635283437601,27.0776950150114,27.0827459915085,27.0726437936639,26.8906364649617,26.9665115241312
27.6167679118797,27.4357079298451,27.309787068249,27.1180959740562,27.1382905826503,27.1483864201735,27.1281937673691,27.1382905826503,27.1534339723613,27.1584812802121,27.0877967231895,27.1534339723613,27.0675923274317,27.1736217380844,27.3299446101592,27.2492910788209,27.2139855500982,27.3652109487011,27.2845846667777,27.2896256338382,27.3148268185636,27.3249055894848,27.3148268185636,27.340021922105,27.3752848587436,27.4055007617757,27.3803214494867,27.3903939025862,27.385357797423,27.1483864201735,27.2946663574817,27.1685751630395,27.1837141556074,27.2089409277006,27.1685751630395,27.1736217380844,27.1736217380844,27.3803214494867,27.6569609527223,27.8526815051994,27.4659063702468,27.5715322863604,27.6820737710463,27.5665048985609,27.4306740081185,27.4407416091366,27.5815863374129,27.7674123504958,27.7172216044382,27.6117426966131,27.5916394226271,27.5011268629649,27.6016915422711,27.4608739026253,27.3601736293342,27.506157393667,27.4055007617757,27.3500982617396,27.340021922105,27.3148268185636,27.3500982617396,27.340021922105,27.355136067025,27.3450602134443,27.3148268185636,27.4960960902657,27.6117426966131,27.5111876824057,27.5262770971775,27.3954297650103,27.3903939025862,27.5011268629649,27.3652109487011,27.3702480251596,27.3652109487011,27.3752848587436,27.309787068249,27.2997068377419,27.3601736293342,27.3601736293342,27.3349833876879,27.4004653847288,27.5413643354891,27.5162177292145,27.4960960902657,27.5363354978248,27.5715322863604,27.5111876824057,27.4357079298451,27.4055007617757,27.5262770971775,27.6921172126096,27.4960960902657,27.4256398439229,27.3601736293342,27.4105358961847,27.1382905826503,27.1483864201735,27.193805596602,27.3752848587436,27.3500982617396,27.3752848587436,27.2442481632001,27.3047470746531,27.3601736293342,27.6921172126096,28.1180768014564,27.9679354426974,27.7222417610001,27.5966656031286,27.4558411927372,27.4709385956355,27.506157393667,27.4608739026253,27.3803214494867,27.6569609527223,27.5966656031286,27.475970578825,27.5815863374129,27.5614772692013,27.551421285667,27.5313064183988,27.6067172400882,27.4407416091366,27.4659063702468,27.3752848587436,27.4306740081185,27.5765594326333,27.5815863374129,27.9328715542163,27.9228511486881,27.7172216044382,27.5715322863604,27.7222417610001,27.5665048985609,27.6770516890958,27.7523576505433,27.6770516890958,27.7523576505433,27.6067172400882,27.7071805696107,27.7473389366228,27.6921172126096,27.5765594326333,27.5564493982478,27.5665048985609,27.551421285667,27.5262770971775,27.5313064183988,27.6167679118797,27.5765594326333,27.5262770971775,27.4810023198492,27.4206054372245,27.3299446101592,27.3249055894848,27.4055007617757,27.3903939025862,27.2896256338382,27.3047470746531,27.309787068249,27.3299446101592,27.3349833876879,27.3652109487011,27.4055007617757,27.4960960902657,27.6971385722891,27.6569609527223,27.4155707879898,27.3903939025862,27.4608739026253,27.4860338187415,27.2291179538628,27.2291179538628,27.1988509509866,27.385357797423,27.6117426966131,27.7021596912783,27.5162177292145,27.3148268185636,27.3249055894848,27.1736217380844,27.3299446101592,27.4004653847288,27.3903939025862,27.5564493982478,27.5363354978248,27.4558411927372,27.506157393667,27.3803214494867,27.5212475341273,27.4004653847288,27.5212475341273,27.4457750460266,27.4558411927372,27.4910650755359,27.506157393667,27.3601736293342,27.340021922105,27.355136067025,27.2139855500982,27.2745020022695,27.3047470746531,27.3803214494867,27.5111876824057,27.5916394226271,27.5011268629649,27.2694603047538,27.3450602134443,27.4105358961847,27.3954297650103,27.3601736293342,27.2795434562661,27.2240740631453,27.1685751630395,27.2694603047538,27.2745020022695,27.2593761790295,27.1180959740562,27.037278385539,27.1635283437601,27.037278385539,27.1736217380844,27.1685751630395,27.0928472100887,27.1180959740562,27.1988509509866,27.1988509509866,27.2038960613414,27.2240740631453,27.2089409277006,27.3148268185636,27.1180959740562,27.057488660176,27.057488660176,27.1332422972466,27.0877967231895,27.0726437936639,26.98673553539,27.0978974522403
27.5916394226271,27.5111876824057,27.3450602134443,27.2492910788209,27.2593761790295,27.1281937673691,27.1685751630395,27.2240740631453,27.3198663256309,27.2694603047538,27.1837141556074,27.0978974522403,27.178668068929,27.3903939025862,27.2442481632001,27.2543337507527,27.3601736293342,27.4810023198492,27.3450602134443,27.4256398439229,27.4659063702468,27.4709385956355,27.4407416091366,27.3954297650103,27.4306740081185,27.3803214494867,27.4155707879898,27.3702480251596,27.3652109487011,27.3148268185636,27.2644183636851,27.2442481632001,27.3500982617396,27.2845846667777,27.2795434562661,27.2644183636851,27.309787068249,27.4055007617757,27.5715322863604,27.6971385722891,27.6971385722891,27.5564493982478,27.7172216044382,27.5765594326333,27.5564493982478,27.6670068026902,27.8877721929225,27.6971385722891,27.6016915422711,27.5313064183988,27.4709385956355,27.5212475341273,27.5011268629649,27.4558411927372,27.4709385956355,27.4357079298451,27.4004653847288,27.3500982617396,27.355136067025,27.355136067025,27.3349833876879,27.475970578825,27.3249055894848,27.3954297650103,27.3601736293342,27.385357797423,27.5162177292145,27.6167679118797,27.4055007617757,27.4004653847288,27.3954297650103,27.3500982617396,27.3903939025862,27.5665048985609,27.3349833876879,27.3349833876879,27.2442481632001,27.2896256338382,27.3601736293342,27.2442481632001,27.385357797423,27.4004653847288,27.5011268629649,27.5564493982478,27.5111876824057,27.5313064183988,27.7724301033211,27.4810023198492,27.4155707879898,27.4206054372245,27.5212475341273,27.7423199823454,27.5564493982478,27.4407416091366,27.2946663574817,27.1887599981537,27.3148268185636,27.3249055894848,27.2997068377419,27.340021922105,27.3601736293342,27.3601736293342,27.4659063702468,27.8075476496238,28.0180064083215,27.8225944265762,27.7172216044382,27.5815863374129,27.6117426966131,27.4508082405489,27.3349833876879,27.5866130007331,27.6016915422711,27.475970578825,27.4055007617757,27.5765594326333,27.5413643354891,27.4659063702468,27.4558411927372,27.6117426966131,27.631842110463,27.6569609527223,27.7071805696107,27.475970578825,27.3450602134443,27.4055007617757,27.5614772692013,27.5866130007331,27.5966656031286,27.7423199823454,27.8225944265762,27.6469141389248,27.5665048985609,27.8276095391327,27.9078187463413,27.837639044803,27.8476675914376,27.7523576505433,27.631842110463,27.7373007876777,27.7473389366228,27.7222417610001,27.5916394226271,27.5665048985609,27.5212475341273,27.5966656031286,27.6167679118797,27.4357079298451,27.5966656031286,27.3249055894848,27.4608739026253,27.475970578825,27.5715322863604,27.4860338187415,27.4256398439229,27.3349833876879,27.2845846667777,27.3803214494867,27.2694603047538,27.3450602134443,27.2896256338382,27.2997068377419,27.3148268185636,27.3148268185636,27.3148268185636,27.3903939025862,27.4860338187415,27.475970578825,27.4256398439229,27.3652109487011,27.5111876824057,27.4155707879898,27.340021922105,27.1988509509866,27.3601736293342,27.3500982617396,27.4306740081185,27.5564493982478,27.5313064183988,27.4508082405489,27.3752848587436,27.1635283437601,27.3752848587436,27.5916394226271,27.4960960902657,27.6117426966131,27.5162177292145,27.5111876824057,27.4860338187415,27.3752848587436,27.3702480251596,27.3954297650103,27.4659063702468,27.4659063702468,27.4810023198492,27.5715322863604,27.8677218086608,27.6670068026902,27.5614772692013,27.355136067025,27.309787068249,27.3652109487011,27.2745020022695,27.3349833876879,27.2745020022695,27.4910650755359,27.4659063702468,27.4860338187415,27.4558411927372,27.309787068249,27.3652109487011,27.4105358961847,27.3752848587436,27.2795434562661,27.3702480251596,27.2795434562661,27.2745020022695,27.2694603047538,27.057488660176,27.1382905826503,27.178668068929,27.1433386236146,27.2492910788209,27.1887599981537,27.3148268185636,27.1736217380844,27.2291179538628,27.2946663574817,27.2997068377419,27.2644183636851,27.2644183636851,27.2291179538628,27.1483864201735,27.1130467105523,27.0827459915085,27.2190299285684,27.0978974522403,27.1130467105523,27.1382905826503,27.1231449929837
27.5011268629649,27.4558411927372,27.4004653847288,27.4860338187415,27.4155707879898,27.1281937673691,27.1180959740562,27.2089409277006,27.2139855500982,27.2997068377419,27.2190299285684,27.385357797423,27.3148268185636,27.4558411927372,27.2190299285684,27.3702480251596,27.6368663610303,27.551421285667,27.475970578825,27.4709385956355,27.3450602134443,27.3500982617396,27.3299446101592,27.3349833876879,27.2997068377419,27.3198663256309,27.3803214494867,27.3803214494867,27.2745020022695,27.309787068249,27.2946663574817,27.3198663256309,27.3198663256309,27.355136067025,27.3299446101592,27.2745020022695,27.3148268185636,27.4105358961847,27.5614772692013,27.892784190336,27.9929739096901,27.7021596912783,27.8225944265762,27.9879666938923,27.7824648884334,27.6418903705064,27.6418903705064,27.4155707879898,27.5916394226271,27.6167679118797,27.6067172400882,27.5212475341273,27.5011268629649,27.3450602134443,27.355136067025,27.3752848587436,27.4910650755359,27.3803214494867,27.4256398439229,27.5413643354891,27.3803214494867,27.340021922105,27.340021922105,27.3752848587436,27.3349833876879,27.4810023198492,27.506157393667,27.4357079298451,27.5011268629649,27.4659063702468,27.3450602134443,27.3954297650103,27.4407416091366,27.4256398439229,27.2795434562661,27.3349833876879,27.309787068249,27.3148268185636,27.4004653847288,27.3450602134443,27.4306740081185,27.3903939025862,27.4055007617757,27.3450602134443,27.3752848587436,27.3752848587436,27.5262770971775,27.4306740081185,27.5313064183988,27.4357079298451,27.4457750460266,27.6770516890958,27.777447615956,27.4306740081185,27.4155707879898,27.4105358961847,27.3349833876879,27.3954297650103,27.3500982617396,27.3752848587436,27.5111876824057,27.8075476496238,28.0230121922066,27.8827599560813,27.651937666319,27.6469141389248,27.5665048985609,27.7423199823454,27.5715322863604,27.385357797423,27.4407416091366,27.6016915422711,27.6870956122065,27.4206054372245,27.309787068249,27.7423199823454,27.6368663610303,27.4960960902657,27.6268176187712,27.6720293663216,27.551421285667,27.5815863374129,27.6770516890958,27.4860338187415,27.4910650755359,27.5765594326333,27.4155707879898,27.5765594326333,27.7021596912783,27.7322813525865,27.7172216044382,27.777447615956,27.8476675914376,28.0230121922066,28.0130003858666,27.9278614710339,27.7724301033211,27.7623943574465,27.7373007876777,27.8225944265762,27.8175790741614,27.7021596912783,27.5765594326333,27.5313064183988,27.551421285667,27.6067172400882,27.6921172126096,27.5413643354891,27.6117426966131,27.6217928859212,27.5011268629649,27.340021922105,27.385357797423,27.4860338187415,27.4810023198492,27.3198663256309,27.355136067025,27.4105358961847,27.4206054372245,27.4659063702468,27.4659063702468,27.4910650755359,27.3148268185636,27.3752848587436,27.4004653847288,27.6167679118797,27.4810023198492,27.4558411927372,27.3752848587436,27.340021922105,27.4810023198492,27.3903939025862,27.385357797423,27.3349833876879,27.1332422972466,27.193805596602,27.3450602134443,27.4004653847288,27.5313064183988,27.3903939025862,27.3450602134443,27.309787068249,27.3349833876879,27.4407416091366,27.4608739026253,27.340021922105,27.3903939025862,27.4155707879898,27.4860338187415,27.475970578825,27.4860338187415,27.3803214494867,27.385357797423,27.4558411927372,27.4508082405489,27.551421285667,27.5815863374129,27.7523576505433,27.8075476496238,27.5966656031286,27.3652109487011,27.2694603047538,27.355136067025,27.2896256338382,27.2845846667777,27.2644183636851,27.4860338187415,27.4960960902657,27.2946663574817,27.3450602134443,27.3652109487011,27.234161600755,27.2593761790295,27.2745020022695,27.3198663256309,27.4004653847288,27.2845846667777,27.1685751630395,27.2139855500982,27.04738401297,27.1837141556074,27.0675923274317,27.1130467105523,27.234161600755,27.2593761790295,27.2492910788209,27.2694603047538,27.2946663574817,27.4055007617757,27.2644183636851,27.2845846667777,27.3803214494867,27.309787068249,27.0625406162806,27.0827459915085,27.1988509509866,27.2291179538628,27.1180959740562,27.04738401297,27.0877967231895
27.4709385956355,27.340021922105,27.3652109487011,27.5011268629649,27.4407416091366,27.2593761790295,27.2392050038562,27.2089409277006,27.2291179538628,27.355136067025,27.2694603047538,27.2896256338382,27.2745020022695,27.6217928859212,27.5111876824057,27.6067172400882,27.5413643354891,27.3702480251596,27.5262770971775,27.2946663574817,27.3349833876879,27.2946663574817,27.3198663256309,27.2190299285684,27.2694603047538,27.309787068249,27.2845846667777,27.2997068377419,27.385357797423,27.3148268185636,27.3198663256309,27.309787068249,27.355136067025,27.3702480251596,27.3047470746531,27.5815863374129,27.5313064183988,27.5966656031286,27.6921172126096,27.6971385722891,27.9929739096901,27.7021596912783,27.8225944265762,27.6770516890958,27.551421285667,27.5614772692013,27.506157393667,27.475970578825,27.6016915422711,27.6268176187712,27.5715322863604,27.5564493982478,27.4659063702468,27.4004653847288,27.4055007617757,27.4457750460266,27.5262770971775,27.6569609527223,27.4055007617757,27.4357079298451,27.3299446101592,27.3299446101592,27.3652109487011,27.3500982617396,27.5011268629649,27.6368663610303,27.5866130007331,27.4105358961847,27.4105358961847,27.506157393667,27.4055007617757,27.3299446101592,27.5715322863604,27.4709385956355,27.4558411927372,27.3047470746531,27.4558411927372,27.3702480251596,27.385357797423,27.4105358961847,27.4508082405489,27.4659063702468,27.5665048985609,27.5363354978248,27.3803214494867,27.5162177292145,27.6418903705064,27.5413643354891,27.5765594326333,27.4206054372245,27.4960960902657,27.506157393667,27.812563481855,27.7824648884334,27.5614772692013,27.3954297650103,27.5162177292145,27.5866130007331,27.551421285667,27.6820737710463,27.7874819207868,27.9328715542163,27.8526815051994,27.6921172126096,27.8426534379831,27.6720293663216,27.5765594326333,27.651937666319,27.5564493982478,27.5564493982478,27.4357079298451,27.6067172400882,27.6770516890958,27.5866130007331,27.7523576505433,27.7924987130493,27.7373007876777,27.777447615956,27.7373007876777,27.7272616770383,27.651937666319,27.7021596912783,27.6469141389248,27.6971385722891,27.8677218086608,27.7071805696107,27.551421285667,27.7021596912783,27.8777474797793,27.7373007876777,27.7824648884334,27.9028074670123,27.9729436137625,28.0380281127715,27.9529094959747,27.9278614710339,27.7975152652541,27.8526815051994,27.7573761241401,27.7824648884334,27.6117426966131,27.6418903705064,27.6217928859212,27.6067172400882,27.631842110463,27.5614772692013,27.6720293663216,27.6569609527223,27.6217928859212,27.5363354978248,27.5162177292145,27.5866130007331,27.5162177292145,27.5966656031286,27.506157393667,27.4407416091366,27.4508082405489,27.4055007617757,27.4810023198492,27.3148268185636,27.4659063702468,27.3752848587436,27.4256398439229,27.3198663256309,27.3702480251596,27.385357797423,27.385357797423,27.3702480251596,27.3047470746531,27.3702480251596,27.4155707879898,27.340021922105,27.3652109487011,27.355136067025,27.1988509509866,27.3652109487011,27.3652109487011,27.4407416091366,27.6167679118797,27.3954297650103,27.2745020022695,27.4960960902657,27.651937666319,27.6117426966131,27.5916394226271,27.5866130007331,27.4206054372245,27.4407416091366,27.4910650755359,27.5212475341273,27.4608739026253,27.4558411927372,27.3601736293342,27.2946663574817,27.3903939025862,27.3702480251596,27.5413643354891,27.5916394226271,27.7924987130493,27.7724301033211,27.7674123504958,27.4105358961847,27.4407416091366,27.4306740081185,27.3349833876879,27.2845846667777,27.4810023198492,27.385357797423,27.4860338187415,27.4860338187415,27.3803214494867,27.2694603047538,27.3652109487011,27.2694603047538,27.355136067025,27.475970578825,27.3601736293342,27.309787068249,27.3450602134443,27.3249055894848,27.3450602134443,27.3148268185636,27.3299446101592,27.3299446101592,27.2946663574817,27.2593761790295,27.3249055894848,27.4155707879898,27.3349833876879,27.3702480251596,27.2845846667777,27.2291179538628,27.4256398439229,27.3299446101592,27.1130467105523,27.2291179538628,27.2291179538628,27.2946663574817,27.2543337507527,26.9462835831678
27.3601736293342,27.2694603047538,27.4155707879898,27.2946663574817,27.2896256338382,27.2089409277006,27.385357797423,27.2240740631453,27.2291179538628,27.1332422972466,27.3249055894848,27.3148268185636,27.6670068026902,27.5765594326333,27.3752848587436,27.5413643354891,27.5011268629649,27.2139855500982,27.2089409277006,27.2139855500982,27.2845846667777,27.3954297650103,27.3148268185636,27.3299446101592,27.2492910788209,27.2593761790295,27.2139855500982,27.2694603047538,27.4105358961847,27.3954297650103,27.5011268629649,27.2745020022695,27.3198663256309,27.5463929314253,27.5715322863604,27.5715322863604,27.7824648884334,27.8225944265762,27.9128297863749,27.8576951793018,27.7021596912783,27.4357079298451,27.4910650755359,27.4256398439229,27.3954297650103,27.309787068249,27.4055007617757,27.2492910788209,27.4155707879898,27.6418903705064,27.5966656031286,27.4457750460266,27.5463929314253,27.5363354978248,27.4659063702468,27.5463929314253,27.4709385956355,27.5815863374129,27.4810023198492,27.3752848587436,27.3450602134443,27.4105358961847,27.4357079298451,27.5212475341273,27.6418903705064,27.4608739026253,27.3803214494867,27.3148268185636,27.4860338187415,27.4457750460266,27.3803214494867,27.4709385956355,27.355136067025,27.5614772692013,27.4810023198492,27.3349833876879,27.4659063702468,27.355136067025,27.3249055894848,27.3702480251596,27.340021922105,27.4910650755359,27.5212475341273,27.3954297650103,27.3702480251596,27.4206054372245,27.6217928859212,27.7322813525865,27.5363354978248,27.651937666319,27.5715322863604,27.5212475341273,27.6569609527223,27.6870956122065,27.4910650755359,27.2997068377419,27.5564493982478,27.6268176187712,27.7573761241401,27.7874819207868,27.6820737710463,27.5564493982478,27.5564493982478,27.6067172400882,27.7272616770383,27.5262770971775,27.4457750460266,27.5011268629649,27.5011268629649,27.4860338187415,27.4256398439229,27.5665048985609,27.8476675914376,27.7573761241401,27.8426534379831,27.8025315774346,27.7071805696107,27.7423199823454,27.8225944265762,27.6619839981682,27.4659063702468,27.5564493982478,27.5916394226271,27.6971385722891,27.6720293663216,27.6016915422711,27.7021596912783,27.8727347639835,27.9228511486881,27.8627086137778,27.9078187463413,28.0280177375547,28.0530418873914,28.0079941248089,27.9479003691149,27.9479003691149,27.7573761241401,27.6117426966131,27.5966656031286,27.5966656031286,27.5614772692013,27.6016915422711,27.7071805696107,27.6418903705064,27.7373007876777,27.6469141389248,27.7122012073196,27.7172216044382,27.6469141389248,27.5463929314253,27.5665048985609,27.5614772692013,27.6016915422711,27.4810023198492,27.4357079298451,27.475970578825,27.2896256338382,27.385357797423,27.6016915422711,27.3752848587436,27.340021922105,27.3047470746531,27.3349833876879,27.3702480251596,27.4659063702468,27.355136067025,27.3752848587436,27.2997068377419,27.2845846667777,27.3752848587436,27.4206054372245,27.3198663256309,27.3450602134443,27.3652109487011,27.3652109487011,27.5262770971775,27.3954297650103,27.4357079298451,27.4155707879898,27.4055007617757,27.3903939025862,27.4407416091366,27.7674123504958,27.7423199823454,27.6720293663216,27.6368663610303,27.4105358961847,27.4457750460266,27.4256398439229,27.4357079298451,27.4306740081185,27.4709385956355,27.385357797423,27.1483864201735,27.3047470746531,27.309787068249,27.4105358961847,27.3903939025862,27.5765594326333,27.5413643354891,27.5715322863604,27.4659063702468,27.3349833876879,27.4810023198492,27.4457750460266,27.2997068377419,27.3148268185636,27.4407416091366,27.3299446101592,27.2795434562661,27.4105358961847,27.3903939025862,27.4155707879898,27.1382905826503,27.234161600755,27.1988509509866,27.3450602134443,27.3047470746531,27.3047470746531,27.3299446101592,27.2291179538628,27.2492910788209,27.1736217380844,27.1584812802121,27.2896256338382,27.309787068249,27.340021922105,27.2845846667777,27.3249055894848,27.4105358961847,27.3450602134443,27.234161600755,27.2492910788209,27.2291179538628,27.1736217380844,27.1635283437601,27.0827459915085,27.1685751630395,27.1231449929837,27.1988509509866
27.4055007617757,27.2190299285684,27.2745020022695,27.2644183636851,27.2644183636851,27.385357797423,27.3198663256309,27.2946663574817,27.3903939025862,27.3349833876879,27.4860338187415,27.385357797423,27.3500982617396,27.4155707879898,27.5162177292145,27.551421285667,27.385357797423,27.3702480251596,27.385357797423,27.2089409277006,27.309787068249,27.2492910788209,27.2190299285684,27.234161600755,27.2644183636851,27.3047470746531,27.2896256338382,27.2694603047538,27.3601736293342,27.475970578825,27.5011268629649,27.5363354978248,27.6820737710463,27.6870956122065,27.8727347639835,27.9729436137625,27.9428910032239,27.8877721929225,27.6067172400882,27.5111876824057,27.6268176187712,27.4709385956355,27.3148268185636,27.4055007617757,27.4155707879898,27.4457750460266,27.4206054372245,27.5463929314253,27.6368663610303,27.6770516890958,27.7573761241401,27.5966656031286,27.551421285667,27.7272616770383,27.7021596912783,27.892784190336,27.5162177292145,27.5765594326333,27.5262770971775,27.6368663610303,27.5212475341273,27.4709385956355,27.4709385956355,27.4709385956355,27.5111876824057,27.385357797423,27.385357797423,27.5665048985609,27.3047470746531,27.4206054372245,27.4105358961847,27.3803214494867,27.475970578825,27.7322813525865,27.5463929314253,27.4457750460266,27.4508082405489,27.5614772692013,27.4407416091366,27.4155707879898,27.3803214494867,27.5162177292145,27.4960960902657,27.3702480251596,27.3752848587436,27.3903939025862,27.7272616770383,27.7272616770383,27.4810023198492,27.551421285667,27.6418903705064,27.6067172400882,27.5413643354891,27.7874819207868,27.6569609527223,27.4910650755359,27.6016915422711,27.7724301033211,27.7824648884334,27.6870956122065,27.5665048985609,27.6619839981682,27.4055007617757,27.6217928859212,27.7523576505433,27.5564493982478,27.4407416091366,27.4860338187415,27.4608739026253,27.4608739026253,27.4306740081185,27.7573761241401,27.8677218086608,27.7573761241401,27.9078187463413,27.8727347639835,27.7272616770383,27.9879666938923,27.837639044803,27.7423199823454,27.4558411927372,27.7222417610001,27.651937666319,27.7021596912783,27.8576951793018,27.7523576505433,27.8827599560813,28.0580460022081,27.9278614710339,27.9028074670123,27.9178405871461,27.8326244118639,27.6971385722891,27.9278614710339,27.9178405871461,27.8877721929225,27.6217928859212,27.6217928859212,27.7724301033211,27.7071805696107,27.5765594326333,27.7272616770383,27.5011268629649,27.7071805696107,27.7975152652541,27.6870956122065,27.6720293663216,27.6820737710463,27.5916394226271,27.5564493982478,27.6619839981682,27.5262770971775,27.6971385722891,27.5765594326333,27.5262770971775,27.4055007617757,27.4155707879898,27.4306740081185,27.5212475341273,27.4256398439229,27.4457750460266,27.3500982617396,27.5363354978248,27.4055007617757,27.3652109487011,27.340021922105,27.3954297650103,27.3803214494867,27.2896256338382,27.3198663256309,27.2896256338382,27.4306740081185,27.3652109487011,27.4457750460266,27.4910650755359,27.3652109487011,27.385357797423,27.385357797423,27.3198663256309,27.2543337507527,27.3349833876879,27.3601736293342,27.6469141389248,27.7122012073196,27.7071805696107,27.6569609527223,27.6268176187712,27.4860338187415,27.4810023198492,27.4105358961847,27.4407416091366,27.3903939025862,27.4558411927372,27.3702480251596,27.4306740081185,27.3047470746531,27.4055007617757,27.385357797423,27.551421285667,27.551421285667,27.506157393667,27.506157393667,27.4206054372245,27.3299446101592,27.3249055894848,27.3148268185636,27.309787068249,27.3047470746531,27.4508082405489,27.3954297650103,27.4004653847288,27.3803214494867,27.3903939025862,27.3903939025862,27.309787068249,27.2442481632001,27.309787068249,27.2946663574817,27.2392050038562,27.1382905826503,27.2946663574817,27.3450602134443,27.3047470746531,27.1988509509866,27.2089409277006,27.3450602134443,27.4105358961847,27.340021922105,27.3702480251596,27.3047470746531,27.2845846667777,27.3047470746531,27.2543337507527,27.178668068929,27.2492910788209,27.2190299285684,27.1584812802121,27.1837141556074,27.193805596602,27.1534339723613
27.2997068377419,27.4055007617757,27.2644183636851,27.2845846667777,27.2442481632001,27.4659063702468,27.6569609527223,27.6418903705064,27.6368663610303,27.7322813525865,27.5866130007331,27.6619839981682,27.385357797423,27.3803214494867,27.5815863374129,27.385357797423,27.3803214494867,27.2845846667777,27.2644183636851,27.234161600755,27.3047470746531,27.2644183636851,27.309787068249,27.2896256338382,27.2795434562661,27.2745020022695,27.2795434562661,27.3249055894848,27.2997068377419,27.4105358961847,27.6067172400882,27.6016915422711,27.6971385722891,27.8877721929225,27.9929739096901,28.1080740489112,28.0230121922066,27.7975152652541,27.4910650755359,27.6016915422711,27.5665048985609,27.3349833876879,27.3349833876879,27.3450602134443,27.4004653847288,27.4860338187415,27.4206054372245,27.5665048985609,27.6418903705064,27.6268176187712,27.7373007876777,27.5916394226271,27.5866130007331,27.9128297863749,27.777447615956,27.5866130007331,27.551421285667,27.6870956122065,27.5212475341273,27.5614772692013,27.5614772692013,27.5413643354891,27.5363354978248,27.5765594326333,27.4659063702468,27.4306740081185,27.4508082405489,27.4457750460266,27.3803214494867,27.4004653847288,27.4508082405489,27.4558411927372,27.4457750460266,27.6268176187712,27.551421285667,27.5564493982478,27.4508082405489,27.5614772692013,27.385357797423,27.4155707879898,27.4407416091366,27.3601736293342,27.3702480251596,27.4508082405489,27.4004653847288,27.4004653847288,27.5665048985609,27.7222417610001,27.551421285667,27.4709385956355,27.6569609527223,27.651937666319,27.4407416091366,27.6670068026902,27.7373007876777,27.5916394226271,27.6870956122065,27.6117426966131,27.6619839981682,27.5715322863604,27.4810023198492,27.5564493982478,27.5564493982478,27.7523576505433,27.6469141389248,27.5162177292145,27.4860338187415,27.4206054372245,27.4508082405489,27.4558411927372,27.6820737710463,27.6720293663216,27.6268176187712,27.6770516890958,27.8827599560813,27.777447615956,27.6619839981682,27.7975152652541,27.8175790741614,27.5765594326333,27.5715322863604,27.7071805696107,27.7222417610001,27.7071805696107,27.8225944265762,27.9479003691149,28.0280177375547,28.0079941248089,27.9278614710339,27.9929739096901,27.9278614710339,27.6820737710463,27.7272616770383,27.8827599560813,27.892784190336,27.6670068026902,27.8175790741614,27.7924987130493,27.7623943574465,27.7071805696107,27.6167679118797,27.5966656031286,27.6368663610303,27.6921172126096,27.6670068026902,27.651937666319,27.6971385722891,27.6469141389248,27.6770516890958,27.6770516890958,27.6921172126096,27.6720293663216,27.6971385722891,27.6217928859212,27.5665048985609,27.5011268629649,27.4407416091366,27.4457750460266,27.4709385956355,27.4558411927372,27.4407416091366,27.309787068249,27.340021922105,27.3803214494867,27.4407416091366,27.3148268185636,27.4357079298451,27.3903939025862,27.3500982617396,27.2745020022695,27.4155707879898,27.3652109487011,27.3500982617396,27.3954297650103,27.3500982617396,27.3249055894848,27.3954297650103,27.2492910788209,27.1534339723613,27.2089409277006,27.1837141556074,27.2644183636851,27.4407416091366,27.475970578825,27.6117426966131,27.7423199823454,27.4910650755359,27.4155707879898,27.4055007617757,27.2795434562661,27.3198663256309,27.4004653847288,27.355136067025,27.3903939025862,27.3601736293342,27.4206054372245,27.385357797423,27.3752848587436,27.4256398439229,27.3954297650103,27.5011268629649,27.506157393667,27.5413643354891,27.3500982617396,27.4105358961847,27.3198663256309,27.3198663256309,27.3803214494867,27.4709385956355,27.309787068249,27.3903939025862,27.3198663256309,27.3903939025862,27.4860338187415,27.3954297650103,27.309787068249,27.2845846667777,27.2190299285684,27.3047470746531,27.1433386236146,27.234161600755,27.3249055894848,27.1382905826503,27.2089409277006,27.2139855500982,27.355136067025,27.3299446101592,27.3249055894848,27.4055007617757,27.2442481632001,27.3450602134443,27.3349833876879,27.2644183636851,27.2593761790295,27.2240740631453,27.2593761790295,27.1887599981537,27.2089409277006,27.1382905826503,27.193805596602
27.2745020022695,27.2795434562661,27.2795434562661,27.2896256338382,27.4558411927372,27.5413643354891,27.6820737710463,27.6820737710463,27.7071805696107,27.8426534379831,27.7071805696107,27.5866130007331,27.5866130007331,27.5765594326333,27.3450602134443,27.2896256338382,27.3702480251596,27.2896256338382,27.3450602134443,27.3803214494867,27.3601736293342,27.2593761790295,27.2896256338382,27.3148268185636,27.3349833876879,27.2745020022695,27.3198663256309,27.1281937673691,27.3047470746531,27.551421285667,27.812563481855,27.8777474797793,27.8827599560813,27.962927032733,27.9779515459613,28.1180768014564,27.8827599560813,27.5966656031286,27.5011268629649,27.5966656031286,27.4558411927372,27.4256398439229,27.3450602134443,27.4256398439229,27.4004653847288,27.3752848587436,27.4256398439229,27.385357797423,27.5313064183988,27.5363354978248,27.551421285667,27.5966656031286,27.7373007876777,27.7975152652541,27.7021596912783,27.551421285667,27.5011268629649,27.5413643354891,27.6770516890958,27.5564493982478,27.4910650755359,27.5665048985609,27.3903939025862,27.4910650755359,27.3803214494867,27.5413643354891,27.551421285667,27.4608739026253,27.6921172126096,27.4810023198492,27.3652109487011,27.475970578825,27.3652109487011,27.4659063702468,27.4457750460266,27.4306740081185,27.4508082405489,27.3601736293342,27.3702480251596,27.3702480251596,27.4608739026253,27.3349833876879,27.3803214494867,27.4004653847288,27.3450602134443,27.3803214494867,27.4659063702468,27.9028074670123,27.6368663610303,27.4457750460266,27.4810023198492,27.6167679118797,27.5966656031286,27.9428910032239,28.1330791460061,27.9879666938923,27.7874819207868,27.6820737710463,27.5413643354891,27.5564493982478,27.5665048985609,27.5363354978248,27.3299446101592,27.6670068026902,27.5614772692013,27.355136067025,27.3652109487011,27.3652109487011,27.5765594326333,27.9128297863749,27.8827599560813,27.6167679118797,27.506157393667,27.7874819207868,27.892784190336,27.7523576505433,27.7724301033211,27.7874819207868,27.6418903705064,27.7924987130493,27.5765594326333,27.5916394226271,27.6619839981682,27.7423199823454,27.8225944265762,27.9178405871461,28.0530418873914,28.0380281127715,28.0830630023446,27.9479003691149,27.8326244118639,27.6569609527223,27.7924987130493,27.9028074670123,27.8526815051994,27.6067172400882,27.6268176187712,27.7975152652541,27.7172216044382,27.6368663610303,27.6217928859212,27.7172216044382,27.7071805696107,27.8276095391327,27.8225944265762,27.7172216044382,27.7021596912783,27.6921172126096,27.7222417610001,27.7573761241401,27.6418903705064,27.6268176187712,27.4910650755359,27.5866130007331,27.5564493982478,27.4206054372245,27.5313064183988,27.6016915422711,27.4155707879898,27.4508082405489,27.4810023198492,27.385357797423,27.2845846667777,27.2543337507527,27.3652109487011,27.3349833876879,27.340021922105,27.3954297650103,27.3047470746531,27.4256398439229,27.4256398439229,27.340021922105,27.2795434562661,27.2240740631453,27.234161600755,27.2240740631453,27.3903939025862,27.3349833876879,27.1332422972466,27.234161600755,27.1837141556074,27.3450602134443,27.2795434562661,27.2492910788209,27.355136067025,27.4910650755359,27.4004653847288,27.3500982617396,27.4055007617757,27.3198663256309,27.2997068377419,27.3601736293342,27.4055007617757,27.506157393667,27.3652109487011,27.340021922105,27.385357797423,27.3148268185636,27.385357797423,27.6870956122065,27.5262770971775,27.4457750460266,27.5413643354891,27.4407416091366,27.3500982617396,27.3299446101592,27.3198663256309,27.3349833876879,27.2745020022695,27.4004653847288,27.385357797423,27.2997068377419,27.2795434562661,27.2997068377419,27.3500982617396,27.2896256338382,27.1736217380844,27.2089409277006,27.3198663256309,27.340021922105,27.2593761790295,27.2291179538628,27.1433386236146,27.2139855500982,27.2038960613414,27.2240740631453,27.2392050038562,27.2543337507527,27.4105358961847,27.3249055894848,27.340021922105,27.3450602134443,27.3652109487011,27.2492910788209,27.178668068929,27.2593761790295,27.1332422972466,27.0675923274317,27.0675923274317,27.0675923274317
27.5463929314253,27.2997068377419,27.4105358961847,27.4558411927372,27.6569609527223,27.5463929314253,27.4558411927372,27.5262770971775,27.631842110463,27.4910650755359,27.7222417610001,27.5966656031286,27.5815863374129,27.3349833876879,27.340021922105,27.2694603047538,27.2644183636851,27.2795434562661,27.2745020022695,27.2745020022695,27.2593761790295,27.2946663574817,27.3702480251596,27.3601736293342,27.2946663574817,27.2997068377419,27.3954297650103,27.2795434562661,27.309787068249,27.6368663610303,27.9879666938923,27.8827599560813,27.7021596912783,27.8777474797793,28.1330791460061,27.9228511486881,27.6167679118797,27.5916394226271,27.5815863374129,27.5564493982478,27.5212475341273,27.4256398439229,27.4357079298451,27.3299446101592,27.3601736293342,27.4004653847288,27.3702480251596,27.5916394226271,27.4810023198492,27.4960960902657,27.5614772692013,27.7322813525865,27.7473389366228,27.7924987130493,27.7523576505433,27.6870956122065,27.5413643354891,27.6670068026902,27.5313064183988,27.4558411927372,27.4105358961847,27.3752848587436,27.5665048985609,27.5262770971775,27.5313064183988,27.5262770971775,27.475970578825,27.5313064183988,27.6820737710463,27.506157393667,27.4407416091366,27.4558411927372,27.4508082405489,27.4407416091366,27.3803214494867,27.4105358961847,27.4256398439229,27.4709385956355,27.4659063702468,27.5715322863604,27.5262770971775,27.4508082405489,27.3752848587436,27.4256398439229,27.4457750460266,27.4357079298451,27.4608739026253,27.8877721929225,27.8225944265762,27.5765594326333,27.5413643354891,27.6820737710463,27.9729436137625,28.1830715081525,28.0079941248089,27.6670068026902,27.6870956122065,27.6469141389248,27.7674123504958,27.6469141389248,27.6921172126096,27.5162177292145,27.4910650755359,27.7724301033211,27.4457750460266,27.355136067025,27.4357079298451,27.4457750460266,27.6268176187712,27.7322813525865,27.8175790741614,27.7272616770383,27.6418903705064,27.6971385722891,27.8727347639835,27.9879666938923,28.0330230443987,27.9278614710339,27.7724301033211,27.8426534379831,27.6117426966131,27.651937666319,27.777447615956,27.7824648884334,27.8426534379831,27.9328715542163,27.8977959483549,27.8627086137778,28.14807935022,27.9779515459613,27.7724301033211,27.6167679118797,27.7975152652541,27.8777474797793,27.8627086137778,27.8326244118639,27.7824648884334,27.9278614710339,27.8476675914376,27.7222417610001,27.6971385722891,27.7975152652541,27.7724301033211,27.812563481855,27.7874819207868,27.8025315774346,27.8025315774346,27.6569609527223,27.6167679118797,27.7272616770383,27.6619839981682,27.6770516890958,27.6016915422711,27.5111876824057,27.6971385722891,27.7021596912783,27.5614772692013,27.5715322863604,27.4508082405489,27.475970578825,27.4810023198492,27.4004653847288,27.4709385956355,27.4960960902657,27.4155707879898,27.340021922105,27.3349833876879,27.3349833876879,27.2492910788209,27.4155707879898,27.5011268629649,27.7021596912783,27.355136067025,27.4960960902657,27.2291179538628,27.2845846667777,27.3903939025862,27.4860338187415,27.2845846667777,27.2593761790295,27.193805596602,27.2291179538628,27.2038960613414,27.2291179538628,27.3652109487011,27.3500982617396,27.475970578825,27.3752848587436,27.3752848587436,27.3148268185636,27.3803214494867,27.3148268185636,27.3803214494867,27.3752848587436,27.4004653847288,27.3249055894848,27.4256398439229,27.4004653847288,27.4860338187415,27.5614772692013,27.5463929314253,27.812563481855,27.7623943574465,27.7172216044382,27.651937666319,27.4457750460266,27.3954297650103,27.3803214494867,27.4055007617757,27.2694603047538,27.355136067025,27.385357797423,27.2745020022695,27.2644183636851,27.2795434562661,27.2896256338382,27.3249055894848,27.3249055894848,27.2845846667777,27.3752848587436,27.2745020022695,27.2038960613414,27.234161600755,27.2038960613414,27.2644183636851,27.2997068377419,27.2190299285684,27.2694603047538,27.340021922105,27.3249055894848,27.309787068249,27.2745020022695,27.340021922105,27.2139855500982,27.3198663256309,27.2745020022695,27.2543337507527,27.1534339723613,27.0271717776083,27.1584812802121
27.7573761241401,27.6619839981682,27.7573761241401,27.7473389366228,27.5665048985609,27.6217928859212,27.5313064183988,27.4860338187415,27.5363354978248,27.7071805696107,27.5966656031286,27.7172216044382,27.5011268629649,27.5715322863604,27.4810023198492,27.3500982617396,27.355136067025,27.2795434562661,27.2392050038562,27.3903939025862,27.2644183636851,27.2896256338382,27.506157393667,27.3752848587436,27.3349833876879,27.3500982617396,27.3349833876879,27.3652109487011,27.812563481855,27.8677218086608,27.892784190336,27.6720293663216,27.8677218086608,28.1230778208426,28.1230778208426,27.7021596912783,27.5765594326333,27.5212475341273,27.4608739026253,27.4457750460266,27.5162177292145,27.4508082405489,27.3702480251596,27.3803214494867,27.2946663574817,27.2845846667777,27.4256398439229,27.5614772692013,27.3803214494867,27.3954297650103,27.5212475341273,27.5363354978248,27.6971385722891,27.7573761241401,27.6820737710463,27.6167679118797,27.5815863374129,27.3954297650103,27.5614772692013,27.5715322863604,27.3803214494867,27.5614772692013,27.4910650755359,27.6016915422711,27.5916394226271,27.5463929314253,27.5413643354891,27.4558411927372,27.4457750460266,27.3954297650103,27.3803214494867,27.4407416091366,27.3752848587436,27.2442481632001,27.4558411927372,27.4055007617757,27.475970578825,27.3198663256309,27.5564493982478,27.5715322863604,27.5111876824057,27.4306740081185,27.4306740081185,27.3601736293342,27.4155707879898,27.2291179538628,27.4055007617757,28.063049878718,27.8777474797793,27.6016915422711,27.5111876824057,27.6720293663216,27.9228511486881,27.6167679118797,27.6067172400882,27.5916394226271,27.3903939025862,27.5715322863604,27.5916394226271,27.7071805696107,27.6921172126096,27.7824648884334,27.8075476496238,27.8426534379831,27.5966656031286,27.4508082405489,27.6971385722891,27.6167679118797,27.6117426966131,27.7373007876777,27.837639044803,27.6167679118797,27.7172216044382,27.8526815051994,28.0930681351701,27.892784190336,27.8175790741614,27.5564493982478,27.6368663610303,27.6670068026902,27.631842110463,27.5665048985609,27.6670068026902,27.7924987130493,27.9178405871461,27.8476675914376,27.9228511486881,27.7975152652541,27.962927032733,28.1080740489112,28.1130755441568,27.9879666938923,27.8426534379831,27.892784190336,27.8175790741614,27.8225944265762,27.8777474797793,27.9178405871461,28.0830630023446,27.9178405871461,27.8727347639835,27.7623943574465,27.837639044803,27.6971385722891,27.8225944265762,27.6217928859212,27.6971385722891,27.8025315774346,27.7473389366228,27.7071805696107,27.7122012073196,27.6820737710463,27.7021596912783,27.7272616770383,27.7322813525865,27.651937666319,27.5715322863604,27.5564493982478,27.5614772692013,27.4407416091366,27.6016915422711,27.5313064183988,27.5413643354891,27.5162177292145,27.4004653847288,27.3652109487011,27.4407416091366,27.3903939025862,27.4357079298451,27.4407416091366,27.355136067025,27.506157393667,27.4004653847288,27.3752848587436,27.4910650755359,27.4206054372245,27.3047470746531,27.2997068377419,27.2795434562661,27.2089409277006,27.1534339723613,27.1231449929837,27.1534339723613,27.2190299285684,27.2442481632001,27.340021922105,27.2291179538628,27.3450602134443,27.4105358961847,27.385357797423,27.3299446101592,27.2694603047538,27.340021922105,27.385357797423,27.3500982617396,27.4407416091366,27.3954297650103,27.4256398439229,27.3299446101592,27.3752848587436,27.4407416091366,27.4306740081185,27.6016915422711,27.6619839981682,27.7724301033211,27.7724301033211,27.7322813525865,27.4206054372245,27.4206054372245,27.3198663256309,27.3652109487011,27.2694603047538,27.3652109487011,27.355136067025,27.2593761790295,27.3450602134443,27.3450602134443,27.2795434562661,27.3148268185636,27.2845846667777,27.3601736293342,27.2492910788209,27.2593761790295,27.2543337507527,27.1685751630395,27.1433386236146,27.2291179538628,27.2644183636851,27.3752848587436,27.3299446101592,27.2291179538628,27.4155707879898,27.2392050038562,27.2745020022695,27.2139855500982,27.1887599981537,27.1887599981537,27.2946663574817,27.2089409277006,27.1382905826503
28.1080740489112,27.7473389366228,27.551421285667,27.7423199823454,27.7172216044382,27.6921172126096,27.5866130007331,27.5916394226271,27.6016915422711,27.3752848587436,27.5866130007331,27.4810023198492,27.355136067025,27.4810023198492,27.5866130007331,27.3601736293342,27.3249055894848,27.2442481632001,27.3349833876879,27.2492910788209,27.475970578825,27.5313064183988,27.3752848587436,27.4004653847288,27.4055007617757,27.4105358961847,27.7322813525865,27.6870956122065,27.8877721929225,27.8576951793018,27.6820737710463,27.6720293663216,27.6820737710463,27.777447615956,27.651937666319,27.5866130007331,27.4105358961847,27.5866130007331,27.4608739026253,27.5363354978248,27.7222417610001,27.551421285667,27.4256398439229,27.355136067025,27.3148268185636,27.4004653847288,27.4910650755359,27.4960960902657,27.5614772692013,27.5564493982478,27.5413643354891,27.5162177292145,27.5715322863604,27.6971385722891,27.7473389366228,27.6720293663216,27.7071805696107,27.7573761241401,27.6820737710463,27.8526815051994,27.6418903705064,27.6670068026902,27.5765594326333,27.5463929314253,27.5966656031286,27.6619839981682,27.5463929314253,27.3803214494867,27.4206054372245,27.3702480251596,27.3148268185636,27.3702480251596,27.2896256338382,27.3752848587436,27.3702480251596,27.5262770971775,27.4306740081185,27.6469141389248,27.5111876824057,27.5765594326333,27.5011268629649,27.4709385956355,27.4659063702468,27.4004653847288,27.3652109487011,27.4004653847288,27.7021596912783,28.258015532538,28.253020924455,27.837639044803,27.8025315774346,27.7373007876777,27.4709385956355,27.3702480251596,27.2492910788209,27.385357797423,27.3954297650103,27.3903939025862,27.4407416091366,27.6167679118797,27.7423199823454,27.9929739096901,28.0079941248089,28.0730569169481,27.8526815051994,27.7724301033211,27.651937666319,27.5815863374129,27.7122012073196,27.7674123504958,28.063049878718,28.1280786023483,28.0530418873914,27.9328715542163,27.8526815051994,27.9579183838364,27.5564493982478,27.6368663610303,27.7473389366228,27.7674123504958,27.8877721929225,27.7724301033211,27.7824648884334,27.9128297863749,28.0880656878123,27.9078187463413,28.0830630023446,28.0730569169481,28.1430795199092,28.1980645842911,28.277991595206,28.0530418873914,28.0230121922066,28.0380281127715,27.8426534379831,27.6670068026902,27.651937666319,27.8977959483549,27.7473389366228,27.6619839981682,27.7122012073196,27.7222417610001,27.812563481855,27.7975152652541,27.7322813525865,27.6971385722891,27.7623943574465,27.777447615956,27.8627086137778,27.8576951793018,27.8576951793018,27.8276095391327,27.837639044803,27.812563481855,27.7222417610001,27.7373007876777,27.7322813525865,27.6469141389248,27.7172216044382,27.7322813525865,27.631842110463,27.5564493982478,27.4558411927372,27.506157393667,27.3803214494867,27.3903939025862,27.3752848587436,27.4105358961847,27.385357797423,27.4055007617757,27.385357797423,27.355136067025,27.3601736293342,27.4407416091366,27.4558411927372,27.340021922105,27.4860338187415,27.2795434562661,27.1029474496787,27.2392050038562,27.2190299285684,27.1433386236146,27.1180959740562,27.234161600755,27.3500982617396,27.3652109487011,27.3500982617396,27.309787068249,27.3601736293342,27.3249055894848,27.3954297650103,27.3954297650103,27.340021922105,27.309787068249,27.3249055894848,27.4055007617757,27.4004653847288,27.2745020022695,27.4407416091366,27.3349833876879,27.4306740081185,27.3702480251596,27.475970578825,27.6368663610303,27.7473389366228,27.6117426966131,27.7523576505433,27.7322813525865,27.7222417610001,27.5212475341273,27.4206054372245,27.3702480251596,27.3601736293342,27.3702480251596,27.4558411927372,27.3148268185636,27.193805596602,27.3450602134443,27.3148268185636,27.1988509509866,27.355136067025,27.1887599981537,27.2442481632001,27.178668068929,27.1635283437601,27.1433386236146,27.2543337507527,27.2694603047538,27.2997068377419,27.4407416091366,27.4055007617757,27.2392050038562,27.2442481632001,27.2392050038562,27.1635283437601,27.4105358961847,27.193805596602,27.2139855500982,27.1736217380844,27.057488660176
27.837639044803,27.7573761241401,27.8576951793018,27.962927032733,27.9529094959747,27.7021596912783,27.7021596912783,27.5916394226271,27.5916394226271,27.4960960902657,27.4659063702468,27.3500982617396,27.2845846667777,27.3450602134443,27.4860338187415,27.475970578825,27.4407416091366,27.5665048985609,27.6820737710463,27.5866130007331,27.7423199823454,27.5463929314253,27.4256398439229,27.5011268629649,27.5262770971775,27.8075476496238,27.7222417610001,27.8326244118639,27.6870956122065,27.5363354978248,27.7724301033211,27.8326244118639,27.6720293663216,27.6167679118797,27.5011268629649,27.5111876824057,27.4910650755359,27.2442481632001,27.4860338187415,27.6167679118797,27.4457750460266,27.4357079298451,27.3652109487011,27.4105358961847,27.309787068249,27.2845846667777,27.4457750460266,27.6117426966131,27.4357079298451,27.5463929314253,27.4810023198492,27.5011268629649,27.4206054372245,27.6770516890958,27.6469141389248,27.4960960902657,27.4155707879898,27.4357079298451,27.651937666319,27.4608739026253,27.5665048985609,27.6117426966131,27.4508082405489,27.651937666319,27.6067172400882,27.6117426966131,27.551421285667,27.5564493982478,27.4608739026253,27.3752848587436,27.3652109487011,27.3702480251596,27.3903939025862,27.385357797423,27.4206054372245,27.3954297650103,27.3954297650103,27.4659063702468,27.5564493982478,27.475970578825,27.5162177292145,27.4960960902657,27.3702480251596,27.4055007617757,27.5413643354891,27.6670068026902,28.0980703444506,28.2879782051969,28.2829850186196,28.2430309971616,27.7021596912783,27.4256398439229,27.234161600755,27.1382905826503,27.2190299285684,27.2442481632001,27.4306740081185,27.385357797423,27.3249055894848,27.5313064183988,27.812563481855,28.0079941248089,28.048037534235,28.0680535169536,27.9078187463413,27.8476675914376,27.4608739026253,27.631842110463,28.0130003858666,28.043032942706,28.0130003858666,27.9729436137625,28.0580460022081,27.9879666938923,27.9529094959747,27.7021596912783,27.7021596912783,27.6670068026902,27.8877721929225,27.9128297863749,27.8075476496238,27.7824648884334,27.837639044803,27.7021596912783,27.8276095391327,27.8075476496238,27.9128297863749,27.8025315774346,27.9128297863749,28.0029876251156,28.0330230443987,27.9479003691149,27.6720293663216,27.6619839981682,27.5463929314253,27.5413643354891,27.5162177292145,27.6368663610303,27.7623943574465,27.6268176187712,27.777447615956,27.8727347639835,27.8276095391327,27.7674123504958,27.7874819207868,27.7222417610001,27.8476675914376,27.8576951793018,27.7322813525865,27.7473389366228,27.7272616770383,27.7423199823454,27.6670068026902,27.6770516890958,27.6268176187712,27.6418903705064,27.7122012073196,27.6670068026902,27.5614772692013,27.4810023198492,27.4608739026253,27.4155707879898,27.6067172400882,27.5111876824057,27.4659063702468,27.4004653847288,27.3803214494867,27.3652109487011,27.3954297650103,27.3954297650103,27.385357797423,27.3601736293342,27.3450602134443,27.2442481632001,27.3349833876879,27.4407416091366,27.4508082405489,27.2543337507527,27.3500982617396,27.1483864201735,27.2038960613414,27.1433386236146,27.1584812802121,27.3752848587436,27.2392050038562,27.2190299285684,27.2240740631453,27.2593761790295,27.3198663256309,27.2543337507527,27.3954297650103,27.3450602134443,27.4105358961847,27.3702480251596,27.385357797423,27.2442481632001,27.2442481632001,27.2291179538628,27.2896256338382,27.2997068377419,27.3299446101592,27.3601736293342,27.355136067025,27.4457750460266,27.5765594326333,27.4709385956355,27.3752848587436,27.3601736293342,27.5111876824057,27.6217928859212,27.506157393667,27.3954297650103,27.2845846667777,27.2442481632001,27.3500982617396,27.2896256338382,27.2997068377419,27.2038960613414,27.3652109487011,27.2845846667777,27.2089409277006,27.2694603047538,27.1837141556074,27.178668068929,27.1281937673691,27.0726437936639,27.0170641889031,27.2038960613414,27.2745020022695,27.3299446101592,27.2896256338382,27.2896256338382,27.1837141556074,27.2038960613414,27.1635283437601,27.1130467105523,27.1584812802121,27.1988509509866,27.057488660176,27.052436459084
27.8777474797793,28.0880656878123,28.0830630023446,28.0079941248089,28.0680535169536,27.9879666938923,28.1230778208426,27.9979808867536,27.9078187463413,27.7322813525865,27.5815863374129,27.4810023198492,27.3249055894848,27.3652109487011,27.2593761790295,27.4206054372245,27.4810023198492,27.5866130007331,27.651937666319,27.9729436137625,27.9378813982687,27.9278614710339,27.9328715542163,27.9178405871461,27.9328715542163,27.892784190336,27.8276095391327,27.6921172126096,27.5966656031286,27.5564493982478,27.892784190336,27.6820737710463,27.6117426966131,27.5715322863604,27.4910650755359,27.3500982617396,27.3702480251596,27.4709385956355,27.5614772692013,27.6971385722891,27.5463929314253,27.4206054372245,27.4608739026253,27.4659063702468,27.309787068249,27.3148268185636,27.4960960902657,27.6921172126096,27.5363354978248,27.5866130007331,27.4407416091366,27.4155707879898,27.385357797423,27.5011268629649,27.5765594326333,27.5966656031286,27.5815863374129,27.5614772692013,27.4960960902657,27.6770516890958,27.651937666319,27.6016915422711,27.6418903705064,27.506157393667,27.4206054372245,27.5614772692013,27.6469141389248,27.4457750460266,27.3652109487011,27.4508082405489,27.3752848587436,27.3652109487011,27.3954297650103,27.5363354978248,27.4508082405489,27.4960960902657,27.4206054372245,27.4457750460266,27.4810023198492,27.4810023198492,27.3803214494867,27.6117426966131,27.4558411927372,27.4860338187415,27.4910650755359,27.6670068026902,28.0980703444506,28.2380356778862,28.0930681351701,28.1180768014564,27.7272616770383,27.3450602134443,27.234161600755,27.3500982617396,27.1079972024379,27.2392050038562,27.2896256338382,27.4256398439229,27.5715322863604,27.7473389366228,27.9378813982687,28.0680535169536,28.0780600787342,28.2330401214815,27.8627086137778,27.7373007876777,27.8276095391327,27.8476675914376,28.0780600787342,28.0180064083215,28.063049878718,27.9779515459613,28.0180064083215,27.9579183838364,27.9428910032239,27.9428910032239,27.8326244118639,27.8476675914376,27.8677218086608,27.9078187463413,27.7071805696107,27.6569609527223,27.8576951793018,27.8225944265762,27.777447615956,27.7373007876777,27.5665048985609,27.5715322863604,27.837639044803,28.0130003858666,28.0130003858666,27.6770516890958,27.6720293663216,27.551421285667,27.7021596912783,27.5463929314253,27.6217928859212,27.6418903705064,27.6217928859212,27.6820737710463,27.9278614710339,27.8627086137778,27.7924987130493,27.8075476496238,27.7824648884334,27.7874819207868,27.812563481855,27.9579183838364,27.6368663610303,27.6770516890958,27.7423199823454,27.4860338187415,27.7222417610001,27.6670068026902,27.6770516890958,27.7674123504958,27.7272616770383,27.6167679118797,27.5564493982478,27.475970578825,27.5313064183988,27.4407416091366,27.4004653847288,27.5413643354891,27.4206054372245,27.3903939025862,27.4055007617757,27.4105358961847,27.3652109487011,27.3803214494867,27.2946663574817,27.3702480251596,27.3047470746531,27.3198663256309,27.4608739026253,27.4206054372245,27.3601736293342,27.3249055894848,27.2896256338382,27.4004653847288,27.3198663256309,27.2240740631453,27.3148268185636,27.3500982617396,27.3500982617396,27.2997068377419,27.3500982617396,27.3601736293342,27.3349833876879,27.2694603047538,27.3349833876879,27.4256398439229,27.6217928859212,27.6217928859212,27.3652109487011,27.4357079298451,27.2593761790295,27.3047470746531,27.4105358961847,27.3198663256309,27.3500982617396,27.3500982617396,27.3198663256309,27.3752848587436,27.5011268629649,27.5011268629649,27.4306740081185,27.309787068249,27.3752848587436,27.5111876824057,27.475970578825,27.3500982617396,27.385357797423,27.3803214494867,27.3500982617396,27.2896256338382,27.2492910788209,27.3652109487011,27.4004653847288,27.309787068249,27.3198663256309,27.3903939025862,27.2694603047538,27.1584812802121,27.2946663574817,27.1584812802121,27.234161600755,27.3148268185636,27.3047470746531,27.3249055894848,27.4155707879898,27.3450602134443,27.2392050038562,27.3299446101592,27.2139855500982,27.2139855500982,27.0726437936639,27.1029474496787,27.0726437936639,27.057488660176
27.8827599560813,27.9929739096901,28.0079941248089,28.1280786023483,28.1230778208426,28.1230778208426,28.1180768014564,28.1280786023483,28.0980703444506,27.9228511486881,27.9328715542163,27.6619839981682,27.6670068026902,27.5665048985609,27.5815863374129,27.4457750460266,27.4357079298451,27.5866130007331,27.6971385722891,27.7724301033211,27.9178405871461,27.8526815051994,27.892784190336,27.9328715542163,27.8627086137778,27.9178405871461,27.8627086137778,27.6921172126096,27.5665048985609,27.5212475341273,27.5715322863604,27.5815863374129,27.5665048985609,27.4860338187415,27.4810023198492,27.4357079298451,27.234161600755,27.4910650755359,27.5011268629649,27.5564493982478,27.4357079298451,27.3903939025862,27.4357079298451,27.6469141389248,27.4508082405489,27.4155707879898,27.3299446101592,27.4860338187415,27.631842110463,27.5011268629649,27.4910650755359,27.4457750460266,27.3752848587436,27.506157393667,27.6067172400882,27.4004653847288,27.4960960902657,27.4457750460266,27.651937666319,27.6569609527223,27.6569609527223,27.651937666319,27.5665048985609,27.4910650755359,27.4407416091366,27.3450602134443,27.651937666319,27.5463929314253,27.3299446101592,27.3803214494867,27.3752848587436,27.4206054372245,27.3299446101592,27.506157393667,27.506157393667,27.5011268629649,27.4608739026253,27.7021596912783,27.6418903705064,27.6418903705064,27.5916394226271,27.6368663610303,27.5614772692013,27.340021922105,27.4709385956355,27.651937666319,27.6619839981682,27.6770516890958,27.7824648884334,28.1230778208426,27.7122012073196,27.4357079298451,27.3047470746531,27.2593761790295,27.2745020022695,27.2442481632001,27.385357797423,27.7423199823454,28.0280177375547,28.063049878718,28.0730569169481,27.962927032733,28.2030618015135,28.0980703444506,27.8877721929225,27.6016915422711,27.7322813525865,27.8526815051994,28.0530418873914,28.1980645842911,27.9879666938923,27.7623943574465,27.8627086137778,27.8576951793018,27.6971385722891,27.7122012073196,27.5765594326333,27.5866130007331,27.9479003691149,27.9729436137625,27.7373007876777,27.6469141389248,27.5966656031286,27.6217928859212,27.5866130007331,27.5262770971775,27.5916394226271,27.8276095391327,28.0029876251156,27.8576951793018,27.7272616770383,27.7272616770383,27.631842110463,27.5363354978248,27.6167679118797,27.5212475341273,27.6619839981682,27.7322813525865,27.8426534379831,27.8526815051994,27.8727347639835,27.8977959483549,27.962927032733,27.8075476496238,27.7724301033211,27.631842110463,27.7924987130493,27.7473389366228,27.6217928859212,27.7623943574465,27.7373007876777,27.7924987130493,27.7975152652541,27.7975152652541,27.8526815051994,27.6268176187712,27.6268176187712,27.5313064183988,27.5011268629649,27.3752848587436,27.3349833876879,27.4457750460266,27.3903939025862,27.4558411927372,27.4407416091366,27.3903939025862,27.2492910788209,27.3903939025862,27.2038960613414,27.3903939025862,27.2845846667777,27.2240740631453,27.2593761790295,27.2644183636851,27.4306740081185,27.3450602134443,27.2644183636851,27.2543337507527,27.3652109487011,27.1332422972466,27.1332422972466,27.2492910788209,27.3702480251596,27.3450602134443,27.2644183636851,27.340021922105,27.3249055894848,27.3299446101592,27.340021922105,27.2543337507527,27.3349833876879,27.4155707879898,27.475970578825,27.4105358961847,27.4558411927372,27.2240740631453,27.2946663574817,27.2392050038562,27.340021922105,27.3349833876879,27.3299446101592,27.340021922105,27.3702480251596,27.3601736293342,27.385357797423,27.3198663256309,27.2997068377419,27.2442481632001,27.3198663256309,27.4457750460266,27.340021922105,27.4659063702468,27.340021922105,27.1736217380844,27.3047470746531,27.3903939025862,27.4105358961847,27.2997068377419,27.3500982617396,27.3198663256309,27.3450602134443,27.2190299285684,27.1887599981537,27.193805596602,27.0978974522403,27.2190299285684,27.2442481632001,27.4357079298451,27.2644183636851,27.3652109487011,27.1382905826503,27.3349833876879,27.2543337507527,27.2442481632001,27.2139855500982,27.234161600755,27.1231449929837,27.1281937673691,27.0776950150114,27.0928472100887
27.9278614710339,27.8677218086608,27.9428910032239,27.9729436137625,27.9879666938923,27.9879666938923,27.9028074670123,27.9679354426974,27.9028074670123,28.0980703444506,27.9228511486881,27.9278614710339,27.8827599560813,27.7573761241401,27.5011268629649,27.5916394226271,27.5866130007331,27.5815863374129,27.631842110463,27.8777474797793,28.0380281127715,27.9779515459613,28.0230121922066,27.9479003691149,27.8476675914376,27.9529094959747,27.9128297863749,27.7975152652541,27.6016915422711,27.5916394226271,27.5815863374129,27.6870956122065,27.506157393667,27.475970578825,27.4206054372245,27.4105358961847,27.5262770971775,27.4810023198492,27.5564493982478,27.5262770971775,27.4910650755359,27.3954297650103,27.4709385956355,27.5363354978248,27.506157393667,27.4659063702468,27.4004653847288,27.475970578825,27.6268176187712,27.5011268629649,27.4558411927372,27.4709385956355,27.4810023198492,27.5011268629649,27.5966656031286,27.6217928859212,27.5866130007331,27.6820737710463,27.8677218086608,27.837639044803,27.6469141389248,27.6619839981682,27.6820737710463,27.506157393667,27.4155707879898,27.3601736293342,27.5916394226271,27.6167679118797,27.4105358961847,27.3601736293342,27.5614772692013,27.4256398439229,27.3198663256309,27.4960960902657,27.5966656031286,27.4457750460266,27.8677218086608,28.0680535169536,28.0730569169481,27.7924987130493,27.6670068026902,27.6670068026902,27.5111876824057,27.777447615956,27.7423199823454,27.6569609527223,27.5262770971775,27.4810023198492,27.7724301033211,28.0780600787342,27.8025315774346,27.7071805696107,27.962927032733,28.0230121922066,28.0880656878123,27.8677218086608,28.0230121922066,28.048037534235,28.0280177375547,28.0580460022081,28.048037534235,28.048037534235,28.048037534235,28.0930681351701,27.9028074670123,27.6720293663216,27.5715322863604,27.8727347639835,27.8276095391327,28.0380281127715,27.8727347639835,27.651937666319,27.7473389366228,27.5262770971775,27.7272616770383,27.7021596912783,27.631842110463,27.7021596912783,27.8025315774346,27.9679354426974,27.7674123504958,27.9178405871461,28.0680535169536,27.7122012073196,27.6016915422711,27.4860338187415,27.4910650755359,27.551421285667,27.9979808867536,27.9529094959747,27.9028074670123,27.7322813525865,27.7322813525865,27.5765594326333,27.6418903705064,27.6619839981682,27.6820737710463,27.7473389366228,27.9178405871461,27.8175790741614,27.9178405871461,27.9779515459613,28.048037534235,28.048037534235,27.9679354426974,27.8225944265762,27.9729436137625,27.9428910032239,27.8025315774346,27.9278614710339,27.8025315774346,27.7874819207868,27.5815863374129,27.7021596912783,27.651937666319,27.6167679118797,27.6117426966131,27.5614772692013,27.5916394226271,27.5212475341273,27.3903939025862,27.4306740081185,27.4357079298451,27.5815863374129,27.4004653847288,27.2442481632001,27.2644183636851,27.3249055894848,27.340021922105,27.3349833876879,27.3047470746531,27.2795434562661,27.3803214494867,27.2946663574817,27.4055007617757,27.3500982617396,27.3349833876879,27.3903939025862,27.2492910788209,27.2543337507527,27.385357797423,27.4910650755359,27.4155707879898,27.3702480251596,27.3803214494867,27.3349833876879,27.309787068249,27.3702480251596,27.2644183636851,27.2946663574817,27.4206054372245,27.4256398439229,27.4860338187415,27.5011268629649,27.4357079298451,27.4457750460266,27.3803214494867,27.5665048985609,27.3299446101592,27.3249055894848,27.3349833876879,27.3349833876879,27.3349833876879,27.355136067025,27.5262770971775,27.4558411927372,27.3954297650103,27.3299446101592,27.309787068249,27.3601736293342,27.4407416091366,27.3752848587436,27.551421285667,27.4004653847288,27.3450602134443,27.2845846667777,27.3249055894848,27.3702480251596,27.3299446101592,27.2392050038562,27.340021922105,27.3349833876879,27.1534339723613,27.4206054372245,27.234161600755,27.3148268185636,27.234161600755,27.309787068249,27.2745020022695,27.4457750460266,27.4055007617757,27.234161600755,27.3299446101592,27.2139855500982,27.309787068249,27.0726437936639,27.2240740631453,27.1584812802121,27.1382905826503,27.193805596602
28.3179323529188,28.1430795199092,27.9278614710339,27.8727347639835,27.6670068026902,27.5313064183988,27.6720293663216,27.5966656031286,27.5916394226271,27.5866130007331,27.5815863374129,27.7423199823454,27.7473389366228,27.6167679118797,27.5614772692013,27.6217928859212,27.6117426966131,27.7222417610001,27.631842110463,27.7222417610001,27.7975152652541,27.7975152652541,27.9028074670123,28.0830630023446,28.0130003858666,28.0330230443987,27.7523576505433,27.9479003691149,27.6670068026902,27.6670068026902,27.6820737710463,27.5815863374129,27.5715322863604,27.385357797423,27.4810023198492,27.3954297650103,27.5262770971775,27.385357797423,27.385357797423,27.7272616770383,27.6619839981682,27.506157393667,27.6268176187712,27.4810023198492,27.4960960902657,27.4709385956355,27.6217928859212,27.7674123504958,27.6418903705064,27.4960960902657,27.3249055894848,27.4155707879898,27.4256398439229,27.4407416091366,27.4709385956355,27.6418903705064,27.6117426966131,27.6167679118797,27.5413643354891,27.6870956122065,27.4256398439229,27.6720293663216,27.5715322863604,27.5665048985609,27.385357797423,27.3702480251596,27.4860338187415,27.6418903705064,27.3702480251596,27.5111876824057,27.4055007617757,27.385357797423,27.4206054372245,27.5262770971775,27.5212475341273,27.6217928859212,27.9028074670123,28.0130003858666,27.8476675914376,27.7021596912783,27.7272616770383,27.7924987130493,27.5011268629649,27.7573761241401,27.6921172126096,27.7573761241401,27.7122012073196,27.9479003691149,27.9328715542163,28.1180768014564,28.223048297154,28.0980703444506,27.9428910032239,28.0780600787342,28.0530418873914,28.0380281127715,27.9328715542163,28.1130755441568,28.228044327915,28.1130755441568,28.048037534235,28.0029876251156,27.9579183838364,28.0730569169481,27.9479003691149,27.5162177292145,27.4810023198492,27.6971385722891,27.6469141389248,27.8777474797793,27.9128297863749,27.6870956122065,27.5262770971775,27.4960960902657,27.5162177292145,27.7122012073196,27.4407416091366,27.506157393667,27.506157393667,27.9178405871461,28.0380281127715,27.9278614710339,27.7523576505433,27.7322813525865,27.6418903705064,27.5463929314253,27.5363354978248,27.5463929314253,27.9178405871461,27.8777474797793,27.7272616770383,27.8225944265762,27.6971385722891,27.5363354978248,27.6067172400882,27.6268176187712,27.7322813525865,27.9228511486881,27.7674123504958,27.837639044803,28.0330230443987,27.9178405871461,27.9128297863749,28.0280177375547,27.9579183838364,27.9378813982687,28.0079941248089,27.9128297863749,27.8426534379831,27.8677218086608,27.6720293663216,27.8025315774346,27.6870956122065,27.6921172126096,27.7172216044382,27.7874819207868,27.6217928859212,27.7423199823454,27.5966656031286,27.5413643354891,27.3954297650103,27.4155707879898,27.3652109487011,27.4709385956355,27.6067172400882,27.4206054372245,27.3903939025862,27.4004653847288,27.5162177292145,27.3702480251596,27.3500982617396,27.3954297650103,27.3752848587436,27.4457750460266,27.506157393667,27.5413643354891,27.5715322863604,27.6268176187712,27.4709385956355,27.4105358961847,27.4910650755359,27.3954297650103,27.4155707879898,27.4206054372245,27.3500982617396,27.1534339723613,27.2492910788209,27.4055007617757,27.3652109487011,27.3903939025862,27.4155707879898,27.4206054372245,27.4206054372245,27.3601736293342,27.3903939025862,27.3249055894848,27.4960960902657,27.6117426966131,27.5011268629649,27.3954297650103,27.3803214494867,27.3450602134443,27.355136067025,27.3601736293342,27.4306740081185,27.3803214494867,27.340021922105,27.2946663574817,27.309787068249,27.2291179538628,27.2038960613414,27.3601736293342,27.4659063702468,27.5162177292145,27.3249055894848,27.3299446101592,27.309787068249,27.3249055894848,27.340021922105,27.2492910788209,27.3803214494867,27.2593761790295,27.2139855500982,27.2442481632001,27.2694603047538,27.355136067025,27.4810023198492,27.3652109487011,27.5162177292145,27.355136067025,27.3249055894848,27.2694603047538,27.3198663256309,27.355136067025,27.2795434562661,27.2291179538628,27.2190299285684,27.1281937673691,27.1584812802121,27.1231449929837
28.1030723156867,28.1030723156867,28.0980703444506,27.9679354426974,28.0380281127715,27.6469141389248,27.3954297650103,27.3803214494867,27.385357797423,27.5916394226271,27.4810023198492,27.4860338187415,27.4860338187415,27.4960960902657,27.4810023198492,27.5262770971775,27.5564493982478,27.5212475341273,27.5564493982478,27.4508082405489,27.8827599560813,27.9178405871461,28.0130003858666,27.9228511486881,27.9529094959747,27.9278614710339,28.1130755441568,27.8326244118639,27.8677218086608,27.6067172400882,27.5715322863604,27.5765594326333,27.5765594326333,27.4457750460266,27.4155707879898,27.506157393667,27.5162177292145,27.5111876824057,27.385357797423,27.5665048985609,27.7573761241401,27.6167679118797,27.4860338187415,27.4960960902657,27.4608739026253,27.6217928859212,27.777447615956,27.7021596912783,27.5162177292145,27.5111876824057,27.506157393667,27.3249055894848,27.4155707879898,27.4357079298451,27.6167679118797,27.6268176187712,27.4558411927372,27.4055007617757,27.355136067025,27.4004653847288,27.385357797423,27.3903939025862,27.3803214494867,27.4659063702468,27.385357797423,27.475970578825,27.3903939025862,27.6217928859212,27.4206054372245,27.4558411927372,27.4508082405489,27.3652109487011,27.4407416091366,27.5413643354891,27.3903939025862,27.6268176187712,27.6217928859212,27.7222417610001,27.8476675914376,27.7573761241401,27.6870956122065,27.7272616770383,27.7021596912783,27.6469141389248,27.6418903705064,27.6016915422711,27.7674123504958,27.7874819207868,27.7222417610001,27.7874819207868,28.0180064083215,28.0530418873914,27.8075476496238,27.8877721929225,27.8877721929225,27.7975152652541,27.8526815051994,27.8175790741614,27.8075476496238,27.9929739096901,27.9679354426974,27.9078187463413,27.506157393667,27.651937666319,27.777447615956,27.6469141389248,27.5463929314253,27.4709385956355,27.631842110463,27.6770516890958,27.7573761241401,27.4608739026253,27.4457750460266,27.4055007617757,27.4306740081185,27.506157393667,27.4960960902657,27.4910650755359,27.5363354978248,27.9779515459613,28.0780600787342,27.9328715542163,27.9328715542163,27.7222417610001,27.7523576505433,27.4206054372245,27.5564493982478,27.6067172400882,27.8075476496238,27.6117426966131,27.7222417610001,27.7423199823454,27.7373007876777,27.7222417610001,27.5463929314253,27.6921172126096,27.6870956122065,27.4306740081185,27.5363354978248,27.7573761241401,27.8225944265762,27.812563481855,27.9378813982687,28.0380281127715,28.043032942706,28.14807935022,28.0330230443987,27.9428910032239,27.8075476496238,27.6670068026902,27.5564493982478,27.5765594326333,27.5665048985609,27.551421285667,27.6720293663216,27.7674123504958,27.5413643354891,27.5966656031286,27.7473389366228,27.5815863374129,27.506157393667,27.4608739026253,27.4508082405489,27.4558411927372,27.3903939025862,27.2745020022695,27.3954297650103,27.2543337507527,27.4004653847288,27.4105358961847,27.3148268185636,27.3450602134443,27.5212475341273,27.5916394226271,27.7523576505433,27.7423199823454,27.7473389366228,27.5815863374129,27.5715322863604,27.6067172400882,27.6016915422711,27.4709385956355,27.2946663574817,27.3148268185636,27.4206054372245,27.4105358961847,27.234161600755,27.4105358961847,27.385357797423,27.4206054372245,27.4960960902657,27.4105358961847,27.5111876824057,27.506157393667,27.4810023198492,27.4860338187415,27.5916394226271,27.5966656031286,27.5815863374129,27.4357079298451,27.4558411927372,27.385357797423,27.3601736293342,27.3752848587436,27.4357079298451,27.5011268629649,27.4206054372245,27.4508082405489,27.3903939025862,27.2492910788209,27.3148268185636,27.3601736293342,27.4960960902657,27.3198663256309,27.3249055894848,27.4306740081185,27.3299446101592,27.3148268185636,27.2946663574817,27.340021922105,27.2543337507527,27.2139855500982,27.2795434562661,27.340021922105,27.3450602134443,27.2946663574817,27.5011268629649,27.4055007617757,27.3601736293342,27.3803214494867,27.2190299285684,27.2795434562661,27.3148268185636,27.3148268185636,27.3047470746531,27.1837141556074,27.2089409277006,27.1180959740562,27.052436459084,27.1231449929837
27.7924987130493,27.9028074670123,27.9529094959747,27.9328715542163,28.063049878718,27.9529094959747,27.5715322863604,27.2946663574817,27.3652109487011,27.2442481632001,27.2845846667777,27.3148268185636,27.3702480251596,27.2946663574817,27.2694603047538,27.3198663256309,27.4508082405489,27.3903939025862,27.6167679118797,27.4457750460266,27.4910650755359,27.6770516890958,27.6469141389248,27.837639044803,27.9529094959747,27.962927032733,27.7924987130493,27.6067172400882,27.4306740081185,27.6016915422711,27.475970578825,27.475970578825,27.3752848587436,27.5011268629649,27.4508082405489,27.6870956122065,27.631842110463,27.651937666319,27.7924987130493,27.7623943574465,27.7523576505433,27.6720293663216,27.6217928859212,27.4206054372245,27.4910650755359,27.7222417610001,27.7623943574465,27.4508082405489,27.5011268629649,27.3903939025862,27.3249055894848,27.3500982617396,27.3500982617396,27.5363354978248,27.7423199823454,27.5665048985609,27.4004653847288,27.4910650755359,27.4105358961847,27.3198663256309,27.385357797423,27.4256398439229,27.4206054372245,27.3752848587436,27.3702480251596,27.385357797423,27.475970578825,27.5866130007331,27.631842110463,27.5564493982478,27.6418903705064,27.6619839981682,27.5363354978248,27.6217928859212,27.4910650755359,27.7824648884334,27.9228511486881,27.8727347639835,27.7172216044382,27.6870956122065,27.8175790741614,27.777447615956,27.6820737710463,27.5011268629649,27.551421285667,27.5111876824057,27.7423199823454,27.8877721929225,27.5665048985609,27.631842110463,27.8025315774346,27.7523576505433,27.6469141389248,27.7824648884334,27.8225944265762,28.0730569169481,28.0680535169536,28.048037534235,27.8175790741614,27.9078187463413,27.8426534379831,27.7975152652541,27.7473389366228,27.5011268629649,27.7674123504958,27.6469141389248,27.5916394226271,27.7021596912783,27.651937666319,27.7473389366228,27.6167679118797,27.4709385956355,27.4659063702468,27.3299446101592,27.2997068377419,27.5614772692013,27.6117426966131,27.4206054372245,27.6720293663216,27.962927032733,27.8827599560813,27.6016915422711,27.7272616770383,27.9128297863749,27.8827599560813,27.5463929314253,27.5866130007331,27.9078187463413,27.8877721929225,27.8225944265762,27.7322813525865,27.7322813525865,27.6016915422711,27.7122012073196,27.551421285667,27.4709385956355,27.385357797423,27.5313064183988,27.7373007876777,27.7373007876777,27.8075476496238,27.8175790741614,27.9328715542163,28.043032942706,28.1680762946208,28.0730569169481,27.9328715542163,27.8025315774346,27.7172216044382,27.7172216044382,27.4810023198492,27.3803214494867,27.6217928859212,27.5665048985609,27.5715322863604,27.6368663610303,27.5011268629649,27.6117426966131,27.6016915422711,27.5866130007331,27.506157393667,27.475970578825,27.5313064183988,27.4709385956355,27.2896256338382,27.3198663256309,27.3349833876879,27.2392050038562,27.3047470746531,27.2946663574817,27.3702480251596,27.4206054372245,27.4407416091366,27.5212475341273,27.6418903705064,27.5765594326333,27.7423199823454,27.3500982617396,27.2492910788209,27.2442481632001,27.2139855500982,27.3652109487011,27.4558411927372,27.2896256338382,27.4004653847288,27.3803214494867,27.2795434562661,27.2997068377419,27.4004653847288,27.3601736293342,27.3652109487011,27.4256398439229,27.4306740081185,27.4910650755359,27.4155707879898,27.4860338187415,27.385357797423,27.4155707879898,27.506157393667,27.5011268629649,27.4659063702468,27.4659063702468,27.4910650755359,27.5111876824057,27.3652109487011,27.3249055894848,27.4357079298451,27.3148268185636,27.3299446101592,27.2946663574817,27.2139855500982,27.3752848587436,27.3047470746531,27.355136067025,27.2845846667777,27.3198663256309,27.2896256338382,27.340021922105,27.2442481632001,27.2442481632001,27.3148268185636,27.2795434562661,27.2392050038562,27.234161600755,27.3299446101592,27.340021922105,27.2896256338382,27.3450602134443,27.385357797423,27.2845846667777,27.3148268185636,27.2795434562661,27.3047470746531,27.193805596602,27.1584812802121,27.1534339723613,27.1079972024379,27.1332422972466,27.1483864201735,27.1483864201735
27.4709385956355,27.7473389366228,27.9278614710339,27.8225944265762,27.9679354426974,28.0730569169481,28.0680535169536,27.6167679118797,27.3903939025862,27.3148268185636,27.2492910788209,27.3148268185636,27.2694603047538,27.3652109487011,27.2845846667777,27.2845846667777,27.2946663574817,27.2997068377419,27.4105358961847,27.4608739026253,27.385357797423,27.5162177292145,27.6870956122065,28.0980703444506,28.1080740489112,27.8526815051994,27.6016915422711,27.4960960902657,27.4306740081185,27.475970578825,27.6820737710463,27.7674123504958,27.6469141389248,27.5564493982478,27.5564493982478,27.4206054372245,27.7222417610001,27.962927032733,27.777447615956,27.7674123504958,27.6569609527223,27.5866130007331,27.6469141389248,27.7122012073196,27.8877721929225,28.0880656878123,27.7222417610001,27.5363354978248,27.5715322863604,27.4306740081185,27.4910650755359,27.5363354978248,27.6268176187712,27.6217928859212,27.5413643354891,27.5463929314253,27.4558411927372,27.4407416091366,27.309787068249,27.3249055894848,27.3500982617396,27.3803214494867,27.385357797423,27.4055007617757,27.5413643354891,27.3500982617396,27.4256398439229,27.4508082405489,27.5011268629649,27.5614772692013,27.6720293663216,27.6167679118797,27.5866130007331,27.5363354978248,27.5212475341273,27.8025315774346,27.9178405871461,27.6418903705064,27.7021596912783,27.6569609527223,27.9278614710339,27.6770516890958,27.506157393667,27.5212475341273,27.5413643354891,27.506157393667,27.5815863374129,27.7473389366228,27.5866130007331,27.7071805696107,27.7322813525865,27.5916394226271,27.7322813525865,28.048037534235,27.9278614710339,28.0380281127715,28.0680535169536,27.9879666938923,27.8225944265762,27.6469141389248,27.9679354426974,27.9128297863749,27.8225944265762,27.7423199823454,27.6167679118797,27.7222417610001,27.6418903705064,27.631842110463,27.5715322863604,27.5463929314253,27.5212475341273,27.551421285667,27.5614772692013,27.3299446101592,27.385357797423,27.4306740081185,27.4860338187415,27.4910650755359,27.9428910032239,28.1030723156867,27.6921172126096,27.4357079298451,27.6971385722891,27.7222417610001,27.9479003691149,27.892784190336,27.8777474797793,27.9228511486881,27.8777474797793,27.7573761241401,28.0130003858666,27.7272616770383,27.7172216044382,27.6016915422711,27.5665048985609,27.5363354978248,27.5212475341273,27.6117426966131,27.812563481855,27.9929739096901,28.0079941248089,28.0380281127715,28.1580782977234,28.0830630023446,28.0330230443987,27.812563481855,27.5765594326333,27.5715322863604,27.6971385722891,27.6117426966131,27.5665048985609,27.6117426966131,27.475970578825,27.4659063702468,27.6016915422711,27.6418903705064,27.4810023198492,27.4608739026253,27.5765594326333,27.5966656031286,27.6117426966131,27.5463929314253,27.5111876824057,27.5313064183988,27.4810023198492,27.4256398439229,27.3752848587436,27.3047470746531,27.234161600755,27.3349833876879,27.3954297650103,27.4558411927372,27.5111876824057,27.4608739026253,27.506157393667,27.3903939025862,27.2896256338382,27.2038960613414,27.3652109487011,27.340021922105,27.4659063702468,27.3803214494867,27.3601736293342,27.5313064183988,27.3954297650103,27.1887599981537,27.3752848587436,27.4105358961847,27.3450602134443,27.4004653847288,27.4256398439229,27.5212475341273,27.5363354978248,27.5011268629649,27.4709385956355,27.385357797423,27.3299446101592,27.4105358961847,27.4608739026253,27.4206054372245,27.4558411927372,27.5815863374129,27.7071805696107,27.6067172400882,27.4960960902657,27.4306740081185,27.4256398439229,27.355136067025,27.3601736293342,27.3601736293342,27.2644183636851,27.2845846667777,27.3702480251596,27.3047470746531,27.5011268629649,27.2997068377419,27.340021922105,27.3249055894848,27.2543337507527,27.2845846667777,27.3349833876879,27.2492910788209,27.2190299285684,27.2038960613414,27.2745020022695,27.3450602134443,27.2745020022695,27.3903939025862,27.355136067025,27.2896256338382,27.3299446101592,27.2997068377419,27.2795434562661,27.2795434562661,27.1584812802121,27.1837141556074,27.178668068929,27.1887599981537,27.1736217380844,27.1635283437601
27.5212475341273,27.3702480251596,27.5313064183988,27.6418903705064,27.8175790741614,28.0180064083215,27.8426534379831,27.6870956122065,27.8677218086608,27.8977959483549,27.4004653847288,27.3752848587436,27.2997068377419,27.2795434562661,27.2946663574817,27.2946663574817,27.2946663574817,27.3047470746531,27.4256398439229,27.5011268629649,27.5463929314253,27.651937666319,28.0230121922066,28.2979638679726,27.9529094959747,27.8526815051994,27.6016915422711,27.5262770971775,27.4206054372245,27.5011268629649,27.6117426966131,27.7573761241401,27.4810023198492,27.4709385956355,27.4910650755359,27.5715322863604,27.5011268629649,27.6418903705064,27.6569609527223,27.7874819207868,27.5866130007331,27.6117426966131,27.651937666319,27.8627086137778,27.8777474797793,27.8727347639835,27.6971385722891,27.4910650755359,27.506157393667,27.6067172400882,27.4306740081185,27.7674123504958,27.6418903705064,27.5313064183988,27.5212475341273,27.5313064183988,27.4709385956355,27.3752848587436,27.3500982617396,27.4004653847288,27.4004653847288,27.4055007617757,27.4256398439229,27.4457750460266,27.4357079298451,27.3349833876879,27.4810023198492,27.6368663610303,27.6720293663216,27.631842110463,27.6770516890958,27.7122012073196,27.6770516890958,27.6368663610303,27.7824648884334,27.9278614710339,28.1930671296786,27.7975152652541,27.5765594326333,27.777447615956,27.7071805696107,27.631842110463,27.5715322863604,27.5212475341273,27.5413643354891,27.4306740081185,27.5815863374129,27.5665048985609,27.4256398439229,27.4105358961847,27.5815863374129,27.5815863374129,27.812563481855,27.7523576505433,27.7473389366228,27.4508082405489,27.6067172400882,27.8075476496238,27.9729436137625,27.8075476496238,27.982959239327,28.0780600787342,27.7674123504958,27.7373007876777,27.7322813525865,27.631842110463,27.8526815051994,27.8175790741614,27.6670068026902,27.651937666319,27.6117426966131,27.5665048985609,27.5463929314253,27.5111876824057,27.4960960902657,27.4105358961847,27.4960960902657,27.6067172400882,27.7322813525865,27.7975152652541,27.6067172400882,27.6469141389248,27.4860338187415,27.7071805696107,27.9128297863749,27.7623943574465,28.0230121922066,27.9729436137625,27.8576951793018,27.8677218086608,27.8326244118639,27.8677218086608,27.8326244118639,27.7373007876777,27.7423199823454,27.7573761241401,27.7272616770383,27.7322813525865,27.7874819207868,27.9979808867536,27.9979808867536,28.0730569169481,28.0530418873914,27.8476675914376,27.8225944265762,27.5815863374129,27.5966656031286,27.5916394226271,27.7021596912783,27.7322813525865,27.5765594326333,27.6770516890958,27.5866130007331,27.5715322863604,27.5463929314253,27.6016915422711,27.6016915422711,27.5413643354891,27.5413643354891,27.6368663610303,27.5866130007331,27.5212475341273,27.5011268629649,27.3349833876879,27.4960960902657,27.309787068249,27.3148268185636,27.2896256338382,27.2896256338382,27.3299446101592,27.3349833876879,27.3752848587436,27.4709385956355,27.4860338187415,27.4659063702468,27.4910650755359,27.355136067025,27.3702480251596,27.340021922105,27.3752848587436,27.5162177292145,27.4960960902657,27.4558411927372,27.5262770971775,27.5212475341273,27.2845846667777,27.4055007617757,27.2795434562661,27.3047470746531,27.4306740081185,27.3652109487011,27.4960960902657,27.5614772692013,27.4457750460266,27.5162177292145,27.5262770971775,27.4357079298451,27.3299446101592,27.4055007617757,27.4206054372245,27.3803214494867,27.4206054372245,27.5765594326333,27.4659063702468,27.6016915422711,27.4457750460266,27.4004653847288,27.3702480251596,27.3500982617396,27.2089409277006,27.2392050038562,27.2745020022695,27.2896256338382,27.3198663256309,27.3752848587436,27.3702480251596,27.2896256338382,27.3148268185636,27.2946663574817,27.3047470746531,27.3148268185636,27.2291179538628,27.2089409277006,27.1887599981537,27.1534339723613,27.2795434562661,27.3148268185636,27.3349833876879,27.340021922105,27.3148268185636,27.340021922105,27.2543337507527,27.3500982617396,27.309787068249,27.1584812802121,27.2845846667777,27.2492910788209,27.1887599981537,27.1635283437601,27.1534339723613
27.4004653847288,27.6016915422711,27.3652109487011,27.4709385956355,27.4508082405489,27.6870956122065,27.8075476496238,27.8576951793018,27.8777474797793,27.9328715542163,27.7272616770383,27.631842110463,27.4105358961847,27.4256398439229,27.4357079298451,27.2896256338382,27.4659063702468,27.475970578825,27.4508082405489,27.5463929314253,27.8175790741614,27.7021596912783,28.0230121922066,27.6820737710463,27.6820737710463,27.6870956122065,27.8526815051994,27.8677218086608,27.6016915422711,27.5111876824057,27.4508082405489,27.5313064183988,27.6268176187712,27.5363354978248,27.7423199823454,27.475970578825,27.3652109487011,27.506157393667,27.6016915422711,27.5413643354891,27.6368663610303,27.4860338187415,27.6619839981682,27.8476675914376,27.8827599560813,27.8576951793018,27.6870956122065,27.5011268629649,27.3752848587436,27.4608739026253,27.5916394226271,27.7322813525865,27.6167679118797,27.5564493982478,27.4960960902657,27.5212475341273,27.6268176187712,27.5011268629649,27.4457750460266,27.355136067025,27.385357797423,27.385357797423,27.4105358961847,27.7071805696107,27.7272616770383,27.355136067025,27.3752848587436,27.5463929314253,27.5162177292145,27.4357079298451,27.4659063702468,27.5262770971775,27.475970578825,27.5262770971775,27.6167679118797,27.8175790741614,27.7874819207868,27.7824648884334,27.6268176187712,27.5916394226271,27.6720293663216,27.5162177292145,27.4055007617757,27.5564493982478,27.5111876824057,27.4960960902657,27.6368663610303,27.7523576505433,27.4055007617757,27.4055007617757,27.5765594326333,27.5815863374129,27.5715322863604,27.4357079298451,27.385357797423,27.355136067025,27.3500982617396,27.4910650755359,27.651937666319,27.8977959483549,27.8426534379831,27.9729436137625,27.7874819207868,27.7373007876777,27.7122012073196,27.837639044803,27.7874819207868,27.7021596912783,27.6820737710463,27.551421285667,27.4256398439229,27.551421285667,27.5463929314253,27.5665048985609,27.5011268629649,27.4910650755359,27.5916394226271,27.812563481855,27.7674123504958,27.6167679118797,27.5916394226271,27.6067172400882,27.5262770971775,27.7473389366228,27.7222417610001,28.0230121922066,27.892784190336,27.777447615956,27.7071805696107,27.6921172126096,27.7724301033211,28.0079941248089,27.9479003691149,27.8526815051994,27.7724301033211,27.7924987130493,27.8025315774346,27.7924987130493,27.5866130007331,27.6971385722891,27.9929739096901,28.0330230443987,27.892784190336,27.7172216044382,27.7122012073196,27.5765594326333,27.5815863374129,27.5715322863604,27.6569609527223,27.7423199823454,27.5614772692013,27.6670068026902,27.6971385722891,27.6067172400882,27.6268176187712,27.5212475341273,27.5715322863604,27.6117426966131,27.6670068026902,27.6117426966131,27.6067172400882,27.6720293663216,27.5665048985609,27.4256398439229,27.4910650755359,27.2946663574817,27.2946663574817,27.2946663574817,27.2442481632001,27.355136067025,27.4860338187415,27.4910650755359,27.4810023198492,27.4055007617757,27.2946663574817,27.4105358961847,27.3954297650103,27.5463929314253,27.4960960902657,27.5363354978248,27.4910650755359,27.4407416091366,27.5162177292145,27.4357079298451,27.3047470746531,27.2038960613414,27.2845846667777,27.1887599981537,27.052436459084,27.3349833876879,27.4155707879898,27.4004653847288,27.5866130007331,27.5111876824057,27.506157393667,27.551421285667,27.4055007617757,27.3954297650103,27.4055007617757,27.4105358961847,27.4206054372245,27.3954297650103,27.3349833876879,27.4155707879898,27.4105358961847,27.3652109487011,27.3903939025862,27.4055007617757,27.4055007617757,27.2543337507527,27.3047470746531,27.2492910788209,27.2896256338382,27.2543337507527,27.355136067025,27.4810023198492,27.3047470746531,27.2795434562661,27.2644183636851,27.3752848587436,27.2392050038562,27.234161600755,27.234161600755,27.1635283437601,27.1584812802121,27.2694603047538,27.234161600755,27.2593761790295,27.4155707879898,27.4659063702468,27.3954297650103,27.340021922105,27.1988509509866,27.1382905826503,27.1635283437601,27.1534339723613,27.193805596602,27.2492910788209,27.1332422972466,27.1988509509866
27.7172216044382,27.7172216044382,27.5363354978248,27.5212475341273,27.5262770971775,27.3903939025862,27.6770516890958,27.6619839981682,27.5665048985609,27.9028074670123,28.0079941248089,27.9529094959747,27.8075476496238,27.7172216044382,27.7272616770383,27.631842110463,27.5815863374129,27.4457750460266,27.4105358961847,27.4357079298451,27.6469141389248,27.631842110463,27.5463929314253,27.5413643354891,27.5866130007331,27.5765594326333,28.0130003858666,27.8677218086608,27.5413643354891,27.5765594326333,27.5363354978248,27.4608739026253,27.5363354978248,27.7071805696107,27.5866130007331,27.309787068249,27.2442481632001,27.385357797423,27.4659063702468,27.5011268629649,27.4860338187415,27.4306740081185,27.6770516890958,27.7824648884334,27.892784190336,27.8326244118639,27.8075476496238,27.5111876824057,27.5111876824057,27.6418903705064,27.5815863374129,27.6067172400882,27.4860338187415,27.3652109487011,27.4457750460266,27.3903939025862,27.3702480251596,27.355136067025,27.3954297650103,27.3601736293342,27.355136067025,27.3450602134443,27.340021922105,27.4810023198492,27.6368663610303,27.4960960902657,27.4457750460266,27.5011268629649,27.5212475341273,27.4306740081185,27.3954297650103,27.2795434562661,27.4910650755359,27.5363354978248,27.5715322863604,27.777447615956,27.8025315774346,27.9028074670123,27.7874819207868,27.5815863374129,27.5313064183988,27.4960960902657,27.5614772692013,27.5162177292145,27.4407416091366,27.3903939025862,27.5111876824057,27.4407416091366,27.4004653847288,27.4206054372245,27.4306740081185,27.4206054372245,27.385357797423,27.2694603047538,27.3249055894848,27.3047470746531,27.4105358961847,27.4407416091366,27.4155707879898,27.5011268629649,27.8677218086608,28.2080587813783,27.8827599560813,27.7473389366228,27.6067172400882,27.837639044803,27.7623943574465,27.6619839981682,27.6971385722891,27.5564493982478,27.4457750460266,27.4256398439229,27.475970578825,27.4910650755359,27.5715322863604,27.7071805696107,27.8526815051994,27.9128297863749,27.7473389366228,27.5262770971775,27.5212475341273,27.5564493982478,27.5665048985609,27.7874819207868,27.6921172126096,27.8777474797793,27.8777474797793,27.8576951793018,27.837639044803,27.962927032733,28.1830715081525,27.8476675914376,27.8877721929225,27.7874819207868,27.9378813982687,28.0680535169536,27.7071805696107,27.5916394226271,27.7322813525865,27.7573761241401,27.982959239327,27.9879666938923,27.8075476496238,27.7172216044382,27.7222417610001,27.6418903705064,27.6770516890958,27.5665048985609,27.5614772692013,27.5916394226271,27.6117426966131,27.7573761241401,27.7623943574465,27.5966656031286,27.6418903705064,27.631842110463,27.7874819207868,27.7423199823454,27.837639044803,27.8326244118639,27.6820737710463,27.5966656031286,27.5011268629649,27.5715322863604,27.4407416091366,27.4004653847288,27.3047470746531,27.4155707879898,27.4306740081185,27.4206054372245,27.3954297650103,27.5111876824057,27.4407416091366,27.4306740081185,27.4105358961847,27.4608739026253,27.5111876824057,27.5413643354891,27.5463929314253,27.385357797423,27.5614772692013,27.5916394226271,27.4960960902657,27.4357079298451,27.2593761790295,27.3047470746531,27.3047470746531,27.2492910788209,27.2795434562661,27.1736217380844,27.4055007617757,27.4105358961847,27.5966656031286,27.6720293663216,27.651937666319,27.6016915422711,27.5212475341273,27.5262770971775,27.4910650755359,27.4004653847288,27.4608739026253,27.4206054372245,27.4407416091366,27.4306740081185,27.4357079298451,27.4960960902657,27.4306740081185,27.4306740081185,27.340021922105,27.355136067025,27.3500982617396,27.2745020022695,27.2745020022695,27.2896256338382,27.2745020022695,27.3198663256309,27.385357797423,27.2946663574817,27.2694603047538,27.2997068377419,27.4105358961847,27.385357797423,27.3047470746531,27.3500982617396,27.2392050038562,27.3349833876879,27.3500982617396,27.2795434562661,27.2694603047538,27.4155707879898,27.3450602134443,27.4256398439229,27.4055007617757,27.1635283437601,27.1685751630395,27.3299446101592,27.1382905826503,27.2946663574817,27.1029474496787,27.1685751630395
27.385357797423,27.5363354978248,27.6217928859212,27.651937666319,27.5162177292145,27.4004653847288,27.5162177292145,27.4910650755359,27.475970578825,27.6670068026902,27.7272616770383,27.8827599560813,27.9979808867536,28.0380281127715,27.8426534379831,27.7674123504958,27.5665048985609,27.4508082405489,27.3652109487011,27.5363354978248,27.5262770971775,27.3954297650103,27.5815863374129,27.551421285667,27.4860338187415,27.5413643354891,27.8175790741614,27.8977959483549,27.6469141389248,27.475970578825,27.4558411927372,27.4608739026253,27.4608739026253,27.5162177292145,27.4004653847288,27.340021922105,27.2442481632001,27.2543337507527,27.4105358961847,27.2593761790295,27.2644183636851,27.5212475341273,27.6720293663216,27.8175790741614,27.8426534379831,27.8025315774346,27.8877721929225,27.6770516890958,27.651937666319,27.5916394226271,27.5463929314253,27.5665048985609,27.5564493982478,27.4910650755359,27.4910650755359,27.3903939025862,27.3954297650103,27.3198663256309,27.355136067025,27.3198663256309,27.4155707879898,27.385357797423,27.3803214494867,27.3702480251596,27.4004653847288,27.5413643354891,27.7122012073196,27.6820737710463,27.5463929314253,27.3450602134443,27.2745020022695,27.3903939025862,27.3349833876879,27.5262770971775,27.8075476496238,27.837639044803,27.9078187463413,27.8777474797793,27.6619839981682,27.5765594326333,27.4860338187415,27.4810023198492,27.4659063702468,27.4256398439229,27.4055007617757,27.2997068377419,27.3249055894848,27.4508082405489,27.6971385722891,27.5815863374129,27.4306740081185,27.2644183636851,27.3803214494867,27.3652109487011,27.3803214494867,27.3652109487011,27.4055007617757,27.355136067025,27.385357797423,27.3903939025862,27.506157393667,28.063049878718,27.8777474797793,27.6117426966131,27.6067172400882,27.7473389366228,27.8476675914376,27.7071805696107,27.5212475341273,27.5162177292145,27.5564493982478,27.4558411927372,27.5313064183988,27.4709385956355,27.6670068026902,27.8977959483549,27.9228511486881,27.7824648884334,27.5665048985609,27.4910650755359,27.4659063702468,27.4960960902657,27.5564493982478,27.5111876824057,27.7924987130493,27.7623943574465,27.7222417610001,27.7222417610001,27.8075476496238,28.0380281127715,27.9779515459613,27.7975152652541,27.7573761241401,27.9228511486881,28.1030723156867,27.9078187463413,27.6217928859212,27.6117426966131,27.7373007876777,27.8777474797793,27.7623943574465,27.8326244118639,27.7222417610001,27.7222417610001,27.7272616770383,27.7172216044382,27.5111876824057,27.4608739026253,27.5564493982478,27.6217928859212,27.6720293663216,27.777447615956,27.8276095391327,27.6870956122065,27.6569609527223,27.7623943574465,27.7623943574465,27.7573761241401,27.8225944265762,27.6921172126096,27.5212475341273,27.5111876824057,27.506157393667,27.5564493982478,27.5011268629649,27.4860338187415,27.4608739026253,27.4558411927372,27.4306740081185,27.4004653847288,27.4659063702468,27.506157393667,27.4508082405489,27.4055007617757,27.3752848587436,27.3047470746531,27.5262770971775,27.3954297650103,27.5665048985609,27.5413643354891,27.5765594326333,27.5866130007331,27.5212475341273,27.475970578825,27.475970578825,27.2997068377419,27.2442481632001,27.3349833876879,27.3450602134443,27.2593761790295,27.3903939025862,27.2795434562661,27.5111876824057,27.4960960902657,27.5463929314253,27.5313064183988,27.5866130007331,27.5866130007331,27.4004653847288,27.3702480251596,27.355136067025,27.309787068249,27.4155707879898,27.355136067025,27.3601736293342,27.2896256338382,27.4508082405489,27.4004653847288,27.3903939025862,27.4357079298451,27.2795434562661,27.2593761790295,27.3249055894848,27.3349833876879,27.4004653847288,27.3752848587436,27.2946663574817,27.2997068377419,27.3954297650103,27.4457750460266,27.5111876824057,27.2845846667777,27.3803214494867,27.340021922105,27.1584812802121,27.1837141556074,27.2492910788209,27.355136067025,27.3702480251596,27.3702480251596,27.4055007617757,27.3047470746531,27.340021922105,27.178668068929,27.2190299285684,27.2543337507527,27.1534339723613,27.1332422972466,27.1534339723613,27.2492910788209
27.475970578825,27.5011268629649,27.551421285667,27.5715322863604,27.5413643354891,27.6418903705064,27.6720293663216,27.5262770971775,27.3702480251596,27.3702480251596,27.4960960902657,27.7623943574465,27.9028074670123,28.0830630023446,28.1430795199092,28.1530789428139,27.8276095391327,27.7373007876777,27.6870956122065,27.6167679118797,27.3954297650103,27.3601736293342,27.5463929314253,27.5413643354891,27.5363354978248,27.385357797423,27.8175790741614,27.5815863374129,27.4357079298451,27.4508082405489,27.4608739026253,27.4910650755359,27.4357079298451,27.4558411927372,27.475970578825,27.4709385956355,27.3903939025862,27.2543337507527,27.4155707879898,27.5363354978248,27.5363354978248,27.5614772692013,27.6569609527223,27.8977959483549,27.8326244118639,27.6368663610303,27.8075476496238,27.9879666938923,27.7824648884334,27.5212475341273,27.3702480251596,27.4206054372245,27.4457750460266,27.5715322863604,27.5212475341273,27.475970578825,27.4306740081185,27.3500982617396,27.3299446101592,27.3249055894848,27.2946663574817,27.385357797423,27.6217928859212,27.4407416091366,27.385357797423,27.4105358961847,27.5665048985609,27.4910650755359,27.5413643354891,27.2946663574817,27.2997068377419,27.3601736293342,27.340021922105,27.5765594326333,27.7924987130493,27.5413643354891,27.6720293663216,27.7322813525865,27.812563481855,27.5715322863604,27.5966656031286,27.5313064183988,27.475970578825,27.4659063702468,27.4105358961847,27.3752848587436,27.3299446101592,27.3450602134443,27.3500982617396,27.5866130007331,27.5564493982478,27.2946663574817,27.2845846667777,27.2745020022695,27.2644183636851,27.3047470746531,27.3299446101592,27.3349833876879,27.3249055894848,27.4306740081185,27.4357079298451,27.9579183838364,27.8727347639835,27.7373007876777,27.7373007876777,27.812563481855,27.7975152652541,27.7272616770383,27.6016915422711,27.3702480251596,27.4457750460266,27.5614772692013,27.5866130007331,27.5564493982478,27.777447615956,28.0079941248089,27.8526815051994,27.6770516890958,27.551421285667,27.551421285667,27.5262770971775,27.6569609527223,27.651937666319,27.7724301033211,27.7423199823454,27.6368663610303,27.8175790741614,27.9428910032239,28.043032942706,28.0330230443987,27.8276095391327,27.7724301033211,27.9929739096901,28.0730569169481,27.9479003691149,27.6117426966131,27.5262770971775,27.777447615956,27.9278614710339,27.7573761241401,27.7272616770383,27.6619839981682,27.6569609527223,27.6117426966131,27.5614772692013,27.5413643354891,27.5162177292145,27.5413643354891,27.6569609527223,27.7322813525865,27.7473389366228,27.9228511486881,27.8727347639835,27.7975152652541,27.892784190336,27.8426534379831,27.8476675914376,27.7824648884334,27.7473389366228,27.4709385956355,27.6720293663216,27.5463929314253,27.5765594326333,27.5262770971775,27.475970578825,27.3702480251596,27.4256398439229,27.4558411927372,27.3752848587436,27.4055007617757,27.2492910788209,27.3601736293342,27.3903939025862,27.4407416091366,27.3500982617396,27.3450602134443,27.6720293663216,27.7071805696107,27.651937666319,27.5966656031286,27.5463929314253,27.5313064183988,27.3299446101592,27.2694603047538,27.3652109487011,27.309787068249,27.2190299285684,27.2593761790295,27.2543337507527,27.3249055894848,27.2038960613414,27.4306740081185,27.5815863374129,27.5363354978248,27.506157393667,27.5413643354891,27.4860338187415,27.6067172400882,27.6167679118797,27.4558411927372,27.4709385956355,27.475970578825,27.3702480251596,27.4105358961847,27.385357797423,27.3702480251596,27.2644183636851,27.2946663574817,27.3702480251596,27.3954297650103,27.3903939025862,27.2038960613414,27.2694603047538,27.2997068377419,27.3047470746531,27.2392050038562,27.2694603047538,27.2896256338382,27.2845846667777,27.4860338187415,27.5011268629649,27.5212475341273,27.5313064183988,27.2644183636851,27.2997068377419,27.2745020022695,27.3148268185636,27.2694603047538,27.355136067025,27.3148268185636,27.309787068249,27.2644183636851,27.2038960613414,27.1534339723613,27.340021922105,27.1079972024379,27.1483864201735,27.1130467105523,27.1079972024379,27.1685751630395
27.6217928859212,27.3349833876879,27.3198663256309,27.5011268629649,27.5162177292145,27.7523576505433,27.5966656031286,27.7573761241401,27.3299446101592,27.3450602134443,27.3803214494867,27.6067172400882,27.7222417610001,27.6619839981682,27.9228511486881,27.8526815051994,27.7272616770383,27.8877721929225,27.9378813982687,27.7473389366228,27.7975152652541,27.6971385722891,27.6167679118797,27.5413643354891,27.551421285667,27.5665048985609,27.3903939025862,27.4206054372245,27.4659063702468,27.4357079298451,27.340021922105,27.4659063702468,27.4407416091366,27.4709385956355,27.4055007617757,27.4055007617757,27.3702480251596,27.4004653847288,27.5715322863604,27.6067172400882,27.5162177292145,27.7222417610001,27.7623943574465,27.8426534379831,27.8025315774346,27.7172216044382,27.7824648884334,27.6418903705064,27.6016915422711,27.4608739026253,27.4558411927372,27.4256398439229,27.4105358961847,27.3702480251596,27.4659063702468,27.4457750460266,27.3601736293342,27.4910650755359,27.3702480251596,27.3249055894848,27.4306740081185,27.2946663574817,27.6268176187712,27.4960960902657,27.2997068377419,27.3954297650103,27.475970578825,27.5765594326333,27.2997068377419,27.2745020022695,27.3349833876879,27.3047470746531,27.3299446101592,27.6368663610303,27.7071805696107,27.5916394226271,27.5463929314253,27.5866130007331,27.6921172126096,27.6016915422711,27.5162177292145,27.5866130007331,27.4558411927372,27.4910650755359,27.4105358961847,27.3803214494867,27.385357797423,27.3702480251596,27.3601736293342,27.3249055894848,27.4306740081185,27.4206054372245,27.3500982617396,27.2593761790295,27.3198663256309,27.2593761790295,27.4206054372245,27.3249055894848,27.340021922105,27.3249055894848,27.4306740081185,27.6167679118797,27.9479003691149,28.0680535169536,27.7473389366228,27.7071805696107,27.7473389366228,27.8326244118639,27.6569609527223,27.4508082405489,27.4407416091366,27.506157393667,27.7373007876777,27.9128297863749,28.0180064083215,27.9879666938923,27.837639044803,27.7824648884334,27.5815863374129,27.5313064183988,27.551421285667,27.7373007876777,27.777447615956,27.8677218086608,27.7523576505433,27.7724301033211,27.7874819207868,28.0580460022081,28.043032942706,27.8276095391327,27.9879666938923,28.0230121922066,27.982959239327,27.7573761241401,27.7573761241401,27.5715322863604,27.6167679118797,27.8977959483549,27.837639044803,27.6368663610303,27.7473389366228,27.6971385722891,27.4810023198492,27.4206054372245,27.4105358961847,27.551421285667,27.551421285667,27.6921172126096,27.6921172126096,27.7172216044382,27.7523576505433,27.9328715542163,27.9428910032239,27.9178405871461,27.8326244118639,27.8326244118639,27.7924987130493,27.7924987130493,27.6670068026902,27.7724301033211,27.6720293663216,27.5715322863604,27.6418903705064,27.5262770971775,27.4659063702468,27.4558411927372,27.385357797423,27.3752848587436,27.340021922105,27.3249055894848,27.234161600755,27.340021922105,27.340021922105,27.4608739026253,27.5262770971775,27.5212475341273,27.6870956122065,27.6670068026902,27.7473389366228,27.6770516890958,27.6016915422711,27.475970578825,27.4709385956355,27.3450602134443,27.3702480251596,27.3500982617396,27.2442481632001,27.3803214494867,27.355136067025,27.3954297650103,27.4357079298451,27.4860338187415,27.4709385956355,27.4105358961847,27.4709385956355,27.4709385956355,27.5815863374129,27.6067172400882,27.4709385956355,27.4910650755359,27.6770516890958,27.4055007617757,27.4860338187415,27.4659063702468,27.4004653847288,27.4709385956355,27.2997068377419,27.3601736293342,27.5111876824057,27.355136067025,27.355136067025,27.4306740081185,27.355136067025,27.3299446101592,27.4709385956355,27.4004653847288,27.2997068377419,27.3047470746531,27.3299446101592,27.2997068377419,27.5413643354891,27.5212475341273,27.4910650755359,27.3349833876879,27.2694603047538,27.2946663574817,27.355136067025,27.3500982617396,27.4105358961847,27.4155707879898,27.4105358961847,27.3652109487011,27.1837141556074,27.2089409277006,27.3500982617396,27.1887599981537,27.1281937673691,27.1736217380844,27.2694603047538,27.0423313217998
27.234161600755,27.2190299285684,27.4910650755359,27.3148268185636,27.4910650755359,27.5463929314253,27.6167679118797,27.6720293663216,27.4659063702468,27.3702480251596,27.3803214494867,27.2896256338382,27.2139855500982,27.2089409277006,27.506157393667,27.551421285667,27.5815863374129,27.6820737710463,27.9529094959747,27.8326244118639,28.063049878718,27.8175790741614,28.0330230443987,27.9278614710339,27.9328715542163,27.7924987130493,27.5111876824057,27.4810023198492,27.3752848587436,27.4960960902657,27.4256398439229,27.3752848587436,27.4608739026253,27.4105358961847,27.2644183636851,27.2492910788209,27.3652109487011,27.4256398439229,27.6117426966131,27.4055007617757,27.6117426966131,27.6117426966131,27.7322813525865,27.8276095391327,28.0079941248089,27.8025315774346,27.7824648884334,27.4608739026253,27.4960960902657,27.4457750460266,27.4457750460266,27.4306740081185,27.3601736293342,27.3047470746531,27.2644183636851,27.3148268185636,27.309787068249,27.2997068377419,27.4055007617757,27.3198663256309,27.3198663256309,27.355136067025,27.3450602134443,27.6670068026902,27.3652109487011,27.3803214494867,27.3803214494867,27.385357797423,27.6870956122065,27.4910650755359,27.6469141389248,27.5614772692013,27.5665048985609,27.551421285667,27.5413643354891,27.7924987130493,27.6870956122065,27.6971385722891,27.5614772692013,27.5614772692013,27.5866130007331,27.5665048985609,27.4709385956355,27.4508082405489,27.309787068249,27.2038960613414,27.3249055894848,27.3198663256309,27.3249055894848,27.3349833876879,27.7222417610001,27.6619839981682,27.2896256338382,27.2442481632001,27.309787068249,27.3652109487011,27.3299446101592,27.3299446101592,27.3349833876879,27.3450602134443,27.3249055894848,27.5413643354891,27.982959239327,27.9328715542163,27.7874819207868,27.8225944265762,27.551421285667,27.6670068026902,27.6720293663216,27.6569609527223,27.4508082405489,27.4457750460266,27.5715322863604,27.7523576505433,27.8326244118639,27.8476675914376,27.6770516890958,27.6870956122065,27.5916394226271,27.551421285667,27.7473389366228,27.892784190336,27.8977959483549,27.8526815051994,27.7724301033211,27.7623943574465,27.7272616770383,27.8025315774346,27.9579183838364,27.7674123504958,27.9679354426974,28.0230121922066,27.8526815051994,27.5966656031286,27.6117426966131,27.6217928859212,27.9428910032239,27.8326244118639,27.7021596912783,27.7523576505433,27.6619839981682,27.5262770971775,27.4004653847288,27.4105358961847,27.4306740081185,27.4709385956355,27.4306740081185,27.5463929314253,27.7322813525865,27.8627086137778,27.9529094959747,27.7975152652541,27.7824648884334,27.8627086137778,27.7724301033211,27.7021596912783,27.6469141389248,27.7623943574465,27.7573761241401,27.6820737710463,27.551421285667,27.6569609527223,27.4608739026253,27.4960960902657,27.4960960902657,27.3450602134443,27.355136067025,27.4004653847288,27.3148268185636,27.3349833876879,27.3349833876879,27.2896256338382,27.4659063702468,27.5564493982478,27.5162177292145,27.4608739026253,27.5262770971775,27.4558411927372,27.4457750460266,27.6167679118797,27.4608739026253,27.4608739026253,27.4357079298451,27.4457750460266,27.2946663574817,27.309787068249,27.2392050038562,27.2593761790295,27.2694603047538,27.3450602134443,27.5866130007331,27.3450602134443,27.4558411927372,27.3702480251596,27.3903939025862,27.4608739026253,27.385357797423,27.5313064183988,27.5463929314253,27.4608739026253,27.4206054372245,27.3349833876879,27.2543337507527,27.2946663574817,27.340021922105,27.4055007617757,27.2543337507527,27.2795434562661,27.2593761790295,27.3450602134443,27.3601736293342,27.340021922105,27.4256398439229,27.3198663256309,27.340021922105,27.178668068929,27.178668068929,27.1483864201735,27.1837141556074,27.3803214494867,27.2896256338382,27.3299446101592,27.3450602134443,27.3299446101592,27.1635283437601,27.193805596602,27.3903939025862,27.1584812802121,27.3047470746531,27.1887599981537,27.1281937673691,27.1483864201735,27.2038960613414,27.234161600755,27.2089409277006,27.2392050038562,27.0928472100887,27.0069556191484,27.0069556191484,27.1130467105523
27.2190299285684,27.3702480251596,27.2845846667777,27.2543337507527,27.3148268185636,27.3299446101592,27.5463929314253,27.651937666319,27.5665048985609,27.5614772692013,27.2543337507527,27.2845846667777,27.3752848587436,27.3148268185636,27.4004653847288,27.3752848587436,27.3903939025862,27.4155707879898,27.6670068026902,27.7874819207868,27.9328715542163,28.1030723156867,28.0530418873914,28.1030723156867,28.0180064083215,28.0280177375547,27.6167679118797,27.7423199823454,27.6921172126096,27.6117426966131,27.4558411927372,27.4659063702468,27.4357079298451,27.4810023198492,27.4105358961847,27.3752848587436,27.4105358961847,27.5363354978248,27.7021596912783,27.6921172126096,27.7222417610001,27.6016915422711,27.6016915422711,27.7473389366228,27.837639044803,27.812563481855,27.475970578825,27.4457750460266,27.4004653847288,27.5262770971775,27.4558411927372,27.5564493982478,27.4457750460266,27.3803214494867,27.4608739026253,27.2997068377419,27.4055007617757,27.3702480251596,27.4558411927372,27.3450602134443,27.4306740081185,27.3752848587436,27.4457750460266,27.6268176187712,27.631842110463,27.4608739026253,27.3954297650103,27.3752848587436,27.7172216044382,27.9078187463413,28.0130003858666,27.9929739096901,27.5966656031286,27.4206054372245,27.475970578825,27.6770516890958,27.5715322863604,27.7222417610001,27.6268176187712,27.5916394226271,27.5966656031286,27.5765594326333,27.4960960902657,27.4256398439229,27.3148268185636,27.3299446101592,27.3500982617396,27.340021922105,27.5162177292145,27.4659063702468,27.5162177292145,27.7222417610001,27.4457750460266,27.4105358961847,27.3249055894848,27.3249055894848,27.355136067025,27.3249055894848,27.4306740081185,27.4055007617757,27.3702480251596,27.6167679118797,28.0680535169536,27.9178405871461,27.7975152652541,27.8075476496238,27.551421285667,27.5614772692013,27.7874819207868,27.9479003691149,27.7824648884334,27.7674123504958,27.6619839981682,27.892784190336,27.8526815051994,27.8827599560813,27.8677218086608,27.6067172400882,27.7322813525865,27.6921172126096,27.8426534379831,28.0380281127715,27.8627086137778,27.9929739096901,27.6770516890958,27.6569609527223,27.7573761241401,27.9679354426974,28.0380281127715,27.777447615956,28.0079941248089,27.9428910032239,27.6268176187712,27.6016915422711,27.4558411927372,27.8075476496238,27.7924987130493,27.6770516890958,27.8225944265762,27.9278614710339,27.7523576505433,27.6117426966131,27.6117426966131,27.6569609527223,27.6167679118797,27.5463929314253,27.6770516890958,27.7523576505433,27.9529094959747,27.962927032733,28.0680535169536,27.8627086137778,27.8827599560813,27.7975152652541,27.8627086137778,27.8075476496238,27.7071805696107,27.7473389366228,27.6670068026902,27.4860338187415,27.631842110463,27.4810023198492,27.4960960902657,27.5162177292145,27.4709385956355,27.5111876824057,27.3752848587436,27.3652109487011,27.3450602134443,27.4206054372245,27.3500982617396,27.3652109487011,27.506157393667,27.475970578825,27.4860338187415,27.506157393667,27.6067172400882,27.4155707879898,27.4256398439229,27.5313064183988,27.5614772692013,27.5614772692013,27.5765594326333,27.4810023198492,27.3954297650103,27.4206054372245,27.3652109487011,27.3954297650103,27.3500982617396,27.2089409277006,27.3349833876879,27.3601736293342,27.355136067025,27.4004653847288,27.3601736293342,27.340021922105,27.3652109487011,27.4457750460266,27.4608739026253,27.4357079298451,27.3903939025862,27.3249055894848,27.3249055894848,27.2845846667777,27.2694603047538,27.2644183636851,27.3047470746531,27.309787068249,27.3803214494867,27.3500982617396,27.3752848587436,27.309787068249,27.4105358961847,27.4155707879898,27.3349833876879,27.2997068377419,27.1332422972466,27.3148268185636,27.3349833876879,27.340021922105,27.2795434562661,27.2997068377419,27.3500982617396,27.3299446101592,27.3450602134443,27.3249055894848,27.3299446101592,27.2997068377419,27.3702480251596,27.3198663256309,27.3198663256309,27.2795434562661,27.3047470746531,27.1736217380844,27.052436459084,27.1887599981537,27.0019009662915,27.1635283437601,27.0877967231895,27.0978974522403
27.4206054372245,27.3601736293342,27.1988509509866,27.2644183636851,27.2946663574817,27.3198663256309,27.2997068377419,27.4508082405489,27.6217928859212,27.8777474797793,27.6469141389248,27.5262770971775,27.4407416091366,27.385357797423,27.3349833876879,27.2795434562661,27.4206054372245,27.3954297650103,27.6167679118797,27.6720293663216,27.8526815051994,27.8476675914376,27.8877721929225,27.9128297863749,27.9779515459613,27.962927032733,27.7824648884334,27.7975152652541,27.7975152652541,28.0580460022081,27.8727347639835,27.8727347639835,27.4960960902657,27.3752848587436,27.2644183636851,27.3752848587436,27.5363354978248,27.7071805696107,27.5665048985609,27.5262770971775,27.5111876824057,27.5111876824057,27.6016915422711,27.837639044803,27.837639044803,27.6067172400882,27.4608739026253,27.355136067025,27.3702480251596,27.4105358961847,27.3601736293342,27.3652109487011,27.3601736293342,27.4659063702468,27.475970578825,27.309787068249,27.2997068377419,27.4608739026253,27.2896256338382,27.3652109487011,27.2795434562661,27.4659063702468,27.4558411927372,27.4508082405489,27.7222417610001,27.6217928859212,27.5313064183988,27.475970578825,27.7071805696107,27.6820737710463,27.9779515459613,27.7272616770383,27.5313064183988,27.4256398439229,27.4055007617757,27.7573761241401,27.837639044803,27.7322813525865,27.4960960902657,27.5011268629649,27.7473389366228,27.5262770971775,27.5564493982478,27.5413643354891,27.4256398439229,27.3047470746531,27.3349833876879,27.4055007617757,27.5011268629649,27.4558411927372,27.2997068377419,27.4860338187415,27.5363354978248,27.385357797423,27.5212475341273,27.4004653847288,27.3299446101592,27.3450602134443,27.3148268185636,27.4004653847288,27.355136067025,27.5413643354891,28.0180064083215,28.0680535169536,28.0130003858666,27.7222417610001,27.5966656031286,27.5715322863604,27.6670068026902,27.8276095391327,27.6016915422711,27.6117426966131,27.6670068026902,27.9178405871461,27.812563481855,27.8276095391327,27.7523576505433,27.8476675914376,27.8777474797793,27.9028074670123,27.9579183838364,27.9178405871461,27.8025315774346,27.651937666319,27.8025315774346,27.8677218086608,27.8576951793018,27.9779515459613,28.1930671296786,28.048037534235,27.9579183838364,27.982959239327,27.8276095391327,27.7975152652541,27.9028074670123,27.962927032733,27.9729436137625,27.9529094959747,28.1880694376433,28.0580460022081,27.8426534379831,27.6670068026902,27.6167679118797,27.7874819207868,27.8627086137778,28.048037534235,28.0130003858666,28.0280177375547,28.1030723156867,28.0130003858666,28.0780600787342,27.8677218086608,27.8326244118639,27.8225944265762,27.7724301033211,27.7071805696107,27.777447615956,27.7824648884334,27.7924987130493,27.6469141389248,27.6469141389248,27.6368663610303,27.4810023198492,27.4659063702468,27.4608739026253,27.551421285667,27.506157393667,27.4407416091366,27.4055007617757,27.4357079298451,27.3652109487011,27.4508082405489,27.4810023198492,27.5313064183988,27.4659063702468,27.4306740081185,27.5212475341273,27.4508082405489,27.4357079298451,27.3803214494867,27.4558411927372,27.4206054372245,27.651937666319,27.6770516890958,27.5665048985609,27.4357079298451,27.4457750460266,27.385357797423,27.4709385956355,27.4004653847288,27.3500982617396,27.340021922105,27.4810023198492,27.3450602134443,27.3500982617396,27.475970578825,27.5212475341273,27.4055007617757,27.6619839981682,27.551421285667,27.3148268185636,27.355136067025,27.2845846667777,27.475970578825,27.3299446101592,27.2644183636851,27.3500982617396,27.4608739026253,27.3349833876879,27.3450602134443,27.4306740081185,27.3702480251596,27.4004653847288,27.2896256338382,27.2896256338382,27.193805596602,27.2795434562661,27.2745020022695,27.2038960613414,27.3500982617396,27.2593761790295,27.2896256338382,27.355136067025,27.2492910788209,27.3601736293342,27.4357079298451,27.3148268185636,27.4256398439229,27.4306740081185,27.2492910788209,27.2442481632001,27.3299446101592,27.309787068249,27.3249055894848,27.1988509509866,27.0120100266741,27.2845846667777,27.2845846667777,27.0877967231895,27.0120100266741
27.385357797423,27.3198663256309,27.2240740631453,27.2946663574817,27.3500982617396,27.2089409277006,27.340021922105,27.2896256338382,27.4306740081185,27.6117426966131,27.6368663610303,27.7473389366228,27.6016915422711,27.6971385722891,27.475970578825,27.4055007617757,27.3601736293342,27.6268176187712,27.6670068026902,27.6067172400882,27.7172216044382,27.6167679118797,27.651937666319,27.6469141389248,27.7423199823454,27.8075476496238,27.8075476496238,27.8526815051994,27.8476675914376,27.9078187463413,28.0780600787342,27.9729436137625,27.6870956122065,27.5413643354891,27.5463929314253,27.3954297650103,27.5765594326333,27.6217928859212,27.6469141389248,27.4659063702468,27.4659063702468,27.6670068026902,27.777447615956,27.8225944265762,27.6217928859212,27.6268176187712,27.4910650755359,27.3500982617396,27.3601736293342,27.3652109487011,27.4105358961847,27.3601736293342,27.4508082405489,27.4709385956355,27.4306740081185,27.4357079298451,27.2946663574817,27.3148268185636,27.3047470746531,27.2896256338382,27.2694603047538,27.3349833876879,27.3500982617396,27.5815863374129,27.6217928859212,27.4810023198492,27.5162177292145,27.4055007617757,27.7674123504958,27.7724301033211,27.6067172400882,27.651937666319,27.5363354978248,27.5916394226271,27.5715322863604,27.8025315774346,27.6971385722891,27.4960960902657,27.5715322863604,27.5614772692013,27.5966656031286,27.6418903705064,27.5614772692013,27.4004653847288,27.4306740081185,27.3198663256309,27.3249055894848,27.3450602134443,27.4155707879898,27.4357079298451,27.4357079298451,27.5262770971775,27.6971385722891,27.5212475341273,27.5363354978248,27.3752848587436,27.3601736293342,27.3198663256309,27.3500982617396,27.5162177292145,27.3803214494867,27.4055007617757,27.9929739096901,28.0580460022081,28.0530418873914,27.6921172126096,27.5363354978248,27.5715322863604,27.6117426966131,27.651937666319,27.4558411927372,27.5313064183988,27.7573761241401,27.7724301033211,27.8175790741614,27.8175790741614,27.8977959483549,27.9929739096901,27.9979808867536,27.7924987130493,27.7373007876777,27.7473389366228,27.6016915422711,27.6368663610303,27.6921172126096,27.7021596912783,27.7824648884334,27.8977959483549,27.9879666938923,28.0580460022081,28.1080740489112,28.2080587813783,28.2879782051969,28.1330791460061,27.9879666938923,28.0880656878123,28.1980645842911,28.0580460022081,28.063049878718,28.0680535169536,27.962927032733,27.8526815051994,27.8476675914376,27.8526815051994,27.9228511486881,28.0230121922066,28.0930681351701,28.1880694376433,28.1030723156867,27.982959239327,27.6569609527223,27.6670068026902,27.7724301033211,27.7021596912783,27.777447615956,27.6770516890958,27.6770516890958,27.7924987130493,27.7623943574465,27.6016915422711,27.6569609527223,27.4709385956355,27.5665048985609,27.6670068026902,27.6268176187712,27.5765594326333,27.4860338187415,27.5162177292145,27.4709385956355,27.4558411927372,27.4306740081185,27.4407416091366,27.4608739026253,27.2896256338382,27.4709385956355,27.4659063702468,27.4357079298451,27.3450602134443,27.4055007617757,27.4659063702468,27.4306740081185,27.4004653847288,27.4306740081185,27.4608739026253,27.4508082405489,27.5614772692013,27.5815863374129,27.3903939025862,27.4558411927372,27.385357797423,27.5413643354891,27.3500982617396,27.4055007617757,27.4608739026253,27.3349833876879,27.385357797423,27.3903939025862,27.3702480251596,27.4407416091366,27.551421285667,27.5715322863604,27.475970578825,27.3954297650103,27.2694603047538,27.3047470746531,27.2946663574817,27.3198663256309,27.4407416091366,27.2644183636851,27.3349833876879,27.4206054372245,27.3450602134443,27.4206054372245,27.3349833876879,27.3803214494867,27.2946663574817,27.2593761790295,27.2139855500982,27.2442481632001,27.2745020022695,27.2644183636851,27.3198663256309,27.3702480251596,27.3349833876879,27.3752848587436,27.3903939025862,27.4055007617757,27.2795434562661,27.4206054372245,27.2946663574817,27.2997068377419,27.2946663574817,27.3299446101592,27.2745020022695,27.1736217380844,27.2543337507527,27.1130467105523,27.1382905826503,27.2997068377419,27.178668068929
27.3299446101592,27.309787068249,27.3148268185636,27.2190299285684,27.1685751630395,27.2190299285684,27.2291179538628,27.2896256338382,27.3198663256309,27.2543337507527,27.4206054372245,27.4608739026253,27.551421285667,27.6921172126096,27.6971385722891,27.4508082405489,27.6268176187712,27.6870956122065,27.4457750460266,27.4558411927372,27.3803214494867,27.355136067025,27.340021922105,27.4407416091366,27.4659063702468,27.6469141389248,27.5715322863604,27.5413643354891,27.6469141389248,27.7824648884334,27.892784190336,27.7874819207868,27.7322813525865,27.6619839981682,27.7272616770383,27.8276095391327,27.8727347639835,27.7523576505433,27.5815863374129,27.5413643354891,27.5413643354891,27.7674123504958,27.7523576505433,27.8476675914376,27.4608739026253,27.4860338187415,27.4810023198492,27.2442481632001,27.2392050038562,27.2492910788209,27.3349833876879,27.4960960902657,27.2694603047538,27.3903939025862,27.2694603047538,27.3601736293342,27.309787068249,27.2997068377419,27.2896256338382,27.2845846667777,27.2745020022695,27.1736217380844,27.4256398439229,27.6117426966131,27.5564493982478,27.4256398439229,27.4004653847288,27.6569609527223,27.9178405871461,27.6619839981682,27.631842110463,27.7874819207868,27.7924987130493,27.6268176187712,27.5111876824057,27.4860338187415,27.5262770971775,27.5916394226271,27.340021922105,27.4608739026253,27.4960960902657,27.7222417610001,27.5665048985609,27.3903939025862,27.4004653847288,27.4306740081185,27.340021922105,27.3903939025862,27.4709385956355,27.475970578825,27.3752848587436,27.4608739026253,27.4910650755359,27.5011268629649,27.8426534379831,27.7573761241401,27.4004653847288,27.340021922105,27.2845846667777,27.2795434562661,27.3249055894848,27.5564493982478,27.7824648884334,27.7824648884334,27.651937666319,27.5162177292145,27.4306740081185,27.4357079298451,27.6016915422711,27.6067172400882,27.6117426966131,27.7824648884334,27.7322813525865,27.7172216044382,27.7172216044382,27.812563481855,27.8075476496238,27.7874819207868,27.7674123504958,27.7824648884334,27.6720293663216,27.6418903705064,27.5765594326333,27.5765594326333,27.6870956122065,27.7021596912783,27.5815863374129,27.892784190336,28.1830715081525,28.0130003858666,28.1780733411736,28.1380794518489,28.1980645842911,27.9779515459613,27.8075476496238,27.8276095391327,28.0330230443987,27.8526815051994,27.7021596912783,27.8476675914376,27.9278614710339,27.8476675914376,27.8677218086608,28.063049878718,28.1680762946208,27.9979808867536,28.0530418873914,28.0980703444506,27.7674123504958,27.7523576505433,27.6619839981682,27.8677218086608,27.7473389366228,27.6870956122065,27.6469141389248,27.6670068026902,27.4860338187415,27.6770516890958,27.5564493982478,27.6569609527223,27.5715322863604,27.5313064183988,27.506157393667,27.5111876824057,27.5212475341273,27.506157393667,27.4810023198492,27.4357079298451,27.4055007617757,27.4407416091366,27.475970578825,27.4910650755359,27.4860338187415,27.4055007617757,27.4155707879898,27.4860338187415,27.355136067025,27.3450602134443,27.4306740081185,27.4155707879898,27.5313064183988,27.4055007617757,27.385357797423,27.3148268185636,27.4004653847288,27.4105358961847,27.5262770971775,27.5212475341273,27.4508082405489,27.4256398439229,27.4357079298451,27.4558411927372,27.4860338187415,27.4558411927372,27.3500982617396,27.3601736293342,27.385357797423,27.3903939025862,27.3702480251596,27.4608739026253,27.5162177292145,27.506157393667,27.3903939025862,27.2745020022695,27.2543337507527,27.355136067025,27.2694603047538,27.2190299285684,27.2896256338382,27.3047470746531,27.2946663574817,27.2997068377419,27.2644183636851,27.2896256338382,27.2946663574817,27.3903939025862,27.2795434562661,27.2543337507527,27.2946663574817,27.2795434562661,27.340021922105,27.3148268185636,27.1988509509866,27.2593761790295,27.2543337507527,27.355136067025,27.4608739026253,27.3349833876879,27.4105358961847,27.2896256338382,27.2593761790295,27.4407416091366,27.1635283437601,27.3148268185636,27.1837141556074,27.1837141556074,27.1281937673691,27.1433386236146,27.1736217380844,27.1382905826503
27.2392050038562,27.3803214494867,27.3198663256309,27.2795434562661,27.3047470746531,27.2997068377419,27.2392050038562,27.2593761790295,27.3299446101592,27.3803214494867,27.2543337507527,27.3198663256309,27.4810023198492,27.6820737710463,27.6971385722891,27.475970578825,27.5262770971775,27.6619839981682,27.631842110463,27.5614772692013,27.4306740081185,27.4004653847288,27.4105358961847,27.4608739026253,27.4910650755359,27.506157393667,27.3148268185636,27.355136067025,27.6469141389248,27.6418903705064,27.6720293663216,27.6268176187712,27.5866130007331,27.6368663610303,27.8576951793018,27.8677218086608,27.9579183838364,27.9579183838364,27.7975152652541,27.7222417610001,27.7222417610001,27.8326244118639,27.7573761241401,27.7824648884334,27.6368663610303,27.651937666319,27.6770516890958,27.4357079298451,27.3752848587436,27.3601736293342,27.4910650755359,27.6670068026902,27.3450602134443,27.3803214494867,27.4004653847288,27.2896256338382,27.2946663574817,27.3047470746531,27.1988509509866,27.2896256338382,27.3299446101592,27.4860338187415,27.7021596912783,27.4457750460266,27.4960960902657,27.4256398439229,27.6268176187712,27.9228511486881,27.777447615956,27.7573761241401,27.6569609527223,27.5463929314253,27.5262770971775,27.475970578825,27.5413643354891,27.4810023198492,27.5363354978248,27.5715322863604,27.551421285667,27.6720293663216,27.5715322863604,27.7322813525865,27.5614772692013,27.4357079298451,27.4558411927372,27.4306740081185,27.4206054372245,27.4457750460266,27.4810023198492,27.4206054372245,27.4055007617757,27.4960960902657,27.4860338187415,27.5011268629649,27.8576951793018,28.253020924455,27.9078187463413,27.4608739026253,27.385357797423,27.4105358961847,27.3954297650103,27.6770516890958,27.6770516890958,27.6971385722891,27.6268176187712,27.6016915422711,27.4910650755359,27.5413643354891,27.6971385722891,27.777447615956,27.8827599560813,27.7924987130493,27.7975152652541,27.9428910032239,27.9479003691149,27.812563481855,27.6167679118797,27.5363354978248,27.5765594326333,27.6971385722891,27.7724301033211,27.7924987130493,27.7322813525865,27.7523576505433,27.8727347639835,27.8426534379831,27.9028074670123,28.1130755441568,28.0029876251156,27.6971385722891,27.6921172126096,27.8777474797793,27.8827599560813,27.8777474797793,27.8627086137778,28.0680535169536,28.0780600787342,28.0029876251156,28.043032942706,27.9879666938923,27.8326244118639,27.8827599560813,28.1730749366739,28.0880656878123,28.043032942706,27.9428910032239,28.0130003858666,27.9328715542163,27.8025315774346,27.7423199823454,27.7322813525865,27.9679354426974,27.8576951793018,27.7222417610001,27.5916394226271,27.6720293663216,27.6770516890958,27.6820737710463,27.7824648884334,27.6569609527223,27.631842110463,27.5715322863604,27.5363354978248,27.4860338187415,27.4709385956355,27.5011268629649,27.4558411927372,27.4357079298451,27.4558411927372,27.4508082405489,27.506157393667,27.5111876824057,27.5212475341273,27.5363354978248,27.4055007617757,27.5463929314253,27.4960960902657,27.4558411927372,27.4608739026253,27.355136067025,27.3803214494867,27.4206054372245,27.3349833876879,27.3702480251596,27.385357797423,27.4709385956355,27.3954297650103,27.5162177292145,27.5313064183988,27.5413643354891,27.340021922105,27.4608739026253,27.4558411927372,27.5815863374129,27.5815863374129,27.3047470746531,27.385357797423,27.3702480251596,27.4910650755359,27.5011268629649,27.4960960902657,27.4457750460266,27.4256398439229,27.4155707879898,27.2492910788209,27.2795434562661,27.1079972024379,27.4508082405489,27.309787068249,27.2795434562661,27.2089409277006,27.2240740631453,27.2896256338382,27.3752848587436,27.2896256338382,27.2543337507527,27.1887599981537,27.2543337507527,27.2089409277006,27.0877967231895,27.355136067025,27.3450602134443,27.1736217380844,27.2139855500982,27.2593761790295,27.1837141556074,27.3249055894848,27.4910650755359,27.4155707879898,27.4810023198492,27.3450602134443,27.2896256338382,27.2593761790295,27.2644183636851,27.2291179538628,27.2190299285684,27.2593761790295,27.1685751630395,27.1483864201735,27.1332422972466
27.5111876824057,27.4055007617757,27.3148268185636,27.234161600755,27.355136067025,27.3652109487011,27.3702480251596,27.3752848587436,27.4357079298451,27.2593761790295,27.4004653847288,27.2997068377419,27.4306740081185,27.4659063702468,27.4860338187415,27.4357079298451,27.4357079298451,27.3903939025862,27.4810023198492,27.5463929314253,27.6820737710463,27.5715322863604,27.475970578825,27.4206054372245,27.7373007876777,27.4004653847288,27.309787068249,27.4558411927372,27.4608739026253,27.5715322863604,27.4910650755359,27.4306740081185,27.4306740081185,27.4709385956355,27.7373007876777,27.8827599560813,27.9729436137625,27.8877721929225,27.7824648884334,27.7373007876777,28.0130003858666,28.0380281127715,27.7573761241401,27.5614772692013,27.7724301033211,27.5916394226271,27.777447615956,27.8075476496238,27.7071805696107,27.6720293663216,27.4860338187415,27.5715322863604,27.4960960902657,27.3601736293342,27.4105358961847,27.4105358961847,27.4004653847288,27.3299446101592,27.3349833876879,27.340021922105,27.5011268629649,27.6469141389248,27.4709385956355,27.4508082405489,27.3752848587436,27.5111876824057,27.6670068026902,27.7473389366228,27.8025315774346,27.8877721929225,27.6670068026902,27.5011268629649,27.506157393667,27.4709385956355,27.5413643354891,27.5313064183988,27.5413643354891,27.4709385956355,27.5916394226271,27.506157393667,27.6971385722891,27.7071805696107,27.4960960902657,27.3752848587436,27.3903939025862,27.5665048985609,27.7272616770383,27.6217928859212,27.475970578825,27.3803214494867,27.4659063702468,27.4709385956355,27.4206054372245,27.2442481632001,27.4860338187415,27.8627086137778,28.2480260793404,27.9128297863749,27.5011268629649,27.3500982617396,27.6469141389248,27.7423199823454,27.6921172126096,27.6870956122065,27.5815863374129,27.6217928859212,27.4306740081185,27.5162177292145,27.6921172126096,27.8627086137778,27.6167679118797,27.892784190336,27.7674123504958,27.5966656031286,27.6720293663216,27.5614772692013,27.475970578825,27.4155707879898,27.631842110463,27.5866130007331,27.6770516890958,27.837639044803,28.0930681351701,27.9378813982687,28.0130003858666,27.9779515459613,27.892784190336,27.7322813525865,27.6418903705064,27.6921172126096,27.6619839981682,27.9479003691149,27.812563481855,27.837639044803,28.043032942706,28.0079941248089,28.0280177375547,28.0680535169536,28.048037534235,28.0780600787342,28.0930681351701,28.0330230443987,28.0730569169481,28.1780733411736,28.0029876251156,27.962927032733,28.0130003858666,27.8526815051994,27.892784190336,27.7373007876777,27.7071805696107,27.777447615956,27.777447615956,27.6117426966131,27.7373007876777,27.7623943574465,27.6921172126096,27.8025315774346,27.8225944265762,27.7423199823454,27.7071805696107,27.7523576505433,27.7172216044382,27.6619839981682,27.4960960902657,27.4860338187415,27.4910650755359,27.3903939025862,27.4407416091366,27.3803214494867,27.4457750460266,27.6418903705064,27.6268176187712,27.6268176187712,27.7222417610001,27.7473389366228,27.5815863374129,27.5966656031286,27.4155707879898,27.3954297650103,27.4860338187415,27.5011268629649,27.5011268629649,27.3752848587436,27.4457750460266,27.5162177292145,27.4960960902657,27.4659063702468,27.6016915422711,27.5011268629649,27.5162177292145,27.4659063702468,27.4659063702468,27.3752848587436,27.3652109487011,27.3702480251596,27.385357797423,27.3903939025862,27.5162177292145,27.4910650755359,27.5212475341273,27.4306740081185,27.5715322863604,27.551421285667,27.4306740081185,27.4004653847288,27.4357079298451,27.5313064183988,27.4306740081185,27.309787068249,27.355136067025,27.2845846667777,27.2845846667777,27.3148268185636,27.2442481632001,27.2543337507527,27.2997068377419,27.2745020022695,27.2694603047538,27.309787068249,27.1029474496787,27.2997068377419,27.2896256338382,27.385357797423,27.3500982617396,27.4004653847288,27.2896256338382,27.4004653847288,27.4256398439229,27.4508082405489,27.3702480251596,27.3249055894848,27.2593761790295,27.3249055894848,27.3349833876879,27.2543337507527,27.1382905826503,27.1231449929837,27.1281937673691,27.1635283437601
27.6820737710463,27.6016915422711,27.4960960902657,27.3500982617396,27.3752848587436,27.2240740631453,27.2644183636851,27.234161600755,27.2593761790295,27.2745020022695,27.3198663256309,27.3803214494867,27.3148268185636,27.3954297650103,27.475970578825,27.385357797423,27.2997068377419,27.309787068249,27.2896256338382,27.193805596602,27.4860338187415,27.6368663610303,27.8075476496238,27.6167679118797,27.4206054372245,27.4709385956355,27.4558411927372,27.3954297650103,27.4910650755359,27.4357079298451,27.4256398439229,27.3249055894848,27.3249055894848,27.3903939025862,27.6016915422711,27.7322813525865,27.8476675914376,27.7975152652541,27.7874819207868,27.7272616770383,27.8727347639835,27.892784190336,27.7623943574465,27.7924987130493,27.5715322863604,27.5715322863604,27.7021596912783,27.6016915422711,27.812563481855,27.631842110463,27.4508082405489,27.4004653847288,27.2946663574817,27.4155707879898,27.3903939025862,27.4055007617757,27.3299446101592,27.5111876824057,27.6469141389248,27.651937666319,27.5162177292145,27.385357797423,27.3047470746531,27.4055007617757,27.4508082405489,27.5011268629649,27.7724301033211,27.8175790741614,27.8977959483549,27.8075476496238,27.6569609527223,27.6670068026902,27.506157393667,27.4810023198492,27.5011268629649,27.4407416091366,27.4810023198492,27.4155707879898,27.5011268629649,27.5866130007331,27.7071805696107,27.5463929314253,27.5212475341273,27.4709385956355,27.4659063702468,27.4608739026253,27.6067172400882,27.6067172400882,27.4810023198492,27.3299446101592,27.385357797423,27.4860338187415,27.4357079298451,27.5815863374129,27.4810023198492,27.6067172400882,27.8576951793018,28.0079941248089,27.8476675914376,27.5413643354891,27.6720293663216,27.7071805696107,27.7423199823454,27.5111876824057,27.4558411927372,27.4960960902657,27.5866130007331,27.7122012073196,27.8627086137778,27.7473389366228,27.8727347639835,27.8727347639835,27.6670068026902,27.6117426966131,27.5262770971775,27.5262770971775,27.5111876824057,27.3954297650103,27.5363354978248,27.5715322863604,27.7272616770383,28.043032942706,28.218052029166,27.9929739096901,27.8075476496238,27.6418903705064,27.6770516890958,27.5564493982478,27.5564493982478,27.551421285667,27.6870956122065,27.962927032733,27.9729436137625,27.8426534379831,27.812563481855,27.8627086137778,28.0180064083215,28.048037534235,28.2480260793404,28.1030723156867,27.9228511486881,27.8627086137778,27.8526815051994,27.8025315774346,27.8677218086608,27.8075476496238,27.9929739096901,27.8476675914376,27.9979808867536,27.8476675914376,27.837639044803,27.9128297863749,27.8326244118639,27.6167679118797,27.7122012073196,27.8075476496238,27.8326244118639,27.7071805696107,27.777447615956,27.6619839981682,27.6971385722891,27.6569609527223,27.6720293663216,27.5111876824057,27.4810023198492,27.4357079298451,27.4810023198492,27.4608739026253,27.4206054372245,27.4206054372245,27.4960960902657,27.5162177292145,27.6117426966131,27.5111876824057,27.5363354978248,27.6016915422711,27.5715322863604,27.5313064183988,27.4709385956355,27.4256398439229,27.4407416091366,27.4659063702468,27.3601736293342,27.3450602134443,27.4608739026253,27.4105358961847,27.4155707879898,27.4960960902657,27.5111876824057,27.4960960902657,27.5413643354891,27.4407416091366,27.4558411927372,27.4105358961847,27.4608739026253,27.3652109487011,27.4155707879898,27.4155707879898,27.4860338187415,27.4608739026253,27.385357797423,27.4256398439229,27.4860338187415,27.4860338187415,27.4910650755359,27.3903939025862,27.2946663574817,27.3047470746531,27.4306740081185,27.309787068249,27.4457750460266,27.2845846667777,27.3047470746531,27.309787068249,27.2694603047538,27.178668068929,27.2644183636851,27.2745020022695,27.2392050038562,27.2593761790295,27.2543337507527,27.2745020022695,27.2442481632001,27.2795434562661,27.1130467105523,27.3299446101592,27.4004653847288,27.3299446101592,27.2694603047538,27.2845846667777,27.3500982617396,27.3349833876879,27.1685751630395,27.2694603047538,27.2240740631453,27.2089409277006,27.2240740631453,27.193805596602,27.1736217380844,27.1736217380844
27.6268176187712,27.6016915422711,27.6016915422711,27.5715322863604,27.4910650755359,27.3047470746531,27.3601736293342,27.3148268185636,27.355136067025,27.2795434562661,27.2442481632001,27.3148268185636,27.3702480251596,27.3903939025862,27.4407416091366,27.3652109487011,27.3702480251596,27.3903939025862,27.234161600755,27.2694603047538,27.3148268185636,27.5162177292145,27.6368663610303,27.4810023198492,27.5363354978248,27.6469141389248,27.551421285667,27.4910650755359,27.3954297650103,27.4960960902657,27.3299446101592,27.4457750460266,27.355136067025,27.4910650755359,27.7272616770383,27.4608739026253,27.5916394226271,27.5463929314253,27.5765594326333,27.5413643354891,27.7172216044382,27.8426534379831,27.7824648884334,27.9028074670123,27.9078187463413,27.7924987130493,27.6067172400882,27.5866130007331,27.6016915422711,27.7021596912783,27.6921172126096,27.7071805696107,27.4256398439229,27.4659063702468,27.4306740081185,27.3803214494867,27.6117426966131,27.7473389366228,27.651937666319,27.4055007617757,27.355136067025,27.3450602134443,27.4256398439229,27.7373007876777,27.6418903705064,27.651937666319,27.9278614710339,27.9479003691149,27.8677218086608,27.9028074670123,27.9979808867536,27.8075476496238,27.7222417610001,27.5715322863604,27.4709385956355,27.4608739026253,27.4860338187415,27.5665048985609,27.5313064183988,27.812563481855,27.7924987130493,27.5715322863604,27.3803214494867,27.5765594326333,27.4960960902657,27.3954297650103,27.5614772692013,27.6016915422711,27.4960960902657,27.5011268629649,27.4558411927372,27.4155707879898,27.4608739026253,27.6971385722891,27.6770516890958,27.6217928859212,27.6418903705064,27.7824648884334,27.8476675914376,27.6820737710463,27.8526815051994,27.5413643354891,27.5313064183988,27.5614772692013,27.5815863374129,27.6670068026902,27.7373007876777,27.8727347639835,28.0029876251156,27.7222417610001,27.8225944265762,27.7975152652541,27.5363354978248,27.5665048985609,27.6016915422711,27.5212475341273,27.5363354978248,27.5262770971775,27.5614772692013,27.7724301033211,27.837639044803,28.0880656878123,28.2130555239183,27.9879666938923,27.8326244118639,27.7473389366228,27.5262770971775,27.6870956122065,27.5715322863604,27.8075476496238,27.7122012073196,27.8827599560813,28.0280177375547,27.892784190336,27.8627086137778,27.8326244118639,28.1280786023483,28.0530418873914,28.048037534235,28.0130003858666,27.7071805696107,27.8727347639835,27.8827599560813,27.7071805696107,27.6971385722891,27.6368663610303,27.8476675914376,27.7623943574465,27.8276095391327,27.837639044803,27.6820737710463,27.8977959483549,27.6770516890958,27.9178405871461,27.8977959483549,27.892784190336,27.9779515459613,27.8225944265762,27.7021596912783,27.7573761241401,27.7473389366228,27.7373007876777,27.6921172126096,27.5815863374129,27.5815863374129,27.4457750460266,27.4910650755359,27.4457750460266,27.4810023198492,27.4256398439229,27.5413643354891,27.4508082405489,27.5564493982478,27.7423199823454,27.7423199823454,27.5866130007331,27.5916394226271,27.4608739026253,27.4960960902657,27.3903939025862,27.3954297650103,27.3702480251596,27.355136067025,27.4105358961847,27.4306740081185,27.3047470746531,27.385357797423,27.506157393667,27.4558411927372,27.475970578825,27.5715322863604,27.4960960902657,27.4659063702468,27.4608739026253,27.5765594326333,27.4709385956355,27.475970578825,27.4306740081185,27.5011268629649,27.3652109487011,27.4910650755359,27.4860338187415,27.475970578825,27.3198663256309,27.4206054372245,27.4155707879898,27.4206054372245,27.4860338187415,27.3752848587436,27.385357797423,27.2795434562661,27.3299446101592,27.4055007617757,27.3803214494867,27.340021922105,27.3349833876879,27.2492910788209,27.2845846667777,27.2745020022695,27.2845846667777,27.2896256338382,27.234161600755,27.2392050038562,27.3500982617396,27.3652109487011,27.3047470746531,27.340021922105,27.3954297650103,27.3601736293342,27.3047470746531,27.3903939025862,27.4860338187415,27.3198663256309,27.3450602134443,27.2997068377419,27.2543337507527,27.1584812802121,27.0625406162806,27.1534339723613,27.193805596602
27.4256398439229,27.5966656031286,27.5765594326333,27.3702480251596,27.5614772692013,27.3299446101592,27.2644183636851,27.0322252041533,27.2543337507527,27.1685751630395,27.178668068929,27.309787068249,27.309787068249,27.3803214494867,27.340021922105,27.3702480251596,27.3500982617396,27.4055007617757,27.385357797423,27.3148268185636,27.355136067025,27.3047470746531,27.3299446101592,27.4105358961847,27.4055007617757,27.4558411927372,27.5815863374129,27.4659063702468,27.4810023198492,27.4256398439229,27.5011268629649,27.3601736293342,27.4407416091366,27.5162177292145,27.5765594326333,27.340021922105,27.3349833876879,27.3349833876879,27.4206054372245,27.5966656031286,27.6117426966131,27.7824648884334,27.7874819207868,27.6921172126096,27.9479003691149,28.0330230443987,27.8526815051994,27.5815863374129,27.5866130007331,27.5665048985609,27.6016915422711,27.5765594326333,27.7222417610001,27.5715322863604,27.7322813525865,27.6921172126096,27.7423199823454,27.385357797423,27.475970578825,27.4810023198492,27.5111876824057,27.5363354978248,27.4508082405489,27.5413643354891,27.4155707879898,27.4407416091366,27.9228511486881,27.8175790741614,27.8276095391327,27.8025315774346,27.7975152652541,27.7924987130493,27.6469141389248,27.5413643354891,27.4960960902657,27.5313064183988,27.4810023198492,27.8225944265762,28.063049878718,28.2879782051969,28.043032942706,27.7071805696107,27.5162177292145,27.6117426966131,27.5866130007331,27.4910650755359,27.5111876824057,27.4457750460266,27.4960960902657,27.5111876824057,27.5162177292145,27.4608739026253,27.475970578825,27.7724301033211,27.8677218086608,27.8476675914376,27.7724301033211,27.6921172126096,27.9979808867536,28.0180064083215,27.8727347639835,27.5463929314253,27.5916394226271,27.6067172400882,27.6418903705064,27.6117426966131,27.5866130007331,27.6167679118797,27.837639044803,27.7322813525865,27.7523576505433,27.6469141389248,27.631842110463,27.506157393667,27.5011268629649,27.4810023198492,27.5262770971775,27.5916394226271,27.5866130007331,27.6870956122065,27.8426534379831,27.8476675914376,27.7473389366228,27.777447615956,27.8677218086608,27.6921172126096,27.7423199823454,27.7523576505433,27.8727347639835,27.7724301033211,27.6770516890958,27.6870956122065,27.8276095391327,27.8877721929225,28.0230121922066,28.1430795199092,28.0180064083215,27.8977959483549,27.8526815051994,27.892784190336,28.0029876251156,27.8777474797793,27.6971385722891,27.5564493982478,27.4558411927372,27.4508082405489,27.6067172400882,27.7172216044382,27.6016915422711,27.7172216044382,27.7473389366228,27.9028074670123,27.982959239327,27.9078187463413,27.9779515459613,27.962927032733,27.837639044803,27.6971385722891,27.7473389366228,27.7824648884334,27.7272616770383,27.6971385722891,27.6720293663216,27.4810023198492,27.4407416091366,27.4810023198492,27.385357797423,27.6418903705064,27.5463929314253,27.5111876824057,27.551421285667,27.5262770971775,27.5313064183988,27.5313064183988,27.6268176187712,27.6569609527223,27.6770516890958,27.5011268629649,27.5715322863604,27.4357079298451,27.4407416091366,27.385357797423,27.4256398439229,27.3702480251596,27.4055007617757,27.385357797423,27.4457750460266,27.4960960902657,27.3652109487011,27.5665048985609,27.5966656031286,27.4155707879898,27.4055007617757,27.4860338187415,27.475970578825,27.5162177292145,27.4508082405489,27.5413643354891,27.475970578825,27.5162177292145,27.4860338187415,27.3954297650103,27.4457750460266,27.3450602134443,27.3500982617396,27.4508082405489,27.4960960902657,27.2644183636851,27.3198663256309,27.4357079298451,27.340021922105,27.2694603047538,27.3450602134443,27.3299446101592,27.3349833876879,27.3249055894848,27.2492910788209,27.4508082405489,27.3450602134443,27.3349833876879,27.2745020022695,27.2442481632001,27.340021922105,27.3652109487011,27.385357797423,27.2644183636851,27.3702480251596,27.3148268185636,27.4105358961847,27.3450602134443,27.309787068249,27.2795434562661,27.2795434562661,27.3752848587436,27.3450602134443,27.1130467105523,27.2997068377419,27.2593761790295,27.1635283437601,27.2240740631453
27.385357797423,27.3450602134443,27.3903939025862,27.385357797423,27.5262770971775,27.5614772692013,27.3349833876879,27.2492910788209,27.3148268185636,27.309787068249,27.1736217380844,27.1685751630395,27.4155707879898,27.2946663574817,27.3249055894848,27.355136067025,27.4004653847288,27.4508082405489,27.3198663256309,27.4508082405489,27.4357079298451,27.3299446101592,27.4004653847288,27.2946663574817,27.3047470746531,27.3349833876879,27.5011268629649,27.3954297650103,27.4407416091366,27.4810023198492,27.4357079298451,27.3702480251596,27.3299446101592,27.5111876824057,27.5212475341273,27.340021922105,27.2240740631453,27.2997068377419,27.3198663256309,27.4608739026253,27.4155707879898,27.7824648884334,27.7874819207868,27.8225944265762,28.0180064083215,27.9529094959747,27.7874819207868,27.9228511486881,27.8326244118639,27.7523576505433,27.8075476496238,27.8225944265762,27.8526815051994,27.8526815051994,27.7122012073196,27.6921172126096,27.6921172126096,27.6820737710463,27.5011268629649,27.3803214494867,27.5866130007331,27.6670068026902,27.4407416091366,27.4457750460266,27.631842110463,27.8175790741614,27.8075476496238,27.6770516890958,27.6670068026902,27.6770516890958,27.7924987130493,27.8677218086608,27.9479003691149,27.7172216044382,27.5262770971775,27.7021596912783,27.8276095391327,27.8326244118639,28.0580460022081,28.1130755441568,28.2080587813783,27.8677218086608,27.5162177292145,27.4810023198492,27.6268176187712,27.7172216044382,27.7473389366228,27.5916394226271,27.5765594326333,27.4860338187415,27.3349833876879,27.5262770971775,27.6067172400882,27.7573761241401,28.048037534235,27.962927032733,27.8877721929225,27.7021596912783,28.0029876251156,28.14807935022,27.8727347639835,27.6569609527223,27.6870956122065,27.7674123504958,27.6921172126096,27.7423199823454,27.7172216044382,27.8175790741614,27.8526815051994,27.6820737710463,27.6469141389248,27.5011268629649,27.6670068026902,27.4960960902657,27.506157393667,27.4910650755359,27.7172216044382,27.7021596912783,27.5715322863604,27.6117426966131,27.9929739096901,27.8777474797793,27.7623943574465,27.8977959483549,27.9428910032239,27.9128297863749,27.8727347639835,27.6921172126096,27.6770516890958,27.7674123504958,27.8025315774346,27.7272616770383,27.9278614710339,27.9028074670123,28.1330791460061,28.0180064083215,27.8476675914376,27.8827599560813,27.8727347639835,27.9178405871461,28.0730569169481,28.063049878718,27.7172216044382,27.5564493982478,27.5866130007331,27.4558411927372,27.5765594326333,27.6921172126096,27.8025315774346,27.7874819207868,27.8627086137778,27.9378813982687,27.9929739096901,27.9679354426974,27.9479003691149,27.9378813982687,27.7924987130493,27.8727347639835,27.7021596912783,27.6921172126096,27.7674123504958,27.7021596912783,27.7222417610001,27.5916394226271,27.475970578825,27.5363354978248,27.5363354978248,27.5564493982478,27.5564493982478,27.6619839981682,27.4407416091366,27.3047470746531,27.4659063702468,27.5463929314253,27.5765594326333,27.5162177292145,27.4910650755359,27.4457750460266,27.5866130007331,27.4457750460266,27.4256398439229,27.4256398439229,27.4206054372245,27.4357079298451,27.4155707879898,27.4608739026253,27.3803214494867,27.4659063702468,27.5212475341273,27.5916394226271,27.4306740081185,27.4960960902657,27.5966656031286,27.4508082405489,27.5011268629649,27.475970578825,27.551421285667,27.475970578825,27.3702480251596,27.4206054372245,27.5815863374129,27.4457750460266,27.4407416091366,27.3299446101592,27.3249055894848,27.4055007617757,27.4055007617757,27.4860338187415,27.4457750460266,27.2946663574817,27.3903939025862,27.3450602134443,27.3198663256309,27.340021922105,27.3349833876879,27.3500982617396,27.3349833876879,27.2997068377419,27.340021922105,27.3500982617396,27.2946663574817,27.2845846667777,27.3450602134443,27.4860338187415,27.385357797423,27.3652109487011,27.340021922105,27.2795434562661,27.3652109487011,27.2745020022695,27.3601736293342,27.3652109487011,27.3652109487011,27.3047470746531,27.193805596602,27.3500982617396,27.1635283437601,27.2139855500982,27.1736217380844,27.1837141556074
27.193805596602,27.3450602134443,27.2392050038562,27.2896256338382,27.2896256338382,27.3702480251596,27.2543337507527,27.2946663574817,27.1837141556074,27.3803214494867,27.2492910788209,27.2946663574817,27.309787068249,27.2997068377419,27.385357797423,27.3903939025862,27.5011268629649,27.4105358961847,27.355136067025,27.3198663256309,27.475970578825,27.3500982617396,27.309787068249,27.3249055894848,27.3450602134443,27.2644183636851,27.3601736293342,27.3349833876879,27.4256398439229,27.5212475341273,27.4860338187415,27.4407416091366,27.3601736293342,27.6820737710463,27.5111876824057,27.2644183636851,27.3148268185636,27.2745020022695,27.3198663256309,27.4457750460266,27.3198663256309,27.4810023198492,27.6469141389248,27.631842110463,27.8225944265762,27.812563481855,27.7824648884334,27.7874819207868,27.6670068026902,27.7724301033211,27.8025315774346,27.9679354426974,28.1330791460061,28.0830630023446,27.7674123504958,27.8576951793018,27.7021596912783,27.7824648884334,27.7674123504958,27.7523576505433,27.6167679118797,27.9228511486881,27.7924987130493,27.962927032733,27.962927032733,27.9328715542163,27.7473389366228,27.7874819207868,27.7874819207868,28.0079941248089,27.9579183838364,28.0230121922066,27.8175790741614,27.6469141389248,27.6820737710463,27.6167679118797,27.5262770971775,27.6921172126096,27.7824648884334,28.0680535169536,27.8426534379831,27.651937666319,27.4256398439229,27.4910650755359,27.5162177292145,27.7623943574465,27.7423199823454,27.6117426966131,27.5262770971775,27.4206054372245,27.4357079298451,27.4508082405489,27.4709385956355,27.5815863374129,27.4508082405489,27.4608739026253,27.5815863374129,27.6016915422711,27.7322813525865,27.5765594326333,27.5815863374129,27.777447615956,27.7674123504958,27.7272616770383,27.6569609527223,27.8025315774346,27.7523576505433,27.9328715542163,28.0380281127715,27.8526815051994,27.7021596912783,27.7874819207868,27.651937666319,27.6469141389248,27.5815863374129,27.6469141389248,27.7824648884334,27.7222417610001,27.631842110463,27.6820737710463,27.7874819207868,27.7874819207868,27.837639044803,27.8877721929225,27.8877721929225,27.8727347639835,27.8677218086608,27.7322813525865,27.6820737710463,27.7122012073196,27.6820737710463,27.6720293663216,27.9679354426974,28.0280177375547,28.0130003858666,28.048037534235,28.0180064083215,28.0130003858666,27.8576951793018,27.8526815051994,27.8576951793018,27.8727347639835,27.6569609527223,27.651937666319,27.5765594326333,27.6368663610303,27.5665048985609,27.7874819207868,27.8727347639835,27.8526815051994,27.8677218086608,27.892784190336,27.9579183838364,27.9479003691149,27.9679354426974,27.812563481855,27.9078187463413,27.8276095391327,27.7824648884334,27.7172216044382,27.7473389366228,27.7523576505433,27.6971385722891,27.4608739026253,27.7071805696107,27.4659063702468,27.551421285667,27.5363354978248,27.6820737710463,27.4960960902657,27.4407416091366,27.5162177292145,27.4709385956355,27.475970578825,27.5011268629649,27.5815863374129,27.4306740081185,27.5765594326333,27.4810023198492,27.4155707879898,27.5715322863604,27.4659063702468,27.340021922105,27.5966656031286,27.5866130007331,27.5313064183988,27.4155707879898,27.4810023198492,27.651937666319,27.6067172400882,27.651937666319,27.5765594326333,27.4860338187415,27.506157393667,27.4910650755359,27.4407416091366,27.355136067025,27.4155707879898,27.4357079298451,27.3601736293342,27.4508082405489,27.3601736293342,27.3752848587436,27.3450602134443,27.3349833876879,27.340021922105,27.4256398439229,27.4457750460266,27.4960960902657,27.3752848587436,27.3803214494867,27.2492910788209,27.3752848587436,27.3752848587436,27.3500982617396,27.2644183636851,27.355136067025,27.3047470746531,27.2492910788209,27.2543337507527,27.3450602134443,27.340021922105,27.3500982617396,27.3349833876879,27.3903939025862,27.3702480251596,27.3249055894848,27.340021922105,27.309787068249,27.3601736293342,27.3652109487011,27.2946663574817,27.2442481632001,27.2946663574817,27.2694603047538,27.2442481632001,27.2946663574817,27.1837141556074,27.0877967231895,27.1584812802121
27.6067172400882,27.5162177292145,27.2845846667777,27.2392050038562,27.309787068249,27.1988509509866,27.309787068249,27.2745020022695,27.3702480251596,27.3198663256309,27.4055007617757,27.3702480251596,27.3903939025862,27.355136067025,27.3702480251596,27.4407416091366,27.506157393667,27.5715322863604,27.4457750460266,27.3752848587436,27.4357079298451,27.3299446101592,27.3500982617396,27.2795434562661,27.2795434562661,27.385357797423,27.5363354978248,27.6670068026902,27.4659063702468,27.4810023198492,27.506157393667,27.4558411927372,27.4860338187415,27.5363354978248,27.5212475341273,27.3349833876879,27.3198663256309,27.2291179538628,27.3299446101592,27.2593761790295,27.340021922105,27.4357079298451,27.6217928859212,27.6067172400882,27.8225944265762,27.7824648884334,27.4659063702468,27.4709385956355,27.4105358961847,27.4457750460266,27.5966656031286,27.9479003691149,27.8276095391327,27.8426534379831,27.8727347639835,28.0980703444506,28.0079941248089,27.892784190336,27.8827599560813,27.631842110463,27.6268176187712,27.6016915422711,27.5111876824057,27.5815863374129,27.5916394226271,27.6569609527223,27.6418903705064,27.5715322863604,27.777447615956,27.982959239327,27.9679354426974,28.063049878718,27.8627086137778,27.7122012073196,27.6921172126096,27.6217928859212,27.6418903705064,27.506157393667,27.6670068026902,27.7473389366228,27.6619839981682,27.6368663610303,27.5966656031286,27.5363354978248,27.4860338187415,27.5463929314253,27.6469141389248,27.5916394226271,27.5413643354891,27.4508082405489,27.4256398439229,27.4407416091366,27.4960960902657,27.4457750460266,27.4457750460266,27.6469141389248,27.7724301033211,27.7122012073196,27.5614772692013,27.5614772692013,27.6368663610303,27.7824648884334,27.7724301033211,27.7272616770383,27.7724301033211,27.9028074670123,28.0130003858666,28.0230121922066,28.0530418873914,27.9128297863749,27.777447615956,27.6217928859212,27.7724301033211,27.6469141389248,27.777447615956,27.5765594326333,27.7523576505433,27.8276095391327,27.7122012073196,27.6619839981682,27.8827599560813,27.892784190336,27.8877721929225,27.7473389366228,27.5866130007331,27.7172216044382,27.8827599560813,27.7523576505433,27.8576951793018,27.7222417610001,27.6971385722891,27.9579183838364,28.1080740489112,28.1730749366739,28.0130003858666,28.1330791460061,28.1280786023483,28.063049878718,27.8526815051994,27.9028074670123,28.0580460022081,28.1180768014564,27.962927032733,27.7824648884334,27.6820737710463,27.7924987130493,27.7874819207868,27.9328715542163,28.048037534235,27.9378813982687,27.9428910032239,27.9479003691149,27.8827599560813,27.7874819207868,27.7674123504958,27.7172216044382,27.8777474797793,27.7924987130493,27.812563481855,27.7573761241401,27.837639044803,27.7623943574465,27.8276095391327,27.6217928859212,27.5363354978248,27.5463929314253,27.475970578825,27.5765594326333,27.7322813525865,27.6670068026902,27.5212475341273,27.5313064183988,27.5262770971775,27.4306740081185,27.5212475341273,27.6117426966131,27.6117426966131,27.7322813525865,27.5564493982478,27.631842110463,27.6167679118797,27.5564493982478,27.4960960902657,27.6217928859212,27.6469141389248,27.5363354978248,27.5966656031286,27.4357079298451,27.5413643354891,27.4407416091366,27.6167679118797,27.5715322863604,27.4960960902657,27.4608739026253,27.551421285667,27.4457750460266,27.4608739026253,27.4558411927372,27.4256398439229,27.3500982617396,27.4558411927372,27.4306740081185,27.355136067025,27.5363354978248,27.340021922105,27.3954297650103,27.3803214494867,27.3702480251596,27.4960960902657,27.4055007617757,27.3702480251596,27.3702480251596,27.4105358961847,27.2694603047538,27.2644183636851,27.3652109487011,27.3601736293342,27.234161600755,27.2593761790295,27.309787068249,27.4105358961847,27.2946663574817,27.3702480251596,27.4357079298451,27.4407416091366,27.385357797423,27.3903939025862,27.3198663256309,27.355136067025,27.2997068377419,27.3752848587436,27.2795434562661,27.3601736293342,27.309787068249,27.3047470746531,27.2291179538628,27.2997068377419,27.1887599981537,27.1029474496787,27.1736217380844
27.9879666938923,27.4357079298451,27.2694603047538,27.355136067025,27.3299446101592,27.2593761790295,27.2644183636851,27.2240740631453,27.1887599981537,27.2745020022695,27.385357797423,27.2038960613414,27.2644183636851,27.3702480251596,27.340021922105,27.3903939025862,27.4256398439229,27.4407416091366,27.3803214494867,27.2845846667777,27.4206054372245,27.3450602134443,27.3702480251596,27.3702480251596,27.234161600755,27.2997068377419,27.4709385956355,27.7423199823454,27.5011268629649,27.3752848587436,27.3500982617396,27.309787068249,27.3349833876879,27.5111876824057,27.3702480251596,27.3047470746531,27.3249055894848,27.2997068377419,27.2997068377419,27.2644183636851,27.3500982617396,27.385357797423,27.4206054372245,27.6067172400882,27.5665048985609,27.4407416091366,27.4206054372245,27.3803214494867,27.3500982617396,27.4256398439229,27.5866130007331,27.7172216044382,27.6870956122065,27.5614772692013,27.7021596912783,27.6921172126096,27.7423199823454,27.8426534379831,27.8627086137778,27.7824648884334,27.6067172400882,27.4558411927372,27.4155707879898,27.2543337507527,27.4004653847288,27.5765594326333,27.5966656031286,27.6469141389248,28.0230121922066,27.9729436137625,27.6770516890958,27.8025315774346,27.6619839981682,27.6921172126096,27.6820737710463,27.6619839981682,27.6117426966131,27.6770516890958,27.4960960902657,27.6268176187712,27.5413643354891,27.4659063702468,27.4457750460266,27.5866130007331,27.4608739026253,27.5564493982478,27.5363354978248,27.4357079298451,27.4608739026253,27.5463929314253,27.5665048985609,27.4910650755359,27.5413643354891,27.5715322863604,27.6418903705064,27.7523576505433,27.8576951793018,27.7373007876777,27.5212475341273,27.5313064183988,27.5262770971775,27.6870956122065,27.7874819207868,27.5765594326333,27.6720293663216,27.7071805696107,27.7523576505433,27.8075476496238,27.9929739096901,27.9428910032239,27.9428910032239,27.777447615956,27.8075476496238,27.7824648884334,27.7523576505433,27.6619839981682,27.6569609527223,27.8476675914376,27.8576951793018,27.7523576505433,27.7724301033211,27.7573761241401,27.7824648884334,27.5916394226271,27.6720293663216,27.7172216044382,27.8627086137778,27.8175790741614,27.9879666938923,27.8777474797793,27.9328715542163,28.0980703444506,28.0680535169536,28.1330791460061,28.1180768014564,28.0230121922066,28.1280786023483,28.1430795199092,28.1430795199092,28.0680535169536,28.1330791460061,28.2130555239183,28.1230778208426,27.9078187463413,27.6820737710463,27.6720293663216,27.8025315774346,27.9428910032239,28.0780600787342,28.1780733411736,28.0930681351701,27.9228511486881,27.892784190336,27.9879666938923,27.9128297863749,27.8276095391327,27.8727347639835,27.8225944265762,27.7824648884334,27.7222417610001,27.8476675914376,27.8276095391327,27.7724301033211,27.7423199823454,27.6368663610303,27.5564493982478,27.5463929314253,27.5162177292145,27.5313064183988,27.6720293663216,27.4407416091366,27.4457750460266,27.5966656031286,27.4206054372245,27.5614772692013,27.5463929314253,27.4206054372245,27.6921172126096,27.6971385722891,27.6820737710463,27.6016915422711,27.551421285667,27.5715322863604,27.4960960902657,27.4457750460266,27.4608739026253,27.5614772692013,27.4910650755359,27.5463929314253,27.4105358961847,27.4105358961847,27.4306740081185,27.506157393667,27.4608739026253,27.340021922105,27.3349833876879,27.4306740081185,27.2896256338382,27.3299446101592,27.2946663574817,27.3299446101592,27.2896256338382,27.4659063702468,27.2694603047538,27.4306740081185,27.3450602134443,27.309787068249,27.4910650755359,27.355136067025,27.3803214494867,27.3652109487011,27.4206054372245,27.3652109487011,27.4055007617757,27.2392050038562,27.2946663574817,27.3752848587436,27.2644183636851,27.2291179538628,27.2694603047538,27.3450602134443,27.3500982617396,27.3450602134443,27.355136067025,27.4508082405489,27.3954297650103,27.2392050038562,27.3047470746531,27.3047470746531,27.3450602134443,27.234161600755,27.3249055894848,27.3249055894848,27.2392050038562,27.2139855500982,27.2291179538628,27.1584812802121,27.2946663574817,27.2442481632001,27.1988509509866
28.1930671296786,27.8175790741614,27.2946663574817,27.3450602134443,27.2492910788209,27.1231449929837,27.1180959740562,27.3249055894848,27.2896256338382,27.2745020022695,27.2694603047538,27.385357797423,27.2694603047538,27.4407416091366,27.3652109487011,27.5262770971775,27.4055007617757,27.3702480251596,27.2745020022695,27.2946663574817,27.4256398439229,27.2997068377419,27.2896256338382,27.2845846667777,27.5011268629649,27.7222417610001,27.5665048985609,27.6067172400882,27.3954297650103,27.475970578825,27.4256398439229,27.4256398439229,27.5866130007331,27.5815863374129,27.2845846667777,27.234161600755,27.2593761790295,27.2291179538628,27.4306740081185,27.4608739026253,27.3450602134443,27.3299446101592,27.385357797423,27.5614772692013,27.475970578825,27.4457750460266,27.4155707879898,27.4155707879898,27.4206054372245,27.3500982617396,27.6067172400882,27.6016915422711,27.777447615956,27.5916394226271,27.475970578825,27.4659063702468,27.4558411927372,27.6569609527223,27.8276095391327,27.8526815051994,27.9078187463413,27.7824648884334,27.5815863374129,27.4810023198492,27.5614772692013,27.8627086137778,27.8526815051994,27.8526815051994,27.7874819207868,27.7423199823454,27.6067172400882,27.6469141389248,27.6619839981682,27.6720293663216,27.5463929314253,27.6971385722891,27.7272616770383,27.5715322863604,27.5916394226271,27.475970578825,27.6368663610303,27.6167679118797,27.6167679118797,27.4508082405489,27.5564493982478,27.5614772692013,27.5614772692013,27.5966656031286,27.5564493982478,27.5614772692013,27.6569609527223,27.8627086137778,28.0280177375547,28.048037534235,28.1280786023483,28.2979638679726,28.3179323529188,28.0780600787342,28.043032942706,28.0029876251156,27.9128297863749,28.1280786023483,27.9929739096901,27.551421285667,27.5715322863604,27.7272616770383,27.7874819207868,27.6820737710463,27.7623943574465,27.8075476496238,27.8326244118639,27.6217928859212,27.6268176187712,27.6720293663216,27.777447615956,27.7573761241401,27.7322813525865,27.982959239327,27.8977959483549,27.8627086137778,27.7523576505433,27.8326244118639,27.7573761241401,27.8727347639835,27.8025315774346,27.837639044803,27.8526815051994,28.0130003858666,28.0780600787342,28.218052029166,28.1080740489112,27.9729436137625,27.962927032733,28.1380794518489,28.0530418873914,28.258015532538,28.218052029166,28.1230778208426,28.0980703444506,28.0130003858666,28.1580782977234,28.2630099036222,28.3378970521235,28.1580782977234,27.9879666938923,27.982959239327,27.982959239327,27.8777474797793,27.9879666938923,28.0130003858666,27.9078187463413,28.0330230443987,28.0079941248089,28.043032942706,27.7623943574465,27.7623943574465,27.7573761241401,27.8877721929225,27.7272616770383,27.7423199823454,27.7924987130493,27.7623943574465,27.8526815051994,27.6770516890958,27.6820737710463,27.475970578825,27.4055007617757,27.3601736293342,27.4357079298451,27.475970578825,27.4155707879898,27.4004653847288,27.4155707879898,27.4407416091366,27.4256398439229,27.4306740081185,27.4910650755359,27.4508082405489,27.7021596912783,27.5866130007331,27.5413643354891,27.5564493982478,27.5413643354891,27.7021596912783,27.6921172126096,27.6167679118797,27.5715322863604,27.5363354978248,27.5313064183988,27.4608739026253,27.5162177292145,27.4155707879898,27.5212475341273,27.4709385956355,27.4910650755359,27.4105358961847,27.4357079298451,27.4306740081185,27.3652109487011,27.385357797423,27.3652109487011,27.3299446101592,27.4055007617757,27.3702480251596,27.340021922105,27.3450602134443,27.4055007617757,27.4155707879898,27.4659063702468,27.385357797423,27.4155707879898,27.3601736293342,27.2694603047538,27.4306740081185,27.3702480251596,27.3601736293342,27.2896256338382,27.3047470746531,27.3299446101592,27.234161600755,27.234161600755,27.2038960613414,27.2644183636851,27.2240740631453,27.4055007617757,27.3601736293342,27.4206054372245,27.3752848587436,27.4256398439229,27.3903939025862,27.4055007617757,27.3047470746531,27.3450602134443,27.2543337507527,27.2392050038562,27.3349833876879,27.1988509509866,27.2946663574817,27.193805596602,27.1483864201735
27.8225944265762,27.9929739096901,27.4659063702468,27.2644183636851,27.2240740631453,27.1736217380844,27.1483864201735,27.1180959740562,27.178668068929,27.2089409277006,27.2543337507527,27.3652109487011,27.2644183636851,27.234161600755,27.3803214494867,27.4558411927372,27.3299446101592,27.2795434562661,27.3249055894848,27.3047470746531,27.1635283437601,27.2694603047538,27.2997068377419,27.5363354978248,27.4910650755359,27.3702480251596,27.506157393667,27.355136067025,27.3954297650103,27.5011268629649,27.3450602134443,27.5011268629649,27.5715322863604,27.3500982617396,27.2593761790295,27.0827459915085,27.3349833876879,27.3299446101592,27.3450602134443,27.340021922105,27.3652109487011,27.178668068929,27.2997068377419,27.3500982617396,27.5614772692013,27.4105358961847,27.3702480251596,27.4407416091366,27.2997068377419,27.3803214494867,27.4960960902657,27.385357797423,27.5966656031286,27.6619839981682,27.6217928859212,27.3450602134443,27.2442481632001,27.5815863374129,27.6368663610303,27.7322813525865,27.8576951793018,27.8225944265762,27.7674123504958,27.5665048985609,27.5866130007331,27.6569609527223,27.6770516890958,27.6268176187712,27.5966656031286,27.8326244118639,27.8075476496238,27.6619839981682,27.5916394226271,27.5665048985609,27.551421285667,27.551421285667,27.5262770971775,27.5262770971775,27.6067172400882,27.6167679118797,27.5966656031286,27.6619839981682,27.5916394226271,27.4659063702468,27.4910650755359,27.631842110463,27.4709385956355,27.5614772692013,27.5564493982478,27.6418903705064,27.6720293663216,27.7172216044382,27.9479003691149,28.0029876251156,28.1230778208426,28.253020924455,28.1230778208426,28.1330791460061,28.0680535169536,28.1230778208426,28.043032942706,28.0780600787342,28.1230778208426,27.6619839981682,27.6569609527223,27.7473389366228,27.8576951793018,27.6670068026902,27.6067172400882,27.9028074670123,27.7824648884334,27.777447615956,27.7373007876777,27.7573761241401,27.7071805696107,27.7573761241401,27.7423199823454,27.7373007876777,27.8727347639835,27.7122012073196,28.0330230443987,28.1880694376433,28.1930671296786,28.0230121922066,28.0079941248089,27.8326244118639,28.0029876251156,28.1080740489112,28.223048297154,28.218052029166,28.2130555239183,28.0930681351701,28.0730569169481,28.1880694376433,28.2080587813783,28.3828037944729,28.1930671296786,28.1930671296786,28.1730749366739,27.9979808867536,27.8727347639835,27.9328715542163,27.9228511486881,28.0580460022081,28.0230121922066,27.962927032733,27.9879666938923,27.9579183838364,28.0029876251156,28.043032942706,27.8075476496238,28.0730569169481,27.9128297863749,27.9378813982687,27.8426534379831,27.7473389366228,27.8225944265762,27.892784190336,27.8877721929225,27.8677218086608,27.9028074670123,27.7824648884334,27.7071805696107,27.5765594326333,27.5363354978248,27.5212475341273,27.4960960902657,27.340021922105,27.3954297650103,27.4357079298451,27.3803214494867,27.4055007617757,27.4256398439229,27.3903939025862,27.340021922105,27.5313064183988,27.5715322863604,27.4558411927372,27.5463929314253,27.6770516890958,27.5413643354891,27.5765594326333,27.6670068026902,27.6469141389248,27.5966656031286,27.4709385956355,27.4659063702468,27.5313064183988,27.7071805696107,27.5212475341273,27.475970578825,27.4558411927372,27.5262770971775,27.5262770971775,27.3702480251596,27.3702480251596,27.4457750460266,27.355136067025,27.3450602134443,27.3299446101592,27.3249055894848,27.2997068377419,27.3450602134443,27.340021922105,27.3500982617396,27.3500982617396,27.3450602134443,27.2593761790295,27.3450602134443,27.3299446101592,27.3299446101592,27.3652109487011,27.3601736293342,27.2896256338382,27.2089409277006,27.2240740631453,27.2997068377419,27.3198663256309,27.2240740631453,27.2139855500982,27.2038960613414,27.2139855500982,27.2291179538628,27.2946663574817,27.2593761790295,27.2543337507527,27.4004653847288,27.309787068249,27.340021922105,27.4004653847288,27.193805596602,27.3601736293342,27.2896256338382,27.2291179538628,27.1837141556074,27.2442481632001,27.1685751630395,27.0120100266741,27.0776950150114,27.0827459915085
27.7222417610001,27.8225944265762,27.8225944265762,27.3954297650103,27.1584812802121,27.1534339723613,27.2190299285684,27.2240740631453,27.1685751630395,27.2694603047538,27.3803214494867,27.4910650755359,27.2392050038562,27.2543337507527,27.2644183636851,27.2593761790295,27.3249055894848,27.2593761790295,27.2896256338382,27.1635283437601,27.2845846667777,27.1635283437601,27.3601736293342,27.5111876824057,27.3652109487011,27.6067172400882,27.3752848587436,27.4910650755359,27.7071805696107,27.5111876824057,27.6067172400882,27.6067172400882,27.6167679118797,27.340021922105,27.2795434562661,27.309787068249,27.309787068249,27.340021922105,27.3500982617396,27.2997068377419,27.3500982617396,27.3198663256309,27.2543337507527,27.2190299285684,27.2795434562661,27.5413643354891,27.3601736293342,27.3702480251596,27.3047470746531,27.355136067025,27.3349833876879,27.340021922105,27.5162177292145,27.6117426966131,27.6469141389248,27.5162177292145,27.475970578825,27.4659063702468,27.6117426966131,27.7523576505433,27.9078187463413,27.6469141389248,27.5765594326333,27.5866130007331,27.5564493982478,27.5715322863604,27.5916394226271,27.812563481855,27.8677218086608,27.8877721929225,28.0230121922066,27.8576951793018,27.6619839981682,27.6770516890958,27.6921172126096,27.7623943574465,27.5162177292145,27.5262770971775,27.5966656031286,27.5916394226271,27.9428910032239,27.812563481855,27.6117426966131,27.6016915422711,27.5162177292145,27.4608739026253,27.5614772692013,27.5815863374129,27.5815863374129,27.6418903705064,27.8627086137778,27.8476675914376,27.9479003691149,28.0830630023446,28.3229238825521,28.3079485837934,28.2330401214815,28.1180768014564,28.1130755441568,28.1130755441568,28.0180064083215,28.0230121922066,28.2480260793404,27.7674123504958,27.7824648884334,27.7724301033211,27.7623943574465,27.651937666319,27.7373007876777,27.7824648884334,27.7272616770383,27.7272616770383,27.777447615956,27.777447615956,27.6720293663216,27.5765594326333,27.6720293663216,27.6870956122065,27.8276095391327,27.9779515459613,27.8977959483549,27.9929739096901,27.8426534379831,27.8526815051994,27.8225944265762,27.7222417610001,28.0180064083215,27.9979808867536,27.9428910032239,27.9378813982687,28.0730569169481,28.0980703444506,28.1230778208426,28.2030618015135,28.1180768014564,28.2030618015135,28.3029563442362,27.9779515459613,27.9679354426974,27.9128297863749,28.0330230443987,28.0180064083215,27.8977959483549,27.7573761241401,27.8276095391327,27.6469141389248,27.7473389366228,27.8426534379831,27.8727347639835,28.0029876251156,27.9328715542163,27.9328715542163,27.892784190336,27.7523576505433,27.7423199823454,27.7122012073196,27.7423199823454,27.6770516890958,27.6670068026902,27.5564493982478,27.7122012073196,27.8426534379831,27.7172216044382,27.5363354978248,27.6167679118797,27.4960960902657,27.4105358961847,27.3903939025862,27.5111876824057,27.4055007617757,27.4105358961847,27.4206054372245,27.5866130007331,27.4357079298451,27.5212475341273,27.6167679118797,27.6720293663216,27.6820737710463,27.6418903705064,27.6870956122065,27.5715322863604,27.5313064183988,27.5162177292145,27.5866130007331,27.5765594326333,27.5262770971775,27.4709385956355,27.6368663610303,27.777447615956,27.7021596912783,27.7423199823454,27.5111876824057,27.6770516890958,27.4910650755359,27.4709385956355,27.4155707879898,27.4457750460266,27.355136067025,27.3249055894848,27.3450602134443,27.4558411927372,27.3702480251596,27.3450602134443,27.2240740631453,27.3601736293342,27.1736217380844,27.2492910788209,27.3249055894848,27.3349833876879,27.2694603047538,27.2795434562661,27.2845846667777,27.3198663256309,27.2845846667777,27.340021922105,27.3601736293342,27.309787068249,27.355136067025,27.3148268185636,27.2997068377419,27.2139855500982,27.1988509509866,27.2190299285684,27.3500982617396,27.4155707879898,27.2896256338382,27.3450602134443,27.2543337507527,27.2896256338382,27.2694603047538,27.4055007617757,27.2845846667777,27.1584812802121,27.2240740631453,27.1887599981537,27.0120100266741,27.1534339723613,27.1130467105523,27.1180959740562,27.1029474496787
27.4357079298451,27.5614772692013,27.6569609527223,27.651937666319,27.2694603047538,27.2190299285684,27.1635283437601,27.1584812802121,27.1584812802121,27.385357797423,27.3349833876879,27.4256398439229,27.2492910788209,27.2745020022695,27.355136067025,27.4357079298451,27.385357797423,27.2240740631453,27.234161600755,27.4508082405489,27.3148268185636,27.3148268185636,27.3601736293342,27.3752848587436,27.3198663256309,27.3903939025862,27.4910650755359,27.6268176187712,27.6167679118797,27.385357797423,27.6167679118797,27.6067172400882,27.4105358961847,27.5162177292145,27.6117426966131,27.4306740081185,27.3601736293342,27.3702480251596,27.355136067025,27.355136067025,27.3299446101592,27.3601736293342,27.355136067025,27.340021922105,27.355136067025,27.4004653847288,27.551421285667,27.2442481632001,27.3601736293342,27.3148268185636,27.4558411927372,27.4155707879898,27.4860338187415,27.5966656031286,27.6971385722891,27.5916394226271,27.5564493982478,27.6368663610303,27.6167679118797,27.5765594326333,27.6167679118797,27.6067172400882,27.4206054372245,27.5564493982478,27.6418903705064,27.7674123504958,27.8877721929225,28.048037534235,27.9178405871461,28.048037534235,28.048037534235,28.0230121922066,27.6619839981682,27.5313064183988,27.7674123504958,27.8175790741614,27.7071805696107,27.5313064183988,27.4960960902657,27.6016915422711,27.9479003691149,27.8426534379831,27.8075476496238,27.5966656031286,27.5866130007331,27.4659063702468,27.5916394226271,27.6217928859212,27.6770516890958,27.8326244118639,28.0830630023446,27.8576951793018,27.6670068026902,27.6770516890958,27.6770516890958,27.6971385722891,27.8326244118639,28.0530418873914,28.0029876251156,28.0580460022081,28.048037534235,28.043032942706,28.0079941248089,27.9779515459613,27.9729436137625,27.8727347639835,27.7874819207868,27.812563481855,27.6167679118797,27.5966656031286,27.5866130007331,27.6368663610303,27.6720293663216,27.777447615956,27.5212475341273,27.5111876824057,27.6268176187712,27.6217928859212,27.812563481855,27.8576951793018,27.8727347639835,27.8426534379831,27.9028074670123,27.7272616770383,27.6016915422711,27.5966656031286,27.7674123504958,27.837639044803,28.0079941248089,27.7423199823454,27.7373007876777,27.8777474797793,27.8677218086608,27.7674123504958,27.8576951793018,27.8576951793018,28.2330401214815,28.1280786023483,27.8827599560813,27.892784190336,27.7322813525865,27.7423199823454,27.812563481855,27.9479003691149,27.8426534379831,27.6418903705064,27.6469141389248,27.6418903705064,27.8727347639835,27.8627086137778,27.777447615956,27.7674123504958,27.8075476496238,27.812563481855,27.6368663610303,27.7975152652541,27.7122012073196,27.6167679118797,27.5564493982478,27.631842110463,27.6670068026902,27.837639044803,27.5765594326333,27.5313064183988,27.4860338187415,27.5313064183988,27.475970578825,27.4860338187415,27.4608739026253,27.4860338187415,27.4155707879898,27.4457750460266,27.4608739026253,27.4709385956355,27.5614772692013,27.5413643354891,27.5363354978248,27.5463929314253,27.8727347639835,27.6921172126096,27.7924987130493,27.8426534379831,27.8326244118639,27.6820737710463,27.8225944265762,27.7172216044382,27.7523576505433,27.7724301033211,27.6921172126096,27.6720293663216,27.7322813525865,27.5463929314253,27.5815863374129,27.5413643354891,27.4810023198492,27.551421285667,27.4508082405489,27.4256398439229,27.4357079298451,27.3450602134443,27.3299446101592,27.4055007617757,27.3249055894848,27.4004653847288,27.2492910788209,27.3954297650103,27.2795434562661,27.355136067025,27.3299446101592,27.4206054372245,27.4608739026253,27.2997068377419,27.3803214494867,27.2139855500982,27.3500982617396,27.3249055894848,27.3047470746531,27.3148268185636,27.2190299285684,27.3349833876879,27.3198663256309,27.2795434562661,27.2593761790295,27.0978974522403,27.3198663256309,27.3652109487011,27.3198663256309,27.2694603047538,27.2997068377419,27.475970578825,27.4306740081185,27.3954297650103,27.3702480251596,27.234161600755,27.4558411927372,27.2694603047538,27.2442481632001,27.1887599981537,27.1231449929837,27.1635283437601
27.4910650755359,27.4206054372245,27.5815863374129,27.8025315774346,27.6569609527223,27.3601736293342,27.2644183636851,27.2694603047538,27.3198663256309,27.3903939025862,27.4155707879898,27.4357079298451,27.2139855500982,27.2845846667777,27.4407416091366,27.5262770971775,27.3954297650103,27.3148268185636,27.3601736293342,27.3299446101592,27.4457750460266,27.3752848587436,27.2745020022695,27.2845846667777,27.2896256338382,27.4709385956355,27.6217928859212,27.7824648884334,27.3903939025862,27.551421285667,27.6217928859212,27.6268176187712,27.6167679118797,27.4810023198492,27.5665048985609,27.3450602134443,27.551421285667,27.3500982617396,27.4105358961847,27.3500982617396,27.3652109487011,27.355136067025,27.4055007617757,27.3652109487011,27.3752848587436,27.2543337507527,27.5614772692013,27.3047470746531,27.4004653847288,27.3249055894848,27.4004653847288,27.4960960902657,27.4055007617757,27.5363354978248,27.5715322863604,27.6268176187712,27.7272616770383,27.5916394226271,27.5413643354891,27.5715322863604,27.5212475341273,27.4810023198492,27.475970578825,27.475970578825,27.5262770971775,27.9128297863749,27.7975152652541,27.8827599560813,27.9128297863749,28.0580460022081,28.1280786023483,28.0380281127715,27.8175790741614,27.6268176187712,27.5262770971775,27.7724301033211,27.6016915422711,27.4709385956355,27.5916394226271,27.7724301033211,27.9278614710339,27.8777474797793,27.9278614710339,27.6921172126096,27.5866130007331,27.4558411927372,27.5162177292145,27.6167679118797,27.7924987130493,27.6720293663216,27.7724301033211,27.6820737710463,27.4256398439229,27.4659063702468,27.4457750460266,27.4709385956355,27.4508082405489,27.6217928859212,27.6167679118797,27.8627086137778,28.1030723156867,28.14807935022,27.9028074670123,27.8727347639835,27.8727347639835,27.8576951793018,27.6720293663216,27.4860338187415,27.6720293663216,27.6870956122065,27.6870956122065,27.5866130007331,27.5162177292145,27.6619839981682,27.6619839981682,27.6418903705064,27.5966656031286,27.5815863374129,27.5665048985609,27.8326244118639,27.631842110463,27.7122012073196,27.9428910032239,27.9328715542163,27.837639044803,27.7272616770383,27.7924987130493,27.8225944265762,27.8977959483549,28.0079941248089,27.8827599560813,27.8827599560813,27.8977959483549,27.8877721929225,27.8827599560813,27.8526815051994,27.8877721929225,28.1130755441568,28.1830715081525,28.0280177375547,27.8827599560813,27.6770516890958,27.7473389366228,27.7473389366228,27.8977959483549,27.9529094959747,27.9879666938923,27.9078187463413,27.9529094959747,27.9879666938923,27.8476675914376,27.9579183838364,27.9128297863749,27.8326244118639,27.837639044803,27.8025315774346,27.6117426966131,27.6820737710463,27.777447615956,27.7071805696107,27.7122012073196,27.7071805696107,27.7623943574465,27.7523576505433,27.5212475341273,27.4810023198492,27.4608739026253,27.3601736293342,27.4155707879898,27.3702480251596,27.4457750460266,27.4105358961847,27.4206054372245,27.651937666319,27.6469141389248,27.5463929314253,27.551421285667,27.7623943574465,27.7674123504958,27.6820737710463,27.5614772692013,27.7122012073196,27.8225944265762,27.7975152652541,27.777447615956,27.7573761241401,27.7724301033211,27.7674123504958,27.7172216044382,27.7724301033211,27.7623943574465,27.6670068026902,27.5162177292145,27.6117426966131,27.4407416091366,27.3702480251596,27.4206054372245,27.5413643354891,27.4457750460266,27.4105358961847,27.5564493982478,27.355136067025,27.3702480251596,27.340021922105,27.340021922105,27.3198663256309,27.3500982617396,27.3148268185636,27.3601736293342,27.4306740081185,27.5162177292145,27.4608739026253,27.3500982617396,27.3903939025862,27.4709385956355,27.2190299285684,27.2291179538628,27.3450602134443,27.3198663256309,27.2392050038562,27.2593761790295,27.2845846667777,27.2997068377419,27.2997068377419,27.309787068249,27.2997068377419,27.4407416091366,27.2896256338382,27.3752848587436,27.309787068249,27.355136067025,27.340021922105,27.2543337507527,27.2644183636851,27.3500982617396,27.2492910788209,27.1988509509866,27.1483864201735,27.1534339723613,27.1534339723613
27.4860338187415,27.3601736293342,27.4055007617757,27.4508082405489,27.8727347639835,27.8175790741614,27.3601736293342,27.2745020022695,27.1534339723613,27.2946663574817,27.385357797423,27.3601736293342,27.3803214494867,27.3652109487011,27.5413643354891,27.3954297650103,27.3702480251596,27.340021922105,27.3450602134443,27.355136067025,27.2896256338382,27.2795434562661,27.2946663574817,27.2745020022695,27.4357079298451,27.4508082405489,27.4306740081185,27.6167679118797,27.6418903705064,27.7272616770383,27.5162177292145,27.5815863374129,27.4206054372245,27.3198663256309,27.5765594326333,27.4508082405489,27.340021922105,27.3349833876879,27.3450602134443,27.2190299285684,27.340021922105,27.3601736293342,27.1584812802121,27.2442481632001,27.3249055894848,27.3249055894848,27.5463929314253,27.5363354978248,27.2795434562661,27.2946663574817,27.3198663256309,27.4810023198492,27.3450602134443,27.3500982617396,27.4558411927372,27.6067172400882,27.6016915422711,27.7423199823454,27.7523576505433,27.6067172400882,27.6217928859212,27.5463929314253,27.4004653847288,27.475970578825,27.4306740081185,27.7674123504958,27.8025315774346,27.8727347639835,28.0380281127715,28.253020924455,28.1580782977234,28.1430795199092,28.063049878718,27.7423199823454,27.6770516890958,27.6720293663216,27.631842110463,27.6469141389248,27.6619839981682,27.8175790741614,27.9328715542163,27.7824648884334,27.7674123504958,27.812563481855,27.5866130007331,27.5614772692013,27.5815863374129,27.6820737710463,27.6670068026902,27.6670068026902,27.4608739026253,27.5916394226271,27.4407416091366,27.4659063702468,27.6921172126096,27.9178405871461,27.9529094959747,27.9679354426974,27.8476675914376,27.8627086137778,28.3778151016153,28.0680535169536,27.9479003691149,27.892784190336,27.7674123504958,27.6870956122065,27.777447615956,27.6870956122065,27.8977959483549,27.7874819207868,27.7172216044382,27.6720293663216,27.7373007876777,27.6820737710463,27.6469141389248,27.6720293663216,27.8877721929225,27.7122012073196,27.8677218086608,27.8977959483549,27.631842110463,27.8777474797793,27.9929739096901,27.9779515459613,28.1930671296786,28.1180768014564,27.9328715542163,27.7924987130493,27.8777474797793,28.0980703444506,28.0029876251156,27.8576951793018,27.8526815051994,27.8476675914376,27.9729436137625,28.1780733411736,28.1880694376433,28.1830715081525,28.0079941248089,28.2080587813783,27.9879666938923,28.0130003858666,27.8877721929225,27.8225944265762,27.8276095391327,27.8326244118639,27.9679354426974,27.8576951793018,27.9729436137625,27.9679354426974,27.8677218086608,28.0180064083215,27.9128297863749,27.7874819207868,28.1330791460061,27.9879666938923,27.8727347639835,27.8326244118639,27.7071805696107,27.5162177292145,27.5715322863604,27.6820737710463,27.6217928859212,27.6770516890958,27.6016915422711,27.475970578825,27.4860338187415,27.6268176187712,27.4709385956355,27.4407416091366,27.3903939025862,27.4407416091366,27.4508082405489,27.5212475341273,27.5665048985609,27.5363354978248,27.6016915422711,27.6368663610303,27.7272616770383,27.7322813525865,27.6820737710463,27.6569609527223,27.6971385722891,27.8426534379831,27.7975152652541,27.5966656031286,27.5966656031286,27.7272616770383,27.4558411927372,27.5815863374129,27.5916394226271,27.6670068026902,27.651937666319,27.4860338187415,27.4709385956355,27.2442481632001,27.4206054372245,27.3954297650103,27.4306740081185,27.3903939025862,27.3903939025862,27.3702480251596,27.2543337507527,27.2543337507527,27.3450602134443,27.3148268185636,27.4155707879898,27.3500982617396,27.3601736293342,27.340021922105,27.4508082405489,27.4608739026253,27.4508082405489,27.3500982617396,27.3500982617396,27.2543337507527,27.3601736293342,27.2644183636851,27.2543337507527,27.3500982617396,27.2139855500982,27.2946663574817,27.1079972024379,27.2845846667777,27.1736217380844,27.2745020022695,27.1837141556074,27.3148268185636,27.340021922105,27.340021922105,27.2795434562661,27.3249055894848,27.3349833876879,27.2089409277006,27.2190299285684,27.2190299285684,27.1584812802121,27.1584812802121,27.234161600755,27.1433386236146
28.048037534235,27.5916394226271,27.4206054372245,27.4256398439229,27.6469141389248,27.8326244118639,27.6569609527223,27.5463929314253,27.5313064183988,27.3198663256309,27.4558411927372,27.3450602134443,27.4357079298451,27.4155707879898,27.5463929314253,27.4659063702468,27.4407416091366,27.4810023198492,27.3954297650103,27.3903939025862,27.551421285667,27.4357079298451,27.5564493982478,27.5665048985609,27.6720293663216,27.6670068026902,27.812563481855,27.892784190336,27.8827599560813,27.8627086137778,27.6469141389248,27.5564493982478,27.4407416091366,27.3601736293342,27.475970578825,27.4508082405489,27.3752848587436,27.355136067025,27.340021922105,27.3601736293342,27.4357079298451,27.3601736293342,27.355136067025,27.3500982617396,27.3803214494867,27.4105358961847,27.4004653847288,27.5363354978248,27.3349833876879,27.3047470746531,27.3803214494867,27.3299446101592,27.5212475341273,27.475970578825,27.4105358961847,27.5815863374129,27.6016915422711,27.5966656031286,27.6067172400882,27.5262770971775,27.7071805696107,27.5815863374129,27.4608739026253,27.4659063702468,27.4709385956355,27.5916394226271,27.9579183838364,28.0280177375547,28.0280177375547,27.9278614710339,28.1880694376433,28.1980645842911,28.1280786023483,27.7924987130493,27.6971385722891,27.7975152652541,27.6469141389248,27.6619839981682,27.6820737710463,27.7924987130493,27.7573761241401,27.5363354978248,27.7924987130493,27.8777474797793,27.7071805696107,27.7071805696107,27.6167679118797,27.6870956122065,27.6418903705064,27.6569609527223,27.5665048985609,27.6016915422711,27.8677218086608,27.8576951793018,28.1730749366739,28.223048297154,28.0330230443987,27.8677218086608,28.2030618015135,28.3678370072086,28.1980645842911,28.0680535169536,28.0730569169481,28.2130555239183,27.8627086137778,27.7674123504958,27.8827599560813,27.7623943574465,27.8576951793018,27.892784190336,27.7724301033211,27.6670068026902,27.7122012073196,27.7724301033211,27.6670068026902,27.6720293663216,27.7272616770383,27.8977959483549,27.8827599560813,27.9529094959747,27.8426534379831,27.9929739096901,27.9529094959747,27.9328715542163,28.0880656878123,28.2130555239183,28.1030723156867,27.9378813982687,27.7874819207868,27.962927032733,28.2030618015135,28.1030723156867,27.9228511486881,27.9679354426974,28.218052029166,28.3079485837934,28.332906232122,28.2130555239183,28.223048297154,28.228044327915,28.228044327915,28.2480260793404,28.1280786023483,28.1280786023483,27.7122012073196,27.8627086137778,27.8627086137778,27.9779515459613,28.0029876251156,27.8777474797793,27.8727347639835,27.8777474797793,28.0130003858666,27.9078187463413,27.892784190336,27.8326244118639,27.8476675914376,27.8526815051994,27.7523576505433,27.5463929314253,27.6921172126096,27.7623943574465,27.7674123504958,27.777447615956,27.6268176187712,27.651937666319,27.4910650755359,27.5815863374129,27.5765594326333,27.5162177292145,27.4810023198492,27.4709385956355,27.6670068026902,27.6870956122065,27.6569609527223,27.6720293663216,27.7322813525865,27.7322813525865,27.7674123504958,27.6720293663216,27.6870956122065,27.7623943574465,27.6469141389248,27.777447615956,27.7874819207868,27.8827599560813,27.5916394226271,27.5212475341273,27.4960960902657,27.6720293663216,27.4709385956355,27.6217928859212,27.5815863374129,27.5162177292145,27.5413643354891,27.551421285667,27.4659063702468,27.5011268629649,27.4105358961847,27.4457750460266,27.3954297650103,27.4306740081185,27.3803214494867,27.4206054372245,27.3148268185636,27.4457750460266,27.4306740081185,27.4558411927372,27.4709385956355,27.5162177292145,27.5111876824057,27.3752848587436,27.5363354978248,27.4407416091366,27.4810023198492,27.506157393667,27.4105358961847,27.355136067025,27.4608739026253,27.4357079298451,27.3903939025862,27.2492910788209,27.3903939025862,27.3249055894848,27.1887599981537,27.2845846667777,27.2593761790295,27.355136067025,27.4206054372245,27.3450602134443,27.3500982617396,27.340021922105,27.3047470746531,27.340021922105,27.3349833876879,27.2896256338382,27.2644183636851,27.2845846667777,27.1433386236146,27.1281937673691
28.1180768014564,27.8526815051994,27.4055007617757,27.3299446101592,27.506157393667,27.8025315774346,27.892784190336,27.7674123504958,27.6469141389248,27.5313064183988,27.340021922105,27.4810023198492,27.4105358961847,27.4105358961847,27.6720293663216,27.5564493982478,27.5162177292145,27.5313064183988,27.4206054372245,27.631842110463,27.7824648884334,27.812563481855,27.7724301033211,27.5765594326333,27.5765594326333,27.6720293663216,27.6217928859212,27.7172216044382,27.5815863374129,27.6268176187712,27.7423199823454,27.7473389366228,27.6016915422711,27.5765594326333,27.4508082405489,27.5866130007331,27.4608739026253,27.3148268185636,27.1837141556074,27.3299446101592,27.2038960613414,27.3652109487011,27.2139855500982,27.3954297650103,27.340021922105,27.4155707879898,27.3752848587436,27.4155707879898,27.4306740081185,27.4256398439229,27.475970578825,27.3500982617396,27.3299446101592,27.3954297650103,27.4155707879898,27.5162177292145,27.5162177292145,27.5212475341273,27.3601736293342,27.5765594326333,27.5966656031286,27.5011268629649,27.4508082405489,27.4810023198492,27.4206054372245,27.4608739026253,27.7423199823454,27.9779515459613,27.9529094959747,27.6016915422711,27.8777474797793,27.9378813982687,27.7222417610001,27.7975152652541,27.7623943574465,27.7423199823454,27.6418903705064,27.6921172126096,27.6569609527223,27.7874819207868,27.777447615956,27.5665048985609,27.6217928859212,27.6217928859212,27.5815863374129,27.5313064183988,27.5715322863604,27.6217928859212,27.777447615956,27.7172216044382,27.5815863374129,27.5162177292145,27.8526815051994,27.962927032733,27.9679354426974,27.9879666938923,27.8677218086608,27.8526815051994,28.2030618015135,28.2829850186196,28.048037534235,27.9479003691149,28.0280177375547,28.0780600787342,27.9278614710339,27.8877721929225,27.9178405871461,27.7975152652541,27.7573761241401,27.8627086137778,27.7172216044382,27.6921172126096,27.6670068026902,27.8075476496238,27.8225944265762,27.8576951793018,27.8175790741614,27.9128297863749,28.1130755441568,28.1080740489112,28.2330401214815,28.228044327915,28.0330230443987,28.0580460022081,28.2030618015135,28.2630099036222,28.1430795199092,27.8025315774346,27.9879666938923,28.0980703444506,28.2030618015135,28.1980645842911,27.9028074670123,27.8326244118639,27.9779515459613,28.2480260793404,28.342887635646,28.2979638679726,28.3129405866768,28.3778151016153,28.2380356778862,28.1230778208426,28.0730569169481,28.1580782977234,28.1430795199092,28.0330230443987,28.048037534235,27.8677218086608,27.8576951793018,27.8627086137778,27.8476675914376,27.7122012073196,27.837639044803,27.8476675914376,27.8877721929225,27.8777474797793,27.8977959483549,27.8977959483549,27.8877721929225,27.6870956122065,27.4508082405489,27.6770516890958,27.5916394226271,27.6720293663216,27.5665048985609,27.6217928859212,27.5564493982478,27.5413643354891,27.4960960902657,27.475970578825,27.4910650755359,27.6670068026902,27.6670068026902,27.7824648884334,27.7975152652541,27.7573761241401,27.5715322863604,27.5916394226271,27.6067172400882,27.6167679118797,27.5665048985609,27.6368663610303,27.631842110463,27.631842110463,27.7874819207868,27.7924987130493,27.7674123504958,27.5111876824057,27.5463929314253,27.5463929314253,27.6670068026902,27.6067172400882,27.5011268629649,27.5111876824057,27.5765594326333,27.4105358961847,27.4558411927372,27.4105358961847,27.4256398439229,27.3702480251596,27.3652109487011,27.4357079298451,27.3500982617396,27.4357079298451,27.2745020022695,27.3299446101592,27.3702480251596,27.4860338187415,27.4810023198492,27.3903939025862,27.4709385956355,27.5011268629649,27.506157393667,27.475970578825,27.5866130007331,27.5463929314253,27.4659063702468,27.2694603047538,27.4709385956355,27.3954297650103,27.3702480251596,27.2946663574817,27.2896256338382,27.2896256338382,27.1382905826503,27.3752848587436,27.2442481632001,27.2543337507527,27.3249055894848,27.3601736293342,27.3954297650103,27.3299446101592,27.3249055894848,27.2190299285684,27.2896256338382,27.3047470746531,27.2745020022695,27.2089409277006,27.234161600755,27.2543337507527
28.2879782051969,28.1130755441568,27.6016915422711,27.3954297650103,27.4105358961847,27.4960960902657,27.5463929314253,27.9979808867536,27.6619839981682,27.7674123504958,27.5212475341273,27.6067172400882,27.8727347639835,27.8576951793018,27.7975152652541,27.777447615956,27.8075476496238,27.8075476496238,27.8025315774346,27.7975152652541,27.6368663610303,27.5463929314253,27.6569609527223,27.5313064183988,27.4457750460266,27.5011268629649,27.4508082405489,27.6670068026902,27.4659063702468,27.4608739026253,27.5011268629649,27.6067172400882,27.7924987130493,27.6971385722891,27.6268176187712,27.631842110463,27.385357797423,27.3249055894848,27.3450602134443,27.1988509509866,27.3047470746531,27.340021922105,27.4105358961847,27.4256398439229,27.4155707879898,27.4256398439229,27.4055007617757,27.4659063702468,27.5162177292145,27.4608739026253,27.4558411927372,27.3752848587436,27.340021922105,27.5262770971775,27.3299446101592,27.4860338187415,27.5916394226271,27.5866130007331,27.4155707879898,27.4055007617757,27.4407416091366,27.4206054372245,27.5162177292145,27.4558411927372,27.4810023198492,27.4055007617757,27.6670068026902,27.892784190336,27.892784190336,27.8576951793018,27.8175790741614,27.7272616770383,27.7423199823454,27.9679354426974,27.8827599560813,27.6268176187712,27.4256398439229,27.5916394226271,27.6569609527223,27.7523576505433,27.6921172126096,27.385357797423,27.5313064183988,27.5866130007331,27.6670068026902,27.6067172400882,27.5665048985609,27.5966656031286,28.1080740489112,27.8727347639835,27.4709385956355,27.3803214494867,27.5262770971775,27.7322813525865,27.7021596912783,27.6217928859212,27.5363354978248,27.6268176187712,27.982959239327,28.0580460022081,28.0580460022081,27.9328715542163,27.7975152652541,27.9228511486881,27.9178405871461,27.8777474797793,27.8627086137778,27.8526815051994,27.7122012073196,27.7423199823454,27.6418903705064,27.6820737710463,27.5815863374129,27.7573761241401,27.812563481855,27.9028074670123,27.8627086137778,27.9078187463413,27.9278614710339,27.9178405871461,27.9428910032239,28.0180064083215,28.048037534235,28.218052029166,28.1830715081525,28.1730749366739,28.2929711549704,27.9779515459613,27.9879666938923,27.962927032733,28.1880694376433,28.3179323529188,28.1580782977234,27.982959239327,27.8727347639835,28.1030723156867,28.048037534235,28.0880656878123,28.1780733411736,28.0530418873914,28.2480260793404,28.2480260793404,28.1180768014564,27.9879666938923,28.0180064083215,27.9879666938923,27.9879666938923,27.7623943574465,27.8576951793018,27.8627086137778,27.8977959483549,27.7674123504958,27.7071805696107,27.7924987130493,27.8877721929225,27.9028074670123,27.8877721929225,27.8627086137778,27.7824648884334,27.6720293663216,27.5313064183988,27.4910650755359,27.5212475341273,27.5564493982478,27.6569609527223,27.5916394226271,27.5313064183988,27.5715322863604,27.5111876824057,27.506157393667,27.4910650755359,27.6016915422711,27.6720293663216,27.631842110463,27.7172216044382,27.7473389366228,27.7222417610001,27.5564493982478,27.5363354978248,27.6418903705064,27.6569609527223,27.6067172400882,27.5765594326333,27.6167679118797,27.7573761241401,27.9328715542163,27.9028074670123,27.7071805696107,27.7122012073196,27.5966656031286,27.6016915422711,27.6469141389248,27.6720293663216,27.5715322863604,27.5665048985609,27.5564493982478,27.4306740081185,27.4457750460266,27.4357079298451,27.3954297650103,27.3752848587436,27.4407416091366,27.355136067025,27.3450602134443,27.2644183636851,27.355136067025,27.4558411927372,27.4457750460266,27.4357079298451,27.4508082405489,27.4659063702468,27.5212475341273,27.5463929314253,27.5765594326333,27.5564493982478,27.5614772692013,27.5363354978248,27.4608739026253,27.4407416091366,27.4055007617757,27.3702480251596,27.3803214494867,27.309787068249,27.3299446101592,27.3047470746531,27.2139855500982,27.2240740631453,27.2593761790295,27.2795434562661,27.3047470746531,27.3500982617396,27.3299446101592,27.385357797423,27.3148268185636,27.3652109487011,27.309787068249,27.2240740631453,27.2745020022695,27.1635283437601,27.1231449929837
28.1080740489112,28.1080740489112,27.8677218086608,27.5011268629649,27.3752848587436,27.4860338187415,27.4960960902657,27.5011268629649,27.7473389366228,27.7724301033211,27.7423199823454,27.8175790741614,27.7724301033211,27.7623943574465,27.7674123504958,27.5765594326333,27.551421285667,27.5313064183988,27.4860338187415,27.4357079298451,27.4306740081185,27.6016915422711,27.6268176187712,27.4860338187415,27.4608739026253,27.3702480251596,27.4508082405489,27.5313064183988,27.4558411927372,27.4407416091366,27.3601736293342,27.4608739026253,27.6167679118797,27.777447615956,27.777447615956,27.6117426966131,27.4558411927372,27.4155707879898,27.4004653847288,27.3652109487011,27.4004653847288,27.4155707879898,27.4155707879898,27.4155707879898,27.4960960902657,27.340021922105,27.4810023198492,27.3652109487011,27.4608739026253,27.4608739026253,27.2997068377419,27.4055007617757,27.3903939025862,27.2845846667777,27.4105358961847,27.475970578825,27.4709385956355,27.6368663610303,27.5262770971775,27.4155707879898,27.4256398439229,27.4206054372245,27.4306740081185,27.5363354978248,27.4256398439229,27.5413643354891,27.6569609527223,27.6016915422711,27.8225944265762,27.8777474797793,27.812563481855,27.8075476496238,27.8225944265762,28.0380281127715,27.8627086137778,27.6469141389248,27.5564493982478,27.5665048985609,27.4910650755359,27.551421285667,27.5463929314253,27.4810023198492,27.6921172126096,27.5866130007331,27.6619839981682,27.5966656031286,27.4960960902657,27.7623943574465,28.0530418873914,27.7824648884334,27.5313064183988,27.3450602134443,27.4306740081185,27.6016915422711,27.982959239327,27.5866130007331,27.5765594326333,27.5313064183988,27.8526815051994,27.8326244118639,28.043032942706,27.8225944265762,27.5614772692013,27.8977959483549,27.812563481855,27.7322813525865,27.7473389366228,27.7523576505433,27.6167679118797,27.5614772692013,27.4357079298451,27.5665048985609,27.6067172400882,27.7373007876777,27.7122012073196,28.1030723156867,27.8075476496238,27.7122012073196,27.9128297863749,27.7071805696107,27.8175790741614,27.7373007876777,27.7071805696107,27.7021596912783,27.7924987130493,28.0330230443987,28.1530789428139,28.0780600787342,27.9729436137625,27.7473389366228,27.9228511486881,28.1280786023483,28.5124270015936,28.372826172538,28.253020924455,28.2380356778862,28.0930681351701,28.1780733411736,28.223048297154,28.223048297154,28.228044327915,28.3229238825521,28.1280786023483,27.9879666938923,27.8576951793018,27.8677218086608,27.9879666938923,27.9929739096901,27.7272616770383,27.8627086137778,27.9078187463413,27.8175790741614,27.892784190336,27.9078187463413,28.14807935022,28.0130003858666,27.8877721929225,27.8276095391327,27.892784190336,27.7674123504958,27.7122012073196,27.6016915422711,27.6971385722891,27.6418903705064,27.6117426966131,27.5966656031286,27.5715322863604,27.5011268629649,27.4860338187415,27.3601736293342,27.4910650755359,27.5162177292145,27.7272616770383,27.8075476496238,27.7122012073196,27.5966656031286,27.5313064183988,27.6720293663216,27.6870956122065,27.8326244118639,27.7222417610001,27.6268176187712,27.5765594326333,27.5715322863604,27.5866130007331,27.7623943574465,27.7975152652541,27.9178405871461,27.7172216044382,27.8225944265762,27.6670068026902,27.6870956122065,27.651937666319,27.551421285667,27.5715322863604,27.631842110463,27.5363354978248,27.4357079298451,27.4407416091366,27.4457750460266,27.340021922105,27.4306740081185,27.4407416091366,27.3652109487011,27.3601736293342,27.2997068377419,27.2795434562661,27.4407416091366,27.4357079298451,27.4810023198492,27.5363354978248,27.5162177292145,27.5363354978248,27.5614772692013,27.5815863374129,27.6418903705064,27.5463929314253,27.5111876824057,27.385357797423,27.4659063702468,27.3903939025862,27.3249055894848,27.2392050038562,27.2442481632001,27.2543337507527,27.2089409277006,27.2139855500982,27.2392050038562,27.3299446101592,27.385357797423,27.2896256338382,27.3450602134443,27.2694603047538,27.3450602134443,27.2795434562661,27.2038960613414,27.2644183636851,27.2694603047538,27.2694603047538,27.1281937673691
27.7373007876777,28.2430309971616,28.048037534235,27.8276095391327,27.475970578825,27.3702480251596,27.4407416091366,27.4709385956355,27.4910650755359,27.7724301033211,27.9328715542163,27.982959239327,27.8627086137778,27.6067172400882,27.6217928859212,27.4004653847288,27.5111876824057,27.5111876824057,27.4508082405489,27.3249055894848,27.5916394226271,27.8326244118639,27.7674123504958,27.3652109487011,27.4860338187415,27.3601736293342,27.6167679118797,27.4508082405489,27.5916394226271,27.3652109487011,27.5815863374129,27.5313064183988,27.7674123504958,27.7373007876777,27.7373007876777,27.7423199823454,27.7523576505433,27.9028074670123,27.5966656031286,27.5011268629649,27.4306740081185,27.4407416091366,27.4155707879898,27.4357079298451,27.4206054372245,27.4508082405489,27.4457750460266,27.4659063702468,27.5564493982478,27.4457750460266,27.4608739026253,27.4508082405489,27.5011268629649,27.4608739026253,27.4508082405489,27.4508082405489,27.6569609527223,27.5212475341273,27.5111876824057,27.5111876824057,27.4105358961847,27.3954297650103,27.5262770971775,27.7222417610001,27.4709385956355,27.5212475341273,27.6117426966131,27.5866130007331,27.8175790741614,27.6870956122065,27.7423199823454,27.631842110463,27.7373007876777,27.8075476496238,27.7322813525865,27.5665048985609,27.5815863374129,27.5614772692013,27.4457750460266,27.6971385722891,27.7222417610001,27.6016915422711,27.5715322863604,27.5313064183988,27.5715322863604,27.5665048985609,27.5665048985609,27.7674123504958,27.8175790741614,27.6720293663216,27.6870956122065,27.5815863374129,27.4810023198492,27.4055007617757,27.7021596912783,27.7021596912783,27.5765594326333,27.5111876824057,27.6368663610303,27.8276095391327,27.6016915422711,27.5162177292145,27.5966656031286,27.9128297863749,27.9228511486881,27.777447615956,27.7573761241401,27.7172216044382,27.6569609527223,27.5715322863604,27.5866130007331,27.5815863374129,27.6016915422711,27.5966656031286,27.8075476496238,28.372826172538,28.1230778208426,27.8326244118639,27.9428910032239,27.9428910032239,27.8025315774346,27.6820737710463,27.7373007876777,27.6268176187712,27.6820737710463,27.7071805696107,28.0980703444506,28.0980703444506,27.9579183838364,27.7975152652541,27.6670068026902,27.9128297863749,28.3378970521235,28.277991595206,28.2430309971616,28.228044327915,27.9929739096901,28.0380281127715,28.0029876251156,27.8426534379831,28.1380794518489,28.1380794518489,27.9529094959747,28.0079941248089,28.0079941248089,27.8175790741614,27.8476675914376,27.9929739096901,27.9479003691149,27.7373007876777,27.7222417610001,27.5916394226271,27.7272616770383,27.8827599560813,27.9929739096901,27.892784190336,27.8777474797793,27.9028074670123,27.8977959483549,27.8225944265762,27.7222417610001,27.5815863374129,27.8276095391327,27.6117426966131,27.6619839981682,27.6569609527223,27.6167679118797,27.5916394226271,27.5011268629649,27.5815863374129,27.5212475341273,27.4357079298451,27.5313064183988,27.6117426966131,27.7423199823454,27.5363354978248,27.6569609527223,27.5363354978248,27.6569609527223,27.7071805696107,27.7473389366228,27.6670068026902,27.6217928859212,27.6217928859212,27.5413643354891,27.7122012073196,27.7172216044382,27.7071805696107,27.7272616770383,27.6921172126096,27.7222417610001,27.7874819207868,27.7172216044382,27.5212475341273,27.5916394226271,27.6820737710463,27.5413643354891,27.4357079298451,27.4558411927372,27.4407416091366,27.2442481632001,27.2896256338382,27.4155707879898,27.3249055894848,27.385357797423,27.3249055894848,27.3903939025862,27.3803214494867,27.5313064183988,27.5614772692013,27.4457750460266,27.4206054372245,27.5564493982478,27.6016915422711,27.5966656031286,27.6217928859212,27.5614772692013,27.551421285667,27.4860338187415,27.4860338187415,27.3500982617396,27.309787068249,27.2896256338382,27.2694603047538,27.3047470746531,27.385357797423,27.2543337507527,27.2442481632001,27.3652109487011,27.3349833876879,27.4155707879898,27.3954297650103,27.355136067025,27.4004653847288,27.2644183636851,27.3652109487011,27.2139855500982,27.1332422972466,27.1988509509866,27.1231449929837
27.7322813525865,27.9979808867536,28.1180768014564,27.8225944265762,27.5111876824057,27.5463929314253,27.2997068377419,27.5313064183988,27.5413643354891,27.7423199823454,27.8576951793018,27.9178405871461,28.1180768014564,27.892784190336,27.506157393667,27.4004653847288,27.4407416091366,27.5212475341273,27.5815863374129,27.9078187463413,27.9779515459613,27.7924987130493,27.4910650755359,27.3702480251596,27.3601736293342,27.3450602134443,27.5313064183988,27.5916394226271,27.5765594326333,27.6217928859212,27.5313064183988,27.4206054372245,27.475970578825,27.4810023198492,27.5262770971775,27.5413643354891,27.5413643354891,27.7423199823454,27.7172216044382,27.5363354978248,27.5413643354891,27.5614772692013,27.6268176187712,27.5212475341273,27.4810023198492,27.4457750460266,27.5765594326333,27.6418903705064,27.4155707879898,27.4508082405489,27.506157393667,27.4055007617757,27.4407416091366,27.3903939025862,27.5313064183988,27.5313064183988,27.5363354978248,27.6418903705064,27.4105358961847,27.1988509509866,27.3349833876879,27.5111876824057,27.5262770971775,27.4960960902657,27.385357797423,27.3803214494867,27.5212475341273,27.4357079298451,27.7824648884334,27.6418903705064,27.777447615956,27.7523576505433,27.6217928859212,27.6117426966131,27.6217928859212,27.5665048985609,27.6016915422711,27.6720293663216,27.8476675914376,27.9078187463413,27.8075476496238,27.6368663610303,27.6720293663216,27.6067172400882,27.6870956122065,27.5966656031286,27.5665048985609,27.6619839981682,27.4860338187415,27.4659063702468,27.8025315774346,27.7975152652541,27.4960960902657,27.385357797423,27.5111876824057,27.8877721929225,27.8777474797793,27.6820737710463,27.6619839981682,27.6820737710463,27.6117426966131,27.6569609527223,27.6368663610303,27.7373007876777,27.8526815051994,28.1130755441568,27.9428910032239,27.8225944265762,27.8677218086608,27.6569609527223,27.5815863374129,27.5916394226271,27.6368663610303,27.5916394226271,27.5966656031286,28.0380281127715,28.1030723156867,27.9479003691149,27.9428910032239,27.892784190336,27.7021596912783,27.7272616770383,27.7623943574465,27.7021596912783,27.7874819207868,27.7473389366228,27.892784190336,27.7322813525865,27.9779515459613,28.1830715081525,28.1630774149815,28.1580782977234,28.1430795199092,28.1780733411736,27.9178405871461,28.0330230443987,28.0130003858666,28.0130003858666,28.228044327915,28.2330401214815,28.1280786023483,27.9879666938923,27.9328715542163,28.0029876251156,27.7975152652541,27.8075476496238,27.7724301033211,27.9028074670123,28.0930681351701,28.0580460022081,27.7724301033211,27.7172216044382,27.6670068026902,27.7071805696107,27.9378813982687,27.9078187463413,28.0330230443987,27.8276095391327,27.9879666938923,27.9328715542163,27.8225944265762,27.6971385722891,27.6820737710463,27.5966656031286,27.6670068026902,27.6770516890958,27.6720293663216,27.7122012073196,27.6217928859212,27.6971385722891,27.5966656031286,27.4306740081185,27.5815863374129,27.7122012073196,27.7222417610001,27.5463929314253,27.6117426966131,27.6167679118797,27.6016915422711,27.6217928859212,27.6368663610303,27.7021596912783,27.7322813525865,27.6217928859212,27.5564493982478,27.7473389366228,27.8426534379831,27.7172216044382,27.6217928859212,27.7071805696107,27.7623943574465,27.7172216044382,27.6670068026902,27.5966656031286,27.6820737710463,27.6619839981682,27.5313064183988,27.4407416091366,27.4709385956355,27.3500982617396,27.4306740081185,27.340021922105,27.4155707879898,27.3047470746531,27.3752848587436,27.4206054372245,27.3954297650103,27.5463929314253,27.5665048985609,27.5463929314253,27.5614772692013,27.5614772692013,27.4357079298451,27.5916394226271,27.5966656031286,27.5413643354891,27.6217928859212,27.5313064183988,27.5162177292145,27.5011268629649,27.3954297650103,27.3752848587436,27.340021922105,27.234161600755,27.2997068377419,27.2795434562661,27.3702480251596,27.3500982617396,27.309787068249,27.2946663574817,27.4004653847288,27.309787068249,27.3601736293342,27.2593761790295,27.340021922105,27.2038960613414,27.2392050038562,27.2543337507527,27.2543337507527,27.2644183636851
27.4004653847288,27.7272616770383,28.0580460022081,28.0230121922066,27.7674123504958,27.4004653847288,27.4910650755359,27.4608739026253,27.4910650755359,27.506157393667,27.6971385722891,27.9679354426974,28.1980645842911,27.9529094959747,27.6619839981682,27.5212475341273,27.6469141389248,27.7473389366228,27.8326244118639,27.6016915422711,27.4960960902657,27.837639044803,27.5363354978248,27.355136067025,27.3148268185636,27.3198663256309,27.3450602134443,27.4508082405489,27.4357079298451,27.4508082405489,27.3299446101592,27.3047470746531,27.3450602134443,27.4457750460266,27.4357079298451,27.4357079298451,27.5413643354891,27.5463929314253,27.5966656031286,27.5815863374129,27.4306740081185,27.3702480251596,27.4004653847288,27.4709385956355,27.4709385956355,27.4306740081185,27.4357079298451,27.3198663256309,27.4508082405489,27.5815863374129,27.651937666319,27.4306740081185,27.3752848587436,27.5463929314253,27.385357797423,27.3903939025862,27.4457750460266,27.5162177292145,27.3500982617396,27.3752848587436,27.3702480251596,27.4155707879898,27.3500982617396,27.3954297650103,27.475970578825,27.4256398439229,27.5011268629649,27.4810023198492,27.6469141389248,27.777447615956,27.6569609527223,27.6469141389248,27.5866130007331,27.506157393667,27.6016915422711,27.6418903705064,27.5463929314253,27.5564493982478,27.9078187463413,27.9529094959747,27.9178405871461,27.8877721929225,27.8025315774346,27.9579183838364,27.6268176187712,27.5665048985609,27.6167679118797,27.5262770971775,27.5111876824057,27.4910650755359,27.4709385956355,27.8225944265762,27.7122012073196,27.4608739026253,27.6770516890958,27.651937666319,27.6770516890958,27.9479003691149,27.7975152652541,27.6720293663216,27.631842110463,27.4960960902657,27.5212475341273,27.5866130007331,27.6870956122065,27.8476675914376,27.9278614710339,27.7021596912783,27.7172216044382,27.7021596912783,27.8276095391327,27.8225944265762,27.9979808867536,27.9779515459613,28.0880656878123,28.1780733411736,28.0730569169481,27.9428910032239,27.6870956122065,27.651937666319,27.6619839981682,27.8827599560813,28.0130003858666,28.0029876251156,27.8877721929225,27.8025315774346,27.7122012073196,27.7122012073196,27.8827599560813,28.1130755441568,28.1880694376433,28.4526207095317,28.5572594772178,28.3378970521235,27.9879666938923,27.982959239327,27.8426534379831,27.6971385722891,27.9479003691149,28.0730569169481,28.0130003858666,28.0930681351701,27.8075476496238,27.837639044803,27.8025315774346,27.7071805696107,27.8727347639835,27.9178405871461,27.7824648884334,27.982959239327,28.0580460022081,28.0930681351701,27.8727347639835,27.8276095391327,27.9078187463413,27.8476675914376,28.0730569169481,27.9779515459613,27.9078187463413,27.7423199823454,27.7573761241401,27.7373007876777,27.7473389366228,27.651937666319,27.6619839981682,27.6619839981682,27.7122012073196,27.6820737710463,27.6619839981682,27.7071805696107,27.5916394226271,27.5162177292145,27.6117426966131,27.837639044803,27.777447615956,27.6569609527223,27.5111876824057,27.6720293663216,27.631842110463,27.5564493982478,27.6469141389248,27.7021596912783,27.7021596912783,27.7222417610001,27.6067172400882,27.4910650755359,27.6368663610303,27.7322813525865,27.5916394226271,27.6016915422711,27.7222417610001,27.7975152652541,27.6720293663216,27.5665048985609,27.5715322863604,27.5665048985609,27.4508082405489,27.2694603047538,27.5363354978248,27.5966656031286,27.4155707879898,27.355136067025,27.4055007617757,27.3450602134443,27.3903939025862,27.3601736293342,27.4910650755359,27.4810023198492,27.5665048985609,27.4810023198492,27.5614772692013,27.5162177292145,27.4960960902657,27.4810023198492,27.5413643354891,27.6167679118797,27.4558411927372,27.5262770971775,27.4608739026253,27.3652109487011,27.4508082405489,27.2644183636851,27.2896256338382,27.2845846667777,27.2694603047538,27.2745020022695,27.2795434562661,27.3249055894848,27.3803214494867,27.340021922105,27.1736217380844,27.3299446101592,27.3702480251596,27.3299446101592,27.2492910788209,27.1685751630395,27.2694603047538,27.2593761790295,27.3652109487011,27.2593761790295
27.3954297650103,27.3954297650103,27.9729436137625,28.258015532538,28.0180064083215,27.6921172126096,27.5212475341273,27.4357079298451,27.4155707879898,27.3752848587436,27.4055007617757,27.7322813525865,28.1930671296786,28.1930671296786,28.0230121922066,27.9328715542163,27.7373007876777,27.8426534379831,27.5363354978248,27.5111876824057,27.5011268629649,27.5715322863604,27.8677218086608,27.5262770971775,27.2694603047538,27.340021922105,27.340021922105,27.2845846667777,27.3299446101592,27.2946663574817,27.4105358961847,27.4357079298451,27.4004653847288,27.5111876824057,27.5162177292145,27.4659063702468,27.4357079298451,27.5262770971775,27.5413643354891,27.5665048985609,27.4407416091366,27.3702480251596,27.3752848587436,27.4357079298451,27.5815863374129,27.2997068377419,27.3148268185636,27.2745020022695,27.4105358961847,27.5111876824057,27.5715322863604,27.5463929314253,27.3198663256309,27.4004653847288,27.4256398439229,27.4004653847288,27.506157393667,27.4558411927372,27.4206054372245,27.3601736293342,27.4407416091366,27.5011268629649,27.3903939025862,27.4457750460266,27.5111876824057,27.385357797423,27.4457750460266,27.5212475341273,27.5665048985609,27.7322813525865,27.6117426966131,27.5815863374129,27.7674123504958,27.7674123504958,27.8677218086608,27.6971385722891,27.5111876824057,27.5614772692013,27.8627086137778,27.892784190336,27.8476675914376,27.9729436137625,27.7523576505433,27.7523576505433,27.6167679118797,27.5212475341273,27.5011268629649,27.6469141389248,27.6418903705064,27.4558411927372,27.4659063702468,27.7824648884334,28.0130003858666,27.8075476496238,27.4659063702468,27.5765594326333,27.6820737710463,27.9428910032239,27.6870956122065,27.6067172400882,27.5665048985609,27.5212475341273,27.551421285667,27.4659063702468,27.7674123504958,27.7071805696107,27.8526815051994,27.6619839981682,27.6870956122065,27.6569609527223,27.7021596912783,27.837639044803,27.9979808867536,28.0680535169536,28.3778151016153,28.228044327915,27.9378813982687,27.777447615956,27.9278614710339,27.6167679118797,27.6569609527223,27.9579183838364,27.837639044803,28.1830715081525,28.1880694376433,28.1180768014564,27.8025315774346,27.9228511486881,28.0180064083215,28.3628476055947,28.1880694376433,28.1880694376433,28.347877982722,28.347877982722,28.228044327915,28.2680040377398,28.0780600787342,28.0180064083215,28.0079941248089,28.0230121922066,28.3628476055947,28.0780600787342,28.1080740489112,28.0880656878123,27.9428910032239,27.7975152652541,27.8025315774346,27.7975152652541,27.8727347639835,27.9929739096901,27.9979808867536,27.9979808867536,28.0230121922066,28.0530418873914,27.8977959483549,27.8526815051994,27.7874819207868,27.8877721929225,27.8727347639835,27.8025315774346,27.7573761241401,27.7021596912783,27.8175790741614,27.6268176187712,27.5815863374129,27.6167679118797,27.5665048985609,27.6619839981682,27.631842110463,27.6016915422711,27.5011268629649,27.5111876824057,27.7322813525865,27.8827599560813,27.8576951793018,27.7272616770383,27.7423199823454,27.8476675914376,27.6217928859212,27.6418903705064,27.651937666319,27.7272616770383,27.8175790741614,27.5916394226271,27.5916394226271,27.5916394226271,27.5866130007331,27.7423199823454,27.7373007876777,27.6016915422711,27.5966656031286,27.6569609527223,27.7071805696107,27.7924987130493,27.7272616770383,27.6720293663216,27.4860338187415,27.4206054372245,27.5011268629649,27.4910650755359,27.4457750460266,27.4055007617757,27.4105358961847,27.4306740081185,27.4155707879898,27.4960960902657,27.651937666319,27.6619839981682,27.5413643354891,27.6268176187712,27.631842110463,27.5715322863604,27.5413643354891,27.6469141389248,27.5111876824057,27.5111876824057,27.4206054372245,27.4155707879898,27.4407416091366,27.3752848587436,27.3752848587436,27.3047470746531,27.3803214494867,27.2795434562661,27.2795434562661,27.2694603047538,27.1180959740562,27.2997068377419,27.3198663256309,27.2896256338382,27.3349833876879,27.3652109487011,27.3652109487011,27.3803214494867,27.3601736293342,27.3047470746531,27.2492910788209,27.2694603047538,27.2442481632001,27.2745020022695
27.3148268185636,27.4256398439229,27.8225944265762,27.9779515459613,28.218052029166,28.1380794518489,27.6971385722891,27.3500982617396,27.4608739026253,27.2946663574817,27.3047470746531,27.4055007617757,27.9078187463413,28.2080587813783,28.2330401214815,28.1180768014564,27.7373007876777,27.5111876824057,27.385357797423,27.5866130007331,27.4810023198492,27.4457750460266,27.7373007876777,27.8276095391327,27.6670068026902,27.3198663256309,27.2492910788209,27.3903939025862,27.309787068249,27.2946663574817,27.3752848587436,27.3601736293342,27.4709385956355,27.4256398439229,27.3652109487011,27.3450602134443,27.4155707879898,27.4256398439229,27.5162177292145,27.5966656031286,27.4910650755359,27.4558411927372,27.4155707879898,27.4457750460266,27.3500982617396,27.3954297650103,27.2543337507527,27.2745020022695,27.3752848587436,27.3601736293342,27.551421285667,27.5363354978248,27.385357797423,27.3652109487011,27.5614772692013,27.4558411927372,27.4910650755359,27.6067172400882,27.4457750460266,27.4256398439229,27.4860338187415,27.4357079298451,27.506157393667,27.4256398439229,27.4810023198492,27.4155707879898,27.4357079298451,27.5262770971775,27.5413643354891,27.551421285667,27.5866130007331,27.5966656031286,27.6067172400882,27.6167679118797,27.777447615956,27.5413643354891,27.5111876824057,27.6117426966131,27.8526815051994,27.8827599560813,27.9328715542163,28.1630774149815,27.982959239327,27.5916394226271,27.5011268629649,27.7272616770383,27.5212475341273,27.7222417610001,27.6067172400882,27.8777474797793,27.6569609527223,27.8727347639835,27.8627086137778,28.0130003858666,27.7172216044382,27.7623943574465,27.8526815051994,27.7523576505433,27.651937666319,27.6368663610303,27.6368663610303,27.5463929314253,27.7071805696107,27.5313064183988,27.6167679118797,27.6870956122065,27.7122012073196,27.7021596912783,27.5866130007331,27.6016915422711,27.6418903705064,27.6167679118797,27.6469141389248,28.1630774149815,28.2330401214815,27.7824648884334,27.7573761241401,27.6770516890958,27.7222417610001,27.8326244118639,27.6619839981682,27.7674123504958,27.8225944265762,27.8627086137778,27.9979808867536,28.1880694376433,27.982959239327,28.1230778208426,28.1780733411736,28.1780733411736,28.4077437165986,28.1930671296786,28.0580460022081,28.2080587813783,28.223048297154,28.2729979349236,28.2330401214815,28.3628476055947,28.3378970521235,28.2729979349236,28.253020924455,28.1330791460061,27.9879666938923,28.0730569169481,27.8025315774346,27.8326244118639,27.7924987130493,27.8025315774346,27.9278614710339,27.8175790741614,28.0029876251156,28.1380794518489,27.9779515459613,27.9729436137625,28.048037534235,27.9228511486881,27.9128297863749,27.8025315774346,27.8777474797793,27.7573761241401,27.8075476496238,27.7623943574465,27.7623943574465,27.6820737710463,27.7122012073196,27.6971385722891,27.5614772692013,27.7222417610001,27.6720293663216,27.6720293663216,27.7272616770383,27.5011268629649,27.7373007876777,27.8827599560813,27.8877721929225,27.8727347639835,27.8827599560813,27.8677218086608,27.9028074670123,27.9228511486881,27.6971385722891,27.7122012073196,27.6217928859212,27.5866130007331,27.5916394226271,27.7172216044382,27.6167679118797,27.7272616770383,27.7222417610001,27.6016915422711,27.5966656031286,27.6670068026902,27.6670068026902,27.6720293663216,27.5614772692013,27.5715322863604,27.6469141389248,27.5564493982478,27.506157393667,27.5011268629649,27.4910650755359,27.4860338187415,27.4105358961847,27.385357797423,27.4256398439229,27.4055007617757,27.4910650755359,27.5916394226271,27.6619839981682,27.5916394226271,27.5815863374129,27.5564493982478,27.5614772692013,27.5815863374129,27.5111876824057,27.5866130007331,27.5262770971775,27.4306740081185,27.4960960902657,27.4055007617757,27.3652109487011,27.4457750460266,27.4357079298451,27.309787068249,27.340021922105,27.4457750460266,27.2997068377419,27.3500982617396,27.3148268185636,27.4457750460266,27.3299446101592,27.4155707879898,27.3249055894848,27.340021922105,27.355136067025,27.2997068377419,27.2392050038562,27.2038960613414,27.2745020022695,27.2644183636851
27.3450602134443,27.2644183636851,27.3803214494867,27.6418903705064,27.8677218086608,28.1630774149815,27.9679354426974,27.6167679118797,27.6167679118797,27.4659063702468,27.475970578825,27.8526815051994,28.1180768014564,28.0330230443987,28.342887635646,28.2630099036222,28.063049878718,27.6217928859212,27.631842110463,27.7222417610001,27.5262770971775,27.2997068377419,27.4155707879898,27.5614772692013,27.5866130007331,27.6368663610303,27.5916394226271,27.475970578825,27.3500982617396,27.3500982617396,27.4206054372245,27.3903939025862,27.2543337507527,27.4155707879898,27.2745020022695,27.4055007617757,27.4910650755359,27.2492910788209,27.3752848587436,27.4960960902657,27.5966656031286,27.4558411927372,27.3954297650103,27.4860338187415,27.4206054372245,27.3702480251596,27.4256398439229,27.3954297650103,27.4206054372245,27.4357079298451,27.4508082405489,27.4910650755359,27.3954297650103,27.3903939025862,27.3954297650103,27.4357079298451,27.5715322863604,27.5212475341273,27.4105358961847,27.5111876824057,27.3803214494867,27.3903939025862,27.4004653847288,27.4558411927372,27.4407416091366,27.3652109487011,27.4206054372245,27.5665048985609,27.5966656031286,27.6016915422711,27.5966656031286,27.5363354978248,27.4960960902657,27.7071805696107,27.7975152652541,27.5313064183988,27.551421285667,27.6971385722891,27.7924987130493,28.1680762946208,27.7272616770383,27.7924987130493,27.9278614710339,27.6016915422711,27.6167679118797,27.6217928859212,27.7322813525865,27.4960960902657,27.551421285667,27.5614772692013,27.6067172400882,27.6820737710463,27.6117426966131,27.651937666319,27.7623943574465,27.8075476496238,27.8476675914376,27.631842110463,27.7473389366228,27.5212475341273,27.5262770971775,27.6368663610303,27.5665048985609,27.4608739026253,27.475970578825,27.7021596912783,27.631842110463,27.4810023198492,27.7021596912783,27.5011268629649,27.5765594326333,27.5463929314253,27.8276095391327,28.14807935022,28.0730569169481,27.6418903705064,27.6418903705064,27.8326244118639,27.8727347639835,28.1630774149815,27.8025315774346,27.6569609527223,27.8476675914376,28.1280786023483,27.9428910032239,27.9479003691149,27.8526815051994,27.9979808867536,27.9979808867536,28.0780600787342,28.4077437165986,28.4276914056455,28.0880656878123,27.9729436137625,28.0880656878123,27.9979808867536,27.9178405871461,27.9178405871461,27.9979808867536,28.0079941248089,28.1530789428139,28.2030618015135,28.0930681351701,27.8777474797793,27.777447615956,27.7573761241401,27.7975152652541,27.7523576505433,27.9779515459613,27.7975152652541,27.7523576505433,27.7824648884334,27.892784190336,27.9078187463413,27.9479003691149,27.9378813982687,28.0029876251156,28.0580460022081,27.7473389366228,27.8276095391327,27.8426534379831,27.7172216044382,27.6921172126096,27.6619839981682,27.7373007876777,27.8326244118639,27.7373007876777,27.6820737710463,27.5463929314253,27.7021596912783,27.6569609527223,27.6720293663216,27.7523576505433,27.8526815051994,27.837639044803,27.7824648884334,27.7924987130493,27.7975152652541,27.892784190336,27.9479003691149,27.9178405871461,27.7824648884334,27.5614772692013,27.8326244118639,27.8326244118639,27.7724301033211,27.6368663610303,27.6368663610303,27.6217928859212,27.7373007876777,27.6117426966131,27.6167679118797,27.5966656031286,27.631842110463,27.5564493982478,27.4910650755359,27.475970578825,27.5313064183988,27.551421285667,27.4004653847288,27.4960960902657,27.4105358961847,27.506157393667,27.4306740081185,27.506157393667,27.2845846667777,27.4659063702468,27.5111876824057,27.5011268629649,27.5715322863604,27.5413643354891,27.6016915422711,27.5111876824057,27.5111876824057,27.5111876824057,27.4608739026253,27.4155707879898,27.5111876824057,27.385357797423,27.5262770971775,27.4558411927372,27.3702480251596,27.4055007617757,27.3752848587436,27.2795434562661,27.4206054372245,27.3652109487011,27.3702480251596,27.355136067025,27.3752848587436,27.340021922105,27.4155707879898,27.340021922105,27.3500982617396,27.2795434562661,27.4055007617757,27.385357797423,27.2392050038562,27.2089409277006,27.2543337507527
27.3047470746531,27.3803214494867,27.3148268185636,27.3702480251596,27.6167679118797,27.8526815051994,27.9729436137625,27.9178405871461,27.8877721929225,27.9929739096901,28.0230121922066,27.892784190336,27.5614772692013,27.7122012073196,27.9529094959747,28.2680040377398,28.1830715081525,27.8877721929225,27.6469141389248,27.3500982617396,27.3299446101592,27.3752848587436,27.340021922105,27.475970578825,27.4256398439229,27.6569609527223,27.6167679118797,27.5866130007331,27.6770516890958,27.506157393667,27.4206054372245,27.4910650755359,27.3500982617396,27.355136067025,27.5765594326333,27.3047470746531,27.2845846667777,27.2795434562661,27.3903939025862,27.2845846667777,27.4910650755359,27.5966656031286,27.5866130007331,27.4860338187415,27.5413643354891,27.6418903705064,27.631842110463,27.4558411927372,27.3652109487011,27.3702480251596,27.3903939025862,27.3752848587436,27.385357797423,27.3752848587436,27.3752848587436,27.4105358961847,27.4508082405489,27.4608739026253,27.4105358961847,27.385357797423,27.4357079298451,27.475970578825,27.3601736293342,27.4407416091366,27.4004653847288,27.3954297650103,27.5162177292145,27.5715322863604,27.5966656031286,27.7523576505433,27.5212475341273,27.5313064183988,27.506157393667,27.7924987130493,27.812563481855,27.6971385722891,27.5463929314253,27.7222417610001,27.8877721929225,27.9428910032239,27.6770516890958,27.6167679118797,27.6117426966131,27.6067172400882,27.6770516890958,27.5212475341273,27.6268176187712,27.5866130007331,27.5463929314253,27.3954297650103,27.4457750460266,27.4508082405489,27.3450602134443,27.4659063702468,27.6870956122065,27.7222417610001,27.812563481855,27.7021596912783,27.6368663610303,27.6368663610303,27.6619839981682,27.4709385956355,27.4709385956355,27.5715322863604,27.5011268629649,27.551421285667,27.475970578825,27.4659063702468,27.5011268629649,27.475970578825,27.5715322863604,27.6117426966131,27.9979808867536,28.043032942706,27.8526815051994,27.7172216044382,27.7021596912783,27.6619839981682,27.6870956122065,28.0130003858666,27.7172216044382,27.5564493982478,27.7222417610001,28.1230778208426,28.2330401214815,27.9378813982687,27.7874819207868,27.9428910032239,27.9929739096901,27.9529094959747,27.9729436137625,28.3628476055947,28.4177180330437,28.3977684560513,28.5174093287365,28.2330401214815,28.0230121922066,27.9529094959747,27.7423199823454,27.9428910032239,27.9078187463413,28.0730569169481,28.1280786023483,28.0680535169536,27.8877721929225,27.7071805696107,27.7924987130493,27.8175790741614,27.8877721929225,27.6921172126096,27.7523576505433,27.6469141389248,27.7172216044382,27.7523576505433,27.9328715542163,27.7924987130493,27.7122012073196,27.7573761241401,27.7573761241401,27.8175790741614,27.7272616770383,27.7322813525865,27.6569609527223,27.6569609527223,27.5916394226271,27.6770516890958,27.6820737710463,27.6670068026902,27.5162177292145,27.5463929314253,27.5564493982478,27.5363354978248,27.5916394226271,27.7874819207868,27.8075476496238,27.7874819207868,27.6971385722891,27.7874819207868,27.9078187463413,27.8476675914376,27.9428910032239,27.9529094959747,27.7824648884334,27.6820737710463,27.651937666319,27.8276095391327,27.9028074670123,27.837639044803,27.6368663610303,27.6720293663216,27.8075476496238,27.6016915422711,27.5463929314253,27.6469141389248,27.6418903705064,27.5011268629649,27.4055007617757,27.4004653847288,27.3803214494867,27.355136067025,27.4960960902657,27.3450602134443,27.5011268629649,27.6167679118797,27.5162177292145,27.2845846667777,27.4659063702468,27.4357079298451,27.4508082405489,27.5463929314253,27.6217928859212,27.5614772692013,27.5162177292145,27.5162177292145,27.506157393667,27.4055007617757,27.5212475341273,27.3954297650103,27.3954297650103,27.385357797423,27.3803214494867,27.3500982617396,27.4407416091366,27.4256398439229,27.2946663574817,27.3803214494867,27.2442481632001,27.2896256338382,27.3198663256309,27.3299446101592,27.3601736293342,27.3500982617396,27.3299446101592,27.3500982617396,27.3047470746531,27.2745020022695,27.2644183636851,27.2896256338382,27.1685751630395,27.1382905826503
27.4407416091366,27.4457750460266,27.3148268185636,27.4709385956355,27.4004653847288,27.6067172400882,27.812563481855,27.8677218086608,27.9178405871461,28.228044327915,28.0330230443987,27.5262770971775,27.5162177292145,27.4055007617757,27.5564493982478,27.7674123504958,28.0680535169536,27.962927032733,27.9479003691149,27.7373007876777,27.4810023198492,27.5011268629649,27.4608739026253,27.5564493982478,27.631842110463,27.5966656031286,27.812563481855,27.6870956122065,27.9078187463413,27.7423199823454,27.4256398439229,27.6619839981682,27.4256398439229,27.4659063702468,27.4357079298451,27.3903939025862,27.4306740081185,27.4105358961847,27.4960960902657,27.3803214494867,27.3903939025862,27.340021922105,27.4055007617757,27.5463929314253,27.7122012073196,27.7423199823454,27.5212475341273,27.4659063702468,27.3652109487011,27.5463929314253,27.4608739026253,27.3601736293342,27.3500982617396,27.3903939025862,27.3752848587436,27.4810023198492,27.4407416091366,27.5463929314253,27.4508082405489,27.4306740081185,27.3652109487011,27.4306740081185,27.4508082405489,27.3198663256309,27.3299446101592,27.4105358961847,27.5011268629649,27.6117426966131,27.9128297863749,27.9378813982687,27.6217928859212,27.5665048985609,27.5111876824057,27.7975152652541,27.8225944265762,27.6971385722891,27.6268176187712,27.7222417610001,28.043032942706,27.8877721929225,27.9579183838364,27.837639044803,27.812563481855,27.7423199823454,27.8877721929225,27.7674123504958,27.6569609527223,27.5614772692013,27.5564493982478,27.5564493982478,27.475970578825,27.4910650755359,27.3450602134443,27.4960960902657,27.6870956122065,27.7423199823454,27.9579183838364,27.8677218086608,27.6971385722891,27.6921172126096,27.7373007876777,27.4960960902657,27.506157393667,27.5011268629649,27.5564493982478,27.6770516890958,27.506157393667,27.5111876824057,27.5463929314253,27.5665048985609,27.6469141389248,27.9979808867536,27.9679354426974,27.9729436137625,27.8877721929225,27.8276095391327,27.6971385722891,27.5614772692013,27.7222417610001,28.0130003858666,27.7222417610001,27.5665048985609,27.7824648884334,27.7573761241401,28.0380281127715,28.0780600787342,27.8175790741614,27.8175790741614,27.962927032733,28.0230121922066,28.0730569169481,28.258015532538,28.0830630023446,28.3129405866768,28.6717449129776,28.2979638679726,28.0230121922066,28.2430309971616,28.3029563442362,28.0530418873914,27.8526815051994,27.812563481855,28.0980703444506,27.9879666938923,28.0230121922066,27.8025315774346,27.8627086137778,27.8777474797793,27.8025315774346,27.7373007876777,27.7172216044382,27.7724301033211,27.7623943574465,27.8777474797793,27.9078187463413,27.7523576505433,27.7473389366228,27.9428910032239,28.0680535169536,27.9078187463413,27.8526815051994,27.8175790741614,27.6569609527223,27.631842110463,27.5665048985609,27.6870956122065,27.7272616770383,27.6870956122065,27.5765594326333,27.5413643354891,27.5614772692013,27.6870956122065,27.8075476496238,27.9128297863749,27.7824648884334,27.7222417610001,27.6217928859212,27.6117426966131,27.6870956122065,27.8526815051994,27.7523576505433,27.7473389366228,27.8326244118639,27.7122012073196,27.6418903705064,27.7573761241401,27.8326244118639,27.777447615956,27.837639044803,27.8326244118639,27.7874819207868,27.777447615956,27.6217928859212,27.6619839981682,27.5815863374129,27.551421285667,27.5111876824057,27.4055007617757,27.3903939025862,27.355136067025,27.3500982617396,27.385357797423,27.3702480251596,27.5111876824057,27.5866130007331,27.3652109487011,27.506157393667,27.4659063702468,27.5665048985609,27.6971385722891,27.6720293663216,27.7122012073196,27.6921172126096,27.5363354978248,27.6569609527223,27.7172216044382,27.5815863374129,27.3954297650103,27.385357797423,27.385357797423,27.4004653847288,27.3450602134443,27.4155707879898,27.309787068249,27.340021922105,27.4004653847288,27.4105358961847,27.385357797423,27.3702480251596,27.340021922105,27.355136067025,27.3803214494867,27.4105358961847,27.3450602134443,27.2291179538628,27.2795434562661,27.2896256338382,27.2190299285684,27.3752848587436,27.1736217380844
27.5765594326333,27.5715322863604,27.5614772692013,27.4155707879898,27.3803214494867,27.3954297650103,27.651937666319,27.506157393667,27.5765594326333,28.063049878718,27.982959239327,27.4357079298451,27.2745020022695,27.2845846667777,27.2795434562661,27.4155707879898,27.7623943574465,27.8576951793018,28.043032942706,28.048037534235,27.7674123504958,27.4860338187415,27.5665048985609,27.777447615956,27.5564493982478,27.4407416091366,27.4457750460266,27.5815863374129,27.4508082405489,27.6670068026902,27.5463929314253,27.4457750460266,27.506157393667,27.506157393667,27.3803214494867,27.4608739026253,27.385357797423,27.2896256338382,27.4004653847288,27.4357079298451,27.340021922105,27.309787068249,27.3299446101592,27.3903939025862,27.4558411927372,27.6569609527223,27.506157393667,27.385357797423,27.4105358961847,27.355136067025,27.3249055894848,27.3450602134443,27.3249055894848,27.5011268629649,27.4105358961847,27.3500982617396,27.2946663574817,27.4407416091366,27.4457750460266,27.3601736293342,27.2896256338382,27.3954297650103,27.3299446101592,27.4105358961847,27.3803214494867,27.4155707879898,27.6770516890958,27.8627086137778,27.6820737710463,27.6469141389248,27.8426534379831,27.6368663610303,27.6217928859212,27.7021596912783,27.6670068026902,27.6971385722891,27.5413643354891,27.6217928859212,27.9228511486881,27.6770516890958,27.6770516890958,27.6368663610303,27.6720293663216,27.7523576505433,27.7071805696107,27.8175790741614,27.7071805696107,27.5413643354891,27.7423199823454,27.5463929314253,27.5262770971775,27.475970578825,27.340021922105,27.6469141389248,27.7573761241401,27.7373007876777,27.7573761241401,27.7373007876777,27.6670068026902,27.6670068026902,27.6720293663216,27.4508082405489,27.4608739026253,27.4860338187415,27.5162177292145,27.5916394226271,27.4457750460266,27.4810023198492,27.4960960902657,27.6670068026902,27.8576951793018,27.837639044803,27.9078187463413,27.8225944265762,27.5111876824057,27.6670068026902,27.6016915422711,27.4306740081185,27.6067172400882,28.0130003858666,27.8677218086608,27.7924987130493,27.7172216044382,27.5665048985609,27.7423199823454,27.9579183838364,28.0880656878123,27.8426534379831,27.7322813525865,27.5262770971775,27.8977959483549,28.3029563442362,28.4077437165986,28.0830630023446,28.2929711549704,28.4775441200496,28.1980645842911,27.9529094959747,28.1130755441568,28.1230778208426,28.1030723156867,27.8877721929225,27.9178405871461,27.9428910032239,27.9028074670123,27.9479003691149,27.9529094959747,27.8727347639835,27.7122012073196,27.6619839981682,27.5614772692013,27.6870956122065,27.7573761241401,27.7172216044382,27.7623943574465,27.8476675914376,27.7824648884334,27.7172216044382,27.7272616770383,27.9979808867536,27.777447615956,27.8727347639835,27.6770516890958,27.6921172126096,27.5765594326333,27.6217928859212,27.6167679118797,27.5715322863604,27.4608739026253,27.506157393667,27.6670068026902,27.6820737710463,27.6820737710463,27.6770516890958,27.6117426966131,27.6167679118797,27.5011268629649,27.6670068026902,27.5614772692013,27.7172216044382,27.6720293663216,27.6167679118797,27.777447615956,27.7924987130493,27.7222417610001,27.8627086137778,27.9579183838364,27.8225944265762,27.5665048985609,27.7724301033211,27.7874819207868,27.7623943574465,27.6117426966131,27.5262770971775,27.6619839981682,27.5715322863604,27.4608739026253,27.5011268629649,27.4306740081185,27.4457750460266,27.4508082405489,27.3803214494867,27.4256398439229,27.475970578825,27.4407416091366,27.4910650755359,27.4860338187415,27.4407416091366,27.5815863374129,27.7473389366228,27.6368663610303,27.7623943574465,27.7373007876777,27.6217928859212,27.7373007876777,27.777447615956,27.7874819207868,27.5564493982478,27.4810023198492,27.3803214494867,27.2896256338382,27.3198663256309,27.2442481632001,27.3198663256309,27.234161600755,27.355136067025,27.3702480251596,27.340021922105,27.3652109487011,27.3652109487011,27.385357797423,27.4004653847288,27.385357797423,27.3047470746531,27.2845846667777,27.2997068377419,27.2442481632001,27.1534339723613,27.0978974522403,27.1736217380844
27.5564493982478,27.5363354978248,27.7021596912783,27.6971385722891,27.4860338187415,27.6016915422711,27.5665048985609,27.6217928859212,27.6469141389248,28.0280177375547,28.043032942706,27.5765594326333,27.2089409277006,27.2946663574817,27.385357797423,27.4206054372245,27.5011268629649,27.7724301033211,28.1030723156867,28.2030618015135,27.8877721929225,27.7573761241401,27.6870956122065,27.7824648884334,27.385357797423,27.4709385956355,27.5665048985609,27.475970578825,27.5665048985609,27.6619839981682,27.6820737710463,27.4155707879898,27.4810023198492,27.4004653847288,27.4055007617757,27.4206054372245,27.475970578825,27.4357079298451,27.5011268629649,27.4004653847288,27.3803214494867,27.3803214494867,27.3752848587436,27.4860338187415,27.4256398439229,27.5262770971775,27.4256398439229,27.3803214494867,27.309787068249,27.3954297650103,27.385357797423,27.355136067025,27.2442481632001,27.355136067025,27.3702480251596,27.3249055894848,27.2896256338382,27.355136067025,27.3702480251596,27.3803214494867,27.355136067025,27.3500982617396,27.4357079298451,27.3752848587436,27.3500982617396,27.4659063702468,27.8276095391327,27.7824648884334,27.6469141389248,27.6418903705064,27.9328715542163,27.9479003691149,27.6619839981682,27.7975152652541,27.8025315774346,27.6469141389248,27.5111876824057,27.6368663610303,27.7122012073196,27.6469141389248,27.5363354978248,27.9278614710339,27.777447615956,27.9028074670123,27.7724301033211,27.6870956122065,27.6469141389248,27.5815863374129,27.5665048985609,27.5463929314253,27.5765594326333,27.6016915422711,27.5011268629649,27.6268176187712,27.7523576505433,27.5715322863604,27.7473389366228,27.6670068026902,27.551421285667,27.6569609527223,27.7674123504958,27.5765594326333,27.5212475341273,27.5262770971775,27.5111876824057,27.5614772692013,27.4508082405489,27.6016915422711,27.6418903705064,27.7523576505433,27.8075476496238,27.9929739096901,27.8677218086608,27.7172216044382,27.6720293663216,27.6167679118797,27.631842110463,27.506157393667,27.6720293663216,27.8977959483549,28.1530789428139,27.777447615956,27.7222417610001,27.6117426966131,27.8175790741614,27.7423199823454,27.9529094959747,28.1230778208426,28.0530418873914,27.6971385722891,27.7172216044382,27.777447615956,28.0680535169536,28.3678370072086,28.4625907807171,28.2979638679726,28.2680040377398,28.277991595206,28.228044327915,28.1580782977234,28.1730749366739,28.0880656878123,27.9078187463413,27.9529094959747,27.9579183838364,27.812563481855,27.9929739096901,27.962927032733,27.8225944265762,27.7122012073196,27.5715322863604,27.4910650755359,27.7071805696107,27.7573761241401,27.7071805696107,27.812563481855,27.7623943574465,27.7523576505433,27.6770516890958,27.7623943574465,27.7874819207868,27.551421285667,27.5866130007331,27.6619839981682,27.8175790741614,27.6016915422711,27.5966656031286,27.5212475341273,27.5212475341273,27.4860338187415,27.7122012073196,27.7824648884334,27.7172216044382,27.6067172400882,27.6770516890958,27.5815863374129,27.4558411927372,27.5463929314253,27.4960960902657,27.5916394226271,27.6720293663216,27.6067172400882,27.7021596912783,27.7473389366228,27.7021596912783,27.6167679118797,27.892784190336,27.8877721929225,27.777447615956,27.6117426966131,27.6268176187712,27.6720293663216,27.651937666319,27.6569609527223,27.5866130007331,27.3652109487011,27.3954297650103,27.3803214494867,27.3601736293342,27.3702480251596,27.3702480251596,27.4055007617757,27.4055007617757,27.5212475341273,27.4155707879898,27.4155707879898,27.5564493982478,27.475970578825,27.5614772692013,27.8025315774346,27.7975152652541,27.631842110463,27.6619839981682,27.7623943574465,27.6619839981682,27.7021596912783,27.6921172126096,27.5665048985609,27.5966656031286,27.2997068377419,27.4004653847288,27.3903939025862,27.3249055894848,27.2795434562661,27.385357797423,27.2795434562661,27.234161600755,27.2896256338382,27.3601736293342,27.3601736293342,27.385357797423,27.3148268185636,27.3702480251596,27.3249055894848,27.2946663574817,27.3450602134443,27.234161600755,27.2694603047538,27.2392050038562,27.2442481632001
27.6167679118797,27.4860338187415,27.6971385722891,27.6921172126096,27.6870956122065,27.5162177292145,27.5363354978248,27.5262770971775,27.2745020022695,27.7272616770383,28.0330230443987,27.892784190336,27.4055007617757,27.2845846667777,27.2644183636851,27.2745020022695,27.3249055894848,27.6117426966131,27.9879666938923,27.9428910032239,27.7272616770383,27.8025315774346,27.8025315774346,27.8877721929225,27.6619839981682,27.4306740081185,27.4659063702468,27.4508082405489,27.4659063702468,27.5916394226271,27.7071805696107,27.7122012073196,27.4306740081185,27.4105358961847,27.3652109487011,27.4206054372245,27.4960960902657,27.5665048985609,27.475970578825,27.4004653847288,27.475970578825,27.4810023198492,27.3702480251596,27.3198663256309,27.5212475341273,27.6268176187712,27.5564493982478,27.4055007617757,27.3450602134443,27.3803214494867,27.3500982617396,27.2492910788209,27.3349833876879,27.3803214494867,27.3299446101592,27.2896256338382,27.2946663574817,27.3198663256309,27.2593761790295,27.2543337507527,27.3198663256309,27.4306740081185,27.4407416091366,27.3702480251596,27.4306740081185,27.475970578825,27.5262770971775,27.7874819207868,27.7724301033211,27.6569609527223,27.9278614710339,28.1630774149815,27.6469141389248,27.5815863374129,27.6670068026902,27.7071805696107,27.6670068026902,27.6469141389248,27.7172216044382,27.7172216044382,27.7573761241401,27.8977959483549,27.7322813525865,27.9178405871461,27.8877721929225,27.7874819207868,27.6067172400882,27.4105358961847,27.3601736293342,27.3903939025862,27.4910650755359,27.7573761241401,27.6067172400882,27.7674123504958,27.7924987130493,27.6619839981682,27.7473389366228,27.5463929314253,27.5111876824057,27.6770516890958,27.5313064183988,27.6067172400882,27.5966656031286,27.5212475341273,27.6167679118797,27.5111876824057,27.5011268629649,27.5715322863604,27.5866130007331,27.631842110463,27.6569609527223,27.9979808867536,27.8576951793018,27.6268176187712,27.5715322863604,27.5614772692013,27.4508082405489,27.5916394226271,27.4960960902657,27.6971385722891,28.14807935022,27.7874819207868,27.7724301033211,27.6971385722891,27.6770516890958,27.6268176187712,27.6117426966131,27.7423199823454,28.0180064083215,27.962927032733,27.7122012073196,27.6217928859212,27.7674123504958,27.9178405871461,27.9028074670123,28.0730569169481,28.342887635646,28.2130555239183,27.8977959483549,28.1680762946208,28.1630774149815,28.1430795199092,27.892784190336,27.8727347639835,28.0280177375547,28.3528680933838,28.0830630023446,28.2729979349236,28.0079941248089,27.6921172126096,27.6268176187712,27.6971385722891,27.7222417610001,27.6217928859212,27.7122012073196,27.7573761241401,27.7373007876777,27.7623943574465,27.7473389366228,27.7674123504958,27.777447615956,27.7824648884334,27.5262770971775,27.5463929314253,27.5313064183988,27.6971385722891,27.5916394226271,27.6016915422711,27.5715322863604,27.5815863374129,27.6418903705064,27.8326244118639,27.8977959483549,27.9328715542163,27.9328715542163,27.8326244118639,27.7071805696107,27.5715322863604,27.5463929314253,27.6670068026902,27.6921172126096,27.6720293663216,27.5866130007331,27.7172216044382,27.7924987130493,27.631842110463,27.7573761241401,27.9078187463413,27.7874819207868,27.7724301033211,27.6971385722891,27.6167679118797,27.6167679118797,27.5966656031286,27.5765594326333,27.4256398439229,27.3702480251596,27.3803214494867,27.385357797423,27.4055007617757,27.3702480251596,27.3601736293342,27.4558411927372,27.5212475341273,27.4910650755359,27.5111876824057,27.6217928859212,27.5916394226271,27.7523576505433,27.8225944265762,27.6569609527223,27.7423199823454,27.7373007876777,27.7272616770383,27.7724301033211,27.5916394226271,27.5715322863604,27.5614772692013,27.5162177292145,27.5212475341273,27.4105358961847,27.3047470746531,27.3047470746531,27.309787068249,27.2593761790295,27.2644183636851,27.3349833876879,27.2946663574817,27.355136067025,27.3803214494867,27.5111876824057,27.4105358961847,27.309787068249,27.3954297650103,27.3803214494867,27.2392050038562,27.2190299285684,27.1988509509866,27.2038960613414,27.193805596602
27.6971385722891,27.5463929314253,27.5212475341273,27.6971385722891,27.7021596912783,27.6217928859212,27.6117426966131,27.5313064183988,27.4457750460266,27.4457750460266,27.837639044803,28.048037534235,27.7473389366228,27.4004653847288,27.2946663574817,27.2845846667777,27.2997068377419,27.6167679118797,27.7924987130493,27.7824648884334,27.777447615956,27.6368663610303,27.892784190336,27.9278614710339,27.892784190336,27.4659063702468,27.4608739026253,27.3702480251596,27.4608739026253,27.4457750460266,27.7122012073196,27.7523576505433,27.3954297650103,27.4256398439229,27.4206054372245,27.5564493982478,27.4810023198492,27.4659063702468,27.3702480251596,27.3903939025862,27.340021922105,27.4004653847288,27.355136067025,27.3652109487011,27.4206054372245,27.4055007617757,27.385357797423,27.4206054372245,27.385357797423,27.3198663256309,27.4004653847288,27.5011268629649,27.3299446101592,27.3652109487011,27.3148268185636,27.3500982617396,27.3752848587436,27.3299446101592,27.340021922105,27.3903939025862,27.3652109487011,27.3803214494867,27.4508082405489,27.4457750460266,27.4659063702468,27.4306740081185,27.4306740081185,27.4659063702468,27.6268176187712,27.6619839981682,27.837639044803,27.9328715542163,27.4256398439229,27.651937666319,27.6368663610303,27.6619839981682,27.631842110463,27.5212475341273,27.6921172126096,27.7122012073196,27.7272616770383,27.6720293663216,27.7172216044382,27.6720293663216,27.8426534379831,27.6117426966131,27.4004653847288,27.4709385956355,27.5866130007331,27.4910650755359,27.4709385956355,27.5715322863604,27.6569609527223,27.5665048985609,27.5665048985609,27.506157393667,27.4659063702468,27.5665048985609,27.551421285667,27.6870956122065,27.5212475341273,27.6117426966131,27.6117426966131,27.5262770971775,27.6067172400882,27.5162177292145,27.4860338187415,27.4810023198492,27.5916394226271,27.5313064183988,27.7523576505433,27.982959239327,27.8476675914376,27.5715322863604,27.5966656031286,27.6268176187712,27.6117426966131,27.5363354978248,27.5614772692013,27.5866130007331,28.048037534235,27.8025315774346,27.8827599560813,27.6117426966131,27.6217928859212,27.6217928859212,27.6418903705064,27.6368663610303,27.8225944265762,27.9679354426974,27.9228511486881,28.0079941248089,27.7373007876777,27.7523576505433,27.7824648884334,27.7322813525865,27.7975152652541,28.1130755441568,28.1330791460061,27.9579183838364,28.043032942706,28.3678370072086,28.1680762946208,27.9078187463413,27.892784190336,27.9479003691149,27.9529094959747,28.0580460022081,27.9378813982687,27.7924987130493,27.6870956122065,27.6670068026902,27.6770516890958,27.6368663610303,27.5966656031286,27.6971385722891,27.7523576505433,27.6820737710463,27.6770516890958,27.7322813525865,27.6770516890958,27.651937666319,27.6016915422711,27.5212475341273,27.5564493982478,27.5564493982478,27.5614772692013,27.5413643354891,27.4558411927372,27.5564493982478,27.6117426966131,27.7623943574465,27.7874819207868,27.7222417610001,27.7423199823454,27.6870956122065,27.8276095391327,27.9178405871461,27.6217928859212,27.4960960902657,27.6971385722891,27.5665048985609,27.6619839981682,27.812563481855,27.8877721929225,27.9178405871461,27.7071805696107,27.7975152652541,27.892784190336,27.7674123504958,27.6469141389248,27.6670068026902,27.6469141389248,27.6016915422711,27.4960960902657,27.5111876824057,27.506157393667,27.3702480251596,27.3349833876879,27.3198663256309,27.4810023198492,27.3601736293342,27.4810023198492,27.4105358961847,27.506157393667,27.7373007876777,27.7322813525865,27.6268176187712,27.7874819207868,27.837639044803,27.7272616770383,27.8025315774346,27.7623943574465,27.7021596912783,27.7623943574465,27.6368663610303,27.651937666319,27.5564493982478,27.551421285667,27.4608739026253,27.4105358961847,27.3198663256309,27.2896256338382,27.2997068377419,27.2946663574817,27.2492910788209,27.2593761790295,27.355136067025,27.2543337507527,27.3702480251596,27.4457750460266,27.3450602134443,27.3903939025862,27.3601736293342,27.355136067025,27.1534339723613,27.2190299285684,27.2190299285684,27.2089409277006,27.2240740631453
27.6067172400882,27.631842110463,27.4457750460266,27.551421285667,27.6016915422711,27.5765594326333,27.6820737710463,27.7122012073196,27.5262770971775,27.6619839981682,27.7272616770383,27.7423199823454,27.8877721929225,27.8276095391327,27.5564493982478,27.385357797423,27.4155707879898,27.5212475341273,27.7021596912783,27.7071805696107,28.0880656878123,27.812563481855,27.6870956122065,27.9178405871461,28.1580782977234,27.7373007876777,27.4709385956355,27.5614772692013,27.4860338187415,27.475970578825,27.5413643354891,27.5866130007331,27.4960960902657,27.3903939025862,27.4407416091366,27.2593761790295,27.2593761790295,27.2946663574817,27.385357797423,27.4558411927372,27.340021922105,27.309787068249,27.2392050038562,27.309787068249,27.309787068249,27.309787068249,27.340021922105,27.3652109487011,27.3601736293342,27.3601736293342,27.3903939025862,27.3148268185636,27.3299446101592,27.3047470746531,27.3652109487011,27.4105358961847,27.3702480251596,27.3148268185636,27.3954297650103,27.3249055894848,27.3349833876879,27.3198663256309,27.4508082405489,27.4960960902657,27.4558411927372,27.4306740081185,27.3954297650103,27.5162177292145,27.6569609527223,27.4910650755359,27.4256398439229,27.4508082405489,27.4306740081185,27.4407416091366,27.4155707879898,27.5011268629649,27.5966656031286,27.5564493982478,27.9028074670123,27.6870956122065,27.5262770971775,27.5715322863604,27.777447615956,27.5815863374129,27.6418903705064,27.5916394226271,27.5111876824057,27.5363354978248,27.4810023198492,27.5765594326333,27.4357079298451,27.385357797423,27.506157393667,27.5715322863604,27.5614772692013,27.5916394226271,27.4860338187415,27.5564493982478,27.5463929314253,27.5815863374129,27.4407416091366,27.5665048985609,27.4659063702468,27.4608739026253,27.5262770971775,27.5363354978248,27.6016915422711,27.5866130007331,27.4608739026253,27.5614772692013,27.6117426966131,27.8977959483549,27.8476675914376,27.6167679118797,27.6167679118797,27.6016915422711,27.5815863374129,27.6167679118797,27.5564493982478,27.631842110463,28.063049878718,28.1280786023483,27.7874819207868,27.7824648884334,27.6469141389248,27.6167679118797,27.7071805696107,27.6217928859212,27.7222417610001,27.7373007876777,27.7674123504958,27.7222417610001,27.9378813982687,27.9729436137625,27.9979808867536,27.6268176187712,27.6368663610303,27.892784190336,28.1430795199092,28.1580782977234,27.8025315774346,27.9729436137625,28.1030723156867,28.1730749366739,28.0730569169481,27.9078187463413,27.9178405871461,28.1080740489112,27.812563481855,27.8977959483549,27.8877721929225,27.7523576505433,27.6670068026902,27.5665048985609,27.6820737710463,27.6067172400882,27.5815863374129,27.7222417610001,27.6720293663216,27.7523576505433,27.7021596912783,27.7924987130493,27.651937666319,27.5966656031286,27.5111876824057,27.5815863374129,27.5715322863604,27.6720293663216,27.6117426966131,27.6067172400882,27.6418903705064,27.7423199823454,27.7674123504958,27.7222417610001,27.7924987130493,27.7473389366228,27.8025315774346,27.6720293663216,27.7122012073196,27.6067172400882,27.7021596912783,27.6870956122065,27.6820737710463,27.7674123504958,27.6569609527223,27.8426534379831,27.6971385722891,27.8827599560813,27.7222417610001,27.8476675914376,27.6870956122065,27.6619839981682,27.651937666319,27.5212475341273,27.4860338187415,27.4910650755359,27.4810023198492,27.3752848587436,27.4810023198492,27.3903939025862,27.4860338187415,27.4910650755359,27.4206054372245,27.5916394226271,27.631842110463,27.8677218086608,27.962927032733,27.9879666938923,27.9479003691149,27.9879666938923,27.837639044803,27.6720293663216,27.8476675914376,27.8326244118639,27.651937666319,27.5363354978248,27.5815863374129,27.5111876824057,27.6368663610303,27.5162177292145,27.506157393667,27.4055007617757,27.3299446101592,27.2997068377419,27.3803214494867,27.340021922105,27.355136067025,27.3349833876879,27.3450602134443,27.4659063702468,27.4055007617757,27.4105358961847,27.3803214494867,27.3752848587436,27.3249055894848,27.2795434562661,27.3500982617396,27.3299446101592,27.2392050038562,27.2139855500982
27.9428910032239,27.6067172400882,27.4508082405489,27.5916394226271,27.4508082405489,27.4860338187415,27.5262770971775,27.6820737710463,27.4508082405489,27.3752848587436,27.5212475341273,27.5162177292145,27.6167679118797,27.9729436137625,27.631842110463,27.385357797423,27.3601736293342,27.3954297650103,27.5715322863604,27.7222417610001,27.9479003691149,28.1030723156867,27.7071805696107,27.7724301033211,27.9929739096901,27.9428910032239,27.5463929314253,27.4709385956355,27.4105358961847,27.2291179538628,27.4608739026253,27.385357797423,27.4608739026253,27.5363354978248,27.3601736293342,27.3601736293342,27.2644183636851,27.4306740081185,27.385357797423,27.3500982617396,27.4004653847288,27.3803214494867,27.3249055894848,27.2644183636851,27.3148268185636,27.3299446101592,27.309787068249,27.3450602134443,27.3349833876879,27.3652109487011,27.3601736293342,27.4860338187415,27.2745020022695,27.3299446101592,27.3500982617396,27.385357797423,27.3047470746531,27.3903939025862,27.385357797423,27.3299446101592,27.3702480251596,27.3652109487011,27.5765594326333,27.4357079298451,27.3903939025862,27.3903939025862,27.4004653847288,27.4306740081185,27.4357079298451,27.4256398439229,27.5111876824057,27.5463929314253,27.4105358961847,27.4105358961847,27.4457750460266,27.5111876824057,27.5916394226271,27.6469141389248,27.6469141389248,27.6016915422711,27.5564493982478,27.5966656031286,27.7674123504958,27.5715322863604,27.6167679118797,27.551421285667,27.5313064183988,27.4608739026253,27.5212475341273,27.5966656031286,27.4709385956355,27.4206054372245,27.4508082405489,27.4960960902657,27.5262770971775,27.5413643354891,27.5815863374129,27.5564493982478,27.5363354978248,27.4659063702468,27.5966656031286,27.5313064183988,27.4457750460266,27.5413643354891,27.5765594326333,27.6921172126096,27.7172216044382,27.7322813525865,27.5665048985609,27.5614772692013,27.6217928859212,27.8426534379831,27.9729436137625,27.5916394226271,27.6167679118797,27.651937666319,27.6619839981682,27.5866130007331,27.5363354978248,27.5715322863604,27.9078187463413,27.9779515459613,27.7824648884334,27.7071805696107,27.5815863374129,27.5665048985609,27.5614772692013,27.5715322863604,27.6820737710463,27.5715322863604,27.6067172400882,27.6217928859212,27.6268176187712,27.7423199823454,27.9879666938923,28.063049878718,27.631842110463,27.6368663610303,27.812563481855,27.9178405871461,27.9378813982687,27.9328715542163,27.8877721929225,27.8677218086608,27.9278614710339,27.8526815051994,27.7975152652541,27.8727347639835,27.9128297863749,27.9028074670123,28.0280177375547,28.0980703444506,27.7373007876777,27.6418903705064,27.7272616770383,27.6971385722891,27.5866130007331,27.7071805696107,27.6619839981682,27.6619839981682,27.6820737710463,27.7924987130493,27.6217928859212,27.5866130007331,27.4960960902657,27.5715322863604,27.5614772692013,27.5815863374129,27.5665048985609,27.6117426966131,27.6016915422711,27.6016915422711,27.7523576505433,27.7322813525865,27.7573761241401,27.6820737710463,27.6770516890958,27.6368663610303,27.6217928859212,27.6820737710463,27.6016915422711,27.7122012073196,27.6670068026902,27.8175790741614,27.8025315774346,27.8677218086608,27.7975152652541,27.7423199823454,27.7172216044382,27.7473389366228,27.6217928859212,27.6117426966131,27.5916394226271,27.5011268629649,27.4306740081185,27.4960960902657,27.475970578825,27.4004653847288,27.3903939025862,27.340021922105,27.3903939025862,27.3500982617396,27.4206054372245,27.6268176187712,27.8777474797793,27.8276095391327,27.9579183838364,27.9779515459613,27.9879666938923,27.962927032733,27.9979808867536,27.9278614710339,27.9228511486881,27.8426534379831,27.8175790741614,27.6720293663216,27.631842110463,27.5614772692013,27.6418903705064,27.4960960902657,27.5111876824057,27.4055007617757,27.3198663256309,27.340021922105,27.2593761790295,27.340021922105,27.3500982617396,27.4457750460266,27.4508082405489,27.4910650755359,27.4306740081185,27.3349833876879,27.3299446101592,27.3803214494867,27.2492910788209,27.3198663256309,27.309787068249,27.3249055894848,27.2492910788209,27.2089409277006
27.6870956122065,27.6167679118797,27.5715322863604,27.385357797423,27.355136067025,27.3500982617396,27.4659063702468,27.475970578825,27.4105358961847,27.2845846667777,27.4457750460266,27.3954297650103,27.4860338187415,27.812563481855,27.8677218086608,27.6268176187712,27.551421285667,27.5564493982478,27.5212475341273,27.4860338187415,27.6418903705064,27.8075476496238,27.9328715542163,27.812563481855,27.8175790741614,28.0230121922066,27.962927032733,27.7172216044382,27.5212475341273,27.3198663256309,27.3702480251596,27.2593761790295,27.4608739026253,27.5413643354891,27.5262770971775,27.5011268629649,27.5262770971775,27.3752848587436,27.3652109487011,27.385357797423,27.355136067025,27.2845846667777,27.2543337507527,27.3601736293342,27.2745020022695,27.2644183636851,27.2946663574817,27.2845846667777,27.3249055894848,27.3652109487011,27.4357079298451,27.3954297650103,27.234161600755,27.3148268185636,27.3249055894848,27.4004653847288,27.3349833876879,27.4055007617757,27.3702480251596,27.3601736293342,27.3148268185636,27.3954297650103,27.506157393667,27.3500982617396,27.4508082405489,27.4105358961847,27.3954297650103,27.4055007617757,27.4256398439229,27.3752848587436,27.4357079298451,27.5162177292145,27.3903939025862,27.5162177292145,27.4810023198492,27.4105358961847,27.4709385956355,27.4306740081185,27.631842110463,27.631842110463,27.5011268629649,27.5665048985609,27.6469141389248,27.5765594326333,27.5866130007331,27.5413643354891,27.4004653847288,27.4659063702468,27.5715322863604,27.5815863374129,27.5111876824057,27.4910650755359,27.6569609527223,27.4910650755359,27.475970578825,27.6469141389248,27.6268176187712,27.5916394226271,27.4558411927372,27.4508082405489,27.4659063702468,27.4457750460266,27.4558411927372,27.6016915422711,27.6971385722891,27.6268176187712,27.651937666319,27.9529094959747,27.6117426966131,27.551421285667,27.7222417610001,27.6971385722891,27.9178405871461,27.6167679118797,27.4860338187415,27.4659063702468,27.6016915422711,27.6167679118797,27.5313064183988,27.6770516890958,27.962927032733,27.7924987130493,27.9479003691149,27.6217928859212,27.5665048985609,27.5262770971775,27.5916394226271,27.5262770971775,27.5011268629649,27.4910650755359,27.4608739026253,27.5966656031286,27.6418903705064,27.5815863374129,27.651937666319,27.9028074670123,28.1580782977234,27.7874819207868,27.7021596912783,27.9128297863749,27.7122012073196,27.8175790741614,27.9328715542163,27.8175790741614,27.9078187463413,27.8977959483549,27.9228511486881,27.9278614710339,27.7623943574465,27.7674123504958,27.8877721929225,27.9679354426974,28.043032942706,27.9328715542163,27.7071805696107,27.6268176187712,27.7272616770383,27.6921172126096,27.8526815051994,27.7674123504958,27.7373007876777,27.6870956122065,27.6670068026902,27.5363354978248,27.551421285667,27.5866130007331,27.7423199823454,27.5614772692013,27.6016915422711,27.6167679118797,27.506157393667,27.5866130007331,27.6670068026902,27.6117426966131,27.6469141389248,27.7373007876777,27.6016915422711,27.6469141389248,27.7071805696107,27.6368663610303,27.6117426966131,27.8326244118639,27.7322813525865,27.7724301033211,27.8025315774346,27.837639044803,27.7573761241401,27.8426534379831,27.6971385722891,27.6770516890958,27.6971385722891,27.6418903705064,27.4608739026253,27.4055007617757,27.4206054372245,27.3803214494867,27.3500982617396,27.4608739026253,27.475970578825,27.385357797423,27.4608739026253,27.5665048985609,27.6217928859212,27.7824648884334,27.9228511486881,27.982959239327,27.9779515459613,27.962927032733,27.9879666938923,27.8877721929225,27.8576951793018,27.7874819207868,27.837639044803,27.8476675914376,27.6770516890958,27.6921172126096,27.8075476496238,27.6720293663216,27.6720293663216,27.5111876824057,27.6117426966131,27.5111876824057,27.309787068249,27.340021922105,27.3148268185636,27.3500982617396,27.3601736293342,27.4508082405489,27.4608739026253,27.4508082405489,27.4206054372245,27.340021922105,27.3752848587436,27.3148268185636,27.3803214494867,27.1231449929837,27.3500982617396,27.2291179538628,27.1988509509866,27.340021922105
27.6167679118797,27.6117426966131,27.5463929314253,27.3500982617396,27.3652109487011,27.2946663574817,27.3148268185636,27.2896256338382,27.3954297650103,27.1988509509866,27.3500982617396,27.2694603047538,27.385357797423,27.6117426966131,27.8476675914376,27.8075476496238,27.3198663256309,27.4105358961847,27.5564493982478,27.3702480251596,27.4910650755359,27.5262770971775,27.7623943574465,28.0330230443987,27.9428910032239,27.812563481855,28.043032942706,27.9428910032239,27.9178405871461,27.2593761790295,27.2795434562661,27.2745020022695,27.4407416091366,27.4608739026253,27.6268176187712,27.7373007876777,27.7373007876777,27.6167679118797,27.5111876824057,27.5413643354891,27.2946663574817,27.3198663256309,27.2795434562661,27.385357797423,27.4407416091366,27.385357797423,27.3702480251596,27.3652109487011,27.3299446101592,27.3500982617396,27.3349833876879,27.3299446101592,27.3148268185636,27.4306740081185,27.340021922105,27.340021922105,27.355136067025,27.3450602134443,27.4004653847288,27.3903939025862,27.3954297650103,27.475970578825,27.475970578825,27.4206054372245,27.4155707879898,27.5262770971775,27.4659063702468,27.4407416091366,27.3954297650103,27.5011268629649,27.4608739026253,27.4709385956355,27.4910650755359,27.5262770971775,27.4407416091366,27.5463929314253,27.4306740081185,27.4105358961847,27.4810023198492,27.6217928859212,27.6720293663216,27.5262770971775,27.631842110463,27.5665048985609,27.551421285667,27.4860338187415,27.5463929314253,27.3903939025862,27.5011268629649,27.5011268629649,27.475970578825,27.4709385956355,27.5715322863604,27.6770516890958,27.6670068026902,27.6418903705064,27.5262770971775,27.5866130007331,27.4558411927372,27.4357079298451,27.4407416091366,27.3652109487011,27.4558411927372,27.4508082405489,27.6619839981682,27.5212475341273,27.6619839981682,27.7122012073196,27.6016915422711,27.5715322863604,27.5815863374129,27.5815863374129,27.7473389366228,27.6971385722891,27.7222417610001,27.5313064183988,27.6117426966131,27.5715322863604,27.5413643354891,27.6368663610303,27.8677218086608,27.6971385722891,27.9679354426974,27.7373007876777,27.551421285667,27.5765594326333,27.5313064183988,27.4810023198492,27.5162177292145,27.5011268629649,27.4860338187415,27.6016915422711,27.4709385956355,27.4960960902657,27.6569609527223,27.8175790741614,27.8827599560813,27.8276095391327,27.8276095391327,27.7021596912783,27.7272616770383,27.6921172126096,27.6770516890958,27.7674123504958,27.9028074670123,27.9228511486881,27.8526815051994,28.0380281127715,27.9228511486881,27.9328715542163,28.0079941248089,28.0029876251156,27.8075476496238,28.0380281127715,27.9579183838364,27.7423199823454,27.5815863374129,27.6268176187712,27.6921172126096,27.651937666319,27.6117426966131,27.6268176187712,27.6770516890958,27.5212475341273,27.5966656031286,27.5866130007331,27.5916394226271,27.7071805696107,27.6268176187712,27.6067172400882,27.506157393667,27.6016915422711,27.7373007876777,27.7222417610001,27.5715322863604,27.631842110463,27.5614772692013,27.6268176187712,27.6820737710463,27.6820737710463,27.8276095391327,27.9879666938923,27.9879666938923,27.8476675914376,27.7172216044382,27.837639044803,27.7222417610001,27.8025315774346,27.6067172400882,27.7623943574465,27.7122012073196,27.506157393667,27.5564493982478,27.4910650755359,27.4810023198492,27.4709385956355,27.3903939025862,27.4860338187415,27.4810023198492,27.4155707879898,27.4256398439229,27.5614772692013,27.837639044803,28.0880656878123,28.0780600787342,28.0830630023446,28.0880656878123,28.0830630023446,28.0029876251156,27.9679354426974,27.8627086137778,27.8025315774346,27.7172216044382,27.6971385722891,27.8075476496238,27.6971385722891,27.5564493982478,27.6770516890958,27.5966656031286,27.5262770971775,27.6067172400882,27.4457750460266,27.475970578825,27.3702480251596,27.2694603047538,27.3500982617396,27.3500982617396,27.3500982617396,27.4457750460266,27.3450602134443,27.4457750460266,27.5916394226271,27.3803214494867,27.4105358961847,27.2845846667777,27.3299446101592,27.3450602134443,27.3047470746531,27.2038960613414,27.2089409277006
27.3652109487011,27.3702480251596,27.3601736293342,27.3702480251596,27.340021922105,27.2089409277006,27.2997068377419,27.1988509509866,27.1887599981537,27.1736217380844,27.340021922105,27.2694603047538,27.3148268185636,27.3652109487011,27.5866130007331,27.837639044803,27.6418903705064,27.4105358961847,27.5463929314253,27.5614772692013,27.3450602134443,27.4004653847288,27.3702480251596,27.6670068026902,27.8326244118639,27.7573761241401,27.7172216044382,28.0029876251156,27.9529094959747,27.6870956122065,27.4306740081185,27.4709385956355,27.4508082405489,27.475970578825,27.7322813525865,27.5111876824057,27.5463929314253,27.6368663610303,27.6619839981682,27.6167679118797,27.355136067025,27.3500982617396,27.2795434562661,27.2543337507527,27.4457750460266,27.506157393667,27.4306740081185,27.3601736293342,27.3903939025862,27.4004653847288,27.3803214494867,27.2543337507527,27.355136067025,27.3450602134443,27.4256398439229,27.2896256338382,27.4055007617757,27.3752848587436,27.3903939025862,27.3954297650103,27.4508082405489,27.4860338187415,27.3198663256309,27.385357797423,27.3652109487011,27.3903939025862,27.4004653847288,27.4055007617757,27.4357079298451,27.4960960902657,27.385357797423,27.4659063702468,27.4055007617757,27.4960960902657,27.4558411927372,27.5212475341273,27.4659063702468,27.4558411927372,27.4608739026253,27.5111876824057,27.5413643354891,27.5363354978248,27.6569609527223,27.551421285667,27.4508082405489,27.4659063702468,27.4709385956355,27.3198663256309,27.4558411927372,27.4910650755359,27.4407416091366,27.5665048985609,27.5313064183988,27.5413643354891,27.5011268629649,27.5413643354891,27.4810023198492,27.4457750460266,27.340021922105,27.4457750460266,27.4558411927372,27.2997068377419,27.2745020022695,27.2946663574817,27.6016915422711,27.5262770971775,27.6619839981682,27.7172216044382,27.7172216044382,27.5614772692013,27.5262770971775,27.4860338187415,27.5212475341273,27.5866130007331,27.506157393667,27.5011268629649,27.355136067025,27.5413643354891,27.5262770971775,27.6117426966131,27.7272616770383,27.6971385722891,27.651937666319,27.7122012073196,27.4860338187415,27.5715322863604,27.4960960902657,27.4709385956355,27.5162177292145,27.5111876824057,27.4860338187415,27.4457750460266,27.5162177292145,27.475970578825,27.651937666319,27.6368663610303,27.7975152652541,27.7724301033211,27.9479003691149,27.8476675914376,27.651937666319,27.6971385722891,27.6870956122065,27.7623943574465,27.6921172126096,27.7373007876777,27.8426534379831,28.0380281127715,28.1580782977234,28.0930681351701,28.0380281127715,28.0530418873914,27.7523576505433,27.7473389366228,27.9428910032239,27.9479003691149,27.7272616770383,27.551421285667,27.631842110463,27.6268176187712,27.7021596912783,27.651937666319,27.6921172126096,27.5916394226271,27.5665048985609,27.4810023198492,27.7021596912783,27.6167679118797,27.5262770971775,27.6117426966131,27.6067172400882,27.506157393667,27.6167679118797,27.6217928859212,27.5815863374129,27.5765594326333,27.5262770971775,27.5262770971775,27.5765594326333,27.651937666319,27.6167679118797,27.8777474797793,27.8025315774346,27.8175790741614,27.8526815051994,27.8075476496238,27.837639044803,27.7272616770383,27.5765594326333,27.4860338187415,27.5815863374129,27.4860338187415,27.6117426966131,27.475970578825,27.4860338187415,27.4810023198492,27.4357079298451,27.309787068249,27.2997068377419,27.340021922105,27.309787068249,27.5715322863604,27.982959239327,28.048037534235,28.063049878718,28.0029876251156,27.9779515459613,28.0930681351701,27.9779515459613,27.982959239327,27.9779515459613,27.8677218086608,27.8075476496238,27.7824648884334,27.7071805696107,27.6870956122065,27.6820737710463,27.6418903705064,27.4860338187415,27.4608739026253,27.5614772692013,27.3752848587436,27.3198663256309,27.3500982617396,27.2593761790295,27.3450602134443,27.3500982617396,27.4206054372245,27.3500982617396,27.3450602134443,27.4357079298451,27.3299446101592,27.3299446101592,27.2593761790295,27.234161600755,27.2442481632001,27.193805596602,27.2745020022695,27.2845846667777,27.1382905826503
27.4558411927372,27.3954297650103,27.2845846667777,27.2795434562661,27.2038960613414,27.2492910788209,27.3198663256309,27.1635283437601,27.2694603047538,27.2291179538628,27.2038960613414,27.3652109487011,27.3954297650103,27.2896256338382,27.4155707879898,27.5363354978248,27.6619839981682,27.4206054372245,27.5212475341273,27.5363354978248,27.2997068377419,27.3198663256309,27.2745020022695,27.385357797423,27.651937666319,27.6921172126096,27.4558411927372,27.7021596912783,27.962927032733,27.8727347639835,27.6870956122065,27.6870956122065,27.4608739026253,27.6971385722891,27.3450602134443,27.4357079298451,27.3299446101592,27.4055007617757,27.4659063702468,27.506157393667,27.4357079298451,27.4558411927372,27.4508082405489,27.355136067025,27.3601736293342,27.4055007617757,27.2644183636851,27.4357079298451,27.4004653847288,27.3702480251596,27.3752848587436,27.2038960613414,27.2190299285684,27.2644183636851,27.2543337507527,27.4357079298451,27.4256398439229,27.3903939025862,27.3047470746531,27.4659063702468,27.2694603047538,27.385357797423,27.2896256338382,27.309787068249,27.3601736293342,27.3500982617396,27.2946663574817,27.3652109487011,27.4004653847288,27.2745020022695,27.4256398439229,27.2997068377419,27.506157393667,27.7122012073196,27.6720293663216,27.4357079298451,27.3601736293342,27.4659063702468,27.4256398439229,27.5614772692013,27.7573761241401,27.6368663610303,27.6569609527223,27.6117426966131,27.5212475341273,27.3601736293342,27.3601736293342,27.3601736293342,27.5564493982478,27.3702480251596,27.2896256338382,27.5162177292145,27.5162177292145,27.5162177292145,27.4709385956355,27.5966656031286,27.4558411927372,27.4558411927372,27.309787068249,27.4105358961847,27.340021922105,27.1483864201735,27.1584812802121,27.1837141556074,27.4256398439229,27.2745020022695,27.475970578825,27.7071805696107,27.9328715542163,27.7272616770383,27.506157393667,27.4105358961847,27.5262770971775,27.7373007876777,27.5111876824057,27.4910650755359,27.3803214494867,27.4860338187415,27.506157393667,27.5614772692013,27.551421285667,27.651937666319,27.5614772692013,27.6368663610303,27.7373007876777,27.7222417610001,27.5715322863604,27.5665048985609,27.506157393667,27.5011268629649,27.4709385956355,27.475970578825,27.4960960902657,27.4860338187415,27.4810023198492,27.6016915422711,27.631842110463,27.6619839981682,27.6770516890958,27.9278614710339,27.8827599560813,27.7924987130493,27.7573761241401,27.6921172126096,27.7122012073196,27.7021596912783,27.8326244118639,27.8326244118639,27.8326244118639,28.1630774149815,27.9979808867536,28.1030723156867,28.0230121922066,27.8326244118639,27.9979808867536,28.0330230443987,27.8727347639835,27.812563481855,27.7623943574465,27.777447615956,27.6469141389248,27.6670068026902,27.5916394226271,27.5916394226271,27.5212475341273,27.5614772692013,27.6469141389248,27.7172216044382,27.6368663610303,27.6268176187712,27.6217928859212,27.6117426966131,27.6268176187712,27.6418903705064,27.5011268629649,27.5363354978248,27.5313064183988,27.5966656031286,27.5815863374129,27.4357079298451,27.6016915422711,27.7322813525865,27.6870956122065,27.5765594326333,27.7322813525865,27.7874819207868,27.8175790741614,27.7874819207868,27.6368663610303,27.5916394226271,27.5011268629649,27.4306740081185,27.5111876824057,27.475970578825,27.4155707879898,27.5011268629649,27.3198663256309,27.4055007617757,27.4055007617757,27.3803214494867,27.2593761790295,27.4910650755359,27.8276095391327,28.0730569169481,28.063049878718,27.9228511486881,28.0730569169481,28.0980703444506,28.0880656878123,27.9328715542163,27.9028074670123,27.8627086137778,27.8175790741614,27.8025315774346,27.8075476496238,27.8225944265762,27.7674123504958,27.7423199823454,27.631842110463,27.5413643354891,27.475970578825,27.4558411927372,27.3500982617396,27.2745020022695,27.3450602134443,27.3349833876879,27.3349833876879,27.3450602134443,27.4004653847288,27.3148268185636,27.3349833876879,27.340021922105,27.3450602134443,27.3450602134443,27.2240740631453,27.3249055894848,27.2492910788209,27.2745020022695,27.04738401297,27.193805596602
27.4206054372245,27.4055007617757,27.3803214494867,27.4155707879898,27.3601736293342,27.2946663574817,27.1685751630395,27.2492910788209,27.2442481632001,27.3299446101592,27.2139855500982,27.2694603047538,27.3047470746531,27.4004653847288,27.4055007617757,27.3450602134443,27.6418903705064,27.4357079298451,27.4256398439229,27.6368663610303,27.5162177292145,27.3752848587436,27.2795434562661,27.4608739026253,27.5463929314253,27.8426534379831,27.6469141389248,27.5866130007331,27.8175790741614,27.7824648884334,27.6217928859212,27.6870956122065,27.6971385722891,27.4910650755359,27.4357079298451,27.506157393667,27.4558411927372,27.3500982617396,27.4155707879898,27.6569609527223,27.5162177292145,27.5212475341273,27.4608739026253,27.5111876824057,27.5916394226271,27.4306740081185,27.5212475341273,27.6167679118797,27.5715322863604,27.5262770971775,27.3954297650103,27.3954297650103,27.4155707879898,27.4306740081185,27.5212475341273,27.3702480251596,27.4457750460266,27.4910650755359,27.4709385956355,27.4357079298451,27.3349833876879,27.3500982617396,27.3803214494867,27.3702480251596,27.385357797423,27.3249055894848,27.4004653847288,27.4407416091366,27.4004653847288,27.4357079298451,27.3500982617396,27.4810023198492,27.7172216044382,27.5564493982478,27.7373007876777,27.506157393667,27.5313064183988,27.5413643354891,27.9228511486881,27.892784190336,27.6770516890958,27.6469141389248,27.6720293663216,27.5262770971775,27.4608739026253,27.4659063702468,27.4508082405489,27.4659063702468,27.4256398439229,27.4256398439229,27.355136067025,27.5111876824057,27.4659063702468,27.475970578825,27.4659063702468,27.5111876824057,27.5363354978248,27.5011268629649,27.4558411927372,27.4306740081185,27.385357797423,27.178668068929,27.1332422972466,27.2038960613414,27.2190299285684,27.193805596602,27.3954297650103,27.551421285667,27.9078187463413,27.9679354426974,27.5413643354891,27.7021596912783,27.6268176187712,27.7874819207868,27.7423199823454,27.5313064183988,27.4860338187415,27.5212475341273,27.5011268629649,27.5866130007331,27.5665048985609,27.4256398439229,27.5111876824057,27.5564493982478,27.7874819207868,27.7322813525865,27.6368663610303,27.631842110463,27.4709385956355,27.5715322863604,27.506157393667,27.6016915422711,27.5665048985609,27.6469141389248,27.5212475341273,27.6268176187712,27.6569609527223,27.6670068026902,27.6268176187712,27.7473389366228,27.8877721929225,27.8476675914376,27.6217928859212,27.7122012073196,27.7122012073196,27.837639044803,27.6971385722891,27.6870956122065,27.7021596912783,27.7924987130493,27.8576951793018,27.9078187463413,28.0280177375547,27.9979808867536,27.9028074670123,28.0280177375547,27.8677218086608,27.7623943574465,27.8727347639835,28.0079941248089,27.7172216044382,27.7122012073196,27.5966656031286,27.6217928859212,27.5815863374129,27.651937666319,27.7071805696107,27.6217928859212,27.8326244118639,27.8175790741614,27.6167679118797,27.506157393667,27.6820737710463,27.7222417610001,27.6117426966131,27.4608739026253,27.4860338187415,27.4860338187415,27.5815863374129,27.5765594326333,27.5916394226271,27.5966656031286,27.551421285667,27.631842110463,27.6217928859212,27.7924987130493,27.7573761241401,27.6418903705064,27.5815863374129,27.5815863374129,27.4960960902657,27.4960960902657,27.4960960902657,27.4960960902657,27.475970578825,27.5212475341273,27.3752848587436,27.4558411927372,27.4004653847288,27.3500982617396,27.2543337507527,27.4457750460266,27.5614772692013,28.0680535169536,27.8977959483549,27.6870956122065,27.6820737710463,27.7423199823454,27.8827599560813,27.8677218086608,27.8777474797793,27.892784190336,27.8526815051994,27.6770516890958,27.812563481855,27.7573761241401,27.7824648884334,27.8225944265762,27.6670068026902,27.5966656031286,27.4004653847288,27.4004653847288,27.385357797423,27.2997068377419,27.3450602134443,27.3803214494867,27.3601736293342,27.3601736293342,27.2745020022695,27.3500982617396,27.4457750460266,27.3198663256309,27.2946663574817,27.3601736293342,27.2240740631453,27.1988509509866,27.2745020022695,27.2291179538628,27.2442481632001,27.2593761790295
27.4055007617757,27.2644183636851,27.4256398439229,27.3954297650103,27.2745020022695,27.2593761790295,27.2593761790295,27.2644183636851,27.3249055894848,27.3601736293342,27.3500982617396,27.3299446101592,27.1635283437601,27.2745020022695,27.2997068377419,27.340021922105,27.5212475341273,27.6016915422711,27.6368663610303,27.5262770971775,27.4558411927372,27.385357797423,27.3752848587436,27.3148268185636,27.3803214494867,27.7272616770383,27.6117426966131,27.7222417610001,27.7573761241401,27.651937666319,27.5916394226271,27.3652109487011,27.6619839981682,27.7021596912783,27.3047470746531,27.3299446101592,27.4105358961847,27.3349833876879,27.3903939025862,27.4256398439229,27.5212475341273,27.4357079298451,27.4860338187415,27.4457750460266,27.5011268629649,27.6368663610303,27.6368663610303,27.6268176187712,27.5614772692013,27.3954297650103,27.4206054372245,27.5413643354891,27.6469141389248,27.5313064183988,27.3500982617396,27.3803214494867,27.3450602134443,27.2845846667777,27.4457750460266,27.3652109487011,27.3500982617396,27.3450602134443,27.3702480251596,27.3349833876879,27.3349833876879,27.4407416091366,27.4357079298451,27.3652109487011,27.4055007617757,27.4659063702468,27.385357797423,27.385357797423,27.5866130007331,27.7373007876777,27.6619839981682,27.5463929314253,27.6016915422711,27.5815863374129,27.9028074670123,27.5866130007331,27.5363354978248,27.812563481855,27.6720293663216,27.6820737710463,27.5313064183988,27.4608739026253,27.4810023198492,27.4910650755359,27.5011268629649,27.506157393667,27.506157393667,27.506157393667,27.5011268629649,27.5413643354891,27.5413643354891,27.551421285667,27.6117426966131,27.4508082405489,27.5011268629649,27.3450602134443,27.4508082405489,27.4407416091366,27.2694603047538,27.2089409277006,27.2038960613414,27.2492910788209,27.3954297650103,27.6418903705064,27.6820737710463,27.9879666938923,27.8075476496238,27.5363354978248,27.5313064183988,27.6117426966131,27.6820737710463,27.7122012073196,27.4960960902657,27.5815863374129,27.5011268629649,27.5413643354891,27.5815863374129,27.4256398439229,27.5363354978248,27.651937666319,27.7674123504958,27.8777474797793,27.651937666319,27.7573761241401,27.6418903705064,27.5313064183988,27.4810023198492,27.4206054372245,27.6167679118797,27.6217928859212,27.5363354978248,27.4810023198492,27.5815863374129,27.6067172400882,27.6167679118797,27.6016915422711,27.631842110463,27.8426534379831,27.8627086137778,27.7523576505433,27.7423199823454,27.8576951793018,27.7172216044382,27.6117426966131,27.7021596912783,27.7222417610001,27.7423199823454,27.8175790741614,27.9128297863749,28.0029876251156,28.0130003858666,27.8677218086608,28.0180064083215,27.7322813525865,27.8576951793018,27.8677218086608,27.8827599560813,27.8576951793018,27.7021596912783,27.6670068026902,27.5715322863604,27.7473389366228,27.7874819207868,27.6469141389248,27.7222417610001,27.892784190336,27.6720293663216,27.7172216044382,27.7272616770383,27.6268176187712,27.6820737710463,27.6117426966131,27.4860338187415,27.4508082405489,27.5715322863604,27.4407416091366,27.6067172400882,27.6720293663216,27.5966656031286,27.6268176187712,27.5564493982478,27.6418903705064,27.6770516890958,27.5614772692013,27.5665048985609,27.5363354978248,27.5966656031286,27.5162177292145,27.5212475341273,27.506157393667,27.4508082405489,27.385357797423,27.3702480251596,27.4306740081185,27.340021922105,27.3702480251596,27.2946663574817,27.3752848587436,27.5313064183988,27.812563481855,27.5313064183988,27.5815863374129,27.6016915422711,27.892784190336,27.9428910032239,27.8276095391327,27.8426534379831,27.6820737710463,27.7724301033211,27.7623943574465,27.6016915422711,27.777447615956,27.6167679118797,27.6619839981682,27.6569609527223,27.5715322863604,27.4155707879898,27.2795434562661,27.2644183636851,27.2997068377419,27.2644183636851,27.3198663256309,27.340021922105,27.3450602134443,27.3601736293342,27.475970578825,27.3349833876879,27.355136067025,27.4105358961847,27.3601736293342,27.234161600755,27.2038960613414,27.2038960613414,27.2038960613414,27.0877967231895,27.2240740631453
27.193805596602,27.4256398439229,27.4407416091366,27.4910650755359,27.309787068249,27.4155707879898,27.2997068377419,27.3299446101592,27.2997068377419,27.1685751630395,27.1433386236146,27.2694603047538,27.1635283437601,27.2745020022695,27.1635283437601,27.2240740631453,27.4004653847288,27.6720293663216,27.385357797423,27.5162177292145,27.4055007617757,27.385357797423,27.3803214494867,27.3803214494867,27.3047470746531,27.6117426966131,27.8727347639835,27.8877721929225,28.0079941248089,27.7473389366228,27.5011268629649,27.3652109487011,27.506157393667,27.7122012073196,27.385357797423,27.2946663574817,27.4709385956355,27.3954297650103,27.4055007617757,27.3954297650103,27.4206054372245,27.475970578825,27.5111876824057,27.4004653847288,27.506157393667,27.4105358961847,27.4155707879898,27.3702480251596,27.385357797423,27.3903939025862,27.5212475341273,27.3752848587436,27.385357797423,27.4407416091366,27.4860338187415,27.4407416091366,27.4357079298451,27.4105358961847,27.3148268185636,27.340021922105,27.3652109487011,27.3249055894848,27.3047470746531,27.3903939025862,27.3954297650103,27.4105358961847,27.2997068377419,27.4206054372245,27.4206054372245,27.6971385722891,27.6016915422711,27.5212475341273,27.3500982617396,27.3954297650103,27.6670068026902,27.6720293663216,27.6016915422711,27.7071805696107,27.6870956122065,27.5111876824057,27.6971385722891,27.5162177292145,27.7874819207868,27.5111876824057,27.6870956122065,27.5413643354891,27.4860338187415,27.3652109487011,27.4357079298451,27.3903939025862,27.4256398439229,27.3752848587436,27.4407416091366,27.5011268629649,27.4608739026253,27.5413643354891,27.5614772692013,27.3954297650103,27.3752848587436,27.2139855500982,27.4306740081185,27.2845846667777,27.4004653847288,27.2997068377419,27.2038960613414,27.3450602134443,27.6117426966131,27.6268176187712,27.6619839981682,27.7924987130493,28.3378970521235,27.8526815051994,27.6016915422711,27.6217928859212,27.7573761241401,27.6217928859212,27.5011268629649,27.5614772692013,27.6067172400882,27.6720293663216,27.5614772692013,27.4407416091366,27.5363354978248,27.7373007876777,27.8727347639835,27.8677218086608,27.6569609527223,27.6268176187712,27.5011268629649,27.4155707879898,27.6016915422711,27.6569609527223,27.6016915422711,27.6016915422711,27.4910650755359,27.4860338187415,27.6016915422711,27.651937666319,27.5815863374129,27.6016915422711,27.5715322863604,27.7222417610001,27.837639044803,27.8677218086608,27.8225944265762,27.8476675914376,27.8727347639835,27.6619839981682,27.6016915422711,27.6167679118797,27.6870956122065,27.8175790741614,27.9979808867536,27.7874819207868,27.9378813982687,28.0130003858666,28.0580460022081,27.7573761241401,27.6469141389248,27.6368663610303,27.6469141389248,27.8426534379831,27.8526815051994,27.8777474797793,27.7924987130493,27.8476675914376,27.892784190336,27.9078187463413,27.8025315774346,27.892784190336,27.6619839981682,27.6619839981682,27.7272616770383,27.5212475341273,27.8576951793018,27.6921172126096,27.5765594326333,27.4910650755359,27.5111876824057,27.5614772692013,27.6016915422711,27.7423199823454,27.7071805696107,27.6368663610303,27.6569609527223,27.7975152652541,27.6368663610303,27.5212475341273,27.5212475341273,27.551421285667,27.4457750460266,27.5665048985609,27.5866130007331,27.5212475341273,27.475970578825,27.385357797423,27.3652109487011,27.3752848587436,27.2997068377419,27.4608739026253,27.3702480251596,27.4457750460266,27.5866130007331,27.8777474797793,27.6670068026902,27.5212475341273,27.4659063702468,27.812563481855,27.7674123504958,27.8476675914376,27.7573761241401,27.7172216044382,27.7322813525865,27.6016915422711,27.6067172400882,27.6167679118797,27.5463929314253,27.6167679118797,27.6619839981682,27.6469141389248,27.5463929314253,27.4206054372245,27.3903939025862,27.4206054372245,27.2442481632001,27.4155707879898,27.355136067025,27.4558411927372,27.340021922105,27.4457750460266,27.3752848587436,27.340021922105,27.309787068249,27.2745020022695,27.2392050038562,27.2240740631453,27.2291179538628,27.2795434562661,27.1281937673691,27.0978974522403
27.5313064183988,27.4306740081185,27.5413643354891,27.5765594326333,27.3954297650103,27.5313064183988,27.4860338187415,27.3752848587436,27.2038960613414,27.2240740631453,27.2896256338382,27.1685751630395,27.1887599981537,27.1483864201735,27.2392050038562,27.2190299285684,27.385357797423,27.5111876824057,27.506157393667,27.4155707879898,27.3803214494867,27.355136067025,27.3047470746531,27.309787068249,27.3198663256309,27.3047470746531,27.4960960902657,27.6469141389248,27.8727347639835,27.7322813525865,27.631842110463,27.3652109487011,27.3903939025862,27.8025315774346,27.5262770971775,27.4508082405489,27.4055007617757,27.4457750460266,27.4055007617757,27.4256398439229,27.4206054372245,27.4055007617757,27.5212475341273,27.3652109487011,27.4004653847288,27.3752848587436,27.4004653847288,27.4206054372245,27.4357079298451,27.3500982617396,27.4407416091366,27.4558411927372,27.4457750460266,27.3702480251596,27.3752848587436,27.3954297650103,27.4960960902657,27.4457750460266,27.4457750460266,27.4206054372245,27.4155707879898,27.4407416091366,27.3198663256309,27.4105358961847,27.4457750460266,27.3500982617396,27.4206054372245,27.4055007617757,27.4508082405489,27.8075476496238,27.6971385722891,27.5111876824057,27.6469141389248,27.5363354978248,27.631842110463,27.6469141389248,27.9128297863749,28.063049878718,27.8677218086608,27.6469141389248,27.7172216044382,27.8777474797793,27.9378813982687,27.6619839981682,27.6469141389248,27.4860338187415,27.475970578825,27.4659063702468,27.4256398439229,27.4206054372245,27.4508082405489,27.385357797423,27.4155707879898,27.506157393667,27.3702480251596,27.4004653847288,27.4357079298451,27.4306740081185,27.5564493982478,27.4508082405489,27.3198663256309,27.2291179538628,27.3601736293342,27.2997068377419,27.2442481632001,27.3803214494867,27.7272616770383,27.6619839981682,27.6217928859212,27.5614772692013,28.0079941248089,27.9579183838364,27.6368663610303,27.7573761241401,27.777447615956,27.631842110463,27.6820737710463,27.6870956122065,27.6217928859212,27.6971385722891,27.5262770971775,27.5614772692013,27.6921172126096,27.6418903705064,27.7272616770383,27.7423199823454,27.6619839981682,27.5262770971775,27.5715322863604,27.5815863374129,27.4910650755359,27.6167679118797,27.5916394226271,27.7423199823454,27.5564493982478,27.5815863374129,27.5966656031286,27.7172216044382,27.6418903705064,27.5815863374129,27.5866130007331,27.6870956122065,27.8476675914376,27.8677218086608,27.7322813525865,27.7975152652541,27.8526815051994,27.6921172126096,27.6820737710463,27.7071805696107,27.7523576505433,27.777447615956,27.962927032733,27.9278614710339,27.9078187463413,27.8326244118639,28.0380281127715,27.8727347639835,27.8326244118639,27.7523576505433,27.651937666319,27.7924987130493,27.6670068026902,27.7573761241401,28.0130003858666,28.0130003858666,28.1280786023483,27.892784190336,27.7523576505433,27.8426534379831,27.7172216044382,27.6820737710463,27.7322813525865,27.7021596912783,27.7322813525865,27.4860338187415,27.4860338187415,27.6117426966131,27.5564493982478,27.5966656031286,27.6971385722891,27.6167679118797,27.6971385722891,27.6217928859212,27.6167679118797,27.7272616770383,27.7573761241401,27.5715322863604,27.4910650755359,27.5111876824057,27.4256398439229,27.4659063702468,27.4357079298451,27.4810023198492,27.385357797423,27.4608739026253,27.4256398439229,27.4709385956355,27.4407416091366,27.3652109487011,27.4105358961847,27.3652109487011,27.7071805696107,27.8476675914376,27.5866130007331,27.5313064183988,27.6368663610303,27.7724301033211,27.7473389366228,27.8476675914376,27.7473389366228,27.8276095391327,27.6117426966131,27.6117426966131,27.6016915422711,27.5564493982478,27.5966656031286,27.5564493982478,27.5262770971775,27.5111876824057,27.4256398439229,27.4508082405489,27.4004653847288,27.1837141556074,27.355136067025,27.4206054372245,27.340021922105,27.4457750460266,27.4508082405489,27.340021922105,27.3299446101592,27.4960960902657,27.3803214494867,27.3249055894848,27.2896256338382,27.2392050038562,27.3198663256309,27.1433386236146,27.2745020022695,27.178668068929
27.5866130007331,27.7373007876777,27.5866130007331,27.5564493982478,27.5413643354891,27.5363354978248,27.5715322863604,27.4910650755359,27.4256398439229,27.2694603047538,27.3601736293342,27.309787068249,27.2543337507527,27.340021922105,27.4105358961847,27.3601736293342,27.3601736293342,27.5111876824057,27.5212475341273,27.5212475341273,27.4357079298451,27.3803214494867,27.3903939025862,27.309787068249,27.3047470746531,27.475970578825,27.4608739026253,27.4357079298451,27.6217928859212,27.7021596912783,27.6268176187712,27.631842110463,27.3803214494867,27.7272616770383,27.7222417610001,27.6469141389248,27.4508082405489,27.4558411927372,27.4055007617757,27.340021922105,27.2190299285684,27.3752848587436,27.5212475341273,27.4004653847288,27.3601736293342,27.3148268185636,27.3299446101592,27.3652109487011,27.631842110463,27.4810023198492,27.5313064183988,27.4407416091366,27.4206054372245,27.4407416091366,27.4457750460266,27.5011268629649,27.4659063702468,27.4960960902657,27.4407416091366,27.4256398439229,27.3903939025862,27.4306740081185,27.3954297650103,27.4256398439229,27.4407416091366,27.4508082405489,27.4357079298451,27.3299446101592,27.4155707879898,27.5262770971775,27.8276095391327,27.7172216044382,27.8827599560813,27.7222417610001,27.7071805696107,27.631842110463,27.5815863374129,27.8677218086608,28.0530418873914,27.8276095391327,27.8025315774346,27.777447615956,27.8627086137778,27.7473389366228,27.6670068026902,27.6820737710463,27.5463929314253,27.5162177292145,27.4810023198492,27.4256398439229,27.5011268629649,27.4457750460266,27.4608739026253,27.4659063702468,27.4206054372245,27.3601736293342,27.385357797423,27.4709385956355,27.4810023198492,27.4860338187415,27.4306740081185,27.4608739026253,27.2896256338382,27.2038960613414,27.2845846667777,27.4256398439229,27.6770516890958,27.5413643354891,27.5162177292145,27.551421285667,27.8677218086608,28.1130755441568,27.6268176187712,27.5614772692013,27.6217928859212,27.6670068026902,27.6217928859212,27.6418903705064,27.6870956122065,27.6418903705064,27.6971385722891,27.7021596912783,27.7373007876777,27.5413643354891,27.5212475341273,27.6921172126096,27.5212475341273,27.5162177292145,27.5363354978248,27.5111876824057,27.5665048985609,27.551421285667,27.5614772692013,27.6117426966131,27.6167679118797,27.5866130007331,27.5212475341273,27.6368663610303,27.6770516890958,27.6268176187712,27.5363354978248,27.6117426966131,27.8276095391327,27.7423199823454,27.8677218086608,27.8877721929225,27.8175790741614,27.7021596912783,27.6870956122065,27.6720293663216,27.6971385722891,27.7874819207868,27.9979808867536,28.048037534235,27.9228511486881,27.7924987130493,27.8877721929225,27.8827599560813,27.6670068026902,27.837639044803,27.7623943574465,27.7924987130493,27.7674123504958,27.8225944265762,27.8526815051994,27.9028074670123,27.9028074670123,28.0079941248089,27.8677218086608,27.7573761241401,27.6720293663216,27.6770516890958,27.6820737710463,27.7272616770383,27.6820737710463,27.6418903705064,27.6619839981682,27.631842110463,27.4910650755359,27.5463929314253,27.6217928859212,27.6971385722891,27.7021596912783,27.7924987130493,27.6418903705064,27.6016915422711,27.5614772692013,27.5111876824057,27.5665048985609,27.4709385956355,27.5162177292145,27.4659063702468,27.506157393667,27.4256398439229,27.4508082405489,27.5715322863604,27.4860338187415,27.5011268629649,27.4508082405489,27.5111876824057,27.3954297650103,27.5866130007331,27.8576951793018,27.7573761241401,27.6217928859212,27.6217928859212,27.8877721929225,27.9078187463413,27.8977959483549,27.8326244118639,27.8175790741614,27.8326244118639,27.7373007876777,27.6067172400882,27.6067172400882,27.6368663610303,27.5564493982478,27.7071805696107,27.506157393667,27.385357797423,27.3148268185636,27.309787068249,27.4306740081185,27.3198663256309,27.4457750460266,27.4407416091366,27.4960960902657,27.4910650755359,27.4659063702468,27.5463929314253,27.4709385956355,27.3601736293342,27.4306740081185,27.385357797423,27.2845846667777,27.3450602134443,27.2845846667777,27.385357797423,27.2190299285684,27.1685751630395
27.6117426966131,27.7473389366228,27.7523576505433,27.4659063702468,27.5665048985609,27.6619839981682,27.6067172400882,27.5162177292145,27.5111876824057,27.2896256338382,27.3702480251596,27.3198663256309,27.5111876824057,27.4206054372245,27.4960960902657,27.506157393667,27.4860338187415,27.6469141389248,27.4457750460266,27.4508082405489,27.3903939025862,27.3803214494867,27.2946663574817,27.4055007617757,27.3450602134443,27.4709385956355,27.4256398439229,27.4357079298451,27.475970578825,27.6921172126096,27.6368663610303,27.7021596912783,27.5463929314253,27.5363354978248,27.5413643354891,27.8727347639835,27.5262770971775,27.4155707879898,27.3954297650103,27.3803214494867,27.4306740081185,27.3500982617396,27.3702480251596,27.3954297650103,27.4055007617757,27.3954297650103,27.3601736293342,27.4256398439229,27.5111876824057,27.4508082405489,27.385357797423,27.4206054372245,27.385357797423,27.4206054372245,27.4407416091366,27.4357079298451,27.4055007617757,27.4206054372245,27.3702480251596,27.4357079298451,27.4055007617757,27.4407416091366,27.4306740081185,27.4105358961847,27.4457750460266,27.4357079298451,27.4407416091366,27.3954297650103,27.4306740081185,27.4306740081185,27.8526815051994,28.0530418873914,28.2030618015135,28.0930681351701,27.8476675914376,27.5463929314253,27.5262770971775,27.631842110463,27.6268176187712,27.5916394226271,27.6016915422711,27.6217928859212,27.6067172400882,27.6870956122065,27.6469141389248,27.8075476496238,27.6720293663216,27.4860338187415,27.5011268629649,27.4810023198492,27.475970578825,27.4407416091366,27.4457750460266,27.3601736293342,27.3601736293342,27.4055007617757,27.4105358961847,27.4860338187415,27.4206054372245,27.4306740081185,27.2543337507527,27.2291179538628,27.2089409277006,27.2240740631453,27.2240740631453,27.6418903705064,27.5111876824057,27.5363354978248,27.5313064183988,27.5262770971775,27.9729436137625,27.9729436137625,27.5866130007331,27.4055007617757,27.5564493982478,27.6167679118797,27.5162177292145,27.5313064183988,27.5463929314253,27.6670068026902,27.5866130007331,27.5463929314253,27.5665048985609,27.4256398439229,27.551421285667,27.5765594326333,27.6971385722891,27.6619839981682,27.5363354978248,27.5614772692013,27.6217928859212,27.5916394226271,27.5111876824057,27.6167679118797,27.551421285667,27.5765594326333,27.5665048985609,27.5313064183988,27.5111876824057,27.7172216044382,27.5866130007331,27.6619839981682,27.7373007876777,27.7222417610001,27.8025315774346,27.8476675914376,27.8025315774346,27.6820737710463,27.7623943574465,27.8175790741614,27.7674123504958,27.9278614710339,27.777447615956,28.0230121922066,28.1880694376433,27.9128297863749,27.8977959483549,27.8677218086608,27.7724301033211,27.7172216044382,27.8326244118639,27.8225944265762,27.892784190336,27.8326244118639,27.812563481855,27.777447615956,28.0930681351701,27.8677218086608,27.9128297863749,27.892784190336,27.7423199823454,27.7824648884334,27.7423199823454,27.7523576505433,27.6569609527223,27.3702480251596,27.7222417610001,27.6217928859212,27.5413643354891,27.6268176187712,27.5463929314253,27.4508082405489,27.6569609527223,27.7824648884334,27.7021596912783,27.6217928859212,27.6016915422711,27.4457750460266,27.4508082405489,27.4407416091366,27.5262770971775,27.5765594326333,27.5665048985609,27.4055007617757,27.4709385956355,27.506157393667,27.4357079298451,27.4910650755359,27.5313064183988,27.5313064183988,27.5162177292145,27.5715322863604,27.9879666938923,27.8476675914376,27.8225944265762,27.8225944265762,28.1230778208426,27.9428910032239,27.9579183838364,27.8526815051994,27.6770516890958,27.5966656031286,27.6971385722891,27.7172216044382,27.5765594326333,27.651937666319,27.651937666319,27.5765594326333,27.5111876824057,27.4659063702468,27.4659063702468,27.3148268185636,27.3903939025862,27.3249055894848,27.4608739026253,27.4508082405489,27.4709385956355,27.4659063702468,27.4457750460266,27.4860338187415,27.4256398439229,27.4558411927372,27.3954297650103,27.3954297650103,27.2543337507527,27.3752848587436,27.2240740631453,27.3903939025862,27.1635283437601,27.1736217380844
27.5564493982478,27.5614772692013,27.6016915422711,27.4659063702468,27.5262770971775,27.6619839981682,27.5866130007331,27.4910650755359,27.3803214494867,27.3803214494867,27.2795434562661,27.2745020022695,27.2997068377419,27.5162177292145,27.3702480251596,27.5011268629649,27.5966656031286,27.340021922105,27.5614772692013,27.506157393667,27.4960960902657,27.3349833876879,27.3601736293342,27.2997068377419,27.3148268185636,27.3450602134443,27.3349833876879,27.3601736293342,27.355136067025,27.3702480251596,27.631842110463,27.6569609527223,27.8877721929225,27.892784190336,27.7172216044382,27.7272616770383,27.7573761241401,27.4558411927372,27.5313064183988,27.4155707879898,27.4256398439229,27.4306740081185,27.4306740081185,27.5363354978248,27.4055007617757,27.506157393667,27.3601736293342,27.3954297650103,27.5413643354891,27.5313064183988,27.4055007617757,27.4155707879898,27.3752848587436,27.475970578825,27.4659063702468,27.3954297650103,27.3652109487011,27.3500982617396,27.3954297650103,27.4004653847288,27.5162177292145,27.4457750460266,27.4357079298451,27.2896256338382,27.4407416091366,27.3954297650103,27.3954297650103,27.4206054372245,27.4206054372245,27.5363354978248,27.8326244118639,28.1230778208426,28.1030723156867,27.9428910032239,27.7021596912783,27.6016915422711,27.4860338187415,27.6418903705064,27.4810023198492,27.4206054372245,27.6016915422711,27.6921172126096,27.6117426966131,27.6569609527223,27.6067172400882,27.837639044803,27.5966656031286,27.4659063702468,27.506157393667,27.4608739026253,27.475970578825,27.5011268629649,27.5262770971775,27.3601736293342,27.5011268629649,27.5262770971775,27.5011268629649,27.5313064183988,27.4155707879898,27.3752848587436,27.4256398439229,27.2492910788209,27.1887599981537,27.1584812802121,27.2240740631453,27.5262770971775,27.4256398439229,27.5313064183988,27.5212475341273,27.5463929314253,28.0079941248089,27.812563481855,27.551421285667,27.5614772692013,27.6268176187712,27.6368663610303,27.5162177292145,27.5765594326333,27.5262770971775,27.5463929314253,27.6921172126096,27.5413643354891,27.5916394226271,27.551421285667,27.6217928859212,27.6117426966131,27.7623943574465,27.7272616770383,27.5564493982478,27.5665048985609,27.5363354978248,27.5614772692013,27.5313064183988,27.5463929314253,27.6268176187712,27.6117426966131,27.5815863374129,27.6016915422711,27.5866130007331,27.5866130007331,27.6117426966131,27.5715322863604,27.6268176187712,27.6770516890958,27.837639044803,27.9929739096901,28.0029876251156,27.7573761241401,27.6820737710463,27.7573761241401,27.7674123504958,27.9378813982687,27.7975152652541,27.8075476496238,28.048037534235,28.1780733411736,27.8727347639835,27.7623943574465,28.0280177375547,27.9178405871461,27.7623943574465,27.892784190336,27.8326244118639,27.8476675914376,27.9378813982687,27.892784190336,27.9328715542163,27.9128297863749,27.812563481855,27.7523576505433,27.8225944265762,27.9128297863749,27.8225944265762,27.6971385722891,27.6820737710463,27.651937666319,27.4910650755359,27.551421285667,27.551421285667,27.5111876824057,27.5715322863604,27.6217928859212,27.6569609527223,27.6469141389248,27.7924987130493,27.7573761241401,27.6619839981682,27.5765594326333,27.6820737710463,27.6418903705064,27.5162177292145,27.5212475341273,27.5162177292145,27.5614772692013,27.5011268629649,27.4256398439229,27.4457750460266,27.4709385956355,27.4407416091366,27.5212475341273,27.4508082405489,27.6971385722891,28.228044327915,28.258015532538,28.1130755441568,27.9779515459613,27.8977959483549,28.0130003858666,27.8777474797793,27.8526815051994,27.6971385722891,27.5916394226271,27.5966656031286,27.6619839981682,27.6770516890958,27.7122012073196,27.5564493982478,27.475970578825,27.4558411927372,27.4508082405489,27.4709385956355,27.3299446101592,27.3299446101592,27.4558411927372,27.4608739026253,27.4659063702468,27.4659063702468,27.5966656031286,27.4960960902657,27.4357079298451,27.4155707879898,27.3752848587436,27.355136067025,27.4004653847288,27.2896256338382,27.3249055894848,27.309787068249,27.309787068249,27.2593761790295,27.1988509509866
27.4055007617757,27.4860338187415,27.5463929314253,27.5665048985609,27.5715322863604,27.6619839981682,27.5614772692013,27.4810023198492,27.475970578825,27.4659063702468,27.3450602134443,27.4608739026253,27.5011268629649,27.2845846667777,27.3652109487011,27.3702480251596,27.4004653847288,27.3752848587436,27.4558411927372,27.475970578825,27.5313064183988,27.3299446101592,27.3601736293342,27.3652109487011,27.340021922105,27.4004653847288,27.3500982617396,27.355136067025,27.3652109487011,27.3803214494867,27.4810023198492,27.9178405871461,27.9128297863749,27.9178405871461,27.7222417610001,27.5564493982478,27.8476675914376,27.5966656031286,27.7272616770383,27.7674123504958,27.7874819207868,27.8025315774346,27.7924987130493,27.7373007876777,27.4709385956355,27.4608739026253,27.5262770971775,27.5162177292145,27.5866130007331,27.4608739026253,27.4659063702468,27.4155707879898,27.4155707879898,27.2291179538628,27.3349833876879,27.3450602134443,27.4055007617757,27.4659063702468,27.3752848587436,27.309787068249,27.4256398439229,27.4608739026253,27.3702480251596,27.4206054372245,27.3500982617396,27.4357079298451,27.4055007617757,27.3903939025862,27.4105358961847,27.7021596912783,27.8426534379831,27.9028074670123,27.7724301033211,27.7674123504958,27.7322813525865,27.5815863374129,27.5564493982478,27.5966656031286,27.5866130007331,27.4256398439229,27.4155707879898,27.7071805696107,27.5815863374129,27.5966656031286,27.4860338187415,27.6418903705064,27.5262770971775,27.4709385956355,27.5011268629649,27.4659063702468,27.506157393667,27.5614772692013,27.5212475341273,27.3450602134443,27.4508082405489,27.506157393667,27.4055007617757,27.5212475341273,27.4608739026253,27.3299446101592,27.3299446101592,27.3349833876879,27.3752848587436,27.2190299285684,27.1988509509866,27.4055007617757,27.2896256338382,27.2795434562661,27.4206054372245,27.6418903705064,27.8075476496238,27.8025315774346,27.4910650755359,27.5111876824057,27.6368663610303,27.6971385722891,27.6117426966131,27.4960960902657,27.5313064183988,27.5212475341273,27.5614772692013,27.5413643354891,27.5866130007331,27.4508082405489,27.5212475341273,27.6016915422711,27.7021596912783,27.5665048985609,27.5564493982478,27.5564493982478,27.7623943574465,27.6469141389248,27.5262770971775,27.6368663610303,27.5966656031286,27.6619839981682,27.6670068026902,27.5815863374129,27.7021596912783,27.5866130007331,27.5765594326333,27.5715322863604,27.5966656031286,27.5916394226271,27.9178405871461,27.777447615956,27.9929739096901,27.6870956122065,27.6720293663216,27.5966656031286,27.7222417610001,27.7824648884334,27.777447615956,27.6067172400882,27.9378813982687,27.8526815051994,27.8627086137778,27.777447615956,27.9028074670123,28.0780600787342,28.0980703444506,28.0980703444506,28.2080587813783,28.1030723156867,28.1180768014564,28.1180768014564,28.0130003858666,28.043032942706,28.0530418873914,27.9228511486881,28.0130003858666,27.9679354426974,27.9228511486881,27.6770516890958,27.7473389366228,27.631842110463,27.6217928859212,27.5111876824057,27.5765594326333,27.5564493982478,27.6469141389248,27.551421285667,27.6067172400882,27.6418903705064,27.6418903705064,27.7071805696107,27.6418903705064,27.6870956122065,27.551421285667,27.4860338187415,27.5715322863604,27.5413643354891,27.5162177292145,27.5111876824057,27.506157393667,27.4960960902657,27.4558411927372,27.4457750460266,27.3954297650103,27.4306740081185,27.5413643354891,27.6720293663216,27.8526815051994,27.982959239327,27.8276095391327,27.8576951793018,27.7924987130493,27.8075476496238,27.8025315774346,27.9529094959747,27.8276095391327,27.777447615956,27.6368663610303,27.7322813525865,27.7674123504958,27.6469141389248,27.5262770971775,27.4709385956355,27.4407416091366,27.3450602134443,27.4407416091366,27.3249055894848,27.4155707879898,27.4860338187415,27.475970578825,27.3954297650103,27.4457750460266,27.5162177292145,27.4357079298451,27.4306740081185,27.4457750460266,27.340021922105,27.3500982617396,27.2845846667777,27.3299446101592,27.2392050038562,27.2492910788209,27.3148268185636,27.1635283437601,27.178668068929
27.5463929314253,27.5363354978248,27.6268176187712,27.6117426966131,27.5715322863604,27.4910650755359,27.4155707879898,27.4960960902657,27.5413643354891,27.4659063702468,27.3198663256309,27.355136067025,27.4055007617757,27.3903939025862,27.2392050038562,27.4407416091366,27.3803214494867,27.475970578825,27.4357079298451,27.340021922105,27.4155707879898,27.4155707879898,27.5413643354891,27.4206054372245,27.3702480251596,27.2240740631453,27.3450602134443,27.3500982617396,27.385357797423,27.3450602134443,27.6217928859212,27.7322813525865,27.7122012073196,27.8777474797793,27.6820737710463,27.5614772692013,27.6418903705064,27.9779515459613,27.7623943574465,27.7071805696107,27.6368663610303,27.4407416091366,27.5614772692013,27.651937666319,27.6167679118797,27.6418903705064,27.6117426966131,27.6117426966131,27.5614772692013,27.5916394226271,27.4407416091366,27.4457750460266,27.475970578825,27.4608739026253,27.4357079298451,27.551421285667,27.475970578825,27.4256398439229,27.4910650755359,27.5011268629649,27.475970578825,27.5363354978248,27.3652109487011,27.4256398439229,27.4256398439229,27.4004653847288,27.3954297650103,27.4105358961847,27.4155707879898,27.4206054372245,27.5111876824057,27.7222417610001,27.9178405871461,27.7975152652541,27.6820737710463,27.5262770971775,27.5313064183988,27.6117426966131,27.5011268629649,27.5111876824057,27.5363354978248,27.7573761241401,27.7172216044382,27.6720293663216,27.6217928859212,27.6016915422711,27.4810023198492,27.4155707879898,27.4105358961847,27.5162177292145,27.4960960902657,27.5011268629649,27.5212475341273,27.4960960902657,27.4155707879898,27.5212475341273,27.5111876824057,27.6368663610303,27.4659063702468,27.3652109487011,27.355136067025,27.4306740081185,27.3349833876879,27.3047470746531,27.2240740631453,27.2946663574817,27.2795434562661,27.1837141556074,27.2997068377419,27.3954297650103,27.6268176187712,27.9779515459613,27.7122012073196,27.7272616770383,27.6770516890958,27.7272616770383,27.6921172126096,27.6016915422711,27.5614772692013,27.5111876824057,27.5413643354891,27.5715322863604,27.5815863374129,27.506157393667,27.5463929314253,27.6167679118797,27.631842110463,27.6217928859212,27.5413643354891,27.5765594326333,27.5815863374129,27.5916394226271,27.6469141389248,27.6067172400882,27.651937666319,27.5715322863604,27.6117426966131,27.475970578825,27.5966656031286,27.551421285667,27.5715322863604,27.4960960902657,27.5011268629649,27.5765594326333,27.9779515459613,27.8827599560813,27.9579183838364,27.8426534379831,27.631842110463,27.6720293663216,27.551421285667,27.7874819207868,27.631842110463,27.5866130007331,27.8827599560813,27.812563481855,27.9979808867536,27.9929739096901,27.8977959483549,28.0980703444506,27.8827599560813,27.892784190336,28.0130003858666,28.0980703444506,28.2080587813783,28.327915175609,28.218052029166,28.218052029166,27.9879666938923,27.9479003691149,28.0280177375547,27.9128297863749,27.9078187463413,27.7724301033211,27.7523576505433,27.7021596912783,27.6770516890958,27.6016915422711,27.5413643354891,27.5765594326333,27.5111876824057,27.5614772692013,27.5413643354891,27.6368663610303,27.6268176187712,27.6067172400882,27.6770516890958,27.6469141389248,27.5313064183988,27.5966656031286,27.551421285667,27.5463929314253,27.475970578825,27.475970578825,27.5212475341273,27.475970578825,27.4709385956355,27.3954297650103,27.3903939025862,27.551421285667,27.5564493982478,27.551421285667,27.837639044803,27.962927032733,27.8526815051994,27.6971385722891,27.5665048985609,27.5262770971775,27.5564493982478,27.7122012073196,27.7975152652541,27.7322813525865,27.8526815051994,27.651937666319,27.7674123504958,27.6770516890958,27.5111876824057,27.4457750460266,27.4055007617757,27.3047470746531,27.3349833876879,27.3148268185636,27.2946663574817,27.3299446101592,27.4810023198492,27.475970578825,27.4508082405489,27.4457750460266,27.4055007617757,27.385357797423,27.4457750460266,27.4105358961847,27.4155707879898,27.3450602134443,27.355136067025,27.3047470746531,27.2392050038562,27.2795434562661,27.178668068929,27.309787068249
27.5665048985609,27.6217928859212,27.6720293663216,27.7824648884334,27.5262770971775,27.4357079298451,27.4709385956355,27.3752848587436,27.4860338187415,27.5111876824057,27.4709385956355,27.355136067025,27.385357797423,27.3954297650103,27.178668068929,27.3803214494867,27.3299446101592,27.4055007617757,27.355136067025,27.3299446101592,27.4457750460266,27.3652109487011,27.4155707879898,27.4105358961847,27.3249055894848,27.3249055894848,27.340021922105,27.3652109487011,27.3702480251596,27.4206054372245,27.4810023198492,27.5363354978248,27.7021596912783,27.6117426966131,27.7222417610001,27.5815863374129,27.5262770971775,27.6870956122065,27.6268176187712,27.5715322863604,27.6619839981682,27.651937666319,27.6368663610303,27.5815863374129,27.651937666319,27.6117426966131,27.6217928859212,27.5313064183988,27.5614772692013,27.475970578825,27.4206054372245,27.4860338187415,27.4155707879898,27.3954297650103,27.4055007617757,27.3954297650103,27.475970578825,27.4004653847288,27.4206054372245,27.4508082405489,27.4709385956355,27.4256398439229,27.5363354978248,27.4810023198492,27.4004653847288,27.4155707879898,27.4105358961847,27.5765594326333,27.5765594326333,27.5011268629649,27.4206054372245,27.6117426966131,27.9679354426974,27.6720293663216,27.5765594326333,27.5011268629649,27.4709385956355,27.4558411927372,27.6268176187712,27.5162177292145,27.4960960902657,27.5866130007331,28.0530418873914,27.7122012073196,27.4960960902657,27.4407416091366,27.4457750460266,27.4508082405489,27.4004653847288,27.4306740081185,27.6117426966131,27.5966656031286,27.4960960902657,27.5011268629649,27.3047470746531,27.5564493982478,27.475970578825,27.4407416091366,27.4155707879898,27.2492910788209,27.4810023198492,27.5313064183988,27.3601736293342,27.2139855500982,27.1332422972466,27.178668068929,27.3652109487011,27.193805596602,27.3047470746531,27.551421285667,27.6770516890958,28.048037534235,27.8627086137778,27.7071805696107,27.7172216044382,27.7021596912783,27.6720293663216,27.7071805696107,27.5212475341273,27.5866130007331,27.5212475341273,27.5765594326333,27.506157393667,27.551421285667,27.5665048985609,27.5363354978248,27.6016915422711,27.6268176187712,27.6167679118797,27.7874819207868,27.8576951793018,27.8476675914376,27.8727347639835,27.8526815051994,27.6670068026902,27.6217928859212,27.5866130007331,27.5815863374129,27.5715322863604,27.5212475341273,27.5614772692013,27.5614772692013,27.5815863374129,27.6569609527223,27.9879666938923,27.9328715542163,27.8225944265762,27.7724301033211,27.6569609527223,27.6820737710463,27.6067172400882,27.5815863374129,27.6067172400882,27.5916394226271,27.8576951793018,27.7021596912783,27.7523576505433,27.7975152652541,27.9729436137625,28.1580782977234,28.0530418873914,27.9779515459613,27.9028074670123,27.982959239327,27.962927032733,27.982959239327,27.962927032733,28.0330230443987,27.9178405871461,28.0580460022081,28.0330230443987,27.9228511486881,27.7724301033211,27.7373007876777,27.7322813525865,27.777447615956,27.6619839981682,27.6217928859212,27.5011268629649,27.5665048985609,27.5363354978248,27.551421285667,27.5614772692013,27.5162177292145,27.5463929314253,27.5262770971775,27.6067172400882,27.6167679118797,27.5111876824057,27.5765594326333,27.4055007617757,27.4306740081185,27.5011268629649,27.6670068026902,27.4910650755359,27.5413643354891,27.4810023198492,27.4206054372245,27.4407416091366,27.551421285667,27.5916394226271,27.7021596912783,27.6167679118797,27.7071805696107,27.8426534379831,27.8175790741614,27.5162177292145,27.5665048985609,27.5262770971775,27.5815863374129,27.6167679118797,27.6770516890958,27.8075476496238,27.8175790741614,27.7272616770383,27.6418903705064,27.6016915422711,27.4155707879898,27.4155707879898,27.4004653847288,27.4004653847288,27.2997068377419,27.3752848587436,27.3249055894848,27.4558411927372,27.4960960902657,27.5765594326333,27.4457750460266,27.4457750460266,27.4960960902657,27.5011268629649,27.475970578825,27.4306740081185,27.3652109487011,27.3601736293342,27.3903939025862,27.3148268185636,27.3349833876879,27.2593761790295,27.2492910788209
27.5614772692013,27.5413643354891,27.6117426966131,27.8276095391327,27.6921172126096,27.6117426966131,27.5463929314253,27.5363354978248,27.6117426966131,27.6670068026902,27.5162177292145,27.4407416091366,27.3752848587436,27.2139855500982,27.4055007617757,27.385357797423,27.4155707879898,27.4608739026253,27.3249055894848,27.4004653847288,27.3903939025862,27.3803214494867,27.4055007617757,27.3803214494867,27.4910650755359,27.3954297650103,27.3148268185636,27.234161600755,27.3450602134443,27.4206054372245,27.4960960902657,27.651937666319,27.4306740081185,27.5916394226271,27.5815863374129,27.6217928859212,27.5011268629649,27.5011268629649,27.5866130007331,27.6268176187712,27.6117426966131,27.6016915422711,27.5262770971775,27.5413643354891,27.7423199823454,27.6167679118797,27.7623943574465,27.7272616770383,27.6469141389248,27.5715322863604,27.4155707879898,27.4105358961847,27.4608739026253,27.4357079298451,27.3903939025862,27.3500982617396,27.385357797423,27.4055007617757,27.3450602134443,27.4407416091366,27.4206054372245,27.3652109487011,27.4659063702468,27.3500982617396,27.4306740081185,27.475970578825,27.4155707879898,27.7623943574465,27.8025315774346,27.4206054372245,27.4256398439229,27.5011268629649,27.812563481855,27.7523576505433,27.5815863374129,27.4306740081185,27.4810023198492,27.5363354978248,27.5212475341273,27.5111876824057,27.5011268629649,27.8225944265762,28.2480260793404,27.8175790741614,27.7172216044382,27.6720293663216,27.4659063702468,27.4659063702468,27.4407416091366,27.3299446101592,27.4910650755359,27.4709385956355,27.4608739026253,27.4256398439229,27.4055007617757,27.506157393667,27.506157393667,27.4508082405489,27.4256398439229,27.385357797423,27.6067172400882,27.3702480251596,27.3752848587436,27.2644183636851,27.3450602134443,27.2896256338382,27.2644183636851,27.193805596602,27.309787068249,27.340021922105,27.5262770971775,28.2130555239183,27.9428910032239,27.7623943574465,27.9278614710339,27.8777474797793,27.6167679118797,27.5614772692013,27.551421285667,27.4709385956355,27.4960960902657,27.5564493982478,27.5715322863604,27.5262770971775,27.4810023198492,27.5665048985609,27.7573761241401,27.6067172400882,27.5363354978248,27.5866130007331,27.7975152652541,27.8576951793018,27.8075476496238,27.8426534379831,27.631842110463,27.5916394226271,27.5262770971775,27.5916394226271,27.5665048985609,27.551421285667,27.551421285667,27.475970578825,27.551421285667,27.551421285667,27.9428910032239,27.8326244118639,27.6820737710463,27.8075476496238,27.6921172126096,27.6016915422711,27.6016915422711,27.5665048985609,27.5966656031286,27.6770516890958,27.7724301033211,27.8677218086608,27.7674123504958,27.9879666938923,28.0680535169536,28.1380794518489,28.048037534235,27.9529094959747,27.892784190336,27.9328715542163,27.7573761241401,27.7423199823454,27.7975152652541,27.7724301033211,27.777447615956,27.7975152652541,28.0680535169536,27.9278614710339,27.8827599560813,27.962927032733,27.7523576505433,27.7071805696107,27.651937666319,27.5815863374129,27.6167679118797,27.5313064183988,27.5463929314253,27.5413643354891,27.5866130007331,27.5665048985609,27.5966656031286,27.6117426966131,27.5916394226271,27.551421285667,27.5564493982478,27.551421285667,27.3954297650103,27.4105358961847,27.4357079298451,27.6418903705064,27.5463929314253,27.506157393667,27.4457750460266,27.4105358961847,27.4508082405489,27.6469141389248,27.6921172126096,27.7172216044382,27.7021596912783,27.837639044803,27.7523576505433,27.6469141389248,27.6569609527223,27.5212475341273,27.5715322863604,27.5011268629649,27.6619839981682,27.6368663610303,27.7975152652541,27.6870956122065,27.7222417610001,27.6167679118797,27.5815863374129,27.3903939025862,27.4105358961847,27.3349833876879,27.3601736293342,27.2896256338382,27.3349833876879,27.3803214494867,27.3752848587436,27.4810023198492,27.4709385956355,27.4105358961847,27.4608739026253,27.3903939025862,27.4105358961847,27.4357079298451,27.3349833876879,27.3803214494867,27.1837141556074,27.3601736293342,27.2593761790295,27.309787068249,27.2997068377419,27.193805596602
27.6569609527223,27.7724301033211,27.4960960902657,27.5313064183988,27.4558411927372,27.5363354978248,27.506157393667,27.6016915422711,27.5966656031286,27.6368663610303,27.6921172126096,27.6720293663216,27.4407416091366,27.6016915422711,27.5665048985609,27.3903939025862,27.3702480251596,27.340021922105,27.340021922105,27.475970578825,27.4457750460266,27.3903939025862,27.4508082405489,27.3299446101592,27.2442481632001,27.385357797423,27.2492910788209,27.3652109487011,27.3702480251596,27.4457750460266,27.3752848587436,27.651937666319,27.5011268629649,27.5262770971775,27.6469141389248,27.7423199823454,27.6770516890958,27.5262770971775,27.475970578825,27.4608739026253,27.6117426966131,27.7172216044382,27.8326244118639,27.8276095391327,27.7122012073196,27.7824648884334,27.6268176187712,27.6117426966131,27.4306740081185,27.4407416091366,27.4457750460266,27.5262770971775,27.4960960902657,27.3601736293342,27.4508082405489,27.3903939025862,27.3349833876879,27.3702480251596,27.3752848587436,27.3601736293342,27.3803214494867,27.4004653847288,27.475970578825,27.4357079298451,27.4155707879898,27.4508082405489,27.4608739026253,27.5011268629649,27.475970578825,27.4960960902657,27.5111876824057,27.4659063702468,27.837639044803,27.7071805696107,27.5665048985609,27.5363354978248,27.631842110463,27.5413643354891,27.5111876824057,27.7122012073196,27.6921172126096,27.9579183838364,28.0330230443987,27.9679354426974,27.7623943574465,27.5866130007331,27.5313064183988,27.4860338187415,27.4810023198492,27.6117426966131,27.4709385956355,27.4608739026253,27.5111876824057,27.4155707879898,27.4709385956355,27.5212475341273,27.5212475341273,27.4357079298451,27.2795434562661,27.2997068377419,27.5966656031286,27.3702480251596,27.385357797423,27.3500982617396,27.2392050038562,27.3148268185636,27.193805596602,27.2089409277006,27.309787068249,27.5463929314253,27.7674123504958,28.14807935022,28.0530418873914,27.7975152652541,27.9028074670123,27.8627086137778,27.7523576505433,27.6921172126096,27.4206054372245,27.4910650755359,27.4810023198492,27.5313064183988,27.5111876824057,27.551421285667,27.4910650755359,27.4860338187415,27.5815863374129,27.5614772692013,27.6217928859212,27.4810023198492,27.6167679118797,27.6670068026902,27.6770516890958,27.6770516890958,27.6670068026902,27.5262770971775,27.6016915422711,27.5815863374129,27.5966656031286,27.5866130007331,27.5212475341273,27.5665048985609,27.5665048985609,27.5614772692013,27.8526815051994,27.8025315774346,27.6619839981682,27.6720293663216,27.6217928859212,27.6067172400882,27.6016915422711,27.5313064183988,27.5564493982478,27.7674123504958,27.7674123504958,27.777447615956,27.7071805696107,27.837639044803,28.2929711549704,28.2929711549704,27.9128297863749,27.9278614710339,27.9128297863749,27.8827599560813,27.777447615956,27.7373007876777,27.7222417610001,27.6720293663216,27.7272616770383,27.8677218086608,28.0880656878123,28.0980703444506,27.9529094959747,27.8627086137778,27.6820737710463,27.6619839981682,27.6619839981682,27.5665048985609,27.651937666319,27.5815863374129,27.5463929314253,27.5463929314253,27.5715322863604,27.6720293663216,27.6870956122065,27.5162177292145,27.5815863374129,27.5916394226271,27.5866130007331,27.4206054372245,27.5262770971775,27.3954297650103,27.506157393667,27.5212475341273,27.5011268629649,27.4155707879898,27.4155707879898,27.4004653847288,27.4960960902657,27.6720293663216,27.8276095391327,27.9078187463413,27.8075476496238,27.777447615956,27.8175790741614,27.7573761241401,27.8777474797793,27.6670068026902,27.5313064183988,27.4709385956355,27.5866130007331,27.7523576505433,27.6720293663216,27.6921172126096,27.7272616770383,27.6268176187712,27.5765594326333,27.4206054372245,27.5614772692013,27.3198663256309,27.340021922105,27.2745020022695,27.2896256338382,27.2795434562661,27.4810023198492,27.3903939025862,27.4810023198492,27.4810023198492,27.4659063702468,27.4910650755359,27.5413643354891,27.3752848587436,27.3903939025862,27.340021922105,27.4206054372245,27.3198663256309,27.2896256338382,27.1837141556074,27.3601736293342,27.2442481632001
27.3903939025862,27.6670068026902,27.3349833876879,27.2946663574817,27.3500982617396,27.309787068249,27.3249055894848,27.4105358961847,27.3601736293342,27.5162177292145,27.6117426966131,27.4357079298451,27.5413643354891,27.7272616770383,27.7473389366228,27.5916394226271,27.3954297650103,27.385357797423,27.3349833876879,27.3702480251596,27.4709385956355,27.4055007617757,27.4004653847288,27.4055007617757,27.3198663256309,27.4055007617757,27.4155707879898,27.3752848587436,27.475970578825,27.5413643354891,27.6619839981682,27.8175790741614,27.6569609527223,27.651937666319,27.7874819207868,27.7924987130493,27.9779515459613,27.7523576505433,27.6469141389248,27.5665048985609,27.6268176187712,27.8977959483549,27.812563481855,27.7071805696107,27.7322813525865,27.5765594326333,27.6067172400882,27.4256398439229,27.5363354978248,27.4256398439229,27.4709385956355,27.6117426966131,27.5413643354891,27.4709385956355,27.4709385956355,27.3450602134443,27.4608739026253,27.4558411927372,27.4206054372245,27.3601736293342,27.3903939025862,27.3752848587436,27.4357079298451,27.5212475341273,27.5966656031286,27.3299446101592,27.4206054372245,27.4508082405489,27.4709385956355,27.4659063702468,27.475970578825,27.4608739026253,27.6016915422711,27.5916394226271,27.5212475341273,27.5765594326333,27.5866130007331,27.5866130007331,27.6569609527223,27.6670068026902,27.6921172126096,27.5665048985609,27.6720293663216,27.7122012073196,27.5614772692013,27.5363354978248,27.5212475341273,27.4256398439229,27.4709385956355,27.4457750460266,27.4659063702468,27.475970578825,27.4357079298451,27.4659063702468,27.5111876824057,27.4910650755359,27.4508082405489,27.4407416091366,27.4306740081185,27.3652109487011,27.3652109487011,27.3299446101592,27.3047470746531,27.3450602134443,27.3601736293342,27.309787068249,27.2492910788209,27.2997068377419,27.4608739026253,27.6820737710463,27.551421285667,27.9028074670123,27.8727347639835,27.8025315774346,27.6067172400882,27.6770516890958,27.7172216044382,27.5916394226271,27.506157393667,27.5262770971775,27.5212475341273,27.5212475341273,27.4910650755359,27.5313064183988,27.4810023198492,27.4810023198492,27.5313064183988,27.506157393667,27.5363354978248,27.5866130007331,27.6067172400882,27.6016915422711,27.6167679118797,27.6770516890958,27.6770516890958,27.6016915422711,27.5866130007331,27.5262770971775,27.5413643354891,27.506157393667,27.5665048985609,27.5715322863604,27.5413643354891,27.6820737710463,27.777447615956,27.8025315774346,27.6770516890958,27.5011268629649,27.5363354978248,27.651937666319,27.5162177292145,27.5413643354891,27.5313064183988,27.6619839981682,27.5463929314253,27.6469141389248,27.7874819207868,27.8977959483549,27.9278614710339,28.0680535169536,27.9078187463413,27.8075476496238,27.7172216044382,27.7623943574465,27.6921172126096,27.6569609527223,27.6217928859212,27.7322813525865,27.7674123504958,27.9729436137625,27.9879666938923,28.0930681351701,27.9779515459613,27.6971385722891,27.6921172126096,27.6670068026902,27.6067172400882,27.5815863374129,27.5715322863604,27.5463929314253,27.4910650755359,27.4256398439229,27.4810023198492,27.5463929314253,27.5815863374129,27.651937666319,27.5212475341273,27.5715322863604,27.4860338187415,27.4457750460266,27.4860338187415,27.4357079298451,27.4155707879898,27.4407416091366,27.4457750460266,27.5111876824057,27.4306740081185,27.4810023198492,27.4306740081185,27.6418903705064,27.7674123504958,27.812563481855,27.9028074670123,27.9078187463413,27.8877721929225,27.7924987130493,27.9278614710339,27.8827599560813,27.6418903705064,27.4960960902657,27.6569609527223,27.7272616770383,27.651937666319,27.7122012073196,27.8977959483549,27.6016915422711,27.631842110463,27.551421285667,27.5413643354891,27.3148268185636,27.355136067025,27.3601736293342,27.3652109487011,27.3803214494867,27.3903939025862,27.5413643354891,27.6067172400882,27.4860338187415,27.5313064183988,27.5011268629649,27.3752848587436,27.4407416091366,27.5313064183988,27.385357797423,27.4206054372245,27.2896256338382,27.3047470746531,27.3500982617396,27.2543337507527,27.2139855500982
27.475970578825,27.5614772692013,27.3148268185636,27.3047470746531,27.309787068249,27.2997068377419,27.2997068377419,27.3954297650103,27.385357797423,27.3803214494867,27.4004653847288,27.309787068249,27.4155707879898,27.4407416091366,27.4810023198492,27.5765594326333,27.6067172400882,27.5313064183988,27.340021922105,27.385357797423,27.4256398439229,27.4709385956355,27.3903939025862,27.3299446101592,27.3954297650103,27.5363354978248,27.3803214494867,27.3601736293342,27.5463929314253,27.6569609527223,27.5363354978248,27.506157393667,27.4860338187415,27.3752848587436,27.6368663610303,27.7623943574465,27.982959239327,27.7523576505433,27.4960960902657,27.6217928859212,27.7021596912783,27.6117426966131,27.551421285667,27.6770516890958,27.6268176187712,27.7021596912783,27.5715322863604,27.4256398439229,27.5614772692013,27.5815863374129,27.4709385956355,27.475970578825,27.3652109487011,27.5463929314253,27.4860338187415,27.4055007617757,27.385357797423,27.4608739026253,27.4055007617757,27.4357079298451,27.2946663574817,27.3450602134443,27.3349833876879,27.4004653847288,27.5011268629649,27.4558411927372,27.3299446101592,27.475970578825,27.4659063702468,27.4055007617757,27.4155707879898,27.6217928859212,27.6670068026902,27.5111876824057,27.5916394226271,27.6167679118797,27.7172216044382,27.6921172126096,27.6720293663216,27.6670068026902,27.6619839981682,27.6569609527223,27.5363354978248,27.6418903705064,27.651937666319,27.6117426966131,27.5111876824057,27.4810023198492,27.4659063702468,27.4608739026253,27.4608739026253,27.3299446101592,27.4659063702468,27.4508082405489,27.4960960902657,27.5313064183988,27.4709385956355,27.4055007617757,27.2694603047538,27.3903939025862,27.5665048985609,27.5011268629649,27.4407416091366,27.4256398439229,27.4155707879898,27.309787068249,27.2845846667777,27.309787068249,27.5463929314253,27.5463929314253,27.5413643354891,27.7975152652541,27.9128297863749,27.7874819207868,27.7623943574465,27.5564493982478,27.5916394226271,27.5363354978248,27.5413643354891,27.5765594326333,27.6067172400882,27.5262770971775,27.5262770971775,27.5463929314253,27.5011268629649,27.4709385956355,27.5765594326333,27.4960960902657,27.5262770971775,27.4910650755359,27.5463929314253,27.5866130007331,27.4960960902657,27.6720293663216,27.6670068026902,27.6720293663216,27.5212475341273,27.4860338187415,27.5866130007331,27.5715322863604,27.5614772692013,27.5162177292145,27.5313064183988,27.6720293663216,27.8025315774346,27.6268176187712,27.6770516890958,27.4709385956355,27.5313064183988,27.5011268629649,27.5765594326333,27.4910650755359,27.6016915422711,27.5765594326333,27.551421285667,27.5665048985609,27.6268176187712,27.8977959483549,27.9078187463413,27.9178405871461,27.9679354426974,27.7975152652541,27.7021596912783,27.8276095391327,27.7172216044382,27.8025315774346,27.812563481855,27.7975152652541,27.7924987130493,27.9428910032239,27.9929739096901,27.9929739096901,27.9428910032239,27.7473389366228,27.6016915422711,27.6921172126096,27.6117426966131,27.651937666319,27.6921172126096,27.6870956122065,27.5966656031286,27.5413643354891,27.5363354978248,27.4960960902657,27.551421285667,27.5212475341273,27.5363354978248,27.4306740081185,27.4860338187415,27.4306740081185,27.4558411927372,27.4457750460266,27.475970578825,27.4105358961847,27.4709385956355,27.4105358961847,27.340021922105,27.4155707879898,27.4407416091366,27.631842110463,27.6368663610303,27.7322813525865,27.812563481855,27.8827599560813,28.0280177375547,28.0029876251156,27.9128297863749,27.7724301033211,27.631842110463,27.6268176187712,27.7222417610001,27.7021596912783,27.7272616770383,27.6268176187712,27.7272616770383,27.651937666319,27.4206054372245,27.4810023198492,27.4407416091366,27.4508082405489,27.3652109487011,27.340021922105,27.3702480251596,27.3148268185636,27.4860338187415,27.385357797423,27.4910650755359,27.5111876824057,27.5614772692013,27.4608739026253,27.4155707879898,27.4105358961847,27.385357797423,27.3803214494867,27.3702480251596,27.309787068249,27.2694603047538,27.355136067025,27.1685751630395,27.234161600755
27.4306740081185,27.4508082405489,27.4558411927372,27.2845846667777,27.234161600755,27.2745020022695,27.309787068249,27.3198663256309,27.3198663256309,27.2795434562661,27.2946663574817,27.2946663574817,27.3752848587436,27.5363354978248,27.5564493982478,27.5162177292145,27.506157393667,27.4810023198492,27.3601736293342,27.4055007617757,27.4206054372245,27.3803214494867,27.4206054372245,27.4306740081185,27.4055007617757,27.3349833876879,27.4457750460266,27.385357797423,27.3601736293342,27.5212475341273,27.4860338187415,27.4457750460266,27.3954297650103,27.4306740081185,27.5413643354891,27.5363354978248,27.7523576505433,27.7975152652541,27.6770516890958,27.6469141389248,27.7975152652541,27.6167679118797,27.4810023198492,27.5413643354891,27.5463929314253,27.4256398439229,27.4357079298451,27.5765594326333,27.4357079298451,27.4256398439229,27.5815863374129,27.4508082405489,27.475970578825,27.4810023198492,27.5815863374129,27.5413643354891,27.3903939025862,27.4659063702468,27.4709385956355,27.4407416091366,27.4306740081185,27.5665048985609,27.3702480251596,27.4055007617757,27.5815863374129,27.4206054372245,27.4055007617757,27.4105358961847,27.475970578825,27.4860338187415,27.4910650755359,27.506157393667,27.6921172126096,27.6670068026902,27.5212475341273,27.6217928859212,27.9228511486881,27.8777474797793,27.6268176187712,27.6619839981682,27.8276095391327,28.043032942706,27.6569609527223,27.5313064183988,27.6820737710463,27.5866130007331,27.5564493982478,27.6067172400882,27.4508082405489,27.4407416091366,27.4357079298451,27.5614772692013,27.4306740081185,27.5212475341273,27.4860338187415,27.4155707879898,27.4357079298451,27.4407416091366,27.3249055894848,27.4508082405489,27.651937666319,27.5313064183988,27.4960960902657,27.4004653847288,27.3198663256309,27.385357797423,27.4105358961847,27.4256398439229,27.5665048985609,27.475970578825,27.6820737710463,27.7724301033211,27.6720293663216,27.8075476496238,27.9078187463413,27.6720293663216,27.5866130007331,27.5916394226271,27.5363354978248,27.5262770971775,27.5966656031286,27.5162177292145,27.4910650755359,27.5313064183988,27.5111876824057,27.5765594326333,27.5665048985609,27.6368663610303,27.5765594326333,27.5815863374129,27.5463929314253,27.5665048985609,27.506157393667,27.5966656031286,27.6770516890958,27.5866130007331,27.5363354978248,27.6016915422711,27.6217928859212,27.551421285667,27.651937666319,27.5363354978248,27.5262770971775,27.7824648884334,27.651937666319,27.7373007876777,27.5866130007331,27.5162177292145,27.5564493982478,27.5665048985609,27.651937666319,27.5313064183988,27.551421285667,27.5413643354891,27.6368663610303,27.6167679118797,27.7573761241401,27.8977959483549,27.9228511486881,28.2130555239183,28.0680535169536,27.8075476496238,27.812563481855,27.812563481855,27.7172216044382,27.6569609527223,27.7924987130493,27.8025315774346,27.7924987130493,27.9228511486881,27.9278614710339,27.9879666938923,27.9529094959747,27.7674123504958,27.6016915422711,27.6167679118797,27.6418903705064,27.5815863374129,27.6870956122065,27.6770516890958,27.5765594326333,27.5111876824057,27.5363354978248,27.5313064183988,27.5665048985609,27.6067172400882,27.5916394226271,27.5111876824057,27.506157393667,27.4860338187415,27.4810023198492,27.3752848587436,27.385357797423,27.3601736293342,27.4910650755359,27.5262770971775,27.5313064183988,27.4508082405489,27.7824648884334,27.8526815051994,27.8025315774346,27.8075476496238,28.0580460022081,27.8526815051994,28.1330791460061,28.1580782977234,27.9328715542163,27.777447615956,27.7122012073196,27.6720293663216,27.8326244118639,27.7724301033211,27.7322813525865,27.5564493982478,27.6720293663216,27.7322813525865,27.6418903705064,27.4910650755359,27.4457750460266,27.4105358961847,27.3803214494867,27.3652109487011,27.2644183636851,27.3803214494867,27.3954297650103,27.5162177292145,27.5413643354891,27.5162177292145,27.5011268629649,27.4155707879898,27.4256398439229,27.4004653847288,27.5463929314253,27.3903939025862,27.3349833876879,27.2946663574817,27.2392050038562,27.2543337507527,27.3450602134443,27.2442481632001
27.4608739026253,27.4709385956355,27.4709385956355,27.3702480251596,27.2291179538628,27.2392050038562,27.2745020022695,27.2845846667777,27.4004653847288,27.4810023198492,27.3299446101592,27.5313064183988,27.355136067025,27.2442481632001,27.4256398439229,27.3954297650103,27.2997068377419,27.2392050038562,27.2593761790295,27.3803214494867,27.4055007617757,27.4960960902657,27.3803214494867,27.4105358961847,27.3249055894848,27.3148268185636,27.2593761790295,27.2745020022695,27.4508082405489,27.5262770971775,27.3702480251596,27.3601736293342,27.4306740081185,27.3803214494867,27.3803214494867,27.385357797423,27.4357079298451,27.4558411927372,27.5111876824057,27.7373007876777,27.6368663610303,27.5262770971775,27.5413643354891,27.5011268629649,27.6870956122065,27.3702480251596,27.4910650755359,27.5765594326333,27.3249055894848,27.4457750460266,27.5212475341273,27.5715322863604,27.475970578825,27.3954297650103,27.4810023198492,27.4004653847288,27.4357079298451,27.4960960902657,27.3903939025862,27.3349833876879,27.3702480251596,27.3349833876879,27.3954297650103,27.4206054372245,27.4306740081185,27.4105358961847,27.4004653847288,27.4709385956355,27.6418903705064,27.7423199823454,27.6067172400882,27.5212475341273,27.631842110463,27.5212475341273,27.5413643354891,27.9428910032239,27.962927032733,27.7473389366228,27.7172216044382,27.8175790741614,27.9779515459613,27.9729436137625,27.8225944265762,27.5413643354891,27.7724301033211,27.7975152652541,27.7272616770383,27.6016915422711,27.4709385956355,27.4155707879898,27.4709385956355,27.4357079298451,27.4457750460266,27.5011268629649,27.4306740081185,27.4206054372245,27.4709385956355,27.5162177292145,27.4910650755359,27.4659063702468,27.5212475341273,27.4860338187415,27.4709385956355,27.3047470746531,27.5011268629649,27.4960960902657,27.4960960902657,27.5614772692013,27.6217928859212,27.5564493982478,27.5413643354891,27.6368663610303,27.6670068026902,27.6569609527223,27.7874819207868,27.5916394226271,27.6217928859212,27.5966656031286,27.5413643354891,27.5363354978248,27.5413643354891,27.5212475341273,27.4709385956355,27.506157393667,27.5765594326333,27.5715322863604,27.5665048985609,27.506157393667,27.6117426966131,27.506157393667,27.551421285667,27.5564493982478,27.5564493982478,27.5665048985609,27.5413643354891,27.6268176187712,27.5966656031286,27.5564493982478,27.5916394226271,27.5815863374129,27.5262770971775,27.5966656031286,27.5363354978248,27.6820737710463,27.5715322863604,27.5011268629649,27.475970578825,27.506157393667,27.4558411927372,27.5413643354891,27.5212475341273,27.5212475341273,27.5313064183988,27.4860338187415,27.506157393667,27.6217928859212,27.6117426966131,27.6720293663216,27.7674123504958,27.7975152652541,27.837639044803,27.8276095391327,28.0230121922066,27.8977959483549,27.8777474797793,27.7874819207868,27.6569609527223,27.8476675914376,28.0880656878123,27.7473389366228,27.7724301033211,27.7874819207868,27.8576951793018,27.7373007876777,27.837639044803,27.6368663610303,27.7623943574465,27.6670068026902,27.5564493982478,27.5765594326333,27.4910650755359,27.4709385956355,27.4960960902657,27.340021922105,27.5413643354891,27.5011268629649,27.5614772692013,27.4860338187415,27.5212475341273,27.4608739026253,27.4105358961847,27.4155707879898,27.4055007617757,27.3500982617396,27.4004653847288,27.3349833876879,27.3652109487011,27.4055007617757,27.4659063702468,27.6418903705064,27.9579183838364,27.9979808867536,27.9979808867536,27.8526815051994,28.1230778208426,28.0380281127715,27.777447615956,27.7172216044382,27.6469141389248,27.651937666319,27.7272616770383,27.7272616770383,27.6569609527223,27.7122012073196,27.5765594326333,27.651937666319,27.4960960902657,27.4457750460266,27.3903939025862,27.309787068249,27.355136067025,27.3349833876879,27.3500982617396,27.4105358961847,27.4256398439229,27.4357079298451,27.5262770971775,27.4659063702468,27.551421285667,27.4055007617757,27.4608739026253,27.4407416091366,27.3450602134443,27.3752848587436,27.3148268185636,27.3198663256309,27.2845846667777,27.2291179538628,27.1534339723613,27.3148268185636
27.4860338187415,27.3752848587436,27.5866130007331,27.5866130007331,27.3702480251596,27.234161600755,27.2593761790295,27.3500982617396,27.3249055894848,27.2896256338382,27.3752848587436,27.3601736293342,27.385357797423,27.385357797423,27.309787068249,27.4860338187415,27.3702480251596,27.3652109487011,27.355136067025,27.3652109487011,27.3047470746531,27.3249055894848,27.4659063702468,27.5916394226271,27.340021922105,27.4105358961847,27.3148268185636,27.2845846667777,27.2795434562661,27.3803214494867,27.5111876824057,27.355136067025,27.3450602134443,27.4608739026253,27.2946663574817,27.3148268185636,27.3148268185636,27.4960960902657,27.5011268629649,27.6268176187712,27.651937666319,27.6016915422711,27.6870956122065,27.5614772692013,27.6921172126096,27.6770516890958,27.6921172126096,27.4558411927372,27.5564493982478,27.4457750460266,27.5614772692013,27.3954297650103,27.5665048985609,27.4810023198492,27.5614772692013,27.5363354978248,27.4206054372245,27.5815863374129,27.5212475341273,27.4558411927372,27.4608739026253,27.3903939025862,27.4105358961847,27.3450602134443,27.3803214494867,27.4004653847288,27.3954297650103,27.5262770971775,27.8677218086608,28.0980703444506,27.6067172400882,27.4810023198492,27.6971385722891,27.7172216044382,27.962927032733,27.9679354426974,27.7272616770383,27.6770516890958,27.651937666319,27.892784190336,27.8225944265762,27.8576951793018,28.0680535169536,27.9428910032239,27.8576951793018,27.7322813525865,27.7172216044382,27.4860338187415,27.5916394226271,27.4357079298451,27.4810023198492,27.4155707879898,27.4508082405489,27.4055007617757,27.4960960902657,27.5614772692013,27.4457750460266,27.4558411927372,27.4306740081185,27.5916394226271,27.6167679118797,27.6167679118797,27.6016915422711,27.5815863374129,27.5564493982478,27.4608739026253,27.6870956122065,27.5313064183988,27.5363354978248,27.6368663610303,27.6670068026902,27.7674123504958,27.777447615956,27.7623943574465,27.7674123504958,27.6619839981682,27.5966656031286,27.7373007876777,27.651937666319,27.5815863374129,27.5162177292145,27.6217928859212,27.5815863374129,27.5111876824057,27.3803214494867,27.5966656031286,27.5111876824057,27.5111876824057,27.5162177292145,27.5665048985609,27.5866130007331,27.4709385956355,27.475970578825,27.5313064183988,27.551421285667,27.5212475341273,27.5866130007331,27.5765594326333,27.4910650755359,27.4659063702468,27.5463929314253,27.5966656031286,27.5815863374129,27.8025315774346,27.4810023198492,27.4558411927372,27.5011268629649,27.5162177292145,27.4960960902657,27.5162177292145,27.4608739026253,27.5212475341273,27.5111876824057,27.5313064183988,27.506157393667,27.6268176187712,27.6217928859212,27.5614772692013,27.6217928859212,27.631842110463,27.7423199823454,27.9178405871461,28.1080740489112,28.1730749366739,27.8727347639835,27.8025315774346,27.8075476496238,27.8225944265762,27.8827599560813,27.7724301033211,27.6016915422711,27.7423199823454,27.7975152652541,27.8225944265762,27.6569609527223,27.8426534379831,27.6921172126096,27.7322813525865,27.631842110463,27.5966656031286,27.5262770971775,27.4457750460266,27.5162177292145,27.5916394226271,27.5413643354891,27.5262770971775,27.7272616770383,27.4960960902657,27.5111876824057,27.4457750460266,27.4659063702468,27.4357079298451,27.4155707879898,27.3450602134443,27.4558411927372,27.4055007617757,27.4407416091366,27.4004653847288,27.5715322863604,27.6167679118797,27.7573761241401,27.982959239327,28.1730749366739,28.0930681351701,28.1130755441568,28.0830630023446,28.0180064083215,27.7975152652541,27.7071805696107,27.6418903705064,27.7222417610001,27.8426534379831,27.7674123504958,27.7071805696107,27.6418903705064,27.7122012073196,27.506157393667,27.4558411927372,27.4306740081185,27.4206054372245,27.3198663256309,27.3601736293342,27.3601736293342,27.3601736293342,27.3803214494867,27.4306740081185,27.5111876824057,27.4155707879898,27.4457750460266,27.4407416091366,27.4608739026253,27.3803214494867,27.385357797423,27.340021922105,27.2997068377419,27.3349833876879,27.2593761790295,27.2442481632001,27.3047470746531,27.178668068929
27.355136067025,27.385357797423,27.3803214494867,27.6067172400882,27.5916394226271,27.3652109487011,27.2946663574817,27.3299446101592,27.4206054372245,27.2845846667777,27.340021922105,27.2845846667777,27.3047470746531,27.2997068377419,27.3803214494867,27.4155707879898,27.3047470746531,27.4860338187415,27.340021922105,27.234161600755,27.2442481632001,27.3702480251596,27.4055007617757,27.4508082405489,27.4256398439229,27.2795434562661,27.2946663574817,27.2593761790295,27.1685751630395,27.3652109487011,27.4407416091366,27.3652109487011,27.2392050038562,27.3349833876879,27.2896256338382,27.2997068377419,27.4004653847288,27.3803214494867,27.5011268629649,27.4910650755359,27.6067172400882,27.5564493982478,27.5212475341273,27.5866130007331,27.7523576505433,27.5413643354891,27.5916394226271,27.5916394226271,27.5765594326333,27.5665048985609,27.4105358961847,27.4558411927372,27.6117426966131,27.5665048985609,27.3903939025862,27.3752848587436,27.4508082405489,27.4508082405489,27.4457750460266,27.3652109487011,27.3752848587436,27.4558411927372,27.3148268185636,27.4709385956355,27.385357797423,27.3954297650103,27.4105358961847,27.4206054372245,27.6619839981682,27.6670068026902,27.5463929314253,27.4558411927372,28.0930681351701,27.9729436137625,27.8576951793018,27.9428910032239,28.0880656878123,27.9729436137625,27.7222417610001,27.7021596912783,27.6268176187712,27.5916394226271,27.777447615956,27.9278614710339,27.6820737710463,27.651937666319,27.551421285667,27.551421285667,27.506157393667,27.4960960902657,27.4608739026253,27.3954297650103,27.3954297650103,27.4608739026253,27.4306740081185,27.4608739026253,27.4105358961847,27.506157393667,27.4910650755359,27.4860338187415,27.4659063702468,27.5011268629649,27.4860338187415,27.5011268629649,27.4659063702468,27.5111876824057,27.4659063702468,27.5313064183988,27.5463929314253,27.5815863374129,27.6469141389248,27.651937666319,27.5011268629649,27.5765594326333,27.5463929314253,27.7071805696107,27.5815863374129,27.6217928859212,27.6619839981682,27.5966656031286,27.5111876824057,27.4709385956355,27.4306740081185,27.4709385956355,27.4860338187415,27.5212475341273,27.551421285667,27.7172216044382,27.7071805696107,27.7222417610001,27.5765594326333,27.5111876824057,27.4709385956355,27.4659063702468,27.3954297650103,27.4608739026253,27.5463929314253,27.551421285667,27.5262770971775,27.3954297650103,27.5262770971775,27.5212475341273,27.5715322863604,27.6820737710463,27.3903939025862,27.4860338187415,27.4105358961847,27.4910650755359,27.5363354978248,27.5011268629649,27.5212475341273,27.506157393667,27.5262770971775,27.5212475341273,27.4910650755359,27.6016915422711,27.5413643354891,27.6016915422711,27.5916394226271,27.6117426966131,27.7373007876777,27.8025315774346,27.9178405871461,28.0280177375547,27.9028074670123,27.6619839981682,27.7674123504958,27.6368663610303,27.5815863374129,27.5313064183988,27.6117426966131,27.5413643354891,27.6770516890958,27.812563481855,27.7322813525865,27.7573761241401,27.7373007876777,27.6971385722891,27.6418903705064,27.5162177292145,27.5011268629649,27.4558411927372,27.4659063702468,27.385357797423,27.4860338187415,27.4810023198492,27.4810023198492,27.4910650755359,27.5212475341273,27.4306740081185,27.4508082405489,27.4206054372245,27.4508082405489,27.3500982617396,27.3702480251596,27.3803214494867,27.4004653847288,27.3702480251596,27.5564493982478,27.9428910032239,27.982959239327,28.14807935022,28.1530789428139,28.1030723156867,28.043032942706,27.9479003691149,27.982959239327,27.8276095391327,27.7824648884334,27.7222417610001,27.8476675914376,27.6720293663216,27.8426534379831,27.8025315774346,27.8025315774346,27.5212475341273,27.4306740081185,27.4256398439229,27.3601736293342,27.2795434562661,27.3702480251596,27.2492910788209,27.3500982617396,27.2795434562661,27.3500982617396,27.3752848587436,27.4810023198492,27.4105358961847,27.4457750460266,27.4457750460266,27.3752848587436,27.340021922105,27.1988509509866,27.340021922105,27.193805596602,27.2543337507527,27.3299446101592,27.4004653847288,27.1685751630395,27.1079972024379
27.9479003691149,27.3803214494867,27.3752848587436,27.3752848587436,27.631842110463,27.5011268629649,27.5011268629649,27.355136067025,27.340021922105,27.3198663256309,27.2745020022695,27.2845846667777,27.3349833876879,27.2392050038562,27.355136067025,27.3702480251596,27.3198663256309,27.2845846667777,27.2644183636851,27.3803214494867,27.2442481632001,27.2745020022695,27.3148268185636,27.2442481632001,27.4055007617757,27.5715322863604,27.3500982617396,27.2845846667777,27.309787068249,27.2845846667777,27.4306740081185,27.4457750460266,27.2896256338382,27.2795434562661,27.3803214494867,27.309787068249,27.3752848587436,27.385357797423,27.6971385722891,27.6820737710463,27.506157393667,27.385357797423,27.5614772692013,27.475970578825,27.5614772692013,27.4659063702468,27.5313064183988,27.5866130007331,27.5715322863604,27.6167679118797,27.4055007617757,27.4960960902657,27.5765594326333,27.6167679118797,27.5866130007331,27.6016915422711,27.7473389366228,27.6167679118797,27.4709385956355,27.340021922105,27.2845846667777,27.3702480251596,27.4910650755359,27.6067172400882,27.6268176187712,27.5966656031286,27.3903939025862,27.5564493982478,27.4256398439229,27.651937666319,27.5715322863604,27.7473389366228,28.0029876251156,27.6418903705064,27.6217928859212,27.6368663610303,27.5866130007331,27.7373007876777,27.6870956122065,27.5564493982478,27.5715322863604,27.6016915422711,27.6670068026902,27.7874819207868,27.7724301033211,27.7222417610001,27.631842110463,27.5363354978248,27.4810023198492,27.4407416091366,27.4357079298451,27.4206054372245,27.4659063702468,27.4457750460266,27.5564493982478,27.4910650755359,27.5564493982478,27.5463929314253,27.5614772692013,27.4960960902657,27.4558411927372,27.5212475341273,27.4055007617757,27.4306740081185,27.3047470746531,27.4306740081185,27.4256398439229,27.4256398439229,27.551421285667,27.6067172400882,27.7272616770383,27.7573761241401,27.6469141389248,27.5212475341273,27.5011268629649,27.6368663610303,27.6067172400882,27.5614772692013,27.6368663610303,27.3752848587436,27.5363354978248,27.4810023198492,27.506157393667,27.5665048985609,27.6016915422711,27.5363354978248,27.6217928859212,27.7222417610001,27.6016915422711,27.5413643354891,27.506157393667,27.4659063702468,27.4960960902657,27.5162177292145,27.4960960902657,27.5715322863604,27.506157393667,27.6067172400882,27.551421285667,27.4910650755359,27.5313064183988,27.6870956122065,27.5866130007331,27.5866130007331,27.4810023198492,27.4709385956355,27.5212475341273,27.5212475341273,27.506157393667,27.5011268629649,27.5614772692013,27.5665048985609,27.6670068026902,27.5614772692013,27.506157393667,27.6217928859212,27.5815863374129,27.4709385956355,27.6469141389248,27.6217928859212,27.6167679118797,27.5866130007331,27.7373007876777,27.9128297863749,27.8225944265762,27.5815863374129,27.5715322863604,27.475970578825,27.6117426966131,27.5413643354891,27.4910650755359,27.6167679118797,27.6921172126096,27.7674123504958,27.8225944265762,27.8075476496238,27.8175790741614,27.6368663610303,27.6569609527223,27.5162177292145,27.4508082405489,27.385357797423,27.385357797423,27.4860338187415,27.4960960902657,27.4457750460266,27.4256398439229,27.5614772692013,27.5313064183988,27.4558411927372,27.4256398439229,27.506157393667,27.3903939025862,27.4004653847288,27.4004653847288,27.4810023198492,27.385357797423,27.4508082405489,27.475970578825,27.892784190336,28.1280786023483,28.1130755441568,28.2929711549704,28.1280786023483,28.0830630023446,27.9228511486881,27.9378813982687,27.9428910032239,27.837639044803,27.892784190336,27.837639044803,27.8526815051994,27.6217928859212,27.6418903705064,27.6971385722891,27.4910650755359,27.4457750460266,27.4457750460266,27.309787068249,27.4105358961847,27.3047470746531,27.4357079298451,27.2593761790295,27.3601736293342,27.2694603047538,27.3702480251596,27.3702480251596,27.3954297650103,27.4155707879898,27.475970578825,27.5815863374129,27.4659063702468,27.4055007617757,27.3500982617396,27.2543337507527,27.3349833876879,27.2392050038562,27.2845846667777,27.2240740631453,27.2291179538628
27.7373007876777,27.5614772692013,27.2644183636851,27.3198663256309,27.3601736293342,27.4960960902657,27.5111876824057,27.4004653847288,27.3198663256309,27.309787068249,27.2946663574817,27.2745020022695,27.3601736293342,27.2492910788209,27.3299446101592,27.3299446101592,27.234161600755,27.340021922105,27.2896256338382,27.2543337507527,27.2644183636851,27.2745020022695,27.2089409277006,27.2442481632001,27.3148268185636,27.7172216044382,27.5866130007331,27.2896256338382,27.2946663574817,27.2089409277006,27.309787068249,27.309787068249,27.2795434562661,27.2896256338382,27.2543337507527,27.4659063702468,27.4910650755359,27.4810023198492,27.631842110463,27.5614772692013,27.4206054372245,27.4206054372245,27.3903939025862,27.4860338187415,27.4608739026253,27.4055007617757,27.4206054372245,27.5413643354891,27.5011268629649,27.5363354978248,27.4256398439229,27.3752848587436,27.3702480251596,27.4055007617757,27.5815863374129,27.6870956122065,27.8075476496238,27.812563481855,27.5715322863604,27.4457750460266,27.2795434562661,27.2795434562661,27.385357797423,27.4910650755359,27.4709385956355,27.4508082405489,27.7623943574465,27.4055007617757,27.4357079298451,27.6016915422711,27.6217928859212,28.1430795199092,27.9278614710339,27.5313064183988,27.506157393667,27.6117426966131,27.5313064183988,27.9929739096901,27.8225944265762,27.6016915422711,27.506157393667,27.8877721929225,27.9729436137625,28.0780600787342,28.0830630023446,27.7724301033211,27.6016915422711,27.6469141389248,27.4659063702468,27.5765594326333,27.4306740081185,27.4357079298451,27.3903939025862,27.5111876824057,27.5162177292145,27.5313064183988,27.475970578825,27.4709385956355,27.4256398439229,27.4457750460266,27.5413643354891,27.4256398439229,27.4659063702468,27.4960960902657,27.5564493982478,27.3903939025862,27.5363354978248,27.4407416091366,27.651937666319,27.551421285667,27.6268176187712,27.6469141389248,27.4659063702468,27.475970578825,27.4457750460266,27.5765594326333,27.5916394226271,27.5564493982478,27.5413643354891,27.6167679118797,27.6067172400882,27.4608739026253,27.4810023198492,27.4256398439229,27.4608739026253,27.5111876824057,27.6418903705064,27.6569609527223,27.6619839981682,27.5715322863604,27.4608739026253,27.4709385956355,27.506157393667,27.5162177292145,27.4558411927372,27.5162177292145,27.5111876824057,27.4910650755359,27.6368663610303,27.5212475341273,27.5262770971775,27.5665048985609,27.5916394226271,27.506157393667,27.5162177292145,27.5313064183988,27.5765594326333,27.5966656031286,27.4910650755359,27.5413643354891,27.5413643354891,27.6268176187712,27.5363354978248,27.5614772692013,27.4960960902657,27.4860338187415,27.6469141389248,27.6016915422711,27.5916394226271,27.4407416091366,27.5765594326333,27.5815863374129,27.6167679118797,27.6067172400882,27.5212475341273,27.5463929314253,27.5111876824057,27.4810023198492,27.4206054372245,27.4256398439229,27.5011268629649,27.506157393667,27.5564493982478,27.6619839981682,27.7975152652541,27.7573761241401,27.6770516890958,27.631842110463,27.7573761241401,27.5262770971775,27.506157393667,27.4256398439229,27.551421285667,27.4608739026253,27.4659063702468,27.4055007617757,27.551421285667,27.4860338187415,27.5413643354891,27.4608739026253,27.4508082405489,27.4155707879898,27.3652109487011,27.4457750460266,27.3601736293342,27.3652109487011,27.4659063702468,27.4508082405489,27.3803214494867,27.7322813525865,28.063049878718,28.1630774149815,28.2829850186196,28.0830630023446,27.9228511486881,27.7824648884334,27.8175790741614,27.8225944265762,27.7473389366228,27.6971385722891,27.837639044803,27.7824648884334,27.7573761241401,27.6167679118797,27.4659063702468,27.4558411927372,27.4457750460266,27.4004653847288,27.4558411927372,27.4457750460266,27.2795434562661,27.2896256338382,27.3803214494867,27.4055007617757,27.2240740631453,27.2795434562661,27.3903939025862,27.4508082405489,27.4004653847288,27.3803214494867,27.3803214494867,27.4055007617757,27.3450602134443,27.3601736293342,27.2845846667777,27.2543337507527,27.2492910788209,27.1584812802121,27.234161600755,27.1988509509866
27.9529094959747,27.7021596912783,27.5765594326333,27.3752848587436,27.3752848587436,27.3652109487011,27.3752848587436,27.5262770971775,27.5011268629649,27.4256398439229,27.2896256338382,27.2442481632001,27.2997068377419,27.355136067025,27.3249055894848,27.1988509509866,27.3148268185636,27.4558411927372,27.2694603047538,27.2795434562661,27.2644183636851,27.1988509509866,27.2946663574817,27.2240740631453,27.3047470746531,27.551421285667,27.8175790741614,27.5413643354891,27.4155707879898,27.3349833876879,27.340021922105,27.3601736293342,27.3047470746531,27.2644183636851,27.4608739026253,27.5815863374129,27.4860338187415,27.4407416091366,27.5463929314253,27.5715322863604,27.4357079298451,27.5111876824057,27.4709385956355,27.4910650755359,27.4004653847288,27.4256398439229,27.4659063702468,27.551421285667,27.5765594326333,27.475970578825,27.4659063702468,27.4960960902657,27.4155707879898,27.3752848587436,27.3803214494867,27.6971385722891,27.9228511486881,27.9929739096901,27.5313064183988,27.4155707879898,27.5363354978248,27.4004653847288,27.4407416091366,27.506157393667,27.4105358961847,27.5614772692013,27.3450602134443,27.4155707879898,27.3500982617396,27.5463929314253,27.9378813982687,28.1880694376433,27.7724301033211,27.7172216044382,27.6569609527223,27.6770516890958,27.7924987130493,28.1330791460061,28.1930671296786,27.8426534379831,27.9679354426974,27.892784190336,27.7473389366228,27.7623943574465,28.2330401214815,28.0780600787342,27.7623943574465,27.6167679118797,27.6971385722891,27.6670068026902,27.5262770971775,27.4659063702468,27.4910650755359,27.506157393667,27.4860338187415,27.5463929314253,27.4357079298451,27.4860338187415,27.4055007617757,27.4508082405489,27.4457750460266,27.475970578825,27.4860338187415,27.4608739026253,27.4457750460266,27.4055007617757,27.6067172400882,27.6820737710463,27.5665048985609,27.5815863374129,27.5011268629649,27.5111876824057,27.4608739026253,27.4407416091366,27.4558411927372,27.6067172400882,27.4508082405489,27.4860338187415,27.4709385956355,27.4860338187415,27.4860338187415,27.5564493982478,27.4558411927372,27.4407416091366,27.5111876824057,27.6670068026902,27.7021596912783,27.6569609527223,27.6368663610303,27.5111876824057,27.5162177292145,27.475970578825,27.5313064183988,27.5162177292145,27.4960960902657,27.5262770971775,27.5212475341273,27.506157393667,27.506157393667,27.5463929314253,27.5463929314253,27.5262770971775,27.6167679118797,27.6921172126096,27.551421285667,27.5413643354891,27.5765594326333,27.6268176187712,27.551421285667,27.6720293663216,27.5162177292145,27.5564493982478,27.551421285667,27.6418903705064,27.6167679118797,27.475970578825,27.7222417610001,27.7272616770383,27.6770516890958,27.6971385722891,27.6117426966131,27.5765594326333,27.5815863374129,27.6217928859212,27.5715322863604,27.5815863374129,27.4659063702468,27.4709385956355,27.4508082405489,27.5111876824057,27.4357079298451,27.3702480251596,27.551421285667,27.631842110463,27.7573761241401,27.651937666319,27.6619839981682,27.7423199823454,27.6268176187712,27.4910650755359,27.5111876824057,27.4457750460266,27.475970578825,27.5614772692013,27.4055007617757,27.4206054372245,27.4910650755359,27.4558411927372,27.5262770971775,27.4910650755359,27.5363354978248,27.4558411927372,27.3903939025862,27.3652109487011,27.3652109487011,27.5212475341273,27.4306740081185,27.385357797423,27.4256398439229,27.5162177292145,27.8977959483549,28.1630774149815,28.4177180330437,28.1630774149815,27.9328715542163,27.7573761241401,27.6870956122065,27.812563481855,27.7523576505433,27.8526815051994,27.7172216044382,27.7473389366228,27.7122012073196,27.6921172126096,27.6368663610303,27.6268176187712,27.4457750460266,27.3702480251596,27.4910650755359,27.4558411927372,27.4055007617757,27.4357079298451,27.3349833876879,27.3954297650103,27.3299446101592,27.3652109487011,27.3148268185636,27.3148268185636,27.3803214494867,27.3954297650103,27.4004653847288,27.3652109487011,27.340021922105,27.3702480251596,27.3299446101592,27.2795434562661,27.4055007617757,27.2442481632001,27.234161600755,27.2089409277006
27.9378813982687,27.8276095391327,27.7272616770383,27.3903939025862,27.2896256338382,27.3601736293342,27.4306740081185,27.385357797423,27.4860338187415,27.2946663574817,27.2795434562661,27.3047470746531,27.355136067025,27.2644183636851,27.3249055894848,27.309787068249,27.2492910788209,27.2543337507527,27.3148268185636,27.2946663574817,27.2997068377419,27.2845846667777,27.2694603047538,27.2593761790295,27.3148268185636,27.4256398439229,27.5815863374129,27.6971385722891,27.3803214494867,27.3752848587436,27.3652109487011,27.3752848587436,27.2543337507527,27.4407416091366,27.4457750460266,27.3752848587436,27.4608739026253,27.3954297650103,27.4155707879898,27.4910650755359,27.5262770971775,27.506157393667,27.5564493982478,27.4860338187415,27.475970578825,27.4558411927372,27.4508082405489,27.4810023198492,27.4105358961847,27.3601736293342,27.5011268629649,27.5011268629649,27.4960960902657,27.4810023198492,27.4407416091366,27.5866130007331,28.0980703444506,28.1680762946208,28.1630774149815,27.8225944265762,27.5313064183988,27.5313064183988,27.475970578825,27.5162177292145,27.3752848587436,27.3652109487011,27.3803214494867,27.4256398439229,27.4155707879898,27.4709385956355,27.7824648884334,28.1080740489112,27.9529094959747,27.7021596912783,27.6067172400882,27.5815863374129,27.6569609527223,27.8426534379831,27.9479003691149,27.9779515459613,27.8877721929225,27.8576951793018,27.7222417610001,27.6368663610303,28.1230778208426,28.0730569169481,27.6921172126096,27.5916394226271,27.7322813525865,27.4960960902657,27.4709385956355,27.4105358961847,27.5011268629649,27.5162177292145,27.5111876824057,27.4608739026253,27.4960960902657,27.4558411927372,27.4508082405489,27.4457750460266,27.4357079298451,27.4709385956355,27.4357079298451,27.5564493982478,27.475970578825,27.5363354978248,27.6619839981682,27.6368663610303,27.551421285667,27.5665048985609,27.5463929314253,27.5413643354891,27.5363354978248,27.551421285667,27.4457750460266,27.5966656031286,27.551421285667,27.5111876824057,27.4860338187415,27.6067172400882,27.475970578825,27.5363354978248,27.475970578825,27.4960960902657,27.5413643354891,27.5363354978248,27.6167679118797,27.6921172126096,27.7272616770383,27.5916394226271,27.6117426966131,27.475970578825,27.4407416091366,27.475970578825,27.4860338187415,27.5363354978248,27.4960960902657,27.4910650755359,27.4709385956355,27.5011268629649,27.475970578825,27.506157393667,27.5463929314253,27.4910650755359,27.5313064183988,27.506157393667,27.6217928859212,27.6670068026902,27.5614772692013,27.5815863374129,27.631842110463,27.5564493982478,27.5413643354891,27.5614772692013,27.5715322863604,27.651937666319,27.6268176187712,27.7172216044382,27.6619839981682,27.5765594326333,27.5715322863604,27.5866130007331,27.5866130007331,27.6368663610303,27.6016915422711,27.4860338187415,27.5413643354891,27.5212475341273,27.4659063702468,27.4457750460266,27.4608739026253,27.4608739026253,27.5162177292145,27.5966656031286,27.6167679118797,27.7523576505433,27.8276095391327,27.7924987130493,27.7071805696107,27.6971385722891,27.5413643354891,27.5614772692013,27.5162177292145,27.4608739026253,27.4155707879898,27.4608739026253,27.4306740081185,27.475970578825,27.4659063702468,27.4608739026253,27.4105358961847,27.3752848587436,27.4910650755359,27.385357797423,27.5011268629649,27.3702480251596,27.3652109487011,27.4508082405489,27.4155707879898,27.506157393667,27.5966656031286,27.9028074670123,28.063049878718,28.1430795199092,28.063049878718,27.962927032733,27.892784190336,27.812563481855,27.6720293663216,27.837639044803,27.7071805696107,27.6067172400882,27.5916394226271,27.7623943574465,27.5765594326333,27.5765594326333,27.4608739026253,27.4558411927372,27.4256398439229,27.4659063702468,27.3047470746531,27.309787068249,27.3299446101592,27.340021922105,27.340021922105,27.4407416091366,27.2593761790295,27.385357797423,27.3954297650103,27.3954297650103,27.3601736293342,27.3752848587436,27.3652109487011,27.3450602134443,27.2997068377419,27.2896256338382,27.2745020022695,27.309787068249,27.2896256338382,27.1988509509866
27.8326244118639,27.8075476496238,27.5866130007331,27.3198663256309,27.2845846667777,27.3601736293342,27.2543337507527,27.385357797423,27.2543337507527,27.2845846667777,27.309787068249,27.3047470746531,27.3500982617396,27.385357797423,27.3148268185636,27.2845846667777,27.2392050038562,27.2442481632001,27.2845846667777,27.2492910788209,27.2845846667777,27.2795434562661,27.3249055894848,27.2240740631453,27.2946663574817,27.3249055894848,27.4256398439229,27.8877721929225,27.6820737710463,27.4407416091366,27.3652109487011,27.3349833876879,27.3752848587436,27.3148268185636,27.475970578825,27.3803214494867,27.3803214494867,27.3299446101592,27.4055007617757,27.4055007617757,27.3450602134443,27.5111876824057,27.4659063702468,27.4407416091366,27.4155707879898,27.4659063702468,27.4407416091366,27.5313064183988,27.4709385956355,27.4407416091366,27.4105358961847,27.5111876824057,27.385357797423,27.4960960902657,27.5815863374129,28.2030618015135,28.4875118350172,27.9128297863749,28.1680762946208,28.048037534235,27.9028074670123,27.4960960902657,27.4608739026253,27.475970578825,27.3652109487011,27.3601736293342,27.4105358961847,27.3752848587436,27.4608739026253,27.7373007876777,27.8476675914376,27.8677218086608,28.1280786023483,27.7021596912783,27.5162177292145,27.7272616770383,27.6569609527223,27.6167679118797,27.6418903705064,27.7222417610001,27.5715322863604,27.5614772692013,27.6418903705064,27.7724301033211,27.9929739096901,28.2330401214815,27.8426534379831,27.6670068026902,27.5966656031286,27.6016915422711,27.6268176187712,27.3601736293342,27.4206054372245,27.4960960902657,27.4508082405489,27.4608739026253,27.4306740081185,27.475970578825,27.4810023198492,27.4910650755359,27.4659063702468,27.4357079298451,27.4407416091366,27.5765594326333,27.5212475341273,27.5715322863604,27.7021596912783,27.5413643354891,27.5815863374129,27.5111876824057,27.5564493982478,27.4105358961847,27.5313064183988,27.5463929314253,27.5564493982478,27.6016915422711,27.6217928859212,27.5463929314253,27.5363354978248,27.4810023198492,27.5212475341273,27.4860338187415,27.5111876824057,27.5212475341273,27.5262770971775,27.5413643354891,27.6368663610303,27.5413643354891,27.5262770971775,27.6217928859212,27.5313064183988,27.5111876824057,27.5162177292145,27.5614772692013,27.5614772692013,27.5011268629649,27.4709385956355,27.4960960902657,27.5866130007331,27.5313064183988,27.4910650755359,27.506157393667,27.6117426966131,27.7021596912783,27.5463929314253,27.5363354978248,27.6670068026902,27.6820737710463,27.5564493982478,27.5614772692013,27.5564493982478,27.5212475341273,27.5665048985609,27.551421285667,27.4910650755359,27.5765594326333,27.5614772692013,27.6217928859212,27.475970578825,27.5363354978248,27.475970578825,27.4659063702468,27.5715322863604,27.5916394226271,27.5815863374129,27.5665048985609,27.475970578825,27.4256398439229,27.355136067025,27.475970578825,27.4558411927372,27.4004653847288,27.475970578825,27.551421285667,27.6619839981682,27.9328715542163,27.9278614710339,27.6921172126096,27.6921172126096,27.7021596912783,27.6117426966131,27.5011268629649,27.5765594326333,27.5363354978248,27.475970578825,27.475970578825,27.4206054372245,27.5564493982478,27.4508082405489,27.4306740081185,27.4810023198492,27.5011268629649,27.4256398439229,27.4810023198492,27.506157393667,27.3803214494867,27.4004653847288,27.4306740081185,27.5162177292145,27.385357797423,27.3954297650103,27.6016915422711,27.8025315774346,27.9529094959747,28.0230121922066,28.0330230443987,27.9979808867536,27.7122012073196,27.6770516890958,27.6418903705064,27.7373007876777,27.6368663610303,27.5665048985609,27.6720293663216,27.5111876824057,27.4508082405489,27.4709385956355,27.4256398439229,27.475970578825,27.4357079298451,27.2845846667777,27.309787068249,27.3652109487011,27.2896256338382,27.3601736293342,27.2442481632001,27.2593761790295,27.3450602134443,27.3752848587436,27.3752848587436,27.3903939025862,27.3652109487011,27.2896256338382,27.3249055894848,27.309787068249,27.2997068377419,27.2946663574817,27.2644183636851,27.2442481632001,27.2442481632001
27.6770516890958,27.7623943574465,27.5614772692013,27.6067172400882,27.3803214494867,27.4055007617757,27.3349833876879,27.4407416091366,27.2745020022695,27.2593761790295,27.2442481632001,27.3198663256309,27.3803214494867,27.2896256338382,27.2442481632001,27.2291179538628,27.2139855500982,27.2845846667777,27.2845846667777,27.193805596602,27.2543337507527,27.2896256338382,27.3652109487011,27.1988509509866,27.2997068377419,27.2946663574817,27.2845846667777,27.4105358961847,27.8977959483549,27.6720293663216,27.6217928859212,27.309787068249,27.3299446101592,27.3903939025862,27.309787068249,27.3299446101592,27.2593761790295,27.3752848587436,27.355136067025,27.3702480251596,27.4105358961847,27.3702480251596,27.4608739026253,27.6770516890958,27.5262770971775,27.4960960902657,27.4155707879898,27.5262770971775,27.475970578825,27.4256398439229,27.4457750460266,27.4508082405489,27.4357079298451,27.4709385956355,27.7373007876777,28.2130555239183,27.812563481855,27.6217928859212,27.6368663610303,28.0930681351701,28.1030723156867,27.7423199823454,27.5614772692013,27.3803214494867,27.4055007617757,27.4105358961847,27.385357797423,27.4709385956355,27.4810023198492,27.5966656031286,27.7122012073196,27.892784190336,28.1280786023483,27.982959239327,27.7021596912783,27.6971385722891,27.6016915422711,27.5011268629649,27.631842110463,27.5011268629649,27.6067172400882,27.5715322863604,27.7473389366228,27.7674123504958,27.7724301033211,28.1080740489112,27.9328715542163,27.7975152652541,27.6820737710463,27.4860338187415,27.5363354978248,27.5011268629649,27.4659063702468,27.506157393667,27.5162177292145,27.5313064183988,27.4608739026253,27.4860338187415,27.4608739026253,27.475970578825,27.4860338187415,27.5413643354891,27.4256398439229,27.4457750460266,27.6067172400882,27.6368663610303,27.6117426966131,27.551421285667,27.506157393667,27.5313064183988,27.5665048985609,27.5413643354891,27.6167679118797,27.5564493982478,27.551421285667,27.5463929314253,27.6067172400882,27.4810023198492,27.5262770971775,27.4558411927372,27.5162177292145,27.5212475341273,27.5162177292145,27.5413643354891,27.5212475341273,27.5363354978248,27.5313064183988,27.4960960902657,27.4709385956355,27.4659063702468,27.5262770971775,27.506157393667,27.5363354978248,27.4357079298451,27.5564493982478,27.5413643354891,27.5262770971775,27.6117426966131,27.5463929314253,27.5413643354891,27.5011268629649,27.5715322863604,27.6217928859212,27.8526815051994,27.6720293663216,27.6569609527223,27.5715322863604,27.6820737710463,27.6921172126096,27.6268176187712,27.6268176187712,27.5765594326333,27.5463929314253,27.5665048985609,27.5665048985609,27.3803214494867,27.5313064183988,27.6217928859212,27.5262770971775,27.5111876824057,27.5866130007331,27.5413643354891,27.4810023198492,27.475970578825,27.4608739026253,27.6167679118797,27.4558411927372,27.4709385956355,27.5011268629649,27.4558411927372,27.4357079298451,27.5011268629649,27.4960960902657,27.551421285667,27.7824648884334,27.777447615956,27.9078187463413,27.777447615956,27.5966656031286,27.5011268629649,27.551421285667,27.6067172400882,27.5866130007331,27.5262770971775,27.5363354978248,27.4659063702468,27.5162177292145,27.4558411927372,27.4709385956355,27.3954297650103,27.5111876824057,27.5162177292145,27.4960960902657,27.5463929314253,27.506157393667,27.5011268629649,27.4105358961847,27.5162177292145,27.5363354978248,27.4910650755359,27.4206054372245,27.4357079298451,27.6067172400882,27.8326244118639,27.837639044803,27.837639044803,27.6971385722891,27.812563481855,27.6217928859212,27.6117426966131,27.6117426966131,27.5413643354891,27.6067172400882,27.4910650755359,27.475970578825,27.4055007617757,27.4558411927372,27.355136067025,27.3803214494867,27.3500982617396,27.3047470746531,27.2593761790295,27.340021922105,27.340021922105,27.4256398439229,27.3601736293342,27.2038960613414,27.3500982617396,27.3500982617396,27.309787068249,27.3652109487011,27.4306740081185,27.3299446101592,27.385357797423,27.309787068249,27.3148268185636,27.2492910788209,27.2442481632001,27.1281937673691,27.1685751630395
27.6268176187712,27.837639044803,27.7122012073196,27.7373007876777,27.6016915422711,27.3954297650103,27.4105358961847,27.4407416091366,27.309787068249,27.2845846667777,27.3450602134443,27.2392050038562,27.2492910788209,27.3249055894848,27.2896256338382,27.2240740631453,27.2291179538628,27.234161600755,27.234161600755,27.3752848587436,27.2190299285684,27.2038960613414,27.2139855500982,27.2240740631453,27.2795434562661,27.2139855500982,27.2795434562661,27.3299446101592,27.6770516890958,27.7071805696107,27.6720293663216,27.5564493982478,27.5262770971775,27.340021922105,27.340021922105,27.2745020022695,27.2644183636851,27.2442481632001,27.234161600755,27.3752848587436,27.3299446101592,27.3652109487011,27.3450602134443,27.5111876824057,27.5162177292145,27.4206054372245,27.385357797423,27.4004653847288,27.4508082405489,27.4105358961847,27.4306740081185,27.5363354978248,27.5916394226271,27.5313064183988,27.6670068026902,27.5614772692013,27.4860338187415,27.4960960902657,27.4407416091366,27.5212475341273,27.7322813525865,27.6921172126096,27.6067172400882,27.4407416091366,27.4004653847288,27.4306740081185,27.6268176187712,27.6770516890958,27.8627086137778,27.9078187463413,28.0730569169481,27.892784190336,27.8576951793018,28.218052029166,27.6770516890958,27.6368663610303,27.5665048985609,27.5815863374129,27.5564493982478,27.506157393667,27.5866130007331,27.6016915422711,27.6217928859212,27.8225944265762,27.7573761241401,27.8075476496238,27.9228511486881,27.6067172400882,27.506157393667,27.5413643354891,27.5162177292145,27.4457750460266,27.5162177292145,27.4659063702468,27.5262770971775,27.5363354978248,27.4960960902657,27.4357079298451,27.5162177292145,27.4206054372245,27.4407416091366,27.4659063702468,27.4960960902657,27.4910650755359,27.5614772692013,27.6268176187712,27.5413643354891,27.551421285667,27.5665048985609,27.7021596912783,27.6067172400882,27.6770516890958,27.837639044803,27.5262770971775,27.5111876824057,27.3249055894848,27.5162177292145,27.5111876824057,27.4860338187415,27.4256398439229,27.4860338187415,27.4256398439229,27.5413643354891,27.5212475341273,27.5262770971775,27.6268176187712,27.3903939025862,27.5011268629649,27.4608739026253,27.4659063702468,27.5162177292145,27.4860338187415,27.551421285667,27.4709385956355,27.4155707879898,27.5212475341273,27.5262770971775,27.5111876824057,27.5614772692013,27.6016915422711,27.4709385956355,27.6217928859212,27.6217928859212,27.7423199823454,27.631842110463,27.5463929314253,27.5715322863604,27.5765594326333,27.6720293663216,27.7021596912783,27.6670068026902,27.6820737710463,27.5916394226271,27.5815863374129,27.5765594326333,27.5564493982478,27.4709385956355,27.5614772692013,27.5765594326333,27.5363354978248,27.5011268629649,27.4558411927372,27.4960960902657,27.5614772692013,27.5916394226271,27.5765594326333,27.6067172400882,27.5212475341273,27.4558411927372,27.4105358961847,27.4659063702468,27.3954297650103,27.5363354978248,27.5413643354891,27.5815863374129,27.7724301033211,27.7874819207868,27.7272616770383,27.5715322863604,27.6016915422711,27.5212475341273,27.7122012073196,27.6117426966131,27.5815863374129,27.4508082405489,27.4558411927372,27.4608739026253,27.4206054372245,27.4508082405489,27.4910650755359,27.5212475341273,27.4558411927372,27.506157393667,27.4306740081185,27.551421285667,27.5966656031286,27.5564493982478,27.5413643354891,27.5011268629649,27.385357797423,27.3803214494867,27.3903939025862,27.5815863374129,27.551421285667,27.7071805696107,27.6820737710463,27.5564493982478,27.6971385722891,27.7373007876777,27.6067172400882,27.6016915422711,27.5262770971775,27.6217928859212,27.4910650755359,27.4960960902657,27.5162177292145,27.3903939025862,27.3803214494867,27.4004653847288,27.4055007617757,27.3803214494867,27.3450602134443,27.3803214494867,27.3752848587436,27.3702480251596,27.3601736293342,27.4558411927372,27.506157393667,27.3652109487011,27.5011268629649,27.3450602134443,27.3702480251596,27.340021922105,27.3047470746531,27.3047470746531,27.3148268185636,27.2492910788209,27.3047470746531,27.1685751630395,27.1635283437601
27.2694603047538,27.7373007876777,27.8025315774346,27.5463929314253,27.5715322863604,27.5665048985609,27.355136067025,27.2997068377419,27.2946663574817,27.2392050038562,27.2946663574817,27.2392050038562,27.2593761790295,27.2442481632001,27.2089409277006,27.309787068249,27.2038960613414,27.2492910788209,27.193805596602,27.2139855500982,27.2038960613414,27.2038960613414,27.2139855500982,27.385357797423,27.2997068377419,27.3954297650103,27.2896256338382,27.475970578825,27.4004653847288,27.7021596912783,27.7021596912783,27.7021596912783,27.7373007876777,27.4860338187415,27.551421285667,27.3702480251596,27.3500982617396,27.2946663574817,27.2946663574817,27.2492910788209,27.340021922105,27.340021922105,27.4659063702468,27.4508082405489,27.3601736293342,27.4256398439229,27.4004653847288,27.3249055894848,27.3903939025862,27.4256398439229,27.4256398439229,27.6117426966131,27.6167679118797,27.6117426966131,27.4457750460266,27.4306740081185,27.4608739026253,27.4457750460266,27.5765594326333,27.5463929314253,27.5765594326333,27.5866130007331,27.6368663610303,27.6921172126096,27.5313064183988,27.6067172400882,27.6619839981682,27.6016915422711,27.6870956122065,27.962927032733,28.0780600787342,27.7874819207868,27.7122012073196,28.223048297154,27.7874819207868,27.5614772692013,27.4709385956355,27.6016915422711,27.4860338187415,27.5966656031286,27.6268176187712,27.6217928859212,27.8476675914376,27.8526815051994,27.7724301033211,27.9078187463413,27.777447615956,27.5262770971775,27.5363354978248,27.5665048985609,27.4407416091366,27.4306740081185,27.4306740081185,27.4810023198492,27.4357079298451,27.4407416091366,27.5212475341273,27.3702480251596,27.3752848587436,27.4105358961847,27.506157393667,27.475970578825,27.5715322863604,27.5413643354891,27.5413643354891,27.6569609527223,27.5463929314253,27.5966656031286,27.5665048985609,27.5614772692013,27.5162177292145,27.7373007876777,27.6368663610303,27.3450602134443,27.4960960902657,27.5463929314253,27.4960960902657,27.4960960902657,27.4457750460266,27.385357797423,27.4105358961847,27.5413643354891,27.4558411927372,27.5111876824057,27.5363354978248,27.5162177292145,27.5363354978248,27.4860338187415,27.5111876824057,27.4910650755359,27.5111876824057,27.5262770971775,27.4709385956355,27.5011268629649,27.4558411927372,27.4206054372245,27.5111876824057,27.5262770971775,27.4256398439229,27.5413643354891,27.506157393667,27.506157393667,27.6217928859212,27.7222417610001,27.6268176187712,27.6569609527223,27.6619839981682,27.6016915422711,27.5665048985609,27.6670068026902,27.6770516890958,27.6720293663216,27.5614772692013,27.6770516890958,27.6217928859212,27.5815863374129,27.5262770971775,27.5564493982478,27.5815863374129,27.5564493982478,27.551421285667,27.5564493982478,27.5262770971775,27.5665048985609,27.6167679118797,27.5262770971775,27.5765594326333,27.475970578825,27.5011268629649,27.475970578825,27.4155707879898,27.4709385956355,27.4558411927372,27.475970578825,27.551421285667,27.5363354978248,27.7824648884334,27.7122012073196,27.6117426966131,27.6670068026902,27.5765594326333,27.5564493982478,27.4608739026253,27.5715322863604,27.5866130007331,27.5765594326333,27.4860338187415,27.4155707879898,27.506157393667,27.3752848587436,27.4659063702468,27.4659063702468,27.4407416091366,27.5262770971775,27.4910650755359,27.5212475341273,27.551421285667,27.4960960902657,27.4105358961847,27.4508082405489,27.475970578825,27.4407416091366,27.4910650755359,27.6720293663216,27.5665048985609,27.5815863374129,27.6418903705064,27.5614772692013,27.5815863374129,27.6117426966131,27.6619839981682,27.6921172126096,27.5966656031286,27.5765594326333,27.4457750460266,27.4055007617757,27.4306740081185,27.2543337507527,27.3752848587436,27.4055007617757,27.5011268629649,27.3349833876879,27.3903939025862,27.3903939025862,27.3652109487011,27.3601736293342,27.3299446101592,27.4306740081185,27.3903939025862,27.4155707879898,27.340021922105,27.3148268185636,27.309787068249,27.3652109487011,27.3652109487011,27.1433386236146,27.2593761790295,27.1988509509866,27.193805596602,27.2392050038562
27.5564493982478,27.6067172400882,27.7021596912783,27.6167679118797,27.5313064183988,27.5162177292145,27.4306740081185,27.3652109487011,27.340021922105,27.2694603047538,27.2896256338382,27.3752848587436,27.2896256338382,27.2038960613414,27.340021922105,27.2845846667777,27.1988509509866,27.2946663574817,27.1837141556074,27.3601736293342,27.340021922105,27.3702480251596,27.3954297650103,27.506157393667,27.4004653847288,27.4155707879898,27.4004653847288,27.4810023198492,27.475970578825,27.506157393667,27.7122012073196,27.7724301033211,27.6971385722891,27.5111876824057,27.5413643354891,27.4659063702468,27.551421285667,27.4105358961847,27.4407416091366,27.4558411927372,27.2845846667777,27.4960960902657,27.4659063702468,27.5212475341273,27.475970578825,27.385357797423,27.4910650755359,27.4910650755359,27.3803214494867,27.5564493982478,28.0980703444506,27.9879666938923,27.8526815051994,27.3652109487011,27.4206054372245,27.385357797423,27.4508082405489,27.4810023198492,27.5665048985609,27.5715322863604,27.551421285667,27.6870956122065,27.8526815051994,28.1780733411736,28.0530418873914,28.1780733411736,28.2080587813783,28.0780600787342,28.1830715081525,28.223048297154,28.1780733411736,28.223048297154,27.7824648884334,28.063049878718,27.9428910032239,27.4960960902657,27.4608739026253,27.5413643354891,27.4810023198492,27.6217928859212,27.6217928859212,27.6217928859212,27.6268176187712,27.8627086137778,27.837639044803,27.8476675914376,27.7523576505433,27.5162177292145,27.4659063702468,27.4960960902657,27.5162177292145,27.5162177292145,27.4910650755359,27.4508082405489,27.5162177292145,27.506157393667,27.4960960902657,27.5212475341273,27.4155707879898,27.4709385956355,27.5111876824057,27.5162177292145,27.5413643354891,27.5313064183988,27.7423199823454,27.5815863374129,27.5212475341273,27.551421285667,27.6368663610303,27.6418903705064,27.5262770971775,27.5665048985609,27.6418903705064,27.4860338187415,27.5363354978248,27.5111876824057,27.4960960902657,27.5011268629649,27.4810023198492,27.5665048985609,27.5413643354891,27.5363354978248,27.551421285667,27.6016915422711,27.6368663610303,27.5313064183988,27.4910650755359,27.4306740081185,27.4860338187415,27.5162177292145,27.5564493982478,27.5614772692013,27.4810023198492,27.4608739026253,27.5212475341273,27.4407416091366,27.4256398439229,27.5715322863604,27.5162177292145,27.5564493982478,27.5262770971775,27.551421285667,27.6469141389248,27.7623943574465,27.8025315774346,27.6971385722891,27.5966656031286,27.6418903705064,27.5564493982478,27.6971385722891,27.6469141389248,27.6720293663216,27.6418903705064,27.651937666319,27.6418903705064,27.5866130007331,27.5564493982478,27.5212475341273,27.5815863374129,27.4357079298451,27.5614772692013,27.5262770971775,27.5011268629649,27.5111876824057,27.5111876824057,27.6720293663216,27.5564493982478,27.5262770971775,27.5212475341273,27.4910650755359,27.4155707879898,27.3903939025862,27.4508082405489,27.4105358961847,27.4055007617757,27.4608739026253,27.5866130007331,27.6921172126096,27.5262770971775,27.5966656031286,27.5916394226271,27.5212475341273,27.5665048985609,27.4810023198492,27.4860338187415,27.5614772692013,27.5665048985609,27.5162177292145,27.4558411927372,27.4558411927372,27.4608739026253,27.385357797423,27.4004653847288,27.4709385956355,27.4357079298451,27.4709385956355,27.506157393667,27.5413643354891,27.5614772692013,27.5363354978248,27.5463929314253,27.4810023198492,27.4155707879898,27.651937666319,27.7924987130493,27.837639044803,27.8576951793018,27.7473389366228,27.631842110463,27.7222417610001,27.6217928859212,27.5966656031286,27.6117426966131,27.5262770971775,27.6016915422711,27.4457750460266,27.4155707879898,27.3652109487011,27.4256398439229,27.5162177292145,27.506157393667,27.4608739026253,27.385357797423,27.4457750460266,27.3652109487011,27.3752848587436,27.2946663574817,27.506157393667,27.4155707879898,27.4960960902657,27.4206054372245,27.3752848587436,27.3601736293342,27.3954297650103,27.3601736293342,27.234161600755,27.2644183636851,27.2089409277006,27.193805596602,27.1887599981537
27.385357797423,27.5614772692013,27.6167679118797,27.7523576505433,27.5413643354891,27.4004653847288,27.4306740081185,27.4155707879898,27.3148268185636,27.2492910788209,27.4004653847288,27.3450602134443,27.3954297650103,27.2694603047538,27.2038960613414,27.1988509509866,27.3198663256309,27.2139855500982,27.234161600755,27.3500982617396,27.3198663256309,27.3500982617396,27.4608739026253,27.7473389366228,27.6820737710463,27.6720293663216,27.5111876824057,27.4357079298451,27.4357079298451,27.4960960902657,27.6820737710463,27.4709385956355,27.5162177292145,27.6670068026902,27.4910650755359,27.4558411927372,27.4508082405489,27.4357079298451,27.5715322863604,27.4558411927372,27.4004653847288,27.3047470746531,27.355136067025,27.4206054372245,27.4910650755359,27.4357079298451,27.5011268629649,27.5463929314253,27.5162177292145,27.5665048985609,27.8576951793018,27.5614772692013,27.3903939025862,27.4105358961847,27.5262770971775,27.4055007617757,27.4910650755359,27.2694603047538,27.5313064183988,27.4256398439229,27.4155707879898,27.5162177292145,27.6268176187712,27.9078187463413,28.043032942706,28.0780600787342,28.0380281127715,27.8025315774346,27.8075476496238,28.1980645842911,28.332906232122,28.2480260793404,27.8476675914376,27.837639044803,28.1230778208426,27.5916394226271,27.5463929314253,27.551421285667,27.5111876824057,27.4860338187415,27.6368663610303,27.7021596912783,27.812563481855,27.9479003691149,27.8827599560813,27.8727347639835,27.7824648884334,27.6921172126096,27.475970578825,27.4608739026253,27.5262770971775,27.4960960902657,27.4960960902657,27.5162177292145,27.5011268629649,27.5765594326333,27.4105358961847,27.5111876824057,27.4659063702468,27.506157393667,27.5111876824057,27.5111876824057,27.5212475341273,27.6971385722891,27.7874819207868,27.5262770971775,27.631842110463,27.7021596912783,27.6971385722891,27.5966656031286,27.5212475341273,27.6770516890958,27.551421285667,27.5765594326333,27.5011268629649,27.5463929314253,27.475970578825,27.4860338187415,27.4960960902657,27.506157393667,27.6067172400882,27.5715322863604,27.5815863374129,27.5765594326333,27.5463929314253,27.5463929314253,27.506157393667,27.4508082405489,27.5011268629649,27.5614772692013,27.5463929314253,27.5665048985609,27.5011268629649,27.4508082405489,27.5715322863604,27.4608739026253,27.5916394226271,27.5614772692013,27.5111876824057,27.5614772692013,27.5564493982478,27.6067172400882,27.6469141389248,27.777447615956,27.7222417610001,27.7322813525865,27.7272616770383,27.6820737710463,27.6268176187712,27.6569609527223,27.6469141389248,27.5564493982478,27.6368663610303,27.6268176187712,27.6167679118797,27.5866130007331,27.5413643354891,27.5715322863604,27.5262770971775,27.551421285667,27.4256398439229,27.4457750460266,27.506157393667,27.5313064183988,27.4306740081185,27.4709385956355,27.4155707879898,27.4910650755359,27.5262770971775,27.4810023198492,27.3903939025862,27.385357797423,27.4558411927372,27.4256398439229,27.5363354978248,27.5111876824057,27.5715322863604,27.631842110463,27.5715322863604,27.5564493982478,27.4860338187415,27.6217928859212,27.5011268629649,27.4860338187415,27.4960960902657,27.5765594326333,27.5715322863604,27.4206054372245,27.4709385956355,27.4608739026253,27.4508082405489,27.4659063702468,27.4256398439229,27.4306740081185,27.506157393667,27.5966656031286,27.6067172400882,27.551421285667,27.5011268629649,27.6368663610303,27.5665048985609,27.6268176187712,27.6770516890958,27.7172216044382,27.7824648884334,27.9378813982687,27.8877721929225,27.8677218086608,27.9679354426974,27.8025315774346,27.777447615956,27.5966656031286,27.6016915422711,27.6770516890958,27.5866130007331,27.4558411927372,27.385357797423,27.4206054372245,27.5111876824057,27.506157393667,27.4810023198492,27.4810023198492,27.4709385956355,27.3702480251596,27.3903939025862,27.385357797423,27.3702480251596,27.475970578825,27.4910650755359,27.3500982617396,27.3702480251596,27.3349833876879,27.4004653847288,27.3198663256309,27.2997068377419,27.3803214494867,27.3249055894848,27.2745020022695,27.3198663256309,27.3148268185636
27.551421285667,27.6067172400882,27.4004653847288,27.7724301033211,27.631842110463,27.5262770971775,27.4206054372245,27.5715322863604,27.2845846667777,27.1837141556074,27.3702480251596,27.3702480251596,27.3652109487011,27.3249055894848,27.2845846667777,27.3752848587436,27.309787068249,27.309787068249,27.2392050038562,27.2442481632001,27.2795434562661,27.2946663574817,27.3652109487011,27.5363354978248,27.6870956122065,27.7924987130493,27.6619839981682,27.6569609527223,27.5564493982478,27.5011268629649,27.4960960902657,27.5162177292145,27.3702480251596,27.4860338187415,27.4910650755359,27.4860338187415,27.7322813525865,27.7322813525865,27.4306740081185,27.4055007617757,27.4558411927372,27.5715322863604,27.309787068249,27.5011268629649,27.4910650755359,27.3903939025862,27.2997068377419,27.3249055894848,27.5564493982478,27.5212475341273,27.5363354978248,27.4155707879898,27.4206054372245,27.4004653847288,27.4004653847288,27.4004653847288,27.4155707879898,27.4055007617757,27.4004653847288,27.4659063702468,27.3903939025862,27.4659063702468,27.5363354978248,27.5363354978248,27.5564493982478,27.5212475341273,27.5212475341273,27.4960960902657,27.6418903705064,27.631842110463,28.2630099036222,28.3029563442362,27.9378813982687,28.332906232122,28.4526207095317,27.7122012073196,27.475970578825,27.5665048985609,27.7122012073196,28.0530418873914,27.812563481855,27.7322813525865,27.5916394226271,27.8426534379831,27.8627086137778,27.7573761241401,27.7322813525865,27.7322813525865,27.6921172126096,27.4357079298451,27.4357079298451,27.5313064183988,27.5262770971775,27.5212475341273,27.4508082405489,27.4860338187415,27.3652109487011,27.4256398439229,27.4508082405489,27.4508082405489,27.5564493982478,27.506157393667,27.5313064183988,27.551421285667,27.6670068026902,27.5313064183988,27.5363354978248,27.6167679118797,27.7473389366228,27.7373007876777,27.5815863374129,27.5665048985609,27.5765594326333,27.4910650755359,27.4709385956355,27.5212475341273,27.5765594326333,27.5011268629649,27.5916394226271,27.5866130007331,27.5715322863604,27.651937666319,27.6619839981682,27.6418903705064,27.6418903705064,27.5564493982478,27.3954297650103,27.4206054372245,27.4256398439229,27.4558411927372,27.5413643354891,27.5715322863604,27.4960960902657,27.5313064183988,27.4659063702468,27.5815863374129,27.5564493982478,27.6670068026902,27.4206054372245,27.6720293663216,27.7373007876777,27.6167679118797,27.5966656031286,27.7473389366228,27.777447615956,27.6167679118797,27.7373007876777,27.7222417610001,27.6569609527223,27.651937666319,27.6117426966131,27.631842110463,27.6870956122065,27.6067172400882,27.6569609527223,27.5665048985609,27.5614772692013,27.551421285667,27.5313064183988,27.5463929314253,27.5313064183988,27.5262770971775,27.4860338187415,27.5463929314253,27.5614772692013,27.475970578825,27.5011268629649,27.506157393667,27.4910650755359,27.4608739026253,27.3500982617396,27.4256398439229,27.3652109487011,27.3803214494867,27.4055007617757,27.551421285667,27.5665048985609,27.631842110463,27.6770516890958,27.5866130007331,27.5765594326333,27.5715322863604,27.5111876824057,27.5212475341273,27.5866130007331,27.5564493982478,27.5111876824057,27.3954297650103,27.4960960902657,27.4004653847288,27.385357797423,27.5614772692013,27.6469141389248,27.5262770971775,27.506157393667,27.4608739026253,27.6569609527223,27.4508082405489,27.4457750460266,27.651937666319,27.6167679118797,27.6067172400882,27.4960960902657,27.6217928859212,27.8025315774346,27.8877721929225,27.837639044803,27.9729436137625,27.982959239327,27.9579183838364,27.7924987130493,27.7071805696107,27.5866130007331,27.4306740081185,27.5866130007331,27.4960960902657,27.4306740081185,27.5313064183988,27.4457750460266,27.5262770971775,27.4508082405489,27.3702480251596,27.340021922105,27.4709385956355,27.506157393667,27.4960960902657,27.3249055894848,27.4105358961847,27.4457750460266,27.3702480251596,27.4256398439229,27.3803214494867,27.4055007617757,27.3803214494867,27.3148268185636,27.2896256338382,27.2896256338382,27.2745020022695,27.2896256338382,27.2038960613414
27.3652109487011,27.631842110463,27.4608739026253,27.5564493982478,27.6921172126096,27.4357079298451,27.5765594326333,27.6016915422711,27.340021922105,27.3652109487011,27.3803214494867,27.4608739026253,27.3500982617396,27.4055007617757,27.3903939025862,27.2845846667777,27.2240740631453,27.2694603047538,27.2240740631453,27.2845846667777,27.3702480251596,27.3047470746531,27.2845846667777,27.4206054372245,27.5111876824057,27.4860338187415,27.4306740081185,27.506157393667,27.4910650755359,27.6569609527223,27.5011268629649,27.4810023198492,27.4709385956355,27.4004653847288,27.3702480251596,27.4810023198492,27.6268176187712,27.8827599560813,27.6016915422711,27.5715322863604,27.4357079298451,27.5665048985609,27.4457750460266,27.475970578825,27.6619839981682,27.5111876824057,27.3752848587436,27.4709385956355,27.5313064183988,27.4004653847288,27.4256398439229,27.4105358961847,27.4206054372245,27.5011268629649,27.4055007617757,27.5212475341273,27.4004653847288,27.5011268629649,27.4206054372245,27.4709385956355,27.4357079298451,27.5313064183988,27.4357079298451,27.5212475341273,27.506157393667,27.5413643354891,27.5162177292145,27.506157393667,27.4709385956355,27.6619839981682,27.9428910032239,28.4276914056455,28.3578579676639,28.3927804716586,28.4077437165986,28.1880694376433,28.043032942706,27.9779515459613,27.9529094959747,27.7322813525865,27.631842110463,27.6619839981682,27.6016915422711,27.777447615956,27.8075476496238,27.7322813525865,27.5614772692013,27.6167679118797,27.551421285667,27.5363354978248,27.5111876824057,27.5162177292145,27.4306740081185,27.4960960902657,27.5011268629649,27.5212475341273,27.4407416091366,27.5162177292145,27.5765594326333,27.7071805696107,27.6971385722891,27.5212475341273,27.5463929314253,27.4910650755359,27.5262770971775,27.6368663610303,27.7724301033211,27.9479003691149,27.7674123504958,27.8727347639835,27.5463929314253,27.5614772692013,27.651937666319,27.6670068026902,27.6418903705064,27.6117426966131,27.6971385722891,27.6870956122065,27.6921172126096,27.6469141389248,27.6720293663216,27.5614772692013,27.5815863374129,27.6016915422711,27.6268176187712,27.5413643354891,27.5262770971775,27.5413643354891,27.4155707879898,27.4206054372245,27.5614772692013,27.5363354978248,27.5313064183988,27.5866130007331,27.5866130007331,27.631842110463,27.6016915422711,27.5363354978248,27.5564493982478,27.551421285667,27.6670068026902,27.5614772692013,27.6016915422711,27.7222417610001,27.7674123504958,27.7674123504958,27.6921172126096,27.7071805696107,27.5866130007331,27.6217928859212,27.5413643354891,27.5665048985609,27.5815863374129,27.6167679118797,27.5614772692013,27.6167679118797,27.5614772692013,27.5564493982478,27.5162177292145,27.5665048985609,27.551421285667,27.5413643354891,27.3954297650103,27.4960960902657,27.5262770971775,27.5212475341273,27.4960960902657,27.4457750460266,27.4558411927372,27.475970578825,27.4810023198492,27.4659063702468,27.3903939025862,27.4709385956355,27.4457750460266,27.5815863374129,27.5212475341273,27.5413643354891,27.5765594326333,27.5765594326333,27.6217928859212,27.5262770971775,27.5614772692013,27.5162177292145,27.5665048985609,27.4206054372245,27.5564493982478,27.5363354978248,27.4206054372245,27.3652109487011,27.4558411927372,27.475970578825,27.5262770971775,27.5011268629649,27.4508082405489,27.4910650755359,27.6117426966131,27.5765594326333,27.4709385956355,27.6067172400882,27.631842110463,27.6720293663216,27.7623943574465,27.6820737710463,27.6971385722891,27.8025315774346,27.8225944265762,27.8677218086608,27.9679354426974,27.7021596912783,27.7272616770383,27.7021596912783,27.5665048985609,27.4306740081185,27.5413643354891,27.4910650755359,27.4457750460266,27.3349833876879,27.4256398439229,27.4256398439229,27.4608739026253,27.3601736293342,27.4558411927372,27.4709385956355,27.4457750460266,27.4608739026253,27.4810023198492,27.4105358961847,27.4055007617757,27.5262770971775,27.4155707879898,27.4860338187415,27.2997068377419,27.3299446101592,27.2946663574817,27.4206054372245,27.2745020022695,27.2997068377419,27.2997068377419,27.1837141556074
27.5413643354891,27.3601736293342,27.3752848587436,27.5564493982478,27.6117426966131,27.6167679118797,27.385357797423,27.5363354978248,27.5765594326333,27.3349833876879,27.2593761790295,27.2745020022695,27.340021922105,27.340021922105,27.3752848587436,27.3652109487011,27.4306740081185,27.3349833876879,27.2543337507527,27.3299446101592,27.3450602134443,27.3249055894848,27.3601736293342,27.340021922105,27.309787068249,27.3500982617396,27.2896256338382,27.4306740081185,27.4055007617757,27.6418903705064,27.4155707879898,27.4457750460266,27.4810023198492,27.4709385956355,27.1483864201735,27.2745020022695,27.4709385956355,27.5614772692013,27.5564493982478,27.4357079298451,27.4004653847288,27.6268176187712,27.5715322863604,27.6268176187712,27.6770516890958,27.7122012073196,27.4860338187415,27.5413643354891,27.4457750460266,27.3198663256309,27.3803214494867,27.3954297650103,27.3198663256309,27.4357079298451,27.4709385956355,27.3903939025862,27.4256398439229,27.355136067025,27.3601736293342,27.3903939025862,27.4558411927372,27.4357079298451,27.4407416091366,27.5313064183988,27.4256398439229,27.4407416091366,27.5111876824057,27.4960960902657,27.4960960902657,27.5111876824057,27.6921172126096,28.4077437165986,28.5622396876777,28.4376638346625,28.4476353203531,28.3678370072086,28.6020729131087,28.4177180330437,27.9479003691149,27.651937666319,27.5815863374129,27.5665048985609,27.6368663610303,27.8276095391327,27.6870956122065,27.8175790741614,27.6870956122065,27.6619839981682,27.506157393667,27.4608739026253,27.5011268629649,27.4357079298451,27.5162177292145,27.4960960902657,27.4407416091366,27.4357079298451,27.4960960902657,27.4558411927372,27.5916394226271,27.631842110463,27.6016915422711,27.5463929314253,27.631842110463,27.5313064183988,27.5313064183988,27.8025315774346,27.8627086137778,27.6368663610303,27.5966656031286,27.8426534379831,27.5162177292145,27.5162177292145,27.651937666319,27.7473389366228,27.6619839981682,27.7573761241401,27.8627086137778,27.8526815051994,27.6921172126096,27.6469141389248,27.6619839981682,27.5916394226271,27.5765594326333,27.6067172400882,27.6368663610303,27.5815863374129,27.5966656031286,27.6167679118797,27.5363354978248,27.5111876824057,27.5966656031286,27.6820737710463,27.5866130007331,27.8075476496238,27.6217928859212,27.631842110463,27.5815863374129,27.651937666319,27.5815863374129,27.5715322863604,27.6368663610303,27.5765594326333,27.6217928859212,27.7322813525865,27.6117426966131,27.6167679118797,27.7322813525865,27.6971385722891,27.631842110463,27.6217928859212,27.6268176187712,27.6268176187712,27.6619839981682,27.6217928859212,27.6720293663216,27.7523576505433,27.6016915422711,27.5966656031286,27.6569609527223,27.5162177292145,27.5363354978248,27.5262770971775,27.5916394226271,27.5413643354891,27.4860338187415,27.5463929314253,27.5011268629649,27.4608739026253,27.4206054372245,27.4558411927372,27.3803214494867,27.4457750460266,27.385357797423,27.3299446101592,27.3803214494867,27.4407416091366,27.4206054372245,27.5966656031286,27.475970578825,27.5413643354891,27.6619839981682,27.5212475341273,27.4357079298451,27.5815863374129,27.6770516890958,27.4608739026253,27.5966656031286,27.4508082405489,27.3803214494867,27.4910650755359,27.4105358961847,27.4659063702468,27.4256398439229,27.4659063702468,27.4709385956355,27.4659063702468,27.5463929314253,27.5916394226271,27.551421285667,27.6016915422711,27.5363354978248,27.6268176187712,27.6870956122065,27.6067172400882,27.7523576505433,27.892784190336,27.8276095391327,27.8827599560813,27.962927032733,27.6820737710463,27.5815863374129,27.812563481855,27.7021596912783,27.5463929314253,27.5866130007331,27.4558411927372,27.4306740081185,27.4155707879898,27.3249055894848,27.3450602134443,27.3450602134443,27.4558411927372,27.4306740081185,27.4608739026253,27.4810023198492,27.4810023198492,27.3601736293342,27.4105358961847,27.4256398439229,27.4206054372245,27.4407416091366,27.4357079298451,27.4105358961847,27.385357797423,27.2694603047538,27.3349833876879,27.2997068377419,27.2593761790295,27.2946663574817,27.2795434562661
27.3752848587436,27.2593761790295,27.3702480251596,27.3450602134443,27.475970578825,27.7021596912783,27.5262770971775,27.4105358961847,27.4508082405489,27.3249055894848,27.3299446101592,27.2745020022695,27.2795434562661,27.2946663574817,27.3752848587436,27.3148268185636,27.3249055894848,27.309787068249,27.3954297650103,27.385357797423,27.3652109487011,27.3299446101592,27.3349833876879,27.3249055894848,27.3047470746531,27.355136067025,27.3450602134443,27.309787068249,27.4004653847288,27.4508082405489,27.4960960902657,27.6016915422711,27.5916394226271,27.5916394226271,27.3752848587436,27.3652109487011,27.2795434562661,27.3702480251596,27.5162177292145,27.5262770971775,27.4306740081185,27.475970578825,27.5765594326333,27.5765594326333,27.4810023198492,27.5916394226271,27.7272616770383,27.9028074670123,27.4558411927372,27.3903939025862,27.3903939025862,27.4105358961847,27.4105358961847,27.4105358961847,27.5212475341273,27.4055007617757,27.4256398439229,27.3803214494867,27.4457750460266,27.4860338187415,27.5413643354891,27.4608739026253,27.4659063702468,27.4910650755359,27.5011268629649,27.5212475341273,27.5111876824057,27.5111876824057,27.5111876824057,27.4860338187415,27.5463929314253,28.3977684560513,28.646867332668,28.5622396876777,28.4326777380859,28.5871372152255,28.4675754627885,28.228044327915,28.048037534235,27.6217928859212,27.5363354978248,27.5866130007331,27.8326244118639,27.962927032733,27.6921172126096,27.8276095391327,27.6569609527223,27.5413643354891,27.651937666319,27.5162177292145,27.4306740081185,27.5262770971775,27.5011268629649,27.4508082405489,27.4558411927372,27.5111876824057,27.4457750460266,27.5162177292145,27.5815863374129,27.5011268629649,27.5212475341273,27.6217928859212,27.5463929314253,27.6016915422711,27.5866130007331,27.5765594326333,27.551421285667,27.5011268629649,27.6418903705064,27.7724301033211,27.651937666319,27.6569609527223,27.5866130007331,27.7021596912783,27.5815863374129,27.6870956122065,27.6167679118797,27.6418903705064,27.5011268629649,27.6469141389248,27.631842110463,27.5715322863604,27.5765594326333,27.5765594326333,27.6268176187712,27.551421285667,27.5212475341273,27.385357797423,27.3954297650103,27.5363354978248,27.5212475341273,27.6770516890958,27.6368663610303,27.5463929314253,27.5966656031286,27.5614772692013,27.5564493982478,27.6016915422711,27.6067172400882,27.551421285667,27.5313064183988,27.5916394226271,27.5866130007331,27.6067172400882,27.5765594326333,27.6167679118797,27.6921172126096,27.7523576505433,27.6619839981682,27.5614772692013,27.5715322863604,27.6720293663216,27.6418903705064,27.6619839981682,27.6720293663216,27.6921172126096,27.6720293663216,27.6067172400882,27.651937666319,27.6469141389248,27.6217928859212,27.5564493982478,27.4860338187415,27.5212475341273,27.475970578825,27.506157393667,27.4306740081185,27.4659063702468,27.5162177292145,27.3249055894848,27.3299446101592,27.3249055894848,27.3249055894848,27.385357797423,27.4105358961847,27.2946663574817,27.4306740081185,27.5011268629649,27.5363354978248,27.4306740081185,27.5614772692013,27.4910650755359,27.4659063702468,27.5413643354891,27.5765594326333,27.5463929314253,27.385357797423,27.4407416091366,27.4306740081185,27.4155707879898,27.5111876824057,27.4659063702468,27.4155707879898,27.4357079298451,27.475970578825,27.4709385956355,27.5313064183988,27.551421285667,27.6418903705064,27.551421285667,27.6469141389248,27.5111876824057,27.6418903705064,27.6921172126096,27.777447615956,27.812563481855,27.7573761241401,27.9328715542163,27.7473389366228,27.6770516890958,27.6720293663216,27.8075476496238,27.5765594326333,27.5212475341273,27.5212475341273,27.4357079298451,27.4709385956355,27.3702480251596,27.355136067025,27.3249055894848,27.4508082405489,27.4608739026253,27.5262770971775,27.3349833876879,27.4709385956355,27.340021922105,27.3249055894848,27.3500982617396,27.4508082405489,27.4306740081185,27.3803214494867,27.4004653847288,27.3601736293342,27.2896256338382,27.2089409277006,27.2694603047538,27.2190299285684,27.2139855500982,27.2038960613414,27.1534339723613
27.3903939025862,27.2593761790295,27.234161600755,27.4306740081185,27.2392050038562,27.4659063702468,27.631842110463,27.5313064183988,27.234161600755,27.3299446101592,27.2543337507527,27.2845846667777,27.3601736293342,27.3803214494867,27.3752848587436,27.340021922105,27.3601736293342,27.4155707879898,27.3450602134443,27.3349833876879,27.340021922105,27.193805596602,27.4206054372245,27.2795434562661,27.2896256338382,27.2745020022695,27.2745020022695,27.2946663574817,27.475970578825,27.506157393667,27.4910650755359,27.4960960902657,27.475970578825,27.5564493982478,27.3752848587436,27.3752848587436,27.2038960613414,27.4055007617757,27.5363354978248,27.4306740081185,27.4256398439229,27.4055007617757,27.4357079298451,27.4055007617757,27.5212475341273,27.5866130007331,27.7172216044382,27.9879666938923,27.6619839981682,27.4558411927372,27.3803214494867,27.3601736293342,27.3702480251596,27.4357079298451,27.4155707879898,27.4457750460266,27.4659063702468,27.4306740081185,27.4055007617757,27.6067172400882,27.6921172126096,27.651937666319,27.5111876824057,27.4357079298451,27.4055007617757,27.5363354978248,27.506157393667,27.5011268629649,27.506157393667,27.4860338187415,27.4960960902657,27.9879666938923,28.7264549750173,28.6170064980665,28.5423174353593,28.4576058629756,27.8576951793018,28.1430795199092,27.9729436137625,27.9779515459613,27.8526815051994,27.9579183838364,27.962927032733,27.9729436137625,27.7071805696107,27.651937666319,27.6770516890958,27.5363354978248,27.5413643354891,27.5011268629649,27.4810023198492,27.4659063702468,27.4960960902657,27.5463929314253,27.551421285667,27.5162177292145,27.4508082405489,27.506157393667,27.5313064183988,27.5715322863604,27.651937666319,27.6619839981682,27.6117426966131,27.6016915422711,27.5916394226271,27.5262770971775,27.5715322863604,27.5614772692013,27.5564493982478,27.7423199823454,27.651937666319,27.6971385722891,27.7071805696107,27.6569609527223,27.7272616770383,27.7573761241401,27.6870956122065,27.6619839981682,27.6368663610303,27.7473389366228,27.6418903705064,27.5614772692013,27.5162177292145,27.5715322863604,27.5866130007331,27.7071805696107,27.5413643354891,27.4960960902657,27.5313064183988,27.506157393667,27.5966656031286,27.5162177292145,27.5966656031286,27.5463929314253,27.5916394226271,27.6418903705064,27.6820737710463,27.6418903705064,27.5262770971775,27.5614772692013,27.5966656031286,27.5564493982478,27.551421285667,27.6720293663216,27.6469141389248,27.837639044803,27.7423199823454,27.7924987130493,27.6770516890958,27.7071805696107,27.6268176187712,27.7172216044382,27.6971385722891,27.7222417610001,27.7423199823454,27.7874819207868,27.7071805696107,27.6117426966131,27.5111876824057,27.5463929314253,27.6670068026902,27.506157393667,27.5966656031286,27.506157393667,27.4457750460266,27.4810023198492,27.5665048985609,27.506157393667,27.4457750460266,27.340021922105,27.3954297650103,27.3903939025862,27.4457750460266,27.3652109487011,27.4306740081185,27.4508082405489,27.4105358961847,27.506157393667,27.4659063702468,27.4508082405489,27.5011268629649,27.5262770971775,27.6016915422711,27.5564493982478,27.6167679118797,27.651937666319,27.5815863374129,27.5966656031286,27.5162177292145,27.5212475341273,27.4608739026253,27.475970578825,27.4910650755359,27.4155707879898,27.4306740081185,27.340021922105,27.4659063702468,27.475970578825,27.4860338187415,27.4960960902657,27.5665048985609,27.5916394226271,27.5715322863604,27.6217928859212,27.8627086137778,27.7874819207868,27.6921172126096,27.6469141389248,27.6971385722891,27.7071805696107,27.777447615956,27.6971385722891,27.5966656031286,27.5313064183988,27.5413643354891,27.5363354978248,27.4004653847288,27.355136067025,27.4306740081185,27.3249055894848,27.3652109487011,27.385357797423,27.4558411927372,27.4910650755359,27.4508082405489,27.4659063702468,27.4860338187415,27.3299446101592,27.340021922105,27.4457750460266,27.355136067025,27.3903939025862,27.2038960613414,27.3601736293342,27.3198663256309,27.2845846667777,27.2442481632001,27.2442481632001,27.1584812802121,27.1736217380844
27.3954297650103,27.2694603047538,27.2745020022695,27.309787068249,27.1685751630395,27.2694603047538,27.3752848587436,27.475970578825,27.3299446101592,27.3047470746531,27.1433386236146,27.1635283437601,27.3500982617396,27.3047470746531,27.2946663574817,27.3047470746531,27.2089409277006,27.3299446101592,27.309787068249,27.3148268185636,27.3500982617396,27.3299446101592,27.3601736293342,27.3249055894848,27.3249055894848,27.2896256338382,27.3702480251596,27.3903939025862,27.4105358961847,27.4910650755359,27.4105358961847,27.3954297650103,27.4357079298451,27.2997068377419,27.4155707879898,27.3752848587436,27.3652109487011,27.4558411927372,27.4659063702468,27.5765594326333,27.3349833876879,27.4256398439229,27.3198663256309,27.4004653847288,27.3954297650103,27.4004653847288,27.4960960902657,27.9078187463413,27.9529094959747,27.475970578825,27.3752848587436,27.4256398439229,27.385357797423,27.4457750460266,27.6067172400882,27.4608739026253,27.4457750460266,27.4306740081185,27.5363354978248,27.551421285667,27.5866130007331,27.6820737710463,27.631842110463,27.4407416091366,27.5162177292145,27.5162177292145,27.5011268629649,27.4960960902657,27.385357797423,27.4910650755359,27.4960960902657,27.6670068026902,28.5423174353593,28.666769865686,28.497478607949,28.258015532538,27.631842110463,27.7373007876777,28.1280786023483,28.0230121922066,27.9779515459613,27.8025315774346,27.8476675914376,27.8426534379831,27.6418903705064,27.5212475341273,27.6268176187712,27.5162177292145,27.551421285667,27.4810023198492,27.506157393667,27.4407416091366,27.506157393667,27.4960960902657,27.5262770971775,27.5665048985609,27.4810023198492,27.4306740081185,27.506157393667,27.506157393667,27.5614772692013,27.5463929314253,27.5715322863604,27.5866130007331,27.5614772692013,27.5665048985609,27.6067172400882,27.6016915422711,27.6268176187712,27.6870956122065,27.7021596912783,27.4910650755359,27.6770516890958,27.5715322863604,27.7423199823454,27.7473389366228,27.6268176187712,27.6167679118797,27.6368663610303,27.7523576505433,27.6368663610303,27.5564493982478,27.6469141389248,27.6268176187712,27.7674123504958,27.5765594326333,27.506157393667,27.4960960902657,27.5011268629649,27.4860338187415,27.6268176187712,27.5111876824057,27.5715322863604,27.5111876824057,27.4910650755359,27.5966656031286,27.7473389366228,27.5715322863604,27.5614772692013,27.6167679118797,27.6167679118797,27.6016915422711,27.5212475341273,27.6117426966131,27.7322813525865,27.6720293663216,27.8175790741614,27.6670068026902,27.6971385722891,27.7172216044382,27.6670068026902,27.6670068026902,27.6870956122065,27.7122012073196,27.7373007876777,27.7724301033211,27.6167679118797,27.5916394226271,27.5011268629649,27.6217928859212,27.6167679118797,27.6368663610303,27.631842110463,27.5011268629649,27.4960960902657,27.4105358961847,27.5614772692013,27.4357079298451,27.4306740081185,27.5564493982478,27.4004653847288,27.355136067025,27.3803214494867,27.3903939025862,27.355136067025,27.3752848587436,27.4055007617757,27.4608739026253,27.5111876824057,27.4810023198492,27.506157393667,27.5413643354891,27.5564493982478,27.5262770971775,27.6619839981682,27.6469141389248,27.6067172400882,27.5765594326333,27.3954297650103,27.5665048985609,27.4860338187415,27.4709385956355,27.4306740081185,27.4860338187415,27.4860338187415,27.4508082405489,27.4910650755359,27.5313064183988,27.5363354978248,27.5212475341273,27.6016915422711,27.6770516890958,27.5715322863604,27.6670068026902,27.7874819207868,27.7322813525865,27.7473389366228,27.7272616770383,27.6619839981682,27.7222417610001,27.8025315774346,27.6971385722891,27.631842110463,27.5011268629649,27.551421285667,27.5715322863604,27.5413643354891,27.6067172400882,27.475970578825,27.4860338187415,27.340021922105,27.4457750460266,27.3803214494867,27.4407416091366,27.4659063702468,27.4709385956355,27.4407416091366,27.4659063702468,27.4659063702468,27.309787068249,27.4457750460266,27.3500982617396,27.3601736293342,27.2745020022695,27.2845846667777,27.3299446101592,27.2492910788209,27.2644183636851,27.2442481632001,27.2190299285684
27.3299446101592,27.3349833876879,27.2644183636851,27.309787068249,27.2240740631453,27.2240740631453,27.3047470746531,27.2492910788209,27.4608739026253,27.1534339723613,27.234161600755,27.2543337507527,27.2896256338382,27.2038960613414,27.2392050038562,27.3198663256309,27.3954297650103,27.3299446101592,27.2946663574817,27.2543337507527,27.3903939025862,27.2190299285684,27.1837141556074,27.3299446101592,27.2997068377419,27.2896256338382,27.4659063702468,27.355136067025,27.3803214494867,27.4457750460266,27.4860338187415,27.4004653847288,27.4206054372245,27.3500982617396,27.5262770971775,27.3349833876879,27.4709385956355,27.4860338187415,27.4709385956355,27.4709385956355,27.4004653847288,27.3299446101592,27.4608739026253,27.3198663256309,27.4055007617757,27.3601736293342,27.4508082405489,27.7975152652541,27.7924987130493,27.7373007876777,27.4860338187415,27.4155707879898,27.4206054372245,27.5665048985609,27.4810023198492,27.6117426966131,27.5011268629649,27.5614772692013,27.5313064183988,27.506157393667,27.5212475341273,27.4810023198492,27.4457750460266,27.5212475341273,27.4659063702468,27.4608739026253,27.4055007617757,27.4508082405489,27.4306740081185,27.4004653847288,27.5313064183988,28.1080740489112,28.0680535169536,28.5572594772178,28.277991595206,28.253020924455,27.8827599560813,27.9128297863749,28.0029876251156,27.982959239327,27.9879666938923,27.9779515459613,27.7373007876777,27.8476675914376,27.651937666319,27.631842110463,27.6368663610303,27.5313064183988,27.5313064183988,27.4055007617757,27.4206054372245,27.4256398439229,27.4306740081185,27.4810023198492,27.4659063702468,27.4558411927372,27.4155707879898,27.4558411927372,27.4659063702468,27.4407416091366,27.4155707879898,27.5564493982478,27.6016915422711,27.6720293663216,27.651937666319,27.5815863374129,27.5614772692013,27.506157393667,27.506157393667,27.5916394226271,27.6770516890958,27.6670068026902,27.6016915422711,27.5212475341273,27.6770516890958,27.5463929314253,27.4910650755359,27.5916394226271,27.6016915422711,27.6569609527223,27.631842110463,27.6368663610303,27.5463929314253,27.7373007876777,27.6770516890958,27.6117426966131,27.551421285667,27.4709385956355,27.5463929314253,27.5111876824057,27.5212475341273,27.4810023198492,27.6619839981682,27.5815863374129,27.5916394226271,27.6569609527223,27.5966656031286,27.5765594326333,27.6469141389248,27.5463929314253,27.6217928859212,27.6016915422711,27.5815863374129,27.631842110463,27.651937666319,27.6720293663216,27.7674123504958,27.6870956122065,27.6670068026902,27.7272616770383,27.7272616770383,27.7373007876777,27.6067172400882,27.6368663610303,27.7122012073196,27.8225944265762,27.6067172400882,27.5262770971775,27.5413643354891,27.6820737710463,27.6770516890958,27.6870956122065,27.6770516890958,27.5665048985609,27.4407416091366,27.5463929314253,27.5162177292145,27.4457750460266,27.5111876824057,27.3299446101592,27.3299446101592,27.385357797423,27.3903939025862,27.4206054372245,27.4306740081185,27.3652109487011,27.3500982617396,27.355136067025,27.4155707879898,27.4105358961847,27.4910650755359,27.4558411927372,27.5212475341273,27.475970578825,27.5866130007331,27.6368663610303,27.6067172400882,27.5363354978248,27.5212475341273,27.4457750460266,27.5564493982478,27.5011268629649,27.4558411927372,27.4608739026253,27.4407416091366,27.3702480251596,27.4709385956355,27.4457750460266,27.551421285667,27.5413643354891,27.6619839981682,27.5765594326333,27.5564493982478,27.6469141389248,27.7473389366228,27.7523576505433,27.7724301033211,27.6770516890958,27.7573761241401,27.651937666319,27.6820737710463,27.6117426966131,27.6670068026902,27.5866130007331,27.4357079298451,27.5212475341273,27.5715322863604,27.4508082405489,27.5564493982478,27.4105358961847,27.3450602134443,27.3752848587436,27.4256398439229,27.475970578825,27.4256398439229,27.4608739026253,27.3803214494867,27.4659063702468,27.3702480251596,27.3601736293342,27.2694603047538,27.4256398439229,27.3198663256309,27.2694603047538,27.2795434562661,27.3198663256309,27.2240740631453,27.1988509509866,27.1887599981537,27.1635283437601
27.2946663574817,27.2543337507527,27.3601736293342,27.2442481632001,27.193805596602,27.2442481632001,27.2291179538628,27.3450602134443,27.4860338187415,27.3198663256309,27.2694603047538,27.3601736293342,27.2442481632001,27.2038960613414,27.2392050038562,27.2694603047538,27.3299446101592,27.2392050038562,27.3450602134443,27.2845846667777,27.2845846667777,27.3249055894848,27.2745020022695,27.1837141556074,27.3450602134443,27.2492910788209,27.3903939025862,27.551421285667,27.475970578825,27.5212475341273,27.4910650755359,27.5011268629649,27.4960960902657,27.506157393667,27.5363354978248,27.3249055894848,27.475970578825,27.4256398439229,27.4256398439229,27.3752848587436,27.4608739026253,27.4709385956355,27.3500982617396,27.3803214494867,27.4306740081185,27.3349833876879,27.3198663256309,27.4810023198492,27.7874819207868,27.812563481855,27.9278614710339,27.9428910032239,27.7222417610001,27.7623943574465,27.7824648884334,27.4508082405489,27.5111876824057,27.4256398439229,27.4004653847288,27.4709385956355,27.4105358961847,27.4558411927372,27.5262770971775,27.6067172400882,27.4457750460266,27.475970578825,27.4860338187415,27.4357079298451,27.4709385956355,27.5212475341273,27.7473389366228,28.1680762946208,27.7874819207868,28.0730569169481,28.3778151016153,28.063049878718,28.332906232122,27.9028074670123,27.9128297863749,27.7272616770383,27.8627086137778,28.048037534235,27.9428910032239,27.6870956122065,27.6368663610303,27.6268176187712,27.6268176187712,27.5111876824057,27.6368663610303,27.5162177292145,27.5564493982478,27.4457750460266,27.4357079298451,27.475970578825,27.4960960902657,27.4407416091366,27.4960960902657,27.4457750460266,27.4407416091366,27.4105358961847,27.5111876824057,27.506157393667,27.551421285667,27.5815863374129,27.5815863374129,27.4709385956355,27.5011268629649,27.4206054372245,27.5463929314253,27.5463929314253,27.7573761241401,27.7573761241401,27.5665048985609,27.5262770971775,27.5564493982478,27.6720293663216,27.5262770971775,27.5313064183988,27.4910650755359,27.5815863374129,27.5313064183988,27.6268176187712,27.6418903705064,27.6670068026902,27.7924987130493,27.5614772692013,27.5765594326333,27.4860338187415,27.5212475341273,27.4457750460266,27.4608739026253,27.5916394226271,27.5564493982478,27.4960960902657,27.4960960902657,27.5665048985609,27.6469141389248,27.6016915422711,27.6770516890958,27.6569609527223,27.551421285667,27.5212475341273,27.6368663610303,27.6167679118797,27.7573761241401,27.7975152652541,27.777447615956,27.777447615956,27.9128297863749,27.7724301033211,27.6770516890958,27.5916394226271,27.6268176187712,27.5866130007331,27.7824648884334,27.7623943574465,27.7272616770383,27.6167679118797,27.5162177292145,27.5463929314253,27.6870956122065,27.6619839981682,27.6117426966131,27.4709385956355,27.5614772692013,27.4810023198492,27.4960960902657,27.5011268629649,27.4155707879898,27.5111876824057,27.4810023198492,27.506157393667,27.4206054372245,27.475970578825,27.4004653847288,27.355136067025,27.4105358961847,27.4810023198492,27.3702480251596,27.3299446101592,27.4105358961847,27.4810023198492,27.4659063702468,27.4206054372245,27.506157393667,27.6569609527223,27.5313064183988,27.5313064183988,27.5111876824057,27.5313064183988,27.4558411927372,27.5313064183988,27.5413643354891,27.4306740081185,27.4256398439229,27.4256398439229,27.4055007617757,27.4608739026253,27.4457750460266,27.4960960902657,27.5413643354891,27.6217928859212,27.5463929314253,27.6971385722891,27.6971385722891,27.6670068026902,27.7021596912783,27.651937666319,27.6619839981682,27.6418903705064,27.6870956122065,27.5262770971775,27.5011268629649,27.5363354978248,27.5564493982478,27.4910650755359,27.4659063702468,27.4910650755359,27.475970578825,27.355136067025,27.3198663256309,27.3752848587436,27.4105358961847,27.475970578825,27.475970578825,27.4256398439229,27.4357079298451,27.4709385956355,27.4659063702468,27.3601736293342,27.355136067025,27.4357079298451,27.4004653847288,27.2896256338382,27.2997068377419,27.2845846667777,27.2291179538628,27.2543337507527,27.1887599981537,27.2291179538628
27.506157393667,27.3601736293342,27.2442481632001,27.2038960613414,27.2291179538628,27.2291179538628,27.3198663256309,27.4155707879898,27.3702480251596,27.5313064183988,27.3299446101592,27.3652109487011,27.2492910788209,27.2240740631453,27.3148268185636,27.2190299285684,27.3299446101592,27.340021922105,27.2694603047538,27.1988509509866,27.3500982617396,27.2038960613414,27.2492910788209,27.2795434562661,27.3702480251596,27.3148268185636,27.3702480251596,27.2845846667777,27.4709385956355,27.3601736293342,27.5212475341273,27.5815863374129,27.5665048985609,27.5715322863604,27.4256398439229,27.3652109487011,27.4105358961847,27.3954297650103,27.3249055894848,27.3198663256309,27.3903939025862,27.3954297650103,27.3752848587436,27.3903939025862,27.4256398439229,27.340021922105,27.3702480251596,27.5313064183988,28.0029876251156,28.1080740489112,27.8175790741614,27.6770516890958,27.6217928859212,27.8977959483549,28.253020924455,27.6217928859212,27.4508082405489,27.3954297650103,27.5111876824057,27.4206054372245,27.4709385956355,27.5665048985609,27.6217928859212,27.6117426966131,27.4357079298451,27.506157393667,27.3652109487011,27.475970578825,27.4659063702468,27.6870956122065,27.9479003691149,28.1180768014564,27.6569609527223,27.6770516890958,28.258015532538,28.2430309971616,28.327915175609,27.7473389366228,27.7272616770383,27.7021596912783,27.6870956122065,27.9579183838364,28.0580460022081,27.6469141389248,27.6670068026902,27.6117426966131,27.551421285667,27.5866130007331,27.4608739026253,27.4910650755359,27.5111876824057,27.4306740081185,27.3702480251596,27.475970578825,27.4558411927372,27.4105358961847,27.4206054372245,27.4407416091366,27.4055007617757,27.4055007617757,27.4407416091366,27.4709385956355,27.5463929314253,27.4910650755359,27.5614772692013,27.4508082405489,27.4508082405489,27.4810023198492,27.5564493982478,27.7222417610001,27.7573761241401,27.8727347639835,27.5966656031286,27.6368663610303,27.812563481855,27.6670068026902,27.5313064183988,27.5262770971775,27.5463929314253,27.5363354978248,27.6217928859212,27.651937666319,27.6418903705064,27.6368663610303,27.7924987130493,27.6167679118797,27.6368663610303,27.4810023198492,27.5313064183988,27.5162177292145,27.5815863374129,27.6971385722891,27.506157393667,27.551421285667,27.6971385722891,27.6418903705064,27.6770516890958,27.7975152652541,27.6268176187712,27.6217928859212,27.631842110463,27.4709385956355,27.6067172400882,27.651937666319,27.5815863374129,27.7322813525865,27.9679354426974,27.777447615956,27.6971385722891,27.6268176187712,27.6870956122065,27.6268176187712,27.6368663610303,27.6619839981682,27.7322813525865,27.7272616770383,27.7423199823454,27.6770516890958,27.5111876824057,27.5262770971775,27.7071805696107,27.7423199823454,27.6870956122065,27.6268176187712,27.5866130007331,27.5614772692013,27.5665048985609,27.5363354978248,27.5413643354891,27.4910650755359,27.4004653847288,27.4004653847288,27.3954297650103,27.4357079298451,27.3601736293342,27.3500982617396,27.3702480251596,27.3047470746531,27.3652109487011,27.4004653847288,27.4256398439229,27.4860338187415,27.475970578825,27.4910650755359,27.475970578825,27.5111876824057,27.4810023198492,27.4206054372245,27.385357797423,27.4055007617757,27.5363354978248,27.5011268629649,27.4960960902657,27.4055007617757,27.4155707879898,27.4105358961847,27.4306740081185,27.475970578825,27.4457750460266,27.4457750460266,27.6720293663216,27.5715322863604,27.5966656031286,27.6418903705064,27.5665048985609,27.4608739026253,27.6217928859212,27.6720293663216,27.4105358961847,27.4155707879898,27.5011268629649,27.5715322863604,27.5463929314253,27.5162177292145,27.5212475341273,27.4558411927372,27.4457750460266,27.4659063702468,27.4910650755359,27.385357797423,27.4306740081185,27.475970578825,27.3803214494867,27.4810023198492,27.4206054372245,27.5866130007331,27.4155707879898,27.3349833876879,27.4910650755359,27.4055007617757,27.3954297650103,27.340021922105,27.4206054372245,27.3954297650103,27.3803214494867,27.2492910788209,27.2442481632001,27.2845846667777,27.2644183636851,27.2392050038562
27.1988509509866,27.3047470746531,27.2442481632001,27.234161600755,27.2038960613414,27.2291179538628,27.309787068249,27.340021922105,27.4206054372245,27.5111876824057,27.355136067025,27.309787068249,27.178668068929,27.2543337507527,27.309787068249,27.2291179538628,27.2291179538628,27.2593761790295,27.1988509509866,27.2896256338382,27.2845846667777,27.2795434562661,27.2644183636851,27.2644183636851,27.2896256338382,27.2190299285684,27.2190299285684,27.3148268185636,27.3349833876879,27.3601736293342,27.5363354978248,27.5111876824057,27.5463929314253,27.5463929314253,27.475970578825,27.3954297650103,27.3349833876879,27.3954297650103,27.4105358961847,27.3198663256309,27.4055007617757,27.4558411927372,27.5413643354891,27.4558411927372,27.3198663256309,27.3299446101592,27.309787068249,27.4810023198492,27.631842110463,27.8426534379831,27.631842110463,27.4407416091366,27.4407416091366,27.6117426966131,28.0079941248089,27.8977959483549,27.5111876824057,27.3450602134443,27.4306740081185,27.4558411927372,27.506157393667,27.5313064183988,27.7573761241401,27.5413643354891,27.4457750460266,27.4659063702468,27.4960960902657,27.4659063702468,27.4960960902657,27.6217928859212,28.1280786023483,27.9428910032239,27.7373007876777,27.9479003691149,28.2879782051969,28.4326777380859,28.0830630023446,28.0029876251156,27.7473389366228,27.6870956122065,27.8526815051994,27.8727347639835,27.9479003691149,27.7924987130493,27.7373007876777,27.5564493982478,27.4608739026253,27.4105358961847,27.4558411927372,27.4860338187415,27.3299446101592,27.4457750460266,27.4910650755359,27.2694603047538,27.4055007617757,27.3803214494867,27.3954297650103,27.4004653847288,27.4055007617757,27.3903939025862,27.4105358961847,27.3702480251596,27.4457750460266,27.4155707879898,27.4306740081185,27.4508082405489,27.4558411927372,27.4206054372245,27.309787068249,27.4155707879898,27.7021596912783,27.5665048985609,27.3702480251596,27.4810023198492,27.6167679118797,27.6870956122065,27.506157393667,27.5212475341273,27.5212475341273,27.4709385956355,27.6067172400882,27.631842110463,27.6720293663216,27.6971385722891,27.6670068026902,27.631842110463,27.5665048985609,27.4960960902657,27.5564493982478,27.5614772692013,27.551421285667,27.6016915422711,27.6016915422711,27.7322813525865,27.5916394226271,27.7021596912783,27.7674123504958,27.7473389366228,27.6117426966131,27.5815863374129,27.5765594326333,27.475970578825,27.6569609527223,27.6469141389248,27.5614772692013,27.7523576505433,27.9579183838364,27.7071805696107,27.651937666319,27.6670068026902,27.651937666319,27.6469141389248,27.7272616770383,27.5614772692013,27.6016915422711,27.6268176187712,27.8276095391327,27.7674123504958,27.812563481855,27.7724301033211,27.7021596912783,27.551421285667,27.6167679118797,27.5765594326333,27.5413643354891,27.5363354978248,27.5011268629649,27.4960960902657,27.3903939025862,27.5162177292145,27.4558411927372,27.4558411927372,27.3601736293342,27.4508082405489,27.4709385956355,27.2492910788209,27.385357797423,27.3198663256309,27.2896256338382,27.3652109487011,27.234161600755,27.2896256338382,27.3198663256309,27.2795434562661,27.2845846667777,27.309787068249,27.385357797423,27.4357079298451,27.3349833876879,27.4004653847288,27.4709385956355,27.4256398439229,27.4810023198492,27.3954297650103,27.3148268185636,27.4256398439229,27.4357079298451,27.3803214494867,27.4457750460266,27.3903939025862,27.5262770971775,27.385357797423,27.4860338187415,27.5111876824057,27.5463929314253,27.506157393667,27.475970578825,27.4055007617757,27.6067172400882,27.4004653847288,27.3752848587436,27.5011268629649,27.3954297650103,27.6820737710463,27.5866130007331,27.5866130007331,27.4810023198492,27.3752848587436,27.2038960613414,27.3652109487011,27.4105358961847,27.355136067025,27.4709385956355,27.3702480251596,27.355136067025,27.2694603047538,27.2694603047538,27.3148268185636,27.4155707879898,27.3652109487011,27.3349833876879,27.3249055894848,27.4155707879898,27.3500982617396,27.2946663574817,27.3047470746531,27.0928472100887,27.2543337507527,27.2392050038562,27.1635283437601
27.4709385956355,27.2392050038562,27.2240740631453,27.1887599981537,27.2392050038562,27.2644183636851,27.5011268629649,27.4256398439229,27.3349833876879,27.5665048985609,27.6720293663216,27.6217928859212,27.5966656031286,27.3349833876879,27.4004653847288,27.2291179538628,27.3249055894848,27.2392050038562,27.2896256338382,27.2543337507527,27.2644183636851,27.1988509509866,27.3148268185636,27.3047470746531,27.2543337507527,27.2543337507527,27.2745020022695,27.2644183636851,27.3450602134443,27.506157393667,27.5665048985609,27.4910650755359,27.4860338187415,27.5111876824057,27.4860338187415,27.4357079298451,27.475970578825,27.4457750460266,27.4508082405489,27.4004653847288,27.3198663256309,27.4860338187415,27.5665048985609,27.5313064183988,27.3299446101592,27.385357797423,27.3450602134443,27.309787068249,27.4357079298451,27.6368663610303,27.6619839981682,27.3349833876879,27.4457750460266,27.5614772692013,27.8977959483549,28.3129405866768,27.8025315774346,27.4659063702468,27.4960960902657,27.4860338187415,27.5262770971775,27.5715322863604,27.5715322863604,27.5815863374129,27.551421285667,27.4558411927372,27.5212475341273,27.4910650755359,27.5765594326333,27.5564493982478,28.1680762946208,27.9529094959747,28.1080740489112,27.812563481855,28.0079941248089,28.4077437165986,28.2080587813783,28.332906232122,27.9228511486881,27.812563481855,27.8827599560813,27.8677218086608,27.8025315774346,27.8677218086608,27.5916394226271,27.4659063702468,27.5162177292145,27.5162177292145,27.4810023198492,27.5313064183988,27.4155707879898,27.5162177292145,27.4810023198492,27.475970578825,27.3954297650103,27.4910650755359,27.4960960902657,27.4608739026253,27.4860338187415,27.4357079298451,27.4810023198492,27.506157393667,27.475970578825,27.4860338187415,27.4960960902657,27.506157393667,27.4407416091366,27.4508082405489,27.4407416091366,27.4407416091366,27.475970578825,27.4709385956355,27.4860338187415,27.4457750460266,27.5966656031286,27.6971385722891,27.5162177292145,27.5162177292145,27.4508082405489,27.551421285667,27.6067172400882,27.7674123504958,27.8025315774346,27.8025315774346,27.8075476496238,27.7674123504958,27.5715322863604,27.7373007876777,27.6067172400882,27.5564493982478,27.6418903705064,27.551421285667,27.7874819207868,27.6870956122065,27.5363354978248,27.6921172126096,27.631842110463,27.7824648884334,27.7975152652541,27.6971385722891,27.6469141389248,27.5463929314253,27.651937666319,27.6067172400882,27.4709385956355,27.6870956122065,27.8225944265762,27.8276095391327,27.6368663610303,27.7423199823454,27.6217928859212,27.777447615956,27.7373007876777,27.6067172400882,27.8326244118639,27.8426534379831,27.7523576505433,27.7674123504958,27.8627086137778,27.7272616770383,27.7473389366228,27.7272616770383,27.7222417610001,27.6820737710463,27.5765594326333,27.5665048985609,27.5413643354891,27.5614772692013,27.5363354978248,27.4910650755359,27.4960960902657,27.4709385956355,27.3954297650103,27.5363354978248,27.3601736293342,27.4306740081185,27.3752848587436,27.4306740081185,27.4357079298451,27.4206054372245,27.309787068249,27.3148268185636,27.340021922105,27.4508082405489,27.3752848587436,27.3148268185636,27.4508082405489,27.4508082405489,27.4306740081185,27.4256398439229,27.5564493982478,27.4709385956355,27.5162177292145,27.4407416091366,27.4810023198492,27.4608739026253,27.4407416091366,27.4055007617757,27.551421285667,27.5564493982478,27.355136067025,27.5011268629649,27.4910650755359,27.5665048985609,27.5815863374129,27.5262770971775,27.4004653847288,27.3954297650103,27.4457750460266,27.5564493982478,27.4206054372245,27.6016915422711,27.7473389366228,27.7322813525865,27.551421285667,27.551421285667,27.5916394226271,27.4407416091366,27.3500982617396,27.4105358961847,27.4810023198492,27.5162177292145,27.4960960902657,27.4004653847288,27.2644183636851,27.4105358961847,27.2896256338382,27.3903939025862,27.4206054372245,27.5916394226271,27.4357079298451,27.4206054372245,27.309787068249,27.385357797423,27.3652109487011,27.3954297650103,27.2442481632001,27.234161600755,27.193805596602,27.1736217380844
27.2492910788209,27.5463929314253,27.3148268185636,27.6016915422711,27.3249055894848,27.3249055894848,27.3249055894848,27.3198663256309,27.3249055894848,27.3903939025862,27.6870956122065,27.5966656031286,27.4810023198492,27.5665048985609,27.4860338187415,27.340021922105,27.2896256338382,27.2845846667777,27.2997068377419,27.309787068249,27.309787068249,27.1988509509866,27.2997068377419,27.193805596602,27.2038960613414,27.3198663256309,27.2795434562661,27.3299446101592,27.309787068249,27.3349833876879,27.2644183636851,27.4407416091366,27.3500982617396,27.4206054372245,27.4457750460266,27.3652109487011,27.4508082405489,27.385357797423,27.3803214494867,27.3198663256309,27.4055007617757,27.3903939025862,27.4105358961847,27.5463929314253,27.4558411927372,27.309787068249,27.3148268185636,27.4055007617757,27.3601736293342,27.7423199823454,27.651937666319,27.5463929314253,27.3903939025862,27.4608739026253,27.6167679118797,28.2380356778862,28.2380356778862,27.5866130007331,27.5011268629649,27.5413643354891,27.4659063702468,27.5413643354891,27.5262770971775,27.4960960902657,27.5614772692013,27.5815863374129,27.5765594326333,27.5212475341273,27.506157393667,27.5765594326333,28.1180768014564,28.2680040377398,27.7975152652541,27.6016915422711,27.7373007876777,28.223048297154,28.0130003858666,28.2929711549704,28.327915175609,28.0580460022081,27.777447615956,27.7975152652541,27.812563481855,27.777447615956,27.7021596912783,27.5614772692013,27.475970578825,27.5363354978248,27.4960960902657,27.551421285667,27.6569609527223,27.4910650755359,27.3903939025862,27.475970578825,27.4105358961847,27.4004653847288,27.4407416091366,27.4407416091366,27.4457750460266,27.4004653847288,27.4659063702468,27.4206054372245,27.4709385956355,27.4810023198492,27.4810023198492,27.5212475341273,27.506157393667,27.475970578825,27.4860338187415,27.4709385956355,27.4810023198492,27.5011268629649,27.2845846667777,27.4256398439229,27.4055007617757,27.4407416091366,27.340021922105,27.4457750460266,27.4105358961847,27.4558411927372,27.4206054372245,27.4407416091366,27.6619839981682,27.7523576505433,27.6368663610303,27.7423199823454,27.5715322863604,27.5564493982478,27.5614772692013,27.5614772692013,27.5614772692013,27.5564493982478,27.7122012073196,27.5916394226271,27.7021596912783,27.7172216044382,27.7021596912783,27.7272616770383,27.6469141389248,27.651937666319,27.631842110463,27.6268176187712,27.5966656031286,27.651937666319,27.5866130007331,27.7322813525865,27.777447615956,27.6217928859212,27.651937666319,27.9529094959747,27.7322813525865,27.7623943574465,27.7674123504958,27.8476675914376,27.8576951793018,27.7122012073196,27.6971385722891,27.5815863374129,27.6117426966131,27.5916394226271,27.5916394226271,27.7172216044382,27.6469141389248,27.7071805696107,27.6971385722891,27.5564493982478,27.5866130007331,27.5665048985609,27.5111876824057,27.385357797423,27.3803214494867,27.4206054372245,27.3752848587436,27.3601736293342,27.4457750460266,27.4407416091366,27.4407416091366,27.385357797423,27.355136067025,27.4206054372245,27.309787068249,27.3299446101592,27.4457750460266,27.3450602134443,27.3198663256309,27.3652109487011,27.2997068377419,27.3954297650103,27.4105358961847,27.4306740081185,27.5614772692013,27.4860338187415,27.5916394226271,27.5011268629649,27.4004653847288,27.4055007617757,27.4055007617757,27.4206054372245,27.3954297650103,27.4155707879898,27.4004653847288,27.3752848587436,27.4860338187415,27.4457750460266,27.4960960902657,27.5665048985609,27.4860338187415,27.4407416091366,27.4206054372245,27.3349833876879,27.4306740081185,27.4407416091366,27.5665048985609,27.6016915422711,27.5313064183988,27.6067172400882,27.4407416091366,27.4155707879898,27.3198663256309,27.4206054372245,27.4357079298451,27.3803214494867,27.4810023198492,27.3954297650103,27.3500982617396,27.4004653847288,27.2946663574817,27.340021922105,27.4960960902657,27.4206054372245,27.3349833876879,27.4004653847288,27.309787068249,27.3198663256309,27.2442481632001,27.3148268185636,27.2644183636851,27.2795434562661,27.1635283437601,27.1736217380844
27.7272616770383,27.5765594326333,27.6016915422711,27.4860338187415,27.3349833876879,27.2845846667777,27.3047470746531,27.1433386236146,27.3198663256309,27.355136067025,27.4004653847288,27.355136067025,27.3450602134443,27.4860338187415,27.6820737710463,27.4558411927372,27.4155707879898,27.2492910788209,27.2745020022695,27.3148268185636,27.3702480251596,27.2795434562661,27.2946663574817,27.2089409277006,27.2845846667777,27.3450602134443,27.2896256338382,27.2392050038562,27.3148268185636,27.3702480251596,27.4155707879898,27.3601736293342,27.4206054372245,27.4306740081185,27.4508082405489,27.4357079298451,27.4155707879898,27.355136067025,27.3148268185636,27.3954297650103,27.2845846667777,27.340021922105,27.3249055894848,27.4709385956355,27.355136067025,27.309787068249,27.309787068249,27.3450602134443,27.4004653847288,27.7924987130493,27.8777474797793,27.6569609527223,27.475970578825,27.5614772692013,27.6217928859212,27.9078187463413,28.258015532538,27.6619839981682,27.5665048985609,27.4407416091366,27.4910650755359,27.5564493982478,27.4910650755359,27.5162177292145,27.5815863374129,27.7975152652541,27.5715322863604,27.5162177292145,27.5715322863604,27.4659063702468,28.0180064083215,28.1130755441568,27.5715322863604,27.5614772692013,27.6469141389248,27.9479003691149,27.962927032733,28.218052029166,27.9729436137625,27.777447615956,27.7924987130493,28.0029876251156,27.8175790741614,27.6469141389248,27.6971385722891,27.6820737710463,27.6268176187712,27.506157393667,27.4960960902657,27.5162177292145,27.5162177292145,27.5011268629649,27.475970578825,27.5111876824057,27.3903939025862,27.475970578825,27.4910650755359,27.3954297650103,27.475970578825,27.4155707879898,27.5262770971775,27.4608739026253,27.4357079298451,27.4357079298451,27.4357079298451,27.5111876824057,27.5212475341273,27.4357079298451,27.4709385956355,27.475970578825,27.3803214494867,27.4105358961847,27.3148268185636,27.4407416091366,27.5815863374129,27.5363354978248,27.4357079298451,27.3601736293342,27.4357079298451,27.4256398439229,27.4709385956355,27.4055007617757,27.5614772692013,27.7674123504958,27.5966656031286,27.6368663610303,27.631842110463,27.4407416091366,27.6971385722891,27.5866130007331,27.7122012073196,27.551421285667,27.7373007876777,27.5916394226271,27.7172216044382,27.6720293663216,27.6217928859212,27.7975152652541,27.6418903705064,27.6971385722891,27.5463929314253,27.6820737710463,27.6167679118797,27.5011268629649,27.6569609527223,27.7523576505433,27.6016915422711,27.6167679118797,27.7623943574465,27.7473389366228,27.8175790741614,27.9328715542163,28.0079941248089,27.6167679118797,27.631842110463,27.5866130007331,27.5715322863604,27.5665048985609,27.5715322863604,27.5614772692013,27.7122012073196,27.6117426966131,27.5665048985609,27.6619839981682,27.7172216044382,27.5916394226271,27.5212475341273,27.5815863374129,27.5916394226271,27.4659063702468,27.475970578825,27.5564493982478,27.475970578825,27.355136067025,27.3652109487011,27.4407416091366,27.4508082405489,27.3249055894848,27.4155707879898,27.2593761790295,27.4659063702468,27.4155707879898,27.4206054372245,27.4055007617757,27.3249055894848,27.3299446101592,27.4105358961847,27.309787068249,27.506157393667,27.4407416091366,27.4256398439229,27.5313064183988,27.4457750460266,27.5614772692013,27.4910650755359,27.4508082405489,27.4206054372245,27.4105358961847,27.4055007617757,27.2946663574817,27.3349833876879,27.4155707879898,27.3803214494867,27.475970578825,27.506157393667,27.4960960902657,27.5011268629649,27.3652109487011,27.4004653847288,27.3249055894848,27.4256398439229,27.4457750460266,27.5463929314253,27.5363354978248,27.651937666319,27.5111876824057,27.5262770971775,27.4608739026253,27.4860338187415,27.4256398439229,27.551421285667,27.4105358961847,27.3652109487011,27.4457750460266,27.3903939025862,27.2946663574817,27.3803214494867,27.5162177292145,27.5313064183988,27.4206054372245,27.3349833876879,27.3198663256309,27.3299446101592,27.3752848587436,27.1736217380844,27.3249055894848,27.1736217380844,27.1685751630395,27.2392050038562,27.1988509509866
27.5413643354891,27.5614772692013,27.5765594326333,27.4004653847288,27.3903939025862,27.3803214494867,27.2997068377419,27.2392050038562,27.3803214494867,27.4155707879898,27.3803214494867,27.340021922105,27.3752848587436,27.385357797423,27.4508082405489,27.6217928859212,27.4155707879898,27.4457750460266,27.3198663256309,27.3954297650103,27.3903939025862,27.3349833876879,27.2946663574817,27.2795434562661,27.2745020022695,27.309787068249,27.2492910788209,27.2593761790295,27.340021922105,27.2997068377419,27.4206054372245,27.340021922105,27.3450602134443,27.4407416091366,27.4155707879898,27.4306740081185,27.4306740081185,27.2644183636851,27.4206054372245,27.3198663256309,27.3450602134443,27.4357079298451,27.3349833876879,27.4256398439229,27.3349833876879,27.3249055894848,27.5011268629649,27.340021922105,27.4860338187415,27.7021596912783,28.0079941248089,28.218052029166,27.8977959483549,27.6217928859212,27.5765594326333,27.9028074670123,28.2430309971616,28.0230121922066,27.6720293663216,27.6720293663216,27.5715322863604,27.5715322863604,28.1630774149815,28.482528095304,28.607051009488,28.5871372152255,28.1380794518489,27.6619839981682,27.551421285667,27.6921172126096,28.5124270015936,27.8225944265762,27.5463929314253,27.5564493982478,27.506157393667,27.812563481855,28.2630099036222,28.3179323529188,28.1230778208426,27.7924987130493,27.8977959483549,27.9979808867536,27.9729436137625,27.7272616770383,27.7021596912783,27.5866130007331,27.6469141389248,27.4910650755359,27.5212475341273,27.5011268629649,27.5212475341273,27.506157393667,27.4960960902657,27.4508082405489,27.4810023198492,27.4004653847288,27.4105358961847,27.4608739026253,27.5413643354891,27.4508082405489,27.4960960902657,27.4357079298451,27.5715322863604,27.5162177292145,27.5363354978248,27.5313064183988,27.5162177292145,27.5715322863604,27.5463929314253,27.3500982617396,27.340021922105,27.3047470746531,27.4055007617757,27.631842110463,27.5916394226271,27.5262770971775,27.4709385956355,27.4508082405489,27.4659063702468,27.475970578825,27.3954297650103,27.3803214494867,27.4608739026253,27.6167679118797,27.551421285667,27.5564493982478,27.6217928859212,27.5564493982478,27.651937666319,27.5966656031286,27.6770516890958,27.6217928859212,27.8677218086608,27.7071805696107,27.6117426966131,27.7122012073196,27.6067172400882,27.9078187463413,27.7573761241401,27.6418903705064,27.631842110463,27.7573761241401,27.6820737710463,27.6619839981682,27.6619839981682,27.6569609527223,27.6268176187712,27.5916394226271,27.6469141389248,27.7423199823454,28.063049878718,27.9579183838364,27.7272616770383,27.6167679118797,27.6217928859212,27.5815863374129,27.5765594326333,27.6268176187712,27.6368663610303,27.5966656031286,27.5665048985609,27.5564493982478,27.631842110463,27.5866130007331,27.5715322863604,27.5011268629649,27.5313064183988,27.506157393667,27.4910650755359,27.4910650755359,27.4960960902657,27.475970578825,27.4960960902657,27.5815863374129,27.4508082405489,27.3652109487011,27.4558411927372,27.4004653847288,27.4206054372245,27.4206054372245,27.4608739026253,27.4659063702468,27.4105358961847,27.3903939025862,27.4256398439229,27.4256398439229,27.4206054372245,27.4357079298451,27.4206054372245,27.5262770971775,27.4256398439229,27.4910650755359,27.5363354978248,27.5866130007331,27.5111876824057,27.4960960902657,27.4055007617757,27.4004653847288,27.4508082405489,27.4004653847288,27.4457750460266,27.506157393667,27.4910650755359,27.3702480251596,27.3954297650103,27.3954297650103,27.4055007617757,27.4155707879898,27.4155707879898,27.3954297650103,27.3198663256309,27.4457750460266,27.4810023198492,27.5916394226271,27.6016915422711,27.4659063702468,27.4860338187415,27.5815863374129,27.4860338187415,27.5262770971775,27.4659063702468,27.506157393667,27.4910650755359,27.4608739026253,27.3702480251596,27.4558411927372,27.3954297650103,27.4004653847288,27.4810023198492,27.4860338187415,27.4357079298451,27.2997068377419,27.309787068249,27.3702480251596,27.355136067025,27.234161600755,27.1837141556074,27.3249055894848,27.1887599981537,27.2845846667777
27.4407416091366,27.4155707879898,27.4155707879898,27.355136067025,27.340021922105,27.3349833876879,27.309787068249,27.2946663574817,27.3500982617396,27.3752848587436,27.3803214494867,27.4558411927372,27.4457750460266,27.3047470746531,27.4860338187415,27.5162177292145,27.4910650755359,27.385357797423,27.355136067025,27.4055007617757,27.3299446101592,27.3450602134443,27.3500982617396,27.2997068377419,27.3198663256309,27.2896256338382,27.3450602134443,27.2492910788209,27.3500982617396,27.3500982617396,27.385357797423,27.355136067025,27.3450602134443,27.475970578825,27.4457750460266,27.355136067025,27.3450602134443,27.4508082405489,27.3601736293342,27.4457750460266,27.4407416091366,27.3954297650103,27.4457750460266,27.4810023198492,27.4659063702468,27.4508082405489,27.4357079298451,27.3601736293342,27.4105358961847,27.4206054372245,27.7724301033211,28.4276914056455,28.5472983510907,28.2030618015135,27.7924987130493,27.837639044803,28.0230121922066,28.0930681351701,27.9278614710339,28.372826172538,28.5472983510907,28.6518433175642,28.6617945840412,28.4127309928177,28.1430795199092,28.1180768014564,28.3977684560513,28.3927804716586,27.7373007876777,28.4077437165986,28.2979638679726,27.6167679118797,27.5715322863604,27.4910650755359,27.5765594326333,27.8426534379831,28.2030618015135,28.1530789428139,28.258015532538,28.2480260793404,28.2480260793404,28.1980645842911,27.8075476496238,27.7924987130493,27.8075476496238,27.6720293663216,27.6870956122065,27.5715322863604,27.6418903705064,27.6217928859212,27.5363354978248,27.5262770971775,27.5715322863604,27.6268176187712,27.4659063702468,27.4659063702468,27.4608739026253,27.4709385956355,27.5313064183988,27.5313064183988,27.5162177292145,27.5614772692013,27.6870956122065,27.4910650755359,27.5111876824057,27.5363354978248,27.5715322863604,27.6067172400882,27.5765594326333,27.5262770971775,27.3752848587436,27.3803214494867,27.4960960902657,27.5313064183988,27.5916394226271,27.5011268629649,27.5162177292145,27.4457750460266,27.4407416091366,27.4457750460266,27.4457750460266,27.3954297650103,27.5313064183988,27.631842110463,27.5564493982478,27.5463929314253,27.5614772692013,27.551421285667,27.5614772692013,27.5262770971775,27.6016915422711,27.7021596912783,27.9178405871461,27.6870956122065,27.6870956122065,27.7623943574465,27.6770516890958,27.8627086137778,27.7423199823454,27.5866130007331,27.7222417610001,27.7322813525865,27.7021596912783,27.6921172126096,27.7071805696107,27.7373007876777,27.5866130007331,27.5413643354891,27.5413643354891,27.6770516890958,27.7322813525865,27.7222417610001,27.7071805696107,27.6870956122065,27.7071805696107,27.8075476496238,27.5413643354891,27.5866130007331,27.5413643354891,27.6117426966131,27.5665048985609,27.651937666319,27.6117426966131,27.5313064183988,27.5966656031286,27.4960960902657,27.6117426966131,27.5966656031286,27.6117426966131,27.5262770971775,27.5212475341273,27.5111876824057,27.5363354978248,27.5665048985609,27.5665048985609,27.4709385956355,27.475970578825,27.4558411927372,27.4960960902657,27.4608739026253,27.4407416091366,27.4357079298451,27.4558411927372,27.4155707879898,27.2694603047538,27.4055007617757,27.4357079298451,27.3954297650103,27.475970578825,27.4709385956355,27.4155707879898,27.5162177292145,27.5262770971775,27.5866130007331,27.5815863374129,27.5313064183988,27.475970578825,27.4055007617757,27.4155707879898,27.3652109487011,27.4105358961847,27.3752848587436,27.3500982617396,27.4155707879898,27.2845846667777,27.4004653847288,27.5011268629649,27.4004653847288,27.355136067025,27.3450602134443,27.3249055894848,27.4558411927372,27.4357079298451,27.4860338187415,27.5665048985609,27.4910650755359,27.506157393667,27.4407416091366,27.4155707879898,27.4105358961847,27.4558411927372,27.4508082405489,27.4004653847288,27.4357079298451,27.4055007617757,27.4256398439229,27.5011268629649,27.4659063702468,27.4407416091366,27.3903939025862,27.4206054372245,27.4709385956355,27.385357797423,27.3450602134443,27.2896256338382,27.3299446101592,27.1736217380844,27.1534339723613,27.193805596602,27.1837141556074
27.5363354978248,27.3601736293342,27.385357797423,27.3752848587436,27.4256398439229,27.3450602134443,27.3047470746531,27.355136067025,27.3652109487011,27.2291179538628,27.3903939025862,27.5162177292145,27.3601736293342,27.3198663256309,27.3249055894848,27.4155707879898,27.5916394226271,27.5212475341273,27.3803214494867,27.3652109487011,27.3601736293342,27.4105358961847,27.2745020022695,27.3903939025862,27.2644183636851,27.2644183636851,27.3803214494867,27.3198663256309,27.3299446101592,27.2694603047538,27.4457750460266,27.475970578825,27.340021922105,27.4508082405489,27.3450602134443,27.3903939025862,27.3652109487011,27.4306740081185,27.5011268629649,27.4659063702468,27.4407416091366,27.4256398439229,27.4105358961847,27.4055007617757,27.3954297650103,27.4055007617757,27.2997068377419,27.4256398439229,27.3954297650103,27.3652109487011,27.5765594326333,28.0079941248089,28.5522790316995,28.4077437165986,27.7423199823454,27.6368663610303,28.0980703444506,28.0680535169536,27.777447615956,27.9679354426974,28.0029876251156,27.8326244118639,27.7423199823454,27.6670068026902,28.1380794518489,28.7214825035015,28.8308228788658,28.7413709858727,28.6518433175642,28.3179323529188,27.6016915422711,27.6016915422711,27.5815863374129,27.4709385956355,27.4810023198492,27.7975152652541,28.2380356778862,28.0230121922066,28.0130003858666,28.1280786023483,28.0079941248089,28.2380356778862,27.9529094959747,27.7874819207868,27.6670068026902,27.6217928859212,27.631842110463,27.6268176187712,27.4910650755359,27.6016915422711,27.4256398439229,27.5262770971775,27.4810023198492,27.4608739026253,27.5665048985609,27.4457750460266,27.4860338187415,27.4206054372245,27.4306740081185,27.5463929314253,27.5262770971775,27.4558411927372,27.5162177292145,27.4910650755359,27.4357079298451,27.4357079298451,27.4608739026253,27.5614772692013,27.5815863374129,27.4910650755359,27.4457750460266,27.4860338187415,27.5413643354891,27.5966656031286,27.6268176187712,27.6469141389248,27.631842110463,27.4357079298451,27.5614772692013,27.4055007617757,27.4457750460266,27.5111876824057,27.5262770971775,27.5866130007331,27.3752848587436,27.475970578825,27.5564493982478,27.5765594326333,27.6569609527223,27.5363354978248,27.5363354978248,27.7674123504958,28.0330230443987,27.8025315774346,27.6820737710463,27.6820737710463,27.6770516890958,27.6670068026902,27.6368663610303,27.6217928859212,27.6067172400882,27.7674123504958,27.5765594326333,27.7172216044382,27.7071805696107,27.6770516890958,27.5715322863604,27.5866130007331,27.5715322863604,27.551421285667,27.5715322863604,27.7172216044382,27.7021596912783,27.7021596912783,27.6569609527223,27.6569609527223,27.6418903705064,27.6720293663216,27.6870956122065,27.6117426966131,27.6217928859212,27.6217928859212,27.5966656031286,27.5463929314253,27.5815863374129,27.6067172400882,27.5564493982478,27.5665048985609,27.4810023198492,27.5815863374129,27.5212475341273,27.5011268629649,27.4256398439229,27.5011268629649,27.4860338187415,27.3652109487011,27.4558411927372,27.4608739026253,27.4055007617757,27.4860338187415,27.4357079298451,27.4206054372245,27.4709385956355,27.4004653847288,27.4105358961847,27.4810023198492,27.4457750460266,27.4055007617757,27.3954297650103,27.4407416091366,27.4810023198492,27.4004653847288,27.5815863374129,27.4860338187415,27.5111876824057,27.5212475341273,27.4860338187415,27.5614772692013,27.5111876824057,27.4659063702468,27.4709385956355,27.4055007617757,27.3803214494867,27.4055007617757,27.4105358961847,27.4810023198492,27.4558411927372,27.4357079298451,27.4457750460266,27.2997068377419,27.4055007617757,27.3954297650103,27.4105358961847,27.4608739026253,27.5966656031286,27.6167679118797,27.4960960902657,27.3954297650103,27.4256398439229,27.4860338187415,27.5011268629649,27.4508082405489,27.4960960902657,27.4960960902657,27.5111876824057,27.4256398439229,27.4357079298451,27.4306740081185,27.4407416091366,27.4407416091366,27.4558411927372,27.3198663256309,27.3349833876879,27.355136067025,27.340021922105,27.2543337507527,27.2896256338382,27.309787068249,27.2997068377419,27.1483864201735
27.5212475341273,27.5313064183988,27.5162177292145,27.4105358961847,27.355136067025,27.3349833876879,27.4407416091366,27.2644183636851,27.3148268185636,27.2694603047538,27.3702480251596,27.309787068249,27.2946663574817,27.3198663256309,27.4155707879898,27.3702480251596,27.3450602134443,27.5313064183988,27.4457750460266,27.3652109487011,27.3450602134443,27.3249055894848,27.3349833876879,27.3047470746531,27.3148268185636,27.2795434562661,27.3047470746531,27.2946663574817,27.2694603047538,27.2745020022695,27.5966656031286,27.3803214494867,27.2997068377419,27.234161600755,27.3752848587436,27.2543337507527,27.2644183636851,27.3601736293342,27.2442481632001,27.2543337507527,27.3500982617396,27.309787068249,27.2644183636851,27.3652109487011,27.3450602134443,27.3500982617396,27.4055007617757,27.4155707879898,27.4105358961847,27.4256398439229,27.4256398439229,27.6720293663216,28.1980645842911,28.5472983510907,28.1130755441568,27.8777474797793,28.223048297154,27.8326244118639,27.5866130007331,27.5866130007331,27.5765594326333,27.6067172400882,27.5162177292145,27.9529094959747,28.6219838903298,28.2879782051969,28.1430795199092,28.7612557262559,28.4027562043539,27.9879666938923,27.5765594326333,27.475970578825,27.5564493982478,27.4709385956355,27.5111876824057,27.8627086137778,28.0280177375547,27.8877721929225,27.8426534379831,27.9128297863749,27.982959239327,27.9979808867536,28.1030723156867,27.7975152652541,27.8627086137778,27.7874819207868,27.6067172400882,27.6067172400882,27.5765594326333,27.5966656031286,27.475970578825,27.5564493982478,27.4608739026253,27.506157393667,27.4558411927372,27.355136067025,27.4457750460266,27.4206054372245,27.4357079298451,27.5111876824057,27.4810023198492,27.5614772692013,27.4659063702468,27.4810023198492,27.4306740081185,27.3702480251596,27.4709385956355,27.4659063702468,27.5313064183988,27.5564493982478,27.5313064183988,27.5463929314253,27.4960960902657,27.5665048985609,27.6268176187712,27.5966656031286,27.5866130007331,27.6268176187712,27.5162177292145,27.4508082405489,27.506157393667,27.506157393667,27.5162177292145,27.5313064183988,27.5463929314253,27.5665048985609,27.6217928859212,27.6167679118797,27.6469141389248,27.5715322863604,27.5212475341273,27.7423199823454,27.8426534379831,27.8727347639835,27.6870956122065,27.6820737710463,27.6870956122065,27.6870956122065,27.5916394226271,27.6167679118797,27.5665048985609,27.5866130007331,27.5463929314253,27.4960960902657,27.6268176187712,27.6167679118797,27.6870956122065,27.5765594326333,27.6921172126096,27.4709385956355,27.6217928859212,27.5715322863604,27.6569609527223,27.7021596912783,27.6770516890958,27.7674123504958,27.6720293663216,27.7523576505433,27.6870956122065,27.7272616770383,27.6268176187712,27.5413643354891,27.4709385956355,27.475970578825,27.5363354978248,27.5313064183988,27.6067172400882,27.551421285667,27.4860338187415,27.4608739026253,27.4457750460266,27.4608739026253,27.3299446101592,27.4558411927372,27.5564493982478,27.5765594326333,27.5111876824057,27.4558411927372,27.4860338187415,27.475970578825,27.4357079298451,27.475970578825,27.4256398439229,27.4055007617757,27.4155707879898,27.4055007617757,27.3752848587436,27.4055007617757,27.4256398439229,27.4407416091366,27.4004653847288,27.3903939025862,27.506157393667,27.5212475341273,27.5614772692013,27.4659063702468,27.5614772692013,27.5815863374129,27.5262770971775,27.4105358961847,27.4055007617757,27.3954297650103,27.2543337507527,27.4508082405489,27.3450602134443,27.4004653847288,27.4055007617757,27.4004653847288,27.4155707879898,27.4357079298451,27.3047470746531,27.3148268185636,27.3249055894848,27.4206054372245,27.4357079298451,27.6217928859212,27.5011268629649,27.5262770971775,27.5966656031286,27.4960960902657,27.4407416091366,27.3903939025862,27.4960960902657,27.4960960902657,27.355136067025,27.3903939025862,27.4558411927372,27.4910650755359,27.4407416091366,27.5313064183988,27.4155707879898,27.3148268185636,27.3349833876879,27.3450602134443,27.3299446101592,27.3299446101592,27.2392050038562,27.2795434562661,27.2694603047538,27.2392050038562
27.4810023198492,27.5313064183988,27.6720293663216,27.3601736293342,27.340021922105,27.3500982617396,27.309787068249,27.2745020022695,27.3299446101592,27.3500982617396,27.2845846667777,27.4055007617757,27.2745020022695,27.3198663256309,27.3249055894848,27.355136067025,27.4407416091366,27.5413643354891,27.5313064183988,27.3148268185636,27.340021922105,27.3198663256309,27.3803214494867,27.2543337507527,27.2845846667777,27.3148268185636,27.309787068249,27.3249055894848,27.2946663574817,27.3601736293342,27.4910650755359,27.2442481632001,27.2946663574817,27.2644183636851,27.4608739026253,27.475970578825,27.3752848587436,27.3148268185636,27.3500982617396,27.506157393667,27.3652109487011,27.3450602134443,27.3047470746531,27.3752848587436,27.3903939025862,27.2896256338382,27.4407416091366,27.4407416091366,27.4357079298451,27.3903939025862,27.4055007617757,27.6067172400882,28.048037534235,28.4227048373089,28.4077437165986,28.3678370072086,28.218052029166,27.7172216044382,27.6870956122065,27.7122012073196,27.7222417610001,27.7172216044382,27.6720293663216,28.3378970521235,28.3877922511433,27.8476675914376,27.9178405871461,28.3877922511433,28.4675754627885,28.1830715081525,27.6770516890958,27.4960960902657,27.4910650755359,27.5363354978248,27.5765594326333,27.8877721929225,28.0580460022081,27.8526815051994,27.8526815051994,27.7222417610001,27.8677218086608,27.8627086137778,27.812563481855,27.8977959483549,27.8977959483549,27.7423199823454,27.6016915422711,27.6268176187712,27.6268176187712,27.5212475341273,27.5011268629649,27.3903939025862,27.4407416091366,27.4457750460266,27.4910650755359,27.4407416091366,27.4407416091366,27.4256398439229,27.4659063702468,27.4709385956355,27.5614772692013,27.5665048985609,27.5363354978248,27.385357797423,27.3652109487011,27.4608739026253,27.3601736293342,27.4608739026253,27.4457750460266,27.4055007617757,27.5564493982478,27.5363354978248,27.4659063702468,27.5313064183988,27.7423199823454,27.5815863374129,27.651937666319,27.5614772692013,27.5413643354891,27.5564493982478,27.5614772692013,27.5765594326333,27.6619839981682,27.6016915422711,27.4810023198492,27.4357079298451,27.5765594326333,27.631842110463,27.6569609527223,27.5765594326333,27.6167679118797,27.6619839981682,27.7322813525865,27.9178405871461,27.8476675914376,27.7975152652541,27.6770516890958,27.7824648884334,27.651937666319,27.6067172400882,27.506157393667,27.6418903705064,27.5413643354891,27.6167679118797,27.7172216044382,27.7322813525865,27.6016915422711,27.6268176187712,27.6720293663216,27.631842110463,27.551421285667,27.5212475341273,27.4407416091366,27.5665048985609,27.5665048985609,27.8025315774346,27.7874819207868,27.8025315774346,27.812563481855,27.7373007876777,27.6820737710463,27.5363354978248,27.4256398439229,27.5413643354891,27.475970578825,27.6016915422711,27.4960960902657,27.5212475341273,27.5564493982478,27.4508082405489,27.4960960902657,27.475970578825,27.5262770971775,27.5011268629649,27.5815863374129,27.4910650755359,27.506157393667,27.6418903705064,27.4558411927372,27.4306740081185,27.4810023198492,27.4004653847288,27.3903939025862,27.4457750460266,27.3954297650103,27.385357797423,27.4055007617757,27.4810023198492,27.3954297650103,27.3954297650103,27.4357079298451,27.5162177292145,27.4910650755359,27.4709385956355,27.5363354978248,27.551421285667,27.5413643354891,27.4709385956355,27.4860338187415,27.4105358961847,27.3803214494867,27.4206054372245,27.4004653847288,27.3752848587436,27.309787068249,27.4558411927372,27.4508082405489,27.5715322863604,27.506157393667,27.4558411927372,27.4206054372245,27.4155707879898,27.4508082405489,27.4407416091366,27.3954297650103,27.4105358961847,27.5815863374129,27.506157393667,27.5866130007331,27.3299446101592,27.4709385956355,27.3702480251596,27.5111876824057,27.506157393667,27.3601736293342,27.3500982617396,27.4105358961847,27.4407416091366,27.4357079298451,27.4306740081185,27.4306740081185,27.355136067025,27.340021922105,27.2896256338382,27.2492910788209,27.3148268185636,27.2845846667777,27.2593761790295,27.2845846667777,27.2946663574817
27.5162177292145,27.4407416091366,27.355136067025,27.2392050038562,27.234161600755,27.3249055894848,27.3249055894848,27.3299446101592,27.355136067025,27.2896256338382,27.3500982617396,27.2997068377419,27.2845846667777,27.4206054372245,27.3047470746531,27.3299446101592,27.385357797423,27.4407416091366,27.5665048985609,27.4457750460266,27.2946663574817,27.3047470746531,27.3047470746531,27.2896256338382,27.2946663574817,27.2392050038562,27.340021922105,27.3249055894848,27.2946663574817,27.3500982617396,27.3349833876879,27.3652109487011,27.3954297650103,27.4659063702468,27.5111876824057,27.4709385956355,27.4659063702468,27.5162177292145,27.4306740081185,27.4004653847288,27.5162177292145,27.3500982617396,27.3500982617396,27.3500982617396,27.4357079298451,27.3047470746531,27.4256398439229,27.4457750460266,27.4306740081185,27.506157393667,27.4457750460266,27.5715322863604,27.892784190336,28.3578579676639,28.1130755441568,28.4675754627885,28.0130003858666,27.5916394226271,27.5916394226271,27.631842110463,27.8025315774346,27.7021596912783,28.0530418873914,28.8208875158601,28.0680535169536,27.8426534379831,27.9328715542163,27.837639044803,28.1830715081525,28.1830715081525,27.9779515459613,27.5614772692013,27.4860338187415,27.5564493982478,27.5564493982478,27.9278614710339,27.8426534379831,27.6870956122065,27.5866130007331,27.5966656031286,27.8075476496238,27.7975152652541,27.7172216044382,27.7523576505433,27.8977959483549,27.6067172400882,27.5815863374129,27.6016915422711,27.6167679118797,27.5011268629649,27.4206054372245,27.3652109487011,27.3500982617396,27.3903939025862,27.4407416091366,27.4306740081185,27.3752848587436,27.3954297650103,27.4960960902657,27.5011268629649,27.5665048985609,27.5715322863604,27.5363354978248,27.5363354978248,27.4206054372245,27.4709385956355,27.355136067025,27.4709385956355,27.4105358961847,27.4508082405489,27.5665048985609,27.4659063702468,27.4608739026253,27.6921172126096,27.4960960902657,27.5313064183988,27.5262770971775,27.506157393667,27.5262770971775,27.5313064183988,27.5815863374129,27.506157393667,27.506157393667,27.4608739026253,27.475970578825,27.4306740081185,27.6067172400882,27.5212475341273,27.6569609527223,27.5665048985609,27.6117426966131,27.7272616770383,27.6921172126096,27.9479003691149,27.8627086137778,27.8326244118639,27.7172216044382,27.9178405871461,27.6921172126096,27.8175790741614,27.8426534379831,27.8175790741614,27.6117426966131,27.5111876824057,27.6720293663216,27.6268176187712,27.6770516890958,27.5162177292145,27.631842110463,27.5212475341273,27.5011268629649,27.5715322863604,27.5262770971775,27.5564493982478,27.4960960902657,27.5866130007331,27.7322813525865,27.7573761241401,27.7071805696107,27.8727347639835,27.7071805696107,27.6268176187712,27.551421285667,27.5363354978248,27.5614772692013,27.551421285667,27.4105358961847,27.3954297650103,27.5262770971775,27.506157393667,27.4960960902657,27.4810023198492,27.4810023198492,27.4709385956355,27.4709385956355,27.4306740081185,27.4860338187415,27.4407416091366,27.4709385956355,27.4709385956355,27.4558411927372,27.4357079298451,27.4860338187415,27.4608739026253,27.4055007617757,27.3903939025862,27.4055007617757,27.4407416091366,27.4055007617757,27.3903939025862,27.3903939025862,27.3500982617396,27.4004653847288,27.4407416091366,27.506157393667,27.5413643354891,27.551421285667,27.4457750460266,27.4558411927372,27.4206054372245,27.3954297650103,27.3702480251596,27.3702480251596,27.3752848587436,27.3198663256309,27.4709385956355,27.5463929314253,27.5212475341273,27.5313064183988,27.551421285667,27.5715322863604,27.4004653847288,27.355136067025,27.340021922105,27.4357079298451,27.4558411927372,27.5162177292145,27.5866130007331,27.5966656031286,27.5363354978248,27.506157393667,27.4608739026253,27.5212475341273,27.6268176187712,27.3652109487011,27.3652109487011,27.5011268629649,27.4357079298451,27.3803214494867,27.4508082405489,27.4004653847288,27.4206054372245,27.4004653847288,27.3299446101592,27.2946663574817,27.2745020022695,27.2745020022695,27.1231449929837,27.1736217380844,27.1079972024379
27.4709385956355,27.3349833876879,27.3500982617396,27.2543337507527,27.2997068377419,27.2745020022695,27.2543337507527,27.2240740631453,27.2694603047538,27.2997068377419,27.3752848587436,27.2644183636851,27.2593761790295,27.309787068249,27.309787068249,27.3148268185636,27.2997068377419,27.4810023198492,27.4659063702468,27.5363354978248,27.4407416091366,27.4407416091366,27.3047470746531,27.2997068377419,27.2845846667777,27.309787068249,27.4256398439229,27.3148268185636,27.2845846667777,27.3450602134443,27.3148268185636,27.2492910788209,27.3954297650103,27.6268176187712,27.7724301033211,27.7674123504958,27.6217928859212,27.4910650755359,27.3652109487011,27.4206054372245,27.4457750460266,27.4306740081185,27.3450602134443,27.4256398439229,27.309787068249,27.4457750460266,27.5313064183988,27.4206054372245,27.4508082405489,27.5313064183988,27.4508082405489,27.5463929314253,27.7975152652541,28.4227048373089,28.4276914056455,28.372826172538,28.228044327915,27.8476675914376,27.5916394226271,27.5966656031286,27.7874819207868,27.8476675914376,28.646867332668,28.2330401214815,28.063049878718,27.8627086137778,27.9328715542163,27.7975152652541,28.0680535169536,28.3977684560513,27.9879666938923,27.8526815051994,27.5564493982478,27.5162177292145,28.063049878718,28.0830630023446,27.6670068026902,27.5715322863604,27.6268176187712,27.7322813525865,28.1380794518489,27.6418903705064,27.5966656031286,27.7172216044382,27.8677218086608,27.6167679118797,27.5011268629649,27.4910650755359,27.4558411927372,27.5212475341273,27.4206054372245,27.4910650755359,27.4004653847288,27.4306740081185,27.4608739026253,27.4105358961847,27.4105358961847,27.4709385956355,27.5463929314253,27.5815863374129,27.5715322863604,27.5313064183988,27.5363354978248,27.5413643354891,27.3752848587436,27.3803214494867,27.3652109487011,27.4357079298451,27.4306740081185,27.4457750460266,27.551421285667,27.551421285667,27.5564493982478,27.5463929314253,27.5564493982478,27.506157393667,27.5313064183988,27.4810023198492,27.5966656031286,27.6167679118797,27.5765594326333,27.4910650755359,27.4810023198492,27.4608739026253,27.4860338187415,27.4457750460266,27.5765594326333,27.6368663610303,27.6670068026902,27.5614772692013,27.6770516890958,27.6670068026902,27.8075476496238,27.8727347639835,27.8075476496238,27.8075476496238,27.7523576505433,28.0880656878123,27.8877721929225,28.14807935022,28.1230778208426,27.6921172126096,27.6117426966131,27.5011268629649,27.5916394226271,27.7071805696107,28.1380794518489,27.7874819207868,27.6418903705064,27.5815863374129,27.5313064183988,27.551421285667,27.5212475341273,27.7021596912783,27.5765594326333,27.5313064183988,27.5715322863604,27.6167679118797,27.6670068026902,27.7623943574465,27.8075476496238,27.8727347639835,27.8175790741614,27.6117426966131,27.5815863374129,27.475970578825,27.5212475341273,27.5966656031286,27.6217928859212,27.5966656031286,27.6117426966131,27.4558411927372,27.4306740081185,27.4558411927372,27.4910650755359,27.4659063702468,27.3803214494867,27.3198663256309,27.5564493982478,27.4558411927372,27.385357797423,27.4306740081185,27.5011268629649,27.4256398439229,27.4256398439229,27.4608739026253,27.4004653847288,27.4004653847288,27.4055007617757,27.3752848587436,27.4004653847288,27.4105358961847,27.4206054372245,27.475970578825,27.5463929314253,27.5413643354891,27.4860338187415,27.4659063702468,27.5413643354891,27.4960960902657,27.385357797423,27.3752848587436,27.3752848587436,27.309787068249,27.2997068377419,27.4659063702468,27.4155707879898,27.4810023198492,27.4659063702468,27.5815863374129,27.475970578825,27.4004653847288,27.385357797423,27.4004653847288,27.4256398439229,27.5162177292145,27.5313064183988,27.5363354978248,27.506157393667,27.5866130007331,27.5765594326333,27.4960960902657,27.5564493982478,27.4004653847288,27.5111876824057,27.4055007617757,27.4558411927372,27.6016915422711,27.4608739026253,27.4508082405489,27.4357079298451,27.5313064183988,27.3500982617396,27.3450602134443,27.2795434562661,27.234161600755,27.2845846667777,27.4105358961847,27.2190299285684,27.1180959740562
27.2442481632001,27.2492910788209,27.3500982617396,27.2644183636851,27.2240740631453,27.2644183636851,27.1433386236146,27.2089409277006,27.2644183636851,27.3249055894848,27.2795434562661,27.2492910788209,27.2795434562661,27.2392050038562,27.3803214494867,27.3047470746531,27.2543337507527,27.4407416091366,27.4508082405489,27.5313064183988,27.4608739026253,27.6117426966131,27.4457750460266,27.355136067025,27.3652109487011,27.309787068249,27.4256398439229,27.2946663574817,27.2845846667777,27.3249055894848,27.2997068377419,27.1988509509866,27.385357797423,27.6418903705064,27.5665048985609,27.506157393667,27.4910650755359,27.4810023198492,27.355136067025,27.3752848587436,27.4055007617757,27.3500982617396,27.2644183636851,27.3450602134443,27.3450602134443,27.4105358961847,27.4155707879898,27.4508082405489,27.4508082405489,27.4608739026253,27.475970578825,27.6368663610303,27.5564493982478,28.1180768014564,28.4924953392214,28.4077437165986,27.9529094959747,28.1030723156867,27.6569609527223,27.5111876824057,27.8627086137778,28.6418911132907,28.3378970521235,28.0580460022081,27.837639044803,27.8075476496238,27.7975152652541,27.7122012073196,27.6770516890958,27.9729436137625,28.3229238825521,28.048037534235,27.6971385722891,27.9779515459613,28.1980645842911,27.9529094959747,27.5815863374129,27.5162177292145,27.6117426966131,27.6117426966131,28.0880656878123,27.7172216044382,27.631842110463,27.5715322863604,27.7272616770383,27.6418903705064,27.5363354978248,27.4256398439229,27.4004653847288,27.5212475341273,27.4155707879898,27.3500982617396,27.4457750460266,27.4608739026253,27.4407416091366,27.4860338187415,27.4155707879898,27.4357079298451,27.6619839981682,27.6067172400882,27.6368663610303,27.5614772692013,27.6619839981682,27.5011268629649,27.4457750460266,27.4105358961847,27.475970578825,27.3752848587436,27.4004653847288,27.3752848587436,27.5413643354891,27.5765594326333,27.3702480251596,27.5262770971775,27.4508082405489,27.4407416091366,27.5463929314253,27.6720293663216,27.5162177292145,27.5413643354891,27.506157393667,27.5413643354891,27.4810023198492,27.475970578825,27.4558411927372,27.6167679118797,27.5815863374129,27.6268176187712,27.7322813525865,27.6720293663216,27.6268176187712,27.631842110463,27.6167679118797,27.8326244118639,28.0730569169481,27.892784190336,27.8977959483549,27.812563481855,28.1230778208426,28.0930681351701,28.0280177375547,27.8075476496238,27.6469141389248,27.6067172400882,27.6569609527223,28.0029876251156,27.9529094959747,27.7373007876777,27.5966656031286,27.5715322863604,27.506157393667,27.5363354978248,27.5665048985609,27.5715322863604,27.5715322863604,27.5463929314253,27.6217928859212,27.6067172400882,27.5665048985609,27.6016915422711,27.5765594326333,27.6971385722891,27.6619839981682,27.7122012073196,27.7122012073196,27.6820737710463,27.777447615956,27.7222417610001,27.5765594326333,27.5363354978248,27.5363354978248,27.4558411927372,27.5162177292145,27.4910650755359,27.4860338187415,27.4659063702468,27.4960960902657,27.4407416091366,27.3803214494867,27.5011268629649,27.4810023198492,27.4256398439229,27.5564493982478,27.4608739026253,27.4608739026253,27.4709385956355,27.4004653847288,27.4558411927372,27.4105358961847,27.4457750460266,27.385357797423,27.4206054372245,27.475970578825,27.5212475341273,27.475970578825,27.4457750460266,27.475970578825,27.4407416091366,27.4608739026253,27.4608739026253,27.3702480251596,27.5463929314253,27.3702480251596,27.4558411927372,27.4105358961847,27.4206054372245,27.475970578825,27.5162177292145,27.3652109487011,27.4960960902657,27.5313064183988,27.5162177292145,27.5111876824057,27.5162177292145,27.5212475341273,27.4860338187415,27.5463929314253,27.5765594326333,27.5162177292145,27.5111876824057,27.551421285667,27.4910650755359,27.506157393667,27.3803214494867,27.3652109487011,27.3450602134443,27.4004653847288,27.5665048985609,27.5162177292145,27.5564493982478,27.4407416091366,27.4105358961847,27.2543337507527,27.2997068377419,27.385357797423,27.3500982617396,27.4105358961847,27.2543337507527,27.1584812802121,27.1887599981537
27.2442481632001,27.2442481632001,27.2089409277006,27.2190299285684,27.3601736293342,27.2694603047538,27.3299446101592,27.2644183636851,27.2139855500982,27.1635283437601,27.2845846667777,27.2896256338382,27.1635283437601,27.1685751630395,27.2896256338382,27.309787068249,27.1887599981537,27.2694603047538,27.4206054372245,27.4457750460266,27.4810023198492,27.4608739026253,27.4457750460266,27.4306740081185,27.4206054372245,27.3752848587436,27.3652109487011,27.2543337507527,27.2543337507527,27.3299446101592,27.3500982617396,27.340021922105,27.2795434562661,27.340021922105,27.3803214494867,27.3702480251596,27.4306740081185,27.3752848587436,27.7623943574465,27.7623943574465,27.5815863374129,27.4810023198492,27.3450602134443,27.3954297650103,27.3249055894848,27.3954297650103,27.4206054372245,27.340021922105,27.4910650755359,27.5262770971775,27.5313064183988,27.3752848587436,27.5313064183988,27.8727347639835,28.5223914205637,28.342887635646,27.7071805696107,27.8627086137778,28.048037534235,28.3179323529188,28.6617945840412,28.2430309971616,27.8075476496238,27.6670068026902,27.6569609527223,27.5715322863604,27.5162177292145,27.3803214494867,27.6720293663216,27.7373007876777,28.342887635646,28.0330230443987,28.3079485837934,28.3229238825521,28.0780600787342,27.9128297863749,27.6569609527223,27.6569609527223,27.5815863374129,27.7674123504958,27.9328715542163,27.5866130007331,27.5262770971775,27.6016915422711,27.6820737710463,27.6670068026902,27.551421285667,27.4306740081185,27.506157393667,27.4206054372245,27.3903939025862,27.4508082405489,27.4004653847288,27.5665048985609,27.475970578825,27.4810023198492,27.6117426966131,27.475970578825,27.5966656031286,27.6368663610303,27.4558411927372,27.6418903705064,27.5815863374129,27.5715322863604,27.5212475341273,27.4407416091366,27.4508082405489,27.4206054372245,27.4357079298451,27.5463929314253,27.5866130007331,27.5262770971775,27.5313064183988,27.4508082405489,27.5162177292145,27.6067172400882,27.6117426966131,27.6067172400882,27.6820737710463,27.5614772692013,27.506157393667,27.5011268629649,27.475970578825,27.5212475341273,27.4659063702468,27.5162177292145,27.5262770971775,27.5564493982478,27.6418903705064,27.6870956122065,27.7824648884334,27.7724301033211,27.7523576505433,27.6720293663216,27.9579183838364,27.9278614710339,27.7172216044382,27.7222417610001,27.8326244118639,27.8225944265762,27.812563481855,27.7724301033211,27.6619839981682,27.5564493982478,27.7222417610001,28.0130003858666,27.7322813525865,27.7071805696107,27.5614772692013,27.6619839981682,27.6469141389248,27.6670068026902,27.5463929314253,27.551421285667,27.5765594326333,27.6418903705064,27.5463929314253,27.7021596912783,27.5765594326333,27.6016915422711,27.7021596912783,27.6016915422711,27.6167679118797,27.5715322863604,27.5212475341273,27.6368663610303,27.5966656031286,27.5866130007331,27.7473389366228,27.6820737710463,27.7623943574465,27.7473389366228,27.7322813525865,27.6619839981682,27.5665048985609,27.4608739026253,27.4105358961847,27.4960960902657,27.4407416091366,27.4659063702468,27.4608739026253,27.5665048985609,27.5011268629649,27.4608739026253,27.4608739026253,27.4860338187415,27.3903939025862,27.3954297650103,27.2745020022695,27.4155707879898,27.4659063702468,27.4306740081185,27.4357079298451,27.4055007617757,27.5011268629649,27.4860338187415,27.4910650755359,27.4709385956355,27.4608739026253,27.4407416091366,27.4508082405489,27.4508082405489,27.4055007617757,27.4357079298451,27.4457750460266,27.4709385956355,27.5966656031286,27.5815863374129,27.475970578825,27.5363354978248,27.5866130007331,27.5212475341273,27.4659063702468,27.385357797423,27.475970578825,27.385357797423,27.5262770971775,27.5262770971775,27.4155707879898,27.4910650755359,27.4910650755359,27.4960960902657,27.4860338187415,27.4960960902657,27.4105358961847,27.3803214494867,27.4960960902657,27.5111876824057,27.4709385956355,27.4357079298451,27.4004653847288,27.4407416091366,27.4206054372245,27.2543337507527,27.1584812802121,27.2543337507527,27.2442481632001,27.1736217380844,27.234161600755,27.2392050038562
27.0877967231895,27.0978974522403,27.2492910788209,27.4105358961847,27.3500982617396,27.2593761790295,27.3148268185636,27.2644183636851,27.3198663256309,27.3349833876879,27.2593761790295,27.2190299285684,27.2442481632001,27.2291179538628,27.1736217380844,27.2492910788209,27.2644183636851,27.3198663256309,27.2694603047538,27.3450602134443,27.4457750460266,27.5162177292145,27.4306740081185,27.3803214494867,27.385357797423,27.3652109487011,27.2745020022695,27.2845846667777,27.2492910788209,27.2997068377419,27.3047470746531,27.2997068377419,27.3702480251596,27.2694603047538,27.3601736293342,27.3702480251596,27.3601736293342,27.3500982617396,27.385357797423,27.5916394226271,27.6368663610303,27.6067172400882,27.3903939025862,27.385357797423,27.2543337507527,27.3652109487011,27.385357797423,27.3702480251596,27.475970578825,27.4910650755359,27.3954297650103,27.4860338187415,27.5413643354891,27.7272616770383,28.3229238825521,28.4227048373089,27.8727347639835,27.9979808867536,28.347877982722,28.5124270015936,28.5074444391028,28.2380356778862,27.6770516890958,27.6670068026902,27.5815863374129,27.506157393667,27.385357797423,27.385357797423,27.3803214494867,27.6016915422711,28.048037534235,28.1080740489112,28.258015532538,28.3179323529188,28.2630099036222,28.1530789428139,27.8426534379831,27.5765594326333,27.506157393667,27.8627086137778,27.777447615956,27.5815863374129,27.355136067025,27.5715322863604,27.6469141389248,27.4910650755359,27.4860338187415,27.4960960902657,27.4709385956355,27.4709385956355,27.385357797423,27.3803214494867,27.4407416091366,27.4709385956355,27.4709385956355,27.4709385956355,27.5162177292145,27.5363354978248,27.6870956122065,27.7272616770383,27.5313064183988,27.5765594326333,27.5363354978248,27.5463929314253,27.5564493982478,27.4910650755359,27.385357797423,27.4105358961847,27.4608739026253,27.4558411927372,27.6167679118797,27.5162177292145,27.4558411927372,27.4508082405489,27.5262770971775,27.5966656031286,27.6016915422711,27.6016915422711,27.6368663610303,27.6217928859212,27.4910650755359,27.5313064183988,27.551421285667,27.5665048985609,27.4910650755359,27.5614772692013,27.5363354978248,27.551421285667,27.5715322863604,27.6569609527223,27.6619839981682,27.6217928859212,27.8075476496238,27.7724301033211,27.9328715542163,27.982959239327,27.8326244118639,27.631842110463,27.8025315774346,27.7122012073196,27.651937666319,27.6569609527223,27.5363354978248,27.5614772692013,27.6418903705064,27.8977959483549,27.7824648884334,27.6167679118797,27.6971385722891,27.6016915422711,27.7824648884334,27.7473389366228,27.5614772692013,27.5614772692013,27.4910650755359,27.6619839981682,27.5614772692013,27.5866130007331,27.5966656031286,27.5765594326333,27.5866130007331,27.6117426966131,27.6820737710463,27.4709385956355,27.5111876824057,27.5212475341273,27.4659063702468,27.5765594326333,27.6268176187712,27.8075476496238,27.9228511486881,27.8977959483549,27.7824648884334,27.7874819207868,27.7222417610001,27.5363354978248,27.4709385956355,27.475970578825,27.631842110463,27.6117426966131,27.506157393667,27.6368663610303,27.5463929314253,27.5463929314253,27.506157393667,27.4659063702468,27.4306740081185,27.4860338187415,27.4055007617757,27.4105358961847,27.4709385956355,27.3702480251596,27.4659063702468,27.6368663610303,27.5765594326333,27.506157393667,27.5011268629649,27.4709385956355,27.5262770971775,27.4810023198492,27.5212475341273,27.4558411927372,27.2694603047538,27.4558411927372,27.5916394226271,27.506157393667,27.7222417610001,27.8326244118639,27.6720293663216,27.7423199823454,27.631842110463,27.6067172400882,27.5212475341273,27.5765594326333,27.506157393667,27.5262770971775,27.3903939025862,27.5765594326333,27.5463929314253,27.4709385956355,27.4810023198492,27.4608739026253,27.4810023198492,27.4558411927372,27.5111876824057,27.355136067025,27.4910650755359,27.5313064183988,27.506157393667,27.475970578825,27.4508082405489,27.3299446101592,27.3299446101592,27.3148268185636,27.3349833876879,27.3450602134443,27.2946663574817,27.3299446101592,27.2644183636851,27.2694603047538
27.506157393667,27.2240740631453,27.2946663574817,27.3954297650103,27.3954297650103,27.3047470746531,27.2543337507527,27.3148268185636,27.3249055894848,27.2896256338382,27.3299446101592,27.309787068249,27.3047470746531,27.2644183636851,27.2392050038562,27.2291179538628,27.1685751630395,27.1736217380844,27.3903939025862,27.4910650755359,27.355136067025,27.5363354978248,27.3349833876879,27.4256398439229,27.3047470746531,27.4004653847288,27.3652109487011,27.4004653847288,27.385357797423,27.2845846667777,27.3047470746531,27.3047470746531,27.2896256338382,27.3752848587436,27.3752848587436,27.3500982617396,27.385357797423,27.3652109487011,27.5665048985609,27.5111876824057,27.5815863374129,27.3702480251596,27.4810023198492,27.3752848587436,27.3702480251596,27.3198663256309,27.475970578825,27.3601736293342,27.4910650755359,27.5564493982478,27.4558411927372,27.385357797423,27.385357797423,27.6670068026902,27.8727347639835,28.2729979349236,28.4077437165986,28.5223914205637,28.063049878718,27.8526815051994,27.9679354426974,27.8025315774346,27.6469141389248,27.5212475341273,27.5614772692013,27.4810023198492,27.4357079298451,27.340021922105,27.3702480251596,27.5866130007331,27.5262770971775,27.6720293663216,27.7373007876777,27.7874819207868,28.0980703444506,28.1380794518489,28.0530418873914,27.631842110463,27.7071805696107,27.892784190336,27.7924987130493,27.5262770971775,27.3450602134443,27.340021922105,27.5715322863604,27.4810023198492,27.4256398439229,27.4457750460266,27.4407416091366,27.4558411927372,27.5262770971775,27.4457750460266,27.4457750460266,27.4457750460266,27.5262770971775,27.4910650755359,27.4558411927372,27.5262770971775,27.7623943574465,27.6268176187712,27.6670068026902,27.6469141389248,27.5564493982478,27.5564493982478,27.4558411927372,27.4709385956355,27.4709385956355,27.385357797423,27.5665048985609,27.6117426966131,27.6117426966131,27.506157393667,27.6217928859212,27.6619839981682,27.6268176187712,27.5665048985609,27.6368663610303,27.7523576505433,27.651937666319,27.5665048985609,27.6418903705064,27.5665048985609,27.551421285667,27.5564493982478,27.5413643354891,27.4910650755359,27.5011268629649,27.5212475341273,27.5614772692013,27.6670068026902,27.551421285667,27.5866130007331,27.4608739026253,27.6117426966131,27.8627086137778,28.0130003858666,27.8225944265762,27.6870956122065,27.7122012073196,27.6870956122065,27.6720293663216,27.6117426966131,27.5463929314253,27.5966656031286,27.6569609527223,27.7373007876777,27.812563481855,27.7322813525865,27.7122012073196,27.8075476496238,27.7322813525865,27.4910650755359,27.5715322863604,27.5463929314253,27.475970578825,27.5966656031286,27.5564493982478,27.5765594326333,27.6117426966131,27.5815863374129,27.5815863374129,27.5866130007331,27.5815863374129,27.5413643354891,27.6117426966131,27.5212475341273,27.5262770971775,27.6167679118797,27.5262770971775,27.5363354978248,27.651937666319,27.7322813525865,27.837639044803,27.7724301033211,27.8627086137778,27.8276095391327,27.8225944265762,27.7021596912783,27.7523576505433,27.6268176187712,27.6670068026902,27.6067172400882,27.5866130007331,27.5463929314253,27.475970578825,27.5313064183988,27.5313064183988,27.506157393667,27.4457750460266,27.4256398439229,27.4357079298451,27.4508082405489,27.4709385956355,27.4860338187415,27.506157393667,27.4659063702468,27.4860338187415,27.4457750460266,27.4357079298451,27.2795434562661,27.4508082405489,27.4608739026253,27.385357797423,27.385357797423,27.3752848587436,27.5111876824057,27.3702480251596,27.5765594326333,27.7573761241401,27.5262770971775,27.5665048985609,27.551421285667,27.7373007876777,27.5765594326333,27.5363354978248,27.5162177292145,27.551421285667,27.5765594326333,27.5715322863604,27.5313064183988,27.5111876824057,27.4709385956355,27.506157393667,27.4659063702468,27.4960960902657,27.4960960902657,27.4960960902657,27.5363354978248,27.4407416091366,27.4206054372245,27.3047470746531,27.4357079298451,27.4256398439229,27.4206054372245,27.1635283437601,27.3500982617396,27.2492910788209,27.1332422972466,27.1635283437601,27.2543337507527
27.2392050038562,27.2089409277006,27.2190299285684,27.3047470746531,27.2038960613414,27.2240740631453,27.3047470746531,27.2442481632001,27.3198663256309,27.234161600755,27.3047470746531,27.2139855500982,27.234161600755,27.2543337507527,27.2644183636851,27.2089409277006,27.3148268185636,27.2291179538628,27.4105358961847,27.3500982617396,27.4105358961847,27.3450602134443,27.3450602134443,27.385357797423,27.3299446101592,27.3349833876879,27.4004653847288,27.3954297650103,27.3148268185636,27.3702480251596,27.2896256338382,27.3349833876879,27.340021922105,27.3601736293342,27.4860338187415,27.3249055894848,27.4004653847288,27.3450602134443,27.4558411927372,27.4155707879898,27.4508082405489,27.3601736293342,27.3652109487011,27.3047470746531,27.3047470746531,27.5463929314253,27.6619839981682,27.5966656031286,27.5765594326333,27.4960960902657,27.5715322863604,27.5111876824057,27.4910650755359,27.4306740081185,27.5111876824057,27.9779515459613,28.332906232122,28.5273732771074,28.1080740489112,27.5665048985609,27.551421285667,27.5313064183988,27.4810023198492,27.3803214494867,27.4457750460266,27.3500982617396,27.3803214494867,27.3702480251596,27.3299446101592,27.3601736293342,27.5212475341273,27.4960960902657,27.5564493982478,27.7473389366228,27.962927032733,27.9529094959747,27.9078187463413,27.6268176187712,27.6117426966131,27.8627086137778,27.8727347639835,27.6418903705064,27.5162177292145,27.4810023198492,27.5815863374129,27.4709385956355,27.4558411927372,27.4407416091366,27.4910650755359,27.4457750460266,27.4910650755359,27.4709385956355,27.4558411927372,27.4508082405489,27.4457750460266,27.5111876824057,27.5262770971775,27.7674123504958,27.6870956122065,27.551421285667,27.6569609527223,27.551421285667,27.6268176187712,27.6268176187712,27.5162177292145,27.4357079298451,27.4206054372245,27.5313064183988,27.4860338187415,27.6067172400882,27.5966656031286,27.5564493982478,27.5162177292145,27.6820737710463,27.7122012073196,27.551421285667,27.6820737710463,27.551421285667,27.6820737710463,27.6870956122065,27.6418903705064,27.6469141389248,27.6368663610303,27.5212475341273,27.5212475341273,27.4155707879898,27.5262770971775,27.4256398439229,27.5413643354891,27.4608739026253,27.5212475341273,27.5413643354891,27.4960960902657,27.5011268629649,27.7674123504958,27.8677218086608,27.892784190336,27.7122012073196,27.7222417610001,27.5665048985609,27.5916394226271,27.5665048985609,27.5363354978248,27.6418903705064,28.0130003858666,27.812563481855,27.631842110463,27.6469141389248,27.7924987130493,27.7021596912783,27.5916394226271,27.6217928859212,27.551421285667,27.5564493982478,27.551421285667,27.6217928859212,27.5866130007331,27.6569609527223,27.6469141389248,27.6820737710463,27.6117426966131,27.551421285667,27.5866130007331,27.5212475341273,27.6067172400882,27.4810023198492,27.6167679118797,27.5413643354891,27.6569609527223,27.5162177292145,27.5463929314253,27.5262770971775,27.5665048985609,27.7122012073196,27.7573761241401,27.8276095391327,27.8175790741614,27.7021596912783,27.8175790741614,27.777447615956,27.7222417610001,27.7172216044382,27.5866130007331,27.551421285667,27.5413643354891,27.5564493982478,27.6418903705064,27.4860338187415,27.4256398439229,27.4155707879898,27.3903939025862,27.4457750460266,27.4709385956355,27.4608739026253,27.4910650755359,27.4407416091366,27.4004653847288,27.5262770971775,27.4608739026253,27.3349833876879,27.3702480251596,27.4256398439229,27.3652109487011,27.2593761790295,27.3954297650103,27.3954297650103,27.4407416091366,27.5765594326333,27.7172216044382,27.6268176187712,27.5765594326333,27.6418903705064,27.5765594326333,27.5765594326333,27.5815863374129,27.6016915422711,27.5564493982478,27.5866130007331,27.5614772692013,27.5162177292145,27.5715322863604,27.4810023198492,27.4860338187415,27.5564493982478,27.475970578825,27.5262770971775,27.4659063702468,27.5715322863604,27.475970578825,27.4306740081185,27.4407416091366,27.3198663256309,27.2997068377419,27.3148268185636,27.3752848587436,27.3198663256309,27.2745020022695,27.234161600755,27.2291179538628,27.234161600755
27.3652109487011,27.2190299285684,27.1231449929837,27.2543337507527,27.2038960613414,27.2896256338382,27.2038960613414,27.2745020022695,27.3047470746531,27.2593761790295,27.2896256338382,27.057488660176,27.2845846667777,27.2795434562661,27.2139855500982,27.1837141556074,27.2997068377419,27.3299446101592,27.3299446101592,27.3954297650103,27.3652109487011,27.4357079298451,27.3249055894848,27.2291179538628,27.3349833876879,27.4055007617757,27.4306740081185,27.3450602134443,27.3148268185636,27.2946663574817,27.2946663574817,27.3148268185636,27.3148268185636,27.3500982617396,27.4810023198492,27.3601736293342,27.3752848587436,27.4306740081185,27.385357797423,27.5011268629649,27.3752848587436,27.4810023198492,27.4910650755359,27.3299446101592,27.3148268185636,27.3903939025862,27.5463929314253,27.6167679118797,27.4960960902657,27.5866130007331,27.6418903705064,27.7172216044382,27.7674123504958,27.4155707879898,27.4810023198492,27.6619839981682,27.9879666938923,28.4177180330437,28.5273732771074,27.7222417610001,27.4457750460266,27.3803214494867,27.3702480251596,27.4457750460266,27.3601736293342,27.4055007617757,27.4004653847288,27.3249055894848,27.3450602134443,27.3249055894848,27.355136067025,27.4306740081185,27.3954297650103,27.6921172126096,27.8426534379831,27.962927032733,28.0330230443987,27.8576951793018,27.7172216044382,27.837639044803,27.7373007876777,27.5463929314253,27.5413643354891,27.475970578825,27.4659063702468,27.4608739026253,27.4709385956355,27.4709385956355,27.3450602134443,27.4558411927372,27.4608739026253,27.4357079298451,27.4206054372245,27.475970578825,27.506157393667,27.4508082405489,27.4860338187415,27.6971385722891,27.5262770971775,27.7724301033211,27.7122012073196,27.6016915422711,27.6469141389248,27.5011268629649,27.5313064183988,27.4457750460266,27.5212475341273,27.5162177292145,27.6870956122065,27.5815863374129,27.5916394226271,27.5715322863604,27.7473389366228,27.6770516890958,27.6971385722891,27.6720293663216,27.6770516890958,27.6770516890958,27.6921172126096,27.6016915422711,27.7322813525865,27.651937666319,27.631842110463,27.6117426966131,27.5363354978248,27.4608739026253,27.4407416091366,27.5665048985609,27.4659063702468,27.4960960902657,27.475970578825,27.475970578825,27.5715322863604,27.5413643354891,27.5313064183988,27.7373007876777,27.8677218086608,27.7623943574465,27.6117426966131,27.6117426966131,27.6569609527223,27.5162177292145,27.5162177292145,27.7724301033211,28.0830630023446,27.7874819207868,27.6469141389248,27.6167679118797,27.7473389366228,27.5463929314253,27.5765594326333,27.5966656031286,27.5212475341273,27.5463929314253,27.4659063702468,27.5564493982478,27.6469141389248,27.6067172400882,27.6619839981682,27.6067172400882,27.631842110463,27.5715322863604,27.5715322863604,27.5212475341273,27.5212475341273,27.6067172400882,27.5313064183988,27.4960960902657,27.5011268629649,27.551421285667,27.4709385956355,27.506157393667,27.6268176187712,27.5313064183988,27.6820737710463,27.7322813525865,27.6971385722891,27.6016915422711,27.6067172400882,27.7172216044382,27.651937666319,27.6418903705064,27.7021596912783,27.6167679118797,27.5665048985609,27.4457750460266,27.5564493982478,27.5313064183988,27.4306740081185,27.4960960902657,27.4608739026253,27.4508082405489,27.5313064183988,27.551421285667,27.4256398439229,27.4055007617757,27.3903939025862,27.4004653847288,27.4105358961847,27.4357079298451,27.4357079298451,27.3601736293342,27.355136067025,27.3500982617396,27.5665048985609,27.5363354978248,27.4155707879898,27.4306740081185,27.4709385956355,27.6268176187712,27.651937666319,27.5815863374129,27.6418903705064,27.5212475341273,27.6117426966131,27.506157393667,27.6217928859212,27.6117426966131,27.5564493982478,27.5212475341273,27.5966656031286,27.5363354978248,27.4910650755359,27.3702480251596,27.4608739026253,27.4960960902657,27.4860338187415,27.5162177292145,27.5866130007331,27.4357079298451,27.4508082405489,27.2795434562661,27.3903939025862,27.2997068377419,27.2896256338382,27.1382905826503,27.1079972024379,27.1988509509866,27.178668068929,27.1736217380844
27.2392050038562,27.2139855500982,27.193805596602,27.1988509509866,27.2997068377419,27.0978974522403,27.2896256338382,27.2593761790295,27.2190299285684,27.3148268185636,27.2745020022695,27.3148268185636,27.2543337507527,27.2492910788209,27.2442481632001,27.3047470746531,27.3349833876879,27.309787068249,27.3148268185636,27.3803214494867,27.340021922105,27.3349833876879,27.2795434562661,27.3299446101592,27.340021922105,27.2795434562661,27.3652109487011,27.3198663256309,27.2745020022695,27.3249055894848,27.340021922105,27.3702480251596,27.3047470746531,27.4055007617757,27.4659063702468,27.4004653847288,27.4608739026253,27.4860338187415,27.5665048985609,27.5111876824057,27.506157393667,27.5111876824057,27.475970578825,27.475970578825,27.3047470746531,27.3954297650103,27.5111876824057,27.5262770971775,27.4357079298451,27.5765594326333,27.5815863374129,27.5815863374129,27.6368663610303,27.8627086137778,27.5413643354891,27.5916394226271,27.7573761241401,28.3927804716586,28.2979638679726,28.0130003858666,27.4256398439229,27.5162177292145,27.4508082405489,27.4960960902657,27.3450602134443,27.3047470746531,27.3803214494867,27.3954297650103,27.3702480251596,27.4155707879898,27.2997068377419,27.3450602134443,27.2997068377419,27.5313064183988,27.7724301033211,27.7924987130493,27.9328715542163,27.8677218086608,27.6117426966131,27.7623943574465,27.6167679118797,27.4910650755359,27.4960960902657,27.4810023198492,27.3450602134443,27.475970578825,27.4508082405489,27.4256398439229,27.475970578825,27.551421285667,27.4206054372245,27.4407416091366,27.4306740081185,27.3903939025862,27.4558411927372,27.3954297650103,27.4508082405489,27.5363354978248,27.6820737710463,27.6720293663216,27.7423199823454,27.6268176187712,27.7724301033211,27.4659063702468,27.5111876824057,27.4960960902657,27.5463929314253,27.6971385722891,27.6971385722891,27.6067172400882,27.6770516890958,27.6167679118797,27.6971385722891,27.6569609527223,27.5614772692013,27.6971385722891,27.7021596912783,27.5765594326333,27.6067172400882,27.7322813525865,27.7021596912783,27.7373007876777,27.7122012073196,27.5665048985609,27.4860338187415,27.4960960902657,27.5212475341273,27.4910650755359,27.4558411927372,27.5313064183988,27.5966656031286,27.5212475341273,27.5765594326333,27.5564493982478,27.6921172126096,27.7473389366228,27.9779515459613,27.9278614710339,27.7322813525865,27.7473389366228,27.7322813525865,27.6067172400882,27.4457750460266,27.6268176187712,27.6469141389248,27.6770516890958,27.6670068026902,27.6619839981682,27.6619839981682,27.5011268629649,27.5363354978248,27.5614772692013,27.5463929314253,27.4659063702468,27.5262770971775,27.5916394226271,27.5614772692013,27.6820737710463,27.5815863374129,27.5866130007331,27.6670068026902,27.7071805696107,27.5162177292145,27.5966656031286,27.5262770971775,27.5916394226271,27.5011268629649,27.4960960902657,27.5765594326333,27.5916394226271,27.551421285667,27.4659063702468,27.6117426966131,27.5765594326333,27.4910650755359,27.5715322863604,27.7021596912783,27.6167679118797,27.6016915422711,27.651937666319,27.631842110463,27.651937666319,27.6217928859212,27.5313064183988,27.4960960902657,27.4709385956355,27.4608739026253,27.4508082405489,27.5363354978248,27.4608739026253,27.4105358961847,27.4457750460266,27.4709385956355,27.4810023198492,27.4659063702468,27.4407416091366,27.4357079298451,27.3450602134443,27.5262770971775,27.3450602134443,27.340021922105,27.3349833876879,27.340021922105,27.4457750460266,27.4357079298451,27.6368663610303,27.5614772692013,27.6670068026902,27.6368663610303,27.5614772692013,27.551421285667,27.5665048985609,27.6016915422711,27.4910650755359,27.5815863374129,27.5916394226271,27.631842110463,27.5966656031286,27.5614772692013,27.5665048985609,27.4558411927372,27.5363354978248,27.4709385956355,27.4960960902657,27.5665048985609,27.4960960902657,27.4306740081185,27.4508082405489,27.5564493982478,27.4357079298451,27.4105358961847,27.4558411927372,27.309787068249,27.2845846667777,27.2896256338382,27.2795434562661,27.1988509509866,27.2089409277006,27.1635283437601,27.1685751630395
27.3299446101592,27.1988509509866,27.2291179538628,27.2997068377419,27.2139855500982,27.2089409277006,27.309787068249,27.1837141556074,27.2896256338382,27.2139855500982,27.2240740631453,27.2694603047538,27.2543337507527,27.1685751630395,27.1685751630395,27.2845846667777,27.2442481632001,27.193805596602,27.2190299285684,27.3702480251596,27.2240740631453,27.3752848587436,27.2543337507527,27.2845846667777,27.2845846667777,27.2997068377419,27.3450602134443,27.3299446101592,27.3903939025862,27.309787068249,27.309787068249,27.3652109487011,27.3349833876879,27.3903939025862,27.3500982617396,27.309787068249,27.4155707879898,27.4709385956355,27.4558411927372,27.5715322863604,27.5363354978248,27.4810023198492,27.3803214494867,27.3450602134443,27.4055007617757,27.3249055894848,27.5463929314253,27.506157393667,27.475970578825,27.5313064183988,27.506157393667,27.5564493982478,27.5363354978248,27.6670068026902,27.5765594326333,27.4659063702468,27.7473389366228,27.9679354426974,27.8576951793018,28.2130555239183,27.5262770971775,27.5162177292145,27.5313064183988,27.5011268629649,27.355136067025,27.3198663256309,27.3249055894848,27.3601736293342,27.355136067025,27.3299446101592,27.3803214494867,27.340021922105,27.4357079298451,27.506157393667,27.8526815051994,27.5363354978248,27.6117426966131,27.6016915422711,27.6921172126096,27.8476675914376,27.6569609527223,27.5011268629649,27.4960960902657,27.4910650755359,27.3652109487011,27.5212475341273,27.4910650755359,27.3500982617396,27.4155707879898,27.4558411927372,27.4860338187415,27.4659063702468,27.4407416091366,27.5212475341273,27.4256398439229,27.4709385956355,27.3702480251596,27.6670068026902,27.7573761241401,27.4910650755359,27.6670068026902,27.4810023198492,27.5614772692013,27.5313064183988,27.5111876824057,27.5463929314253,27.5564493982478,27.6469141389248,27.6418903705064,27.6016915422711,27.506157393667,27.777447615956,27.7824648884334,27.5966656031286,27.6820737710463,27.7373007876777,27.7021596912783,27.7724301033211,27.7272616770383,27.7172216044382,27.7172216044382,27.631842110463,27.6770516890958,27.5665048985609,27.551421285667,27.5463929314253,27.551421285667,27.5765594326333,27.5866130007331,27.6268176187712,27.5866130007331,27.5966656031286,27.5363354978248,27.5162177292145,27.6971385722891,27.9178405871461,28.223048297154,28.0930681351701,27.8877721929225,27.7373007876777,27.5614772692013,27.5665048985609,27.5463929314253,27.4608739026253,27.6368663610303,27.6820737710463,27.6720293663216,27.5011268629649,27.5162177292145,27.5262770971775,27.4709385956355,27.4659063702468,27.6016915422711,27.6167679118797,27.6067172400882,27.5463929314253,27.6569609527223,27.5765594326333,27.6670068026902,27.551421285667,27.551421285667,27.5413643354891,27.551421285667,27.5614772692013,27.5413643354891,27.5614772692013,27.551421285667,27.5966656031286,27.5815863374129,27.5313064183988,27.4659063702468,27.5212475341273,27.5564493982478,27.5363354978248,27.5111876824057,27.4407416091366,27.5212475341273,27.5212475341273,27.5363354978248,27.551421285667,27.5313064183988,27.6067172400882,27.5413643354891,27.6971385722891,27.4910650755359,27.4860338187415,27.4508082405489,27.4004653847288,27.4810023198492,27.4810023198492,27.5111876824057,27.4206054372245,27.506157393667,27.6820737710463,27.6268176187712,27.5916394226271,27.4608739026253,27.4055007617757,27.506157393667,27.4155707879898,27.4256398439229,27.3954297650103,27.3803214494867,27.5614772692013,27.6217928859212,27.7473389366228,27.8276095391327,27.6720293663216,27.4810023198492,27.5162177292145,27.6167679118797,27.551421285667,27.5313064183988,27.5765594326333,27.5765594326333,27.506157393667,27.5815863374129,27.5463929314253,27.7924987130493,27.6569609527223,27.4860338187415,27.551421285667,27.5111876824057,27.4608739026253,27.4910650755359,27.4155707879898,27.5262770971775,27.475970578825,27.5564493982478,27.4407416091366,27.385357797423,27.3954297650103,27.3349833876879,27.2644183636851,27.2593761790295,27.3652109487011,27.2845846667777,27.3299446101592,27.3299446101592,27.2291179538628
27.1584812802121,27.2240740631453,27.2745020022695,27.178668068929,27.0928472100887,27.2644183636851,27.178668068929,27.309787068249,27.2946663574817,27.2795434562661,27.3148268185636,27.3148268185636,27.2593761790295,27.1887599981537,27.1837141556074,27.2694603047538,27.2946663574817,27.2745020022695,27.2492910788209,27.3047470746531,27.3349833876879,27.340021922105,27.3652109487011,27.4055007617757,27.2543337507527,27.3349833876879,27.3702480251596,27.3047470746531,27.3450602134443,27.3148268185636,27.3047470746531,27.3903939025862,27.309787068249,27.4055007617757,27.3148268185636,27.4457750460266,27.4709385956355,27.4810023198492,27.4508082405489,27.5715322863604,27.506157393667,27.551421285667,27.3903939025862,27.3752848587436,27.3299446101592,27.3954297650103,27.4659063702468,27.506157393667,27.5011268629649,27.5011268629649,27.4407416091366,27.4860338187415,27.4306740081185,27.475970578825,27.4357079298451,27.6117426966131,28.223048297154,27.7373007876777,27.7172216044382,28.0380281127715,27.6770516890958,27.4508082405489,27.506157393667,27.4206054372245,27.3299446101592,27.3148268185636,27.2240740631453,27.340021922105,27.3601736293342,27.2946663574817,27.3299446101592,27.3450602134443,27.3450602134443,27.5715322863604,27.5212475341273,27.4659063702468,27.4558411927372,27.5111876824057,27.506157393667,27.7122012073196,27.5815863374129,27.4457750460266,27.506157393667,27.4659063702468,27.4810023198492,27.551421285667,27.4608739026253,27.475970578825,27.4155707879898,27.4155707879898,27.4306740081185,27.4558411927372,27.4155707879898,27.4810023198492,27.4810023198492,27.4004653847288,27.4709385956355,27.9328715542163,27.7623943574465,27.631842110463,27.8075476496238,27.5765594326333,27.4860338187415,27.4357079298451,27.4659063702468,27.506157393667,27.5313064183988,27.6870956122065,27.6117426966131,27.6418903705064,27.8276095391327,27.7824648884334,27.7573761241401,27.5966656031286,27.8326244118639,27.7724301033211,27.7373007876777,27.6619839981682,27.6368663610303,27.6217928859212,27.6217928859212,27.6167679118797,27.6067172400882,27.7021596912783,27.7021596912783,27.6217928859212,27.7272616770383,27.6418903705064,27.6619839981682,27.7222417610001,27.6268176187712,27.6770516890958,27.6217928859212,27.6117426966131,27.6469141389248,27.812563481855,28.1080740489112,28.0730569169481,27.9729436137625,27.9178405871461,27.7423199823454,27.6067172400882,27.5413643354891,27.4810023198492,27.6971385722891,27.9679354426974,27.6368663610303,27.4910650755359,27.5011268629649,27.4810023198492,27.4457750460266,27.4960960902657,27.4910650755359,27.631842110463,27.5463929314253,27.6016915422711,27.5564493982478,27.6217928859212,27.5765594326333,27.5262770971775,27.5815863374129,27.5665048985609,27.5564493982478,27.5413643354891,27.5564493982478,27.7071805696107,27.5564493982478,27.5413643354891,27.506157393667,27.5413643354891,27.6016915422711,27.5262770971775,27.6619839981682,27.5162177292145,27.5765594326333,27.5011268629649,27.4709385956355,27.5212475341273,27.5665048985609,27.5665048985609,27.3601736293342,27.5413643354891,27.5815863374129,27.6971385722891,27.5313064183988,27.4608739026253,27.4457750460266,27.4105358961847,27.4508082405489,27.4105358961847,27.4055007617757,27.4910650755359,27.4659063702468,27.6117426966131,27.5966656031286,27.5916394226271,27.5614772692013,27.4306740081185,27.4457750460266,27.3500982617396,27.4004653847288,27.3349833876879,27.4004653847288,27.4306740081185,27.5916394226271,27.6117426966131,27.7523576505433,27.8225944265762,27.6418903705064,27.5413643354891,27.6368663610303,27.6268176187712,27.5916394226271,27.4155707879898,27.4357079298451,27.5363354978248,27.4860338187415,27.4357079298451,27.551421285667,27.5916394226271,27.5966656031286,27.4910650755359,27.4659063702468,27.5011268629649,27.4105358961847,27.4810023198492,27.4709385956355,27.5313064183988,27.4155707879898,27.3500982617396,27.4004653847288,27.340021922105,27.3249055894848,27.2492910788209,27.2644183636851,27.2694603047538,27.2795434562661,27.1887599981537,27.3349833876879,27.2190299285684
27.2291179538628,27.1837141556074,27.2543337507527,27.1029474496787,27.2442481632001,27.2997068377419,27.1685751630395,27.3652109487011,27.2442481632001,27.2946663574817,27.1534339723613,27.2392050038562,27.2291179538628,27.193805596602,27.2593761790295,27.2291179538628,27.2845846667777,27.3500982617396,27.2997068377419,27.3500982617396,27.3349833876879,27.2593761790295,27.355136067025,27.309787068249,27.2896256338382,27.3500982617396,27.3601736293342,27.3803214494867,27.4709385956355,27.3702480251596,27.2946663574817,27.3249055894848,27.309787068249,27.385357797423,27.309787068249,27.3903939025862,27.4508082405489,27.4457750460266,27.5162177292145,27.5363354978248,27.4457750460266,27.5363354978248,27.4407416091366,27.4256398439229,27.3249055894848,27.385357797423,27.4105358961847,27.5866130007331,27.6569609527223,27.4407416091366,27.5262770971775,27.4407416091366,27.4608739026253,27.4357079298451,27.4357079298451,27.7122012073196,28.3678370072086,27.7473389366228,27.7021596912783,27.9979808867536,27.6720293663216,27.4960960902657,27.6016915422711,27.4709385956355,27.3702480251596,27.3752848587436,27.309787068249,27.3349833876879,27.3198663256309,27.3249055894848,27.309787068249,27.4004653847288,27.4055007617757,27.4306740081185,27.4256398439229,27.4407416091366,27.4810023198492,27.6016915422711,27.5162177292145,27.651937666319,27.812563481855,27.5966656031286,27.5765594326333,27.5564493982478,27.5162177292145,27.5966656031286,27.5614772692013,27.5765594326333,27.4256398439229,27.4457750460266,27.4608739026253,27.4910650755359,27.475970578825,27.5313064183988,27.4709385956355,27.4508082405489,27.5715322863604,28.1330791460061,27.812563481855,27.6268176187712,27.7975152652541,27.7322813525865,27.7322813525865,27.7272616770383,27.4860338187415,27.6268176187712,27.6619839981682,27.7824648884334,27.6469141389248,27.6469141389248,27.8225944265762,27.7272616770383,27.6016915422711,27.6268176187712,27.8225944265762,27.8526815051994,27.7172216044382,27.5614772692013,27.6619839981682,27.6469141389248,27.5665048985609,27.6469141389248,27.6870956122065,27.7423199823454,27.651937666319,27.6770516890958,27.7222417610001,27.7172216044382,27.7573761241401,27.837639044803,27.7724301033211,27.7674123504958,27.7924987130493,27.7573761241401,27.6770516890958,27.9228511486881,28.1830715081525,28.1630774149815,28.1130755441568,27.962927032733,27.7724301033211,27.6217928859212,27.5313064183988,27.5463929314253,27.7924987130493,27.812563481855,27.6720293663216,27.7874819207868,27.6418903705064,27.5363354978248,27.506157393667,27.5916394226271,27.6167679118797,27.5966656031286,27.5916394226271,27.6067172400882,27.5564493982478,27.6268176187712,27.5665048985609,27.5313064183988,27.5413643354891,27.5966656031286,27.6268176187712,27.6720293663216,27.6368663610303,27.6770516890958,27.5363354978248,27.5765594326333,27.5564493982478,27.7021596912783,27.5715322863604,27.5313064183988,27.5413643354891,27.5111876824057,27.5011268629649,27.6167679118797,27.6067172400882,27.5665048985609,27.5212475341273,27.5212475341273,27.5564493982478,27.4960960902657,27.4306740081185,27.5413643354891,27.5715322863604,27.506157393667,27.5162177292145,27.4155707879898,27.5614772692013,27.4508082405489,27.4055007617757,27.5011268629649,27.4407416091366,27.4659063702468,27.4659063702468,27.5815863374129,27.5413643354891,27.4457750460266,27.5866130007331,27.4055007617757,27.4407416091366,27.4306740081185,27.3752848587436,27.3903939025862,27.5111876824057,27.5765594326333,27.5614772692013,27.7623943574465,27.6569609527223,27.6619839981682,27.6368663610303,27.5866130007331,27.631842110463,27.5815863374129,27.5815863374129,27.4457750460266,27.4709385956355,27.5313064183988,27.5614772692013,27.6569609527223,27.5866130007331,27.5614772692013,27.4910650755359,27.5011268629649,27.5111876824057,27.4357079298451,27.4659063702468,27.4709385956355,27.551421285667,27.4256398439229,27.4457750460266,27.3954297650103,27.3500982617396,27.4206054372245,27.4105358961847,27.3249055894848,27.340021922105,27.1635283437601,27.1988509509866,27.178668068929
27.2240740631453,27.2392050038562,27.2644183636851,27.234161600755,27.2190299285684,27.2694603047538,27.234161600755,27.2745020022695,27.3198663256309,27.2997068377419,27.3500982617396,27.2845846667777,27.2240740631453,27.2442481632001,27.234161600755,27.2392050038562,27.2492910788209,27.2694603047538,27.2745020022695,27.2896256338382,27.3500982617396,27.3702480251596,27.4709385956355,27.4407416091366,27.3249055894848,27.4709385956355,27.3954297650103,27.3249055894848,27.3198663256309,27.3198663256309,27.4004653847288,27.4004653847288,27.3903939025862,27.4357079298451,27.3249055894848,27.3903939025862,27.4558411927372,27.3702480251596,27.5614772692013,27.5313064183988,27.5564493982478,27.6569609527223,27.5212475341273,27.4508082405489,27.3601736293342,27.4407416091366,27.4306740081185,27.506157393667,27.6016915422711,27.4910650755359,27.4860338187415,27.4508082405489,27.4357079298451,27.4709385956355,27.5363354978248,27.9278614710339,28.372826172538,27.5966656031286,27.9679354426974,28.0380281127715,27.7021596912783,27.5111876824057,27.4206054372245,27.506157393667,27.4457750460266,27.4004653847288,27.3652109487011,27.3198663256309,27.355136067025,27.4004653847288,27.309787068249,27.340021922105,27.4055007617757,27.4558411927372,27.4558411927372,27.5564493982478,27.4960960902657,27.5916394226271,27.6016915422711,27.7824648884334,27.8276095391327,27.5765594326333,27.4357079298451,27.6268176187712,27.6016915422711,27.5765594326333,27.5011268629649,27.385357797423,27.5162177292145,27.4357079298451,27.4004653847288,27.4206054372245,27.4810023198492,27.4659063702468,27.3803214494867,27.4357079298451,27.5313064183988,28.1580782977234,27.7623943574465,27.6670068026902,27.6720293663216,27.7674123504958,27.7473389366228,27.5966656031286,27.6820737710463,27.6971385722891,27.6217928859212,27.7122012073196,27.7322813525865,27.8827599560813,27.7122012073196,27.7473389366228,27.6971385722891,27.6720293663216,27.7573761241401,27.7172216044382,27.7122012073196,27.6217928859212,27.5463929314253,27.5413643354891,27.6418903705064,27.651937666319,27.7473389366228,27.7373007876777,27.7473389366228,27.7222417610001,27.6820737710463,27.6368663610303,27.6469141389248,27.6870956122065,27.631842110463,27.6418903705064,27.6368663610303,27.7523576505433,27.8827599560813,27.9178405871461,28.253020924455,28.2030618015135,28.0280177375547,27.9529094959747,27.7924987130493,27.7623943574465,27.6117426966131,27.5212475341273,27.7874819207868,27.6619839981682,27.5564493982478,27.631842110463,27.5665048985609,27.6217928859212,27.6067172400882,27.6368663610303,27.5916394226271,27.6217928859212,27.551421285667,27.5212475341273,27.6217928859212,27.5715322863604,27.5715322863604,27.5162177292145,27.5614772692013,27.5614772692013,27.5111876824057,27.6569609527223,27.6117426966131,27.7021596912783,27.6720293663216,27.5916394226271,27.6067172400882,27.6167679118797,27.6418903705064,27.7573761241401,27.6619839981682,27.4860338187415,27.5111876824057,27.4910650755359,27.6418903705064,27.551421285667,27.551421285667,27.4910650755359,27.5363354978248,27.4055007617757,27.5765594326333,27.4860338187415,27.5463929314253,27.4810023198492,27.4709385956355,27.4608739026253,27.4659063702468,27.4105358961847,27.4457750460266,27.3702480251596,27.4457750460266,27.4558411927372,27.5463929314253,27.6217928859212,27.4457750460266,27.3752848587436,27.4960960902657,27.4004653847288,27.4357079298451,27.4256398439229,27.4457750460266,27.4407416091366,27.5262770971775,27.5111876824057,27.6117426966131,27.7674123504958,27.7473389366228,27.7122012073196,27.7423199823454,27.6067172400882,27.5564493982478,27.551421285667,27.5765594326333,27.4055007617757,27.4105358961847,27.5162177292145,27.5313064183988,27.551421285667,27.6167679118797,27.4659063702468,27.5363354978248,27.5011268629649,27.5262770971775,27.4558411927372,27.4407416091366,27.4457750460266,27.5614772692013,27.4960960902657,27.3500982617396,27.4457750460266,27.355136067025,27.3903939025862,27.3249055894848,27.2997068377419,27.1483864201735,27.1685751630395,27.1736217380844,27.2038960613414
27.3349833876879,27.2190299285684,27.234161600755,27.2392050038562,27.193805596602,27.2997068377419,27.2240740631453,27.3752848587436,27.3500982617396,27.2946663574817,27.2845846667777,27.3249055894848,27.2593761790295,27.2442481632001,27.2392050038562,27.2291179538628,27.3803214494867,27.2593761790295,27.2745020022695,27.2845846667777,27.2997068377419,27.4508082405489,27.4357079298451,27.4558411927372,27.4508082405489,27.3450602134443,27.355136067025,27.3702480251596,27.2795434562661,27.2392050038562,27.3047470746531,27.309787068249,27.4357079298451,27.4256398439229,27.4004653847288,27.385357797423,27.4508082405489,27.3752848587436,27.475970578825,27.4206054372245,27.4608739026253,27.4457750460266,27.5162177292145,27.4608739026253,27.475970578825,27.3450602134443,27.4659063702468,27.6016915422711,27.6268176187712,27.6368663610303,27.5011268629649,27.4457750460266,27.5212475341273,27.4608739026253,27.5011268629649,28.3778151016153,27.982959239327,27.9028074670123,28.0280177375547,28.1180768014564,27.5313064183988,27.4860338187415,27.6870956122065,27.6067172400882,27.4508082405489,27.475970578825,27.4910650755359,27.3652109487011,27.3450602134443,27.3500982617396,27.3500982617396,27.3803214494867,27.4407416091366,27.4206054372245,27.4055007617757,27.4659063702468,27.5564493982478,27.5866130007331,27.7523576505433,27.7924987130493,27.9178405871461,27.6217928859212,27.631842110463,27.5815863374129,27.551421285667,27.5212475341273,27.5011268629649,27.475970578825,27.4659063702468,27.4457750460266,27.4457750460266,27.4357079298451,27.5162177292145,27.4860338187415,27.4155707879898,27.3752848587436,27.5715322863604,28.0029876251156,27.6720293663216,27.7674123504958,27.6670068026902,27.5715322863604,27.6770516890958,27.5111876824057,27.6268176187712,27.6368663610303,27.6217928859212,27.8576951793018,27.8426534379831,27.892784190336,27.7322813525865,27.6469141389248,27.6619839981682,27.8526815051994,27.8025315774346,27.7423199823454,27.6670068026902,27.8326244118639,27.5564493982478,27.6971385722891,27.6921172126096,27.7975152652541,27.8276095391327,27.7573761241401,27.6569609527223,27.7071805696107,27.5916394226271,27.6418903705064,27.6469141389248,27.6117426966131,27.6469141389248,27.7523576505433,27.651937666319,27.651937666319,27.6469141389248,27.9078187463413,28.2729979349236,28.0380281127715,27.9078187463413,28.228044327915,28.0130003858666,27.9529094959747,27.6217928859212,27.5815863374129,27.6418903705064,27.6167679118797,27.5665048985609,27.551421285667,27.5765594326333,27.6016915422711,27.5966656031286,27.5966656031286,27.6167679118797,27.5815863374129,27.5765594326333,27.6016915422711,27.5715322863604,27.5715322863604,27.5715322863604,27.6569609527223,27.5564493982478,27.7373007876777,27.7021596912783,27.6167679118797,27.5665048985609,27.7071805696107,27.6971385722891,27.5765594326333,27.5363354978248,27.5765594326333,27.506157393667,27.7473389366228,27.5665048985609,27.5413643354891,27.5011268629649,27.506157393667,27.5262770971775,27.4608739026253,27.506157393667,27.5262770971775,27.4960960902657,27.4357079298451,27.4709385956355,27.5463929314253,27.5162177292145,27.4357079298451,27.4407416091366,27.5715322863604,27.3803214494867,27.4105358961847,27.385357797423,27.4306740081185,27.4608739026253,27.5162177292145,27.5262770971775,27.6016915422711,27.3954297650103,27.3601736293342,27.4256398439229,27.3803214494867,27.3752848587436,27.4206054372245,27.4457750460266,27.6418903705064,27.5413643354891,27.5564493982478,27.5313064183988,27.5715322863604,27.7674123504958,27.7924987130493,27.6117426966131,27.7071805696107,27.631842110463,27.5665048985609,27.5815863374129,27.5815863374129,27.5916394226271,27.4508082405489,27.5413643354891,27.340021922105,27.5463929314253,27.4659063702468,27.551421285667,27.6167679118797,27.4960960902657,27.5916394226271,27.4357079298451,27.4608739026253,27.4860338187415,27.4608739026253,27.3652109487011,27.4206054372245,27.4004653847288,27.3198663256309,27.2745020022695,27.2896256338382,27.2795434562661,27.1635283437601,27.1736217380844,27.178668068929
27.2694603047538,27.2694603047538,27.2543337507527,27.2492910788209,27.2543337507527,27.3500982617396,27.2694603047538,27.3752848587436,27.3652109487011,27.3601736293342,27.4357079298451,27.3047470746531,27.2946663574817,27.2997068377419,27.2694603047538,27.3450602134443,27.234161600755,27.355136067025,27.3652109487011,27.4407416091366,27.5313064183988,27.4860338187415,27.4508082405489,27.4659063702468,27.4508082405489,27.4608739026253,27.4306740081185,27.3652109487011,27.4508082405489,27.4155707879898,27.4810023198492,27.4206054372245,27.4659063702468,27.3702480251596,27.4457750460266,27.3903939025862,27.3450602134443,27.4709385956355,27.4810023198492,27.4206054372245,27.4659063702468,27.4055007617757,27.4810023198492,27.5011268629649,27.4709385956355,27.3652109487011,27.4709385956355,27.6117426966131,27.5765594326333,27.6016915422711,27.5463929314253,27.4659063702468,27.5162177292145,27.5111876824057,27.8175790741614,28.327915175609,27.7623943574465,27.7423199823454,27.982959239327,27.631842110463,27.6217928859212,27.7021596912783,27.6619839981682,27.7172216044382,27.7322813525865,27.5413643354891,27.5815863374129,27.5313064183988,27.4055007617757,27.3752848587436,27.4709385956355,27.4155707879898,27.4659063702468,27.4659063702468,27.4004653847288,27.5463929314253,27.5765594326333,27.7071805696107,27.8526815051994,28.0830630023446,28.048037534235,27.6368663610303,27.6117426966131,27.551421285667,27.6067172400882,27.4910650755359,27.4960960902657,27.3803214494867,27.4910650755359,27.4457750460266,27.475970578825,27.4960960902657,27.5564493982478,27.506157393667,27.3903939025862,27.4659063702468,27.8977959483549,27.8627086137778,27.6067172400882,27.7724301033211,27.7473389366228,27.5866130007331,27.5966656031286,27.6921172126096,27.9028074670123,27.8326244118639,27.7071805696107,27.9278614710339,27.892784190336,27.8276095391327,27.8225944265762,27.6016915422711,27.7122012073196,27.7322813525865,27.8526815051994,27.6720293663216,27.5815863374129,27.5765594326333,27.7172216044382,27.7021596912783,27.8326244118639,27.8326244118639,27.8276095391327,27.812563481855,27.6921172126096,27.6971385722891,27.6167679118797,27.6067172400882,27.6067172400882,27.6770516890958,27.6971385722891,27.6268176187712,27.631842110463,27.651937666319,27.7473389366228,27.9128297863749,28.3528680933838,28.0330230443987,27.9028074670123,28.2080587813783,27.9479003691149,27.962927032733,27.6368663610303,27.5815863374129,27.7272616770383,27.5564493982478,27.6016915422711,27.5765594326333,27.506157393667,27.5916394226271,27.6117426966131,27.6167679118797,27.5866130007331,27.5765594326333,27.5715322863604,27.5614772692013,27.5765594326333,27.5715322863604,27.6117426966131,27.5665048985609,27.8025315774346,27.777447615956,27.7272616770383,27.6921172126096,27.7172216044382,27.7122012073196,27.6670068026902,27.6117426966131,27.6619839981682,27.506157393667,27.5665048985609,27.5413643354891,27.5916394226271,27.5614772692013,27.5212475341273,27.5011268629649,27.4558411927372,27.5111876824057,27.4860338187415,27.4709385956355,27.4960960902657,27.4659063702468,27.5815863374129,27.4810023198492,27.5363354978248,27.5665048985609,27.5363354978248,27.475970578825,27.3803214494867,27.4457750460266,27.4508082405489,27.3954297650103,27.6217928859212,27.631842110463,27.551421285667,27.5866130007331,27.4860338187415,27.4558411927372,27.4457750460266,27.3601736293342,27.4055007617757,27.4105358961847,27.4105358961847,27.5966656031286,27.6016915422711,27.6268176187712,27.6670068026902,27.651937666319,27.7874819207868,27.9378813982687,27.7874819207868,27.6921172126096,27.6268176187712,27.6067172400882,27.6619839981682,27.5966656031286,27.6117426966131,27.5715322863604,27.5363354978248,27.4608739026253,27.506157393667,27.5363354978248,27.5966656031286,27.5614772692013,27.6569609527223,27.5262770971775,27.6569609527223,27.5313064183988,27.5011268629649,27.475970578825,27.4810023198492,27.385357797423,27.551421285667,27.4256398439229,27.4407416091366,27.4105358961847,27.2694603047538,27.3198663256309,27.2492910788209,27.2038960613414
27.2593761790295,27.2291179538628,27.2392050038562,27.2745020022695,27.3299446101592,27.2038960613414,27.309787068249,27.3601736293342,27.3450602134443,27.340021922105,27.3349833876879,27.3652109487011,27.3047470746531,27.3349833876879,27.3047470746531,27.3954297650103,27.4206054372245,27.2946663574817,27.4608739026253,27.4709385956355,27.551421285667,27.5866130007331,27.4810023198492,27.6016915422711,27.8677218086608,27.4709385956355,27.4709385956355,27.6418903705064,27.3954297650103,27.4407416091366,27.4004653847288,27.4004653847288,27.4407416091366,27.3903939025862,27.4357079298451,27.3500982617396,27.355136067025,27.3903939025862,27.4155707879898,27.4357079298451,27.4659063702468,27.5111876824057,27.4860338187415,27.4004653847288,27.5866130007331,27.506157393667,27.5866130007331,27.5011268629649,27.631842110463,27.6770516890958,27.5262770971775,27.4910650755359,27.5413643354891,27.651937666319,28.223048297154,27.8225944265762,27.6368663610303,27.8426534379831,27.9078187463413,27.7222417610001,27.6569609527223,28.0380281127715,27.7674123504958,27.7423199823454,27.7172216044382,27.7222417610001,27.6820737710463,27.5966656031286,27.4810023198492,27.4357079298451,27.4508082405489,27.4508082405489,27.4407416091366,27.5162177292145,27.5665048985609,27.6167679118797,27.5815863374129,27.7874819207868,27.7824648884334,28.2080587813783,28.063049878718,27.7071805696107,27.5614772692013,27.4910650755359,27.7573761241401,27.6720293663216,27.5111876824057,27.4910650755359,27.4659063702468,27.4357079298451,27.4910650755359,27.506157393667,27.6418903705064,27.4558411927372,27.506157393667,27.475970578825,27.6670068026902,27.6569609527223,27.6569609527223,27.7523576505433,27.5162177292145,27.506157393667,27.6619839981682,27.7373007876777,27.6770516890958,27.7373007876777,27.6921172126096,27.9378813982687,27.8075476496238,27.9278614710339,27.5966656031286,27.6167679118797,27.7523576505433,27.7523576505433,27.6619839981682,27.6770516890958,27.7272616770383,27.7272616770383,27.7172216044382,27.8576951793018,27.9178405871461,27.8175790741614,27.837639044803,27.8326244118639,27.7272616770383,27.5916394226271,27.6167679118797,27.6670068026902,27.6670068026902,27.6720293663216,27.8225944265762,27.6569609527223,27.6670068026902,27.7272616770383,27.8075476496238,27.8727347639835,28.0230121922066,27.9178405871461,27.9428910032239,27.9378813982687,27.9428910032239,28.1880694376433,27.9428910032239,27.8526815051994,27.6971385722891,27.5765594326333,27.631842110463,27.5866130007331,27.5665048985609,27.6016915422711,27.6117426966131,27.5765594326333,27.6167679118797,27.651937666319,27.6670068026902,27.6469141389248,27.6820737710463,27.7172216044382,27.7272616770383,27.7021596912783,27.6619839981682,27.7021596912783,27.7272616770383,27.7172216044382,27.6418903705064,27.6820737710463,27.6268176187712,27.6770516890958,27.6067172400882,27.6770516890958,27.5313064183988,27.5413643354891,27.4860338187415,27.5413643354891,27.4558411927372,27.4910650755359,27.4659063702468,27.475970578825,27.5413643354891,27.4709385956355,27.4457750460266,27.4709385956355,27.5463929314253,27.4960960902657,27.5564493982478,27.5363354978248,27.4860338187415,27.4659063702468,27.4256398439229,27.3450602134443,27.4105358961847,27.3652109487011,27.4407416091366,27.4860338187415,27.5212475341273,27.4910650755359,27.4960960902657,27.4256398439229,27.4256398439229,27.340021922105,27.3450602134443,27.3450602134443,27.3752848587436,27.6217928859212,27.631842110463,27.6167679118797,27.5966656031286,27.5363354978248,27.7222417610001,27.6921172126096,27.7623943574465,27.6870956122065,27.7071805696107,27.6016915422711,27.5966656031286,27.6016915422711,27.6268176187712,27.475970578825,27.4810023198492,27.4558411927372,27.5413643354891,27.5363354978248,27.5715322863604,27.6217928859212,27.4960960902657,27.5866130007331,27.5262770971775,27.4860338187415,27.4960960902657,27.551421285667,27.4659063702468,27.4860338187415,27.3450602134443,27.4457750460266,27.4357079298451,27.2745020022695,27.3148268185636,27.2442481632001,27.2644183636851,27.385357797423
27.1887599981537,27.3198663256309,27.234161600755,27.2593761790295,27.2745020022695,27.2593761790295,27.3198663256309,27.3450602134443,27.3803214494867,27.2795434562661,27.2946663574817,27.340021922105,27.5363354978248,27.5262770971775,27.4004653847288,27.4055007617757,27.4407416091366,27.3752848587436,27.4608739026253,27.5866130007331,27.4810023198492,27.4960960902657,27.4810023198492,27.5916394226271,27.8677218086608,27.8727347639835,27.7322813525865,27.8677218086608,27.6619839981682,27.3652109487011,27.3652109487011,27.4558411927372,27.475970578825,27.3450602134443,27.4306740081185,27.3652109487011,27.3702480251596,27.3601736293342,27.4910650755359,27.4709385956355,27.8827599560813,27.7924987130493,27.5162177292145,27.5111876824057,27.6117426966131,27.7824648884334,27.982959239327,27.9428910032239,27.837639044803,27.8326244118639,27.7924987130493,27.8175790741614,27.6418903705064,27.812563481855,28.327915175609,27.8877721929225,27.7523576505433,28.2130555239183,28.2130555239183,27.9579183838364,28.223048297154,28.5124270015936,28.4476353203531,27.8977959483549,27.7071805696107,27.6670068026902,27.5564493982478,27.6418903705064,27.4457750460266,27.4407416091366,27.6016915422711,27.6167679118797,27.4960960902657,27.6268176187712,27.6016915422711,27.5363354978248,27.5715322863604,27.6469141389248,27.6217928859212,27.7021596912783,27.6217928859212,27.5715322863604,27.4810023198492,27.4306740081185,27.5363354978248,27.5916394226271,27.3903939025862,27.5162177292145,27.5162177292145,27.5614772692013,27.4407416091366,27.4960960902657,27.5463929314253,27.5313064183988,27.4810023198492,27.5011268629649,27.5966656031286,27.475970578825,27.5715322863604,27.7071805696107,27.4960960902657,27.5665048985609,27.6870956122065,27.7824648884334,27.7573761241401,27.6971385722891,27.9479003691149,27.9278614710339,27.6971385722891,27.8025315774346,27.631842110463,27.7874819207868,27.7322813525865,27.506157393667,27.6368663610303,27.7122012073196,27.777447615956,27.6770516890958,27.892784190336,27.8276095391327,27.837639044803,27.8175790741614,27.6820737710463,27.6720293663216,27.6117426966131,27.551421285667,27.6469141389248,27.7021596912783,27.651937666319,27.6117426966131,27.6368663610303,27.6067172400882,27.7172216044382,27.6016915422711,27.7523576505433,27.8426534379831,28.0330230443987,27.777447615956,28.0130003858666,27.9328715542163,28.3578579676639,28.327915175609,28.258015532538,27.982959239327,27.6670068026902,27.6619839981682,27.5866130007331,27.4910650755359,27.4910650755359,27.5715322863604,27.4910650755359,27.6619839981682,27.4558411927372,27.6569609527223,27.7071805696107,27.6971385722891,27.8075476496238,27.7322813525865,27.7874819207868,27.837639044803,27.6619839981682,27.6870956122065,27.5715322863604,27.6971385722891,27.6921172126096,27.7322813525865,27.6418903705064,27.8326244118639,27.6820737710463,27.5866130007331,27.475970578825,27.4659063702468,27.5212475341273,27.5111876824057,27.475970578825,27.5866130007331,27.5916394226271,27.5815863374129,27.5815863374129,27.5815863374129,27.5413643354891,27.475970578825,27.4960960902657,27.5011268629649,27.5564493982478,27.5262770971775,27.5564493982478,27.4457750460266,27.4155707879898,27.4457750460266,27.4709385956355,27.4508082405489,27.5715322863604,27.6067172400882,27.5665048985609,27.5614772692013,27.5111876824057,27.4810023198492,27.4709385956355,27.4055007617757,27.4357079298451,27.2946663574817,27.4306740081185,27.5966656031286,27.7523576505433,27.7021596912783,27.5866130007331,27.5815863374129,27.6720293663216,27.6268176187712,27.6770516890958,27.6368663610303,27.7272616770383,27.6368663610303,27.6720293663216,27.5212475341273,27.5212475341273,27.5715322863604,27.5212475341273,27.4558411927372,27.5463929314253,27.6820737710463,27.5715322863604,27.5866130007331,27.4910650755359,27.5011268629649,27.4407416091366,27.4860338187415,27.5011268629649,27.5463929314253,27.4357079298451,27.355136067025,27.4508082405489,27.3299446101592,27.309787068249,27.2896256338382,27.2745020022695,27.2694603047538,27.2139855500982,27.2593761790295
27.3198663256309,27.3148268185636,27.3198663256309,27.2593761790295,27.2492910788209,27.3198663256309,27.2745020022695,27.3148268185636,27.4608739026253,27.355136067025,27.3299446101592,27.355136067025,27.5765594326333,27.6820737710463,27.6016915422711,27.6670068026902,27.5765594326333,27.5966656031286,27.5916394226271,27.5866130007331,27.7071805696107,27.6720293663216,27.7222417610001,27.7272616770383,27.8677218086608,27.962927032733,28.1630774149815,27.9228511486881,27.8677218086608,27.631842110463,27.5363354978248,27.7322813525865,27.7674123504958,27.5363354978248,27.3752848587436,27.4407416091366,27.5313064183988,27.4960960902657,27.4659063702468,27.7623943574465,28.2080587813783,27.9879666938923,27.6469141389248,27.6770516890958,28.1830715081525,28.6219838903298,28.61202887113,28.5622396876777,28.3578579676639,28.347877982722,28.5423174353593,28.5821581795757,28.7264549750173,28.7264549750173,28.7910758250633,28.7711966938393,28.5622396876777,28.5323548983997,28.5472983510907,28.3528680933838,28.6219838903298,28.8854507011395,28.6269610479519,28.3528680933838,27.7473389366228,27.6217928859212,27.4155707879898,27.7222417610001,27.551421285667,27.6117426966131,27.5614772692013,27.6268176187712,27.5262770971775,27.7021596912783,27.4558411927372,27.4457750460266,27.4105358961847,27.5363354978248,27.5413643354891,27.4910650755359,27.5111876824057,27.5815863374129,27.4457750460266,27.4508082405489,27.5363354978248,27.506157393667,27.4709385956355,27.4004653847288,27.5162177292145,27.551421285667,27.5313064183988,27.5715322863604,27.631842110463,27.5162177292145,27.4256398439229,27.5815863374129,27.6217928859212,27.5262770971775,27.7423199823454,27.6117426966131,27.551421285667,27.5866130007331,27.7975152652541,27.7071805696107,27.7172216044382,27.7322813525865,27.9529094959747,27.9679354426974,27.7975152652541,27.8627086137778,27.892784190336,27.9479003691149,27.5665048985609,27.7222417610001,27.7172216044382,27.7423199823454,27.7674123504958,27.9378813982687,27.9378813982687,27.8075476496238,27.7824648884334,27.8075476496238,27.6820737710463,27.6619839981682,27.6971385722891,27.6619839981682,27.5313064183988,27.6117426966131,27.6067172400882,27.5463929314253,27.5313064183988,27.6619839981682,27.6368663610303,27.551421285667,27.5966656031286,27.8276095391327,28.0580460022081,27.892784190336,27.9228511486881,27.9228511486881,28.2630099036222,28.1680762946208,28.2080587813783,27.9779515459613,27.6971385722891,27.6921172126096,27.5866130007331,27.5866130007331,27.4860338187415,27.6067172400882,27.651937666319,27.6067172400882,27.7423199823454,27.6921172126096,27.6971385722891,27.8025315774346,27.7172216044382,27.8075476496238,27.7122012073196,27.7523576505433,27.7674123504958,27.9178405871461,27.7473389366228,27.7021596912783,27.6720293663216,27.7373007876777,27.8175790741614,27.8175790741614,27.7473389366228,27.7021596912783,27.6971385722891,27.651937666319,27.6670068026902,27.6770516890958,27.6268176187712,27.7423199823454,27.6117426966131,27.631842110463,27.6016915422711,27.475970578825,27.5866130007331,27.4910650755359,27.551421285667,27.506157393667,27.5715322863604,27.5162177292145,27.5564493982478,27.3903939025862,27.4457750460266,27.4508082405489,27.4407416091366,27.4357079298451,27.4860338187415,27.5765594326333,27.5916394226271,27.5313064183988,27.5313064183988,27.3601736293342,27.4960960902657,27.4457750460266,27.4357079298451,27.3601736293342,27.475970578825,27.5212475341273,27.5212475341273,27.5916394226271,27.5262770971775,27.6770516890958,27.6820737710463,27.6067172400882,27.7222417610001,27.7021596912783,27.6418903705064,27.6167679118797,27.6067172400882,27.5966656031286,27.5111876824057,27.5413643354891,27.4810023198492,27.4508082405489,27.5212475341273,27.4608739026253,27.5212475341273,27.5363354978248,27.5665048985609,27.551421285667,27.4810023198492,27.4508082405489,27.4910650755359,27.506157393667,27.5011268629649,27.4306740081185,27.5011268629649,27.2997068377419,27.3299446101592,27.2442481632001,27.2543337507527,27.3450602134443,27.2139855500982,27.2492910788209
27.4910650755359,27.4457750460266,27.3349833876879,27.2644183636851,27.3450602134443,27.2442481632001,27.2896256338382,27.2795434562661,27.309787068249,27.3500982617396,27.3249055894848,27.355136067025,27.5212475341273,27.5715322863604,27.4659063702468,27.5815863374129,27.5815863374129,27.5665048985609,27.6619839981682,27.6870956122065,27.6167679118797,27.7071805696107,27.7122012073196,27.8827599560813,27.9178405871461,28.0380281127715,28.0380281127715,28.0230121922066,27.9879666938923,27.9128297863749,27.8225944265762,27.837639044803,27.8326244118639,27.551421285667,27.5413643354891,27.4357079298451,27.385357797423,27.6016915422711,27.5363354978248,27.8476675914376,28.0180064083215,27.9028074670123,27.962927032733,27.9879666938923,28.258015532538,28.3578579676639,28.2929711549704,28.277991595206,28.3578579676639,28.3528680933838,28.5771789090283,28.7264549750173,28.8159194843254,28.9995814762791,29.1482631431937,28.7960450239002,28.7264549750173,28.5821581795757,28.6816943046293,28.347877982722,28.347877982722,28.342887635646,28.0880656878123,28.0180064083215,27.6016915422711,27.4508082405489,27.385357797423,27.4659063702468,27.5111876824057,27.3954297650103,27.4357079298451,27.475970578825,27.4810023198492,27.6368663610303,27.5866130007331,27.4960960902657,27.385357797423,27.3954297650103,27.4709385956355,27.3903939025862,27.4608739026253,27.4960960902657,27.4709385956355,27.5966656031286,27.5111876824057,27.6670068026902,27.4508082405489,27.4910650755359,27.5011268629649,27.5313064183988,27.6469141389248,27.6368663610303,27.7071805696107,27.475970578825,27.6268176187712,27.7473389366228,27.5313064183988,27.7122012073196,27.7222417610001,27.6820737710463,27.5262770971775,27.7523576505433,27.6569609527223,27.6921172126096,27.5916394226271,27.6820737710463,28.0380281127715,27.7674123504958,27.9428910032239,28.0079941248089,27.9979808867536,27.7874819207868,27.892784190336,27.8225944265762,27.8025315774346,27.7122012073196,27.9278614710339,27.9929739096901,27.7573761241401,27.7975152652541,27.7874819207868,27.6921172126096,27.6619839981682,27.6619839981682,27.6971385722891,27.6921172126096,27.5111876824057,27.551421285667,27.6469141389248,27.631842110463,27.6870956122065,27.6418903705064,27.6971385722891,27.6217928859212,27.8175790741614,27.9929739096901,27.9979808867536,27.8727347639835,27.9779515459613,27.9729436137625,28.2330401214815,28.3229238825521,28.3378970521235,27.8526815051994,27.9028074670123,27.651937666319,27.7222417610001,27.631842110463,27.6117426966131,27.506157393667,27.6368663610303,27.812563481855,27.8576951793018,27.8827599560813,27.7373007876777,27.7373007876777,27.7423199823454,27.7975152652541,27.6067172400882,27.7021596912783,27.6670068026902,27.6921172126096,27.7423199823454,27.7623943574465,27.7674123504958,27.837639044803,27.8326244118639,27.7322813525865,27.7122012073196,27.8476675914376,27.6569609527223,27.7021596912783,27.5966656031286,27.651937666319,27.6167679118797,27.631842110463,27.6368663610303,27.6016915422711,27.6418903705064,27.6117426966131,27.5866130007331,27.5815863374129,27.5463929314253,27.4608739026253,27.4608739026253,27.551421285667,27.551421285667,27.4558411927372,27.4155707879898,27.4407416091366,27.4105358961847,27.4860338187415,27.4457750460266,27.506157393667,27.4810023198492,27.2997068377419,27.3903939025862,27.5313064183988,27.4306740081185,27.4407416091366,27.4055007617757,27.5212475341273,27.475970578825,27.4055007617757,27.5463929314253,27.5665048985609,27.5363354978248,27.5765594326333,27.7021596912783,27.7021596912783,27.631842110463,27.6770516890958,27.5866130007331,27.6569609527223,27.6820737710463,27.506157393667,27.5111876824057,27.5262770971775,27.5011268629649,27.551421285667,27.5111876824057,27.5162177292145,27.5665048985609,27.5715322863604,27.5665048985609,27.5111876824057,27.5313064183988,27.5011268629649,27.4357079298451,27.4709385956355,27.5765594326333,27.4206054372245,27.5815863374129,27.2745020022695,27.2896256338382,27.2745020022695,27.2946663574817,27.2492910788209,27.2745020022695,27.2291179538628
27.3903939025862,27.5262770971775,27.355136067025,27.2392050038562,27.2442481632001,27.4810023198492,27.2291179538628,27.4055007617757,27.355136067025,27.4659063702468,27.4407416091366,27.3702480251596,27.4508082405489,27.4558411927372,27.4357079298451,27.6820737710463,27.9529094959747,27.8727347639835,27.9579183838364,27.6971385722891,27.6670068026902,27.8777474797793,27.8727347639835,27.8827599560813,27.8576951793018,27.837639044803,27.8977959483549,27.9178405871461,27.777447615956,27.982959239327,27.8326244118639,27.8627086137778,27.837639044803,27.4608739026253,27.385357797423,27.4105358961847,27.3903939025862,27.5011268629649,27.6217928859212,27.9529094959747,27.8977959483549,27.7423199823454,27.7272616770383,27.8426534379831,27.9428910032239,28.1730749366739,28.1880694376433,28.4077437165986,28.2630099036222,27.9228511486881,27.9078187463413,28.0780600787342,28.277991595206,28.3229238825521,28.4775441200496,28.1330791460061,27.9679354426974,28.3977684560513,28.6816943046293,27.9278614710339,27.6921172126096,27.8225944265762,27.777447615956,27.7623943574465,27.5363354978248,27.5413643354891,27.6217928859212,27.5966656031286,27.5916394226271,27.4508082405489,27.4960960902657,27.4457750460266,27.5313064183988,27.7824648884334,27.6016915422711,27.4105358961847,27.4608739026253,27.385357797423,27.5011268629649,27.4457750460266,27.4306740081185,27.551421285667,27.4860338187415,27.475970578825,27.4709385956355,27.551421285667,27.5413643354891,27.385357797423,27.5111876824057,27.4407416091366,27.4910650755359,27.5564493982478,27.6167679118797,27.475970578825,27.5363354978248,27.7122012073196,27.6067172400882,27.6569609527223,27.7172216044382,27.6368663610303,27.8025315774346,27.6268176187712,27.6217928859212,27.6569609527223,27.6418903705064,27.6720293663216,27.9128297863749,27.9228511486881,27.8777474797793,27.9328715542163,27.9729436137625,27.8526815051994,27.7924987130493,27.9378813982687,27.8225944265762,27.9378813982687,27.7423199823454,27.8075476496238,27.9679354426974,27.7322813525865,27.7122012073196,27.7122012073196,27.7322813525865,27.7824648884334,27.6720293663216,27.7473389366228,27.6067172400882,27.631842110463,27.6368663610303,27.6268176187712,27.6268176187712,27.631842110463,27.651937666319,27.6820737710463,27.7122012073196,27.9128297863749,28.1080740489112,28.0029876251156,27.8827599560813,27.8627086137778,28.1230778208426,28.3977684560513,28.0079941248089,28.0130003858666,27.8526815051994,27.7021596912783,27.6569609527223,27.5313064183988,27.4960960902657,27.5011268629649,27.5564493982478,27.6870956122065,27.7071805696107,27.8727347639835,27.8075476496238,27.7373007876777,27.7272616770383,27.7924987130493,27.7423199823454,27.7523576505433,27.7122012073196,27.6971385722891,27.7623943574465,27.7222417610001,27.8977959483549,27.6418903705064,27.631842110463,27.6418903705064,27.5966656031286,27.6971385722891,27.6619839981682,27.6569609527223,27.6418903705064,27.5765594326333,27.6167679118797,27.5564493982478,27.5614772692013,27.5564493982478,27.4508082405489,27.5262770971775,27.5966656031286,27.5966656031286,27.5262770971775,27.5564493982478,27.506157393667,27.475970578825,27.631842110463,27.4709385956355,27.4055007617757,27.4105358961847,27.4558411927372,27.4608739026253,27.5111876824057,27.4608739026253,27.4357079298451,27.5313064183988,27.5866130007331,27.4810023198492,27.5162177292145,27.4055007617757,27.3601736293342,27.3500982617396,27.4608739026253,27.5162177292145,27.506157393667,27.5765594326333,27.5665048985609,27.5916394226271,27.6870956122065,27.6619839981682,27.6569609527223,27.6117426966131,27.5966656031286,27.5765594326333,27.5966656031286,27.5614772692013,27.6067172400882,27.4306740081185,27.506157393667,27.5111876824057,27.355136067025,27.4910650755359,27.4960960902657,27.5262770971775,27.4910650755359,27.5162177292145,27.5564493982478,27.5665048985609,27.5413643354891,27.4105358961847,27.4910650755359,27.4457750460266,27.5162177292145,27.3299446101592,27.3450602134443,27.3954297650103,27.385357797423,27.178668068929,27.3148268185636,27.3047470746531
27.3198663256309,27.3954297650103,27.6469141389248,27.4055007617757,27.2593761790295,27.2997068377419,27.340021922105,27.3652109487011,27.3954297650103,27.3954297650103,27.4155707879898,27.4608739026253,27.385357797423,27.4960960902657,27.5715322863604,27.651937666319,27.8627086137778,27.8777474797793,27.8677218086608,27.6117426966131,27.6770516890958,27.5262770971775,27.6870956122065,27.5111876824057,27.7021596912783,27.4910650755359,27.6770516890958,27.651937666319,27.6569609527223,27.7222417610001,27.7122012073196,27.6569609527223,27.6368663610303,27.5866130007331,27.5262770971775,27.5313064183988,27.5011268629649,27.5262770971775,27.7573761241401,27.9979808867536,28.0230121922066,27.962927032733,28.1730749366739,28.1780733411736,28.4625907807171,28.6269610479519,28.7562848918599,28.7562848918599,28.5771789090283,28.0880656878123,28.0780600787342,28.1180768014564,28.2430309971616,28.4675754627885,27.9479003691149,27.5966656031286,27.7021596912783,28.1030723156867,28.6617945840412,27.9979808867536,27.8175790741614,27.8276095391327,27.7924987130493,27.6469141389248,27.5866130007331,27.5665048985609,27.7222417610001,27.6770516890958,27.6418903705064,27.6368663610303,27.4155707879898,27.5212475341273,27.5212475341273,27.7473389366228,27.6770516890958,27.5413643354891,27.4206054372245,27.4155707879898,27.5011268629649,27.4910650755359,27.475970578825,27.385357797423,27.4810023198492,27.4960960902657,27.5011268629649,27.4860338187415,27.5212475341273,27.3652109487011,27.4608739026253,27.6418903705064,27.5413643354891,27.6217928859212,27.5564493982478,27.4709385956355,27.6820737710463,27.7071805696107,27.5815863374129,27.7071805696107,27.7322813525865,27.8276095391327,27.837639044803,27.631842110463,27.5463929314253,27.6921172126096,27.5966656031286,27.837639044803,27.6569609527223,27.7573761241401,28.1080740489112,27.982959239327,27.8777474797793,27.9228511486881,27.9078187463413,27.8225944265762,27.8576951793018,27.8326244118639,27.7322813525865,27.7573761241401,27.7523576505433,27.6016915422711,27.777447615956,27.6619839981682,27.7423199823454,27.7924987130493,27.6921172126096,27.6268176187712,27.6217928859212,27.5815863374129,27.6167679118797,27.6217928859212,27.6117426966131,27.6217928859212,27.5966656031286,27.5866130007331,27.6217928859212,27.7473389366228,28.0230121922066,28.1180768014564,27.9078187463413,27.9078187463413,28.1180768014564,27.9128297863749,27.7423199823454,27.8476675914376,27.7021596912783,27.6870956122065,27.6670068026902,27.6217928859212,27.5363354978248,27.5413643354891,27.551421285667,27.7423199823454,27.7423199823454,27.9529094959747,27.9579183838364,27.9579183838364,27.7473389366228,27.7724301033211,28.0029876251156,27.9028074670123,27.9929739096901,27.8025315774346,27.8476675914376,27.8276095391327,27.777447615956,27.6870956122065,27.6368663610303,27.7172216044382,27.5916394226271,27.6268176187712,27.5614772692013,27.6067172400882,27.4960960902657,27.4910650755359,27.5966656031286,27.5413643354891,27.6619839981682,27.5564493982478,27.5765594326333,27.5815863374129,27.6067172400882,27.551421285667,27.551421285667,27.4407416091366,27.4910650755359,27.506157393667,27.4709385956355,27.4960960902657,27.4810023198492,27.3954297650103,27.4659063702468,27.3752848587436,27.4357079298451,27.4306740081185,27.5212475341273,27.5111876824057,27.4357079298451,27.4457750460266,27.4810023198492,27.4860338187415,27.4960960902657,27.4558411927372,27.4960960902657,27.5111876824057,27.5765594326333,27.5815863374129,27.6670068026902,27.6217928859212,27.6921172126096,27.6167679118797,27.6016915422711,27.7071805696107,27.5715322863604,27.4860338187415,27.5011268629649,27.475970578825,27.4810023198492,27.2694603047538,27.4155707879898,27.4206054372245,27.3752848587436,27.3652109487011,27.4407416091366,27.4659063702468,27.4709385956355,27.5262770971775,27.4206054372245,27.4910650755359,27.4910650755359,27.506157393667,27.4105358961847,27.3954297650103,27.2946663574817,27.3803214494867,27.2038960613414,27.2795434562661,27.309787068249,27.2190299285684,27.1988509509866,27.193805596602
27.5363354978248,27.5313064183988,27.5262770971775,27.4810023198492,27.4105358961847,27.3500982617396,27.2291179538628,27.4508082405489,27.3752848587436,27.3148268185636,27.3450602134443,27.4960960902657,27.5162177292145,27.4810023198492,27.4558411927372,27.6619839981682,27.6619839981682,27.6418903705064,27.6619839981682,27.5313064183988,27.5011268629649,27.5011268629649,27.4608739026253,27.4558411927372,27.5011268629649,27.4659063702468,27.4910650755359,27.4810023198492,27.4659063702468,27.5313064183988,27.5111876824057,27.6569609527223,27.8526815051994,27.6820737710463,27.5665048985609,27.6770516890958,27.6569609527223,27.5665048985609,27.6971385722891,28.0280177375547,28.3129405866768,28.043032942706,28.1780733411736,28.0580460022081,28.1830715081525,28.1780733411736,28.4376638346625,28.1830715081525,27.9278614710339,28.1230778208426,28.0830630023446,28.2729979349236,28.482528095304,28.327915175609,28.0530418873914,27.7423199823454,27.9228511486881,28.4675754627885,28.7165097979839,27.9328715542163,27.651937666319,27.631842110463,27.6016915422711,27.5564493982478,27.5262770971775,27.5463929314253,27.812563481855,27.7975152652541,27.6469141389248,27.6368663610303,27.4910650755359,27.475970578825,27.5162177292145,27.5413643354891,27.7021596912783,27.5363354978248,27.4105358961847,27.506157393667,27.475970578825,27.4055007617757,27.4810023198492,27.5715322863604,27.4659063702468,27.4306740081185,27.475970578825,27.6067172400882,27.6720293663216,27.4457750460266,27.4810023198492,27.5162177292145,27.4558411927372,27.5866130007331,27.6217928859212,27.6167679118797,27.7272616770383,27.6770516890958,27.6469141389248,27.651937666319,27.837639044803,27.9178405871461,27.7322813525865,27.6921172126096,27.6921172126096,27.6820737710463,27.6770516890958,27.9428910032239,27.6820737710463,27.982959239327,27.9529094959747,27.9779515459613,27.9328715542163,27.8225944265762,27.7021596912783,27.8225944265762,27.8526815051994,27.7623943574465,27.812563481855,27.8175790741614,27.8225944265762,27.6368663610303,27.7172216044382,27.7272616770383,27.7573761241401,27.7322813525865,27.9328715542163,27.7021596912783,27.6971385722891,27.6921172126096,27.7322813525865,27.6016915422711,27.6820737710463,27.6217928859212,27.5665048985609,27.6921172126096,27.7423199823454,27.6569609527223,27.9178405871461,28.0280177375547,27.8476675914376,27.9579183838364,28.0079941248089,27.7573761241401,27.6217928859212,27.6167679118797,27.7523576505433,27.7623943574465,27.5111876824057,27.5614772692013,27.5966656031286,27.5665048985609,27.7071805696107,27.7423199823454,27.6971385722891,27.6016915422711,27.7523576505433,27.8677218086608,27.9729436137625,27.7924987130493,27.8025315774346,27.7272616770383,27.7724301033211,27.7724301033211,27.7975152652541,27.8075476496238,27.8025315774346,27.8175790741614,27.7172216044382,27.6770516890958,27.5815863374129,27.5765594326333,27.6167679118797,27.6016915422711,27.551421285667,27.5715322863604,27.5765594326333,27.4810023198492,27.5866130007331,27.3954297650103,27.5212475341273,27.5765594326333,27.4960960902657,27.6016915422711,27.6117426966131,27.4810023198492,27.4608739026253,27.4608739026253,27.4860338187415,27.4357079298451,27.4558411927372,27.385357797423,27.4004653847288,27.3803214494867,27.4306740081185,27.4206054372245,27.4306740081185,27.4659063702468,27.3803214494867,27.475970578825,27.4558411927372,27.4407416091366,27.5313064183988,27.4457750460266,27.506157393667,27.4709385956355,27.6469141389248,27.6569609527223,27.6619839981682,27.5715322863604,27.7523576505433,27.6569609527223,27.6067172400882,27.5715322863604,27.5413643354891,27.4558411927372,27.4659063702468,27.4105358961847,27.4508082405489,27.385357797423,27.4910650755359,27.385357797423,27.3652109487011,27.4105358961847,27.4004653847288,27.4055007617757,27.3500982617396,27.475970578825,27.5162177292145,27.4457750460266,27.5665048985609,27.5262770971775,27.5162177292145,27.4508082405489,27.4055007617757,27.309787068249,27.309787068249,27.3249055894848,27.3249055894848,27.234161600755,27.2089409277006,27.2089409277006
27.340021922105,27.2694603047538,27.3601736293342,27.3299446101592,27.475970578825,27.355136067025,27.2392050038562,27.3450602134443,27.1887599981537,27.3752848587436,27.3652109487011,27.3249055894848,27.2997068377419,27.3299446101592,27.3148268185636,27.4206054372245,27.340021922105,27.5313064183988,27.5212475341273,27.4659063702468,27.5715322863604,27.5011268629649,27.4105358961847,27.4709385956355,27.3803214494867,27.4357079298451,27.4709385956355,27.3752848587436,27.3652109487011,27.3500982617396,27.551421285667,27.5614772692013,27.651937666319,27.5916394226271,27.5866130007331,27.5614772692013,27.7222417610001,27.5313064183988,27.5363354978248,27.6117426966131,27.892784190336,27.8175790741614,27.7573761241401,27.6619839981682,27.7975152652541,27.837639044803,27.6971385722891,27.651937666319,27.6469141389248,27.6619839981682,27.5866130007331,27.6770516890958,27.6820737710463,27.7071805696107,27.8225944265762,28.0880656878123,28.048037534235,28.0330230443987,28.4476353203531,27.9428910032239,27.5765594326333,27.5866130007331,27.6469141389248,27.5313064183988,27.5212475341273,27.5765594326333,27.6268176187712,27.8075476496238,27.8276095391327,27.5765594326333,27.4608739026253,27.5011268629649,27.4155707879898,27.4810023198492,27.6569609527223,27.5916394226271,27.4155707879898,27.3450602134443,27.340021922105,27.4357079298451,27.4357079298451,27.5011268629649,27.7172216044382,27.4508082405489,27.4810023198492,27.6670068026902,27.7272616770383,27.4206054372245,27.4357079298451,27.4508082405489,27.4910650755359,27.4810023198492,27.7373007876777,27.6619839981682,27.8627086137778,27.631842110463,27.6067172400882,27.7021596912783,27.8677218086608,27.7071805696107,27.551421285667,27.6368663610303,27.812563481855,27.8276095391327,27.9378813982687,27.9278614710339,27.9278614710339,28.1180768014564,28.0130003858666,27.9529094959747,27.9378813982687,27.7423199823454,27.7573761241401,27.9078187463413,27.7423199823454,27.6820737710463,27.8426534379831,27.7523576505433,27.8225944265762,27.6167679118797,27.7172216044382,27.837639044803,27.7272616770383,27.5665048985609,27.7122012073196,27.7975152652541,27.7021596912783,27.6971385722891,27.651937666319,27.6117426966131,27.6418903705064,27.6368663610303,27.5765594326333,27.6167679118797,27.6418903705064,27.6870956122065,27.8426534379831,27.9378813982687,27.7924987130493,27.9278614710339,27.8075476496238,27.8175790741614,27.8075476496238,27.6870956122065,27.6368663610303,27.6720293663216,27.6469141389248,27.551421285667,27.5262770971775,27.551421285667,27.551421285667,27.551421285667,27.5665048985609,27.5966656031286,27.5916394226271,27.6217928859212,27.6217928859212,27.8025315774346,27.7322813525865,27.7122012073196,27.631842110463,27.7172216044382,27.6670068026902,27.5866130007331,27.6217928859212,27.6820737710463,27.6770516890958,27.6418903705064,27.6067172400882,27.5866130007331,27.6117426966131,27.5866130007331,27.5162177292145,27.5815863374129,27.4004653847288,27.4860338187415,27.5614772692013,27.5011268629649,27.5111876824057,27.506157393667,27.4407416091366,27.5413643354891,27.551421285667,27.5363354978248,27.5212475341273,27.4860338187415,27.4206054372245,27.385357797423,27.4055007617757,27.3752848587436,27.4860338187415,27.4004653847288,27.506157393667,27.4105358961847,27.3903939025862,27.4306740081185,27.385357797423,27.4004653847288,27.3702480251596,27.4860338187415,27.5262770971775,27.4960960902657,27.4810023198492,27.6016915422711,27.5715322863604,27.6469141389248,27.6418903705064,27.5815863374129,27.5463929314253,27.4306740081185,27.5815863374129,27.6418903705064,27.5815863374129,27.4960960902657,27.4457750460266,27.4659063702468,27.3954297650103,27.4659063702468,27.3601736293342,27.3702480251596,27.2644183636851,27.4155707879898,27.4810023198492,27.3803214494867,27.551421285667,27.4457750460266,27.3903939025862,27.3903939025862,27.4960960902657,27.4910650755359,27.3249055894848,27.4306740081185,27.4357079298451,27.3349833876879,27.3903939025862,27.193805596602,27.2291179538628,27.234161600755,27.2240740631453,27.1988509509866
27.385357797423,27.3652109487011,27.3450602134443,27.2442481632001,27.3500982617396,27.3450602134443,27.355136067025,27.3702480251596,27.3450602134443,27.3500982617396,27.355136067025,27.385357797423,27.355136067025,27.4306740081185,27.3702480251596,27.5765594326333,27.4055007617757,27.506157393667,27.4155707879898,27.4004653847288,27.5564493982478,27.4508082405489,27.4910650755359,27.5162177292145,27.4810023198492,27.3752848587436,27.4457750460266,27.4256398439229,27.385357797423,27.4608739026253,27.3148268185636,27.6067172400882,27.5966656031286,27.3903939025862,27.5614772692013,27.6720293663216,27.7272616770383,27.475970578825,27.5463929314253,27.5715322863604,27.6368663610303,27.777447615956,27.5916394226271,27.5916394226271,27.5815863374129,27.6217928859212,27.4457750460266,27.4960960902657,27.4055007617757,27.5313064183988,27.4709385956355,27.6670068026902,27.5413643354891,27.4608739026253,27.6167679118797,28.0830630023446,27.7172216044382,27.8526815051994,28.4924953392214,27.9328715542163,27.6820737710463,27.6569609527223,27.5866130007331,27.5363354978248,27.8576951793018,27.6820737710463,27.4357079298451,27.7423199823454,27.812563481855,27.6569609527223,27.6217928859212,27.4256398439229,27.4960960902657,27.5162177292145,27.5212475341273,27.4910650755359,27.506157393667,27.340021922105,27.3450602134443,27.4306740081185,27.4306740081185,27.5413643354891,27.5815863374129,27.6067172400882,27.5715322863604,27.6217928859212,27.6870956122065,27.5011268629649,27.4659063702468,27.4608739026253,27.5614772692013,27.5866130007331,27.6921172126096,27.6921172126096,27.9078187463413,27.7172216044382,27.7573761241401,27.9579183838364,27.6720293663216,27.812563481855,27.8526815051994,27.9078187463413,27.9328715542163,27.9378813982687,28.1080740489112,28.1080740489112,28.1130755441568,27.9779515459613,27.6921172126096,27.7573761241401,27.7824648884334,27.7272616770383,27.8476675914376,27.7623943574465,27.6619839981682,27.651937666319,27.8075476496238,27.7573761241401,27.6067172400882,27.6217928859212,27.7071805696107,27.7373007876777,27.631842110463,27.7473389366228,27.7874819207868,27.7824648884334,27.7824648884334,27.7071805696107,27.6921172126096,27.6619839981682,27.6268176187712,27.5916394226271,27.6167679118797,27.5765594326333,27.6117426966131,27.7071805696107,27.6820737710463,27.7523576505433,27.651937666319,27.8075476496238,27.7523576505433,27.631842110463,27.5715322863604,27.7874819207868,27.7924987130493,27.7874819207868,27.6067172400882,27.5866130007331,27.5765594326333,27.5966656031286,27.6117426966131,27.6167679118797,27.5614772692013,27.6268176187712,27.6217928859212,27.6167679118797,27.5815863374129,27.6016915422711,27.7473389366228,27.7473389366228,27.6167679118797,27.7423199823454,27.5815863374129,27.6469141389248,27.6117426966131,27.812563481855,27.6820737710463,27.6067172400882,27.5916394226271,27.631842110463,27.6418903705064,27.6167679118797,27.4508082405489,27.5866130007331,27.506157393667,27.4910650755359,27.5614772692013,27.4709385956355,27.4508082405489,27.5413643354891,27.5715322863604,27.5162177292145,27.5313064183988,27.4256398439229,27.4709385956355,27.4810023198492,27.4457750460266,27.4105358961847,27.4206054372245,27.475970578825,27.4357079298451,27.4659063702468,27.5212475341273,27.4457750460266,27.3903939025862,27.4407416091366,27.4407416091366,27.3652109487011,27.4407416091366,27.475970578825,27.475970578825,27.5463929314253,27.5313064183988,27.7021596912783,27.5866130007331,27.6268176187712,27.6820737710463,27.5162177292145,27.5363354978248,27.5413643354891,27.5363354978248,27.6067172400882,27.475970578825,27.5765594326333,27.4155707879898,27.5212475341273,27.4910650755359,27.4608739026253,27.5463929314253,27.4457750460266,27.5665048985609,27.475970578825,27.475970578825,27.4357079298451,27.4055007617757,27.4457750460266,27.4105358961847,27.5162177292145,27.5313064183988,27.4608739026253,27.4357079298451,27.506157393667,27.3601736293342,27.4306740081185,27.2795434562661,27.2543337507527,27.3047470746531,27.3299446101592,27.2795434562661,27.234161600755
27.3752848587436,27.340021922105,27.2694603047538,27.2593761790295,27.309787068249,27.3601736293342,27.3752848587436,27.3299446101592,27.4004653847288,27.3299446101592,27.2442481632001,27.2593761790295,27.3249055894848,27.4407416091366,27.3803214494867,27.4055007617757,27.4055007617757,27.4558411927372,27.4105358961847,27.4407416091366,27.5313064183988,27.4860338187415,27.4004653847288,27.5162177292145,27.4105358961847,27.385357797423,27.4155707879898,27.3500982617396,27.3702480251596,27.4155707879898,27.4206054372245,27.4960960902657,27.5162177292145,27.4709385956355,27.5765594326333,27.7122012073196,27.5765594326333,27.4709385956355,27.4910650755359,27.6217928859212,27.962927032733,27.631842110463,27.7674123504958,27.6469141389248,27.5162177292145,27.4256398439229,27.4357079298451,27.4155707879898,27.4608739026253,27.4608739026253,27.4357079298451,27.4810023198492,27.5111876824057,27.4960960902657,27.6720293663216,28.0230121922066,27.7272616770383,27.6720293663216,28.347877982722,28.2879782051969,27.8075476496238,27.9228511486881,27.9729436137625,27.8877721929225,27.6418903705064,27.5262770971775,27.5815863374129,27.5815863374129,27.8225944265762,27.5966656031286,27.5011268629649,27.4256398439229,27.3903939025862,27.4306740081185,27.5212475341273,27.4860338187415,27.4256398439229,27.4558411927372,27.4810023198492,27.551421285667,27.4256398439229,27.5413643354891,27.4256398439229,27.4659063702468,27.5916394226271,27.506157393667,27.6067172400882,27.506157393667,27.5111876824057,27.4256398439229,27.5212475341273,27.5715322863604,27.7222417610001,27.7122012073196,27.8877721929225,27.7724301033211,27.7975152652541,27.6117426966131,27.6670068026902,27.8025315774346,27.6469141389248,27.6720293663216,27.8877721929225,28.1080740489112,28.1080740489112,27.9078187463413,28.1130755441568,27.777447615956,27.7975152652541,27.7924987130493,27.7373007876777,27.8225944265762,27.6820737710463,27.5916394226271,27.6569609527223,27.6167679118797,27.7824648884334,27.6921172126096,27.8075476496238,27.6217928859212,27.6418903705064,27.5614772692013,27.7122012073196,27.7373007876777,27.7272616770383,27.6921172126096,27.5665048985609,27.5966656031286,27.6670068026902,27.6418903705064,27.6016915422711,27.6418903705064,27.651937666319,27.5715322863604,27.6720293663216,27.5815863374129,27.5966656031286,27.6067172400882,27.7021596912783,27.8075476496238,27.5916394226271,27.6569609527223,27.6117426966131,27.6469141389248,27.6268176187712,27.7924987130493,27.7874819207868,27.6921172126096,27.6016915422711,27.5916394226271,27.551421285667,27.5665048985609,27.5765594326333,27.651937666319,27.6016915422711,27.6368663610303,27.5715322863604,27.5614772692013,27.551421285667,27.6971385722891,27.6770516890958,27.6770516890958,27.6469141389248,27.5916394226271,27.5815863374129,27.5815863374129,27.6067172400882,27.651937666319,27.6016915422711,27.6067172400882,27.6268176187712,27.6720293663216,27.6117426966131,27.5262770971775,27.5815863374129,27.5313064183988,27.5111876824057,27.4810023198492,27.5665048985609,27.5715322863604,27.5916394226271,27.4860338187415,27.4055007617757,27.506157393667,27.3752848587436,27.4608739026253,27.4659063702468,27.4960960902657,27.4407416091366,27.5011268629649,27.4910650755359,27.506157393667,27.506157393667,27.4357079298451,27.4709385956355,27.4055007617757,27.4558411927372,27.3752848587436,27.385357797423,27.4608739026253,27.506157393667,27.6016915422711,27.6217928859212,27.7423199823454,27.7523576505433,27.6770516890958,27.6870956122065,27.5665048985609,27.5212475341273,27.5162177292145,27.5262770971775,27.4508082405489,27.5463929314253,27.506157393667,27.5262770971775,27.551421285667,27.5363354978248,27.4860338187415,27.4860338187415,27.5162177292145,27.6016915422711,27.4709385956355,27.4709385956355,27.4155707879898,27.4206054372245,27.4105358961847,27.506157393667,27.5614772692013,27.5463929314253,27.4357079298451,27.4659063702468,27.4659063702468,27.4960960902657,27.3249055894848,27.3803214494867,27.2896256338382,27.2997068377419,27.2190299285684,27.2089409277006,27.2291179538628
27.2644183636851,27.2089409277006,27.2694603047538,27.2644183636851,27.234161600755,27.3500982617396,27.4407416091366,27.4457750460266,27.3450602134443,27.3752848587436,27.3299446101592,27.2896256338382,27.2492910788209,27.2644183636851,27.2795434562661,27.4155707879898,27.4155707879898,27.4105358961847,27.4105358961847,27.4256398439229,27.3702480251596,27.4960960902657,27.4558411927372,27.3752848587436,27.4105358961847,27.3954297650103,27.3601736293342,27.3148268185636,27.4004653847288,27.3601736293342,27.4306740081185,27.4206054372245,27.3702480251596,27.4960960902657,27.5665048985609,27.4810023198492,27.5162177292145,27.309787068249,27.4608739026253,27.5866130007331,27.651937666319,27.7874819207868,27.5363354978248,27.6167679118797,27.551421285667,27.4457750460266,27.4306740081185,27.4860338187415,27.4558411927372,27.4508082405489,27.3249055894848,27.475970578825,27.4810023198492,27.4659063702468,27.5011268629649,27.6870956122065,27.8727347639835,27.6720293663216,28.332906232122,28.5771789090283,28.5672196631112,28.1630774149815,27.8627086137778,27.6720293663216,27.5413643354891,27.5463929314253,27.5313064183988,27.6067172400882,27.6921172126096,27.7222417610001,27.5011268629649,27.5011268629649,27.5363354978248,27.4960960902657,27.506157393667,27.4608739026253,27.4105358961847,27.4105358961847,27.4105358961847,27.4407416091366,27.4910650755359,27.4306740081185,27.5463929314253,27.5463929314253,27.7021596912783,27.631842110463,27.6016915422711,27.6167679118797,27.6217928859212,27.4659063702468,27.5313064183988,27.5262770971775,27.6720293663216,27.8877721929225,27.8827599560813,27.9278614710339,27.7924987130493,27.7473389366228,27.7924987130493,27.7473389366228,27.812563481855,28.0980703444506,28.1130755441568,28.1280786023483,27.8476675914376,27.837639044803,27.8677218086608,27.6921172126096,27.812563481855,27.7975152652541,27.8175790741614,27.7423199823454,27.7573761241401,27.7423199823454,27.6117426966131,27.8225944265762,27.7924987130493,27.7573761241401,27.5916394226271,27.6770516890958,27.6418903705064,27.8025315774346,27.7222417610001,27.7122012073196,27.7724301033211,27.7423199823454,27.651937666319,27.7172216044382,27.6469141389248,27.6720293663216,27.7071805696107,27.6368663610303,27.5765594326333,27.631842110463,27.5866130007331,27.4608739026253,27.5966656031286,27.5866130007331,27.6117426966131,27.5413643354891,27.6067172400882,27.6619839981682,27.6569609527223,27.5665048985609,27.5313064183988,27.6117426966131,27.6117426966131,27.6217928859212,27.6016915422711,27.6067172400882,27.5916394226271,27.5564493982478,27.5614772692013,27.6117426966131,27.6217928859212,27.6016915422711,27.5866130007331,27.5866130007331,27.5614772692013,27.6016915422711,27.7172216044382,27.7423199823454,27.6670068026902,27.6619839981682,27.6569609527223,27.5916394226271,27.631842110463,27.5614772692013,27.5866130007331,27.6268176187712,27.6268176187712,27.6569609527223,27.5212475341273,27.6016915422711,27.6217928859212,27.5162177292145,27.5916394226271,27.506157393667,27.5866130007331,27.6670068026902,27.506157393667,27.5966656031286,27.5162177292145,27.5212475341273,27.4105358961847,27.4206054372245,27.3954297650103,27.3803214494867,27.4357079298451,27.4306740081185,27.4256398439229,27.4004653847288,27.4860338187415,27.4558411927372,27.5212475341273,27.3903939025862,27.3803214494867,27.4155707879898,27.5313064183988,27.4659063702468,27.6067172400882,27.551421285667,27.5564493982478,27.5866130007331,27.6016915422711,27.7322813525865,27.6870956122065,27.651937666319,27.506157393667,27.475970578825,27.5111876824057,27.4357079298451,27.551421285667,27.4960960902657,27.5363354978248,27.5212475341273,27.5212475341273,27.5866130007331,27.4709385956355,27.4709385956355,27.4608739026253,27.4256398439229,27.4105358961847,27.355136067025,27.4055007617757,27.5313064183988,27.4508082405489,27.5614772692013,27.5011268629649,27.4004653847288,27.4306740081185,27.4910650755359,27.4910650755359,27.475970578825,27.2845846667777,27.3148268185636,27.2997068377419,27.2038960613414,27.2240740631453,27.2089409277006
27.4105358961847,27.3500982617396,27.309787068249,27.2896256338382,27.385357797423,27.2997068377419,27.4004653847288,27.4608739026253,27.4306740081185,27.355136067025,27.3803214494867,27.2442481632001,27.3500982617396,27.309787068249,27.4306740081185,27.4004653847288,27.4055007617757,27.5463929314253,27.3903939025862,27.4608739026253,27.3954297650103,27.4105358961847,27.4860338187415,27.3752848587436,27.3752848587436,27.3903939025862,27.355136067025,27.3450602134443,27.3903939025862,27.385357797423,27.4105358961847,27.4910650755359,27.4659063702468,27.4206054372245,27.4105358961847,27.3450602134443,27.4055007617757,27.3702480251596,27.3198663256309,27.5363354978248,27.6016915422711,27.4960960902657,27.5614772692013,27.5765594326333,27.5313064183988,27.4608739026253,27.4256398439229,27.4709385956355,27.4558411927372,27.5715322863604,27.4960960902657,27.4910650755359,27.5011268629649,27.4910650755359,27.3903939025862,27.631842110463,27.8727347639835,27.8777474797793,27.9929739096901,28.5572594772178,28.5024616412321,27.8426534379831,27.6268176187712,27.7021596912783,27.5564493982478,27.551421285667,27.5564493982478,27.7021596912783,27.7924987130493,27.4860338187415,27.4608739026253,27.5111876824057,27.551421285667,27.4810023198492,27.5111876824057,27.4860338187415,27.5162177292145,27.5262770971775,27.506157393667,27.4306740081185,27.3903939025862,27.4608739026253,27.4659063702468,27.4608739026253,27.6870956122065,27.5262770971775,27.5916394226271,27.6117426966131,27.6268176187712,27.4659063702468,27.5413643354891,27.5665048985609,27.7975152652541,27.9779515459613,28.048037534235,27.9779515459613,27.8727347639835,27.962927032733,27.9078187463413,27.9028074670123,27.8225944265762,27.8276095391327,28.2330401214815,27.9328715542163,27.8326244118639,27.8777474797793,27.6820737710463,27.8526815051994,27.8727347639835,27.9579183838364,27.837639044803,27.7824648884334,27.7975152652541,27.7423199823454,27.7674123504958,27.7724301033211,27.6268176187712,27.6016915422711,27.7874819207868,27.7724301033211,27.651937666319,27.6569609527223,27.9479003691149,27.7924987130493,27.7573761241401,27.9078187463413,27.9378813982687,27.7623943574465,27.7874819207868,27.6217928859212,27.5614772692013,27.7071805696107,27.6016915422711,27.6117426966131,27.6569609527223,27.6016915422711,27.6117426966131,27.6720293663216,27.6418903705064,27.5715322863604,27.5111876824057,27.5715322863604,27.5665048985609,27.5665048985609,27.4055007617757,27.5313064183988,27.5815863374129,27.631842110463,27.6217928859212,27.6368663610303,27.631842110463,27.6067172400882,27.5815863374129,27.6016915422711,27.7423199823454,27.5866130007331,27.5815863374129,27.5815863374129,27.5765594326333,27.4810023198492,27.6217928859212,27.6167679118797,27.7674123504958,27.651937666319,27.6016915422711,27.6418903705064,27.6569609527223,27.6670068026902,27.6921172126096,27.5966656031286,27.5765594326333,27.6117426966131,27.6217928859212,27.5665048985609,27.5212475341273,27.5363354978248,27.5916394226271,27.5665048985609,27.5564493982478,27.6016915422711,27.475970578825,27.5011268629649,27.4407416091366,27.3903939025862,27.4055007617757,27.4558411927372,27.4960960902657,27.385357797423,27.4155707879898,27.4055007617757,27.3803214494867,27.340021922105,27.4206054372245,27.3601736293342,27.4457750460266,27.5262770971775,27.4055007617757,27.3903939025862,27.5313064183988,27.6870956122065,27.7423199823454,27.4960960902657,27.5665048985609,27.6921172126096,27.5363354978248,27.7473389366228,27.5765594326333,27.6670068026902,27.5313064183988,27.5413643354891,27.4105358961847,27.4659063702468,27.5363354978248,27.4357079298451,27.5866130007331,27.631842110463,27.6167679118797,27.5363354978248,27.6067172400882,27.5011268629649,27.4709385956355,27.4910650755359,27.4508082405489,27.4055007617757,27.4055007617757,27.4055007617757,27.4055007617757,27.4810023198492,27.5463929314253,27.4457750460266,27.4910650755359,27.5313064183988,27.4457750460266,27.4206054372245,27.2845846667777,27.2896256338382,27.3803214494867,27.1837141556074,27.234161600755,27.2392050038562
27.4659063702468,27.3450602134443,27.3652109487011,27.2896256338382,27.2795434562661,27.4608739026253,27.4558411927372,27.475970578825,27.4407416091366,27.3601736293342,27.3752848587436,27.3803214494867,27.4407416091366,27.3349833876879,27.3601736293342,27.3652109487011,27.4457750460266,27.4407416091366,27.4256398439229,27.4155707879898,27.4055007617757,27.3803214494867,27.4105358961847,27.4960960902657,27.3349833876879,27.3249055894848,27.385357797423,27.4105358961847,27.3601736293342,27.3954297650103,27.2745020022695,27.4709385956355,27.4105358961847,27.4155707879898,27.4306740081185,27.4055007617757,27.4558411927372,27.4306740081185,27.4155707879898,27.3903939025862,27.506157393667,27.4508082405489,27.5463929314253,27.4659063702468,27.4659063702468,27.4055007617757,27.4910650755359,27.4709385956355,27.475970578825,27.5011268629649,27.475970578825,27.5715322863604,27.5011268629649,27.5212475341273,27.5111876824057,27.6619839981682,27.7071805696107,27.6820737710463,27.7272616770383,28.3029563442362,28.3029563442362,27.6368663610303,27.9278614710339,27.8426534379831,27.5815863374129,27.3601736293342,27.6670068026902,27.7674123504958,27.8476675914376,27.6469141389248,27.6268176187712,27.5866130007331,27.4960960902657,27.5111876824057,27.5815863374129,27.475970578825,27.4508082405489,27.5665048985609,27.4860338187415,27.4457750460266,27.3803214494867,27.4508082405489,27.5162177292145,27.5011268629649,27.6670068026902,27.5262770971775,27.5966656031286,27.777447615956,27.6469141389248,27.5313064183988,27.5262770971775,27.5916394226271,27.8426534379831,28.0180064083215,27.9929739096901,28.0780600787342,28.0730569169481,27.8677218086608,27.6368663610303,27.5966656031286,27.5463929314253,28.1130755441568,28.1380794518489,27.6670068026902,27.6469141389248,27.8777474797793,27.8576951793018,28.0230121922066,27.9529094959747,27.8326244118639,27.8777474797793,27.9579183838364,27.9428910032239,27.8877721929225,27.8526815051994,27.9679354426974,27.7824648884334,27.8526815051994,27.8977959483549,27.8225944265762,27.8025315774346,27.777447615956,27.7824648884334,27.7473389366228,27.7924987130493,27.9729436137625,27.8476675914376,27.7623943574465,27.6870956122065,27.6117426966131,27.5363354978248,27.6569609527223,27.6167679118797,27.6016915422711,27.5966656031286,27.6167679118797,27.6418903705064,27.5313064183988,27.5815863374129,27.5815863374129,27.631842110463,27.5313064183988,27.5564493982478,27.5463929314253,27.4206054372245,27.5313064183988,27.631842110463,27.6167679118797,27.5966656031286,27.5966656031286,27.5815863374129,27.5111876824057,27.5815863374129,27.6016915422711,27.7172216044382,27.6921172126096,27.5866130007331,27.5815863374129,27.4709385956355,27.5111876824057,27.551421285667,27.6469141389248,27.5162177292145,27.7573761241401,27.6368663610303,27.6217928859212,27.5463929314253,27.5715322863604,27.6720293663216,27.5916394226271,27.5966656031286,27.5413643354891,27.5262770971775,27.5866130007331,27.5313064183988,27.651937666319,27.7071805696107,27.5413643354891,27.5262770971775,27.4860338187415,27.5463929314253,27.4659063702468,27.475970578825,27.4306740081185,27.4709385956355,27.4910650755359,27.5011268629649,27.4508082405489,27.3702480251596,27.355136067025,27.3349833876879,27.3752848587436,27.4306740081185,27.4105358961847,27.5313064183988,27.4860338187415,27.5363354978248,27.5111876824057,27.5463929314253,27.6870956122065,27.7473389366228,27.6016915422711,27.6117426966131,27.5765594326333,27.6268176187712,27.5413643354891,27.5715322863604,27.5463929314253,27.5011268629649,27.4155707879898,27.4155707879898,27.5262770971775,27.5262770971775,27.4306740081185,27.5815863374129,27.5715322863604,27.5815863374129,27.5866130007331,27.5162177292145,27.5212475341273,27.475970578825,27.4357079298451,27.4055007617757,27.355136067025,27.4709385956355,27.4508082405489,27.5463929314253,27.4256398439229,27.4810023198492,27.5765594326333,27.551421285667,27.4155707879898,27.4004653847288,27.4055007617757,27.309787068249,27.4105358961847,27.2745020022695,27.3299446101592,27.2896256338382,27.1281937673691
27.4004653847288,27.3903939025862,27.475970578825,27.2745020022695,27.2997068377419,27.3903939025862,27.4055007617757,27.5363354978248,27.3803214494867,27.3903939025862,27.3652109487011,27.385357797423,27.3903939025862,27.4860338187415,27.355136067025,27.4306740081185,27.4206054372245,27.4206054372245,27.4659063702468,27.4558411927372,27.4357079298451,27.4306740081185,27.4256398439229,27.4407416091366,27.4608739026253,27.4608739026253,27.4004653847288,27.4105358961847,27.4206054372245,27.4004653847288,27.4206054372245,27.4810023198492,27.340021922105,27.4004653847288,27.4004653847288,27.5212475341273,27.4004653847288,27.3903939025862,27.3500982617396,27.5162177292145,27.4960960902657,27.5614772692013,27.4105358961847,27.475970578825,27.475970578825,27.4960960902657,27.5162177292145,27.5765594326333,27.4457750460266,27.5463929314253,27.6217928859212,27.6016915422711,27.6217928859212,27.5463929314253,27.6619839981682,27.7975152652541,27.6418903705064,27.6469141389248,27.7423199823454,28.3029563442362,28.2330401214815,27.7272616770383,27.8476675914376,27.6217928859212,27.6368663610303,27.5665048985609,27.6770516890958,27.8526815051994,27.777447615956,27.7874819207868,27.6067172400882,27.506157393667,27.5765594326333,27.5363354978248,27.475970578825,27.5463929314253,27.5866130007331,27.6921172126096,27.5564493982478,27.4457750460266,27.355136067025,27.4407416091366,27.475970578825,27.5715322863604,27.7021596912783,27.5564493982478,27.6117426966131,27.7423199823454,27.6217928859212,27.5262770971775,27.4407416091366,27.6469141389248,27.892784190336,27.9679354426974,27.8526815051994,27.7423199823454,27.7473389366228,27.5564493982478,27.6167679118797,27.5413643354891,27.7071805696107,28.2979638679726,27.9028074670123,27.6217928859212,27.8075476496238,28.1630774149815,28.1630774149815,28.0180064083215,27.8526815051994,27.8175790741614,27.7322813525865,27.9278614710339,27.8326244118639,27.8576951793018,27.8576951793018,27.9278614710339,27.8225944265762,27.9529094959747,27.9929739096901,27.8175790741614,27.7373007876777,27.551421285667,27.6670068026902,27.5614772692013,27.651937666319,27.9378813982687,27.7573761241401,27.6217928859212,27.631842110463,27.7071805696107,27.5715322863604,27.5966656031286,27.6117426966131,27.7322813525865,27.7021596912783,27.6870956122065,27.6016915422711,27.7874819207868,27.5614772692013,27.5665048985609,27.6167679118797,27.5665048985609,27.5413643354891,27.5162177292145,27.5162177292145,27.5313064183988,27.5665048985609,27.6720293663216,27.6067172400882,27.5564493982478,27.5966656031286,27.5715322863604,27.6268176187712,27.7373007876777,28.0130003858666,27.892784190336,27.6921172126096,27.651937666319,27.651937666319,27.5866130007331,27.5564493982478,27.6167679118797,27.6268176187712,27.6368663610303,27.631842110463,27.6720293663216,27.6067172400882,27.5564493982478,27.6770516890958,27.6167679118797,27.5916394226271,27.5262770971775,27.5916394226271,27.6368663610303,27.6469141389248,27.7322813525865,27.6067172400882,27.6268176187712,27.551421285667,27.5564493982478,27.5966656031286,27.4810023198492,27.4558411927372,27.5715322863604,27.4860338187415,27.4960960902657,27.385357797423,27.385357797423,27.4155707879898,27.475970578825,27.4004653847288,27.4206054372245,27.4659063702468,27.4558411927372,27.4306740081185,27.5111876824057,27.5363354978248,27.6117426966131,27.6016915422711,27.7272616770383,27.8677218086608,27.6418903705064,27.7573761241401,27.5614772692013,27.5916394226271,27.6217928859212,27.5765594326333,27.4860338187415,27.5665048985609,27.4608739026253,27.5765594326333,27.5765594326333,27.5564493982478,27.4960960902657,27.5212475341273,27.5966656031286,27.6971385722891,27.5111876824057,27.5665048985609,27.4558411927372,27.4357079298451,27.4960960902657,27.4306740081185,27.4206054372245,27.4508082405489,27.4659063702468,27.4860338187415,27.4457750460266,27.506157393667,27.4608739026253,27.5111876824057,27.4457750460266,27.4357079298451,27.355136067025,27.4659063702468,27.3047470746531,27.3903939025862,27.385357797423,27.1433386236146,27.1685751630395
27.3601736293342,27.4407416091366,27.475970578825,27.3450602134443,27.2845846667777,27.3752848587436,27.355136067025,27.4256398439229,27.4558411927372,27.4457750460266,27.2745020022695,27.3450602134443,27.3249055894848,27.3500982617396,27.4055007617757,27.3702480251596,27.3903939025862,27.4155707879898,27.4256398439229,27.2896256338382,27.4457750460266,27.4407416091366,27.4306740081185,27.4407416091366,27.4357079298451,27.4407416091366,27.3500982617396,27.4457750460266,27.4105358961847,27.4155707879898,27.4155707879898,27.4055007617757,27.385357797423,27.2644183636851,27.3803214494867,27.4055007617757,27.4055007617757,27.4608739026253,27.4407416091366,27.4860338187415,27.3349833876879,27.4357079298451,27.4206054372245,27.4508082405489,27.4659063702468,27.4055007617757,27.5966656031286,27.4055007617757,27.506157393667,27.506157393667,27.5866130007331,27.5212475341273,27.5966656031286,27.5313064183988,27.5564493982478,27.6469141389248,27.5111876824057,27.7071805696107,27.6971385722891,28.3828037944729,28.3977684560513,27.8426534379831,27.6167679118797,27.8426534379831,27.6469141389248,27.6720293663216,27.6770516890958,28.0130003858666,27.7172216044382,27.8276095391327,27.5866130007331,27.5212475341273,27.5966656031286,27.5011268629649,27.5363354978248,27.5715322863604,27.7021596912783,27.8175790741614,27.5614772692013,27.5011268629649,27.4558411927372,27.4910650755359,27.4558411927372,27.5916394226271,27.6820737710463,27.6167679118797,27.4960960902657,27.777447615956,27.6670068026902,27.5313064183988,27.6016915422711,27.8827599560813,27.9078187463413,27.7423199823454,27.7473389366228,27.6569609527223,27.5564493982478,27.651937666319,27.5463929314253,27.5413643354891,27.8827599560813,27.962927032733,27.6268176187712,27.8426534379831,28.1580782977234,28.0380281127715,28.0230121922066,27.6971385722891,27.7172216044382,27.6870956122065,27.7172216044382,27.8075476496238,27.7975152652541,27.9479003691149,27.9428910032239,27.9178405871461,27.8977959483549,27.9278614710339,27.6921172126096,27.6619839981682,27.7322813525865,27.812563481855,27.8075476496238,27.7473389366228,27.651937666319,27.6770516890958,27.631842110463,27.5715322863604,27.6067172400882,27.6368663610303,27.6820737710463,27.7172216044382,27.6016915422711,27.7523576505433,27.5916394226271,27.5765594326333,27.5916394226271,27.6217928859212,27.5715322863604,27.6067172400882,27.6368663610303,27.5614772692013,27.4608739026253,27.4910650755359,27.4004653847288,27.4004653847288,27.506157393667,27.5313064183988,27.6368663610303,27.5463929314253,27.5564493982478,27.5111876824057,27.5111876824057,27.7172216044382,28.043032942706,28.0580460022081,27.6971385722891,27.6670068026902,27.5765594326333,27.5815863374129,27.6619839981682,27.6217928859212,27.6469141389248,27.651937666319,27.6469141389248,27.6619839981682,27.7272616770383,27.6268176187712,27.6117426966131,27.5715322863604,27.6016915422711,27.6268176187712,27.777447615956,27.8576951793018,27.7373007876777,27.7272616770383,27.6469141389248,27.5916394226271,27.5011268629649,27.6067172400882,27.5815863374129,27.6067172400882,27.5262770971775,27.340021922105,27.5413643354891,27.475970578825,27.506157393667,27.4860338187415,27.3601736293342,27.4860338187415,27.4407416091366,27.5111876824057,27.5262770971775,27.4306740081185,27.506157393667,27.4306740081185,27.5313064183988,27.5765594326333,27.551421285667,27.6368663610303,27.7924987130493,27.6971385722891,27.7222417610001,27.6619839981682,27.6870956122065,27.4860338187415,27.5162177292145,27.4508082405489,27.4810023198492,27.5313064183988,27.5162177292145,27.4659063702468,27.551421285667,27.5413643354891,27.5815863374129,27.5111876824057,27.5866130007331,27.6016915422711,27.6368663610303,27.551421285667,27.5262770971775,27.4256398439229,27.4155707879898,27.5212475341273,27.5313064183988,27.5463929314253,27.4659063702468,27.4709385956355,27.4960960902657,27.5111876824057,27.4558411927372,27.4256398439229,27.4256398439229,27.4004653847288,27.3954297650103,27.2946663574817,27.3349833876879,27.3047470746531,27.3148268185636,27.1281937673691
27.4357079298451,27.5463929314253,27.340021922105,27.4155707879898,27.3803214494867,27.2745020022695,27.4055007617757,27.2896256338382,27.4558411927372,27.4508082405489,27.4256398439229,27.3349833876879,27.309787068249,27.4055007617757,27.3954297650103,27.3954297650103,27.3954297650103,27.4256398439229,27.4105358961847,27.4709385956355,27.4910650755359,27.4206054372245,27.3349833876879,27.4407416091366,27.4206054372245,27.4357079298451,27.4306740081185,27.4508082405489,27.4055007617757,27.3954297650103,27.4004653847288,27.4004653847288,27.3702480251596,27.5413643354891,27.475970578825,27.4004653847288,27.4105358961847,27.4004653847288,27.4256398439229,27.4055007617757,27.3450602134443,27.5363354978248,27.5313064183988,27.4357079298451,27.3954297650103,27.475970578825,27.5111876824057,27.4055007617757,27.5363354978248,27.4910650755359,27.5765594326333,27.5463929314253,27.5363354978248,27.6820737710463,27.7071805696107,27.7071805696107,27.5363354978248,27.7021596912783,27.8025315774346,28.2030618015135,28.5423174353593,27.812563481855,27.9479003691149,27.8627086137778,27.6921172126096,27.5765594326333,27.6217928859212,28.0130003858666,27.7623943574465,27.7523576505433,27.6016915422711,27.6469141389248,27.7674123504958,27.5866130007331,27.4810023198492,27.6971385722891,27.7222417610001,27.9779515459613,27.8175790741614,27.4860338187415,27.4860338187415,27.4910650755359,27.3601736293342,27.5363354978248,27.6569609527223,27.4407416091366,27.6569609527223,27.8476675914376,27.631842110463,27.5011268629649,27.7423199823454,28.1580782977234,27.7473389366228,27.6870956122065,27.7523576505433,27.6067172400882,27.6368663610303,27.6921172126096,27.7423199823454,27.631842110463,28.0980703444506,27.7172216044382,27.7724301033211,28.0680535169536,28.1730749366739,28.0280177375547,27.6971385722891,27.7373007876777,27.7071805696107,27.7623943574465,27.9178405871461,27.9729436137625,27.9929739096901,28.0130003858666,27.982959239327,27.7724301033211,27.7423199823454,27.6921172126096,27.5413643354891,27.5363354978248,27.6720293663216,27.5665048985609,27.7523576505433,27.6870956122065,27.777447615956,27.7523576505433,27.7523576505433,27.6418903705064,27.5564493982478,27.6167679118797,27.6619839981682,27.7272616770383,27.631842110463,27.6971385722891,27.6117426966131,27.6117426966131,27.6418903705064,27.5815863374129,27.5614772692013,27.6167679118797,27.6217928859212,27.5815863374129,27.5463929314253,27.5363354978248,27.4960960902657,27.4910650755359,27.5111876824057,27.5262770971775,27.4960960902657,27.5363354978248,27.4910650755359,27.5111876824057,27.6217928859212,27.6418903705064,27.7824648884334,28.0530418873914,27.8777474797793,27.631842110463,27.5966656031286,27.6217928859212,27.6469141389248,27.6268176187712,27.5966656031286,27.6368663610303,27.7373007876777,27.6619839981682,27.7071805696107,27.7071805696107,27.6971385722891,27.9128297863749,27.8727347639835,27.777447615956,27.6971385722891,27.7322813525865,27.7122012073196,27.6720293663216,27.6971385722891,27.6016915422711,27.5916394226271,27.6117426966131,27.5966656031286,27.6016915422711,27.5966656031286,27.5916394226271,27.5866130007331,27.5011268629649,27.4709385956355,27.5765594326333,27.4860338187415,27.4357079298451,27.4306740081185,27.4558411927372,27.5162177292145,27.5715322863604,27.5463929314253,27.4457750460266,27.5665048985609,27.7071805696107,27.5463929314253,27.6971385722891,27.6469141389248,27.6921172126096,27.7473389366228,27.6820737710463,27.5765594326333,27.6368663610303,27.4960960902657,27.5463929314253,27.5463929314253,27.5665048985609,27.506157393667,27.5363354978248,27.5665048985609,27.5463929314253,27.5815863374129,27.6117426966131,27.6619839981682,27.6167679118797,27.551421285667,27.5715322863604,27.6820737710463,27.5313064183988,27.4860338187415,27.6217928859212,27.6117426966131,27.5363354978248,27.5212475341273,27.4860338187415,27.5463929314253,27.5463929314253,27.506157393667,27.4709385956355,27.3954297650103,27.3954297650103,27.3903939025862,27.3803214494867,27.2240740631453,27.2694603047538,27.2896256338382,27.3148268185636
27.4004653847288,27.3601736293342,27.2694603047538,27.3702480251596,27.3752848587436,27.2745020022695,27.5111876824057,27.3702480251596,27.2745020022695,27.5463929314253,27.5111876824057,27.4810023198492,27.4055007617757,27.3954297650103,27.4004653847288,27.4256398439229,27.4105358961847,27.3903939025862,27.4055007617757,27.4306740081185,27.4306740081185,27.4860338187415,27.4357079298451,27.5011268629649,27.4508082405489,27.4306740081185,27.4206054372245,27.3954297650103,27.4055007617757,27.4055007617757,27.4256398439229,27.4055007617757,27.4357079298451,27.4306740081185,27.3752848587436,27.385357797423,27.5212475341273,27.355136067025,27.4407416091366,27.4960960902657,27.4407416091366,27.4407416091366,27.4608739026253,27.5564493982478,27.5111876824057,27.4256398439229,27.4055007617757,27.5313064183988,27.5011268629649,27.4910650755359,27.5212475341273,27.5564493982478,27.5866130007331,27.6268176187712,27.5363354978248,27.7172216044382,27.7523576505433,27.7824648884334,27.777447615956,28.1780733411736,28.482528095304,28.1530789428139,27.9979808867536,27.6067172400882,27.5715322863604,27.6670068026902,27.7122012073196,27.7573761241401,27.7172216044382,27.6921172126096,27.6619839981682,27.5866130007331,27.8326244118639,27.6217928859212,27.6820737710463,27.9729436137625,27.7122012073196,27.7122012073196,27.8276095391327,27.6167679118797,27.4810023198492,27.4558411927372,27.4608739026253,27.5212475341273,27.5162177292145,27.5715322863604,27.7071805696107,27.8576951793018,27.651937666319,27.6217928859212,28.0180064083215,28.2330401214815,27.7473389366228,27.6820737710463,27.6870956122065,27.6117426966131,27.6820737710463,27.7573761241401,27.7423199823454,28.0730569169481,27.8276095391327,27.8175790741614,28.1630774149815,28.1980645842911,28.1380794518489,28.048037534235,27.9278614710339,28.0380281127715,28.1180768014564,28.1180768014564,27.8977959483549,27.9428910032239,28.0130003858666,27.8476675914376,27.8276095391327,27.7473389366228,27.7322813525865,27.6268176187712,27.6670068026902,27.5313064183988,27.4910650755359,27.5413643354891,27.6117426966131,27.6921172126096,27.6870956122065,27.5916394226271,27.6368663610303,27.7373007876777,27.6670068026902,27.7322813525865,27.8326244118639,27.651937666319,27.5916394226271,27.5966656031286,27.6770516890958,27.6167679118797,27.6067172400882,27.6217928859212,27.5313064183988,27.6067172400882,27.5866130007331,27.5363354978248,27.5614772692013,27.4659063702468,27.4960960902657,27.475970578825,27.3903939025862,27.5262770971775,27.4659063702468,27.5313064183988,27.4055007617757,27.5463929314253,27.5866130007331,27.6067172400882,27.5815863374129,27.6167679118797,27.5564493982478,27.5262770971775,27.7623943574465,27.7523576505433,27.7272616770383,27.7674123504958,27.6569609527223,27.8827599560813,27.9929739096901,27.892784190336,27.9028074670123,27.8777474797793,27.9078187463413,27.8777474797793,27.6921172126096,27.8677218086608,27.7272616770383,27.6167679118797,27.651937666319,27.5866130007331,27.551421285667,27.5614772692013,27.5715322863604,27.6217928859212,27.5966656031286,27.6067172400882,27.5262770971775,27.475970578825,27.5866130007331,27.5614772692013,27.5463929314253,27.5413643354891,27.5815863374129,27.5313064183988,27.5715322863604,27.5313064183988,27.4659063702468,27.5715322863604,27.6720293663216,27.6770516890958,27.6569609527223,27.6569609527223,27.7322813525865,27.6770516890958,27.6720293663216,27.7373007876777,27.8677218086608,27.6971385722891,27.6770516890958,27.5614772692013,27.5463929314253,27.5665048985609,27.5413643354891,27.5815863374129,27.5162177292145,27.5162177292145,27.6016915422711,27.6268176187712,27.5413643354891,27.5665048985609,27.6117426966131,27.5614772692013,27.6268176187712,27.5463929314253,27.4810023198492,27.5212475341273,27.5564493982478,27.5413643354891,27.6167679118797,27.5313064183988,27.4810023198492,27.5011268629649,27.4709385956355,27.506157393667,27.4508082405489,27.4960960902657,27.4206054372245,27.4256398439229,27.3047470746531,27.309787068249,27.2997068377419,27.3047470746531,27.3148268185636,27.1988509509866
27.6469141389248,27.4155707879898,27.4860338187415,27.3954297650103,27.4055007617757,27.4155707879898,27.4306740081185,27.2694603047538,27.3954297650103,27.506157393667,27.4860338187415,27.4910650755359,27.4910650755359,27.4105358961847,27.3299446101592,27.3903939025862,27.3954297650103,27.4105358961847,27.3500982617396,27.475970578825,27.4910650755359,27.4709385956355,27.4709385956355,27.6117426966131,27.4910650755359,27.4659063702468,27.4206054372245,27.4608739026253,27.4558411927372,27.4306740081185,27.4004653847288,27.3903939025862,27.385357797423,27.4659063702468,27.4357079298451,27.3903939025862,27.506157393667,27.5463929314253,27.4407416091366,27.4357079298451,27.4457750460266,27.4608739026253,27.4457750460266,27.4608739026253,27.4709385956355,27.4407416091366,27.4155707879898,27.5363354978248,27.4256398439229,27.5564493982478,27.5262770971775,27.5262770971775,27.5815863374129,27.5966656031286,27.7373007876777,27.7222417610001,27.5815863374129,27.5363354978248,27.6770516890958,28.2430309971616,28.5174093287365,27.7674123504958,27.7272616770383,27.651937666319,27.6067172400882,27.5866130007331,27.5815863374129,27.7122012073196,27.5966656031286,27.5815863374129,27.4810023198492,27.6770516890958,27.7473389366228,27.6720293663216,27.7824648884334,27.8175790741614,27.631842110463,27.5313064183988,27.631842110463,27.8276095391327,27.5966656031286,27.4055007617757,27.4860338187415,27.5262770971775,27.5966656031286,27.4659063702468,27.5966656031286,27.8576951793018,27.6016915422711,27.6368663610303,28.2130555239183,27.777447615956,27.7172216044382,27.5765594326333,27.6921172126096,27.6016915422711,27.6971385722891,27.7172216044382,27.7573761241401,28.0330230443987,27.631842110463,27.8526815051994,28.0230121922066,27.9929739096901,28.063049878718,27.9479003691149,27.8727347639835,28.0230121922066,28.0079941248089,27.9929739096901,27.8727347639835,27.777447615956,27.7423199823454,27.651937666319,27.5413643354891,27.7172216044382,27.6569609527223,27.6268176187712,27.6569609527223,27.5212475341273,27.5313064183988,27.4709385956355,27.5463929314253,27.506157393667,27.6167679118797,27.7573761241401,27.6569609527223,27.7373007876777,27.6469141389248,27.7021596912783,27.7172216044382,27.7021596912783,27.7423199823454,27.7021596912783,27.6418903705064,27.6167679118797,27.5715322863604,27.6217928859212,27.6067172400882,27.631842110463,27.5665048985609,27.5363354978248,27.4206054372245,27.5262770971775,27.5463929314253,27.506157393667,27.4709385956355,27.5262770971775,27.4306740081185,27.4457750460266,27.4910650755359,27.5363354978248,27.4659063702468,27.5313064183988,27.4910650755359,27.5815863374129,27.5011268629649,27.551421285667,27.5916394226271,27.6921172126096,27.8677218086608,27.9278614710339,28.0230121922066,27.8677218086608,27.7573761241401,27.8977959483549,27.8977959483549,27.8175790741614,27.6820737710463,27.6971385722891,27.651937666319,27.5916394226271,27.7122012073196,27.7122012073196,27.6971385722891,27.7021596912783,27.5916394226271,27.5765594326333,27.5765594326333,27.5966656031286,27.5363354978248,27.6117426966131,27.6067172400882,27.5564493982478,27.5815863374129,27.5111876824057,27.4659063702468,27.5916394226271,27.5212475341273,27.6217928859212,27.5916394226271,27.4608739026253,27.5614772692013,27.5614772692013,27.5564493982478,27.5815863374129,27.6720293663216,27.7874819207868,27.7021596912783,27.5614772692013,27.6117426966131,27.6870956122065,27.6469141389248,27.6770516890958,27.4860338187415,27.5765594326333,27.5564493982478,27.5866130007331,27.5212475341273,27.5413643354891,27.5614772692013,27.4457750460266,27.5363354978248,27.5564493982478,27.5815863374129,27.6217928859212,27.6167679118797,27.6167679118797,27.6619839981682,27.6268176187712,27.551421285667,27.6569609527223,27.5966656031286,27.5463929314253,27.5363354978248,27.4910650755359,27.475970578825,27.6217928859212,27.5916394226271,27.5313064183988,27.6016915422711,27.4860338187415,27.4357079298451,27.3198663256309,27.385357797423,27.3299446101592,27.3500982617396,27.2997068377419,27.2896256338382,27.3249055894848
27.3652109487011,27.4155707879898,27.4357079298451,27.3601736293342,27.3903939025862,27.4105358961847,27.3903939025862,27.4155707879898,27.3702480251596,27.4508082405489,27.4960960902657,27.4659063702468,27.4206054372245,27.3652109487011,27.3752848587436,27.3954297650103,27.3903939025862,27.4306740081185,27.5212475341273,27.4407416091366,27.4508082405489,27.475970578825,27.3954297650103,27.4457750460266,27.4206054372245,27.3803214494867,27.3903939025862,27.385357797423,27.4306740081185,27.4055007617757,27.475970578825,27.5866130007331,27.4508082405489,27.3500982617396,27.4105358961847,27.3803214494867,27.4206054372245,27.4357079298451,27.551421285667,27.4407416091366,27.5162177292145,27.4709385956355,27.5011268629649,27.4608739026253,27.475970578825,27.3903939025862,27.4709385956355,27.385357797423,27.5212475341273,27.475970578825,27.5162177292145,27.4960960902657,27.5665048985609,27.6016915422711,27.4659063702468,27.7071805696107,27.5715322863604,27.5463929314253,27.7874819207868,28.1730749366739,28.3828037944729,27.5916394226271,27.631842110463,27.5564493982478,27.5765594326333,27.5715322863604,27.6368663610303,27.7272616770383,27.6720293663216,27.6067172400882,27.5111876824057,27.5966656031286,27.5363354978248,27.6619839981682,27.7724301033211,27.8476675914376,27.5313064183988,27.5011268629649,27.6418903705064,27.7423199823454,27.7122012073196,27.4256398439229,27.506157393667,27.5866130007331,27.5765594326333,27.4508082405489,27.6921172126096,27.892784190336,27.6117426966131,28.1230778208426,28.1330791460061,27.7222417610001,27.6469141389248,27.6720293663216,27.7021596912783,27.5866130007331,27.6268176187712,27.6268176187712,27.9779515459613,27.8426534379831,28.0280177375547,27.8877721929225,27.9579183838364,28.0730569169481,28.0730569169481,27.9479003691149,27.7975152652541,27.9228511486881,27.8727347639835,27.651937666319,27.5313064183988,27.5966656031286,27.5212475341273,27.5262770971775,27.5162177292145,27.7373007876777,27.651937666319,27.5212475341273,27.4910650755359,27.5463929314253,27.5011268629649,27.4960960902657,27.5212475341273,27.5212475341273,27.6921172126096,27.6368663610303,27.5715322863604,27.7071805696107,27.7272616770383,27.6217928859212,27.6770516890958,27.6921172126096,27.7071805696107,27.7222417610001,27.7373007876777,27.6418903705064,27.6268176187712,27.631842110463,27.6268176187712,27.5262770971775,27.4960960902657,27.6117426966131,27.5564493982478,27.5313064183988,27.4960960902657,27.3954297650103,27.4105358961847,27.3903939025862,27.2795434562661,27.4457750460266,27.4508082405489,27.4357079298451,27.4558411927372,27.5363354978248,27.4709385956355,27.4910650755359,27.475970578825,27.5765594326333,27.5212475341273,27.5463929314253,27.6670068026902,27.777447615956,27.9078187463413,27.9178405871461,27.9378813982687,28.063049878718,27.8526815051994,27.8526815051994,27.6870956122065,27.7071805696107,27.5614772692013,27.5916394226271,27.5665048985609,27.5765594326333,27.5614772692013,27.5614772692013,27.551421285667,27.5363354978248,27.5765594326333,27.4155707879898,27.4960960902657,27.5111876824057,27.4860338187415,27.4810023198492,27.6217928859212,27.5162177292145,27.5363354978248,27.5916394226271,27.4558411927372,27.551421285667,27.5614772692013,27.5413643354891,27.4004653847288,27.5665048985609,27.5765594326333,27.6117426966131,27.6670068026902,27.6921172126096,27.6870956122065,27.6569609527223,27.6870956122065,27.6569609527223,27.5916394226271,27.6770516890958,27.4910650755359,27.5564493982478,27.5262770971775,27.5564493982478,27.5363354978248,27.5463929314253,27.4608739026253,27.4709385956355,27.5413643354891,27.5765594326333,27.5614772692013,27.4608739026253,27.5111876824057,27.5413643354891,27.5162177292145,27.5564493982478,27.4910650755359,27.551421285667,27.5011268629649,27.5212475341273,27.4860338187415,27.475970578825,27.4709385956355,27.4457750460266,27.3702480251596,27.4709385956355,27.4608739026253,27.4558411927372,27.3500982617396,27.3652109487011,27.309787068249,27.3299446101592,27.3903939025862,27.2089409277006,27.2593761790295,27.3702480251596
27.3803214494867,27.3148268185636,27.3954297650103,27.4206054372245,27.3702480251596,27.4709385956355,27.4206054372245,27.4004653847288,27.4357079298451,27.3903939025862,27.4709385956355,27.4608739026253,27.3803214494867,27.4659063702468,27.4004653847288,27.385357797423,27.4055007617757,27.4004653847288,27.4206054372245,27.5262770971775,27.4659063702468,27.4608739026253,27.4407416091366,27.4105358961847,27.4055007617757,27.4206054372245,27.4659063702468,27.5564493982478,27.3954297650103,27.3803214494867,27.5162177292145,27.4508082405489,27.4810023198492,27.385357797423,27.4508082405489,27.385357797423,27.4357079298451,27.5413643354891,27.4256398439229,27.4457750460266,27.4558411927372,27.4860338187415,27.4508082405489,27.5011268629649,27.3954297650103,27.5313064183988,27.506157393667,27.4055007617757,27.4105358961847,27.4910650755359,27.5162177292145,27.5564493982478,27.5463929314253,27.631842110463,27.5363354978248,27.551421285667,27.5614772692013,27.6368663610303,27.9479003691149,28.1330791460061,28.3927804716586,27.631842110463,27.5765594326333,27.6368663610303,27.4508082405489,27.5866130007331,27.6670068026902,27.4960960902657,27.5866130007331,27.5916394226271,27.4910650755359,27.5262770971775,27.7874819207868,27.8476675914376,27.7122012073196,27.7021596912783,27.7272616770383,27.5262770971775,27.6469141389248,27.6619839981682,27.8476675914376,27.6117426966131,27.5011268629649,27.5413643354891,27.7874819207868,27.5313064183988,27.6569609527223,27.7122012073196,27.8526815051994,28.1880694376433,27.7975152652541,27.4709385956355,27.4608739026253,27.5463929314253,27.7021596912783,27.6720293663216,27.5815863374129,27.7172216044382,28.0180064083215,28.1380794518489,28.0180064083215,27.8777474797793,28.0580460022081,27.982959239327,27.8727347639835,27.7071805696107,27.8627086137778,27.892784190336,27.8326244118639,27.6670068026902,27.6117426966131,27.5815863374129,27.5715322863604,27.4860338187415,27.5162177292145,27.5111876824057,27.6720293663216,27.5262770971775,27.4960960902657,27.5212475341273,27.6067172400882,27.5262770971775,27.5916394226271,27.6670068026902,27.7523576505433,27.6720293663216,27.7222417610001,27.7222417610001,27.5916394226271,27.7071805696107,27.6720293663216,27.812563481855,27.7623943574465,27.6971385722891,27.8175790741614,27.837639044803,27.6268176187712,27.6368663610303,27.5262770971775,27.5765594326333,27.5262770971775,27.5212475341273,27.4558411927372,27.4608739026253,27.4256398439229,27.4105358961847,27.4709385956355,27.4004653847288,27.4357079298451,27.4155707879898,27.5011268629649,27.7071805696107,27.475970578825,27.7724301033211,27.5413643354891,27.6167679118797,27.506157393667,27.4608739026253,27.4357079298451,27.4960960902657,27.5665048985609,27.6469141389248,27.6670068026902,27.7724301033211,27.7172216044382,27.8727347639835,27.6820737710463,27.7172216044382,27.6619839981682,27.6670068026902,27.6217928859212,27.6469141389248,27.6016915422711,27.6067172400882,27.5665048985609,27.6921172126096,27.5665048985609,27.5564493982478,27.551421285667,27.5162177292145,27.5262770971775,27.4860338187415,27.4860338187415,27.5011268629649,27.5866130007331,27.6067172400882,27.6016915422711,27.6418903705064,27.5715322863604,27.4910650755359,27.506157393667,27.5363354978248,27.5413643354891,27.7172216044382,27.7222417610001,27.8526815051994,27.7975152652541,27.6921172126096,27.7373007876777,27.6619839981682,27.7222417610001,27.6167679118797,27.6418903705064,27.6921172126096,27.5815863374129,27.6820737710463,27.6016915422711,27.7222417610001,27.6117426966131,27.5715322863604,27.475970578825,27.5665048985609,27.7172216044382,27.5765594326333,27.5815863374129,27.5815863374129,27.4910650755359,27.6368663610303,27.4860338187415,27.5916394226271,27.4709385956355,27.5262770971775,27.5313064183988,27.6268176187712,27.5011268629649,27.5866130007331,27.551421285667,27.5916394226271,27.4659063702468,27.4659063702468,27.4457750460266,27.4457750460266,27.4407416091366,27.4004653847288,27.4306740081185,27.3903939025862,27.2946663574817,27.3299446101592,27.2745020022695,27.2543337507527
27.4256398439229,27.4558411927372,27.3450602134443,27.3601736293342,27.4105358961847,27.475970578825,27.4457750460266,27.3249055894848,27.4004653847288,27.340021922105,27.3954297650103,27.5665048985609,27.4105358961847,27.4457750460266,27.4105358961847,27.4105358961847,27.3299446101592,27.551421285667,27.4155707879898,27.4206054372245,27.5463929314253,27.4659063702468,27.4558411927372,27.3752848587436,27.4457750460266,27.4306740081185,27.4960960902657,27.4659063702468,27.4810023198492,27.385357797423,27.5916394226271,27.4457750460266,27.4508082405489,27.4055007617757,27.385357797423,27.4357079298451,27.4256398439229,27.4457750460266,27.5011268629649,27.4206054372245,27.4508082405489,27.5262770971775,27.4608739026253,27.4810023198492,27.4709385956355,27.3299446101592,27.4055007617757,27.4306740081185,27.385357797423,27.5363354978248,27.6720293663216,27.5564493982478,27.5564493982478,27.551421285667,27.5111876824057,27.5313064183988,27.3702480251596,27.5815863374129,27.9479003691149,28.1980645842911,28.1730749366739,27.551421285667,27.4357079298451,27.5463929314253,27.5413643354891,27.631842110463,27.6067172400882,27.6016915422711,27.7071805696107,27.7322813525865,27.5614772692013,27.506157393667,27.6268176187712,27.9529094959747,27.7874819207868,27.651937666319,27.8326244118639,27.7272616770383,27.6368663610303,27.9028074670123,27.8827599560813,27.6820737710463,27.5313064183988,27.6569609527223,27.6268176187712,27.5765594326333,27.812563481855,27.9028074670123,28.2080587813783,28.0830630023446,27.6820737710463,27.6067172400882,27.4608739026253,27.5463929314253,27.7322813525865,27.7222417610001,27.7272616770383,27.9579183838364,28.1780733411736,28.1830715081525,28.1130755441568,28.1930671296786,28.0680535169536,27.7021596912783,27.6770516890958,27.7071805696107,27.7071805696107,27.7122012073196,27.7674123504958,27.6117426966131,27.7373007876777,27.5111876824057,27.5413643354891,27.4810023198492,27.5212475341273,27.6418903705064,27.6469141389248,27.506157393667,27.5212475341273,27.5212475341273,27.5313064183988,27.6217928859212,27.7021596912783,27.7423199823454,27.7473389366228,27.7423199823454,27.7172216044382,27.6770516890958,27.7172216044382,27.6971385722891,27.8426534379831,27.7523576505433,27.6720293663216,27.6921172126096,27.6971385722891,27.7021596912783,27.5564493982478,27.7975152652541,27.6117426966131,27.5916394226271,27.6167679118797,27.6117426966131,27.4558411927372,27.4457750460266,27.5212475341273,27.4105358961847,27.4357079298451,27.3500982617396,27.4206054372245,27.4558411927372,27.631842110463,27.7724301033211,27.551421285667,27.6016915422711,27.6167679118797,27.651937666319,27.4860338187415,27.4004653847288,27.4105358961847,27.3954297650103,27.5463929314253,27.5463929314253,27.6268176187712,27.6268176187712,27.4709385956355,27.6167679118797,27.6067172400882,27.6217928859212,27.5866130007331,27.6770516890958,27.5715322863604,27.5614772692013,27.6268176187712,27.5413643354891,27.5765594326333,27.551421285667,27.5162177292145,27.506157393667,27.4910650755359,27.5011268629649,27.5162177292145,27.4810023198492,27.4860338187415,27.4457750460266,27.5413643354891,27.6067172400882,27.5715322863604,27.5815863374129,27.5765594326333,27.5765594326333,27.551421285667,27.4910650755359,27.5765594326333,27.6469141389248,27.7373007876777,27.7573761241401,27.6921172126096,27.8276095391327,27.777447615956,27.7122012073196,27.6720293663216,27.6217928859212,27.631842110463,27.7021596912783,27.6418903705064,27.5313064183988,27.5715322863604,27.631842110463,27.6870956122065,27.6117426966131,27.5162177292145,27.5815863374129,27.7423199823454,27.7623943574465,27.5916394226271,27.5765594326333,27.4910650755359,27.6016915422711,27.4659063702468,27.5262770971775,27.6067172400882,27.5162177292145,27.4960960902657,27.6117426966131,27.506157393667,27.5262770971775,27.5564493982478,27.5162177292145,27.5463929314253,27.4558411927372,27.4357079298451,27.4306740081185,27.4709385956355,27.3903939025862,27.4558411927372,27.3198663256309,27.2745020022695,27.2442481632001,27.2795434562661,27.2240740631453
27.3249055894848,27.3349833876879,27.3198663256309,27.3198663256309,27.3601736293342,27.2997068377419,27.4457750460266,27.4004653847288,27.4155707879898,27.3702480251596,27.4659063702468,27.4206054372245,27.3803214494867,27.3652109487011,27.3601736293342,27.3652109487011,27.3349833876879,27.3148268185636,27.4206054372245,27.4407416091366,27.3601736293342,27.3500982617396,27.3954297650103,27.4256398439229,27.4357079298451,27.3803214494867,27.4256398439229,27.3652109487011,27.4055007617757,27.385357797423,27.4810023198492,27.4155707879898,27.3500982617396,27.355136067025,27.3954297650103,27.3752848587436,27.3903939025862,27.4659063702468,27.4105358961847,27.4306740081185,27.4256398439229,27.4407416091366,27.3601736293342,27.4407416091366,27.4256398439229,27.3954297650103,27.4407416091366,27.4659063702468,27.4860338187415,27.4860338187415,27.5363354978248,27.5363354978248,27.4910650755359,27.3803214494867,27.4810023198492,27.5111876824057,27.4457750460266,27.6619839981682,28.1080740489112,28.3179323529188,27.8526815051994,27.551421285667,27.4407416091366,27.6117426966131,27.5564493982478,27.8025315774346,27.7373007876777,27.6469141389248,27.6569609527223,27.7071805696107,27.5866130007331,27.4256398439229,27.6167679118797,27.6720293663216,27.7473389366228,27.6268176187712,27.7724301033211,27.6368663610303,27.6770516890958,27.7975152652541,27.9328715542163,27.7674123504958,27.6368663610303,27.837639044803,27.6670068026902,27.6167679118797,27.7975152652541,28.1630774149815,28.1980645842911,27.8426534379831,27.6167679118797,27.5011268629649,27.5564493982478,27.4659063702468,27.7222417610001,27.6770516890958,27.7222417610001,28.1880694376433,28.0980703444506,28.2929711549704,28.1280786023483,28.0580460022081,27.7172216044382,27.6469141389248,27.7071805696107,27.9128297863749,27.5815863374129,27.6268176187712,27.631842110463,27.6167679118797,27.6268176187712,27.5966656031286,27.5262770971775,27.475970578825,27.4709385956355,27.4860338187415,27.4860338187415,27.5564493982478,27.4860338187415,27.5916394226271,27.6167679118797,27.506157393667,27.651937666319,27.7021596912783,27.6971385722891,27.6971385722891,27.5916394226271,27.6921172126096,27.7473389366228,27.777447615956,27.7724301033211,27.6770516890958,27.7071805696107,27.6167679118797,27.6067172400882,27.6016915422711,27.6167679118797,27.5665048985609,27.5313064183988,27.631842110463,27.5262770971775,27.5815863374129,27.5262770971775,27.4960960902657,27.4306740081185,27.4457750460266,27.4659063702468,27.4508082405489,27.4810023198492,27.6469141389248,27.7322813525865,27.6268176187712,27.6368663610303,27.5463929314253,27.6469141389248,27.4810023198492,27.5363354978248,27.4055007617757,27.4155707879898,27.3903939025862,27.3903939025862,27.5313064183988,27.6167679118797,27.6067172400882,27.4508082405489,27.6469141389248,27.6268176187712,27.6016915422711,27.6067172400882,27.6268176187712,27.6569609527223,27.5564493982478,27.5413643354891,27.5815863374129,27.5463929314253,27.5564493982478,27.5665048985609,27.5715322863604,27.4960960902657,27.4860338187415,27.5262770971775,27.4508082405489,27.4558411927372,27.5212475341273,27.4608739026253,27.631842110463,27.6016915422711,27.4659063702468,27.5262770971775,27.4910650755359,27.5564493982478,27.5413643354891,27.6569609527223,27.6117426966131,27.7222417610001,27.7172216044382,27.8576951793018,27.8627086137778,27.8526815051994,27.7874819207868,27.7021596912783,27.6921172126096,27.6770516890958,27.7373007876777,27.7724301033211,27.7071805696107,27.7021596912783,27.5866130007331,27.5363354978248,27.506157393667,27.4407416091366,27.4960960902657,27.5916394226271,27.6167679118797,27.6469141389248,27.506157393667,27.4709385956355,27.5715322863604,27.475970578825,27.551421285667,27.5413643354891,27.5564493982478,27.4608739026253,27.551421285667,27.5313064183988,27.4960960902657,27.4407416091366,27.5614772692013,27.4206054372245,27.5363354978248,27.4155707879898,27.3500982617396,27.3249055894848,27.3349833876879,27.3198663256309,27.355136067025,27.309787068249,27.3148268185636,27.2593761790295,27.2089409277006
27.3249055894848,27.3299446101592,27.2543337507527,27.340021922105,27.309787068249,27.340021922105,27.3954297650103,27.4357079298451,27.3702480251596,27.3299446101592,27.4457750460266,27.4608739026253,27.4306740081185,27.3954297650103,27.340021922105,27.340021922105,27.3249055894848,27.3198663256309,27.3198663256309,27.3702480251596,27.3450602134443,27.3500982617396,27.3752848587436,27.3652109487011,27.3198663256309,27.4155707879898,27.3954297650103,27.3903939025862,27.3702480251596,27.4256398439229,27.3954297650103,27.3652109487011,27.4206054372245,27.4155707879898,27.3702480251596,27.3954297650103,27.3702480251596,27.3702480251596,27.3954297650103,27.3752848587436,27.4105358961847,27.3601736293342,27.4206054372245,27.4004653847288,27.4357079298451,27.4357079298451,27.4558411927372,27.4306740081185,27.4810023198492,27.551421285667,27.4357079298451,27.5262770971775,27.5111876824057,27.5413643354891,27.5162177292145,27.3047470746531,27.4659063702468,27.6820737710463,28.3129405866768,28.1630774149815,27.6870956122065,27.5413643354891,27.5313064183988,27.5363354978248,27.6217928859212,27.5966656031286,27.6117426966131,27.5966656031286,27.6217928859212,27.5916394226271,27.6016915422711,27.5715322863604,27.4810023198492,27.6418903705064,27.8627086137778,27.651937666319,27.7674123504958,27.8225944265762,27.6720293663216,27.6870956122065,27.8677218086608,27.9278614710339,27.8526815051994,27.8276095391327,27.651937666319,27.8175790741614,27.9729436137625,28.1680762946208,27.7322813525865,27.6820737710463,27.6720293663216,27.6418903705064,27.7021596912783,27.5111876824057,27.7975152652541,27.6971385722891,28.0580460022081,28.1580782977234,28.1780733411736,28.0380281127715,28.0580460022081,28.063049878718,27.8025315774346,27.8175790741614,27.8576951793018,27.6870956122065,27.5665048985609,27.5916394226271,27.6670068026902,27.6016915422711,27.5765594326333,27.5413643354891,27.4810023198492,27.6067172400882,27.6569609527223,27.5463929314253,27.5463929314253,27.551421285667,27.4608739026253,27.6469141389248,27.651937666319,27.6418903705064,27.6670068026902,27.7975152652541,27.7021596912783,27.7021596912783,27.7322813525865,27.7122012073196,27.7222417610001,27.7172216044382,27.7924987130493,27.7272616770383,27.6971385722891,27.6167679118797,27.6268176187712,27.5866130007331,27.5313064183988,27.6418903705064,27.6569609527223,27.551421285667,27.5413643354891,27.6067172400882,27.5111876824057,27.4659063702468,27.4457750460266,27.4810023198492,27.4860338187415,27.475970578825,27.6670068026902,27.6268176187712,27.6268176187712,27.5262770971775,27.6268176187712,27.5363354978248,27.5363354978248,27.4960960902657,27.5162177292145,27.4407416091366,27.4457750460266,27.4860338187415,27.4608739026253,27.4960960902657,27.5212475341273,27.5262770971775,27.5765594326333,27.5866130007331,27.6368663610303,27.6268176187712,27.6217928859212,27.6368663610303,27.7172216044382,27.631842110463,27.6418903705064,27.6569609527223,27.5614772692013,27.5715322863604,27.5966656031286,27.5463929314253,27.5413643354891,27.4709385956355,27.5313064183988,27.5212475341273,27.5413643354891,27.4508082405489,27.4910650755359,27.631842110463,27.506157393667,27.4860338187415,27.4860338187415,27.551421285667,27.5916394226271,27.7322813525865,27.8627086137778,27.8576951793018,27.7473389366228,27.8827599560813,27.9178405871461,27.8426534379831,27.7874819207868,27.6971385722891,27.7573761241401,27.7924987130493,27.8075476496238,27.7824648884334,27.7071805696107,27.7071805696107,27.5715322863604,27.5916394226271,27.5614772692013,27.4860338187415,27.4709385956355,27.4659063702468,27.4709385956355,27.6067172400882,27.5866130007331,27.5916394226271,27.4910650755359,27.5463929314253,27.5313064183988,27.5212475341273,27.651937666319,27.6167679118797,27.5011268629649,27.551421285667,27.506157393667,27.4910650755359,27.4608739026253,27.5011268629649,27.4558411927372,27.3652109487011,27.4206054372245,27.506157393667,27.355136067025,27.2997068377419,27.340021922105,27.3299446101592,27.2694603047538,27.2240740631453,27.3047470746531,27.2089409277006
27.3500982617396,27.4659063702468,27.4709385956355,27.3803214494867,27.3601736293342,27.4256398439229,27.3198663256309,27.3803214494867,27.4055007617757,27.3500982617396,27.475970578825,27.5011268629649,27.4608739026253,27.4457750460266,27.385357797423,27.3601736293342,27.3500982617396,27.3601736293342,27.3601736293342,27.4508082405489,27.385357797423,27.3450602134443,27.4306740081185,27.3450602134443,27.2089409277006,27.4155707879898,27.3954297650103,27.385357797423,27.3903939025862,27.385357797423,27.4508082405489,27.4407416091366,27.3702480251596,27.355136067025,27.4105358961847,27.3803214494867,27.3601736293342,27.3803214494867,27.2644183636851,27.3198663256309,27.3803214494867,27.3198663256309,27.4659063702468,27.4357079298451,27.4306740081185,27.4306740081185,27.4558411927372,27.5011268629649,27.4508082405489,27.5262770971775,27.4910650755359,27.506157393667,27.475970578825,27.4810023198492,27.4256398439229,27.3903939025862,27.6720293663216,28.1680762946208,28.1630774149815,27.9278614710339,27.6619839981682,27.4256398439229,27.5413643354891,27.5916394226271,27.6619839981682,27.631842110463,27.6117426966131,27.6217928859212,27.8025315774346,27.7724301033211,27.6016915422711,27.5212475341273,27.6067172400882,27.5966656031286,27.9028074670123,27.7824648884334,27.7222417610001,27.9479003691149,27.6720293663216,27.6569609527223,27.7322813525865,27.9378813982687,27.9278614710339,27.6619839981682,27.631842110463,27.7824648884334,27.9979808867536,27.7724301033211,27.4407416091366,27.6217928859212,27.6117426966131,27.7272616770383,27.6368663610303,27.4608739026253,27.837639044803,28.0079941248089,28.2729979349236,28.2430309971616,27.8426534379831,27.8526815051994,28.048037534235,27.6217928859212,27.7021596912783,27.6820737710463,27.7122012073196,27.7021596912783,27.6820737710463,27.6870956122065,27.6016915422711,27.5866130007331,27.4810023198492,27.4709385956355,27.6167679118797,27.9128297863749,27.7824648884334,27.5413643354891,27.5011268629649,27.5413643354891,27.5413643354891,27.7573761241401,27.8276095391327,27.8627086137778,27.7975152652541,27.8677218086608,27.7874819207868,27.7573761241401,27.7523576505433,27.7222417610001,27.7122012073196,27.7172216044382,27.7623943574465,27.6820737710463,27.6418903705064,27.5815863374129,27.7222417610001,27.6418903705064,27.6217928859212,27.5212475341273,27.6217928859212,27.6117426966131,27.5011268629649,27.4860338187415,27.4810023198492,27.4558411927372,27.475970578825,27.5212475341273,27.5665048985609,27.506157393667,27.506157393667,27.5966656031286,27.7373007876777,27.631842110463,27.6368663610303,27.6217928859212,27.5313064183988,27.5162177292145,27.5162177292145,27.4457750460266,27.4206054372245,27.475970578825,27.5665048985609,27.4256398439229,27.5916394226271,27.6067172400882,27.4709385956355,27.6117426966131,27.6418903705064,27.6569609527223,27.5162177292145,27.6469141389248,27.6720293663216,27.7272616770383,27.7071805696107,27.5564493982478,27.6469141389248,27.5463929314253,27.5665048985609,27.5413643354891,27.5212475341273,27.4659063702468,27.475970578825,27.4608739026253,27.4659063702468,27.4407416091366,27.5111876824057,27.5363354978248,27.5765594326333,27.5463929314253,27.6167679118797,27.7222417610001,27.8276095391327,27.8677218086608,28.0130003858666,27.8476675914376,27.8225944265762,27.8827599560813,27.8827599560813,27.8075476496238,27.8426534379831,27.631842110463,27.7071805696107,27.651937666319,27.7071805696107,27.7975152652541,27.6870956122065,27.6870956122065,27.6217928859212,27.5665048985609,27.4860338187415,27.4608739026253,27.3954297650103,27.4508082405489,27.4960960902657,27.5815863374129,27.5765594326333,27.4910650755359,27.4709385956355,27.4709385956355,27.475970578825,27.4810023198492,27.5313064183988,27.6569609527223,27.5313064183988,27.4810023198492,27.4910650755359,27.5262770971775,27.4457750460266,27.4558411927372,27.4508082405489,27.4105358961847,27.3652109487011,27.4256398439229,27.4206054372245,27.3047470746531,27.3249055894848,27.2543337507527,27.3349833876879,27.3047470746531,27.2593761790295,27.234161600755
27.3450602134443,27.3349833876879,27.340021922105,27.4004653847288,27.3954297650103,27.3047470746531,27.3752848587436,27.4004653847288,27.340021922105,27.3903939025862,27.3500982617396,27.4457750460266,27.4860338187415,27.4457750460266,27.3198663256309,27.3601736293342,27.3299446101592,27.3702480251596,27.385357797423,27.309787068249,27.4810023198492,27.4155707879898,27.4357079298451,27.4457750460266,27.3601736293342,27.4105358961847,27.3702480251596,27.4306740081185,27.4357079298451,27.355136067025,27.3047470746531,27.3500982617396,27.4608739026253,27.4860338187415,27.5111876824057,27.3702480251596,27.3954297650103,27.3903939025862,27.3349833876879,27.4206054372245,27.4508082405489,27.3803214494867,27.4004653847288,27.4508082405489,27.3752848587436,27.4306740081185,27.4306740081185,27.4357079298451,27.4004653847288,27.5212475341273,27.5011268629649,27.475970578825,27.5463929314253,27.5262770971775,27.5313064183988,27.551421285667,28.048037534235,27.8225944265762,28.0079941248089,28.1380794518489,27.8526815051994,27.5715322863604,27.5614772692013,27.5413643354891,27.5162177292145,27.5866130007331,27.551421285667,27.5665048985609,27.5212475341273,27.6016915422711,27.5162177292145,27.475970578825,27.4960960902657,27.5765594326333,27.9779515459613,27.6720293663216,27.892784190336,27.9479003691149,27.5916394226271,27.5866130007331,27.7071805696107,27.9529094959747,27.7172216044382,27.5916394226271,27.7824648884334,27.8025315774346,27.7724301033211,27.551421285667,27.4357079298451,27.5111876824057,27.7674123504958,27.8175790741614,27.9078187463413,27.631842110463,27.9278614710339,28.2680040377398,28.1030723156867,27.7423199823454,27.5966656031286,27.7975152652541,27.8576951793018,27.7322813525865,27.4860338187415,27.5413643354891,27.5715322863604,27.6921172126096,27.551421285667,27.6619839981682,27.6067172400882,27.5614772692013,27.6016915422711,27.4709385956355,27.5614772692013,27.7573761241401,27.7172216044382,27.5363354978248,27.6268176187712,27.8075476496238,27.7975152652541,27.8977959483549,27.651937666319,27.8175790741614,27.8526815051994,27.8827599560813,27.8827599560813,27.8025315774346,27.7674123504958,27.7824648884334,27.777447615956,27.7322813525865,27.651937666319,27.651937666319,27.6167679118797,27.6268176187712,27.6167679118797,27.6217928859212,27.6016915422711,27.6067172400882,27.5665048985609,27.5212475341273,27.5162177292145,27.551421285667,27.4860338187415,27.4860338187415,27.5111876824057,27.6670068026902,27.5463929314253,27.6971385722891,27.6870956122065,27.7724301033211,27.6870956122065,27.651937666319,27.6067172400882,27.6016915422711,27.5111876824057,27.5011268629649,27.4306740081185,27.5262770971775,27.4055007617757,27.4960960902657,27.4608739026253,27.4860338187415,27.5111876824057,27.6368663610303,27.5815863374129,27.6368663610303,27.6167679118797,27.651937666319,27.6368663610303,27.6368663610303,27.6870956122065,27.6820737710463,27.7423199823454,27.7021596912783,27.6469141389248,27.631842110463,27.5815863374129,27.551421285667,27.4709385956355,27.5413643354891,27.4558411927372,27.3803214494867,27.5765594326333,27.5363354978248,27.6117426966131,27.5614772692013,27.5162177292145,27.5212475341273,27.8326244118639,27.8526815051994,27.7373007876777,27.7322813525865,27.8627086137778,27.9278614710339,27.9479003691149,27.8225944265762,27.9679354426974,28.0280177375547,27.9228511486881,27.8627086137778,27.7473389366228,27.5463929314253,27.6921172126096,27.7473389366228,27.6720293663216,27.7071805696107,27.6268176187712,27.6117426966131,27.4659063702468,27.4709385956355,27.4960960902657,27.4558411927372,27.4608739026253,27.4810023198492,27.6117426966131,27.4810023198492,27.4256398439229,27.4659063702468,27.4608739026253,27.4558411927372,27.4709385956355,27.5815863374129,27.5614772692013,27.5413643354891,27.5162177292145,27.475970578825,27.5363354978248,27.4659063702468,27.3954297650103,27.5262770971775,27.4004653847288,27.2492910788209,27.2694603047538,27.3752848587436,27.3047470746531,27.2946663574817,27.2946663574817,27.2139855500982,27.2543337507527,27.2543337507527
27.3803214494867,27.3450602134443,27.4004653847288,27.4457750460266,27.3803214494867,27.3702480251596,27.3601736293342,27.3047470746531,27.3500982617396,27.3903939025862,27.4357079298451,27.4810023198492,27.4709385956355,27.4659063702468,27.5665048985609,27.4256398439229,27.355136067025,27.4558411927372,27.4357079298451,27.3148268185636,27.3500982617396,27.4608739026253,27.3500982617396,27.3500982617396,27.5262770971775,27.355136067025,27.4306740081185,27.4256398439229,27.3450602134443,27.3652109487011,27.3702480251596,27.4306740081185,27.3652109487011,27.4457750460266,27.4155707879898,27.4055007617757,27.4055007617757,27.4256398439229,27.3601736293342,27.385357797423,27.4860338187415,27.4709385956355,27.4105358961847,27.5011268629649,27.4960960902657,27.4659063702468,27.4407416091366,27.4659063702468,27.4709385956355,27.4508082405489,27.5011268629649,27.4960960902657,27.6368663610303,27.6469141389248,27.651937666319,28.0680535169536,27.8276095391327,27.651937666319,27.8476675914376,28.0330230443987,27.8877721929225,27.8877721929225,27.651937666319,27.6268176187712,27.5463929314253,27.6469141389248,27.6067172400882,27.631842110463,27.6217928859212,27.506157393667,27.5212475341273,27.5011268629649,27.5313064183988,27.631842110463,27.9378813982687,27.7674123504958,28.2630099036222,27.9128297863749,27.6770516890958,27.5916394226271,27.6971385722891,28.1230778208426,27.8025315774346,27.6117426966131,27.8476675914376,27.837639044803,27.5715322863604,27.3954297650103,27.5162177292145,27.6067172400882,27.7122012073196,27.7674123504958,27.8827599560813,27.7021596912783,28.1330791460061,28.2080587813783,27.7272616770383,27.5715322863604,27.7423199823454,27.9929739096901,27.6870956122065,27.6569609527223,27.5262770971775,27.5665048985609,27.5815863374129,27.4960960902657,27.6117426966131,27.5313064183988,27.4810023198492,27.506157393667,27.4860338187415,27.4810023198492,27.6016915422711,27.5966656031286,27.7573761241401,27.7322813525865,27.9378813982687,27.7975152652541,27.777447615956,27.7975152652541,27.8175790741614,27.8576951793018,27.8476675914376,27.8727347639835,27.9679354426974,27.8627086137778,27.7623943574465,27.777447615956,27.8075476496238,27.7473389366228,27.7724301033211,27.6720293663216,27.7373007876777,27.6670068026902,27.6016915422711,27.6067172400882,27.5262770971775,27.5413643354891,27.5313064183988,27.5765594326333,27.6117426966131,27.631842110463,27.4910650755359,27.6217928859212,27.6368663610303,27.6167679118797,27.7172216044382,27.631842110463,27.6368663610303,27.7473389366228,27.6167679118797,27.5866130007331,27.5866130007331,27.5665048985609,27.5715322863604,27.5614772692013,27.5363354978248,27.5212475341273,27.3954297650103,27.4055007617757,27.5262770971775,27.5413643354891,27.6418903705064,27.5866130007331,27.6167679118797,27.6619839981682,27.6167679118797,27.6619839981682,27.6167679118797,27.6268176187712,27.7122012073196,27.6469141389248,27.5564493982478,27.5715322863604,27.6569609527223,27.6368663610303,27.6217928859212,27.5765594326333,27.5715322863604,27.5162177292145,27.6067172400882,27.5463929314253,27.4508082405489,27.5866130007331,27.6016915422711,27.5966656031286,27.6167679118797,27.6067172400882,27.8225944265762,27.6971385722891,27.7322813525865,27.7674123504958,27.7623943574465,27.8727347639835,27.8476675914376,27.8175790741614,27.7874819207868,27.8025315774346,27.9028074670123,27.8877721929225,27.8777474797793,27.7122012073196,27.7122012073196,27.631842110463,27.7222417610001,27.6268176187712,27.6569609527223,27.7071805696107,27.5614772692013,27.4105358961847,27.4810023198492,27.4206054372245,27.4709385956355,27.6067172400882,27.7071805696107,27.5363354978248,27.4709385956355,27.4608739026253,27.4709385956355,27.4508082405489,27.5413643354891,27.5614772692013,27.5413643354891,27.5111876824057,27.5212475341273,27.4457750460266,27.5413643354891,27.5212475341273,27.6217928859212,27.5011268629649,27.4155707879898,27.4206054372245,27.4306740081185,27.3601736293342,27.3047470746531,27.2492910788209,27.2593761790295,27.340021922105,27.2543337507527,27.3148268185636
27.3652109487011,27.3652109487011,27.3954297650103,27.3601736293342,27.3601736293342,27.3702480251596,27.3601736293342,27.355136067025,27.4155707879898,27.4105358961847,27.2896256338382,27.3601736293342,27.4608739026253,27.3652109487011,27.4558411927372,27.4860338187415,27.385357797423,27.4105358961847,27.3349833876879,27.3249055894848,27.3652109487011,27.3500982617396,27.4457750460266,27.340021922105,27.4457750460266,27.4357079298451,27.4810023198492,27.385357797423,27.4256398439229,27.4306740081185,27.3148268185636,27.340021922105,27.3752848587436,27.475970578825,27.3752848587436,27.4105358961847,27.4357079298451,27.4155707879898,27.5011268629649,27.3903939025862,27.4306740081185,27.5313064183988,27.475970578825,27.5162177292145,27.506157393667,27.4860338187415,27.5313064183988,27.3954297650103,27.4457750460266,27.5262770971775,27.4960960902657,27.631842110463,27.6167679118797,27.6368663610303,28.1630774149815,27.7724301033211,27.5715322863604,27.6418903705064,27.8677218086608,27.8576951793018,27.6770516890958,27.837639044803,28.0079941248089,27.6469141389248,27.8025315774346,27.7373007876777,27.7122012073196,27.6670068026902,27.6368663610303,27.5111876824057,27.5313064183988,27.5212475341273,27.5313064183988,27.5463929314253,27.8977959483549,28.0029876251156,28.5124270015936,27.8977959483549,27.5765594326333,27.6921172126096,27.8476675914376,27.9028074670123,27.8276095391327,27.6971385722891,27.8426534379831,27.6469141389248,27.4558411927372,27.4206054372245,27.475970578825,27.4659063702468,27.506157393667,27.7924987130493,27.8576951793018,27.8877721929225,28.1980645842911,27.9128297863749,27.5413643354891,27.5916394226271,27.8727347639835,27.7423199823454,27.6368663610303,27.551421285667,27.5011268629649,27.5212475341273,27.5262770971775,27.5665048985609,27.6368663610303,27.6217928859212,27.4960960902657,27.5665048985609,27.4860338187415,27.5011268629649,27.5564493982478,27.6971385722891,27.8276095391327,27.9479003691149,28.0780600787342,27.9479003691149,27.8225944265762,27.8025315774346,27.837639044803,27.7924987130493,27.9078187463413,27.8977959483549,27.7222417610001,27.8175790741614,27.7423199823454,27.8025315774346,27.7523576505433,27.6770516890958,27.8075476496238,27.7272616770383,27.6268176187712,27.6016915422711,27.5866130007331,27.5966656031286,27.5715322863604,27.5564493982478,27.4105358961847,27.5111876824057,27.5162177292145,27.4709385956355,27.4860338187415,27.6217928859212,27.6418903705064,27.4608739026253,27.4306740081185,27.506157393667,27.5162177292145,27.6167679118797,27.6268176187712,27.631842110463,27.7172216044382,27.5815863374129,27.6016915422711,27.5463929314253,27.5111876824057,27.4960960902657,27.5262770971775,27.4860338187415,27.4457750460266,27.5665048985609,27.5715322863604,27.6217928859212,27.6016915422711,27.6921172126096,27.6921172126096,27.631842110463,27.6167679118797,27.7924987130493,27.651937666319,27.5313064183988,27.5363354978248,27.6418903705064,27.6167679118797,27.5564493982478,27.6469141389248,27.6870956122065,27.6117426966131,27.5463929314253,27.551421285667,27.5262770971775,27.5413643354891,27.5916394226271,27.6167679118797,27.5463929314253,27.5765594326333,27.6117426966131,27.6870956122065,27.7473389366228,27.7172216044382,27.6971385722891,27.6971385722891,27.6368663610303,27.777447615956,27.7874819207868,27.7071805696107,27.7322813525865,27.6268176187712,27.812563481855,27.8727347639835,27.7975152652541,27.7322813525865,27.6670068026902,27.6870956122065,27.6217928859212,27.6268176187712,27.5765594326333,27.5463929314253,27.4910650755359,27.4004653847288,27.4508082405489,27.5011268629649,27.4608739026253,27.475970578825,27.5363354978248,27.4256398439229,27.4608739026253,27.3500982617396,27.2644183636851,27.4558411927372,27.506157393667,27.6268176187712,27.5262770971775,27.5413643354891,27.5212475341273,27.551421285667,27.4407416091366,27.5212475341273,27.4457750460266,27.6167679118797,27.4357079298451,27.385357797423,27.4105358961847,27.3702480251596,27.340021922105,27.3803214494867,27.2392050038562,27.2392050038562,27.2291179538628
27.4357079298451,27.475970578825,27.3803214494867,27.340021922105,27.340021922105,27.3803214494867,27.3148268185636,27.4155707879898,27.4105358961847,27.4155707879898,27.3249055894848,27.3954297650103,27.4105358961847,27.475970578825,27.4407416091366,27.4357079298451,27.4960960902657,27.3803214494867,27.4105358961847,27.3500982617396,27.3349833876879,27.3601736293342,27.4810023198492,27.4659063702468,27.4659063702468,27.3652109487011,27.4407416091366,27.4306740081185,27.4407416091366,27.355136067025,27.3601736293342,27.4608739026253,27.3299446101592,27.5363354978248,27.5463929314253,27.4105358961847,27.4558411927372,27.4457750460266,27.4960960902657,27.4256398439229,27.385357797423,27.3954297650103,27.4105358961847,27.4709385956355,27.5011268629649,27.4105358961847,27.4608739026253,27.4860338187415,27.5162177292145,27.5212475341273,27.506157393667,27.631842110463,27.5966656031286,28.1380794518489,27.8476675914376,27.6569609527223,27.777447615956,27.631842110463,27.982959239327,27.777447615956,27.6870956122065,27.6418903705064,27.6820737710463,27.8877721929225,27.892784190336,27.8075476496238,27.6820737710463,27.6619839981682,27.551421285667,27.5313064183988,27.5363354978248,27.6117426966131,27.5665048985609,27.5866130007331,27.8225944265762,27.9529094959747,28.5672196631112,27.8877721929225,27.6971385722891,27.892784190336,27.9128297863749,27.6971385722891,27.6167679118797,27.5966656031286,27.837639044803,27.6619839981682,27.4256398439229,27.4508082405489,27.4910650755359,27.5262770971775,27.5262770971775,27.6670068026902,27.8827599560813,28.0280177375547,27.9428910032239,27.7222417610001,27.6016915422711,27.8677218086608,27.7523576505433,27.6619839981682,27.7473389366228,27.6268176187712,27.5815863374129,27.5162177292145,27.6670068026902,27.5966656031286,27.6870956122065,27.4960960902657,27.6117426966131,27.6820737710463,27.6167679118797,27.6720293663216,27.7071805696107,28.0580460022081,28.1430795199092,28.228044327915,28.0680535169536,27.9278614710339,27.8175790741614,27.7674123504958,27.7272616770383,27.8627086137778,27.9729436137625,27.8777474797793,27.6368663610303,27.631842110463,27.651937666319,27.7874819207868,27.7975152652541,27.837639044803,27.7874819207868,27.6469141389248,27.6167679118797,27.631842110463,27.7071805696107,27.6217928859212,27.5866130007331,27.551421285667,27.5413643354891,27.5313064183988,27.5413643354891,27.5111876824057,27.5413643354891,27.5564493982478,27.475970578825,27.6217928859212,27.6067172400882,27.5313064183988,27.5363354978248,27.6469141389248,27.6820737710463,27.7071805696107,27.5866130007331,27.5665048985609,27.5564493982478,27.5262770971775,27.5413643354891,27.5765594326333,27.5866130007331,27.4357079298451,27.5815863374129,27.6016915422711,27.7373007876777,27.837639044803,27.6770516890958,27.6770516890958,27.7071805696107,27.6670068026902,27.6720293663216,27.7874819207868,27.5564493982478,27.6217928859212,27.6418903705064,27.5715322863604,27.631842110463,27.7222417610001,27.7272616770383,27.6368663610303,27.5212475341273,27.4508082405489,27.6217928859212,27.5765594326333,27.5665048985609,27.5564493982478,27.5916394226271,27.5262770971775,27.5765594326333,27.631842110463,27.6268176187712,27.7322813525865,27.7874819207868,27.6971385722891,27.6770516890958,27.7122012073196,27.7874819207868,27.6770516890958,27.6167679118797,27.651937666319,27.5765594326333,27.7573761241401,27.5866130007331,27.7623943574465,27.6117426966131,27.6368663610303,27.6117426966131,27.6418903705064,27.7122012073196,27.5966656031286,27.4910650755359,27.4457750460266,27.4910650755359,27.6067172400882,27.4810023198492,27.475970578825,27.5413643354891,27.551421285667,27.475970578825,27.4508082405489,27.4810023198492,27.4709385956355,27.4960960902657,27.5715322863604,27.5765594326333,27.5665048985609,27.5665048985609,27.6569609527223,27.5313064183988,27.5715322863604,27.5111876824057,27.4960960902657,27.6167679118797,27.4457750460266,27.3803214494867,27.4004653847288,27.3752848587436,27.4256398439229,27.2896256338382,27.2644183636851,27.2543337507527,27.2543337507527
27.2644183636851,27.3450602134443,27.3702480251596,27.2240740631453,27.3047470746531,27.3299446101592,27.340021922105,27.385357797423,27.2946663574817,27.3198663256309,27.340021922105,27.4206054372245,27.4004653847288,27.4608739026253,27.4709385956355,27.3903939025862,27.3450602134443,27.4055007617757,27.2240740631453,27.3299446101592,27.1584812802121,27.3652109487011,27.355136067025,27.2644183636851,27.2593761790295,27.4306740081185,27.355136067025,27.4357079298451,27.5111876824057,27.3500982617396,27.4105358961847,27.5413643354891,27.4357079298451,27.4810023198492,27.3752848587436,27.4407416091366,27.4457750460266,27.4508082405489,27.4910650755359,27.5111876824057,27.4608739026253,27.4256398439229,27.4457750460266,27.4508082405489,27.4457750460266,27.4608739026253,27.475970578825,27.4206054372245,27.6067172400882,27.4659063702468,27.651937666319,27.8225944265762,28.1180768014564,27.8627086137778,27.8476675914376,27.631842110463,27.6268176187712,27.5715322863604,28.0130003858666,27.631842110463,27.6167679118797,27.6418903705064,27.631842110463,27.631842110463,27.9078187463413,27.777447615956,27.6418903705064,27.5815863374129,27.551421285667,27.5262770971775,27.5966656031286,27.5413643354891,27.5413643354891,27.5363354978248,27.7272616770383,27.9479003691149,28.277991595206,27.7071805696107,27.8777474797793,27.9078187463413,27.6820737710463,27.6820737710463,27.6921172126096,27.8075476496238,27.9979808867536,27.6117426966131,27.4709385956355,27.4608739026253,27.5212475341273,27.5363354978248,27.7874819207868,27.777447615956,28.1930671296786,27.962927032733,27.7272616770383,27.5866130007331,27.6469141389248,27.9879666938923,27.7423199823454,27.6619839981682,27.6418903705064,27.7623943574465,27.8326244118639,27.9779515459613,28.1180768014564,28.1130755441568,28.1180768014564,27.9529094959747,28.0880656878123,28.0830630023446,28.1980645842911,28.1580782977234,27.9128297863749,27.8877721929225,27.9028074670123,28.0380281127715,27.9929739096901,28.0180064083215,27.962927032733,27.812563481855,27.9028074670123,27.9679354426974,27.8877721929225,27.631842110463,27.6268176187712,27.5916394226271,27.6870956122065,27.7724301033211,27.7924987130493,27.7172216044382,27.6067172400882,27.631842110463,27.6167679118797,27.6770516890958,27.5815863374129,27.6820737710463,27.506157393667,27.506157393667,27.5313064183988,27.5665048985609,27.5564493982478,27.5765594326333,27.4910650755359,27.5715322863604,27.6067172400882,27.4608739026253,27.5111876824057,27.5313064183988,27.6368663610303,27.5916394226271,27.5111876824057,27.5866130007331,27.5715322863604,27.5815863374129,27.5815863374129,27.6368663610303,27.5413643354891,27.5966656031286,27.5765594326333,27.5765594326333,27.5966656031286,27.6971385722891,27.7272616770383,27.8426534379831,27.7724301033211,27.7021596912783,27.7122012073196,27.7021596912783,27.651937666319,27.7122012073196,27.5715322863604,27.5363354978248,27.5916394226271,27.5363354978248,27.5815863374129,27.7122012073196,27.651937666319,27.6217928859212,27.5363354978248,27.5262770971775,27.6016915422711,27.6368663610303,27.6217928859212,27.506157393667,27.5363354978248,27.5665048985609,27.5966656031286,27.4709385956355,27.5916394226271,27.5564493982478,27.6921172126096,27.7172216044382,27.8426534379831,27.7924987130493,27.6368663610303,27.6067172400882,27.6368663610303,27.6469141389248,27.5313064183988,27.5665048985609,27.506157393667,27.6016915422711,27.5815863374129,27.6720293663216,27.5966656031286,27.4960960902657,27.5564493982478,27.6067172400882,27.4860338187415,27.4860338187415,27.4810023198492,27.4709385956355,27.4860338187415,27.4709385956355,27.506157393667,27.4004653847288,27.3803214494867,27.475970578825,27.4860338187415,27.3652109487011,27.4709385956355,27.3752848587436,27.475970578825,27.3903939025862,27.4709385956355,27.5564493982478,27.4910650755359,27.5212475341273,27.4357079298451,27.4508082405489,27.4357079298451,27.3702480251596,27.3652109487011,27.3349833876879,27.4709385956355,27.4004653847288,27.2543337507527,27.2442481632001,27.2392050038562,27.1988509509866
27.4910650755359,27.2845846667777,27.3652109487011,27.2240740631453,27.385357797423,27.2946663574817,27.5212475341273,27.4608739026253,27.3954297650103,27.4508082405489,27.4206054372245,27.4508082405489,27.4055007617757,27.385357797423,27.340021922105,27.4558411927372,27.3903939025862,27.5111876824057,27.3652109487011,27.3249055894848,27.3198663256309,27.3652109487011,27.4055007617757,27.3601736293342,27.3702480251596,27.4709385956355,27.4206054372245,27.3954297650103,27.5363354978248,27.5463929314253,27.551421285667,27.4206054372245,27.5363354978248,27.5212475341273,27.5363354978248,27.4457750460266,27.4659063702468,27.4407416091366,27.4457750460266,27.5011268629649,27.3903939025862,27.4206054372245,27.5866130007331,27.4155707879898,27.5866130007331,27.5212475341273,27.6067172400882,27.7573761241401,27.5715322863604,27.8326244118639,27.7523576505433,27.8276095391327,27.7724301033211,27.6820737710463,27.5363354978248,27.6167679118797,27.6117426966131,27.7122012073196,27.9979808867536,27.6770516890958,27.5363354978248,27.6217928859212,27.631842110463,27.6469141389248,27.7924987130493,27.6368663610303,27.5665048985609,27.4810023198492,27.5162177292145,27.5665048985609,27.5665048985609,27.5413643354891,27.5665048985609,27.5313064183988,27.5463929314253,27.9929739096901,28.0680535169536,27.8326244118639,28.0880656878123,27.7222417610001,27.6870956122065,27.6870956122065,27.6820737710463,27.7623943574465,27.651937666319,27.6217928859212,27.4860338187415,27.551421285667,27.551421285667,27.5262770971775,27.6217928859212,27.8576951793018,27.9779515459613,27.7824648884334,27.7272616770383,27.7724301033211,28.0380281127715,28.1080740489112,27.8225944265762,27.8677218086608,27.9529094959747,27.9729436137625,27.982959239327,27.9729436137625,27.8627086137778,27.7573761241401,27.812563481855,27.9128297863749,27.8225944265762,27.8426534379831,27.9729436137625,28.0530418873914,27.9028074670123,27.8526815051994,27.7573761241401,27.8526815051994,27.8677218086608,27.8727347639835,27.8175790741614,27.8225944265762,27.9278614710339,27.9779515459613,27.7623943574465,27.6418903705064,27.6368663610303,27.6569609527223,27.7824648884334,27.7322813525865,27.8827599560813,27.7573761241401,27.7623943574465,27.6117426966131,27.6820737710463,27.5966656031286,27.6368663610303,27.5966656031286,27.631842110463,27.6418903705064,27.6067172400882,27.5765594326333,27.5413643354891,27.551421285667,27.6016915422711,27.5815863374129,27.5212475341273,27.4709385956355,27.551421285667,27.651937666319,27.5715322863604,27.5815863374129,27.6217928859212,27.5916394226271,27.6067172400882,27.5413643354891,27.6217928859212,27.6217928859212,27.6469141389248,27.631842110463,27.631842110463,27.6619839981682,27.6167679118797,27.7172216044382,27.8526815051994,27.8576951793018,27.8175790741614,27.8175790741614,27.7021596912783,27.7222417610001,27.6820737710463,27.6820737710463,27.4608739026253,27.5463929314253,27.5413643354891,27.5262770971775,27.5313064183988,27.6268176187712,27.6619839981682,27.7322813525865,27.6217928859212,27.5916394226271,27.5262770971775,27.6268176187712,27.6268176187712,27.6368663610303,27.5111876824057,27.6368663610303,27.6167679118797,27.6217928859212,27.6167679118797,27.5413643354891,27.5363354978248,27.7573761241401,27.8426534379831,27.8326244118639,27.631842110463,27.6670068026902,27.6418903705064,27.5413643354891,27.6569609527223,27.5815863374129,27.5815863374129,27.5916394226271,27.5765594326333,27.5463929314253,27.5111876824057,27.5111876824057,27.5313064183988,27.5413643354891,27.4558411927372,27.5363354978248,27.475970578825,27.4709385956355,27.4910650755359,27.4810023198492,27.4659063702468,27.4659063702468,27.4457750460266,27.4810023198492,27.4810023198492,27.5011268629649,27.506157393667,27.506157393667,27.5665048985609,27.4709385956355,27.4810023198492,27.5715322863604,27.4558411927372,27.4709385956355,27.4608739026253,27.4357079298451,27.4155707879898,27.3450602134443,27.340021922105,27.4357079298451,27.3198663256309,27.2543337507527,27.3450602134443,27.2442481632001,27.2442481632001,27.2593761790295
27.3903939025862,27.3652109487011,27.3299446101592,27.506157393667,27.385357797423,27.3249055894848,27.4105358961847,27.4306740081185,27.4256398439229,27.3349833876879,27.4155707879898,27.4306740081185,27.355136067025,27.2593761790295,27.355136067025,27.4407416091366,27.4155707879898,27.4055007617757,27.3702480251596,27.3652109487011,27.1635283437601,27.4105358961847,27.355136067025,27.4960960902657,27.777447615956,27.6619839981682,27.5363354978248,27.4960960902657,27.4256398439229,27.5313064183988,27.4960960902657,27.5313064183988,27.4306740081185,27.4659063702468,27.4709385956355,27.4155707879898,27.4508082405489,27.475970578825,27.4508082405489,27.4306740081185,27.4709385956355,27.4910650755359,27.4508082405489,27.4960960902657,27.6117426966131,27.9128297863749,28.0980703444506,27.9078187463413,27.8777474797793,27.9879666938923,27.6720293663216,27.6067172400882,27.7021596912783,27.631842110463,27.6016915422711,27.6016915422711,27.551421285667,27.7021596912783,27.9579183838364,27.5212475341273,27.506157393667,27.6117426966131,27.5463929314253,27.631842110463,27.6268176187712,27.6067172400882,27.5162177292145,27.5765594326333,27.6720293663216,27.5765594326333,27.5413643354891,27.5162177292145,27.5413643354891,27.5715322863604,27.551421285667,27.8225944265762,27.8426534379831,28.0180064083215,28.0180064083215,27.7021596912783,27.5966656031286,27.5966656031286,27.5966656031286,27.6921172126096,27.5866130007331,27.4508082405489,27.5363354978248,27.6117426966131,27.5564493982478,27.5463929314253,27.6418903705064,27.6870956122065,27.6971385722891,27.7623943574465,27.9979808867536,28.1980645842911,27.9779515459613,28.0180064083215,27.8326244118639,27.8276095391327,27.7423199823454,27.7975152652541,27.7874819207868,27.812563481855,27.6921172126096,27.6067172400882,27.6268176187712,27.7473389366228,27.8476675914376,27.6870956122065,27.7724301033211,27.7623943574465,27.7674123504958,27.9028074670123,27.8576951793018,27.8827599560813,27.8777474797793,27.8727347639835,27.8727347639835,27.777447615956,27.9529094959747,27.8326244118639,27.6619839981682,27.6067172400882,27.812563481855,27.7824648884334,27.7924987130493,27.8727347639835,27.777447615956,27.8677218086608,27.7272616770383,27.6167679118797,27.6067172400882,27.8225944265762,27.7423199823454,27.6820737710463,27.6971385722891,27.6569609527223,27.7071805696107,27.651937666319,27.5564493982478,27.7272616770383,27.6167679118797,27.6921172126096,27.6921172126096,27.5866130007331,27.6016915422711,27.6067172400882,27.6469141389248,27.7222417610001,27.6167679118797,27.6921172126096,27.6117426966131,27.5715322863604,27.5765594326333,27.6569609527223,27.7523576505433,27.7473389366228,27.6670068026902,27.6469141389248,27.7623943574465,27.8075476496238,27.8225944265762,27.8677218086608,27.8075476496238,27.6870956122065,27.7071805696107,27.631842110463,27.6971385722891,27.6217928859212,27.4960960902657,27.4659063702468,27.4508082405489,27.5111876824057,27.5715322863604,27.7473389366228,27.6368663610303,27.631842110463,27.6720293663216,27.6016915422711,27.631842110463,27.5313064183988,27.6268176187712,27.6217928859212,27.6117426966131,27.6067172400882,27.6167679118797,27.5313064183988,27.631842110463,27.5866130007331,27.5162177292145,27.6016915422711,27.6619839981682,27.8476675914376,27.9879666938923,27.7071805696107,27.6619839981682,27.5111876824057,27.6670068026902,27.6217928859212,27.5212475341273,27.5212475341273,27.6016915422711,27.506157393667,27.5866130007331,27.551421285667,27.4960960902657,27.5011268629649,27.4910650755359,27.506157393667,27.4558411927372,27.4608739026253,27.4105358961847,27.4709385956355,27.5212475341273,27.4960960902657,27.3601736293342,27.4407416091366,27.4508082405489,27.2745020022695,27.4105358961847,27.4608739026253,27.3249055894848,27.4860338187415,27.5111876824057,27.475970578825,27.4306740081185,27.4709385956355,27.4608739026253,27.4659063702468,27.4960960902657,27.4155707879898,27.4457750460266,27.385357797423,27.3198663256309,27.2946663574817,27.2845846667777,27.3450602134443,27.2291179538628,27.193805596602
27.4709385956355,27.4155707879898,27.3249055894848,27.3954297650103,27.3198663256309,27.4608739026253,27.3803214494867,27.340021922105,27.3702480251596,27.4659063702468,27.4709385956355,27.340021922105,27.4306740081185,27.3249055894848,27.3601736293342,27.4055007617757,27.4155707879898,27.3500982617396,27.3803214494867,27.4206054372245,27.385357797423,27.3349833876879,27.3652109487011,27.4810023198492,28.0330230443987,27.651937666319,27.6670068026902,27.4357079298451,27.4910650755359,27.3652109487011,27.4206054372245,27.4407416091366,27.4709385956355,27.4608739026253,27.4709385956355,27.5212475341273,27.4357079298451,27.4457750460266,27.385357797423,27.4004653847288,27.4306740081185,27.475970578825,27.4910650755359,27.7674123504958,28.0280177375547,27.7874819207868,27.7573761241401,27.7724301033211,28.1230778208426,27.8677218086608,27.6670068026902,27.6670068026902,27.7222417610001,27.5715322863604,27.6067172400882,27.5916394226271,27.506157393667,27.8175790741614,27.7322813525865,27.5815863374129,27.4910650755359,27.5815863374129,27.4558411927372,27.5715322863604,27.5715322863604,27.5564493982478,27.5262770971775,27.5916394226271,27.5765594326333,27.5463929314253,27.5765594326333,27.506157393667,27.5665048985609,27.5363354978248,27.4860338187415,27.6820737710463,27.6368663610303,27.9178405871461,27.8025315774346,27.6167679118797,27.506157393667,27.5313064183988,27.6670068026902,27.6368663610303,27.6217928859212,27.6167679118797,27.5815863374129,27.551421285667,27.5614772692013,27.5715322863604,27.8326244118639,27.6921172126096,27.812563481855,28.0680535169536,28.1780733411736,27.8727347639835,27.8777474797793,27.6820737710463,27.6569609527223,27.6670068026902,27.651937666319,27.7373007876777,27.7824648884334,27.6368663610303,27.5866130007331,27.5262770971775,27.6117426966131,27.7724301033211,27.7724301033211,27.5564493982478,27.7222417610001,27.7623943574465,28.0029876251156,28.0230121922066,27.8777474797793,27.8175790741614,27.8627086137778,27.8677218086608,27.9529094959747,27.9278614710339,27.982959239327,27.8276095391327,27.6117426966131,27.6670068026902,27.8276095391327,27.892784190336,27.8877721929225,27.7573761241401,27.7824648884334,27.7272616770383,27.7573761241401,27.7423199823454,27.7122012073196,27.7071805696107,27.7122012073196,27.6217928859212,27.6469141389248,27.6268176187712,27.7172216044382,27.7172216044382,27.5262770971775,27.6469141389248,27.5715322863604,27.7021596912783,27.5614772692013,27.5966656031286,27.5665048985609,27.5966656031286,27.5765594326333,27.6720293663216,27.6217928859212,27.6469141389248,27.6418903705064,27.5614772692013,27.5162177292145,27.5111876824057,27.7272616770383,27.6167679118797,27.6217928859212,27.7021596912783,27.6670068026902,27.6569609527223,27.6820737710463,27.812563481855,27.7975152652541,27.6720293663216,27.6971385722891,27.6167679118797,27.6971385722891,27.6117426966131,27.5413643354891,27.5765594326333,27.5665048985609,27.5665048985609,27.6217928859212,27.6670068026902,27.7322813525865,27.631842110463,27.631842110463,27.6820737710463,27.6067172400882,27.551421285667,27.6569609527223,27.5916394226271,27.6217928859212,27.475970578825,27.5765594326333,27.5463929314253,27.5715322863604,27.6368663610303,27.551421285667,27.5212475341273,27.5363354978248,27.7975152652541,27.812563481855,27.8727347639835,27.8476675914376,27.6418903705064,27.7874819207868,27.5111876824057,27.5916394226271,27.5212475341273,27.5765594326333,27.4960960902657,27.5011268629649,27.475970578825,27.4558411927372,27.5363354978248,27.5262770971775,27.5413643354891,27.5313064183988,27.4256398439229,27.5011268629649,27.5111876824057,27.4155707879898,27.3652109487011,27.3752848587436,27.4155707879898,27.4608739026253,27.475970578825,27.4508082405489,27.506157393667,27.5011268629649,27.5162177292145,27.4659063702468,27.5313064183988,27.5463929314253,27.4709385956355,27.4457750460266,27.4155707879898,27.4608739026253,27.4206054372245,27.4206054372245,27.3299446101592,27.3198663256309,27.2644183636851,27.2946663574817,27.2644183636851,27.1887599981537,27.2240740631453
27.3148268185636,27.4055007617757,27.4206054372245,27.2543337507527,27.3249055894848,27.385357797423,27.3450602134443,27.3198663256309,27.3198663256309,27.4206054372245,27.4508082405489,27.3249055894848,27.3500982617396,27.3198663256309,27.4004653847288,27.4810023198492,27.385357797423,27.385357797423,27.3702480251596,27.2694603047538,27.3148268185636,27.3752848587436,27.4206054372245,27.5916394226271,28.14807935022,27.4659063702468,27.6067172400882,27.6569609527223,27.5262770971775,27.4659063702468,27.4709385956355,27.475970578825,27.475970578825,27.4910650755359,27.4004653847288,27.4004653847288,27.4155707879898,27.4508082405489,27.4306740081185,27.4659063702468,27.4357079298451,27.4910650755359,27.8025315774346,27.9679354426974,27.7523576505433,27.7222417610001,27.5815863374129,27.9278614710339,27.8877721929225,27.6921172126096,27.6016915422711,27.6971385722891,27.5916394226271,27.5614772692013,27.5715322863604,27.5614772692013,27.5564493982478,27.982959239327,27.812563481855,27.5262770971775,27.5111876824057,27.5313064183988,27.5111876824057,27.551421285667,27.5162177292145,27.5262770971775,27.4558411927372,27.5262770971775,27.5916394226271,27.5665048985609,27.5866130007331,27.5262770971775,27.5765594326333,27.4508082405489,27.5765594326333,27.5815863374129,27.5313064183988,27.6067172400882,27.651937666319,27.6418903705064,27.6016915422711,27.5614772692013,27.6217928859212,27.6569609527223,27.6167679118797,27.4558411927372,27.5363354978248,27.5413643354891,27.6619839981682,27.8426534379831,27.9929739096901,27.8276095391327,28.0580460022081,28.0530418873914,27.7423199823454,27.7473389366228,27.7473389366228,27.6268176187712,27.6368663610303,27.6418903705064,27.6418903705064,27.5665048985609,27.7172216044382,27.5413643354891,27.5162177292145,27.5162177292145,27.6720293663216,27.6921172126096,27.6368663610303,27.7824648884334,27.551421285667,27.7975152652541,28.0280177375547,28.0580460022081,27.8877721929225,27.777447615956,27.7573761241401,27.7724301033211,27.7824648884334,27.982959239327,27.9278614710339,27.9378813982687,27.812563481855,27.8677218086608,27.7222417610001,27.9479003691149,27.812563481855,27.7874819207868,27.7222417610001,27.7975152652541,27.7172216044382,27.7473389366228,27.7975152652541,27.8677218086608,27.7975152652541,27.8025315774346,27.7523576505433,27.6870956122065,27.631842110463,27.6921172126096,27.6217928859212,27.5966656031286,27.551421285667,27.6569609527223,27.5413643354891,27.5715322863604,27.5966656031286,27.6016915422711,27.6016915422711,27.6870956122065,27.6217928859212,27.6770516890958,27.6268176187712,27.5463929314253,27.551421285667,27.5212475341273,27.5313064183988,27.6368663610303,27.6469141389248,27.651937666319,27.5614772692013,27.6670068026902,27.7523576505433,27.7924987130493,27.7373007876777,27.7824648884334,27.6820737710463,27.6418903705064,27.6670068026902,27.5313064183988,27.5564493982478,27.5916394226271,27.5715322863604,27.6167679118797,27.5363354978248,27.6217928859212,27.6569609527223,27.551421285667,27.551421285667,27.7071805696107,27.631842110463,27.6921172126096,27.5765594326333,27.6619839981682,27.6268176187712,27.6820737710463,27.6016915422711,27.6569609527223,27.5966656031286,27.6418903705064,27.6067172400882,27.5564493982478,27.5765594326333,27.5413643354891,27.6469141389248,27.651937666319,27.8225944265762,27.8576951793018,27.7924987130493,27.6067172400882,27.6820737710463,27.6418903705064,27.4004653847288,27.4910650755359,27.5665048985609,27.4810023198492,27.6167679118797,27.5363354978248,27.475970578825,27.4155707879898,27.5363354978248,27.5715322863604,27.5313064183988,27.5262770971775,27.5313064183988,27.4055007617757,27.4206054372245,27.5463929314253,27.4357079298451,27.4306740081185,27.4256398439229,27.3349833876879,27.340021922105,27.5011268629649,27.5162177292145,27.5262770971775,27.4608739026253,27.4659063702468,27.4659063702468,27.4457750460266,27.5162177292145,27.4105358961847,27.3450602134443,27.3652109487011,27.2997068377419,27.4055007617757,27.2845846667777,27.193805596602,27.1736217380844,27.2139855500982
27.4860338187415,27.4155707879898,27.3752848587436,27.3954297650103,27.4306740081185,27.4457750460266,27.4508082405489,27.4407416091366,27.4357079298451,27.4055007617757,27.4357079298451,27.3349833876879,27.2946663574817,27.3198663256309,27.3954297650103,27.3954297650103,27.3249055894848,27.2190299285684,27.2795434562661,27.4206054372245,27.3954297650103,27.3903939025862,27.4357079298451,27.8677218086608,28.0230121922066,27.4860338187415,27.6067172400882,27.6217928859212,27.8326244118639,27.651937666319,27.4810023198492,27.4206054372245,27.4608739026253,27.5011268629649,27.4659063702468,27.5363354978248,27.5715322863604,27.4357079298451,27.4105358961847,27.4357079298451,27.7322813525865,27.7724301033211,27.7623943574465,27.7623943574465,27.5966656031286,27.7373007876777,27.7874819207868,27.8326244118639,27.6117426966131,27.6167679118797,27.5363354978248,27.6067172400882,27.5966656031286,27.6117426966131,27.5564493982478,27.551421285667,27.6217928859212,28.0530418873914,27.6870956122065,27.631842110463,27.5564493982478,27.5162177292145,27.5916394226271,27.6117426966131,27.4608739026253,27.5262770971775,27.4407416091366,27.5765594326333,27.551421285667,27.5765594326333,27.5765594326333,27.5765594326333,27.5916394226271,27.5866130007331,27.7523576505433,27.8025315774346,27.4709385956355,27.4960960902657,27.5916394226271,27.6268176187712,27.6720293663216,27.4910650755359,27.6770516890958,27.6720293663216,27.4508082405489,27.5262770971775,27.5916394226271,27.6619839981682,27.837639044803,28.1030723156867,28.1280786023483,28.0880656878123,28.0180064083215,27.8326244118639,27.6720293663216,27.7122012073196,27.6569609527223,27.651937666319,27.6016915422711,27.5866130007331,27.5262770971775,27.551421285667,27.631842110463,27.5765594326333,27.4860338187415,27.5011268629649,27.5313064183988,27.5916394226271,27.6569609527223,27.5614772692013,27.7724301033211,27.7874819207868,27.8977959483549,27.8025315774346,27.7373007876777,27.7322813525865,27.7272616770383,27.5665048985609,27.7021596912783,27.7924987130493,27.812563481855,27.837639044803,27.8827599560813,27.8727347639835,28.0730569169481,27.892784190336,27.8877721929225,27.8576951793018,27.8526815051994,27.8526815051994,27.8877721929225,27.8827599560813,27.7573761241401,27.7122012073196,27.7924987130493,27.7724301033211,27.812563481855,27.6971385722891,27.6268176187712,27.6469141389248,27.6569609527223,27.6971385722891,27.5665048985609,27.5715322863604,27.5463929314253,27.551421285667,27.5363354978248,27.5614772692013,27.5665048985609,27.6368663610303,27.5916394226271,27.6217928859212,27.651937666319,27.5866130007331,27.631842110463,27.5715322863604,27.506157393667,27.5866130007331,27.5815863374129,27.6117426966131,27.6870956122065,27.6469141389248,27.7423199823454,27.7975152652541,27.7172216044382,27.7423199823454,27.6619839981682,27.6720293663216,27.6870956122065,27.5564493982478,27.6067172400882,27.6016915422711,27.6016915422711,27.6117426966131,27.6368663610303,27.5614772692013,27.6268176187712,27.5614772692013,27.6067172400882,27.5564493982478,27.6368663610303,27.6569609527223,27.6670068026902,27.6117426966131,27.6368663610303,27.631842110463,27.6870956122065,27.6217928859212,27.5715322863604,27.631842110463,27.6217928859212,27.551421285667,27.551421285667,27.5463929314253,27.5715322863604,27.6469141389248,27.8426534379831,27.9378813982687,27.8877721929225,27.7172216044382,27.7322813525865,27.6418903705064,27.6469141389248,27.5715322863604,27.5313064183988,27.506157393667,27.5866130007331,27.5413643354891,27.5463929314253,27.5413643354891,27.5313064183988,27.5212475341273,27.5262770971775,27.651937666319,27.5413643354891,27.551421285667,27.3954297650103,27.4306740081185,27.5564493982478,27.4558411927372,27.4306740081185,27.4860338187415,27.4004653847288,27.4709385956355,27.551421285667,27.475970578825,27.5212475341273,27.5111876824057,27.4960960902657,27.4457750460266,27.5212475341273,27.5011268629649,27.340021922105,27.4105358961847,27.4407416091366,27.4206054372245,27.2795434562661,27.3198663256309,27.2946663574817,27.2997068377419
27.2997068377419,27.2946663574817,27.3450602134443,27.4256398439229,27.4256398439229,27.2896256338382,27.3349833876879,27.3954297650103,27.4155707879898,27.340021922105,27.4457750460266,27.4407416091366,27.2845846667777,27.3198663256309,27.4004653847288,27.3652109487011,27.3450602134443,27.2745020022695,27.355136067025,27.4306740081185,27.4357079298451,27.3752848587436,27.4407416091366,28.1380794518489,27.6820737710463,27.4659063702468,27.6167679118797,27.4910650755359,27.506157393667,27.6418903705064,27.8326244118639,27.4709385956355,27.5262770971775,27.4608739026253,27.4155707879898,27.5413643354891,27.4357079298451,27.551421285667,27.6268176187712,27.5363354978248,27.7423199823454,27.6368663610303,27.5966656031286,27.6117426966131,27.7172216044382,27.7975152652541,27.5916394226271,27.6870956122065,27.6067172400882,27.6217928859212,27.4206054372245,27.5162177292145,27.551421285667,27.5463929314253,27.475970578825,27.5363354978248,27.812563481855,27.8576951793018,27.6067172400882,27.7021596912783,27.5262770971775,27.5212475341273,27.5162177292145,27.5614772692013,27.506157393667,27.5463929314253,27.5665048985609,27.5765594326333,27.5815863374129,27.5212475341273,27.5363354978248,27.5262770971775,27.506157393667,27.5916394226271,27.7423199823454,27.7473389366228,27.6016915422711,27.4860338187415,27.5162177292145,27.4860338187415,27.631842110463,27.5866130007331,28.0330230443987,27.7071805696107,27.5162177292145,27.4508082405489,27.651937666319,27.812563481855,27.9929739096901,27.8476675914376,28.0230121922066,28.0180064083215,27.7172216044382,27.6770516890958,27.6770516890958,27.6770516890958,27.7021596912783,27.5966656031286,27.5815863374129,27.6569609527223,27.6217928859212,27.6368663610303,27.5564493982478,27.5262770971775,27.5413643354891,27.5413643354891,27.4558411927372,27.5815863374129,27.6720293663216,27.6016915422711,27.5966656031286,27.812563481855,28.0230121922066,27.9378813982687,27.7975152652541,27.631842110463,27.6619839981682,27.6469141389248,27.9278614710339,27.8827599560813,27.8225944265762,27.7373007876777,27.6921172126096,27.777447615956,27.982959239327,27.9479003691149,27.8877721929225,27.8627086137778,27.8977959483549,27.9479003691149,27.8476675914376,27.8075476496238,27.8827599560813,27.6820737710463,27.7573761241401,27.7724301033211,27.6469141389248,27.6670068026902,27.7021596912783,27.631842110463,27.6469141389248,27.6418903705064,27.631842110463,27.6368663610303,27.5866130007331,27.6217928859212,27.5614772692013,27.5564493982478,27.5765594326333,27.6418903705064,27.6418903705064,27.6820737710463,27.6368663610303,27.5413643354891,27.5665048985609,27.6167679118797,27.6217928859212,27.7222417610001,27.5262770971775,27.6167679118797,27.6670068026902,27.5916394226271,27.7222417610001,27.7924987130493,27.7874819207868,27.7674123504958,27.7874819207868,27.6368663610303,27.6569609527223,27.5765594326333,27.5413643354891,27.5815863374129,27.4508082405489,27.5866130007331,27.7172216044382,27.631842110463,27.6368663610303,27.6619839981682,27.6368663610303,27.6217928859212,27.6870956122065,27.6268176187712,27.631842110463,27.651937666319,27.6268176187712,27.651937666319,27.6971385722891,27.6921172126096,27.6016915422711,27.5614772692013,27.5665048985609,27.5463929314253,27.5162177292145,27.5564493982478,27.5463929314253,27.5363354978248,27.6217928859212,27.8877721929225,27.7824648884334,27.9228511486881,27.7473389366228,27.6418903705064,27.506157393667,27.6067172400882,27.506157393667,27.6067172400882,27.4860338187415,27.5866130007331,27.5916394226271,27.5262770971775,27.4206054372245,27.5262770971775,27.5262770971775,27.5916394226271,27.4306740081185,27.5564493982478,27.5413643354891,27.4055007617757,27.5614772692013,27.4407416091366,27.4810023198492,27.340021922105,27.4558411927372,27.3601736293342,27.5162177292145,27.5363354978248,27.4910650755359,27.5313064183988,27.4960960902657,27.3903939025862,27.4155707879898,27.4256398439229,27.4256398439229,27.4206054372245,27.4004653847288,27.4256398439229,27.178668068929,27.2795434562661,27.2543337507527,27.3047470746531
27.309787068249,27.3349833876879,27.4206054372245,27.4558411927372,27.4508082405489,27.4306740081185,27.4306740081185,27.4407416091366,27.3500982617396,27.5262770971775,27.3954297650103,27.2997068377419,27.3601736293342,27.3702480251596,27.4256398439229,27.4206054372245,27.3601736293342,27.3903939025862,27.4105358961847,27.3803214494867,27.4357079298451,27.4357079298451,27.7272616770383,28.2330401214815,27.5614772692013,27.4558411927372,27.4709385956355,27.4608739026253,27.4709385956355,27.5111876824057,27.6418903705064,27.5614772692013,27.651937666319,27.5463929314253,27.5463929314253,27.475970578825,27.4206054372245,27.5413643354891,27.7222417610001,27.6921172126096,27.5765594326333,27.5614772692013,27.5765594326333,27.6167679118797,27.6971385722891,27.5916394226271,27.5966656031286,27.6016915422711,27.551421285667,27.5262770971775,27.4357079298451,27.5463929314253,27.4558411927372,27.5162177292145,27.5212475341273,27.6067172400882,27.9579183838364,27.8326244118639,27.5916394226271,27.5966656031286,27.5614772692013,27.4910650755359,27.4810023198492,27.4659063702468,27.5363354978248,27.6469141389248,27.6016915422711,27.5715322863604,27.5866130007331,27.5916394226271,27.5313064183988,27.5413643354891,27.5866130007331,27.5866130007331,27.9028074670123,28.0130003858666,27.7824648884334,27.551421285667,27.4860338187415,27.551421285667,27.5463929314253,27.6870956122065,27.9378813982687,27.6820737710463,27.6921172126096,27.8727347639835,28.0680535169536,28.0130003858666,27.7924987130493,27.777447615956,27.8175790741614,27.8576951793018,27.8075476496238,27.7021596912783,27.7222417610001,27.6770516890958,27.7272616770383,27.5815863374129,27.5815863374129,27.6820737710463,27.506157393667,27.6016915422711,27.6067172400882,27.506157393667,27.5715322863604,27.506157393667,27.4960960902657,27.551421285667,27.5765594326333,27.5765594326333,27.6217928859212,27.7824648884334,27.8025315774346,27.7874819207868,27.7573761241401,27.812563481855,27.7322813525865,27.6268176187712,27.9479003691149,27.7473389366228,27.7674123504958,27.8075476496238,27.7623943574465,27.8977959483549,27.8627086137778,27.9378813982687,28.0230121922066,27.9178405871461,27.8476675914376,27.9529094959747,27.8426534379831,27.7222417610001,27.7724301033211,27.6820737710463,27.6619839981682,27.7122012073196,27.7172216044382,27.6569609527223,27.6167679118797,27.6820737710463,27.631842110463,27.6368663610303,27.6921172126096,27.6217928859212,27.5866130007331,27.5866130007331,27.6016915422711,27.5966656031286,27.5765594326333,27.6268176187712,27.6067172400882,27.6067172400882,27.631842110463,27.5916394226271,27.6167679118797,27.6016915422711,27.5564493982478,27.651937666319,27.5715322863604,27.5363354978248,27.6469141389248,27.6770516890958,27.777447615956,27.7924987130493,27.7724301033211,27.6469141389248,27.7724301033211,27.6569609527223,27.651937666319,27.6418903705064,27.4910650755359,27.5916394226271,27.4608739026253,27.5212475341273,27.6117426966131,27.6720293663216,27.6670068026902,27.6569609527223,27.6167679118797,27.6167679118797,27.6117426966131,27.5966656031286,27.6268176187712,27.6418903705064,27.7122012073196,27.7021596912783,27.6921172126096,27.651937666319,27.5162177292145,27.5212475341273,27.5212475341273,27.5262770971775,27.5463929314253,27.5916394226271,27.5463929314253,27.5011268629649,27.5966656031286,27.7322813525865,27.7322813525865,27.7924987130493,27.6770516890958,27.7122012073196,27.6720293663216,27.4709385956355,27.6619839981682,27.6368663610303,27.6418903705064,27.5916394226271,27.6619839981682,27.5162177292145,27.4004653847288,27.5212475341273,27.4608739026253,27.3803214494867,27.5564493982478,27.5463929314253,27.5463929314253,27.4055007617757,27.4055007617757,27.3349833876879,27.4256398439229,27.475970578825,27.4407416091366,27.6418903705064,27.5212475341273,27.5162177292145,27.4910650755359,27.4155707879898,27.4910650755359,27.4608739026253,27.4910650755359,27.5212475341273,27.4206054372245,27.3803214494867,27.2442481632001,27.3198663256309,27.2392050038562,27.2896256338382,27.1736217380844,27.2240740631453
27.5614772692013,27.3903939025862,27.3450602134443,27.2997068377419,27.4659063702468,27.4256398439229,27.3198663256309,27.4306740081185,27.3601736293342,27.3652109487011,27.355136067025,27.355136067025,27.3702480251596,27.3652109487011,27.3500982617396,27.4558411927372,27.355136067025,27.3198663256309,27.2896256338382,27.4256398439229,27.6067172400882,27.812563481855,28.0530418873914,27.7222417610001,27.5413643354891,27.5262770971775,27.551421285667,27.4910650755359,27.4910650755359,27.6167679118797,27.6368663610303,27.5111876824057,27.6016915422711,27.5564493982478,27.5614772692013,27.5463929314253,27.4306740081185,27.5966656031286,27.6870956122065,27.5413643354891,27.5765594326333,27.6820737710463,27.7824648884334,27.6720293663216,27.7071805696107,27.5815863374129,27.5966656031286,27.6117426966131,27.6016915422711,27.4306740081185,27.5212475341273,27.5212475341273,27.4960960902657,27.4256398439229,27.4810023198492,27.5313064183988,27.8977959483549,27.6921172126096,27.5413643354891,27.551421285667,27.4608739026253,27.5765594326333,27.4155707879898,27.4709385956355,27.5162177292145,27.6770516890958,27.5665048985609,27.5765594326333,27.4558411927372,27.5363354978248,27.4206054372245,27.4810023198492,27.5815863374129,27.6619839981682,27.9929739096901,27.8627086137778,27.9078187463413,27.4960960902657,27.4960960902657,27.5363354978248,27.6619839981682,27.7924987130493,27.7975152652541,27.9428910032239,27.9679354426974,28.1130755441568,27.7975152652541,27.8025315774346,27.7071805696107,27.6670068026902,27.8326244118639,27.7924987130493,27.9028074670123,27.7222417610001,27.7623943574465,27.982959239327,27.7975152652541,27.5765594326333,27.5916394226271,27.5866130007331,27.5966656031286,27.5564493982478,27.5011268629649,27.5413643354891,27.5212475341273,27.4709385956355,27.6067172400882,27.5463929314253,27.5463929314253,27.5262770971775,27.6217928859212,27.5715322863604,27.5966656031286,27.5866130007331,27.7373007876777,27.7373007876777,27.5765594326333,27.8276095391327,27.8025315774346,27.6670068026902,27.7874819207868,27.8627086137778,27.892784190336,28.0530418873914,28.0830630023446,27.9028074670123,27.837639044803,27.8627086137778,27.837639044803,27.7071805696107,27.7473389366228,27.7021596912783,27.7172216044382,27.6268176187712,27.6469141389248,27.6670068026902,27.6720293663216,27.6217928859212,27.5966656031286,27.506157393667,27.6067172400882,27.551421285667,27.6368663610303,27.5866130007331,27.5866130007331,27.5715322863604,27.5212475341273,27.5715322863604,27.5916394226271,27.5715322863604,27.6268176187712,27.6268176187712,27.6217928859212,27.5866130007331,27.6217928859212,27.5162177292145,27.6268176187712,27.5363354978248,27.5715322863604,27.5011268629649,27.5614772692013,27.5966656031286,27.6971385722891,27.7222417610001,27.7172216044382,27.7523576505433,27.6820737710463,27.6619839981682,27.5111876824057,27.6016915422711,27.4960960902657,27.506157393667,27.6067172400882,27.6067172400882,27.6016915422711,27.6820737710463,27.5614772692013,27.5564493982478,27.5614772692013,27.551421285667,27.5815863374129,27.6067172400882,27.5916394226271,27.7975152652541,27.6368663610303,27.6971385722891,27.5765594326333,27.5665048985609,27.5815863374129,27.551421285667,27.5111876824057,27.5614772692013,27.5413643354891,27.5916394226271,27.6016915422711,27.5866130007331,27.5111876824057,27.5463929314253,27.7924987130493,27.8777474797793,27.8025315774346,27.7523576505433,27.6167679118797,27.6368663610303,27.5866130007331,27.6469141389248,27.6167679118797,27.651937666319,27.6368663610303,27.5916394226271,27.4306740081185,27.4357079298451,27.5363354978248,27.5262770971775,27.5564493982478,27.5614772692013,27.4910650755359,27.4206054372245,27.4306740081185,27.3601736293342,27.4055007617757,27.3349833876879,27.475970578825,27.4910650755359,27.5363354978248,27.506157393667,27.4709385956355,27.4659063702468,27.4608739026253,27.4508082405489,27.4810023198492,27.4206054372245,27.4105358961847,27.3954297650103,27.3752848587436,27.3198663256309,27.3349833876879,27.1685751630395,27.2038960613414,27.2089409277006
27.1887599981537,27.3249055894848,27.4155707879898,27.3450602134443,27.4105358961847,27.4155707879898,27.4256398439229,27.4256398439229,27.355136067025,27.4206054372245,27.4055007617757,27.4206054372245,27.3450602134443,27.3500982617396,27.385357797423,27.4608739026253,27.3652109487011,27.4055007617757,27.4155707879898,27.3702480251596,27.8175790741614,28.2330401214815,28.0680535169536,27.551421285667,27.4558411927372,27.475970578825,27.5313064183988,27.5011268629649,27.4357079298451,27.5463929314253,27.5162177292145,27.4508082405489,27.4910650755359,27.5614772692013,27.6770516890958,27.7021596912783,27.5413643354891,27.5011268629649,27.551421285667,27.5614772692013,27.5313064183988,27.5564493982478,27.5665048985609,27.631842110463,27.6670068026902,27.6870956122065,27.7924987130493,27.7373007876777,27.6016915422711,27.5011268629649,27.5212475341273,27.5111876824057,27.5212475341273,27.5162177292145,27.5262770971775,27.5866130007331,27.8075476496238,27.5363354978248,27.4910650755359,27.551421285667,27.5564493982478,27.5463929314253,27.4608739026253,27.5916394226271,27.5111876824057,27.5212475341273,27.5765594326333,27.6067172400882,27.5715322863604,27.4306740081185,27.385357797423,27.5363354978248,27.5815863374129,27.7623943574465,28.1630774149815,27.837639044803,27.7122012073196,27.5815863374129,27.5212475341273,27.4709385956355,27.5413643354891,27.6619839981682,27.8677218086608,28.1030723156867,28.063049878718,27.8827599560813,27.8175790741614,27.8025315774346,27.7523576505433,27.6569609527223,27.5665048985609,27.6870956122065,27.6770516890958,27.7824648884334,27.9428910032239,27.9278614710339,27.8025315774346,27.5966656031286,27.551421285667,27.6268176187712,27.6921172126096,27.5363354978248,27.5212475341273,27.4810023198492,27.5413643354891,27.5313064183988,27.5564493982478,27.5313064183988,27.5111876824057,27.5262770971775,27.5262770971775,27.5463929314253,27.5564493982478,27.6117426966131,27.5765594326333,27.551421285667,27.7222417610001,27.8627086137778,27.7322813525865,27.5916394226271,27.5715322863604,27.8977959483549,28.0380281127715,27.8827599560813,27.8476675914376,27.7222417610001,27.8075476496238,27.6870956122065,27.7373007876777,27.6820737710463,27.551421285667,27.6368663610303,27.551421285667,27.6619839981682,27.6268176187712,27.7172216044382,27.5966656031286,27.6117426966131,27.6670068026902,27.6117426966131,27.651937666319,27.6368663610303,27.651937666319,27.6418903705064,27.5715322863604,27.6016915422711,27.5262770971775,27.5313064183988,27.5614772692013,27.6167679118797,27.5564493982478,27.5212475341273,27.4810023198492,27.6067172400882,27.5463929314253,27.5363354978248,27.4357079298451,27.5614772692013,27.506157393667,27.4508082405489,27.4960960902657,27.5212475341273,27.6418903705064,27.6268176187712,27.7322813525865,27.6268176187712,27.6418903705064,27.5966656031286,27.631842110463,27.6670068026902,27.651937666319,27.6016915422711,27.5011268629649,27.5313064183988,27.6067172400882,27.7071805696107,27.5765594326333,27.6217928859212,27.4810023198492,27.475970578825,27.5564493982478,27.6117426966131,27.6167679118797,27.6217928859212,27.6720293663216,27.6971385722891,27.6820737710463,27.5413643354891,27.5564493982478,27.5665048985609,27.5212475341273,27.5162177292145,27.5564493982478,27.5463929314253,27.5413643354891,27.5715322863604,27.6067172400882,27.5866130007331,27.7122012073196,27.7373007876777,27.8075476496238,27.7473389366228,27.6268176187712,27.6770516890958,27.6217928859212,27.475970578825,27.6368663610303,27.5765594326333,27.4709385956355,27.5111876824057,27.4558411927372,27.4608739026253,27.4860338187415,27.4105358961847,27.5363354978248,27.5614772692013,27.5011268629649,27.4608739026253,27.5011268629649,27.4508082405489,27.340021922105,27.3299446101592,27.4659063702468,27.4508082405489,27.3954297650103,27.5212475341273,27.4357079298451,27.475970578825,27.4206054372245,27.475970578825,27.4206054372245,27.355136067025,27.4155707879898,27.385357797423,27.3198663256309,27.3299446101592,27.193805596602,27.1887599981537,27.193805596602,27.1887599981537
27.4508082405489,27.3299446101592,27.4105358961847,27.385357797423,27.3450602134443,27.4357079298451,27.3198663256309,27.4508082405489,27.4508082405489,27.3652109487011,27.355136067025,27.4206054372245,27.3903939025862,27.3299446101592,27.355136067025,27.4508082405489,27.4256398439229,27.4357079298451,27.385357797423,27.6217928859212,27.8225944265762,27.9028074670123,27.8877721929225,27.6569609527223,27.4206054372245,27.5363354978248,27.4810023198492,27.5463929314253,27.4055007617757,27.4558411927372,27.5162177292145,27.4256398439229,27.5413643354891,27.6217928859212,27.5162177292145,27.5765594326333,27.6720293663216,27.6217928859212,27.5011268629649,27.5765594326333,27.4155707879898,27.5313064183988,27.6770516890958,27.5262770971775,27.5614772692013,27.5866130007331,27.837639044803,27.6469141389248,27.6720293663216,27.506157393667,27.5815863374129,27.4206054372245,27.5111876824057,27.4910650755359,27.5162177292145,27.651937666319,27.6720293663216,27.6418903705064,27.6217928859212,27.5715322863604,27.6117426966131,27.6469141389248,27.6016915422711,27.6418903705064,27.6720293663216,27.5916394226271,27.6217928859212,27.6619839981682,27.5916394226271,27.5162177292145,27.5162177292145,27.5815863374129,27.4709385956355,27.9729436137625,28.1430795199092,27.982959239327,27.6670068026902,27.6670068026902,27.5916394226271,27.7322813525865,27.551421285667,27.6067172400882,27.837639044803,27.7272616770383,27.837639044803,27.8426534379831,27.7473389366228,27.9178405871461,27.8627086137778,27.7373007876777,27.6117426966131,27.506157393667,27.6670068026902,27.7423199823454,27.8476675914376,27.9028074670123,27.8075476496238,27.6217928859212,27.5363354978248,27.6569609527223,27.5765594326333,27.5363354978248,27.4457750460266,27.475970578825,27.5916394226271,27.551421285667,27.5363354978248,27.6217928859212,27.6469141389248,27.6217928859212,27.5916394226271,27.5111876824057,27.4860338187415,27.7222417610001,27.6117426966131,27.7423199823454,27.9178405871461,27.7373007876777,27.6268176187712,27.7071805696107,27.9128297863749,27.982959239327,27.8627086137778,27.8526815051994,28.048037534235,27.7071805696107,27.6770516890958,27.6921172126096,27.6921172126096,27.7423199823454,27.6167679118797,27.631842110463,27.6268176187712,27.5463929314253,27.5564493982478,27.6418903705064,27.7473389366228,27.651937666319,27.6820737710463,27.5715322863604,27.5413643354891,27.6268176187712,27.6569609527223,27.5463929314253,27.5715322863604,27.5866130007331,27.5413643354891,27.5463929314253,27.5262770971775,27.5313064183988,27.5866130007331,27.551421285667,27.5665048985609,27.6067172400882,27.5413643354891,27.5564493982478,27.5111876824057,27.5011268629649,27.4608739026253,27.6016915422711,27.5866130007331,27.6820737710463,27.6770516890958,27.7122012073196,27.8075476496238,27.7122012073196,27.5815863374129,27.6921172126096,27.6770516890958,27.5966656031286,27.4810023198492,27.5815863374129,27.5916394226271,27.6067172400882,27.7021596912783,27.7172216044382,27.7674123504958,27.6268176187712,27.5413643354891,27.5614772692013,27.5413643354891,27.6167679118797,27.651937666319,27.6368663610303,27.6921172126096,27.6720293663216,27.6067172400882,27.651937666319,27.5564493982478,27.651937666319,27.5614772692013,27.5564493982478,27.5363354978248,27.4709385956355,27.5966656031286,27.5966656031286,27.5665048985609,27.6670068026902,27.7322813525865,27.7724301033211,27.7924987130493,27.7172216044382,27.5916394226271,27.7071805696107,27.6670068026902,27.5966656031286,27.6268176187712,27.5815863374129,27.4659063702468,27.4608739026253,27.4457750460266,27.4508082405489,27.5111876824057,27.5262770971775,27.4206054372245,27.4055007617757,27.4357079298451,27.5665048985609,27.4357079298451,27.4608739026253,27.4608739026253,27.4457750460266,27.5011268629649,27.6117426966131,27.6016915422711,27.5162177292145,27.5111876824057,27.4910650755359,27.4306740081185,27.3903939025862,27.4508082405489,27.4306740081185,27.3752848587436,27.340021922105,27.3249055894848,27.355136067025,27.3148268185636,27.2089409277006,27.234161600755,27.2745020022695
27.5966656031286,27.4407416091366,27.4206054372245,27.4004653847288,27.3954297650103,27.4206054372245,27.4004653847288,27.4055007617757,27.4306740081185,27.506157393667,27.355136067025,27.4155707879898,27.3752848587436,27.3954297650103,27.4155707879898,27.4558411927372,27.4357079298451,27.4306740081185,27.4407416091366,27.506157393667,27.6217928859212,28.0380281127715,27.8426534379831,27.5665048985609,27.4457750460266,27.4306740081185,27.5564493982478,27.475970578825,27.506157393667,27.5413643354891,27.6117426966131,27.506157393667,27.6067172400882,27.5665048985609,27.5564493982478,27.5715322863604,27.5614772692013,27.5916394226271,27.6368663610303,27.5212475341273,27.5011268629649,27.5111876824057,27.5162177292145,27.4659063702468,27.3954297650103,27.4810023198492,27.631842110463,27.5463929314253,27.6921172126096,27.4558411927372,27.4457750460266,27.506157393667,27.4457750460266,27.4508082405489,27.4810023198492,27.7975152652541,27.8025315774346,27.5715322863604,27.6268176187712,27.631842110463,27.6870956122065,27.8526815051994,27.6971385722891,27.6971385722891,27.6217928859212,27.4256398439229,27.5011268629649,27.5665048985609,27.5162177292145,27.5815863374129,27.5162177292145,27.4558411927372,27.5212475341273,28.0730569169481,28.0530418873914,27.9378813982687,27.6820737710463,27.5715322863604,27.6720293663216,27.777447615956,27.6469141389248,27.6820737710463,27.6820737710463,27.6368663610303,27.651937666319,27.6167679118797,27.7071805696107,27.8977959483549,27.8526815051994,27.6117426966131,27.5715322863604,27.4659063702468,27.5966656031286,27.6720293663216,27.7975152652541,27.892784190336,27.6016915422711,27.5815863374129,27.4105358961847,27.6368663610303,27.6067172400882,27.5313064183988,27.4608739026253,27.5413643354891,27.5363354978248,27.5413643354891,27.5564493982478,27.651937666319,27.7874819207868,27.6167679118797,27.4860338187415,27.5413643354891,27.5715322863604,27.5916394226271,27.6067172400882,27.8677218086608,27.8677218086608,27.5966656031286,27.6067172400882,27.5463929314253,27.8426534379831,28.0380281127715,27.8426534379831,27.8877721929225,27.7222417610001,27.6670068026902,27.5815863374129,27.6770516890958,27.6469141389248,27.7071805696107,27.7071805696107,27.6368663610303,27.7272616770383,27.6418903705064,27.5363354978248,27.5866130007331,27.6569609527223,27.7573761241401,27.6117426966131,27.7021596912783,27.6368663610303,27.6418903705064,27.5665048985609,27.5363354978248,27.5866130007331,27.5614772692013,27.551421285667,27.4558411927372,27.4860338187415,27.5363354978248,27.5262770971775,27.506157393667,27.5966656031286,27.5111876824057,27.5262770971775,27.5212475341273,27.5765594326333,27.4558411927372,27.4810023198492,27.475970578825,27.4860338187415,27.631842110463,27.7322813525865,27.6167679118797,27.6870956122065,27.651937666319,27.6418903705064,27.5966656031286,27.5665048985609,27.6820737710463,27.5916394226271,27.5212475341273,27.3702480251596,27.5614772692013,27.7071805696107,27.6368663610303,27.6268176187712,27.6418903705064,27.5363354978248,27.5715322863604,27.5413643354891,27.4709385956355,27.5162177292145,27.5262770971775,27.6016915422711,27.5313064183988,27.5313064183988,27.6469141389248,27.6418903705064,27.6217928859212,27.5966656031286,27.6117426966131,27.3903939025862,27.6167679118797,27.6067172400882,27.6067172400882,27.7473389366228,27.5966656031286,27.6770516890958,27.6217928859212,27.6870956122065,27.6469141389248,27.6971385722891,27.5665048985609,27.5916394226271,27.5815863374129,27.5765594326333,27.5614772692013,27.5413643354891,27.5162177292145,27.4256398439229,27.5111876824057,27.4558411927372,27.506157393667,27.4810023198492,27.5313064183988,27.5564493982478,27.4508082405489,27.4306740081185,27.4508082405489,27.3249055894848,27.4709385956355,27.5262770971775,27.4860338187415,27.4910650755359,27.4910650755359,27.4960960902657,27.5162177292145,27.4910650755359,27.4910650755359,27.4709385956355,27.4457750460266,27.3954297650103,27.340021922105,27.3450602134443,27.309787068249,27.2291179538628,27.2492910788209,27.1635283437601,27.2089409277006
27.385357797423,27.385357797423,27.3903939025862,27.3752848587436,27.4155707879898,27.3601736293342,27.4055007617757,27.3349833876879,27.4004653847288,27.4306740081185,27.2795434562661,27.4055007617757,27.4306740081185,27.4306740081185,27.3148268185636,27.2896256338382,27.4004653847288,27.385357797423,27.4004653847288,27.5363354978248,27.7021596912783,27.8977959483549,27.6067172400882,27.4055007617757,27.4105358961847,27.4004653847288,27.3954297650103,27.3752848587436,27.4206054372245,27.4105358961847,27.4608739026253,27.5413643354891,27.3752848587436,27.4105358961847,27.4508082405489,27.4155707879898,27.4508082405489,27.5765594326333,27.5413643354891,27.5011268629649,27.3652109487011,27.4306740081185,27.4407416091366,27.4256398439229,27.4659063702468,27.475970578825,27.4860338187415,27.4910650755359,27.5162177292145,27.4860338187415,27.4306740081185,27.4810023198492,27.3702480251596,27.5614772692013,27.6770516890958,27.8075476496238,27.5162177292145,27.5916394226271,27.4508082405489,27.5363354978248,27.6217928859212,27.6067172400882,27.6670068026902,27.6770516890958,27.6971385722891,27.7172216044382,27.6016915422711,27.506157393667,27.5715322863604,27.4910650755359,27.506157393667,27.4810023198492,27.5966656031286,28.0530418873914,28.0780600787342,27.8426534379831,27.5765594326333,27.8225944265762,27.8526815051994,27.8526815051994,27.5815863374129,27.4256398439229,27.5866130007331,27.4709385956355,27.4810023198492,27.6016915422711,27.7222417610001,28.0280177375547,27.6469141389248,27.6670068026902,27.5665048985609,27.5916394226271,27.651937666319,27.6870956122065,27.7874819207868,27.8225944265762,27.7523576505433,27.385357797423,27.3903939025862,27.5665048985609,27.631842110463,27.5614772692013,27.4306740081185,27.551421285667,27.5564493982478,27.5313064183988,27.5765594326333,27.6268176187712,27.5463929314253,27.551421285667,27.5564493982478,27.551421285667,27.7071805696107,27.5363354978248,27.6971385722891,27.6971385722891,27.7322813525865,27.7021596912783,27.651937666319,27.6670068026902,27.9479003691149,27.8225944265762,27.7272616770383,27.6971385722891,27.5665048985609,27.4860338187415,27.6016915422711,27.651937666319,27.7874819207868,27.7021596912783,27.6469141389248,27.6368663610303,27.5966656031286,27.6268176187712,27.6368663610303,27.5966656031286,27.7573761241401,27.7373007876777,27.7473389366228,27.7573761241401,27.6418903705064,27.6418903705064,27.6268176187712,27.5011268629649,27.5262770971775,27.6770516890958,27.5413643354891,27.5363354978248,27.5463929314253,27.5463929314253,27.5363354978248,27.5463929314253,27.5815863374129,27.5765594326333,27.5162177292145,27.5111876824057,27.5916394226271,27.6016915422711,27.5011268629649,27.4810023198492,27.6167679118797,27.6770516890958,27.6670068026902,27.631842110463,27.7071805696107,27.7021596912783,27.6770516890958,27.5715322863604,27.6720293663216,27.6921172126096,27.6016915422711,27.5614772692013,27.5463929314253,27.5715322863604,27.5665048985609,27.631842110463,27.6268176187712,27.6619839981682,27.651937666319,27.5815863374129,27.5715322863604,27.5262770971775,27.4508082405489,27.4407416091366,27.5162177292145,27.5413643354891,27.5212475341273,27.6670068026902,27.5262770971775,27.6770516890958,27.6016915422711,27.5966656031286,27.5966656031286,27.5966656031286,27.7272616770383,27.7423199823454,27.6720293663216,27.7071805696107,27.7373007876777,27.6268176187712,27.6067172400882,27.7222417610001,27.5916394226271,27.5715322863604,27.5715322863604,27.5162177292145,27.5715322863604,27.6016915422711,27.4860338187415,27.4860338187415,27.4709385956355,27.4206054372245,27.4810023198492,27.4508082405489,27.4407416091366,27.4306740081185,27.3803214494867,27.4055007617757,27.3249055894848,27.4155707879898,27.4608739026253,27.506157393667,27.475970578825,27.5212475341273,27.4910650755359,27.4860338187415,27.4910650755359,27.4608739026253,27.4306740081185,27.4004653847288,27.3803214494867,27.3450602134443,27.4256398439229,27.3702480251596,27.3047470746531,27.2492910788209,27.2392050038562,27.1988509509866,27.193805596602,27.1988509509866
27.4105358961847,27.4407416091366,27.3903939025862,27.385357797423,27.3601736293342,27.385357797423,27.3148268185636,27.3652109487011,27.4206054372245,27.4155707879898,27.2896256338382,27.2089409277006,27.385357797423,27.309787068249,27.4256398439229,27.3299446101592,27.309787068249,27.3500982617396,27.3903939025862,27.4860338187415,27.6217928859212,27.8476675914376,27.506157393667,27.4004653847288,27.5212475341273,27.3752848587436,27.4206054372245,27.4357079298451,27.3702480251596,27.3702480251596,27.4105358961847,27.4960960902657,27.4105358961847,27.4256398439229,27.4055007617757,27.4155707879898,27.4306740081185,27.5212475341273,27.631842110463,27.4407416091366,27.4004653847288,27.4256398439229,27.4357079298451,27.4608739026253,27.4155707879898,27.4407416091366,27.4508082405489,27.4659063702468,27.4155707879898,27.5011268629649,27.4960960902657,27.6469141389248,27.5614772692013,27.5966656031286,27.6268176187712,27.7623943574465,27.5363354978248,27.6418903705064,27.5866130007331,27.5011268629649,27.5313064183988,27.6569609527223,27.5866130007331,27.6670068026902,27.6167679118797,27.6720293663216,27.5866130007331,27.475970578825,27.4810023198492,27.5463929314253,27.6217928859212,27.551421285667,27.7824648884334,28.1030723156867,28.2130555239183,27.8175790741614,28.0930681351701,28.1280786023483,28.0330230443987,27.7874819207868,27.5564493982478,27.5866130007331,27.6670068026902,27.5011268629649,27.5564493982478,27.5966656031286,27.8075476496238,28.0130003858666,27.7924987130493,27.6016915422711,27.4608739026253,27.6067172400882,27.6619839981682,27.6569609527223,27.7874819207868,27.7924987130493,27.651937666319,27.3903939025862,27.506157393667,27.651937666319,27.5614772692013,27.5765594326333,27.551421285667,27.5815863374129,27.5212475341273,27.7172216044382,27.7724301033211,27.777447615956,27.7623943574465,27.6117426966131,27.6217928859212,27.6117426966131,27.6217928859212,27.6971385722891,27.8476675914376,27.5815863374129,27.6117426966131,27.8727347639835,27.8977959483549,27.9729436137625,27.9529094959747,27.812563481855,27.8276095391327,27.6167679118797,27.5916394226271,27.6067172400882,27.7674123504958,27.7373007876777,27.6820737710463,27.6167679118797,27.6670068026902,27.7373007876777,27.8276095391327,27.6217928859212,27.7573761241401,27.8175790741614,27.7573761241401,27.8627086137778,27.7523576505433,27.7523576505433,27.6469141389248,27.651937666319,27.5765594326333,27.551421285667,27.5212475341273,27.651937666319,27.4709385956355,27.5463929314253,27.5413643354891,27.6016915422711,27.5463929314253,27.5715322863604,27.5111876824057,27.5966656031286,27.4960960902657,27.5162177292145,27.5966656031286,27.6067172400882,27.4659063702468,27.4960960902657,27.506157393667,27.6418903705064,27.7172216044382,27.6469141389248,27.6469141389248,27.7021596912783,27.6870956122065,27.6820737710463,27.7071805696107,27.7623943574465,27.7322813525865,27.631842110463,27.506157393667,27.5313064183988,27.4357079298451,27.4407416091366,27.4457750460266,27.631842110463,27.5363354978248,27.651937666319,27.5313064183988,27.5966656031286,27.5866130007331,27.506157393667,27.6117426966131,27.5916394226271,27.5966656031286,27.5815863374129,27.7172216044382,27.631842110463,27.4659063702468,27.475970578825,27.6368663610303,27.7473389366228,27.7222417610001,27.7222417610001,27.8075476496238,27.5966656031286,27.6720293663216,27.6921172126096,27.7172216044382,27.5966656031286,27.6820737710463,27.5363354978248,27.3500982617396,27.4910650755359,27.5262770971775,27.5011268629649,27.5262770971775,27.506157393667,27.4055007617757,27.4810023198492,27.4960960902657,27.3903939025862,27.385357797423,27.4457750460266,27.4206054372245,27.3954297650103,27.4659063702468,27.4558411927372,27.4709385956355,27.475970578825,27.3249055894848,27.5313064183988,27.4960960902657,27.385357797423,27.5262770971775,27.3198663256309,27.4256398439229,27.4558411927372,27.4155707879898,27.385357797423,27.4357079298451,27.309787068249,27.340021922105,27.309787068249,27.2291179538628,27.2694603047538,27.2038960613414,27.1988509509866
27.3803214494867,27.2896256338382,27.3702480251596,27.3349833876879,27.3803214494867,27.1837141556074,27.3198663256309,27.3299446101592,27.4256398439229,27.355136067025,27.4206054372245,27.4004653847288,27.309787068249,27.3047470746531,27.355136067025,27.2492910788209,27.3752848587436,27.3500982617396,27.4457750460266,27.4508082405489,27.4810023198492,27.5212475341273,27.5212475341273,27.506157393667,27.3752848587436,27.4004653847288,27.4055007617757,27.4910650755359,27.3450602134443,27.3450602134443,27.3652109487011,27.3954297650103,27.4608739026253,27.4508082405489,27.4155707879898,27.4004653847288,27.5011268629649,27.5111876824057,27.4810023198492,27.4810023198492,27.5011268629649,27.4256398439229,27.4508082405489,27.3954297650103,27.4608739026253,27.3198663256309,27.4508082405489,27.4659063702468,27.4004653847288,27.4055007617757,27.4357079298451,27.4810023198492,27.5011268629649,27.5011268629649,27.7674123504958,27.7674123504958,27.6217928859212,27.4960960902657,27.4960960902657,27.5162177292145,27.5564493982478,27.6167679118797,27.6217928859212,27.6217928859212,27.4558411927372,27.5614772692013,27.475970578825,27.5715322863604,27.4457750460266,27.475970578825,27.5011268629649,27.4960960902657,28.048037534235,28.1930671296786,28.342887635646,28.2380356778862,28.2729979349236,28.063049878718,27.9028074670123,27.7222417610001,27.551421285667,27.6469141389248,27.7724301033211,27.6469141389248,27.5011268629649,27.5614772692013,27.8225944265762,27.9679354426974,27.7874819207868,27.5765594326333,27.5614772692013,27.6167679118797,27.6619839981682,27.631842110463,27.5966656031286,27.5614772692013,27.5162177292145,27.551421285667,27.551421285667,27.7724301033211,27.5966656031286,27.7021596912783,27.7021596912783,27.5916394226271,27.6217928859212,27.7071805696107,27.7322813525865,27.7623943574465,27.7021596912783,27.6619839981682,27.651937666319,27.7975152652541,27.8276095391327,27.9579183838364,27.5363354978248,27.551421285667,27.6870956122065,27.7423199823454,27.9679354426974,27.8526815051994,27.6569609527223,27.651937666319,27.631842110463,27.6217928859212,27.7172216044382,27.7322813525865,27.6268176187712,27.6569609527223,27.7975152652541,27.6217928859212,27.6016915422711,27.6117426966131,27.6016915422711,27.6217928859212,27.6067172400882,27.6619839981682,27.7623943574465,27.7373007876777,27.8175790741614,27.651937666319,27.6670068026902,27.6418903705064,27.651937666319,27.5463929314253,27.5313064183988,27.5463929314253,27.5162177292145,27.4659063702468,27.5564493982478,27.5815863374129,27.5463929314253,27.5715322863604,27.5765594326333,27.6820737710463,27.5966656031286,27.5916394226271,27.4709385956355,27.5815863374129,27.506157393667,27.5564493982478,27.5413643354891,27.5916394226271,27.5866130007331,27.651937666319,27.7824648884334,27.7322813525865,27.7573761241401,27.8175790741614,27.7473389366228,27.7373007876777,27.8225944265762,27.6268176187712,27.551421285667,27.631842110463,27.5111876824057,27.4860338187415,27.5262770971775,27.5262770971775,27.6569609527223,27.6469141389248,27.5614772692013,27.6167679118797,27.5916394226271,27.4910650755359,27.4910650755359,27.5715322863604,27.6268176187712,27.5815863374129,27.4860338187415,27.5866130007331,27.6368663610303,27.6268176187712,27.6167679118797,27.6268176187712,27.7523576505433,27.8827599560813,27.8175790741614,27.8426534379831,27.6921172126096,27.7272616770383,27.6921172126096,27.6569609527223,27.551421285667,27.4960960902657,27.4659063702468,27.5866130007331,27.5765594326333,27.506157393667,27.4910650755359,27.4055007617757,27.4709385956355,27.4608739026253,27.4206054372245,27.4105358961847,27.4256398439229,27.3652109487011,27.4256398439229,27.4659063702468,27.4155707879898,27.5363354978248,27.475970578825,27.4910650755359,27.475970578825,27.4910650755359,27.631842110463,27.5162177292145,27.506157393667,27.4960960902657,27.4709385956355,27.4558411927372,27.4407416091366,27.4256398439229,27.340021922105,27.4457750460266,27.4105358961847,27.2946663574817,27.1988509509866,27.2240740631453,27.2240740631453,27.178668068929
27.2745020022695,27.3047470746531,27.355136067025,27.3500982617396,27.3299446101592,27.3299446101592,27.355136067025,27.3500982617396,27.355136067025,27.3652109487011,27.3752848587436,27.3954297650103,27.2795434562661,27.2997068377419,27.2442481632001,27.2644183636851,27.2694603047538,27.4357079298451,27.4810023198492,27.3803214494867,27.4659063702468,27.5665048985609,27.631842110463,27.4306740081185,27.5665048985609,27.4256398439229,27.506157393667,27.4659063702468,27.4457750460266,27.3450602134443,27.2543337507527,27.4004653847288,27.4256398439229,27.3752848587436,27.3954297650103,27.4256398439229,27.4407416091366,27.5413643354891,27.5313064183988,27.3752848587436,27.4155707879898,27.3803214494867,27.4306740081185,27.3954297650103,27.4709385956355,27.3500982617396,27.4306740081185,27.3601736293342,27.4457750460266,27.3702480251596,27.4055007617757,27.5162177292145,27.6067172400882,27.8827599560813,27.8175790741614,27.6368663610303,27.5011268629649,27.4910650755359,27.475970578825,27.4960960902657,27.5313064183988,27.5363354978248,27.5614772692013,27.4709385956355,27.4860338187415,27.4659063702468,27.4155707879898,27.4810023198492,27.4558411927372,27.4709385956355,27.4306740081185,27.7975152652541,28.1930671296786,28.327915175609,28.347877982722,28.342887635646,28.1180768014564,27.8025315774346,27.7473389366228,27.6067172400882,27.5866130007331,27.7573761241401,27.7724301033211,27.4910650755359,27.5916394226271,27.7322813525865,28.0280177375547,27.7975152652541,27.777447615956,27.5866130007331,27.6217928859212,27.6619839981682,27.6820737710463,27.7824648884334,27.6870956122065,27.506157393667,27.5966656031286,27.8426534379831,27.8727347639835,27.8476675914376,27.8627086137778,27.837639044803,27.6820737710463,27.5212475341273,27.6870956122065,27.7172216044382,27.7222417610001,27.7172216044382,27.7523576505433,27.7272616770383,27.6971385722891,27.8576951793018,28.063049878718,27.8777474797793,27.6770516890958,27.7122012073196,27.8777474797793,27.9579183838364,27.7824648884334,27.7071805696107,27.6368663610303,27.6117426966131,27.7824648884334,27.6770516890958,27.7623943574465,27.8476675914376,27.7975152652541,27.6016915422711,27.6469141389248,27.6720293663216,27.7272616770383,27.6418903705064,27.5966656031286,27.5313064183988,27.631842110463,27.6770516890958,27.8225944265762,27.6569609527223,27.651937666319,27.6418903705064,27.6016915422711,27.5916394226271,27.6619839981682,27.6016915422711,27.6016915422711,27.5413643354891,27.5715322863604,27.5111876824057,27.5111876824057,27.5815863374129,27.5011268629649,27.5966656031286,27.5765594326333,27.6217928859212,27.6770516890958,27.5665048985609,27.6167679118797,27.475970578825,27.4608739026253,27.475970578825,27.4910650755359,27.6016915422711,27.5966656031286,27.7623943574465,27.7272616770383,27.7172216044382,27.8025315774346,27.7473389366228,27.8627086137778,27.8276095391327,27.7523576505433,27.6016915422711,27.5866130007331,27.5111876824057,27.4457750460266,27.5413643354891,27.506157393667,27.5313064183988,27.551421285667,27.6268176187712,27.5262770971775,27.6016915422711,27.5162177292145,27.5011268629649,27.5162177292145,27.6217928859212,27.4960960902657,27.5162177292145,27.5363354978248,27.5916394226271,27.6117426966131,27.5815863374129,27.5815863374129,27.8225944265762,27.6820737710463,27.9078187463413,27.892784190336,27.9178405871461,27.7824648884334,27.7623943574465,27.7473389366228,27.6720293663216,27.6167679118797,27.4910650755359,27.506157393667,27.5966656031286,27.6418903705064,27.5916394226271,27.4256398439229,27.4256398439229,27.4206054372245,27.4357079298451,27.5363354978248,27.4105358961847,27.4004653847288,27.4206054372245,27.3752848587436,27.4306740081185,27.4407416091366,27.4709385956355,27.4810023198492,27.4860338187415,27.4860338187415,27.5212475341273,27.506157393667,27.6368663610303,27.5916394226271,27.475970578825,27.4457750460266,27.4558411927372,27.4407416091366,27.4457750460266,27.3450602134443,27.3601736293342,27.2291179538628,27.3249055894848,27.2038960613414,27.2038960613414,27.1988509509866,27.2845846667777
27.3652109487011,27.3702480251596,27.3752848587436,27.340021922105,27.3249055894848,27.3652109487011,27.3954297650103,27.4155707879898,27.2694603047538,27.2644183636851,27.3047470746531,27.385357797423,27.2896256338382,27.3652109487011,27.4256398439229,27.2745020022695,27.2795434562661,27.3752848587436,27.4709385956355,27.4709385956355,27.4407416091366,27.5212475341273,27.6770516890958,27.5212475341273,27.4357079298451,27.3803214494867,27.4357079298451,27.4206054372245,27.4155707879898,27.3349833876879,27.3601736293342,27.3450602134443,27.4608739026253,27.4608739026253,27.4055007617757,27.4206054372245,27.4256398439229,27.5463929314253,27.551421285667,27.5463929314253,27.4659063702468,27.4407416091366,27.4810023198492,27.4960960902657,27.4055007617757,27.4357079298451,27.4357079298451,27.3198663256309,27.4910650755359,27.355136067025,27.5313064183988,27.5111876824057,27.8526815051994,27.8225944265762,27.7573761241401,27.5162177292145,27.4659063702468,27.4608739026253,27.475970578825,27.4508082405489,27.5413643354891,27.5162177292145,27.5614772692013,27.5262770971775,27.4960960902657,27.4608739026253,27.4860338187415,27.4558411927372,27.3903939025862,27.4457750460266,27.4960960902657,28.0830630023446,28.277991595206,28.4625907807171,28.4576058629756,28.1630774149815,27.7322813525865,27.6067172400882,27.6418903705064,27.6167679118797,27.5916394226271,27.9278614710339,27.7021596912783,27.5011268629649,27.4709385956355,27.5815863374129,27.9779515459613,27.7172216044382,27.5614772692013,27.4910650755359,27.5313064183988,27.6067172400882,27.7573761241401,27.8025315774346,27.7222417610001,27.5162177292145,27.8677218086608,27.6720293663216,27.8827599560813,27.9178405871461,27.8627086137778,27.5966656031286,27.7272616770383,27.5413643354891,27.6720293663216,27.5262770971775,27.6117426966131,27.7172216044382,27.7222417610001,27.7172216044382,27.7473389366228,27.8075476496238,28.063049878718,27.5715322863604,27.6770516890958,27.8777474797793,28.0380281127715,27.7172216044382,27.7523576505433,27.7272616770383,27.6117426966131,27.6016915422711,27.7523576505433,27.8576951793018,27.8576951793018,27.7122012073196,27.7423199823454,27.6016915422711,27.777447615956,27.6720293663216,27.6569609527223,27.6418903705064,27.5363354978248,27.6217928859212,27.7272616770383,27.7623943574465,27.5866130007331,27.6569609527223,27.651937666319,27.6117426966131,27.5966656031286,27.5463929314253,27.5413643354891,27.5765594326333,27.5313064183988,27.5815863374129,27.631842110463,27.5212475341273,27.5765594326333,27.5262770971775,27.4810023198492,27.506157393667,27.5715322863604,27.631842110463,27.6117426966131,27.5463929314253,27.475970578825,27.5463929314253,27.5665048985609,27.6368663610303,27.6067172400882,27.5313064183988,27.5866130007331,27.6016915422711,27.6368663610303,27.6820737710463,27.7523576505433,27.7423199823454,27.7623943574465,27.6921172126096,27.6217928859212,27.5665048985609,27.6670068026902,27.6117426966131,27.5815863374129,27.4407416091366,27.4910650755359,27.6217928859212,27.5765594326333,27.551421285667,27.5564493982478,27.4558411927372,27.5212475341273,27.4860338187415,27.4910650755359,27.5212475341273,27.5815863374129,27.6368663610303,27.6016915422711,27.5665048985609,27.6418903705064,27.5866130007331,27.6770516890958,27.8326244118639,27.837639044803,27.8576951793018,27.837639044803,27.7874819207868,27.7623943574465,27.8326244118639,27.7924987130493,27.6368663610303,27.6217928859212,27.7122012073196,27.5665048985609,27.6368663610303,27.6368663610303,27.5614772692013,27.4558411927372,27.5413643354891,27.4407416091366,27.4659063702468,27.4055007617757,27.2745020022695,27.4256398439229,27.4105358961847,27.3601736293342,27.5262770971775,27.4910650755359,27.5111876824057,27.4860338187415,27.5262770971775,27.506157393667,27.4860338187415,27.4709385956355,27.4558411927372,27.4810023198492,27.5665048985609,27.5212475341273,27.5614772692013,27.506157393667,27.3500982617396,27.4457750460266,27.3299446101592,27.2694603047538,27.2139855500982,27.2795434562661,27.2997068377419,27.2038960613414,27.2089409277006
27.3249055894848,27.1685751630395,27.3500982617396,27.3702480251596,27.3601736293342,27.3249055894848,27.3702480251596,27.3500982617396,27.3349833876879,27.3148268185636,27.385357797423,27.340021922105,27.2593761790295,27.4004653847288,27.4055007617757,27.2694603047538,27.3903939025862,27.385357797423,27.4004653847288,27.4457750460266,27.4457750460266,27.4810023198492,27.6067172400882,27.5162177292145,27.4306740081185,27.4910650755359,27.4206054372245,27.3198663256309,27.3349833876879,27.3148268185636,27.2089409277006,27.3500982617396,27.4206054372245,27.3803214494867,27.4457750460266,27.4709385956355,27.4910650755359,27.4004653847288,27.551421285667,27.4457750460266,27.4709385956355,27.309787068249,27.4407416091366,27.4357079298451,27.3954297650103,27.4558411927372,27.3652109487011,27.3601736293342,27.5111876824057,27.5212475341273,27.5966656031286,27.9479003691149,27.9479003691149,27.9228511486881,27.8175790741614,27.5212475341273,27.4860338187415,27.475970578825,27.4709385956355,27.4508082405489,27.4960960902657,27.6418903705064,27.5463929314253,27.4206054372245,27.5463929314253,27.4810023198492,27.4457750460266,27.4407416091366,27.385357797423,27.5111876824057,27.7373007876777,28.332906232122,28.4675754627885,28.6916427592519,28.1880694376433,27.8777474797793,27.7122012073196,27.6117426966131,27.4508082405489,27.4608739026253,27.6820737710463,27.7824648884334,27.551421285667,27.6067172400882,27.5413643354891,27.7423199823454,27.8276095391327,27.7071805696107,27.5715322863604,27.5916394226271,27.7423199823454,27.6368663610303,27.8977959483549,27.7924987130493,27.8025315774346,28.0180064083215,27.9479003691149,27.9428910032239,28.0079941248089,27.962927032733,27.7824648884334,27.631842110463,27.5815863374129,27.551421285667,27.5765594326333,27.6167679118797,27.5765594326333,27.5815863374129,27.5765594326333,27.7423199823454,27.8827599560813,27.8677218086608,28.0280177375547,27.6268176187712,28.048037534235,28.0380281127715,28.0280177375547,27.8627086137778,27.8426534379831,27.8225944265762,27.7473389366228,27.7623943574465,27.8677218086608,27.7272616770383,27.631842110463,27.6418903705064,27.6016915422711,27.6368663610303,27.651937666319,27.6418903705064,27.6217928859212,27.551421285667,27.6268176187712,27.6418903705064,27.7423199823454,27.7172216044382,27.5866130007331,27.5916394226271,27.6217928859212,27.6770516890958,27.6117426966131,27.6067172400882,27.6670068026902,27.6619839981682,27.5313064183988,27.6167679118797,27.6368663610303,27.5765594326333,27.5363354978248,27.4910650755359,27.4910650755359,27.5262770971775,27.5463929314253,27.6469141389248,27.5363354978248,27.5011268629649,27.4709385956355,27.5363354978248,27.4508082405489,27.4810023198492,27.5966656031286,27.5665048985609,27.5916394226271,27.6016915422711,27.7122012073196,27.6268176187712,27.7222417610001,27.7322813525865,27.7523576505433,27.5866130007331,27.6820737710463,27.6067172400882,27.5665048985609,27.551421285667,27.5212475341273,27.4407416091366,27.4457750460266,27.5463929314253,27.4960960902657,27.5011268629649,27.4558411927372,27.5665048985609,27.4457750460266,27.5765594326333,27.475970578825,27.5564493982478,27.5363354978248,27.4910650755359,27.5162177292145,27.5564493982478,27.631842110463,27.6921172126096,27.6368663610303,27.777447615956,27.7021596912783,27.7623943574465,27.6921172126096,27.7322813525865,27.6268176187712,27.8276095391327,27.7122012073196,27.8225944265762,27.7071805696107,27.7222417610001,27.6720293663216,27.631842110463,27.6619839981682,27.5463929314253,27.4357079298451,27.4306740081185,27.4558411927372,27.4357079298451,27.475970578825,27.4155707879898,27.3954297650103,27.4055007617757,27.475970578825,27.475970578825,27.5011268629649,27.4860338187415,27.4659063702468,27.5162177292145,27.506157393667,27.4810023198492,27.6368663610303,27.6418903705064,27.4960960902657,27.5162177292145,27.4810023198492,27.4357079298451,27.4457750460266,27.3349833876879,27.3299446101592,27.3299446101592,27.2190299285684,27.3249055894848,27.2946663574817,27.355136067025,27.1635283437601,27.2089409277006
27.1685751630395,27.2543337507527,27.3299446101592,27.3349833876879,27.3752848587436,27.3652109487011,27.340021922105,27.340021922105,27.309787068249,27.2543337507527,27.3601736293342,27.234161600755,27.3249055894848,27.3702480251596,27.385357797423,27.355136067025,27.3702480251596,27.4105358961847,27.506157393667,27.3702480251596,27.3601736293342,27.5363354978248,27.7373007876777,27.4960960902657,27.4910650755359,27.385357797423,27.4357079298451,27.2240740631453,27.3450602134443,27.2795434562661,27.309787068249,27.3500982617396,27.3299446101592,27.475970578825,27.4709385956355,27.340021922105,27.475970578825,27.475970578825,27.5111876824057,27.4105358961847,27.4558411927372,27.3349833876879,27.4558411927372,27.4306740081185,27.5212475341273,27.3954297650103,27.3803214494867,27.4860338187415,27.4457750460266,27.6820737710463,27.8025315774346,27.7473389366228,27.8276095391327,27.7021596912783,27.7122012073196,27.6921172126096,27.5212475341273,27.5413643354891,27.4960960902657,27.5111876824057,27.4709385956355,27.5665048985609,27.6067172400882,27.4407416091366,27.4457750460266,27.5011268629649,27.4960960902657,27.506157393667,27.475970578825,27.7322813525865,28.218052029166,28.676719725948,28.6617945840412,28.2729979349236,27.8977959483549,27.6770516890958,27.6217928859212,27.6167679118797,27.4256398439229,27.4508082405489,27.6016915422711,27.6167679118797,27.6368663610303,27.5413643354891,27.551421285667,27.8075476496238,27.7623943574465,27.5463929314253,27.5665048985609,27.5463929314253,27.5966656031286,27.7122012073196,27.9729436137625,27.9128297863749,27.8075476496238,27.6770516890958,27.8276095391327,28.0079941248089,28.0230121922066,27.812563481855,27.7674123504958,27.6368663610303,27.6067172400882,27.5765594326333,27.5162177292145,27.4960960902657,27.5815863374129,27.5212475341273,27.5564493982478,27.7172216044382,27.8777474797793,28.0930681351701,27.9679354426974,27.8526815051994,28.043032942706,27.8526815051994,27.7874819207868,27.6016915422711,27.6167679118797,27.6217928859212,27.8777474797793,27.8777474797793,27.8075476496238,27.7924987130493,27.7071805696107,27.6217928859212,27.5866130007331,27.5715322863604,27.5665048985609,27.5463929314253,27.5413643354891,27.6368663610303,27.6619839981682,27.7473389366228,27.7322813525865,27.7623943574465,27.7272616770383,27.7172216044382,27.6921172126096,27.7172216044382,27.6870956122065,27.6770516890958,27.6167679118797,27.6117426966131,27.5413643354891,27.631842110463,27.5363354978248,27.5866130007331,27.5162177292145,27.4860338187415,27.475970578825,27.4659063702468,27.5866130007331,27.651937666319,27.5815863374129,27.5463929314253,27.5866130007331,27.4508082405489,27.5916394226271,27.7172216044382,27.5715322863604,27.4558411927372,27.4910650755359,27.5916394226271,27.6117426966131,27.5916394226271,27.6217928859212,27.7423199823454,27.6167679118797,27.7373007876777,27.6971385722891,27.7071805696107,27.6016915422711,27.6670068026902,27.6117426966131,27.5966656031286,27.551421285667,27.4659063702468,27.4306740081185,27.5011268629649,27.5715322863604,27.4960960902657,27.5614772692013,27.4457750460266,27.4910650755359,27.4910650755359,27.5866130007331,27.5212475341273,27.6971385722891,27.777447615956,27.7874819207868,27.777447615956,27.8827599560813,27.8526815051994,27.7172216044382,27.6971385722891,27.6820737710463,27.7322813525865,27.7122012073196,27.8225944265762,27.6820737710463,27.6870956122065,27.6921172126096,27.6268176187712,27.6469141389248,27.5815863374129,27.6067172400882,27.551421285667,27.5916394226271,27.4306740081185,27.5011268629649,27.4508082405489,27.4508082405489,27.4055007617757,27.5262770971775,27.5212475341273,27.4709385956355,27.5212475341273,27.5866130007331,27.6016915422711,27.551421285667,27.551421285667,27.5162177292145,27.5162177292145,27.475970578825,27.551421285667,27.506157393667,27.5413643354891,27.4256398439229,27.4105358961847,27.4860338187415,27.475970578825,27.3702480251596,27.3702480251596,27.3803214494867,27.355136067025,27.2946663574817,27.3047470746531,27.2543337507527,27.2543337507527
27.3752848587436,27.385357797423,27.3198663256309,27.3148268185636,27.2845846667777,27.2946663574817,27.3702480251596,27.3803214494867,27.2139855500982,27.2946663574817,27.3702480251596,27.2240740631453,27.2795434562661,27.3601736293342,27.3601736293342,27.3349833876879,27.3198663256309,27.3349833876879,27.3652109487011,27.3702480251596,27.4256398439229,27.5715322863604,27.5815863374129,27.4306740081185,27.4206054372245,27.2795434562661,27.3349833876879,27.355136067025,27.3349833876879,27.2795434562661,27.2896256338382,27.3450602134443,27.3198663256309,27.3601736293342,27.4558411927372,27.3047470746531,27.4306740081185,27.4558411927372,27.3198663256309,27.4256398439229,27.355136067025,27.4256398439229,27.309787068249,27.4558411927372,27.4457750460266,27.4206054372245,27.4055007617757,27.3601736293342,27.4508082405489,27.9729436137625,27.6870956122065,27.6368663610303,27.631842110463,27.5564493982478,27.5212475341273,27.5363354978248,27.6971385722891,27.6469141389248,27.4960960902657,27.4810023198492,27.5011268629649,27.5011268629649,27.4306740081185,27.4709385956355,27.4206054372245,27.4105358961847,27.4659063702468,27.5111876824057,27.506157393667,27.8777474797793,28.4376638346625,28.6418911132907,28.4725599092219,28.1130755441568,28.0380281127715,27.9378813982687,28.0730569169481,27.8677218086608,27.6569609527223,27.5966656031286,27.5966656031286,27.631842110463,27.6418903705064,27.5463929314253,27.5413643354891,27.837639044803,27.8476675914376,27.5363354978248,27.5212475341273,27.5413643354891,27.8576951793018,27.9078187463413,28.1980645842911,27.8175790741614,27.6870956122065,27.7975152652541,27.8075476496238,27.6670068026902,27.6619839981682,27.6619839981682,27.7724301033211,27.6619839981682,27.6569609527223,27.5715322863604,27.551421285667,27.6268176187712,27.5564493982478,27.5313064183988,27.6368663610303,27.8827599560813,27.9078187463413,28.1730749366739,28.0980703444506,28.258015532538,28.063049878718,27.8476675914376,27.6167679118797,27.6016915422711,27.6167679118797,28.0029876251156,27.9278614710339,27.8627086137778,27.7874819207868,27.7824648884334,27.6870956122065,27.6368663610303,27.5765594326333,27.5715322863604,27.6217928859212,27.551421285667,27.5614772692013,27.6368663610303,27.8025315774346,27.9178405871461,27.7975152652541,27.6921172126096,27.7222417610001,27.7122012073196,27.7473389366228,27.7021596912783,27.6569609527223,27.631842110463,27.6469141389248,27.6469141389248,27.5815863374129,27.6067172400882,27.6569609527223,27.6569609527223,27.5866130007331,27.5162177292145,27.5313064183988,27.4508082405489,27.5212475341273,27.7071805696107,27.5815863374129,27.4659063702468,27.5715322863604,27.5011268629649,27.6217928859212,27.7222417610001,27.5162177292145,27.6117426966131,27.4960960902657,27.5916394226271,27.6368663610303,27.6720293663216,27.6870956122065,27.631842110463,27.7021596912783,27.7573761241401,27.7222417610001,27.6619839981682,27.6670068026902,27.7071805696107,27.6720293663216,27.4457750460266,27.6016915422711,27.5614772692013,27.4810023198492,27.4709385956355,27.5363354978248,27.4960960902657,27.4910650755359,27.4810023198492,27.4910650755359,27.506157393667,27.6217928859212,27.6268176187712,27.6870956122065,27.6870956122065,27.7473389366228,27.7724301033211,28.0029876251156,27.9779515459613,27.9428910032239,27.8576951793018,27.837639044803,27.8677218086608,27.9128297863749,27.8426534379831,27.8727347639835,27.7322813525865,27.7874819207868,27.777447615956,27.6720293663216,27.6670068026902,27.6569609527223,27.5564493982478,27.5363354978248,27.5463929314253,27.4457750460266,27.4910650755359,27.4306740081185,27.4155707879898,27.4810023198492,27.4155707879898,27.5262770971775,27.5665048985609,27.5815863374129,27.5564493982478,27.5463929314253,27.4306740081185,27.4810023198492,27.4608739026253,27.5413643354891,27.4659063702468,27.5212475341273,27.5413643354891,27.4457750460266,27.5463929314253,27.3450602134443,27.4407416091366,27.3752848587436,27.340021922105,27.2795434562661,27.3349833876879,27.2038960613414,27.2190299285684,27.1837141556074,27.2845846667777
27.3148268185636,27.3954297650103,27.3148268185636,27.355136067025,27.355136067025,27.3601736293342,27.3652109487011,27.2644183636851,27.3450602134443,27.2946663574817,27.340021922105,27.2795434562661,27.2392050038562,27.2946663574817,27.2946663574817,27.3752848587436,27.3500982617396,27.3752848587436,27.2644183636851,27.2795434562661,27.4105358961847,27.5564493982478,27.4860338187415,27.3198663256309,27.3752848587436,27.3903939025862,27.2694603047538,27.340021922105,27.355136067025,27.340021922105,27.340021922105,27.3450602134443,27.3903939025862,27.4206054372245,27.4206054372245,27.4357079298451,27.3903939025862,27.4105358961847,27.385357797423,27.3349833876879,27.309787068249,27.4105358961847,27.3249055894848,27.4155707879898,27.4508082405489,27.4206054372245,27.3903939025862,27.4558411927372,27.8025315774346,28.048037534235,27.6619839981682,27.5162177292145,27.6368663610303,27.5212475341273,27.6469141389248,27.5162177292145,27.5262770971775,27.5162177292145,27.6921172126096,27.5111876824057,27.3652109487011,27.5111876824057,27.4910650755359,27.4659063702468,27.5212475341273,27.4055007617757,27.4306740081185,27.5313064183988,27.6770516890958,28.228044327915,28.4526207095317,28.5572594772178,28.4675754627885,28.332906232122,28.1180768014564,28.1980645842911,28.1580782977234,28.0530418873914,27.8175790741614,27.6971385722891,27.9028074670123,28.0180064083215,27.7523576505433,27.551421285667,27.5463929314253,27.9679354426974,27.7473389366228,27.5866130007331,27.7924987130493,27.9779515459613,27.7924987130493,27.8627086137778,27.8677218086608,27.6067172400882,27.651937666319,27.8225944265762,27.5614772692013,27.5011268629649,27.4960960902657,27.5363354978248,27.6569609527223,27.5715322863604,27.5614772692013,27.6067172400882,27.6720293663216,27.6670068026902,27.5614772692013,27.5262770971775,27.7021596912783,28.0330230443987,28.0079941248089,28.0180064083215,28.1630774149815,28.0930681351701,27.8476675914376,27.8225944265762,27.8276095391327,27.9428910032239,27.9178405871461,27.8276095391327,27.7473389366228,27.7071805696107,27.6569609527223,27.7021596912783,27.6217928859212,27.7122012073196,27.6418903705064,27.6016915422711,27.551421285667,27.651937666319,27.6268176187712,27.7473389366228,27.7573761241401,27.7423199823454,27.7674123504958,27.7423199823454,27.651937666319,27.6971385722891,27.6217928859212,27.6971385722891,27.6268176187712,27.6217928859212,27.6418903705064,27.5564493982478,27.5815863374129,27.651937666319,27.5715322863604,27.551421285667,27.4407416091366,27.5313064183988,27.4558411927372,27.4558411927372,27.5111876824057,27.6770516890958,27.4508082405489,27.5665048985609,27.5665048985609,27.5564493982478,27.5765594326333,27.5916394226271,27.5162177292145,27.6217928859212,27.4960960902657,27.6067172400882,27.5765594326333,27.5715322863604,27.6117426966131,27.5916394226271,27.6217928859212,27.6016915422711,27.5765594326333,27.7172216044382,27.6619839981682,27.5966656031286,27.5815863374129,27.6569609527223,27.5966656031286,27.5866130007331,27.4457750460266,27.5463929314253,27.5765594326333,27.4860338187415,27.475970578825,27.4910650755359,27.4910650755359,27.4810023198492,27.5011268629649,27.5011268629649,27.6469141389248,27.5614772692013,27.7724301033211,27.837639044803,27.9979808867536,27.9729436137625,27.962927032733,27.9278614710339,28.0130003858666,27.9378813982687,27.8977959483549,27.837639044803,27.8075476496238,27.7623943574465,27.7623943574465,27.7674123504958,27.6368663610303,27.631842110463,27.6569609527223,27.5665048985609,27.6167679118797,27.5413643354891,27.4709385956355,27.4457750460266,27.4457750460266,27.5212475341273,27.5866130007331,27.5614772692013,27.4810023198492,27.4407416091366,27.4910650755359,27.6167679118797,27.475970578825,27.5463929314253,27.4457750460266,27.4155707879898,27.4256398439229,27.475970578825,27.5162177292145,27.5111876824057,27.4206054372245,27.5313064183988,27.6670068026902,27.355136067025,27.3601736293342,27.340021922105,27.340021922105,27.3047470746531,27.2795434562661,27.2694603047538,27.193805596602,27.1837141556074
27.385357797423,27.2644183636851,27.3047470746531,27.2745020022695,27.3450602134443,27.3450602134443,27.2694603047538,27.309787068249,27.3249055894848,27.3752848587436,27.2089409277006,27.3450602134443,27.355136067025,27.3349833876879,27.3702480251596,27.3249055894848,27.340021922105,27.3450602134443,27.3349833876879,27.4105358961847,27.3752848587436,27.4407416091366,27.506157393667,27.309787068249,27.4910650755359,27.385357797423,27.3601736293342,27.3652109487011,27.3954297650103,27.3249055894848,27.3349833876879,27.2896256338382,27.4155707879898,27.3047470746531,27.3903939025862,27.4055007617757,27.4206054372245,27.3702480251596,27.4860338187415,27.5011268629649,27.4659063702468,27.4709385956355,27.4709385956355,27.4608739026253,27.4810023198492,27.4960960902657,27.7272616770383,27.8225944265762,28.1880694376433,27.7523576505433,27.6368663610303,27.651937666319,27.6368663610303,27.5815863374129,27.4860338187415,27.5011268629649,27.5212475341273,27.4709385956355,27.4407416091366,27.5564493982478,27.5111876824057,27.4709385956355,27.4457750460266,27.4357079298451,27.4357079298451,27.4508082405489,27.6820737710463,27.8476675914376,28.1830715081525,28.3179323529188,28.4526207095317,28.1380794518489,28.0380281127715,27.9178405871461,27.9178405871461,27.8877721929225,28.0380281127715,28.043032942706,28.1380794518489,28.0680535169536,28.1280786023483,28.048037534235,28.1430795199092,27.9278614710339,27.8225944265762,27.9579183838364,27.9879666938923,27.982959239327,27.7975152652541,27.6117426966131,27.7975152652541,27.8025315774346,27.8727347639835,27.8727347639835,27.6921172126096,27.6368663610303,27.5212475341273,27.475970578825,27.4810023198492,27.5765594326333,27.5765594326333,27.6368663610303,27.5866130007331,27.5564493982478,27.5665048985609,27.6870956122065,27.6569609527223,27.6619839981682,27.9078187463413,27.7623943574465,27.8175790741614,28.1380794518489,28.1180768014564,27.9779515459613,27.9328715542163,27.9779515459613,27.9479003691149,27.8677218086608,27.7975152652541,27.651937666319,27.6368663610303,27.6469141389248,27.5162177292145,27.7071805696107,27.7573761241401,27.6921172126096,27.6418903705064,27.6820737710463,27.6770516890958,27.7021596912783,27.7824648884334,27.837639044803,27.8075476496238,27.7122012073196,27.6921172126096,27.7423199823454,27.7724301033211,27.7272616770383,27.7222417610001,27.6720293663216,27.7172216044382,27.6418903705064,27.651937666319,27.6469141389248,27.5614772692013,27.6167679118797,27.5966656031286,27.5916394226271,27.6067172400882,27.6619839981682,27.5715322863604,27.651937666319,27.5665048985609,27.6820737710463,27.7172216044382,27.7071805696107,27.5363354978248,27.5665048985609,27.5614772692013,27.5866130007331,27.506157393667,27.551421285667,27.5765594326333,27.6167679118797,27.5866130007331,27.6016915422711,27.631842110463,27.6067172400882,27.5313064183988,27.651937666319,27.6971385722891,27.7523576505433,27.6971385722891,27.631842110463,27.5916394226271,27.6418903705064,27.6619839981682,27.6167679118797,27.4558411927372,27.5111876824057,27.6921172126096,27.5011268629649,27.5011268629649,27.4508082405489,27.4910650755359,27.5011268629649,27.5765594326333,27.5665048985609,27.5916394226271,27.6067172400882,27.8075476496238,27.812563481855,27.9328715542163,27.9428910032239,27.7674123504958,27.9579183838364,27.9929739096901,27.982959239327,28.0930681351701,27.9929739096901,27.9378813982687,27.7222417610001,27.651937666319,27.6569609527223,27.6569609527223,27.651937666319,27.6469141389248,27.6418903705064,27.6619839981682,27.6418903705064,27.6469141389248,27.6418903705064,27.4407416091366,27.4960960902657,27.4910650755359,27.5313064183988,27.5715322863604,27.5765594326333,27.5765594326333,27.6418903705064,27.5363354978248,27.5011268629649,27.4608739026253,27.4357079298451,27.5262770971775,27.4608739026253,27.3752848587436,27.3903939025862,27.4910650755359,27.5162177292145,27.4055007617757,27.2745020022695,27.3702480251596,27.3652109487011,27.2392050038562,27.2543337507527,27.193805596602,27.2997068377419,27.2946663574817,27.2795434562661
27.3249055894848,27.3299446101592,27.4004653847288,27.2593761790295,27.2997068377419,27.2997068377419,27.3148268185636,27.309787068249,27.2946663574817,27.2644183636851,27.3047470746531,27.3148268185636,27.3652109487011,27.2644183636851,27.355136067025,27.3601736293342,27.3601736293342,27.309787068249,27.4155707879898,27.3954297650103,27.4810023198492,27.4508082405489,27.4306740081185,27.4508082405489,27.3954297650103,27.3249055894848,27.3903939025862,27.2745020022695,27.340021922105,27.340021922105,27.3903939025862,27.4155707879898,27.4508082405489,27.4256398439229,27.4206054372245,27.3803214494867,27.4457750460266,27.385357797423,27.3702480251596,27.4155707879898,27.4960960902657,27.4357079298451,27.4357079298451,27.4105358961847,27.475970578825,27.7373007876777,28.3029563442362,27.962927032733,27.7573761241401,27.5665048985609,27.5313064183988,27.631842110463,27.6368663610303,27.551421285667,27.506157393667,27.4810023198492,27.5162177292145,27.475970578825,27.5111876824057,27.5011268629649,27.6418903705064,27.5765594326333,27.4659063702468,27.4004653847288,27.5111876824057,27.8677218086608,27.8777474797793,28.0130003858666,28.2729979349236,28.14807935022,27.9228511486881,27.8276095391327,27.6870956122065,27.6167679118797,27.6971385722891,27.8276095391327,27.7222417610001,27.7272616770383,27.8877721929225,27.9078187463413,27.962927032733,28.0580460022081,28.0079941248089,27.837639044803,27.9779515459613,27.962927032733,27.6268176187712,27.6569609527223,27.5815863374129,27.5715322863604,27.6167679118797,27.8677218086608,27.8827599560813,27.6016915422711,27.551421285667,27.6368663610303,27.4558411927372,27.4810023198492,27.3702480251596,27.4608739026253,27.5011268629649,27.6016915422711,27.6067172400882,27.506157393667,27.5614772692013,27.6921172126096,27.6418903705064,27.9128297863749,27.9178405871461,27.7573761241401,28.0730569169481,28.1430795199092,28.0680535169536,27.982959239327,27.8426534379831,27.6921172126096,27.651937666319,27.6368663610303,27.8075476496238,27.7573761241401,27.7373007876777,27.6670068026902,27.6167679118797,27.8175790741614,27.7272616770383,27.7674123504958,27.7373007876777,27.7924987130493,27.7824648884334,27.7724301033211,27.8025315774346,27.8827599560813,27.7924987130493,27.7573761241401,27.6569609527223,27.6820737710463,27.7473389366228,27.7021596912783,27.5966656031286,27.7071805696107,27.6268176187712,27.7373007876777,27.6569609527223,27.7423199823454,27.6569609527223,27.6016915422711,27.6167679118797,27.6217928859212,27.7373007876777,27.7322813525865,27.6067172400882,27.5614772692013,27.6720293663216,27.7373007876777,27.6820737710463,27.6770516890958,27.7071805696107,27.5815863374129,27.6368663610303,27.5162177292145,27.5313064183988,27.5111876824057,27.5665048985609,27.6368663610303,27.5413643354891,27.5866130007331,27.651937666319,27.6770516890958,27.7071805696107,27.7724301033211,27.6921172126096,27.6820737710463,27.6619839981682,27.6720293663216,27.6619839981682,27.6368663610303,27.631842110463,27.6469141389248,27.6117426966131,27.6117426966131,27.6971385722891,27.6921172126096,27.5614772692013,27.506157393667,27.5011268629649,27.4860338187415,27.631842110463,27.5564493982478,27.6921172126096,27.7674123504958,27.9028074670123,27.9729436137625,27.9178405871461,28.0330230443987,28.0530418873914,28.0130003858666,28.0180064083215,27.9278614710339,28.0880656878123,27.9579183838364,27.7924987130493,27.7874819207868,27.6870956122065,27.7523576505433,27.7573761241401,27.6569609527223,27.5313064183988,27.551421285667,27.651937666319,27.6268176187712,27.6569609527223,27.6167679118797,27.475970578825,27.5866130007331,27.5765594326333,27.5212475341273,27.5111876824057,27.5313064183988,27.4910650755359,27.4558411927372,27.4256398439229,27.5162177292145,27.5413643354891,27.3954297650103,27.4004653847288,27.4810023198492,27.4457750460266,27.4860338187415,27.475970578825,27.4910650755359,27.506157393667,27.3903939025862,27.3601736293342,27.3752848587436,27.340021922105,27.3500982617396,27.2038960613414,27.2795434562661,27.2946663574817,27.193805596602
27.4155707879898,27.3249055894848,27.2442481632001,27.340021922105,27.2492910788209,27.3450602134443,27.355136067025,27.2845846667777,27.309787068249,27.3349833876879,27.3148268185636,27.340021922105,27.4357079298451,27.3903939025862,27.3903939025862,27.4004653847288,27.385357797423,27.3198663256309,27.4357079298451,27.4659063702468,27.3803214494867,27.3601736293342,27.506157393667,27.4055007617757,27.4256398439229,27.475970578825,27.4608739026253,27.4004653847288,27.3500982617396,27.4055007617757,27.3601736293342,27.4457750460266,27.506157393667,27.4508082405489,27.4508082405489,27.3601736293342,27.3702480251596,27.3752848587436,27.4960960902657,27.385357797423,27.3954297650103,27.4558411927372,27.4457750460266,27.6117426966131,27.9378813982687,28.14807935022,27.8877721929225,27.651937666319,27.5463929314253,27.5212475341273,27.5111876824057,27.6217928859212,27.6418903705064,27.5715322863604,27.5313064183988,27.5262770971775,27.5011268629649,27.5212475341273,27.5313064183988,27.5463929314253,27.5614772692013,27.7172216044382,27.5715322863604,27.4960960902657,27.8627086137778,27.982959239327,28.1180768014564,28.3129405866768,28.0880656878123,27.9879666938923,27.6820737710463,27.5715322863604,27.6720293663216,27.5564493982478,27.5614772692013,27.5413643354891,27.7272616770383,27.7172216044382,27.7272616770383,27.7272616770383,27.7623943574465,27.8526815051994,27.8827599560813,28.0180064083215,27.962927032733,27.7724301033211,27.5665048985609,27.5866130007331,27.4407416091366,27.6217928859212,27.8476675914376,27.8677218086608,27.7623943574465,27.5463929314253,27.6067172400882,27.5111876824057,27.5111876824057,27.4810023198492,27.4357079298451,27.551421285667,27.6117426966131,27.6368663610303,27.551421285667,27.5916394226271,27.5966656031286,27.631842110463,27.7975152652541,27.9879666938923,27.9679354426974,28.1030723156867,28.1330791460061,28.0830630023446,27.9278614710339,27.8877721929225,27.8426534379831,27.6167679118797,27.7724301033211,27.5564493982478,27.7473389366228,27.6569609527223,27.651937666319,27.6971385722891,27.6418903705064,27.6217928859212,27.7523576505433,27.8977959483549,27.9128297863749,27.8977959483549,27.7924987130493,27.7824648884334,27.7322813525865,27.8576951793018,27.892784190336,27.7573761241401,27.8827599560813,27.8727347639835,27.6670068026902,27.6820737710463,27.6820737710463,27.5966656031286,27.7523576505433,27.6217928859212,27.6569609527223,27.6217928859212,27.5614772692013,27.6217928859212,27.5765594326333,27.6670068026902,27.6268176187712,27.5916394226271,27.7122012073196,27.8326244118639,27.7322813525865,27.7373007876777,27.6870956122065,27.6418903705064,27.5665048985609,27.6067172400882,27.5815863374129,27.7021596912783,27.5665048985609,27.5815863374129,27.5463929314253,27.5413643354891,27.7272616770383,27.5313064183988,27.5966656031286,27.6720293663216,27.6820737710463,27.7824648884334,27.8025315774346,27.7172216044382,27.7272616770383,27.6720293663216,27.6619839981682,27.6469141389248,27.651937666319,27.6619839981682,27.6569609527223,27.6268176187712,27.6921172126096,27.5162177292145,27.5463929314253,27.551421285667,27.4860338187415,27.5614772692013,27.5011268629649,27.6670068026902,27.777447615956,27.8877721929225,28.0280177375547,27.9328715542163,28.0580460022081,27.9328715542163,27.9779515459613,28.0330230443987,28.043032942706,28.0330230443987,27.9529094959747,27.9529094959747,27.9579183838364,27.7874819207868,27.7623943574465,27.6619839981682,27.6619839981682,27.6870956122065,27.6469141389248,27.6268176187712,27.6469141389248,27.6921172126096,27.7122012073196,27.631842110463,27.5866130007331,27.6016915422711,27.6016915422711,27.4709385956355,27.506157393667,27.5162177292145,27.5011268629649,27.5111876824057,27.5162177292145,27.5011268629649,27.5313064183988,27.4206054372245,27.4306740081185,27.4659063702468,27.4155707879898,27.4810023198492,27.5212475341273,27.506157393667,27.4659063702468,27.4004653847288,27.3903939025862,27.5212475341273,27.3702480251596,27.2492910788209,27.2644183636851,27.2190299285684,27.2745020022695,27.1837141556074
27.3249055894848,27.3299446101592,27.4206054372245,27.2946663574817,27.2997068377419,27.3500982617396,27.3752848587436,27.3349833876879,27.2997068377419,27.3450602134443,27.3047470746531,27.2644183636851,27.2845846667777,27.3249055894848,27.3903939025862,27.4508082405489,27.3954297650103,27.4256398439229,27.4105358961847,27.3148268185636,27.4256398439229,27.4457750460266,27.385357797423,27.4206054372245,27.3047470746531,27.340021922105,27.3752848587436,27.355136067025,27.3349833876879,27.385357797423,27.3148268185636,27.3047470746531,27.4155707879898,27.4306740081185,27.4709385956355,27.4256398439229,27.3500982617396,27.3903939025862,27.385357797423,27.4055007617757,27.4407416091366,27.6067172400882,27.9579183838364,27.982959239327,27.892784190336,27.7473389366228,27.6368663610303,27.5212475341273,27.4709385956355,27.4558411927372,27.3652109487011,27.4608739026253,27.5262770971775,27.5212475341273,27.4558411927372,27.5413643354891,27.6016915422711,27.5715322863604,27.5212475341273,27.5564493982478,27.5111876824057,27.6016915422711,27.7021596912783,27.8426534379831,28.0029876251156,28.3029563442362,28.2729979349236,28.2680040377398,28.0730569169481,27.6820737710463,27.5815863374129,27.5162177292145,27.4105358961847,27.5815863374129,27.5614772692013,27.5916394226271,27.5363354978248,27.6117426966131,27.6117426966131,27.5966656031286,27.651937666319,27.7573761241401,27.7975152652541,27.9729436137625,27.962927032733,27.6117426966131,27.5262770971775,27.4960960902657,27.4407416091366,27.6117426966131,27.9779515459613,27.9028074670123,27.5463929314253,27.5262770971775,27.4810023198492,27.5011268629649,27.5363354978248,27.5313064183988,27.4357079298451,27.5011268629649,27.4608739026253,27.6117426966131,27.6469141389248,27.551421285667,27.6268176187712,27.7924987130493,27.9378813982687,28.1230778208426,28.1280786023483,28.048037534235,27.892784190336,27.8476675914376,27.9428910032239,27.8677218086608,27.9378813982687,27.9529094959747,27.9729436137625,27.7573761241401,27.8326244118639,27.8877721929225,27.7975152652541,27.8777474797793,27.6921172126096,27.6971385722891,27.9579183838364,28.0280177375547,27.9328715542163,27.9929739096901,27.8727347639835,28.0029876251156,27.8777474797793,27.8075476496238,27.8827599560813,27.7975152652541,27.8175790741614,27.7573761241401,27.7222417610001,27.7222417610001,27.7824648884334,27.7122012073196,27.6569609527223,27.6016915422711,27.7122012073196,27.6619839981682,27.6418903705064,27.6067172400882,27.6016915422711,27.5916394226271,27.5866130007331,27.7172216044382,27.7122012073196,27.7071805696107,27.6921172126096,27.6820737710463,27.6720293663216,27.7222417610001,27.6619839981682,27.5866130007331,27.7122012073196,27.551421285667,27.5363354978248,27.5715322863604,27.5966656031286,27.6016915422711,27.7172216044382,27.7423199823454,27.6619839981682,27.6569609527223,27.7523576505433,27.7523576505433,27.812563481855,27.8075476496238,27.8025315774346,27.8225944265762,27.777447615956,27.6720293663216,27.6971385722891,27.6469141389248,27.6770516890958,27.6921172126096,27.6870956122065,27.6921172126096,27.6870956122065,27.5011268629649,27.6770516890958,27.5966656031286,27.6418903705064,27.7724301033211,27.9028074670123,28.043032942706,28.063049878718,28.0980703444506,27.9929739096901,27.9979808867536,28.063049878718,28.0580460022081,27.9128297863749,27.9328715542163,27.9929739096901,28.0230121922066,27.9078187463413,27.6870956122065,27.8476675914376,27.8326244118639,27.7272616770383,27.6820737710463,27.6720293663216,27.6619839981682,27.7172216044382,27.6820737710463,27.6670068026902,27.6368663610303,27.6268176187712,27.4709385956355,27.4960960902657,27.5212475341273,27.4960960902657,27.5916394226271,27.6368663610303,27.5212475341273,27.6016915422711,27.4910650755359,27.5363354978248,27.5966656031286,27.6067172400882,27.5111876824057,27.6418903705064,27.4910650755359,27.3954297650103,27.5212475341273,27.4004653847288,27.2946663574817,27.4206054372245,27.3903939025862,27.309787068249,27.2694603047538,27.1988509509866,27.2392050038562,27.1837141556074,27.2896256338382
27.3349833876879,27.3198663256309,27.355136067025,27.3047470746531,27.3349833876879,27.309787068249,27.3299446101592,27.3047470746531,27.3601736293342,27.355136067025,27.3450602134443,27.3702480251596,27.4910650755359,27.4960960902657,27.3752848587436,27.4004653847288,27.3903939025862,27.3954297650103,27.3903939025862,27.4407416091366,27.385357797423,27.3450602134443,27.4055007617757,27.4206054372245,27.4709385956355,27.3299446101592,27.4004653847288,27.3500982617396,27.3450602134443,27.3500982617396,27.4055007617757,27.4004653847288,27.2795434562661,27.3954297650103,27.3601736293342,27.4508082405489,27.475970578825,27.3803214494867,27.475970578825,27.6167679118797,27.9679354426974,28.0180064083215,27.8677218086608,27.7724301033211,27.4960960902657,27.4709385956355,27.6016915422711,27.4910650755359,27.5363354978248,27.4407416091366,27.4709385956355,27.5262770971775,27.5212475341273,27.5363354978248,27.5313064183988,27.5262770971775,27.4558411927372,27.5262770971775,27.5614772692013,27.506157393667,27.5765594326333,27.5715322863604,27.9328715542163,28.1530789428139,28.2829850186196,28.3528680933838,28.2879782051969,28.048037534235,27.8476675914376,27.6619839981682,27.5916394226271,27.475970578825,27.4910650755359,27.4659063702468,27.5815863374129,27.7172216044382,27.5564493982478,27.5966656031286,27.5715322863604,27.6117426966131,27.6368663610303,27.7824648884334,27.8426534379831,28.1280786023483,28.0280177375547,27.7122012073196,27.4860338187415,27.5212475341273,27.5765594326333,27.962927032733,27.9078187463413,27.7674123504958,27.6016915422711,27.5916394226271,27.6117426966131,27.6016915422711,27.4508082405489,27.5966656031286,27.5212475341273,27.5111876824057,27.5765594326333,27.5413643354891,27.6117426966131,27.6217928859212,27.7874819207868,28.0930681351701,28.1030723156867,28.1180768014564,28.0330230443987,27.7573761241401,27.7674123504958,27.7373007876777,27.7172216044382,27.8025315774346,27.9529094959747,27.9479003691149,27.8276095391327,27.7573761241401,27.777447615956,27.7975152652541,27.6569609527223,27.6870956122065,27.962927032733,28.0230121922066,28.0530418873914,28.0079941248089,27.9378813982687,27.8827599560813,27.8326244118639,27.8627086137778,27.8576951793018,27.8025315774346,27.812563481855,27.651937666319,27.7824648884334,27.7975152652541,27.8075476496238,27.7523576505433,27.8025315774346,27.7724301033211,27.6469141389248,27.6067172400882,27.6820737710463,27.6067172400882,27.5966656031286,27.6268176187712,27.6720293663216,27.7222417610001,27.5866130007331,27.5564493982478,27.6268176187712,27.7222417610001,27.7322813525865,27.7172216044382,27.7071805696107,27.6418903705064,27.651937666319,27.6469141389248,27.631842110463,27.5413643354891,27.5715322863604,27.6770516890958,27.5765594326333,27.7674123504958,27.7373007876777,27.6569609527223,27.7272616770383,27.7724301033211,27.6619839981682,27.7423199823454,27.8225944265762,27.7122012073196,27.7874819207868,27.8476675914376,27.6469141389248,27.6217928859212,27.651937666319,27.631842110463,27.6870956122065,27.6067172400882,27.6921172126096,27.6820737710463,27.7122012073196,27.6067172400882,27.6971385722891,27.6217928859212,27.5011268629649,27.7373007876777,27.777447615956,27.9078187463413,28.1880694376433,28.2130555239183,28.1030723156867,28.1030723156867,28.0580460022081,28.0180064083215,28.0180064083215,27.962927032733,27.9028074670123,27.9028074670123,27.8977959483549,27.7373007876777,27.8777474797793,27.9078187463413,27.7824648884334,27.6870956122065,27.6820737710463,27.6268176187712,27.5966656031286,27.6870956122065,27.651937666319,27.6469141389248,27.5916394226271,27.6167679118797,27.5966656031286,27.6670068026902,27.6067172400882,27.6418903705064,27.6418903705064,27.5162177292145,27.4558411927372,27.4960960902657,27.5916394226271,27.4960960902657,27.5916394226271,27.4960960902657,27.5313064183988,27.4206054372245,27.4407416091366,27.4860338187415,27.4910650755359,27.4306740081185,27.5162177292145,27.3450602134443,27.3601736293342,27.4508082405489,27.3198663256309,27.2795434562661,27.2694603047538,27.2089409277006
27.2795434562661,27.4155707879898,27.3349833876879,27.2997068377419,27.2190299285684,27.3601736293342,27.340021922105,27.3299446101592,27.3500982617396,27.2845846667777,27.3047470746531,27.3450602134443,27.3601736293342,27.3954297650103,27.3903939025862,27.3752848587436,27.3954297650103,27.2845846667777,27.4608739026253,27.3702480251596,27.4105358961847,27.3903939025862,27.3148268185636,27.3249055894848,27.340021922105,27.4306740081185,27.4407416091366,27.3249055894848,27.3752848587436,27.3954297650103,27.3198663256309,27.4055007617757,27.4105358961847,27.3954297650103,27.4105358961847,27.4810023198492,27.2291179538628,27.385357797423,27.506157393667,27.9729436137625,28.0079941248089,27.6770516890958,27.6067172400882,27.5866130007331,27.551421285667,27.4860338187415,27.4558411927372,27.4508082405489,27.4608739026253,27.4508082405489,27.475970578825,27.4558411927372,27.5262770971775,27.506157393667,27.5262770971775,27.5363354978248,27.5262770971775,27.4960960902657,27.5262770971775,27.5866130007331,27.7874819207868,28.1330791460061,28.2030618015135,28.3229238825521,28.3378970521235,28.2430309971616,28.0330230443987,27.8526815051994,27.7021596912783,27.5815863374129,27.5815863374129,27.4055007617757,27.4155707879898,27.4810023198492,27.5866130007331,27.551421285667,27.5463929314253,27.6016915422711,27.6418903705064,27.6067172400882,27.5966656031286,27.6418903705064,27.651937666319,28.0280177375547,27.9929739096901,27.7272616770383,27.5111876824057,27.5916394226271,27.837639044803,27.9328715542163,27.7523576505433,27.6167679118797,27.6067172400882,27.6670068026902,27.6117426966131,27.6016915422711,27.5463929314253,27.551421285667,27.4155707879898,27.4508082405489,27.5262770971775,27.6368663610303,27.6067172400882,27.8677218086608,28.0830630023446,28.1780733411736,28.0880656878123,27.8075476496238,27.7975152652541,27.7172216044382,27.7573761241401,27.7423199823454,27.6217928859212,27.7071805696107,27.8426534379831,27.8627086137778,27.8526815051994,27.7975152652541,27.8075476496238,27.6067172400882,27.7623943574465,27.9428910032239,28.0530418873914,28.0130003858666,28.0280177375547,27.9428910032239,27.9228511486881,27.9328715542163,27.8877721929225,27.9228511486881,27.7824648884334,27.8276095391327,27.7874819207868,27.7272616770383,27.812563481855,27.7222417610001,27.8175790741614,27.8025315774346,27.7172216044382,27.7272616770383,27.6569609527223,27.6971385722891,27.5614772692013,27.6217928859212,27.6016915422711,27.6268176187712,27.7272616770383,27.7172216044382,27.5363354978248,27.5765594326333,27.6268176187712,27.7423199823454,27.7272616770383,27.6619839981682,27.6217928859212,27.5966656031286,27.6569609527223,27.6469141389248,27.5614772692013,27.5715322863604,27.5966656031286,27.5715322863604,27.6870956122065,27.7623943574465,27.7975152652541,27.777447615956,27.8827599560813,27.8175790741614,27.6870956122065,27.6820737710463,27.7473389366228,27.8225944265762,27.8326244118639,27.7573761241401,27.837639044803,27.9228511486881,27.7724301033211,27.7322813525865,27.7724301033211,27.6971385722891,27.7122012073196,27.5866130007331,27.7674123504958,27.6217928859212,27.6167679118797,27.551421285667,27.5866130007331,27.6217928859212,27.7322813525865,27.7874819207868,27.9378813982687,28.0580460022081,28.0230121922066,28.0079941248089,27.9779515459613,28.0580460022081,27.9428910032239,27.9879666938923,27.8977959483549,27.8877721929225,27.7573761241401,27.6820737710463,27.7824648884334,27.7172216044382,27.6770516890958,27.7122012073196,27.6569609527223,27.6770516890958,27.5765594326333,27.6820737710463,27.7222417610001,27.6117426966131,27.6117426966131,27.6067172400882,27.5111876824057,27.5866130007331,27.5815863374129,27.5665048985609,27.506157393667,27.5715322863604,27.5866130007331,27.5665048985609,27.4910650755359,27.5765594326333,27.5212475341273,27.4860338187415,27.5463929314253,27.551421285667,27.4860338187415,27.4659063702468,27.5262770971775,27.5162177292145,27.4558411927372,27.5111876824057,27.4256398439229,27.3450602134443,27.3148268185636,27.4206054372245,27.1584812802121,27.2593761790295
27.2946663574817,27.2845846667777,27.3450602134443,27.3450602134443,27.3601736293342,27.2946663574817,27.3198663256309,27.3047470746531,27.3652109487011,27.3299446101592,27.340021922105,27.3198663256309,27.2997068377419,27.4055007617757,27.4407416091366,27.4508082405489,27.3803214494867,27.3702480251596,27.3349833876879,27.3198663256309,27.385357797423,27.3903939025862,27.4055007617757,27.3702480251596,27.4055007617757,27.4709385956355,27.385357797423,27.4055007617757,27.3752848587436,27.3601736293342,27.2492910788209,27.4004653847288,27.2845846667777,27.3954297650103,27.2745020022695,27.4055007617757,27.3299446101592,27.4306740081185,27.4608739026253,27.6117426966131,27.6117426966131,27.5916394226271,27.4910650755359,27.4558411927372,27.475970578825,27.3803214494867,27.3500982617396,27.5162177292145,27.3198663256309,27.385357797423,27.5111876824057,27.4910650755359,27.4810023198492,27.4508082405489,27.5162177292145,27.4407416091366,27.4508082405489,27.5564493982478,27.7573761241401,27.9579183838364,28.048037534235,28.1380794518489,28.218052029166,28.1330791460061,28.0530418873914,27.9378813982687,27.7071805696107,27.6268176187712,27.7272616770383,27.5463929314253,27.4457750460266,27.4306740081185,27.4860338187415,27.4709385956355,27.475970578825,27.5564493982478,27.6720293663216,27.6117426966131,27.6117426966131,27.5916394226271,27.5212475341273,27.5966656031286,27.812563481855,27.8526815051994,27.8175790741614,27.9078187463413,27.6067172400882,27.8426534379831,27.9328715542163,27.6569609527223,27.631842110463,27.6619839981682,27.6870956122065,27.6268176187712,27.631842110463,27.5715322863604,27.5665048985609,27.5363354978248,27.4608739026253,27.3752848587436,27.5916394226271,27.6016915422711,27.651937666319,28.0680535169536,28.1830715081525,28.1830715081525,27.8777474797793,27.7122012073196,27.7071805696107,27.6368663610303,27.7071805696107,27.6820737710463,27.6368663610303,27.7473389366228,27.9028074670123,27.8426534379831,27.8677218086608,27.8576951793018,27.8476675914376,27.7824648884334,27.7874819207868,27.7674123504958,27.7272616770383,27.6619839981682,27.812563481855,27.8025315774346,27.7674123504958,27.7473389366228,27.7573761241401,27.7824648884334,27.8326244118639,27.8025315774346,27.7924987130493,27.7423199823454,27.6569609527223,27.6469141389248,27.6971385722891,27.6067172400882,27.6720293663216,27.6619839981682,27.6217928859212,27.7021596912783,27.5815863374129,27.6117426966131,27.5111876824057,27.5765594326333,27.551421285667,27.5815863374129,27.6268176187712,27.6268176187712,27.6016915422711,27.6268176187712,27.7021596912783,27.5665048985609,27.5916394226271,27.6670068026902,27.5765594326333,27.6268176187712,27.6569609527223,27.5363354978248,27.5162177292145,27.5715322863604,27.6619839981682,27.6770516890958,27.7222417610001,27.8777474797793,27.8777474797793,27.6921172126096,27.7272616770383,27.6820737710463,27.6569609527223,27.7674123504958,27.8276095391327,27.7523576505433,27.7623943574465,27.8426534379831,27.7874819207868,27.6569609527223,27.7222417610001,27.6921172126096,27.6619839981682,27.6268176187712,27.6268176187712,27.6067172400882,27.4960960902657,27.6217928859212,27.5765594326333,27.5262770971775,27.6268176187712,27.8075476496238,27.7373007876777,27.8827599560813,28.0079941248089,28.0280177375547,28.0079941248089,27.9378813982687,27.9529094959747,27.9078187463413,28.0079941248089,27.8877721929225,27.8727347639835,27.8476675914376,27.7021596912783,27.7021596912783,27.6921172126096,27.7172216044382,27.6720293663216,27.6569609527223,27.6569609527223,27.6619839981682,27.7222417610001,27.6418903705064,27.5413643354891,27.5363354978248,27.5916394226271,27.5111876824057,27.6268176187712,27.6217928859212,27.5966656031286,27.6016915422711,27.6016915422711,27.5413643354891,27.5011268629649,27.4910650755359,27.5212475341273,27.5212475341273,27.4457750460266,27.5212475341273,27.5313064183988,27.5463929314253,27.4709385956355,27.4860338187415,27.4709385956355,27.385357797423,27.1736217380844,27.4306740081185,27.3249055894848,27.1988509509866,27.2291179538628,27.2492910788209
27.3249055894848,27.2896256338382,27.2392050038562,27.3047470746531,27.3450602134443,27.3601736293342,27.3752848587436,27.3299446101592,27.385357797423,27.3500982617396,27.3752848587436,27.1231449929837,27.3903939025862,27.193805596602,27.2946663574817,27.3249055894848,27.4306740081185,27.3803214494867,27.3752848587436,27.3752848587436,27.4055007617757,27.3148268185636,27.309787068249,27.3601736293342,27.4105358961847,27.3047470746531,27.4306740081185,27.3500982617396,27.3500982617396,27.2745020022695,27.3249055894848,27.3652109487011,27.4105358961847,27.3752848587436,27.4206054372245,27.3702480251596,27.4407416091366,27.3903939025862,27.385357797423,27.5011268629649,27.506157393667,27.4709385956355,27.4810023198492,27.475970578825,27.475970578825,27.385357797423,27.3500982617396,27.4659063702468,27.5313064183988,27.4004653847288,27.4810023198492,27.5162177292145,27.4457750460266,27.4306740081185,27.5614772692013,27.5564493982478,27.7724301033211,28.048037534235,28.0680535169536,28.1830715081525,28.1430795199092,28.1930671296786,27.962927032733,27.7975152652541,27.6167679118797,27.6619839981682,27.6418903705064,27.5966656031286,27.5614772692013,27.5765594326333,27.4306740081185,27.4910650755359,27.506157393667,27.4407416091366,27.4256398439229,27.4155707879898,27.4910650755359,27.5614772692013,27.6469141389248,27.5866130007331,27.5564493982478,27.5212475341273,27.8075476496238,27.7724301033211,27.7222417610001,27.7322813525865,27.9378813982687,27.9228511486881,27.8526815051994,27.6670068026902,27.6569609527223,27.6569609527223,27.6619839981682,27.6569609527223,27.551421285667,27.5313064183988,27.5966656031286,27.5463929314253,27.5313064183988,27.6418903705064,27.8175790741614,27.9028074670123,27.9228511486881,28.0180064083215,28.0530418873914,28.1880694376433,28.0130003858666,28.0180064083215,27.8225944265762,27.7523576505433,27.8877721929225,27.8276095391327,27.8977959483549,27.8977959483549,27.9078187463413,27.8827599560813,27.8727347639835,27.8627086137778,27.8677218086608,27.837639044803,27.8727347639835,27.7172216044382,27.8025315774346,27.8025315774346,27.812563481855,27.7071805696107,27.7674123504958,27.7473389366228,27.6720293663216,27.6770516890958,27.7924987130493,27.777447615956,27.7373007876777,27.5463929314253,27.6971385722891,27.6016915422711,27.6268176187712,27.6670068026902,27.6067172400882,27.6670068026902,27.6368663610303,27.7122012073196,27.651937666319,27.6117426966131,27.6167679118797,27.5111876824057,27.6167679118797,27.5815863374129,27.5564493982478,27.5765594326333,27.6418903705064,27.5916394226271,27.6217928859212,27.631842110463,27.6067172400882,27.5966656031286,27.6670068026902,27.6016915422711,27.6268176187712,27.6167679118797,27.6167679118797,27.6418903705064,27.6670068026902,27.7623943574465,27.8777474797793,27.8827599560813,27.777447615956,27.7122012073196,27.6619839981682,27.6619839981682,27.7322813525865,27.7021596912783,27.7523576505433,27.7473389366228,27.7071805696107,27.7373007876777,27.6971385722891,27.7122012073196,27.7573761241401,27.6418903705064,27.7473389366228,27.6770516890958,27.631842110463,27.6268176187712,27.6268176187712,27.6217928859212,27.6268176187712,27.6368663610303,27.6268176187712,27.8025315774346,27.8075476496238,27.9479003691149,28.0079941248089,28.0830630023446,28.0380281127715,28.0380281127715,27.892784190336,28.1430795199092,28.0079941248089,27.8877721929225,27.8326244118639,27.7623943574465,27.6971385722891,27.6720293663216,27.7122012073196,27.6469141389248,27.6720293663216,27.6569609527223,27.4960960902657,27.6418903705064,27.5614772692013,27.6217928859212,27.506157393667,27.6016915422711,27.5715322863604,27.6016915422711,27.6167679118797,27.5966656031286,27.5966656031286,27.5011268629649,27.5614772692013,27.5463929314253,27.4508082405489,27.4910650755359,27.4608739026253,27.4608739026253,27.4558411927372,27.4810023198492,27.4659063702468,27.5111876824057,27.4659063702468,27.5262770971775,27.2543337507527,27.4105358961847,27.340021922105,27.2543337507527,27.3299446101592,27.3198663256309,27.3148268185636,27.2492910788209
27.3803214494867,27.2845846667777,27.3752848587436,27.3450602134443,27.309787068249,27.3047470746531,27.355136067025,27.3047470746531,27.4004653847288,27.2694603047538,27.2694603047538,27.3047470746531,27.309787068249,27.4306740081185,27.2845846667777,27.4407416091366,27.355136067025,27.3450602134443,27.3652109487011,27.3450602134443,27.3500982617396,27.4256398439229,27.3601736293342,27.3047470746531,27.1887599981537,27.4256398439229,27.3500982617396,27.355136067025,27.2291179538628,27.1382905826503,27.3500982617396,27.309787068249,27.4055007617757,27.2845846667777,27.2946663574817,27.3752848587436,27.4055007617757,27.3198663256309,27.3601736293342,27.4105358961847,27.506157393667,27.4306740081185,27.4457750460266,27.3652109487011,27.3450602134443,27.4709385956355,27.4608739026253,27.3249055894848,27.4357079298451,27.4508082405489,27.4960960902657,27.4306740081185,27.4659063702468,27.5463929314253,27.7021596912783,28.048037534235,28.0130003858666,28.1180768014564,28.1430795199092,28.1280786023483,27.9028074670123,27.7021596912783,27.5363354978248,27.6971385722891,27.6619839981682,27.7021596912783,27.5011268629649,27.4960960902657,27.3954297650103,27.4608739026253,27.4256398439229,27.475970578825,27.4960960902657,27.3652109487011,27.385357797423,27.3450602134443,27.2795434562661,27.4256398439229,27.5815863374129,27.4558411927372,27.5614772692013,27.6820737710463,27.7473389366228,27.7222417610001,27.5866130007331,27.8075476496238,27.8526815051994,27.8476675914376,27.7122012073196,27.6167679118797,27.6820737710463,27.5966656031286,27.6217928859212,27.5614772692013,27.6469141389248,27.7222417610001,27.7674123504958,27.8326244118639,27.812563481855,27.9929739096901,28.1330791460061,27.9078187463413,27.8977959483549,27.892784190336,28.1830715081525,27.9929739096901,27.8827599560813,27.9328715542163,27.8025315774346,27.9128297863749,27.8526815051994,28.0380281127715,28.1030723156867,27.9178405871461,28.0079941248089,27.8476675914376,27.8827599560813,27.837639044803,27.7423199823454,27.7674123504958,27.7924987130493,27.7874819207868,27.6770516890958,27.8075476496238,27.8075476496238,27.7824648884334,27.7674123504958,27.7573761241401,27.6921172126096,27.6469141389248,27.5665048985609,27.5212475341273,27.6418903705064,27.651937666319,27.6217928859212,27.6418903705064,27.6720293663216,27.6469141389248,27.5413643354891,27.6067172400882,27.6469141389248,27.6921172126096,27.6720293663216,27.6418903705064,27.506157393667,27.5262770971775,27.6067172400882,27.5765594326333,27.5715322863604,27.5916394226271,27.5966656031286,27.6670068026902,27.5966656031286,27.5815863374129,27.6117426966131,27.5866130007331,27.5363354978248,27.6469141389248,27.5715322863604,27.6117426966131,27.6268176187712,27.5363354978248,27.631842110463,27.8225944265762,27.8326244118639,27.8075476496238,27.8777474797793,27.8877721929225,27.8977959483549,27.7523576505433,27.7924987130493,27.9178405871461,27.8576951793018,27.7172216044382,27.7322813525865,27.6921172126096,27.6418903705064,27.7222417610001,27.777447615956,27.6670068026902,27.6368663610303,27.6016915422711,27.5765594326333,27.6067172400882,27.5916394226271,27.5815863374129,27.5866130007331,27.5665048985609,27.6117426966131,27.8175790741614,27.812563481855,27.837639044803,28.063049878718,28.048037534235,28.0180064083215,28.0029876251156,27.9679354426974,28.0330230443987,28.0079941248089,27.8727347639835,27.7523576505433,27.7122012073196,27.7373007876777,27.6016915422711,27.7322813525865,27.6921172126096,27.4709385956355,27.5463929314253,27.6469141389248,27.5463929314253,27.5815863374129,27.5866130007331,27.5665048985609,27.6016915422711,27.4608739026253,27.5966656031286,27.5363354978248,27.5313064183988,27.5363354978248,27.551421285667,27.4810023198492,27.5715322863604,27.5111876824057,27.5262770971775,27.5011268629649,27.5212475341273,27.5463929314253,27.385357797423,27.5715322863604,27.5564493982478,27.4709385956355,27.4155707879898,27.4004653847288,27.4055007617757,27.3450602134443,27.2896256338382,27.340021922105,27.2997068377419,27.2896256338382,27.1988509509866
27.3249055894848,27.2392050038562,27.2997068377419,27.2997068377419,27.2997068377419,27.3198663256309,27.3047470746531,27.340021922105,27.3601736293342,27.2543337507527,27.2997068377419,27.3148268185636,27.355136067025,27.3249055894848,27.355136067025,27.2845846667777,27.309787068249,27.3500982617396,27.3299446101592,27.4206054372245,27.340021922105,27.3500982617396,27.355136067025,27.3198663256309,27.2795434562661,27.340021922105,27.2795434562661,27.355136067025,27.2089409277006,27.1231449929837,27.2644183636851,27.1483864201735,27.2593761790295,27.3903939025862,27.4306740081185,27.3652109487011,27.3249055894848,27.355136067025,27.4004653847288,27.3752848587436,27.3601736293342,27.3601736293342,27.4256398439229,27.4256398439229,27.3652109487011,27.2543337507527,27.3299446101592,27.3299446101592,27.3752848587436,27.4055007617757,27.3702480251596,27.5614772692013,27.7021596912783,27.8877721929225,28.043032942706,28.0580460022081,28.063049878718,27.982959239327,27.8526815051994,27.7724301033211,27.6368663610303,27.5665048985609,27.5463929314253,27.5614772692013,27.5916394226271,27.5665048985609,27.5363354978248,27.4910650755359,27.3954297650103,27.4960960902657,27.4306740081185,27.4558411927372,27.4407416091366,27.340021922105,27.2442481632001,27.3702480251596,27.385357797423,27.4608739026253,27.5413643354891,27.4407416091366,27.4709385956355,27.7975152652541,27.6469141389248,27.7172216044382,27.7423199823454,27.8526815051994,27.7272616770383,27.8576951793018,28.0380281127715,27.8677218086608,27.7573761241401,27.631842110463,27.6569609527223,27.6368663610303,27.7874819207868,27.9479003691149,28.0930681351701,28.1030723156867,28.0980703444506,28.1030723156867,28.0880656878123,27.9128297863749,27.8977959483549,27.892784190336,27.892784190336,27.9178405871461,27.8827599560813,27.9128297863749,27.812563481855,27.9028074670123,27.7322813525865,27.8326244118639,27.8326244118639,27.9128297863749,27.7623943574465,27.9378813982687,27.8476675914376,27.7975152652541,27.6569609527223,27.7523576505433,27.6067172400882,27.6770516890958,27.6217928859212,27.4709385956355,27.5564493982478,27.6016915422711,27.6820737710463,27.6971385722891,27.651937666319,27.7423199823454,27.6368663610303,27.631842110463,27.5866130007331,27.551421285667,27.651937666319,27.551421285667,27.631842110463,27.5866130007331,27.6569609527223,27.6418903705064,27.6619839981682,27.7272616770383,27.7222417610001,27.6167679118797,27.5212475341273,27.5111876824057,27.6117426966131,27.631842110463,27.5715322863604,27.5212475341273,27.6217928859212,27.5966656031286,27.7021596912783,27.6820737710463,27.6067172400882,27.4960960902657,27.5966656031286,27.6117426966131,27.4709385956355,27.6268176187712,27.551421285667,27.5463929314253,27.551421285667,27.7674123504958,27.8075476496238,27.8777474797793,27.7222417610001,27.7924987130493,27.7924987130493,27.7674123504958,27.7523576505433,27.7674123504958,27.6971385722891,27.6921172126096,27.7222417610001,27.7272616770383,27.8476675914376,27.7423199823454,27.7523576505433,27.7824648884334,27.6268176187712,27.6167679118797,27.6117426966131,27.5564493982478,27.5463929314253,27.5916394226271,27.5111876824057,27.6167679118797,27.5866130007331,27.8075476496238,27.8326244118639,28.1380794518489,27.837639044803,28.1430795199092,28.0230121922066,28.0330230443987,28.063049878718,28.0680535169536,28.0280177375547,27.9479003691149,27.812563481855,27.7222417610001,27.5765594326333,27.7122012073196,27.7222417610001,27.6569609527223,27.6619839981682,27.5916394226271,27.551421285667,27.4910650755359,27.5866130007331,27.6619839981682,27.4810023198492,27.631842110463,27.6418903705064,27.6217928859212,27.6418903705064,27.551421285667,27.5916394226271,27.5715322863604,27.5866130007331,27.5866130007331,27.4960960902657,27.4810023198492,27.5614772692013,27.5313064183988,27.5413643354891,27.5665048985609,27.551421285667,27.5413643354891,27.4105358961847,27.3954297650103,27.4306740081185,27.3299446101592,27.3299446101592,27.2593761790295,27.3047470746531,27.3148268185636,27.178668068929,27.1887599981537
27.1584812802121,27.193805596602,27.234161600755,27.2644183636851,27.2795434562661,27.2240740631453,27.3450602134443,27.2946663574817,27.355136067025,27.3500982617396,27.3249055894848,27.3450602134443,27.3047470746531,27.2896256338382,27.4306740081185,27.355136067025,27.2896256338382,27.385357797423,27.3299446101592,27.309787068249,27.3148268185636,27.340021922105,27.3148268185636,27.4155707879898,27.1635283437601,27.1736217380844,27.2896256338382,27.2745020022695,27.3652109487011,27.2644183636851,27.2240740631453,27.2543337507527,27.2845846667777,27.3249055894848,27.340021922105,27.3450602134443,27.4004653847288,27.309787068249,27.3450602134443,27.3450602134443,27.4256398439229,27.3803214494867,27.3903939025862,27.4004653847288,27.3803214494867,27.3652109487011,27.3803214494867,27.385357797423,27.3702480251596,27.4508082405489,27.5966656031286,27.9078187463413,27.9879666938923,28.0830630023446,28.0930681351701,27.9579183838364,27.9028074670123,27.8276095391327,27.6117426966131,27.5262770971775,27.4860338187415,27.5815863374129,27.4659063702468,27.4910650755359,27.4860338187415,27.5463929314253,27.5614772692013,27.5363354978248,27.3652109487011,27.4709385956355,27.5011268629649,27.4256398439229,27.4206054372245,27.4508082405489,27.4055007617757,27.4407416091366,27.4256398439229,27.5363354978248,27.5715322863604,27.6167679118797,27.5866130007331,28.0230121922066,27.8175790741614,27.7322813525865,27.7623943574465,27.7172216044382,27.5614772692013,27.6921172126096,27.7272616770383,27.8426534379831,27.7272616770383,27.7373007876777,27.7573761241401,27.9529094959747,28.1030723156867,28.0880656878123,28.1030723156867,28.1080740489112,27.9479003691149,27.7523576505433,27.837639044803,27.7573761241401,27.8225944265762,27.8025315774346,27.7322813525865,27.6921172126096,27.8175790741614,27.837639044803,27.892784190336,27.9078187463413,27.837639044803,27.8326244118639,27.892784190336,27.812563481855,27.9729436137625,27.8627086137778,27.8827599560813,27.7975152652541,27.8526815051994,27.6569609527223,27.5614772692013,27.7272616770383,27.5614772692013,27.5765594326333,27.5463929314253,27.5715322863604,27.5413643354891,27.6720293663216,27.6469141389248,27.6167679118797,27.5665048985609,27.6670068026902,27.5212475341273,27.6016915422711,27.6368663610303,27.6469141389248,27.6117426966131,27.6167679118797,27.6971385722891,27.6016915422711,27.5916394226271,27.7623943574465,27.7122012073196,27.6921172126096,27.6217928859212,27.6720293663216,27.5665048985609,27.6469141389248,27.5815863374129,27.4960960902657,27.6067172400882,27.6418903705064,27.631842110463,27.7272616770383,27.5966656031286,27.6117426966131,27.6117426966131,27.6268176187712,27.6418903705064,27.5212475341273,27.6268176187712,27.5011268629649,27.5011268629649,27.7924987130493,27.6117426966131,27.6418903705064,27.6720293663216,27.7122012073196,27.6067172400882,27.6921172126096,27.6418903705064,27.6067172400882,27.7473389366228,27.6971385722891,27.7874819207868,27.6670068026902,27.7222417610001,27.7071805696107,27.7322813525865,27.7122012073196,27.5916394226271,27.6016915422711,27.5564493982478,27.551421285667,27.5866130007331,27.5715322863604,27.5262770971775,27.5614772692013,27.5564493982478,27.5815863374129,27.7071805696107,27.9779515459613,28.2330401214815,28.1380794518489,27.9729436137625,28.0230121922066,28.0130003858666,28.0079941248089,27.9879666938923,27.9028074670123,27.7724301033211,27.6770516890958,27.7172216044382,27.5916394226271,27.651937666319,27.6469141389248,27.5313064183988,27.5162177292145,27.6016915422711,27.5262770971775,27.5765594326333,27.5011268629649,27.4810023198492,27.4910650755359,27.6569609527223,27.5463929314253,27.6016915422711,27.6268176187712,27.5212475341273,27.5162177292145,27.4457750460266,27.551421285667,27.5262770971775,27.5363354978248,27.5564493982478,27.5313064183988,27.4709385956355,27.5413643354891,27.5665048985609,27.551421285667,27.4155707879898,27.4055007617757,27.4256398439229,27.3500982617396,27.3299446101592,27.2896256338382,27.2442481632001,27.3349833876879,27.193805596602,27.2543337507527
27.4055007617757,27.1736217380844,27.2139855500982,27.2694603047538,27.4055007617757,27.3299446101592,27.3450602134443,27.475970578825,27.4206054372245,27.340021922105,27.4256398439229,27.3903939025862,27.2997068377419,27.3047470746531,27.3047470746531,27.3702480251596,27.4357079298451,27.309787068249,27.385357797423,27.3450602134443,27.355136067025,27.3047470746531,27.3047470746531,27.2543337507527,27.2644183636851,27.2291179538628,27.2946663574817,27.2896256338382,27.4105358961847,27.2392050038562,27.2089409277006,27.2543337507527,27.2644183636851,27.4910650755359,27.3500982617396,27.3249055894848,27.2896256338382,27.3198663256309,27.3903939025862,27.4256398439229,27.4508082405489,27.4709385956355,27.3954297650103,27.4105358961847,27.3752848587436,27.4055007617757,27.4155707879898,27.4004653847288,27.4457750460266,27.8326244118639,27.9529094959747,28.0730569169481,28.0930681351701,28.043032942706,27.9529094959747,27.7373007876777,27.6016915422711,27.6117426966131,27.5212475341273,27.5916394226271,27.4357079298451,27.4508082405489,27.4709385956355,27.4357079298451,27.4910650755359,27.5262770971775,27.5313064183988,27.4709385956355,27.475970578825,27.4256398439229,27.4155707879898,27.4206054372245,27.4457750460266,27.4055007617757,27.3601736293342,27.3803214494867,27.4659063702468,27.5111876824057,27.631842110463,27.4306740081185,27.8025315774346,28.0780600787342,27.7122012073196,27.7071805696107,27.6971385722891,27.6971385722891,27.6670068026902,27.6921172126096,27.6971385722891,27.8576951793018,27.9729436137625,27.8977959483549,28.048037534235,28.1330791460061,28.0730569169481,28.0980703444506,28.0780600787342,27.962927032733,27.7924987130493,27.6368663610303,27.7322813525865,27.7573761241401,27.7623943574465,27.7623943574465,27.7423199823454,27.6971385722891,27.7874819207868,27.812563481855,27.8677218086608,27.8526815051994,27.7373007876777,27.651937666319,27.7373007876777,27.8877721929225,27.8025315774346,27.8526815051994,27.7623943574465,27.7674123504958,27.8426534379831,27.7724301033211,27.7623943574465,27.6016915422711,27.6670068026902,27.5916394226271,27.5413643354891,27.5614772692013,27.5413643354891,27.5665048985609,27.6067172400882,27.631842110463,27.5111876824057,27.6167679118797,27.7122012073196,27.7222417610001,27.7222417610001,27.6569609527223,27.6921172126096,27.6971385722891,27.7423199823454,27.6117426966131,27.5815863374129,27.6720293663216,27.7272616770383,27.6368663610303,27.6820737710463,27.631842110463,27.6016915422711,27.475970578825,27.4960960902657,27.5815863374129,27.5916394226271,27.6067172400882,27.6167679118797,27.6469141389248,27.6067172400882,27.6418903705064,27.6217928859212,27.631842110463,27.5413643354891,27.6167679118797,27.5262770971775,27.5262770971775,27.5715322863604,27.5614772692013,27.5715322863604,27.6117426966131,27.5866130007331,27.6067172400882,27.5916394226271,27.6067172400882,27.6117426966131,27.5313064183988,27.4960960902657,27.5614772692013,27.6167679118797,27.6268176187712,27.651937666319,27.7222417610001,27.7021596912783,27.7272616770383,27.7222417610001,27.7172216044382,27.7122012073196,27.5815863374129,27.5715322863604,27.5212475341273,27.5111876824057,27.5916394226271,27.5815863374129,27.5212475341273,27.5262770971775,27.6619839981682,27.7623943574465,27.9679354426974,28.0280177375547,28.0230121922066,27.9979808867536,27.8727347639835,27.982959239327,27.9479003691149,27.7924987130493,27.7272616770383,27.6921172126096,27.6820737710463,27.6619839981682,27.4910650755359,27.651937666319,27.4910650755359,27.551421285667,27.6720293663216,27.4960960902657,27.475970578825,27.5111876824057,27.6067172400882,27.6469141389248,27.5916394226271,27.6619839981682,27.5916394226271,27.5463929314253,27.5363354978248,27.5262770971775,27.5363354978248,27.5363354978248,27.4659063702468,27.5765594326333,27.4608739026253,27.5966656031286,27.6067172400882,27.5765594326333,27.6117426966131,27.5111876824057,27.4508082405489,27.3903939025862,27.4206054372245,27.3702480251596,27.3249055894848,27.3198663256309,27.3299446101592,27.2593761790295,27.2593761790295
27.4810023198492,27.3954297650103,27.2291179538628,27.3299446101592,27.3903939025862,27.340021922105,27.3249055894848,27.4206054372245,27.340021922105,27.4155707879898,27.2038960613414,27.3601736293342,27.3652109487011,27.3752848587436,27.475970578825,27.4155707879898,27.4256398439229,27.3500982617396,27.3249055894848,27.3803214494867,27.3198663256309,27.309787068249,27.3249055894848,27.2543337507527,27.2694603047538,27.1837141556074,27.2644183636851,27.2644183636851,27.309787068249,27.3652109487011,27.2291179538628,27.3349833876879,27.3500982617396,27.385357797423,27.2946663574817,27.3500982617396,27.2745020022695,27.2845846667777,27.4155707879898,27.3249055894848,27.3702480251596,27.2392050038562,27.3652109487011,27.4860338187415,27.506157393667,27.4608739026253,27.4659063702468,27.631842110463,27.8276095391327,28.0830630023446,28.1030723156867,28.0980703444506,27.9579183838364,27.7523576505433,27.7122012073196,27.6016915422711,27.4256398439229,27.4155707879898,27.4357079298451,27.6117426966131,27.3601736293342,27.4256398439229,27.4860338187415,27.4306740081185,27.5212475341273,27.5011268629649,27.5162177292145,27.506157393667,27.4256398439229,27.4055007617757,27.4055007617757,27.4206054372245,27.385357797423,27.5111876824057,27.3752848587436,27.4306740081185,27.5665048985609,27.5966656031286,27.5313064183988,27.5966656031286,27.8326244118639,27.8777474797793,27.8326244118639,27.7071805696107,27.7021596912783,27.6720293663216,27.6921172126096,27.892784190336,28.0730569169481,28.0680535169536,28.063049878718,27.9779515459613,28.1230778208426,28.1230778208426,28.1730749366739,28.1180768014564,28.1780733411736,27.9929739096901,27.7523576505433,27.7523576505433,27.6569609527223,27.7272616770383,27.7724301033211,27.7071805696107,27.7373007876777,27.7373007876777,27.8677218086608,27.7172216044382,27.837639044803,27.6418903705064,27.7322813525865,27.7071805696107,27.8426534379831,27.8225944265762,27.6820737710463,27.6619839981682,27.7021596912783,27.7021596912783,27.7322813525865,27.7623943574465,27.7975152652541,27.8827599560813,27.8075476496238,27.6820737710463,27.5715322863604,27.6569609527223,27.6418903705064,27.6770516890958,27.5916394226271,27.5313064183988,27.5011268629649,27.6418903705064,27.6921172126096,27.7071805696107,27.7523576505433,27.6670068026902,27.6971385722891,27.7222417610001,27.6619839981682,27.6368663610303,27.5966656031286,27.8025315774346,27.7573761241401,27.6268176187712,27.6418903705064,27.5665048985609,27.6067172400882,27.506157393667,27.4860338187415,27.4206054372245,27.5765594326333,27.6368663610303,27.6016915422711,27.6217928859212,27.5916394226271,27.6167679118797,27.6016915422711,27.4508082405489,27.4508082405489,27.5463929314253,27.5363354978248,27.551421285667,27.4810023198492,27.4709385956355,27.5463929314253,27.6016915422711,27.5564493982478,27.5765594326333,27.5966656031286,27.6217928859212,27.5715322863604,27.6217928859212,27.6569609527223,27.5665048985609,27.6268176187712,27.6268176187712,27.7874819207868,27.7423199823454,27.651937666319,27.6870956122065,27.7373007876777,27.7322813525865,27.7222417610001,27.7172216044382,27.5665048985609,27.5715322863604,27.5413643354891,27.5765594326333,27.6167679118797,27.5111876824057,27.6117426966131,27.551421285667,27.7322813525865,27.8175790741614,28.0330230443987,28.0029876251156,27.9729436137625,28.0380281127715,27.8977959483549,27.9779515459613,27.9328715542163,27.7222417610001,27.6921172126096,27.7122012073196,27.5262770971775,27.5815863374129,27.6167679118797,27.631842110463,27.6368663610303,27.5111876824057,27.506157393667,27.5765594326333,27.5765594326333,27.5715322863604,27.5916394226271,27.5866130007331,27.7172216044382,27.5614772692013,27.5916394226271,27.4810023198492,27.5463929314253,27.5866130007331,27.5765594326333,27.5614772692013,27.6569609527223,27.6569609527223,27.6720293663216,27.5966656031286,27.5614772692013,27.5966656031286,27.5011268629649,27.4004653847288,27.3903939025862,27.4256398439229,27.4055007617757,27.3299446101592,27.2795434562661,27.3047470746531,27.2139855500982,27.2038960613414
27.4206054372245,27.4558411927372,27.3601736293342,27.4256398439229,27.4155707879898,27.3249055894848,27.385357797423,27.3903939025862,27.3500982617396,27.3450602134443,27.385357797423,27.3349833876879,27.355136067025,27.4910650755359,27.4256398439229,27.4055007617757,27.4860338187415,27.3954297650103,27.2745020022695,27.2593761790295,27.385357797423,27.3349833876879,27.2492910788209,27.2896256338382,27.2139855500982,27.1736217380844,27.2492910788209,27.2442481632001,27.2845846667777,27.2593761790295,27.2946663574817,27.3148268185636,27.3450602134443,27.506157393667,27.2745020022695,27.2644183636851,27.1180959740562,27.340021922105,27.3903939025862,27.355136067025,27.3652109487011,27.2845846667777,27.3903939025862,27.3803214494867,27.506157393667,27.6569609527223,27.8677218086608,27.982959239327,28.0730569169481,28.0830630023446,28.0980703444506,27.7573761241401,27.6720293663216,27.6418903705064,27.4709385956355,27.5262770971775,27.4608739026253,27.4306740081185,27.4910650755359,27.4558411927372,27.4407416091366,27.4810023198492,27.4357079298451,27.5262770971775,27.4960960902657,27.5313064183988,27.5313064183988,27.5011268629649,27.4659063702468,27.4306740081185,27.4105358961847,27.4105358961847,27.4910650755359,27.2644183636851,27.4457750460266,27.4256398439229,27.5866130007331,27.6016915422711,27.6016915422711,27.6167679118797,27.8677218086608,27.9278614710339,28.043032942706,27.8677218086608,27.8276095391327,27.8827599560813,27.8627086137778,28.0880656878123,28.1130755441568,28.043032942706,28.0880656878123,27.9328715542163,28.1180768014564,28.1280786023483,28.2080587813783,28.258015532538,28.0980703444506,27.9979808867536,27.8025315774346,27.7924987130493,27.7523576505433,27.7874819207868,27.7122012073196,27.7071805696107,27.6921172126096,27.6921172126096,27.6870956122065,27.6870956122065,27.6770516890958,27.5866130007331,27.7674123504958,27.7122012073196,27.7924987130493,27.7172216044382,27.5765594326333,27.631842110463,27.6820737710463,27.6016915422711,27.5866130007331,27.6418903705064,27.6770516890958,27.8175790741614,27.8627086137778,27.8777474797793,27.8326244118639,27.8025315774346,27.7071805696107,27.6770516890958,27.6670068026902,27.6117426966131,27.6569609527223,27.7021596912783,27.6820737710463,27.6368663610303,27.7122012073196,27.6418903705064,27.6217928859212,27.6619839981682,27.7272616770383,27.7423199823454,27.6720293663216,27.7674123504958,27.7272616770383,27.6217928859212,27.6217928859212,27.6167679118797,27.5463929314253,27.6921172126096,27.5262770971775,27.4105358961847,27.5916394226271,27.6167679118797,27.7122012073196,27.6569609527223,27.7322813525865,27.6067172400882,27.6368663610303,27.7423199823454,27.5916394226271,27.631842110463,27.5866130007331,27.3500982617396,27.4910650755359,27.5212475341273,27.4306740081185,27.5665048985609,27.5363354978248,27.5262770971775,27.5815863374129,27.6971385722891,27.6217928859212,27.5966656031286,27.4960960902657,27.4860338187415,27.6067172400882,27.6067172400882,27.5665048985609,27.7272616770383,27.6619839981682,27.6619839981682,27.7122012073196,27.5966656031286,27.6418903705064,27.551421285667,27.5614772692013,27.551421285667,27.5212475341273,27.5111876824057,27.5564493982478,27.6368663610303,27.4709385956355,27.5463929314253,27.631842110463,27.7322813525865,27.837639044803,27.8476675914376,27.982959239327,28.0130003858666,27.9078187463413,27.7724301033211,27.7824648884334,27.7021596912783,27.6670068026902,27.6770516890958,27.6016915422711,27.651937666319,27.5966656031286,27.6418903705064,27.6770516890958,27.6016915422711,27.6117426966131,27.5262770971775,27.4659063702468,27.5011268629649,27.5413643354891,27.5715322863604,27.6569609527223,27.5162177292145,27.5665048985609,27.4960960902657,27.4659063702468,27.506157393667,27.4709385956355,27.4810023198492,27.5162177292145,27.4508082405489,27.6268176187712,27.4558411927372,27.4960960902657,27.551421285667,27.4558411927372,27.4860338187415,27.3752848587436,27.4055007617757,27.385357797423,27.3047470746531,27.2997068377419,27.193805596602,27.3047470746531,27.2038960613414
27.7573761241401,27.631842110463,27.4860338187415,27.3903939025862,27.3954297650103,27.2392050038562,27.355136067025,27.3249055894848,27.3500982617396,27.5262770971775,27.3349833876879,27.3601736293342,27.4357079298451,27.4810023198492,27.551421285667,27.3249055894848,27.4105358961847,27.3803214494867,27.2896256338382,27.3752848587436,27.3954297650103,27.3198663256309,27.3803214494867,27.3702480251596,27.2593761790295,27.178668068929,27.2644183636851,27.2896256338382,27.3249055894848,27.3752848587436,27.2946663574817,27.3652109487011,27.340021922105,27.3652109487011,27.2694603047538,27.2694603047538,27.2593761790295,27.2896256338382,27.3500982617396,27.4306740081185,27.3299446101592,27.2291179538628,27.4558411927372,27.3652109487011,27.5966656031286,27.9378813982687,28.0530418873914,27.9929739096901,27.9479003691149,27.9078187463413,27.7573761241401,27.5916394226271,27.5916394226271,27.5866130007331,27.4709385956355,27.4860338187415,27.4608739026253,27.4508082405489,27.4608739026253,27.4558411927372,27.4860338187415,27.475970578825,27.4508082405489,27.4155707879898,27.4860338187415,27.5162177292145,27.5111876824057,27.6117426966131,27.5765594326333,27.5765594326333,27.4206054372245,27.4709385956355,27.4306740081185,27.4004653847288,27.4206054372245,27.3702480251596,27.4659063702468,27.7874819207868,27.8827599560813,27.8677218086608,27.9128297863749,27.8276095391327,27.8225944265762,27.8426534379831,27.8426534379831,27.8827599560813,28.0580460022081,28.0880656878123,28.0029876251156,28.0780600787342,28.0880656878123,27.9178405871461,27.9278614710339,27.9729436137625,27.9879666938923,27.9979808867536,28.1130755441568,28.0930681351701,27.9879666938923,27.8025315774346,27.7924987130493,27.7874819207868,27.7975152652541,27.7172216044382,27.651937666319,27.6619839981682,27.6067172400882,27.837639044803,27.5866130007331,27.6569609527223,27.6670068026902,27.8175790741614,27.7373007876777,27.6418903705064,27.6167679118797,27.5815863374129,27.5815863374129,27.6016915422711,27.6268176187712,27.5916394226271,27.6820737710463,27.6971385722891,27.6368663610303,27.7373007876777,27.6619839981682,27.7874819207868,27.7874819207868,27.7122012073196,27.6770516890958,27.6469141389248,27.6268176187712,27.7071805696107,27.6368663610303,27.7322813525865,27.7122012073196,27.6469141389248,27.6268176187712,27.6569609527223,27.6217928859212,27.6117426966131,27.7674123504958,27.7824648884334,27.6368663610303,27.5111876824057,27.5463929314253,27.4910650755359,27.5463929314253,27.5966656031286,27.5715322863604,27.5765594326333,27.7071805696107,27.5564493982478,27.6469141389248,27.6217928859212,27.6167679118797,27.6569609527223,27.7473389366228,27.7674123504958,27.7674123504958,27.7122012073196,27.6418903705064,27.475970578825,27.4508082405489,27.5313064183988,27.3752848587436,27.4256398439229,27.4558411927372,27.5262770971775,27.5363354978248,27.6670068026902,27.6368663610303,27.4709385956355,27.4860338187415,27.4810023198492,27.5916394226271,27.5463929314253,27.6117426966131,27.5866130007331,27.5765594326333,27.6619839981682,27.7021596912783,27.6670068026902,27.5866130007331,27.5916394226271,27.5463929314253,27.5463929314253,27.5463929314253,27.5614772692013,27.6670068026902,27.5111876824057,27.5011268629649,27.6117426966131,27.5916394226271,27.5262770971775,27.7222417610001,27.8326244118639,27.7373007876777,27.9879666938923,27.8777474797793,27.8426534379831,27.8225944265762,27.8075476496238,27.6720293663216,27.5463929314253,27.5111876824057,27.631842110463,27.551421285667,27.5715322863604,27.6268176187712,27.5212475341273,27.6720293663216,27.5111876824057,27.5313064183988,27.5262770971775,27.5765594326333,27.6418903705064,27.6870956122065,27.5815863374129,27.5966656031286,27.5966656031286,27.4860338187415,27.5866130007331,27.4810023198492,27.5262770971775,27.551421285667,27.6569609527223,27.6619839981682,27.5715322863604,27.5212475341273,27.6569609527223,27.5866130007331,27.4810023198492,27.4810023198492,27.4508082405489,27.3752848587436,27.2997068377419,27.309787068249,27.309787068249,27.2038960613414,27.3249055894848
27.6418903705064,27.6368663610303,27.4558411927372,27.4155707879898,27.4407416091366,27.3752848587436,27.355136067025,27.3702480251596,27.3702480251596,27.3249055894848,27.3299446101592,27.3349833876879,27.2240740631453,27.3652109487011,27.4256398439229,27.3903939025862,27.4055007617757,27.385357797423,27.3954297650103,27.3652109487011,27.3601736293342,27.3349833876879,27.3349833876879,27.3752848587436,27.4709385956355,27.6167679118797,27.3249055894848,27.309787068249,27.2492910788209,27.3450602134443,27.3249055894848,27.3047470746531,27.2896256338382,27.355136067025,27.2492910788209,27.2543337507527,27.1988509509866,27.3702480251596,27.5111876824057,27.506157393667,27.5162177292145,27.234161600755,27.4608739026253,27.3702480251596,27.6670068026902,27.9428910032239,27.9579183838364,28.0079941248089,28.0530418873914,27.8476675914376,27.651937666319,27.4608739026253,27.506157393667,27.475970578825,27.2694603047538,27.4457750460266,27.4055007617757,27.4306740081185,27.3803214494867,27.4960960902657,27.3652109487011,27.4608739026253,27.4860338187415,27.5162177292145,27.5363354978248,27.5614772692013,27.5815863374129,27.5966656031286,27.5966656031286,27.4105358961847,27.4256398439229,27.4608739026253,27.4155707879898,27.2896256338382,27.4206054372245,27.355136067025,27.506157393667,27.7874819207868,27.8476675914376,27.6569609527223,27.8225944265762,27.6720293663216,27.9178405871461,28.0280177375547,28.0280177375547,27.8777474797793,28.1030723156867,27.8877721929225,27.7824648884334,27.8627086137778,27.8877721929225,27.7473389366228,27.7874819207868,27.7573761241401,27.6870956122065,27.8326244118639,27.8777474797793,27.9929739096901,28.0280177375547,27.9529094959747,28.0680535169536,27.9278614710339,27.777447615956,27.7874819207868,27.7021596912783,27.631842110463,27.6619839981682,27.6770516890958,27.7523576505433,27.6167679118797,27.5665048985609,27.7523576505433,27.7172216044382,27.6217928859212,27.6117426966131,27.6368663610303,27.6368663610303,27.6268176187712,27.5715322863604,27.6016915422711,27.5765594326333,27.5463929314253,27.6016915422711,27.7071805696107,27.7674123504958,27.6971385722891,27.8025315774346,27.8075476496238,27.7071805696107,27.6469141389248,27.7523576505433,27.7322813525865,27.6368663610303,27.5966656031286,27.6619839981682,27.6418903705064,27.6418903705064,27.5966656031286,27.6117426966131,27.7573761241401,27.7724301033211,27.6720293663216,27.6217928859212,27.5966656031286,27.506157393667,27.5313064183988,27.5363354978248,27.4810023198492,27.5815863374129,27.5815863374129,27.6921172126096,27.7021596912783,27.5916394226271,27.6469141389248,27.6418903705064,27.6217928859212,27.8025315774346,27.8276095391327,27.8426534379831,27.7071805696107,27.6971385722891,27.5715322863604,27.4004653847288,27.4105358961847,27.4960960902657,27.5011268629649,27.4558411927372,27.5916394226271,27.6067172400882,27.6368663610303,27.5866130007331,27.5313064183988,27.5262770971775,27.4659063702468,27.4558411927372,27.5815863374129,27.5614772692013,27.6067172400882,27.6770516890958,27.5916394226271,27.6971385722891,27.7021596912783,27.6067172400882,27.6418903705064,27.5313064183988,27.5363354978248,27.5162177292145,27.506157393667,27.5212475341273,27.651937666319,27.5162177292145,27.5011268629649,27.4306740081185,27.4508082405489,27.6268176187712,27.7373007876777,27.7473389366228,27.7423199823454,27.7122012073196,27.8276095391327,27.7874819207868,27.6870956122065,27.6368663610303,27.631842110463,27.5916394226271,27.6619839981682,27.6720293663216,27.5916394226271,27.6619839981682,27.5665048985609,27.475970578825,27.4860338187415,27.6067172400882,27.475970578825,27.5966656031286,27.475970578825,27.6217928859212,27.7674123504958,27.6067172400882,27.5866130007331,27.5715322863604,27.4860338187415,27.5665048985609,27.4810023198492,27.5765594326333,27.4810023198492,27.4306740081185,27.5564493982478,27.5866130007331,27.5162177292145,27.506157393667,27.4659063702468,27.3652109487011,27.3500982617396,27.3450602134443,27.3047470746531,27.2190299285684,27.2997068377419,27.2492910788209,27.2845846667777
27.6418903705064,27.506157393667,27.4457750460266,27.4256398439229,27.4105358961847,27.3752848587436,27.3954297650103,27.3702480251596,27.340021922105,27.2946663574817,27.3450602134443,27.4055007617757,27.3500982617396,27.4105358961847,27.340021922105,27.355136067025,27.2896256338382,27.2946663574817,27.3903939025862,27.3652109487011,27.3652109487011,27.3299446101592,27.3047470746531,27.340021922105,27.6418903705064,27.8426534379831,27.4608739026253,27.4256398439229,27.4558411927372,27.4608739026253,27.4508082405489,27.2745020022695,27.2593761790295,27.3450602134443,27.3450602134443,27.2190299285684,27.3652109487011,27.8025315774346,27.9929739096901,27.9078187463413,27.7924987130493,27.355136067025,27.4558411927372,27.6820737710463,27.837639044803,27.8276095391327,27.8175790741614,27.8526815051994,28.0029876251156,27.6720293663216,27.7674123504958,27.5866130007331,27.5815863374129,27.5564493982478,27.6469141389248,27.8175790741614,27.9228511486881,27.7573761241401,27.7322813525865,27.5665048985609,27.5815863374129,27.5765594326333,27.5916394226271,27.6268176187712,27.6971385722891,27.7874819207868,27.6469141389248,27.551421285667,27.5111876824057,27.5463929314253,27.551421285667,27.4357079298451,27.3954297650103,27.4508082405489,27.3652109487011,27.475970578825,27.475970578825,27.6720293663216,27.7874819207868,27.9729436137625,27.9328715542163,28.1680762946208,28.1630774149815,28.1580782977234,28.0580460022081,27.8426534379831,27.8075476496238,27.6870956122065,27.7874819207868,27.7021596912783,27.7322813525865,27.8175790741614,27.7122012073196,27.6670068026902,27.6619839981682,27.6670068026902,27.7674123504958,27.6820737710463,27.6619839981682,27.7924987130493,27.9529094959747,28.0730569169481,28.0029876251156,27.7373007876777,27.651937666319,27.6770516890958,27.6921172126096,27.8827599560813,27.7122012073196,27.5463929314253,27.7423199823454,27.7373007876777,27.6268176187712,27.5363354978248,27.5665048985609,27.4960960902657,27.6268176187712,27.5866130007331,27.6569609527223,27.6067172400882,27.5815863374129,27.7523576505433,27.6921172126096,27.6770516890958,27.5916394226271,27.6820737710463,27.7322813525865,27.6619839981682,27.6820737710463,27.8025315774346,27.6067172400882,27.6217928859212,27.5011268629649,27.6368663610303,27.6268176187712,27.651937666319,27.5665048985609,27.6971385722891,27.6368663610303,27.7021596912783,27.6217928859212,27.5111876824057,27.6368663610303,27.4960960902657,27.5564493982478,27.475970578825,27.5363354978248,27.4306740081185,27.551421285667,27.5815863374129,27.5463929314253,27.6067172400882,27.6368663610303,27.6268176187712,27.6971385722891,27.777447615956,27.7924987130493,27.8426534379831,27.9679354426974,27.8175790741614,27.7975152652541,27.7122012073196,27.6067172400882,27.475970578825,27.4608739026253,27.5413643354891,27.4659063702468,27.475970578825,27.5916394226271,27.6268176187712,27.6167679118797,27.5765594326333,27.5212475341273,27.4709385956355,27.4860338187415,27.5011268629649,27.4810023198492,27.651937666319,27.6368663610303,27.6870956122065,27.6770516890958,27.7071805696107,27.6720293663216,27.6820737710463,27.6418903705064,27.5363354978248,27.4508082405489,27.5463929314253,27.4910650755359,27.5363354978248,27.5212475341273,27.6418903705064,27.4810023198492,27.551421285667,27.6268176187712,27.7473389366228,27.7924987130493,27.7373007876777,27.7975152652541,27.7824648884334,27.777447615956,27.5916394226271,27.6670068026902,27.6469141389248,27.6217928859212,27.5866130007331,27.4910650755359,27.4810023198492,27.475970578825,27.5916394226271,27.5665048985609,27.5363354978248,27.4860338187415,27.4709385956355,27.4960960902657,27.5111876824057,27.5966656031286,27.6720293663216,27.6016915422711,27.5765594326333,27.506157393667,27.506157393667,27.5162177292145,27.4860338187415,27.5614772692013,27.6117426966131,27.6268176187712,27.5463929314253,27.5614772692013,27.506157393667,27.5212475341273,27.4357079298451,27.3249055894848,27.4256398439229,27.2845846667777,27.340021922105,27.2139855500982,27.2593761790295,27.2997068377419,27.2442481632001
27.4206054372245,27.3349833876879,27.4256398439229,27.2442481632001,27.3249055894848,27.2745020022695,27.2795434562661,27.2997068377419,27.3450602134443,27.3450602134443,27.2442481632001,27.3198663256309,27.3198663256309,27.2845846667777,27.340021922105,27.309787068249,27.2795434562661,27.3450602134443,27.2593761790295,27.2492910788209,27.3249055894848,27.3198663256309,27.2896256338382,27.4810023198492,27.6971385722891,27.7523576505433,27.6067172400882,27.4860338187415,27.6016915422711,27.631842110463,27.4860338187415,27.4357079298451,27.2543337507527,27.1736217380844,27.2644183636851,27.3349833876879,27.506157393667,27.9128297863749,27.9278614710339,27.962927032733,27.5363354978248,27.506157393667,27.4256398439229,27.551421285667,27.5815863374129,27.5212475341273,27.5665048985609,27.7222417610001,27.651937666319,27.6619839981682,27.5011268629649,27.5815863374129,27.5665048985609,27.5665048985609,27.7623943574465,27.9078187463413,27.9028074670123,27.9428910032239,27.982959239327,27.7322813525865,27.5866130007331,27.6820737710463,27.5916394226271,27.6619839981682,27.6720293663216,27.8025315774346,27.5715322863604,27.5363354978248,27.4860338187415,27.4306740081185,27.385357797423,27.5011268629649,27.3903939025862,27.4508082405489,27.4659063702468,27.5715322863604,27.7122012073196,27.7824648884334,27.7924987130493,28.0280177375547,28.1580782977234,28.1780733411736,28.14807935022,27.9729436137625,27.7674123504958,27.6820737710463,27.5413643354891,27.5665048985609,27.6217928859212,27.6670068026902,27.8025315774346,27.6619839981682,27.6921172126096,27.6770516890958,27.7322813525865,27.7172216044382,27.6770516890958,27.7122012073196,27.7975152652541,27.812563481855,27.7523576505433,27.8777474797793,27.9278614710339,28.0230121922066,27.8777474797793,27.7824648884334,27.6670068026902,27.7423199823454,27.6569609527223,27.6619839981682,27.7423199823454,27.6016915422711,27.6117426966131,27.5614772692013,27.5162177292145,27.4960960902657,27.5765594326333,27.631842110463,27.6670068026902,27.6921172126096,27.5966656031286,27.5715322863604,27.6268176187712,27.6217928859212,27.5665048985609,27.5765594326333,27.651937666319,27.551421285667,27.5463929314253,27.6619839981682,27.7071805696107,27.7523576505433,27.5715322863604,27.4558411927372,27.5665048985609,27.5111876824057,27.5815863374129,27.5765594326333,27.651937666319,27.6217928859212,27.5212475341273,27.5111876824057,27.6067172400882,27.506157393667,27.5765594326333,27.6117426966131,27.506157393667,27.4457750460266,27.5162177292145,27.4105358961847,27.6217928859212,27.6117426966131,27.6067172400882,27.6670068026902,27.631842110463,27.651937666319,27.7573761241401,27.7724301033211,27.8627086137778,27.8175790741614,27.6971385722891,27.6921172126096,27.5413643354891,27.5313064183988,27.4910650755359,27.4709385956355,27.5011268629649,27.5866130007331,27.5866130007331,27.5665048985609,27.5765594326333,27.4306740081185,27.4960960902657,27.4659063702468,27.4155707879898,27.475970578825,27.5715322863604,27.5866130007331,27.6720293663216,27.5966656031286,27.651937666319,27.6971385722891,27.6870956122065,27.6619839981682,27.5313064183988,27.475970578825,27.5413643354891,27.4105358961847,27.5212475341273,27.4105358961847,27.4155707879898,27.6217928859212,27.5614772692013,27.6167679118797,27.7423199823454,27.6117426966131,27.6016915422711,27.6569609527223,27.7071805696107,27.777447615956,27.7071805696107,27.5916394226271,27.5614772692013,27.5463929314253,27.6720293663216,27.5966656031286,27.5614772692013,27.475970578825,27.4860338187415,27.4810023198492,27.4810023198492,27.475970578825,27.551421285667,27.4709385956355,27.5564493982478,27.4910650755359,27.4910650755359,27.5815863374129,27.5162177292145,27.5011268629649,27.5413643354891,27.4960960902657,27.506157393667,27.4709385956355,27.4860338187415,27.5111876824057,27.4860338187415,27.4306740081185,27.4256398439229,27.4709385956355,27.4960960902657,27.4407416091366,27.309787068249,27.340021922105,27.234161600755,27.2845846667777,27.1988509509866,27.2139855500982,27.2240740631453,27.2442481632001
27.4357079298451,27.3954297650103,27.2240740631453,27.2896256338382,27.3249055894848,27.2291179538628,27.2190299285684,27.3299446101592,27.3299446101592,27.3349833876879,27.3349833876879,27.3954297650103,27.3349833876879,27.2997068377419,27.2845846667777,27.2745020022695,27.2745020022695,27.2593761790295,27.2644183636851,27.2240740631453,27.3047470746531,27.3450602134443,27.3601736293342,27.4558411927372,27.551421285667,27.4709385956355,27.6921172126096,27.7423199823454,27.7523576505433,27.6670068026902,27.4256398439229,27.2543337507527,27.3299446101592,27.234161600755,27.3450602134443,27.3500982617396,27.6670068026902,27.9178405871461,27.5916394226271,27.6217928859212,27.4256398439229,27.3903939025862,27.3652109487011,27.5916394226271,27.5111876824057,27.3903939025862,27.5111876824057,27.5162177292145,27.6569609527223,27.4709385956355,27.3601736293342,27.5363354978248,27.355136067025,27.5363354978248,27.6117426966131,27.6268176187712,27.7071805696107,27.7172216044382,27.7724301033211,27.6469141389248,27.5866130007331,27.6268176187712,27.5866130007331,27.6720293663216,27.6670068026902,27.6368663610303,27.6820737710463,27.5665048985609,27.5665048985609,27.5162177292145,27.5212475341273,27.385357797423,27.5111876824057,27.506157393667,27.6067172400882,27.4457750460266,27.7975152652541,27.8225944265762,28.1030723156867,28.1780733411736,28.1780733411736,28.0330230443987,27.9428910032239,27.8677218086608,27.8426534379831,27.6418903705064,27.6117426966131,27.551421285667,27.6569609527223,27.5916394226271,27.7874819207868,27.651937666319,27.651937666319,27.651937666319,27.6820737710463,27.6720293663216,27.7222417610001,27.8225944265762,27.8326244118639,27.7523576505433,27.7674123504958,27.7122012073196,27.6870956122065,27.7975152652541,27.9428910032239,28.0029876251156,27.9979808867536,27.8175790741614,27.7724301033211,27.7975152652541,27.7322813525865,27.7272616770383,27.7122012073196,27.5966656031286,27.5815863374129,27.5614772692013,27.6670068026902,27.6217928859212,27.7674123504958,27.6117426966131,27.5866130007331,27.6569609527223,27.6117426966131,27.5815863374129,27.7272616770383,27.5564493982478,27.631842110463,27.5212475341273,27.5966656031286,27.551421285667,27.6268176187712,27.6368663610303,27.5966656031286,27.5815863374129,27.5463929314253,27.5564493982478,27.4659063702468,27.6368663610303,27.6770516890958,27.6067172400882,27.6569609527223,27.5916394226271,27.5765594326333,27.551421285667,27.5363354978248,27.5313064183988,27.5866130007331,27.551421285667,27.5765594326333,27.6167679118797,27.5262770971775,27.6820737710463,27.5866130007331,27.6268176187712,27.7021596912783,27.7172216044382,27.777447615956,27.7373007876777,27.7423199823454,27.7473389366228,27.7674123504958,27.6569609527223,27.5564493982478,27.551421285667,27.4709385956355,27.551421285667,27.6368663610303,27.6619839981682,27.6720293663216,27.651937666319,27.5665048985609,27.5262770971775,27.5262770971775,27.4810023198492,27.4910650755359,27.4155707879898,27.5564493982478,27.6167679118797,27.6368663610303,27.6569609527223,27.5916394226271,27.6569609527223,27.7272616770383,27.6619839981682,27.6067172400882,27.5162177292145,27.506157393667,27.5413643354891,27.5363354978248,27.4960960902657,27.4558411927372,27.4256398439229,27.6167679118797,27.5815863374129,27.5715322863604,27.7824648884334,27.6569609527223,27.6720293663216,27.5916394226271,27.5815863374129,27.7021596912783,27.5916394226271,27.631842110463,27.4860338187415,27.5916394226271,27.5363354978248,27.6418903705064,27.5614772692013,27.5614772692013,27.5363354978248,27.5665048985609,27.551421285667,27.5564493982478,27.5162177292145,27.5363354978248,27.475970578825,27.4810023198492,27.4910650755359,27.6016915422711,27.3148268185636,27.5413643354891,27.4608739026253,27.5363354978248,27.5262770971775,27.5815863374129,27.5463929314253,27.5111876824057,27.4910650755359,27.4860338187415,27.4558411927372,27.4960960902657,27.4860338187415,27.309787068249,27.2745020022695,27.2593761790295,27.3349833876879,27.2392050038562,27.2593761790295,27.2240740631453,27.2593761790295
27.3249055894848,27.3148268185636,27.3047470746531,27.3198663256309,27.2392050038562,27.3349833876879,27.340021922105,27.2644183636851,27.3148268185636,27.2038960613414,27.2593761790295,27.3450602134443,27.2896256338382,27.3047470746531,27.2946663574817,27.3954297650103,27.2190299285684,27.2946663574817,27.3299446101592,27.2492910788209,27.2896256338382,27.309787068249,27.340021922105,27.309787068249,27.4004653847288,27.4457750460266,27.551421285667,27.7272616770383,27.7222417610001,27.7222417610001,27.4508082405489,27.4256398439229,27.2190299285684,27.1433386236146,27.4558411927372,27.4960960902657,27.8225944265762,27.6870956122065,27.340021922105,27.4155707879898,27.3903939025862,27.3198663256309,27.4055007617757,27.4105358961847,27.4004653847288,27.4960960902657,27.5262770971775,27.4910650755359,27.5363354978248,27.3349833876879,27.3198663256309,27.3500982617396,27.4306740081185,27.4659063702468,27.5614772692013,27.506157393667,27.5111876824057,27.5111876824057,27.7122012073196,27.5765594326333,27.5313064183988,27.5564493982478,27.5564493982478,27.5765594326333,27.6217928859212,27.6368663610303,27.5564493982478,27.5665048985609,27.5262770971775,27.5665048985609,27.7172216044382,27.7272616770383,27.551421285667,27.5916394226271,27.5313064183988,27.5916394226271,27.8075476496238,27.8276095391327,27.8576951793018,27.8075476496238,27.9028074670123,27.8877721929225,27.7172216044382,27.7573761241401,27.7523576505433,27.631842110463,27.6117426966131,27.6217928859212,27.6368663610303,27.651937666319,27.6016915422711,27.6268176187712,27.6067172400882,27.6670068026902,27.7172216044382,27.5665048985609,27.6720293663216,27.7473389366228,27.8225944265762,27.777447615956,27.6368663610303,27.7272616770383,27.7172216044382,27.8025315774346,27.6770516890958,27.8576951793018,27.9078187463413,27.8877721929225,27.9278614710339,27.962927032733,27.9078187463413,27.982959239327,27.9729436137625,27.7523576505433,27.8075476496238,27.892784190336,27.9128297863749,27.837639044803,27.7071805696107,27.631842110463,27.6217928859212,27.5966656031286,27.6921172126096,27.7373007876777,27.7122012073196,27.5665048985609,27.7122012073196,27.5212475341273,27.4860338187415,27.5916394226271,27.6117426966131,27.6167679118797,27.6921172126096,27.6469141389248,27.631842110463,27.5463929314253,27.5815863374129,27.5765594326333,27.5765594326333,27.5614772692013,27.5866130007331,27.6016915422711,27.5363354978248,27.5463929314253,27.6167679118797,27.6117426966131,27.4407416091366,27.5815863374129,27.6067172400882,27.5262770971775,27.6268176187712,27.6117426966131,27.6971385722891,27.6569609527223,27.7322813525865,27.7373007876777,27.7322813525865,27.7373007876777,27.6167679118797,27.631842110463,27.7724301033211,27.7122012073196,27.5564493982478,27.5313064183988,27.5413643354891,27.5162177292145,27.6921172126096,27.5815863374129,27.5313064183988,27.5966656031286,27.5866130007331,27.5212475341273,27.506157393667,27.5564493982478,27.551421285667,27.6670068026902,27.6016915422711,27.6067172400882,27.5413643354891,27.651937666319,27.6569609527223,27.6469141389248,27.6670068026902,27.5313064183988,27.631842110463,27.6217928859212,27.6117426966131,27.6268176187712,27.4709385956355,27.551421285667,27.551421285667,27.4910650755359,27.5765594326333,27.6820737710463,27.5765594326333,27.5262770971775,27.6870956122065,27.5866130007331,27.506157393667,27.6870956122065,27.777447615956,27.5966656031286,27.6016915422711,27.4659063702468,27.5866130007331,27.5866130007331,27.6016915422711,27.5916394226271,27.6167679118797,27.4910650755359,27.631842110463,27.4709385956355,27.3954297650103,27.4860338187415,27.6167679118797,27.5363354978248,27.4960960902657,27.6619839981682,27.4910650755359,27.506157393667,27.4206054372245,27.4659063702468,27.4508082405489,27.475970578825,27.4508082405489,27.4608739026253,27.6067172400882,27.4960960902657,27.506157393667,27.4860338187415,27.4508082405489,27.4860338187415,27.4508082405489,27.4004653847288,27.3450602134443,27.3803214494867,27.2543337507527,27.3702480251596,27.2795434562661,27.2240740631453
27.5665048985609,27.4155707879898,27.3148268185636,27.3803214494867,27.2492910788209,27.3047470746531,27.2946663574817,27.2946663574817,27.4004653847288,27.2694603047538,27.355136067025,27.340021922105,27.355136067025,27.3803214494867,27.355136067025,27.5111876824057,27.2745020022695,27.2845846667777,27.3148268185636,27.3249055894848,27.3299446101592,27.2139855500982,27.3702480251596,27.3803214494867,27.3198663256309,27.5413643354891,27.551421285667,27.5363354978248,27.6469141389248,27.6217928859212,27.6268176187712,27.551421285667,27.2038960613414,27.2543337507527,27.4608739026253,27.8175790741614,27.9979808867536,27.6870956122065,27.5665048985609,27.3299446101592,27.3500982617396,27.4004653847288,27.4256398439229,27.4960960902657,27.5463929314253,27.5212475341273,27.5765594326333,27.6016915422711,27.3702480251596,27.3601736293342,27.3500982617396,27.3500982617396,27.3601736293342,27.355136067025,27.475970578825,27.5363354978248,27.5162177292145,27.5715322863604,27.5966656031286,27.5262770971775,27.5715322863604,27.5463929314253,27.5815863374129,27.5715322863604,27.6217928859212,27.7021596912783,27.6870956122065,27.8326244118639,27.8426534379831,27.9929739096901,28.1330791460061,27.9228511486881,27.7473389366228,27.7172216044382,27.5162177292145,27.551421285667,27.6268176187712,27.6770516890958,27.7924987130493,27.7523576505433,27.6469141389248,27.651937666319,27.7222417610001,27.7573761241401,27.6770516890958,27.6368663610303,27.651937666319,27.6067172400882,27.6067172400882,27.6117426966131,27.5363354978248,27.5916394226271,27.6469141389248,27.6368663610303,27.6870956122065,27.812563481855,27.8677218086608,27.9328715542163,27.8326244118639,27.8225944265762,27.7423199823454,27.7373007876777,27.7473389366228,27.8025315774346,27.812563481855,27.9128297863749,27.8977959483549,27.9078187463413,27.9428910032239,27.812563481855,27.7824648884334,27.7122012073196,27.892784190336,27.9128297863749,27.7975152652541,27.7824648884334,27.7071805696107,27.7924987130493,27.8075476496238,27.7975152652541,27.8727347639835,27.7423199823454,27.7172216044382,27.6670068026902,27.7272616770383,27.5815863374129,27.5614772692013,27.631842110463,27.5966656031286,27.6117426966131,27.5866130007331,27.6569609527223,27.6117426966131,27.7071805696107,27.5765594326333,27.631842110463,27.4810023198492,27.6067172400882,27.6720293663216,27.6217928859212,27.6720293663216,27.7623943574465,27.5966656031286,27.6870956122065,27.5815863374129,27.5665048985609,27.4960960902657,27.5916394226271,27.6268176187712,27.6217928859212,27.6217928859212,27.651937666319,27.8075476496238,27.7071805696107,27.7423199823454,27.7071805696107,27.8476675914376,27.8627086137778,27.7473389366228,27.6117426966131,27.6368663610303,27.6067172400882,27.6067172400882,27.6921172126096,27.4960960902657,27.551421285667,27.7172216044382,27.7272616770383,27.7021596912783,27.6971385722891,27.6217928859212,27.6368663610303,27.5463929314253,27.5715322863604,27.5715322863604,27.551421285667,27.4608739026253,27.651937666319,27.6067172400882,27.5966656031286,27.6469141389248,27.6720293663216,27.6268176187712,27.5715322863604,27.5313064183988,27.4558411927372,27.551421285667,27.4105358961847,27.5715322863604,27.812563481855,27.7975152652541,27.7071805696107,27.631842110463,27.6368663610303,27.6820737710463,27.5815863374129,27.6770516890958,27.7122012073196,27.5614772692013,27.5665048985609,27.6268176187712,27.6217928859212,27.6016915422711,27.4910650755359,27.4860338187415,27.4810023198492,27.475970578825,27.5162177292145,27.5815863374129,27.5614772692013,27.5815863374129,27.5463929314253,27.4860338187415,27.5212475341273,27.5212475341273,27.4910650755359,27.5313064183988,27.551421285667,27.5212475341273,27.4860338187415,27.5162177292145,27.4910650755359,27.5564493982478,27.2946663574817,27.506157393667,27.5212475341273,27.5262770971775,27.5564493982478,27.4407416091366,27.4105358961847,27.3702480251596,27.4457750460266,27.3450602134443,27.2543337507527,27.2492910788209,27.309787068249,27.1988509509866,27.340021922105,27.2543337507527,27.1988509509866
27.3601736293342,27.4508082405489,27.2190299285684,27.2946663574817,27.2644183636851,27.2593761790295,27.2190299285684,27.2291179538628,27.2291179538628,27.3500982617396,27.2038960613414,27.3047470746531,27.3349833876879,27.2946663574817,27.3349833876879,27.3601736293342,27.2089409277006,27.3299446101592,27.1988509509866,27.3198663256309,27.2845846667777,27.2896256338382,27.3047470746531,27.3299446101592,27.3652109487011,27.3803214494867,27.4256398439229,27.4407416091366,27.5765594326333,27.5162177292145,27.5111876824057,27.4960960902657,27.3601736293342,27.1433386236146,27.2492910788209,27.6770516890958,27.8576951793018,27.5665048985609,27.6921172126096,27.5966656031286,27.4004653847288,27.5665048985609,27.3903939025862,27.5313064183988,27.5011268629649,27.4960960902657,27.5413643354891,27.7222417610001,27.5011268629649,27.3299446101592,27.2745020022695,27.2997068377419,27.2543337507527,27.2745020022695,27.2946663574817,27.3652109487011,27.4256398439229,27.506157393667,27.5966656031286,27.5866130007331,27.6870956122065,27.6720293663216,27.777447615956,28.0029876251156,27.9729436137625,27.982959239327,27.8977959483549,27.9679354426974,28.1680762946208,28.1630774149815,28.1380794518489,27.9929739096901,27.6971385722891,27.5765594326333,27.5463929314253,27.5463929314253,27.7172216044382,27.7523576505433,27.6971385722891,27.6569609527223,27.7071805696107,27.6117426966131,27.6921172126096,27.6770516890958,27.6469141389248,27.5162177292145,27.5111876824057,27.475970578825,27.4105358961847,27.4004653847288,27.4659063702468,27.3803214494867,27.3652109487011,27.7373007876777,27.7724301033211,27.8526815051994,27.8576951793018,27.7122012073196,27.6770516890958,27.7172216044382,27.7824648884334,27.8877721929225,27.8326244118639,27.837639044803,27.8326244118639,27.7623943574465,27.812563481855,27.8225944265762,27.8576951793018,27.9579183838364,27.8827599560813,27.8075476496238,27.7623943574465,27.7724301033211,27.6870956122065,27.7122012073196,27.5866130007331,27.5665048985609,27.6368663610303,27.5866130007331,27.6217928859212,27.631842110463,27.6569609527223,27.7473389366228,27.777447615956,27.7423199823454,27.6870956122065,27.5313064183988,27.6820737710463,27.6619839981682,27.6569609527223,27.651937666319,27.6569609527223,27.6016915422711,27.7172216044382,27.6117426966131,27.6569609527223,27.5564493982478,27.5866130007331,27.5815863374129,27.5866130007331,27.6820737710463,27.5765594326333,27.5262770971775,27.5162177292145,27.506157393667,27.5111876824057,27.6117426966131,27.5313064183988,27.5916394226271,27.5866130007331,27.6117426966131,27.7071805696107,27.6217928859212,27.6469141389248,27.6117426966131,27.7975152652541,27.7423199823454,27.6117426966131,27.4256398439229,27.4357079298451,27.5765594326333,27.6469141389248,27.7021596912783,27.651937666319,27.5413643354891,27.5413643354891,27.631842110463,27.6569609527223,27.6971385722891,27.6670068026902,27.5715322863604,27.4055007617757,27.6016915422711,27.5463929314253,27.5313064183988,27.5313064183988,27.551421285667,27.5262770971775,27.551421285667,27.6921172126096,27.6016915422711,27.6067172400882,27.4558411927372,27.5815863374129,27.5765594326333,27.475970578825,27.4860338187415,27.4960960902657,27.5111876824057,27.6820737710463,27.7021596912783,27.6870956122065,27.6770516890958,27.5815863374129,27.5966656031286,27.5815863374129,27.6016915422711,27.6067172400882,27.5363354978248,27.4960960902657,27.4910650755359,27.5614772692013,27.4910650755359,27.551421285667,27.5363354978248,27.5463929314253,27.551421285667,27.5463929314253,27.5614772692013,27.551421285667,27.5011268629649,27.4608739026253,27.4508082405489,27.5463929314253,27.5866130007331,27.4457750460266,27.4558411927372,27.475970578825,27.475970578825,27.4306740081185,27.3450602134443,27.4206054372245,27.5564493982478,27.4860338187415,27.4960960902657,27.5162177292145,27.4457750460266,27.4659063702468,27.5614772692013,27.3652109487011,27.4457750460266,27.3450602134443,27.4155707879898,27.340021922105,27.2593761790295,27.1837141556074,27.2644183636851,27.2240740631453,27.2745020022695
27.4306740081185,27.3601736293342,27.5162177292145,27.4004653847288,27.5212475341273,27.3047470746531,27.3047470746531,27.340021922105,27.2845846667777,27.2240740631453,27.2190299285684,27.2997068377419,27.3450602134443,27.3500982617396,27.2190299285684,27.3652109487011,27.3450602134443,27.3299446101592,27.4256398439229,27.2795434562661,27.3299446101592,27.3500982617396,27.2997068377419,27.3652109487011,27.3198663256309,27.3954297650103,27.385357797423,27.3954297650103,27.4004653847288,27.5212475341273,27.6067172400882,27.5111876824057,27.2089409277006,27.3450602134443,27.340021922105,27.4910650755359,27.5765594326333,27.8627086137778,27.6870956122065,27.5765594326333,27.6016915422711,27.7322813525865,27.9679354426974,27.8476675914376,27.8476675914376,27.8426534379831,27.8677218086608,27.7623943574465,27.5966656031286,27.3601736293342,27.309787068249,27.2442481632001,27.2190299285684,27.2845846667777,27.2492910788209,27.2845846667777,27.6217928859212,27.8677218086608,27.9679354426974,27.9378813982687,27.9278614710339,27.9529094959747,27.9529094959747,27.8276095391327,27.982959239327,27.9879666938923,27.9979808867536,27.9479003691149,27.9378813982687,28.1580782977234,28.1680762946208,27.9979808867536,27.837639044803,27.5765594326333,27.6670068026902,27.5665048985609,27.8677218086608,28.0680535169536,28.0730569169481,27.9529094959747,27.8627086137778,27.7924987130493,27.6670068026902,27.6770516890958,27.7272616770383,27.5313064183988,27.5011268629649,27.3601736293342,27.4206054372245,27.3752848587436,27.3752848587436,27.3652109487011,27.6569609527223,27.7623943574465,27.8526815051994,27.7473389366228,27.7924987130493,27.7122012073196,27.5916394226271,27.8175790741614,27.982959239327,27.8326244118639,27.7623943574465,27.7573761241401,27.7824648884334,27.6569609527223,27.6619839981682,27.7322813525865,27.8075476496238,27.777447615956,27.7423199823454,27.7473389366228,27.7523576505433,27.7975152652541,27.8075476496238,27.8426534379831,27.8075476496238,27.6268176187712,27.5815863374129,27.5815863374129,27.5363354978248,27.6619839981682,27.6569609527223,27.7623943574465,27.7523576505433,27.7222417610001,27.631842110463,27.7071805696107,27.6770516890958,27.8225944265762,27.6217928859212,27.5815863374129,27.6469141389248,27.6619839981682,27.6167679118797,27.6569609527223,27.6720293663216,27.6117426966131,27.6217928859212,27.6016915422711,27.5815863374129,27.5966656031286,27.5665048985609,27.5463929314253,27.5011268629649,27.4407416091366,27.5665048985609,27.5463929314253,27.5564493982478,27.5765594326333,27.5614772692013,27.6217928859212,27.6117426966131,27.6368663610303,27.5866130007331,27.6217928859212,27.6268176187712,27.5866130007331,27.506157393667,27.6016915422711,27.5212475341273,27.6569609527223,27.777447615956,27.7373007876777,27.6619839981682,27.5111876824057,27.5413643354891,27.5815863374129,27.7122012073196,27.6971385722891,27.5815863374129,27.631842110463,27.551421285667,27.6016915422711,27.5815863374129,27.5765594326333,27.5715322863604,27.5715322863604,27.5111876824057,27.631842110463,27.5614772692013,27.631842110463,27.5463929314253,27.5564493982478,27.6067172400882,27.4608739026253,27.475970578825,27.4810023198492,27.5162177292145,27.6619839981682,27.6720293663216,27.6770516890958,27.8175790741614,27.551421285667,27.5665048985609,27.6619839981682,27.5765594326333,27.5715322863604,27.5815863374129,27.5715322863604,27.4910650755359,27.5011268629649,27.506157393667,27.4558411927372,27.4508082405489,27.5413643354891,27.5011268629649,27.5614772692013,27.5665048985609,27.4810023198492,27.5715322863604,27.551421285667,27.5313064183988,27.5765594326333,27.5463929314253,27.5765594326333,27.5212475341273,27.506157393667,27.5363354978248,27.5111876824057,27.5011268629649,27.5262770971775,27.3752848587436,27.4659063702468,27.5011268629649,27.5363354978248,27.5262770971775,27.5262770971775,27.5313064183988,27.4508082405489,27.4407416091366,27.4558411927372,27.4306740081185,27.3652109487011,27.3450602134443,27.3601736293342,27.2946663574817,27.2997068377419,27.2694603047538,27.2997068377419
27.2593761790295,27.3198663256309,27.3954297650103,27.4206054372245,27.2896256338382,27.309787068249,27.2543337507527,27.2896256338382,27.2240740631453,27.3702480251596,27.2442481632001,27.2291179538628,27.2392050038562,27.355136067025,27.2240740631453,27.3652109487011,27.2139855500982,27.3249055894848,27.2139855500982,27.2997068377419,27.2946663574817,27.2442481632001,27.193805596602,27.2845846667777,27.2442481632001,27.3702480251596,27.355136067025,27.2694603047538,27.3752848587436,27.4256398439229,27.5162177292145,27.3500982617396,27.2593761790295,27.3047470746531,27.340021922105,27.3903939025862,27.6067172400882,27.6770516890958,27.5564493982478,27.3803214494867,27.5715322863604,27.5916394226271,27.7322813525865,27.9479003691149,27.9529094959747,28.1030723156867,28.1080740489112,28.0380281127715,27.8426534379831,27.5011268629649,27.2896256338382,27.234161600755,27.193805596602,27.2845846667777,27.1635283437601,27.3652109487011,27.6217928859212,27.892784190336,27.8977959483549,27.8977959483549,27.892784190336,27.9278614710339,28.0079941248089,27.9679354426974,27.962927032733,27.982959239327,27.9228511486881,27.8276095391327,27.9879666938923,28.0280177375547,27.9428910032239,27.9228511486881,28.0280177375547,28.0380281127715,27.9228511486881,27.7222417610001,27.6971385722891,27.8526815051994,28.0780600787342,28.1330791460061,28.1280786023483,28.1030723156867,28.0280177375547,27.9278614710339,27.9128297863749,27.7322813525865,27.4709385956355,27.4608739026253,27.3752848587436,27.3702480251596,27.3601736293342,27.3702480251596,27.7623943574465,27.8476675914376,27.837639044803,27.8526815051994,27.6016915422711,27.7272616770383,27.7924987130493,27.8175790741614,27.7674123504958,27.6418903705064,27.6268176187712,27.7423199823454,27.7573761241401,27.5916394226271,27.6971385722891,27.6167679118797,27.7021596912783,27.6971385722891,27.7021596912783,27.6720293663216,27.9028074670123,27.7021596912783,27.6971385722891,27.7724301033211,27.8727347639835,27.7071805696107,27.7272616770383,27.7122012073196,27.6870956122065,27.6870956122065,27.7021596912783,27.6418903705064,27.5564493982478,27.5966656031286,27.6167679118797,27.6067172400882,27.7021596912783,27.6971385722891,27.5463929314253,27.6268176187712,27.5614772692013,27.5463929314253,27.6167679118797,27.6670068026902,27.6268176187712,27.6217928859212,27.551421285667,27.5765594326333,27.5765594326333,27.5413643354891,27.5363354978248,27.5765594326333,27.4357079298451,27.4357079298451,27.5916394226271,27.6016915422711,27.5313064183988,27.5966656031286,27.7021596912783,27.631842110463,27.5313064183988,27.6418903705064,27.6167679118797,27.6167679118797,27.5212475341273,27.5111876824057,27.5614772692013,27.506157393667,27.551421285667,27.7924987130493,27.6670068026902,27.5715322863604,27.5765594326333,27.551421285667,27.5916394226271,27.7071805696107,27.5463929314253,27.6820737710463,27.6670068026902,27.6670068026902,27.5363354978248,27.6117426966131,27.4810023198492,27.4810023198492,27.551421285667,27.5111876824057,27.5162177292145,27.5815863374129,27.5463929314253,27.6720293663216,27.6268176187712,27.4558411927372,27.5463929314253,27.7172216044382,27.6217928859212,27.5765594326333,27.5463929314253,27.5011268629649,27.5262770971775,27.6117426966131,27.777447615956,27.6971385722891,27.7423199823454,27.6720293663216,27.5815863374129,27.6569609527223,27.5011268629649,27.4508082405489,27.4357079298451,27.5111876824057,27.4709385956355,27.4608739026253,27.551421285667,27.6016915422711,27.6217928859212,27.5212475341273,27.5665048985609,27.5011268629649,27.5564493982478,27.4910650755359,27.6117426966131,27.4860338187415,27.5715322863604,27.5111876824057,27.4508082405489,27.5162177292145,27.4357079298451,27.4960960902657,27.5262770971775,27.5011268629649,27.4206054372245,27.4206054372245,27.4256398439229,27.6067172400882,27.4709385956355,27.506157393667,27.4910650755359,27.475970578825,27.4659063702468,27.3450602134443,27.4256398439229,27.3198663256309,27.2946663574817,27.3148268185636,27.2644183636851,27.2997068377419,27.2644183636851,27.0978974522403
27.3450602134443,27.2845846667777,27.2392050038562,27.2644183636851,27.2795434562661,27.3299446101592,27.340021922105,27.2240740631453,27.2442481632001,27.2442481632001,27.2492910788209,27.2997068377419,27.3249055894848,27.2291179538628,27.2492910788209,27.355136067025,27.2291179538628,27.3349833876879,27.2291179538628,27.3198663256309,27.2644183636851,27.309787068249,27.2896256338382,27.3450602134443,27.3500982617396,27.3047470746531,27.3450602134443,27.3652109487011,27.2997068377419,27.3652109487011,27.2644183636851,27.1584812802121,27.178668068929,27.3198663256309,27.2543337507527,27.234161600755,27.5162177292145,27.5212475341273,27.3752848587436,27.5866130007331,27.3803214494867,27.5665048985609,27.5111876824057,27.7573761241401,27.9729436137625,27.9128297863749,27.9428910032239,27.9729436137625,27.8276095391327,27.475970578825,27.1332422972466,27.2845846667777,27.1584812802121,27.193805596602,27.1887599981537,27.2240740631453,27.4256398439229,27.8276095391327,27.892784190336,27.8727347639835,27.8777474797793,27.982959239327,27.9278614710339,27.7021596912783,27.7724301033211,27.7172216044382,27.6569609527223,27.651937666319,27.7172216044382,27.8025315774346,27.7272616770383,27.7172216044382,27.8977959483549,27.9128297863749,27.892784190336,27.9228511486881,27.7122012073196,27.7222417610001,27.7222417610001,27.7272616770383,27.7373007876777,28.0029876251156,28.1180768014564,28.0780600787342,28.0980703444506,28.1080740489112,27.9479003691149,27.7674123504958,27.6217928859212,27.3249055894848,27.3047470746531,27.2896256338382,27.651937666319,27.6469141389248,27.7874819207868,27.8476675914376,27.5916394226271,27.7272616770383,27.6418903705064,27.8075476496238,27.6921172126096,27.6167679118797,27.6067172400882,27.6167679118797,27.6067172400882,27.6820737710463,27.5916394226271,27.6971385722891,27.7623943574465,27.6971385722891,27.7222417610001,27.7222417610001,27.7071805696107,27.7573761241401,27.6870956122065,27.8025315774346,27.9078187463413,27.9078187463413,27.8476675914376,27.7573761241401,27.7473389366228,27.7824648884334,27.6921172126096,27.631842110463,27.5614772692013,27.5363354978248,27.6016915422711,27.6921172126096,27.7021596912783,27.6569609527223,27.5815863374129,27.6469141389248,27.5665048985609,27.5564493982478,27.551421285667,27.6469141389248,27.5463929314253,27.631842110463,27.6117426966131,27.5866130007331,27.5765594326333,27.5463929314253,27.5715322863604,27.4960960902657,27.506157393667,27.4457750460266,27.5413643354891,27.5413643354891,27.5765594326333,27.6067172400882,27.5765594326333,27.6368663610303,27.6117426966131,27.6117426966131,27.6117426966131,27.6268176187712,27.5011268629649,27.5111876824057,27.5313064183988,27.7523576505433,27.7724301033211,27.7824648884334,27.6670068026902,27.5111876824057,27.5765594326333,27.5614772692013,27.551421285667,27.6870956122065,27.6067172400882,27.6921172126096,27.651937666319,27.6469141389248,27.5815863374129,27.5765594326333,27.5614772692013,27.5614772692013,27.5866130007331,27.5262770971775,27.5111876824057,27.6971385722891,27.6368663610303,27.5866130007331,27.7172216044382,27.631842110463,27.4659063702468,27.7322813525865,27.6268176187712,27.777447615956,27.6770516890958,27.631842110463,27.7272616770383,27.6720293663216,27.8075476496238,27.7423199823454,27.7322813525865,27.631842110463,27.506157393667,27.4810023198492,27.5162177292145,27.4860338187415,27.4810023198492,27.506157393667,27.4709385956355,27.5463929314253,27.6117426966131,27.5715322863604,27.5866130007331,27.5614772692013,27.5815863374129,27.5765594326333,27.5413643354891,27.5011268629649,27.5665048985609,27.5363354978248,27.551421285667,27.5765594326333,27.5162177292145,27.5665048985609,27.4960960902657,27.4659063702468,27.5413643354891,27.5212475341273,27.4960960902657,27.506157393667,27.5363354978248,27.5313064183988,27.5463929314253,27.5614772692013,27.5313064183988,27.4055007617757,27.4055007617757,27.3249055894848,27.4306740081185,27.3601736293342,27.2845846667777,27.3249055894848,27.2997068377419,27.2745020022695,27.2745020022695,27.0776950150114
27.3803214494867,27.2745020022695,27.2745020022695,27.2946663574817,27.2694603047538,27.2593761790295,27.2845846667777,27.2492910788209,27.1988509509866,27.193805596602,27.3601736293342,27.2946663574817,27.355136067025,27.2694603047538,27.3299446101592,27.178668068929,27.2240740631453,27.3652109487011,27.2442481632001,27.3299446101592,27.2291179538628,27.2946663574817,27.2745020022695,27.2392050038562,27.3450602134443,27.3299446101592,27.3299446101592,27.3500982617396,27.2845846667777,27.2644183636851,27.2593761790295,27.1685751630395,27.1635283437601,27.2442481632001,27.1130467105523,27.2946663574817,27.4004653847288,27.2946663574817,27.1685751630395,27.1534339723613,27.4256398439229,27.3601736293342,27.355136067025,27.5916394226271,27.7724301033211,27.6619839981682,27.7874819207868,27.7874819207868,27.6820737710463,27.4960960902657,27.2845846667777,27.2190299285684,27.1534339723613,27.2593761790295,27.2644183636851,27.2543337507527,27.551421285667,27.8727347639835,27.8276095391327,27.9278614710339,27.9729436137625,27.9979808867536,27.9679354426974,27.9529094959747,27.7222417610001,27.651937666319,27.7272616770383,27.6268176187712,27.6820737710463,27.6971385722891,27.7172216044382,27.7071805696107,27.7874819207868,27.8426534379831,27.8276095391327,27.9028074670123,27.9929739096901,27.7172216044382,27.6117426966131,27.6820737710463,27.8426534379831,27.837639044803,27.7272616770383,27.812563481855,27.8977959483549,27.9328715542163,28.1130755441568,27.8576951793018,27.7674123504958,27.4256398439229,27.2896256338382,27.3450602134443,27.5564493982478,27.7824648884334,27.777447615956,27.7975152652541,27.7874819207868,27.7071805696107,27.7222417610001,27.6619839981682,27.6820737710463,27.7322813525865,27.6067172400882,27.6167679118797,27.6217928859212,27.7071805696107,27.7071805696107,27.7674123504958,27.7423199823454,27.6921172126096,27.651937666319,27.7573761241401,27.7724301033211,27.7975152652541,27.892784190336,27.8075476496238,27.8225944265762,27.7122012073196,27.7122012073196,27.7322813525865,27.6418903705064,27.651937666319,27.6670068026902,27.6368663610303,27.6368663610303,27.6016915422711,27.6368663610303,27.6770516890958,27.7122012073196,27.5916394226271,27.6016915422711,27.5715322863604,27.5313064183988,27.6268176187712,27.6167679118797,27.5363354978248,27.6268176187712,27.5463929314253,27.5815863374129,27.5313064183988,27.6117426966131,27.5866130007331,27.5463929314253,27.5212475341273,27.4608739026253,27.5765594326333,27.4659063702468,27.5564493982478,27.5916394226271,27.5564493982478,27.551421285667,27.6268176187712,27.7021596912783,27.6619839981682,27.6117426966131,27.6469141389248,27.6368663610303,27.5866130007331,27.7523576505433,27.6418903705064,27.7824648884334,27.9328715542163,27.8276095391327,27.6770516890958,27.5866130007331,27.5665048985609,27.6067172400882,27.6368663610303,27.6469141389248,27.5614772692013,27.5614772692013,27.6016915422711,27.5665048985609,27.5665048985609,27.5363354978248,27.5765594326333,27.5111876824057,27.6117426966131,27.5313064183988,27.5363354978248,27.5916394226271,27.7272616770383,27.6820737710463,27.6117426966131,27.7874819207868,27.6569609527223,27.7322813525865,27.6418903705064,27.551421285667,27.5815863374129,27.5614772692013,27.777447615956,27.7874819207868,27.6569609527223,27.8075476496238,27.6870956122065,27.6469141389248,27.6619839981682,27.4508082405489,27.5111876824057,27.5313064183988,27.5011268629649,27.4860338187415,27.5715322863604,27.5765594326333,27.5715322863604,27.7373007876777,27.5665048985609,27.5363354978248,27.5665048985609,27.5011268629649,27.4558411927372,27.5011268629649,27.506157393667,27.5715322863604,27.4407416091366,27.4709385956355,27.5564493982478,27.5262770971775,27.506157393667,27.4860338187415,27.4910650755359,27.4910650755359,27.4860338187415,27.4306740081185,27.5815863374129,27.5564493982478,27.506157393667,27.5011268629649,27.506157393667,27.385357797423,27.4105358961847,27.340021922105,27.2896256338382,27.2896256338382,27.2644183636851,27.3349833876879,27.2644183636851,27.2845846667777,27.2896256338382
27.234161600755,27.3450602134443,27.2492910788209,27.2997068377419,27.2442481632001,27.2593761790295,27.2745020022695,27.2795434562661,27.340021922105,27.2795434562661,27.2291179538628,27.2593761790295,27.2593761790295,27.2593761790295,27.4256398439229,27.2896256338382,27.3702480251596,27.2089409277006,27.3652109487011,27.2139855500982,27.3903939025862,27.2392050038562,27.2946663574817,27.2745020022695,27.2644183636851,27.2038960613414,27.234161600755,27.2291179538628,27.2543337507527,27.1837141556074,27.1736217380844,27.1029474496787,27.178668068929,27.1130467105523,27.234161600755,27.2543337507527,27.4155707879898,27.3299446101592,27.2644183636851,27.2644183636851,27.1534339723613,27.3500982617396,27.3601736293342,27.3652109487011,27.5463929314253,27.4659063702468,27.5313064183988,27.5665048985609,27.4558411927372,27.355136067025,27.1433386236146,27.1534339723613,27.0827459915085,27.2543337507527,27.2593761790295,27.506157393667,27.7423199823454,27.651937666319,27.6619839981682,27.6670068026902,27.6469141389248,27.962927032733,28.0029876251156,27.9078187463413,28.0230121922066,27.9178405871461,27.7272616770383,27.6469141389248,27.5815863374129,27.7172216044382,27.7021596912783,27.8225944265762,27.7373007876777,27.6016915422711,27.8526815051994,28.0530418873914,28.2929711549704,27.9579183838364,27.6217928859212,27.6268176187712,27.6820737710463,27.7071805696107,27.6870956122065,27.7322813525865,27.7222417610001,27.7573761241401,27.9178405871461,27.9228511486881,27.7473389366228,27.4457750460266,27.2946663574817,27.309787068249,27.4357079298451,27.5815863374129,27.6167679118797,27.8476675914376,27.8476675914376,27.9028074670123,27.8827599560813,27.8025315774346,27.7674123504958,27.7172216044382,27.6820737710463,27.6921172126096,27.7122012073196,27.6971385722891,27.5966656031286,27.6016915422711,27.6670068026902,27.5715322863604,27.6569609527223,27.7172216044382,27.7824648884334,27.7824648884334,27.7924987130493,27.7874819207868,27.7523576505433,27.7373007876777,27.8476675914376,27.7122012073196,27.7623943574465,27.6117426966131,27.6971385722891,27.6619839981682,27.631842110463,27.5564493982478,27.6117426966131,27.5916394226271,27.5765594326333,27.5815863374129,27.6117426966131,27.5665048985609,27.6469141389248,27.5866130007331,27.5212475341273,27.5413643354891,27.5363354978248,27.5463929314253,27.5866130007331,27.5011268629649,27.5665048985609,27.5564493982478,27.5313064183988,27.4960960902657,27.4910650755359,27.4558411927372,27.4508082405489,27.475970578825,27.551421285667,27.7122012073196,27.7021596912783,27.5866130007331,27.651937666319,27.5765594326333,27.6418903705064,27.6268176187712,27.5715322863604,27.551421285667,27.5162177292145,27.6820737710463,27.7623943574465,27.7573761241401,27.6921172126096,27.6870956122065,27.6770516890958,27.5463929314253,27.6217928859212,27.631842110463,27.6067172400882,27.5111876824057,27.4608739026253,27.4306740081185,27.5463929314253,27.5363354978248,27.5866130007331,27.5765594326333,27.5262770971775,27.6117426966131,27.5966656031286,27.7071805696107,27.6368663610303,27.6770516890958,27.5313064183988,27.5162177292145,27.631842110463,27.6217928859212,27.5866130007331,27.6418903705064,27.6418903705064,27.5262770971775,27.6418903705064,27.6167679118797,27.5815863374129,27.6418903705064,27.6167679118797,27.5765594326333,27.6418903705064,27.5564493982478,27.506157393667,27.4558411927372,27.506157393667,27.5011268629649,27.4256398439229,27.4659063702468,27.4860338187415,27.5815863374129,27.5011268629649,27.5665048985609,27.4306740081185,27.5866130007331,27.4860338187415,27.4810023198492,27.4004653847288,27.4860338187415,27.5363354978248,27.4659063702468,27.4407416091366,27.5212475341273,27.4306740081185,27.4960960902657,27.4910650755359,27.4910650755359,27.4709385956355,27.4206054372245,27.4306740081185,27.4457750460266,27.4357079298451,27.5413643354891,27.506157393667,27.5212475341273,27.3803214494867,27.3450602134443,27.4306740081185,27.2694603047538,27.2694603047538,27.2089409277006,27.2392050038562,27.3198663256309,27.0928472100887,27.1029474496787
27.506157393667,27.2745020022695,27.3702480251596,27.2543337507527,27.2442481632001,27.2896256338382,27.2139855500982,27.2392050038562,27.2543337507527,27.2644183636851,27.2392050038562,27.2896256338382,27.2492910788209,27.2240740631453,27.309787068249,27.1736217380844,27.3198663256309,27.4206054372245,27.3148268185636,27.3299446101592,27.2038960613414,27.2593761790295,27.2038960613414,27.2291179538628,27.2593761790295,27.3299446101592,27.193805596602,27.2543337507527,27.1837141556074,27.234161600755,27.1988509509866,27.2946663574817,27.2896256338382,27.2997068377419,27.2745020022695,27.309787068249,27.2845846667777,27.2644183636851,27.2795434562661,27.2392050038562,27.2543337507527,27.234161600755,27.3702480251596,27.355136067025,27.4457750460266,27.4608739026253,27.5463929314253,27.4608739026253,27.4457750460266,27.2442481632001,27.2139855500982,27.2644183636851,27.2442481632001,27.2492910788209,27.2997068377419,27.6268176187712,27.7172216044382,27.6167679118797,27.5815863374129,27.6469141389248,27.651937666319,27.8977959483549,27.9879666938923,27.9879666938923,27.982959239327,28.0380281127715,27.8827599560813,27.7222417610001,27.6870956122065,27.6870956122065,27.7021596912783,27.7573761241401,27.7272616770383,27.7322813525865,27.7874819207868,28.0130003858666,28.1280786023483,28.3378970521235,27.8777474797793,27.6770516890958,27.6870956122065,27.6770516890958,27.7021596912783,27.6469141389248,27.6619839981682,27.7874819207868,27.8827599560813,27.8025315774346,27.6870956122065,27.5815863374129,27.4810023198492,27.2997068377419,27.4910650755359,27.5966656031286,27.5966656031286,27.7724301033211,27.9228511486881,27.8576951793018,27.7322813525865,27.8777474797793,27.9529094959747,27.8476675914376,27.7423199823454,27.7071805696107,27.8075476496238,27.6720293663216,27.7924987130493,27.6921172126096,27.7473389366228,27.7573761241401,27.6971385722891,27.7122012073196,27.5916394226271,27.6870956122065,27.7172216044382,27.7222417610001,27.7322813525865,27.7423199823454,27.7272616770383,27.6418903705064,27.7373007876777,27.7122012073196,27.6870956122065,27.7674123504958,27.631842110463,27.6268176187712,27.5966656031286,27.5866130007331,27.5815863374129,27.6167679118797,27.6469141389248,27.6117426966131,27.5866130007331,27.6217928859212,27.6067172400882,27.5262770971775,27.5262770971775,27.5715322863604,27.5665048985609,27.5765594326333,27.5665048985609,27.5866130007331,27.5463929314253,27.5313064183988,27.5162177292145,27.475970578825,27.4960960902657,27.6368663610303,27.5564493982478,27.5815863374129,27.6971385722891,27.7021596912783,27.6167679118797,27.6670068026902,27.5916394226271,27.5564493982478,27.551421285667,27.6469141389248,27.5614772692013,27.5564493982478,27.5011268629649,27.5564493982478,27.5815863374129,27.551421285667,27.6870956122065,27.6770516890958,27.6670068026902,27.7373007876777,27.4709385956355,27.475970578825,27.5363354978248,27.4357079298451,27.475970578825,27.4004653847288,27.5011268629649,27.5866130007331,27.551421285667,27.6720293663216,27.6971385722891,27.7523576505433,27.6569609527223,27.631842110463,27.7021596912783,27.6067172400882,27.6368663610303,27.651937666319,27.6217928859212,27.5665048985609,27.5815863374129,27.506157393667,27.6167679118797,27.5815863374129,27.651937666319,27.651937666319,27.5614772692013,27.5614772692013,27.6067172400882,27.4457750460266,27.5463929314253,27.5111876824057,27.551421285667,27.4910650755359,27.385357797423,27.5815863374129,27.6670068026902,27.5866130007331,27.631842110463,27.5665048985609,27.5011268629649,27.5111876824057,27.5111876824057,27.5212475341273,27.5313064183988,27.551421285667,27.5916394226271,27.5363354978248,27.551421285667,27.4457750460266,27.5212475341273,27.4810023198492,27.4457750460266,27.4357079298451,27.4709385956355,27.6016915422711,27.4558411927372,27.5463929314253,27.5966656031286,27.551421285667,27.5363354978248,27.5363354978248,27.4910650755359,27.2997068377419,27.3601736293342,27.3349833876879,27.2997068377419,27.340021922105,27.2745020022695,27.3047470746531,27.3148268185636,27.2644183636851
27.3349833876879,27.2442481632001,27.2442481632001,27.2593761790295,27.2240740631453,27.234161600755,27.1685751630395,27.2694603047538,27.2543337507527,27.2593761790295,27.2139855500982,27.2291179538628,27.2442481632001,27.2593761790295,27.1433386236146,27.3954297650103,27.309787068249,27.3803214494867,27.3903939025862,27.355136067025,27.3601736293342,27.3500982617396,27.2795434562661,27.3349833876879,27.2644183636851,27.2644183636851,27.1483864201735,27.1079972024379,27.1988509509866,27.2291179538628,27.1887599981537,27.0877967231895,27.2240740631453,27.2038960613414,27.2492910788209,27.340021922105,27.2845846667777,27.3249055894848,27.2038960613414,27.1685751630395,27.1635283437601,27.3601736293342,27.3450602134443,27.385357797423,27.3702480251596,27.3299446101592,27.340021922105,27.2593761790295,27.2089409277006,27.1837141556074,27.1736217380844,27.2240740631453,27.0827459915085,27.0877967231895,27.3903939025862,27.5916394226271,27.5011268629649,27.5212475341273,27.5262770971775,27.4960960902657,27.6067172400882,27.7824648884334,27.9428910032239,27.6870956122065,27.6921172126096,27.9328715542163,27.9479003691149,27.7021596912783,27.651937666319,27.6268176187712,27.6117426966131,27.7824648884334,27.631842110463,27.7623943574465,27.7172216044382,27.8476675914376,28.1280786023483,28.3378970521235,28.258015532538,27.6619839981682,27.551421285667,27.4357079298451,27.5966656031286,27.5916394226271,27.4206054372245,27.551421285667,27.5765594326333,27.6820737710463,27.5111876824057,27.4357079298451,27.3954297650103,27.6770516890958,27.6217928859212,27.6016915422711,27.8225944265762,27.8326244118639,27.9228511486881,27.8627086137778,27.9028074670123,28.0880656878123,27.9228511486881,27.962927032733,27.8526815051994,27.7172216044382,27.8326244118639,27.8526815051994,27.812563481855,27.7674123504958,27.7423199823454,27.6117426966131,27.631842110463,27.5815863374129,27.651937666319,27.5916394226271,27.7373007876777,27.7473389366228,27.6368663610303,27.7322813525865,27.7272616770383,27.6820737710463,27.6418903705064,27.6569609527223,27.6619839981682,27.6770516890958,27.6921172126096,27.631842110463,27.6067172400882,27.6268176187712,27.5866130007331,27.651937666319,27.5413643354891,27.4357079298451,27.5866130007331,27.5413643354891,27.6067172400882,27.6016915422711,27.5413643354891,27.5162177292145,27.5614772692013,27.5463929314253,27.4860338187415,27.4407416091366,27.385357797423,27.5313064183988,27.5212475341273,27.4659063702468,27.4910650755359,27.6619839981682,27.6368663610303,27.5765594326333,27.6067172400882,27.7122012073196,27.6469141389248,27.6016915422711,27.6167679118797,27.631842110463,27.5614772692013,27.5463929314253,27.4910650755359,27.5564493982478,27.5665048985609,27.5614772692013,27.506157393667,27.5363354978248,27.5715322863604,27.551421285667,27.6418903705064,27.6167679118797,27.4357079298451,27.4558411927372,27.4407416091366,27.4508082405489,27.5413643354891,27.4508082405489,27.4910650755359,27.5111876824057,27.6117426966131,27.631842110463,27.4659063702468,27.6368663610303,27.7322813525865,27.6820737710463,27.631842110463,27.631842110463,27.5815863374129,27.6268176187712,27.6268176187712,27.551421285667,27.5614772692013,27.6368663610303,27.5765594326333,27.5715322863604,27.5564493982478,27.5564493982478,27.631842110463,27.5162177292145,27.5815863374129,27.5363354978248,27.5564493982478,27.5162177292145,27.5162177292145,27.4860338187415,27.4055007617757,27.5916394226271,27.651937666319,27.5966656031286,27.6167679118797,27.5715322863604,27.5815863374129,27.5111876824057,27.506157393667,27.506157393667,27.4910650755359,27.5614772692013,27.551421285667,27.4508082405489,27.506157393667,27.5614772692013,27.5011268629649,27.5011268629649,27.4709385956355,27.5413643354891,27.6117426966131,27.4659063702468,27.4004653847288,27.4508082405489,27.4810023198492,27.5866130007331,27.5413643354891,27.3601736293342,27.355136067025,27.3299446101592,27.2795434562661,27.4608739026253,27.1837141556074,27.2442481632001,27.1584812802121,27.2543337507527,27.2492910788209,27.2694603047538
27.4860338187415,27.2593761790295,27.2896256338382,27.234161600755,27.2089409277006,27.1231449929837,27.2291179538628,27.2644183636851,27.1988509509866,27.2593761790295,27.1837141556074,27.2896256338382,27.2644183636851,27.2392050038562,27.3047470746531,27.1736217380844,27.3450602134443,27.3249055894848,27.2038960613414,27.3500982617396,27.1029474496787,27.2795434562661,27.1887599981537,27.2291179538628,27.2190299285684,27.1130467105523,27.1534339723613,27.2291179538628,27.2139855500982,27.193805596602,27.1130467105523,27.2694603047538,27.2291179538628,27.234161600755,27.2644183636851,27.2896256338382,27.3299446101592,27.3450602134443,27.3249055894848,27.3954297650103,27.2190299285684,27.2240740631453,27.3450602134443,27.2442481632001,27.2845846667777,27.2946663574817,27.3702480251596,27.193805596602,27.2089409277006,27.2089409277006,27.1887599981537,27.0675923274317,27.0827459915085,27.2644183636851,27.2845846667777,27.4004653847288,27.651937666319,27.5966656031286,27.6569609527223,27.631842110463,27.8225944265762,27.962927032733,27.8276095391327,27.7523576505433,27.837639044803,27.837639044803,27.9579183838364,28.0580460022081,27.8727347639835,27.9479003691149,27.7975152652541,27.6469141389248,27.6670068026902,27.6670068026902,27.6870956122065,27.812563481855,27.9929739096901,28.0930681351701,28.2480260793404,28.063049878718,27.6870956122065,27.5765594326333,27.5866130007331,27.5765594326333,27.5916394226271,27.5614772692013,27.6770516890958,27.6067172400882,27.5564493982478,27.4457750460266,27.385357797423,27.8877721929225,27.8827599560813,27.8175790741614,27.9428910032239,28.0330230443987,27.9428910032239,27.9929739096901,27.9428910032239,27.8476675914376,27.8526815051994,27.9579183838364,27.8426534379831,27.9529094959747,28.0880656878123,28.0530418873914,27.7724301033211,27.7473389366228,27.7071805696107,27.7322813525865,27.5765594326333,27.6117426966131,27.7423199823454,27.6117426966131,27.7021596912783,27.631842110463,27.6016915422711,27.5212475341273,27.5866130007331,27.5966656031286,27.7172216044382,27.6418903705064,27.6469141389248,27.6469141389248,27.6217928859212,27.6820737710463,27.5916394226271,27.6770516890958,27.6619839981682,27.6217928859212,27.5262770971775,27.5815863374129,27.5966656031286,27.6067172400882,27.506157393667,27.5564493982478,27.4960960902657,27.4407416091366,27.5715322863604,27.5011268629649,27.4558411927372,27.5313064183988,27.5011268629649,27.5262770971775,27.5212475341273,27.5564493982478,27.5614772692013,27.6217928859212,27.5966656031286,27.6720293663216,27.6870956122065,27.6971385722891,27.631842110463,27.6720293663216,27.6217928859212,27.631842110463,27.6268176187712,27.5564493982478,27.4810023198492,27.5363354978248,27.5212475341273,27.5463929314253,27.7322813525865,27.5212475341273,27.5966656031286,27.6870956122065,27.651937666319,27.4860338187415,27.4810023198492,27.4558411927372,27.5111876824057,27.3500982617396,27.475970578825,27.5111876824057,27.5765594326333,27.5413643354891,27.4910650755359,27.6067172400882,27.5715322863604,27.6469141389248,27.7623943574465,27.6720293663216,27.6016915422711,27.6720293663216,27.5614772692013,27.5212475341273,27.5212475341273,27.5614772692013,27.5413643354891,27.651937666319,27.5966656031286,27.5866130007331,27.5413643354891,27.551421285667,27.5413643354891,27.5011268629649,27.6067172400882,27.5413643354891,27.5665048985609,27.5966656031286,27.5815863374129,27.5966656031286,27.5916394226271,27.6117426966131,27.7573761241401,27.5866130007331,27.5212475341273,27.5815863374129,27.4910650755359,27.651937666319,27.5665048985609,27.5262770971775,27.5011268629649,27.5463929314253,27.6016915422711,27.475970578825,27.5111876824057,27.5111876824057,27.5665048985609,27.5011268629649,27.5966656031286,27.4910650755359,27.4558411927372,27.4810023198492,27.5212475341273,27.4810023198492,27.5363354978248,27.4357079298451,27.5363354978248,27.5111876824057,27.5162177292145,27.4055007617757,27.4508082405489,27.2896256338382,27.2795434562661,27.2795434562661,27.2190299285684,27.3148268185636,27.2291179538628,27.2038960613414
27.2593761790295,27.2291179538628,27.2038960613414,27.2593761790295,27.1736217380844,27.2442481632001,27.2240740631453,27.2291179538628,27.1988509509866,27.1887599981537,27.2946663574817,27.2644183636851,27.2946663574817,27.2946663574817,27.3148268185636,27.1837141556074,27.2442481632001,27.309787068249,27.2946663574817,27.2845846667777,27.355136067025,27.2946663574817,27.355136067025,27.1433386236146,27.2644183636851,27.2644183636851,27.1231449929837,27.1887599981537,27.1635283437601,27.2543337507527,27.1988509509866,27.2543337507527,27.2745020022695,27.2593761790295,27.3148268185636,27.3954297650103,27.3198663256309,27.2845846667777,27.5815863374129,27.3652109487011,27.3601736293342,27.2392050038562,27.2240740631453,27.2139855500982,27.3148268185636,27.3148268185636,27.2644183636851,27.1988509509866,27.2089409277006,27.2745020022695,27.0827459915085,27.234161600755,27.1584812802121,27.04738401297,27.2644183636851,27.3249055894848,27.5866130007331,27.7674123504958,27.6670068026902,27.6619839981682,27.7924987130493,27.8827599560813,27.8777474797793,27.8576951793018,27.6971385722891,27.8276095391327,27.8526815051994,27.837639044803,27.9529094959747,28.1180768014564,28.0730569169481,27.7975152652541,27.6268176187712,27.651937666319,27.6268176187712,27.7874819207868,27.7523576505433,27.9879666938923,28.1430795199092,28.218052029166,27.8877721929225,27.6067172400882,27.5866130007331,27.5564493982478,27.6268176187712,27.7272616770383,27.7523576505433,27.5363354978248,27.3954297650103,27.3752848587436,27.3652109487011,27.7975152652541,28.048037534235,28.0029876251156,28.043032942706,27.9428910032239,27.812563481855,27.8276095391327,27.8175790741614,27.7523576505433,27.8025315774346,27.7473389366228,27.8276095391327,27.8175790741614,27.9579183838364,28.0680535169536,27.9679354426974,27.9529094959747,27.9729436137625,27.9428910032239,27.7975152652541,27.7423199823454,27.5815863374129,27.5715322863604,27.5413643354891,27.4810023198492,27.6067172400882,27.5162177292145,27.475970578825,27.5212475341273,27.4407416091366,27.6217928859212,27.6167679118797,27.7373007876777,27.6921172126096,27.6870956122065,27.6619839981682,27.6870956122065,27.551421285667,27.6469141389248,27.551421285667,27.6368663610303,27.6067172400882,27.5413643354891,27.5665048985609,27.5162177292145,27.5262770971775,27.5011268629649,27.5715322863604,27.5463929314253,27.4709385956355,27.475970578825,27.506157393667,27.5363354978248,27.5413643354891,27.6268176187712,27.5212475341273,27.6569609527223,27.6670068026902,27.6870956122065,27.6368663610303,27.6016915422711,27.5866130007331,27.6619839981682,27.6067172400882,27.6167679118797,27.5866130007331,27.4709385956355,27.5564493982478,27.4810023198492,27.506157393667,27.7172216044382,27.7122012073196,27.5966656031286,27.5413643354891,27.5966656031286,27.6569609527223,27.6016915422711,27.5212475341273,27.4910650755359,27.5363354978248,27.4306740081185,27.5815863374129,27.5564493982478,27.6117426966131,27.4960960902657,27.506157393667,27.5815863374129,27.5262770971775,27.5665048985609,27.6720293663216,27.4960960902657,27.7423199823454,27.651937666319,27.5815863374129,27.4960960902657,27.5564493982478,27.5916394226271,27.551421285667,27.5866130007331,27.4960960902657,27.5413643354891,27.5463929314253,27.551421285667,27.5916394226271,27.551421285667,27.551421285667,27.5614772692013,27.551421285667,27.7423199823454,27.5966656031286,27.631842110463,27.6619839981682,27.631842110463,27.8075476496238,27.6770516890958,27.6217928859212,27.551421285667,27.6117426966131,27.5715322863604,27.6368663610303,27.6016915422711,27.6368663610303,27.5665048985609,27.5665048985609,27.4910650755359,27.475970578825,27.5262770971775,27.4810023198492,27.506157393667,27.4508082405489,27.4055007617757,27.475970578825,27.3903939025862,27.3702480251596,27.4508082405489,27.4659063702468,27.4608739026253,27.4608739026253,27.5262770971775,27.4206054372245,27.4608739026253,27.3601736293342,27.2745020022695,27.2896256338382,27.2997068377419,27.2745020022695,27.2845846667777,27.2492910788209,27.2392050038562
27.5162177292145,27.2492910788209,27.4155707879898,27.2593761790295,27.2190299285684,27.309787068249,27.2946663574817,27.2442481632001,27.309787068249,27.1837141556074,27.2997068377419,27.1837141556074,27.2946663574817,27.2442481632001,27.2291179538628,27.1584812802121,27.2190299285684,27.2593761790295,27.2795434562661,27.3601736293342,27.3299446101592,27.1887599981537,27.2089409277006,27.1685751630395,27.1584812802121,27.1736217380844,27.2190299285684,27.1736217380844,27.1382905826503,27.2190299285684,27.2392050038562,27.1382905826503,27.2845846667777,27.2644183636851,27.1988509509866,27.385357797423,27.2896256338382,27.3299446101592,27.5111876824057,27.3652109487011,27.4206054372245,27.2745020022695,27.2745020022695,27.4004653847288,27.3148268185636,27.340021922105,27.3299446101592,27.2291179538628,27.309787068249,27.2139855500982,27.193805596602,27.1887599981537,27.1887599981537,27.1685751630395,27.2896256338382,27.4206054372245,27.5313064183988,27.651937666319,27.6569609527223,27.6569609527223,27.7924987130493,27.9128297863749,27.8276095391327,27.7172216044382,27.5715322863604,27.6820737710463,27.651937666319,27.837639044803,27.7824648884334,27.9428910032239,27.9579183838364,28.043032942706,27.8276095391327,27.6971385722891,27.6368663610303,27.6217928859212,27.7924987130493,27.8627086137778,27.9879666938923,28.0930681351701,28.1230778208426,27.7674123504958,27.6167679118797,27.6016915422711,27.651937666319,27.7373007876777,27.7222417610001,27.5715322863604,27.385357797423,27.1887599981537,27.3500982617396,27.6418903705064,27.982959239327,27.8175790741614,28.0280177375547,27.9529094959747,27.9479003691149,28.0330230443987,27.962927032733,28.0180064083215,27.812563481855,27.7874819207868,27.7623943574465,27.7172216044382,27.6971385722891,27.9128297863749,27.9879666938923,27.8877721929225,27.8677218086608,27.8677218086608,27.9529094959747,27.8576951793018,27.7623943574465,27.7172216044382,27.551421285667,27.5463929314253,27.6569609527223,27.4910650755359,27.6268176187712,27.5866130007331,27.5614772692013,27.6167679118797,27.6167679118797,27.5815863374129,27.5866130007331,27.6117426966131,27.6569609527223,27.7071805696107,27.6921172126096,27.6418903705064,27.5916394226271,27.5564493982478,27.6067172400882,27.5162177292145,27.5212475341273,27.5111876824057,27.4659063702468,27.5262770971775,27.5413643354891,27.4659063702468,27.4457750460266,27.4558411927372,27.4206054372245,27.3903939025862,27.5363354978248,27.6619839981682,27.5111876824057,27.5111876824057,27.5162177292145,27.551421285667,27.5815863374129,27.5815863374129,27.5815863374129,27.6619839981682,27.6016915422711,27.5413643354891,27.4256398439229,27.4709385956355,27.4558411927372,27.4810023198492,27.4810023198492,27.5413643354891,27.6770516890958,27.6067172400882,27.4810023198492,27.4659063702468,27.5564493982478,27.6217928859212,27.5363354978248,27.4810023198492,27.5665048985609,27.5262770971775,27.5463929314253,27.5463929314253,27.4558411927372,27.4709385956355,27.4709385956355,27.5212475341273,27.5111876824057,27.651937666319,27.651937666319,27.6418903705064,27.6167679118797,27.5765594326333,27.5614772692013,27.6720293663216,27.5866130007331,27.475970578825,27.4910650755359,27.506157393667,27.5262770971775,27.5463929314253,27.5564493982478,27.5916394226271,27.6016915422711,27.5665048985609,27.5966656031286,27.5111876824057,27.5614772692013,27.7423199823454,27.8075476496238,27.8075476496238,27.5866130007331,27.6770516890958,27.6870956122065,27.6117426966131,27.4960960902657,27.5815863374129,27.4910650755359,27.4860338187415,27.6117426966131,27.5966656031286,27.6921172126096,27.6720293663216,27.506157393667,27.5715322863604,27.5614772692013,27.4960960902657,27.4608739026253,27.4256398439229,27.475970578825,27.4004653847288,27.4558411927372,27.3954297650103,27.4608739026253,27.5212475341273,27.5614772692013,27.5715322863604,27.5665048985609,27.5815863374129,27.5011268629649,27.4105358961847,27.3752848587436,27.3500982617396,27.2291179538628,27.1483864201735,27.2442481632001,27.2291179538628,27.2593761790295,27.2442481632001
27.2997068377419,27.2442481632001,27.2845846667777,27.2392050038562,27.193805596602,27.2644183636851,27.2240740631453,27.309787068249,27.3047470746531,27.2240740631453,27.1887599981537,27.2442481632001,27.3349833876879,27.2543337507527,27.3702480251596,27.2694603047538,27.3299446101592,27.2795434562661,27.2190299285684,27.2745020022695,27.1736217380844,27.234161600755,27.1231449929837,27.1635283437601,27.2240740631453,27.1736217380844,27.193805596602,27.234161600755,27.2492910788209,27.1433386236146,27.1534339723613,27.2946663574817,27.1281937673691,27.2845846667777,27.1332422972466,27.2190299285684,27.2997068377419,27.3752848587436,27.4558411927372,27.3249055894848,27.2543337507527,27.2896256338382,27.3249055894848,27.3148268185636,27.2745020022695,27.2644183636851,27.2644183636851,27.2240740631453,27.3601736293342,27.2038960613414,27.1534339723613,27.2089409277006,27.193805596602,27.178668068929,27.178668068929,27.385357797423,27.551421285667,27.6368663610303,27.4810023198492,27.5966656031286,27.6921172126096,27.7824648884334,27.6418903705064,27.7975152652541,27.6167679118797,27.6469141389248,27.7674123504958,27.7473389366228,27.7423199823454,27.8276095391327,27.8175790741614,27.892784190336,28.043032942706,27.9529094959747,27.6820737710463,27.6268176187712,27.7473389366228,27.7473389366228,27.7623943574465,27.9679354426974,28.0880656878123,27.9729436137625,27.9128297863749,27.7724301033211,27.8025315774346,27.8426534379831,27.6469141389248,27.6770516890958,27.4659063702468,27.309787068249,27.3198663256309,27.506157393667,27.7122012073196,27.8677218086608,27.7824648884334,27.8426534379831,27.9479003691149,28.0280177375547,28.043032942706,27.812563481855,27.7623943574465,27.7975152652541,27.7122012073196,27.7172216044382,27.8276095391327,27.9128297863749,27.8877721929225,27.9679354426974,27.812563481855,27.8627086137778,27.8476675914376,27.8225944265762,27.8476675914376,27.8175790741614,27.8276095391327,27.5966656031286,27.7021596912783,27.4810023198492,27.5564493982478,27.5313064183988,27.6469141389248,27.4709385956355,27.6117426966131,27.6217928859212,27.6217928859212,27.6469141389248,27.551421285667,27.6921172126096,27.6619839981682,27.6569609527223,27.6870956122065,27.631842110463,27.5815863374129,27.5413643354891,27.5413643354891,27.551421285667,27.5463929314253,27.5313064183988,27.4810023198492,27.4860338187415,27.475970578825,27.5564493982478,27.4256398439229,27.3903939025862,27.5564493982478,27.5765594326333,27.5363354978248,27.7021596912783,27.5966656031286,27.5966656031286,27.551421285667,27.5916394226271,27.5916394226271,27.5665048985609,27.506157393667,27.4860338187415,27.4407416091366,27.5011268629649,27.4659063702468,27.6016915422711,27.5313064183988,27.5866130007331,27.5966656031286,27.651937666319,27.5765594326333,27.4659063702468,27.475970578825,27.5011268629649,27.5765594326333,27.5212475341273,27.5111876824057,27.6117426966131,27.6067172400882,27.5866130007331,27.6067172400882,27.5866130007331,27.4709385956355,27.5413643354891,27.5363354978248,27.7071805696107,27.5715322863604,27.5614772692013,27.5966656031286,27.6117426966131,27.4810023198492,27.4709385956355,27.4860338187415,27.4256398439229,27.6217928859212,27.6117426966131,27.4206054372245,27.4960960902657,27.4960960902657,27.5212475341273,27.5916394226271,27.5111876824057,27.6016915422711,27.5765594326333,27.5715322863604,27.7272616770383,27.7975152652541,27.8075476496238,27.8075476496238,27.7975152652541,27.9178405871461,27.7272616770383,27.7021596912783,27.7172216044382,27.4810023198492,27.4860338187415,27.6067172400882,27.7473389366228,27.7322813525865,27.651937666319,27.6619839981682,27.5715322863604,27.4810023198492,27.4910650755359,27.4910650755359,27.5262770971775,27.3803214494867,27.4256398439229,27.3954297650103,27.385357797423,27.3450602134443,27.5463929314253,27.5564493982478,27.5715322863604,27.5463929314253,27.5564493982478,27.4206054372245,27.4155707879898,27.4306740081185,27.4105358961847,27.2896256338382,27.2694603047538,27.2593761790295,27.2291179538628,27.309787068249,27.2442481632001
27.6117426966131,27.4457750460266,27.2442481632001,27.1887599981537,27.2896256338382,27.2089409277006,27.2896256338382,27.178668068929,27.2190299285684,27.178668068929,27.2038960613414,27.1887599981537,27.2795434562661,27.2543337507527,27.2845846667777,27.2694603047538,27.3702480251596,27.2593761790295,27.2291179538628,27.3047470746531,27.2644183636851,27.340021922105,27.234161600755,27.2745020022695,27.2240740631453,27.2089409277006,27.2745020022695,27.1483864201735,27.1534339723613,27.1029474496787,27.1534339723613,27.1988509509866,27.2240740631453,27.2644183636851,27.2492910788209,27.193805596602,27.2946663574817,27.4105358961847,27.2845846667777,27.1988509509866,27.2038960613414,27.1988509509866,27.3249055894848,27.2997068377419,27.2896256338382,27.3047470746531,27.1433386236146,27.2694603047538,27.355136067025,27.1483864201735,27.1685751630395,27.1483864201735,27.1736217380844,27.2997068377419,27.1736217380844,27.3601736293342,27.4659063702468,27.6619839981682,27.4960960902657,27.4659063702468,27.631842110463,27.6820737710463,27.6368663610303,27.6619839981682,27.5564493982478,27.5866130007331,27.6368663610303,27.6016915422711,27.5815863374129,27.7071805696107,27.7272616770383,27.812563481855,28.0380281127715,28.2130555239183,27.8576951793018,27.6971385722891,27.7373007876777,27.7674123504958,27.7623943574465,27.7423199823454,27.9278614710339,27.9378813982687,28.0830630023446,27.9078187463413,27.7473389366228,27.7272616770383,27.6569609527223,27.5715322863604,27.4709385956355,27.3198663256309,27.309787068249,27.3299446101592,27.5363354978248,27.8276095391327,27.9479003691149,27.8326244118639,27.7975152652541,27.7874819207868,27.837639044803,27.8727347639835,27.7874819207868,27.7272616770383,27.6619839981682,27.7373007876777,27.6268176187712,27.8727347639835,27.9178405871461,27.9529094959747,27.9729436137625,27.8977959483549,27.8977959483549,27.6971385722891,27.7824648884334,27.7021596912783,27.8175790741614,27.7373007876777,27.7975152652541,27.6921172126096,27.7172216044382,27.6217928859212,27.5916394226271,27.651937666319,27.6670068026902,27.5866130007331,27.6117426966131,27.6268176187712,27.7021596912783,27.6971385722891,27.6820737710463,27.7172216044382,27.6619839981682,27.6670068026902,27.6067172400882,27.5463929314253,27.5463929314253,27.5614772692013,27.506157393667,27.5011268629649,27.5011268629649,27.5363354978248,27.5765594326333,27.4155707879898,27.5815863374129,27.4055007617757,27.4508082405489,27.5262770971775,27.6720293663216,27.651937666319,27.5715322863604,27.5665048985609,27.7021596912783,27.6770516890958,27.6268176187712,27.6167679118797,27.4558411927372,27.5363354978248,27.4709385956355,27.4608739026253,27.4810023198492,27.4860338187415,27.4659063702468,27.5313064183988,27.5162177292145,27.4960960902657,27.5313064183988,27.4860338187415,27.4709385956355,27.4910650755359,27.4910650755359,27.5212475341273,27.5363354978248,27.5463929314253,27.6720293663216,27.5815863374129,27.4860338187415,27.5866130007331,27.5413643354891,27.4457750460266,27.5111876824057,27.4608739026253,27.551421285667,27.6167679118797,27.5815863374129,27.5262770971775,27.5413643354891,27.5564493982478,27.4659063702468,27.4608739026253,27.5614772692013,27.5111876824057,27.5363354978248,27.5212475341273,27.4860338187415,27.5715322863604,27.6870956122065,27.651937666319,27.6820737710463,27.6368663610303,27.4860338187415,27.6971385722891,27.812563481855,27.982959239327,27.8677218086608,27.9679354426974,27.9328715542163,27.812563481855,27.7222417610001,27.6117426966131,27.4910650755359,27.6619839981682,27.7172216044382,27.7122012073196,27.7021596912783,27.7423199823454,27.7071805696107,27.6469141389248,27.6469141389248,27.3652109487011,27.4960960902657,27.5363354978248,27.4659063702468,27.4055007617757,27.4407416091366,27.4407416091366,27.506157393667,27.5162177292145,27.5212475341273,27.5162177292145,27.4407416091366,27.3752848587436,27.4306740081185,27.3500982617396,27.355136067025,27.2543337507527,27.1887599981537,27.4105358961847,27.2795434562661,27.1483864201735,27.2190299285684,27.193805596602
27.4810023198492,27.3349833876879,27.2593761790295,27.2492910788209,27.2492910788209,27.178668068929,27.2392050038562,27.2896256338382,27.3047470746531,27.3249055894848,27.3299446101592,27.340021922105,27.2694603047538,27.2543337507527,27.2593761790295,27.3047470746531,27.309787068249,27.3148268185636,27.2644183636851,27.2896256338382,27.1584812802121,27.234161600755,27.1887599981537,27.2896256338382,27.1736217380844,27.2745020022695,27.2492910788209,27.2291179538628,27.2190299285684,27.1635283437601,27.1635283437601,27.2492910788209,27.2946663574817,27.2795434562661,27.2442481632001,27.2795434562661,27.2694603047538,27.3752848587436,27.2845846667777,27.2593761790295,27.355136067025,27.1332422972466,27.2291179538628,27.340021922105,27.3803214494867,27.340021922105,27.309787068249,27.3500982617396,27.3198663256309,27.1685751630395,27.1736217380844,27.1281937673691,27.178668068929,27.178668068929,27.1483864201735,27.3198663256309,27.475970578825,27.6418903705064,27.631842110463,27.4860338187415,27.5413643354891,27.651937666319,27.355136067025,27.6217928859212,27.4910650755359,27.475970578825,27.4810023198492,27.475970578825,27.5916394226271,27.5614772692013,27.5665048985609,27.551421285667,27.7021596912783,28.0530418873914,28.0930681351701,27.9128297863749,27.7021596912783,27.7373007876777,27.7423199823454,27.6217928859212,27.7473389366228,27.7473389366228,27.9128297863749,27.9579183838364,27.812563481855,27.8276095391327,27.8526815051994,27.5715322863604,27.2997068377419,27.2997068377419,27.3047470746531,27.5212475341273,27.5866130007331,27.6870956122065,27.7021596912783,27.7071805696107,27.7674123504958,27.7674123504958,27.631842110463,27.6368663610303,27.7373007876777,27.9328715542163,27.6067172400882,27.5212475341273,27.6016915422711,27.5564493982478,27.6619839981682,27.837639044803,27.9178405871461,27.7021596912783,27.812563481855,27.7724301033211,27.8276095391327,27.7172216044382,27.6368663610303,27.7222417610001,27.7172216044382,27.8075476496238,27.6117426966131,27.6167679118797,27.6117426966131,27.6569609527223,27.5212475341273,27.5413643354891,27.5262770971775,27.6820737710463,27.6670068026902,27.7724301033211,27.7122012073196,27.7373007876777,27.6971385722891,27.631842110463,27.5162177292145,27.5463929314253,27.5413643354891,27.551421285667,27.5111876824057,27.4960960902657,27.4910650755359,27.4659063702468,27.4709385956355,27.475970578825,27.506157393667,27.4810023198492,27.6117426966131,27.6217928859212,27.6217928859212,27.6720293663216,27.5564493982478,27.5866130007331,27.6670068026902,27.6619839981682,27.5413643354891,27.5313064183988,27.4155707879898,27.4558411927372,27.506157393667,27.4910650755359,27.4860338187415,27.4659063702468,27.3803214494867,27.5413643354891,27.5262770971775,27.506157393667,27.475970578825,27.5162177292145,27.4558411927372,27.475970578825,27.4105358961847,27.4709385956355,27.4055007617757,27.5916394226271,27.5262770971775,27.506157393667,27.5162177292145,27.5665048985609,27.5463929314253,27.6167679118797,27.4608739026253,27.6117426966131,27.6117426966131,27.6268176187712,27.5614772692013,27.6870956122065,27.5363354978248,27.551421285667,27.5866130007331,27.475970578825,27.5011268629649,27.6016915422711,27.5313064183988,27.5262770971775,27.551421285667,27.5212475341273,27.7272616770383,28.1330791460061,28.0079941248089,27.8476675914376,27.7322813525865,27.7423199823454,27.9929739096901,27.9879666938923,28.0730569169481,27.982959239327,27.9579183838364,27.962927032733,27.8075476496238,27.6670068026902,27.7222417610001,27.7222417610001,27.7071805696107,27.8276095391327,27.7172216044382,27.8276095391327,27.7373007876777,27.651937666319,27.5866130007331,27.5765594326333,27.5363354978248,27.506157393667,27.4155707879898,27.4055007617757,27.3803214494867,27.4105358961847,27.4105358961847,27.4206054372245,27.4357079298451,27.551421285667,27.385357797423,27.5463929314253,27.6770516890958,27.4659063702468,27.4155707879898,27.4407416091366,27.4155707879898,27.2745020022695,27.2240740631453,27.1332422972466,27.2291179538628,27.2291179538628
27.4810023198492,27.2089409277006,27.3148268185636,27.2946663574817,27.2543337507527,27.2644183636851,27.2896256338382,27.3198663256309,27.2392050038562,27.2896256338382,27.4055007617757,27.2644183636851,27.2543337507527,27.2896256338382,27.3047470746531,27.2694603047538,27.3299446101592,27.2593761790295,27.2694603047538,27.2896256338382,27.2492910788209,27.2845846667777,27.2896256338382,27.1685751630395,27.1685751630395,27.2745020022695,27.2946663574817,27.2038960613414,27.193805596602,27.1231449929837,27.2089409277006,27.2644183636851,27.4608739026253,27.2190299285684,27.2795434562661,27.2139855500982,27.2139855500982,27.2644183636851,27.1837141556074,27.178668068929,27.178668068929,27.1635283437601,27.0978974522403,27.3148268185636,27.3299446101592,27.2593761790295,27.1685751630395,27.3500982617396,27.2795434562661,27.3249055894848,27.1584812802121,27.2139855500982,27.1483864201735,27.1635283437601,27.2644183636851,27.234161600755,27.340021922105,27.5011268629649,27.4407416091366,27.4810023198492,27.4508082405489,27.5765594326333,27.4910650755359,27.6067172400882,27.5614772692013,27.631842110463,27.4659063702468,27.5966656031286,27.5765594326333,27.5313064183988,27.5313064183988,27.5665048985609,27.812563481855,27.7473389366228,28.1830715081525,28.0580460022081,27.9028074670123,27.7573761241401,27.631842110463,27.631842110463,27.7423199823454,27.6770516890958,27.5262770971775,27.5363354978248,27.4659063702468,27.9529094959747,27.9428910032239,27.5564493982478,27.4206054372245,27.2896256338382,27.4306740081185,27.4256398439229,27.5614772692013,27.5111876824057,27.5866130007331,27.5815863374129,27.7172216044382,27.5765594326333,27.5715322863604,27.7272616770383,27.7423199823454,27.7172216044382,27.7322813525865,27.5363354978248,27.6167679118797,27.5212475341273,27.5866130007331,27.5966656031286,27.9228511486881,27.7674123504958,27.7623943574465,27.6770516890958,27.7623943574465,27.7071805696107,27.6067172400882,27.5916394226271,27.6117426966131,27.651937666319,27.7272616770383,27.6469141389248,27.7071805696107,27.7322813525865,27.6268176187712,27.5313064183988,27.631842110463,27.5765594326333,27.5564493982478,27.6217928859212,27.6569609527223,27.5011268629649,27.6167679118797,27.5815863374129,27.7122012073196,27.6368663610303,27.5765594326333,27.5262770971775,27.6217928859212,27.5665048985609,27.4860338187415,27.475970578825,27.4357079298451,27.5866130007331,27.6217928859212,27.6016915422711,27.4508082405489,27.7071805696107,27.7272616770383,27.551421285667,27.551421285667,27.5212475341273,27.551421285667,27.651937666319,27.5313064183988,27.5212475341273,27.5162177292145,27.4860338187415,27.4860338187415,27.4860338187415,27.4206054372245,27.4055007617757,27.4306740081185,27.475970578825,27.4508082405489,27.4457750460266,27.5162177292145,27.4558411927372,27.506157393667,27.5363354978248,27.4910650755359,27.3601736293342,27.5614772692013,27.5111876824057,27.506157393667,27.506157393667,27.5765594326333,27.5111876824057,27.475970578825,27.5262770971775,27.5413643354891,27.651937666319,27.5966656031286,27.6971385722891,27.6770516890958,27.5262770971775,27.5866130007331,27.5614772692013,27.5011268629649,27.5313064183988,27.4608739026253,27.5111876824057,27.4357079298451,27.4055007617757,27.5212475341273,27.4960960902657,27.6820737710463,27.8827599560813,27.8777474797793,27.8025315774346,27.8426534379831,27.7322813525865,27.9428910032239,28.1080740489112,28.1130755441568,28.14807935022,28.0580460022081,28.1930671296786,27.9228511486881,27.7172216044382,27.7975152652541,27.7473389366228,27.7423199823454,27.8476675914376,27.812563481855,27.7272616770383,27.6569609527223,27.6770516890958,27.6268176187712,27.5111876824057,27.5262770971775,27.475970578825,27.3752848587436,27.4407416091366,27.5011268629649,27.4206054372245,27.4256398439229,27.3450602134443,27.4256398439229,27.506157393667,27.5413643354891,27.5313064183988,27.4810023198492,27.475970578825,27.2745020022695,27.2644183636851,27.2190299285684,27.178668068929,27.2795434562661,27.1635283437601,27.234161600755,27.1887599981537
27.2845846667777,27.2593761790295,27.2139855500982,27.2442481632001,27.2190299285684,27.2745020022695,27.3249055894848,27.2139855500982,27.2795434562661,27.2644183636851,27.4004653847288,27.4256398439229,27.3299446101592,27.2997068377419,27.2795434562661,27.3500982617396,27.2745020022695,27.2038960613414,27.178668068929,27.2190299285684,27.2543337507527,27.2089409277006,27.1584812802121,27.3047470746531,27.1332422972466,27.178668068929,27.309787068249,27.2694603047538,27.037278385539,27.1332422972466,27.2291179538628,27.4206054372245,27.4407416091366,27.309787068249,27.3047470746531,27.2291179538628,27.178668068929,27.1736217380844,27.3299446101592,27.1433386236146,27.0978974522403,27.1685751630395,27.1685751630395,27.3450602134443,27.3450602134443,27.3047470746531,27.2442481632001,27.3349833876879,27.6067172400882,27.2845846667777,27.2845846667777,27.2543337507527,27.2492910788209,27.2745020022695,27.2694603047538,27.2593761790295,27.3349833876879,27.385357797423,27.6217928859212,27.506157393667,27.4960960902657,27.6469141389248,27.6016915422711,27.6016915422711,27.5564493982478,27.506157393667,27.4860338187415,27.5313064183988,27.5111876824057,27.6619839981682,27.5665048985609,27.5111876824057,27.631842110463,27.837639044803,27.9579183838364,27.9128297863749,27.8175790741614,27.812563481855,27.5363354978248,27.5162177292145,27.6167679118797,27.6268176187712,27.4608739026253,27.4508082405489,27.4407416091366,27.6921172126096,27.9729436137625,27.5715322863604,27.3249055894848,27.3148268185636,27.385357797423,27.5212475341273,27.6016915422711,27.5212475341273,27.5463929314253,27.5665048985609,27.5715322863604,27.551421285667,27.6268176187712,27.7473389366228,27.7272616770383,27.5866130007331,27.7322813525865,27.6368663610303,27.5715322863604,27.6167679118797,27.5866130007331,27.5665048985609,27.6469141389248,27.7674123504958,27.6670068026902,27.5966656031286,27.6619839981682,27.7021596912783,27.7623943574465,27.7021596912783,27.7975152652541,27.7373007876777,27.6619839981682,27.651937666319,27.7373007876777,27.7122012073196,27.6469141389248,27.6418903705064,27.5715322863604,27.5665048985609,27.7172216044382,27.6619839981682,27.6870956122065,27.6117426966131,27.6268176187712,27.6016915422711,27.6268176187712,27.4960960902657,27.5665048985609,27.5966656031286,27.6469141389248,27.6117426966131,27.4709385956355,27.475970578825,27.6368663610303,27.5765594326333,27.7373007876777,27.8576951793018,27.7322813525865,27.7874819207868,27.7674123504958,27.7071805696107,27.6016915422711,27.6016915422711,27.5111876824057,27.5564493982478,27.4960960902657,27.5262770971775,27.506157393667,27.5815863374129,27.5463929314253,27.4256398439229,27.4457750460266,27.4960960902657,27.5363354978248,27.4306740081185,27.5111876824057,27.5011268629649,27.4457750460266,27.5111876824057,27.4659063702468,27.4860338187415,27.4457750460266,27.4206054372245,27.5413643354891,27.5313064183988,27.506157393667,27.4960960902657,27.5111876824057,27.4659063702468,27.5463929314253,27.4659063702468,27.5363354978248,27.651937666319,27.5665048985609,27.631842110463,27.6217928859212,27.5111876824057,27.5111876824057,27.5011268629649,27.4810023198492,27.5011268629649,27.4407416091366,27.5111876824057,27.4407416091366,27.4357079298451,27.4206054372245,27.5665048985609,27.6569609527223,27.8777474797793,27.8677218086608,27.7874819207868,27.7071805696107,27.8426534379831,27.8526815051994,27.9979808867536,28.0130003858666,27.962927032733,27.982959239327,27.9428910032239,27.9278614710339,27.9028074670123,27.8827599560813,27.8777474797793,27.7373007876777,27.8426534379831,27.8877721929225,27.8326244118639,27.7272616770383,27.651937666319,27.6016915422711,27.6217928859212,27.475970578825,27.4709385956355,27.4306740081185,27.4608739026253,27.4206054372245,27.4357079298451,27.4206054372245,27.4407416091366,27.4306740081185,27.4608739026253,27.4457750460266,27.5413643354891,27.4709385956355,27.3601736293342,27.4155707879898,27.3349833876879,27.2745020022695,27.3249055894848,27.2745020022695,27.1635283437601,27.2240740631453,27.2089409277006
27.2543337507527,27.2190299285684,27.1988509509866,27.234161600755,27.234161600755,27.2946663574817,27.2190299285684,27.2392050038562,27.2694603047538,27.3349833876879,27.340021922105,27.2593761790295,27.2997068377419,27.2896256338382,27.2694603047538,27.3198663256309,27.2745020022695,27.1837141556074,27.2795434562661,27.2644183636851,27.2442481632001,27.2644183636851,27.3047470746531,27.1887599981537,27.1180959740562,27.3047470746531,27.1130467105523,27.1837141556074,27.0928472100887,27.1130467105523,27.2442481632001,27.3299446101592,27.5715322863604,27.4105358961847,27.3299446101592,27.2089409277006,27.1231449929837,27.1887599981537,27.1584812802121,27.1736217380844,27.2593761790295,27.1433386236146,27.1382905826503,27.309787068249,27.2946663574817,27.3349833876879,27.2593761790295,27.2896256338382,27.5614772692013,27.3148268185636,27.1887599981537,27.2492910788209,27.2392050038562,27.234161600755,27.2392050038562,27.1887599981537,27.2291179538628,27.2644183636851,27.5614772692013,27.506157393667,27.3652109487011,27.5665048985609,27.5815863374129,27.5966656031286,27.5463929314253,27.4508082405489,27.4659063702468,27.5363354978248,27.5011268629649,27.5564493982478,27.5614772692013,27.5614772692013,27.5463929314253,27.5966656031286,27.7523576505433,27.6921172126096,27.837639044803,27.6469141389248,27.7623943574465,27.4860338187415,27.506157393667,27.6016915422711,27.6016915422711,27.5262770971775,27.4357079298451,27.4306740081185,27.7674123504958,27.5815863374129,27.2745020022695,27.2644183636851,27.3047470746531,27.4155707879898,27.5765594326333,27.6117426966131,27.4860338187415,27.5212475341273,27.5564493982478,27.5665048985609,27.551421285667,27.5111876824057,27.5665048985609,27.5614772692013,27.6870956122065,27.5413643354891,27.6569609527223,27.5011268629649,27.5313064183988,27.4810023198492,27.5011268629649,27.6569609527223,27.5413643354891,27.506157393667,27.5916394226271,27.5564493982478,27.6268176187712,27.6117426966131,27.6820737710463,27.5111876824057,27.6820737710463,27.5665048985609,27.5966656031286,27.6619839981682,27.6971385722891,27.7272616770383,27.6820737710463,27.6720293663216,27.7373007876777,27.6921172126096,27.6368663610303,27.6569609527223,27.5966656031286,27.551421285667,27.4960960902657,27.5363354978248,27.631842110463,27.4558411927372,27.506157393667,27.5262770971775,27.4709385956355,27.5614772692013,27.6217928859212,27.6418903705064,27.7423199823454,27.837639044803,27.7322813525865,27.812563481855,27.5815863374129,27.631842110463,27.6117426966131,27.5665048985609,27.5815863374129,27.5111876824057,27.4960960902657,27.5665048985609,27.5413643354891,27.5162177292145,27.4910650755359,27.3954297650103,27.4960960902657,27.506157393667,27.4709385956355,27.4659063702468,27.4508082405489,27.4659063702468,27.5162177292145,27.3903939025862,27.4457750460266,27.4659063702468,27.5111876824057,27.506157393667,27.5111876824057,27.5111876824057,27.506157393667,27.4810023198492,27.506157393667,27.5162177292145,27.5111876824057,27.5765594326333,27.5262770971775,27.6016915422711,27.6268176187712,27.6619839981682,27.6016915422711,27.6167679118797,27.5011268629649,27.5162177292145,27.5111876824057,27.4960960902657,27.4256398439229,27.4306740081185,27.4709385956355,27.4256398439229,27.4709385956355,27.4810023198492,27.7924987130493,27.8827599560813,27.8075476496238,27.7874819207868,27.7674123504958,27.7423199823454,27.7423199823454,27.7322813525865,27.7423199823454,27.9879666938923,27.837639044803,27.6921172126096,27.6770516890958,27.6820737710463,27.7021596912783,27.8727347639835,27.8476675914376,27.8827599560813,27.8877721929225,27.812563481855,27.8426534379831,27.7071805696107,27.6117426966131,27.5916394226271,27.4860338187415,27.475970578825,27.4256398439229,27.5111876824057,27.4457750460266,27.4155707879898,27.3601736293342,27.4155707879898,27.4155707879898,27.4306740081185,27.4306740081185,27.4306740081185,27.4306740081185,27.4105358961847,27.4155707879898,27.3148268185636,27.2997068377419,27.3349833876879,27.2038960613414,27.2392050038562,27.193805596602,27.1534339723613
27.2492910788209,27.1988509509866,27.1988509509866,27.2392050038562,27.2442481632001,27.1736217380844,27.3148268185636,27.3148268185636,27.2997068377419,27.4004653847288,27.2644183636851,27.3047470746531,27.2492910788209,27.2795434562661,27.3450602134443,27.3299446101592,27.3299446101592,27.2291179538628,27.1736217380844,27.2190299285684,27.1988509509866,27.2543337507527,27.2593761790295,27.1685751630395,27.2492910788209,27.3148268185636,27.2694603047538,27.1382905826503,27.1130467105523,27.0978974522403,27.1988509509866,27.3349833876879,27.4659063702468,27.3500982617396,27.3803214494867,27.2644183636851,27.2190299285684,27.1483864201735,27.0978974522403,27.2845846667777,27.1736217380844,27.0827459915085,27.2492910788209,27.1635283437601,27.2038960613414,27.2392050038562,27.2392050038562,27.3349833876879,27.4910650755359,27.3299446101592,27.2038960613414,27.2492910788209,27.3249055894848,27.4357079298451,27.2795434562661,27.2694603047538,27.2644183636851,27.3349833876879,27.5111876824057,27.5162177292145,27.4810023198492,27.5715322863604,27.5866130007331,27.4709385956355,27.5715322863604,27.5313064183988,27.5262770971775,27.5111876824057,27.5212475341273,27.6619839981682,27.5413643354891,27.5162177292145,27.5564493982478,27.6217928859212,27.5665048985609,27.6971385722891,27.8677218086608,27.6921172126096,27.7272616770383,27.5665048985609,27.5212475341273,27.551421285667,27.6770516890958,27.5262770971775,27.5363354978248,27.6971385722891,27.4659063702468,27.4407416091366,27.3047470746531,27.3752848587436,27.2997068377419,27.6368663610303,27.9378813982687,27.8276095391327,27.7172216044382,27.5815863374129,27.5916394226271,27.6368663610303,27.5363354978248,27.5614772692013,27.5765594326333,27.5665048985609,27.5564493982478,27.5665048985609,27.6720293663216,27.6921172126096,27.4860338187415,27.4960960902657,27.4860338187415,27.5564493982478,27.551421285667,27.5564493982478,27.5011268629649,27.5413643354891,27.5564493982478,27.7172216044382,27.5614772692013,27.5966656031286,27.5715322863604,27.4910650755359,27.5212475341273,27.5212475341273,27.5916394226271,27.6569609527223,27.631842110463,27.6418903705064,27.6921172126096,27.6016915422711,27.7222417610001,27.6016915422711,27.5966656031286,27.5715322863604,27.5765594326333,27.551421285667,27.5011268629649,27.506157393667,27.4960960902657,27.5463929314253,27.5815863374129,27.6217928859212,27.7322813525865,27.5866130007331,27.837639044803,27.8326244118639,27.7272616770383,27.7172216044382,27.551421285667,27.6971385722891,27.6921172126096,27.5966656031286,27.6619839981682,27.6418903705064,27.506157393667,27.4910650755359,27.5363354978248,27.4860338187415,27.5111876824057,27.4960960902657,27.4004653847288,27.4960960902657,27.4457750460266,27.4709385956355,27.5765594326333,27.4709385956355,27.4659063702468,27.5111876824057,27.4659063702468,27.5463929314253,27.5313064183988,27.4910650755359,27.4709385956355,27.5011268629649,27.4860338187415,27.4910650755359,27.631842110463,27.4910650755359,27.4206054372245,27.475970578825,27.5313064183988,27.5212475341273,27.651937666319,27.6469141389248,27.6016915422711,27.6117426966131,27.5916394226271,27.5111876824057,27.5262770971775,27.5212475341273,27.4407416091366,27.4256398439229,27.4155707879898,27.4206054372245,27.631842110463,27.5111876824057,27.6670068026902,27.8877721929225,27.9879666938923,27.8977959483549,27.8977959483549,27.7975152652541,27.892784190336,27.7473389366228,27.7272616770383,27.7222417610001,27.837639044803,27.6770516890958,27.7523576505433,27.6670068026902,27.6720293663216,27.7373007876777,27.777447615956,27.7373007876777,27.7423199823454,27.7272616770383,27.9579183838364,27.7373007876777,27.6268176187712,27.6268176187712,27.6167679118797,27.4608739026253,27.4457750460266,27.5212475341273,27.3601736293342,27.4709385956355,27.3752848587436,27.4357079298451,27.4709385956355,27.4457750460266,27.4457750460266,27.4306740081185,27.385357797423,27.4206054372245,27.340021922105,27.3349833876879,27.2442481632001,27.2644183636851,27.2291179538628,27.340021922105,27.1635283437601,27.1887599981537
27.2845846667777,27.2291179538628,27.2038960613414,27.2190299285684,27.3752848587436,27.385357797423,27.3752848587436,27.1837141556074,27.1382905826503,27.3198663256309,27.2644183636851,27.340021922105,27.2593761790295,27.2745020022695,27.2644183636851,27.2745020022695,27.2392050038562,27.2543337507527,27.2543337507527,27.2543337507527,27.2795434562661,27.3148268185636,27.2795434562661,27.1988509509866,27.1231449929837,27.2139855500982,27.1988509509866,27.1483864201735,27.0675923274317,27.178668068929,27.1584812802121,27.3148268185636,27.2492910788209,27.3249055894848,27.2946663574817,27.2492910788209,27.2240740631453,27.1180959740562,27.2240740631453,27.2442481632001,27.1332422972466,27.193805596602,27.1584812802121,27.2946663574817,27.1887599981537,27.2946663574817,27.2139855500982,27.309787068249,27.234161600755,27.2997068377419,27.1988509509866,27.2644183636851,27.1837141556074,27.4004653847288,27.3198663256309,27.2089409277006,27.2492910788209,27.2745020022695,27.506157393667,27.4960960902657,27.3349833876879,27.5413643354891,27.5413643354891,27.5463929314253,27.5866130007331,27.475970578825,27.4608739026253,27.4659063702468,27.4709385956355,27.5413643354891,27.5665048985609,27.4910650755359,27.631842110463,27.5162177292145,27.5715322863604,27.651937666319,27.6569609527223,27.6619839981682,27.5665048985609,27.5564493982478,27.4910650755359,27.5463929314253,27.4357079298451,27.4256398439229,27.6016915422711,27.6167679118797,27.3903939025862,27.3249055894848,27.2845846667777,27.3249055894848,27.3903939025862,27.551421285667,27.9378813982687,28.0580460022081,28.14807935022,27.8576951793018,27.6971385722891,27.6820737710463,27.551421285667,27.5564493982478,27.4810023198492,27.5665048985609,27.5463929314253,27.551421285667,27.551421285667,27.777447615956,27.5011268629649,27.4810023198492,27.4810023198492,27.5011268629649,27.4960960902657,27.5212475341273,27.6117426966131,27.651937666319,27.5665048985609,27.5212475341273,27.5564493982478,27.5815863374129,27.5564493982478,27.551421285667,27.5866130007331,27.6720293663216,27.6469141389248,27.6217928859212,27.6067172400882,27.651937666319,27.6067172400882,27.6670068026902,27.6167679118797,27.6619839981682,27.6067172400882,27.7172216044382,27.5564493982478,27.6016915422711,27.6569609527223,27.5262770971775,27.5262770971775,27.5363354978248,27.475970578825,27.5715322863604,27.6067172400882,27.6268176187712,27.7322813525865,27.7373007876777,27.7523576505433,27.6117426966131,27.5715322863604,27.6117426966131,27.6770516890958,27.7021596912783,27.6921172126096,27.5111876824057,27.5463929314253,27.5363354978248,27.506157393667,27.5463929314253,27.4407416091366,27.5162177292145,27.4206054372245,27.4960960902657,27.3702480251596,27.3652109487011,27.4860338187415,27.4357079298451,27.475970578825,27.4256398439229,27.4306740081185,27.4105358961847,27.5011268629649,27.6167679118797,27.631842110463,27.5916394226271,27.4709385956355,27.6418903705064,27.6067172400882,27.5463929314253,27.5614772692013,27.4910650755359,27.551421285667,27.4960960902657,27.5313064183988,27.631842110463,27.6117426966131,27.5463929314253,27.4659063702468,27.4709385956355,27.5313064183988,27.4810023198492,27.4407416091366,27.506157393667,27.4860338187415,27.5614772692013,27.4206054372245,27.4306740081185,27.6770516890958,27.7874819207868,27.9128297863749,27.8627086137778,27.8677218086608,27.8276095391327,27.8175790741614,27.7523576505433,27.7423199823454,27.7172216044382,27.7874819207868,27.7975152652541,27.6770516890958,27.5011268629649,27.5815863374129,27.7071805696107,27.7373007876777,27.7322813525865,27.8426534379831,27.7874819207868,27.8777474797793,27.7423199823454,27.6368663610303,27.7623943574465,27.4508082405489,27.4960960902657,27.5262770971775,27.475970578825,27.3954297650103,27.4457750460266,27.4508082405489,27.3601736293342,27.4306740081185,27.4357079298451,27.4105358961847,27.4407416091366,27.355136067025,27.4155707879898,27.3299446101592,27.355136067025,27.385357797423,27.3652109487011,27.2593761790295,27.2240740631453,27.2240740631453,27.1382905826503
27.178668068929,27.2543337507527,27.2745020022695,27.3803214494867,27.6016915422711,27.4558411927372,27.2240740631453,27.4256398439229,27.309787068249,27.340021922105,27.2694603047538,27.340021922105,27.2291179538628,27.2593761790295,27.2038960613414,27.3249055894848,27.2139855500982,27.193805596602,27.234161600755,27.2946663574817,27.2795434562661,27.2190299285684,27.2089409277006,27.2089409277006,27.1382905826503,27.0827459915085,27.1231449929837,27.1534339723613,27.2442481632001,27.0221181058697,27.1079972024379,27.340021922105,27.3752848587436,27.2997068377419,27.2896256338382,27.234161600755,27.2442481632001,27.1130467105523,27.2089409277006,27.1332422972466,27.234161600755,27.1685751630395,27.1079972024379,27.2038960613414,27.2593761790295,27.1584812802121,27.1635283437601,27.2038960613414,27.2795434562661,27.2946663574817,27.193805596602,27.3198663256309,27.3702480251596,27.4206054372245,27.2644183636851,27.2694603047538,27.2392050038562,27.2089409277006,27.1433386236146,27.2795434562661,27.4709385956355,27.5162177292145,27.4960960902657,27.5715322863604,27.6619839981682,27.4960960902657,27.4508082405489,27.4709385956355,27.506157393667,27.5614772692013,27.506157393667,27.4457750460266,27.5966656031286,27.4910650755359,27.4810023198492,27.6469141389248,27.6670068026902,27.8627086137778,27.8677218086608,27.6268176187712,27.6067172400882,27.3299446101592,27.340021922105,27.6268176187712,27.7473389366228,27.4357079298451,27.234161600755,27.2795434562661,27.355136067025,27.2644183636851,27.3047470746531,27.5413643354891,27.6770516890958,27.8777474797793,28.2480260793404,28.043032942706,27.7523576505433,27.8276095391327,27.9328715542163,27.6870956122065,27.551421285667,27.5966656031286,27.6217928859212,27.6016915422711,27.7071805696107,27.7071805696107,27.7122012073196,27.6971385722891,27.6770516890958,27.651937666319,27.5966656031286,27.5413643354891,27.5313064183988,27.6368663610303,27.5162177292145,27.5715322863604,27.5463929314253,27.6670068026902,27.6167679118797,27.6167679118797,27.6117426966131,27.7122012073196,27.6469141389248,27.6067172400882,27.7021596912783,27.7172216044382,27.6670068026902,27.6167679118797,27.631842110463,27.6569609527223,27.7172216044382,27.6921172126096,27.6971385722891,27.7924987130493,27.5815863374129,27.6921172126096,27.5363354978248,27.5966656031286,27.5815863374129,27.5765594326333,27.7172216044382,27.6268176187712,27.6117426966131,27.651937666319,27.6368663610303,27.5715322863604,27.5413643354891,27.5564493982478,27.5715322863604,27.6569609527223,27.5413643354891,27.5011268629649,27.5262770971775,27.5463929314253,27.4860338187415,27.5111876824057,27.475970578825,27.5363354978248,27.4960960902657,27.4357079298451,27.385357797423,27.475970578825,27.4457750460266,27.4709385956355,27.4357079298451,27.4357079298451,27.4004653847288,27.4558411927372,27.4206054372245,27.4407416091366,27.5162177292145,27.5111876824057,27.5564493982478,27.5815863374129,27.5614772692013,27.5765594326333,27.6167679118797,27.5212475341273,27.5162177292145,27.5111876824057,27.5262770971775,27.5313064183988,27.4910650755359,27.6067172400882,27.4910650755359,27.6117426966131,27.4910650755359,27.4960960902657,27.4659063702468,27.4357079298451,27.4407416091366,27.4206054372245,27.4558411927372,27.6469141389248,27.5413643354891,27.5966656031286,27.7573761241401,27.812563481855,27.7874819207868,27.8276095391327,27.7824648884334,27.7322813525865,27.7172216044382,27.8727347639835,27.7874819207868,27.6418903705064,27.6770516890958,27.5363354978248,27.5966656031286,27.7071805696107,27.6670068026902,27.6117426966131,27.7322813525865,27.8326244118639,27.6217928859212,27.6921172126096,27.7523576505433,27.6217928859212,27.6217928859212,27.4558411927372,27.506157393667,27.5715322863604,27.475970578825,27.4810023198492,27.4407416091366,27.385357797423,27.4508082405489,27.3903939025862,27.3450602134443,27.4407416091366,27.4306740081185,27.4608739026253,27.3500982617396,27.3249055894848,27.3450602134443,27.2997068377419,27.309787068249,27.2392050038562,27.2139855500982,27.2038960613414
27.1635283437601,27.4508082405489,27.4508082405489,27.4558411927372,27.4608739026253,27.234161600755,27.340021922105,27.2291179538628,27.2745020022695,27.2139855500982,27.3803214494867,27.3349833876879,27.2492910788209,27.340021922105,27.2896256338382,27.3047470746531,27.3299446101592,27.2946663574817,27.2190299285684,27.309787068249,27.3047470746531,27.2593761790295,27.2291179538628,27.3249055894848,27.2543337507527,27.1079972024379,27.1685751630395,27.1332422972466,27.1281937673691,27.1584812802121,27.0978974522403,27.2946663574817,27.4608739026253,27.2593761790295,27.2946663574817,27.1837141556074,27.2795434562661,27.2795434562661,27.2190299285684,27.2745020022695,27.309787068249,27.2291179538628,27.1837141556074,27.2492910788209,27.193805596602,27.193805596602,27.2240740631453,27.1837141556074,27.2038960613414,27.2190299285684,27.309787068249,27.3249055894848,27.355136067025,27.5564493982478,27.3803214494867,27.2845846667777,27.2593761790295,27.2593761790295,27.2845846667777,27.2795434562661,27.4457750460266,27.4357079298451,27.4659063702468,27.4457750460266,27.4910650755359,27.551421285667,27.5212475341273,27.4306740081185,27.5011268629649,27.5916394226271,27.4860338187415,27.4860338187415,27.5111876824057,27.5665048985609,27.5966656031286,27.5463929314253,27.7222417610001,27.8677218086608,27.8727347639835,27.6368663610303,27.5011268629649,27.3500982617396,27.4256398439229,27.6368663610303,27.7473389366228,27.4910650755359,27.355136067025,27.2392050038562,27.2795434562661,27.2997068377419,27.3198663256309,27.7322813525865,27.8175790741614,27.8326244118639,27.9529094959747,27.9929739096901,27.8576951793018,27.812563481855,27.9479003691149,27.8677218086608,27.9278614710339,27.9428910032239,27.9278614710339,27.8426534379831,27.631842110463,27.6418903705064,27.7021596912783,27.6921172126096,27.6418903705064,27.5665048985609,27.4960960902657,27.5765594326333,27.4558411927372,27.5262770971775,27.6870956122065,27.6870956122065,27.7071805696107,27.6921172126096,27.6368663610303,27.6167679118797,27.631842110463,27.6067172400882,27.6268176187712,27.5715322863604,27.6720293663216,27.5916394226271,27.6921172126096,27.6167679118797,27.6268176187712,27.6670068026902,27.6870956122065,27.7071805696107,27.7423199823454,27.6971385722891,27.6619839981682,27.5916394226271,27.5916394226271,27.5262770971775,27.6016915422711,27.5916394226271,27.6016915422711,27.6469141389248,27.6067172400882,27.7122012073196,27.6067172400882,27.5614772692013,27.5564493982478,27.6167679118797,27.5715322863604,27.5111876824057,27.6670068026902,27.5011268629649,27.5262770971775,27.5463929314253,27.4960960902657,27.506157393667,27.4558411927372,27.5614772692013,27.4206054372245,27.4206054372245,27.4860338187415,27.506157393667,27.4910650755359,27.4407416091366,27.4558411927372,27.4558411927372,27.4810023198492,27.4105358961847,27.4105358961847,27.4105358961847,27.551421285667,27.4306740081185,27.6368663610303,27.551421285667,27.5614772692013,27.5463929314253,27.5665048985609,27.5966656031286,27.6067172400882,27.5111876824057,27.6067172400882,27.5313064183988,27.6167679118797,27.5815863374129,27.5815863374129,27.5614772692013,27.4810023198492,27.475970578825,27.475970578825,27.3652109487011,27.4508082405489,27.4457750460266,27.4256398439229,27.4256398439229,27.5262770971775,27.6167679118797,27.7373007876777,27.7373007876777,27.7623943574465,27.7824648884334,27.7924987130493,27.7322813525865,27.7674123504958,27.7423199823454,27.8727347639835,27.6469141389248,27.6268176187712,27.5665048985609,27.4860338187415,27.6016915422711,27.631842110463,27.6117426966131,27.6870956122065,27.7322813525865,27.7272616770383,27.6469141389248,27.6067172400882,27.631842110463,27.6217928859212,27.5765594326333,27.4457750460266,27.4457750460266,27.3903939025862,27.4659063702468,27.4709385956355,27.4306740081185,27.3652109487011,27.4508082405489,27.4407416091366,27.4709385956355,27.4508082405489,27.4608739026253,27.3903939025862,27.3803214494867,27.385357797423,27.309787068249,27.3652109487011,27.309787068249,27.4004653847288,27.3198663256309
27.4457750460266,27.2745020022695,27.4457750460266,27.2997068377419,27.2291179538628,27.309787068249,27.2896256338382,27.2997068377419,27.2038960613414,27.1584812802121,27.1736217380844,27.3148268185636,27.309787068249,27.3299446101592,27.3450602134443,27.2139855500982,27.3198663256309,27.309787068249,27.2392050038562,27.2543337507527,27.2644183636851,27.2442481632001,27.2442481632001,27.1837141556074,27.1736217380844,27.1483864201735,27.2240740631453,27.2543337507527,27.2694603047538,27.3349833876879,27.2745020022695,27.2795434562661,27.2997068377419,27.2946663574817,27.309787068249,27.2795434562661,27.2845846667777,27.2392050038562,27.2240740631453,27.2644183636851,27.4004653847288,27.2896256338382,27.2694603047538,27.2492910788209,27.2694603047538,27.2392050038562,27.2492910788209,27.1988509509866,27.234161600755,27.2240740631453,27.1988509509866,27.3047470746531,27.3954297650103,27.4558411927372,27.2896256338382,27.385357797423,27.1534339723613,27.2240740631453,27.2694603047538,27.2694603047538,27.3299446101592,27.4508082405489,27.4105358961847,27.5866130007331,27.4910650755359,27.4306740081185,27.475970578825,27.4105358961847,27.4508082405489,27.4910650755359,27.4709385956355,27.4960960902657,27.5162177292145,27.475970578825,27.475970578825,27.5313064183988,27.7423199823454,27.8576951793018,27.7473389366228,27.5262770971775,27.3349833876879,27.2139855500982,27.3954297650103,27.6217928859212,27.506157393667,27.4810023198492,27.4357079298451,27.3450602134443,27.1736217380844,27.2291179538628,27.355136067025,27.8225944265762,28.0380281127715,27.9929739096901,27.7824648884334,27.8677218086608,27.982959239327,27.8777474797793,27.7122012073196,27.6870956122065,27.837639044803,27.8677218086608,27.9579183838364,28.063049878718,27.9328715542163,27.7975152652541,27.6770516890958,27.6569609527223,27.6670068026902,27.4910650755359,27.4155707879898,27.5011268629649,27.5313064183988,27.5463929314253,27.6469141389248,27.6770516890958,27.6770516890958,27.6820737710463,27.6418903705064,27.6268176187712,27.631842110463,27.5564493982478,27.5765594326333,27.5715322863604,27.6971385722891,27.6971385722891,27.631842110463,27.6870956122065,27.6619839981682,27.6067172400882,27.6268176187712,27.6720293663216,27.5966656031286,27.6619839981682,27.6619839981682,27.651937666319,27.6167679118797,27.5614772692013,27.5916394226271,27.7674123504958,27.6870956122065,27.6569609527223,27.6368663610303,27.6921172126096,27.651937666319,27.631842110463,27.5564493982478,27.5866130007331,27.6418903705064,27.6167679118797,27.5363354978248,27.475970578825,27.5262770971775,27.5011268629649,27.4457750460266,27.4508082405489,27.5363354978248,27.551421285667,27.4407416091366,27.385357797423,27.4558411927372,27.4860338187415,27.385357797423,27.4357079298451,27.4357079298451,27.4810023198492,27.4810023198492,27.4357079298451,27.4407416091366,27.3652109487011,27.4457750460266,27.4306740081185,27.5111876824057,27.5765594326333,27.5564493982478,27.5665048985609,27.5815863374129,27.6368663610303,27.6067172400882,27.506157393667,27.6167679118797,27.6117426966131,27.5162177292145,27.5463929314253,27.5413643354891,27.5614772692013,27.3652109487011,27.4709385956355,27.3752848587436,27.4659063702468,27.4508082405489,27.3349833876879,27.385357797423,27.4407416091366,27.4608739026253,27.5212475341273,27.7423199823454,27.8025315774346,27.812563481855,27.7122012073196,27.7222417610001,27.7322813525865,27.6770516890958,27.7623943574465,27.7674123504958,27.7473389366228,27.5866130007331,27.6167679118797,27.5413643354891,27.7272616770383,27.6469141389248,27.6167679118797,27.7021596912783,27.6469141389248,27.5162177292145,27.6368663610303,27.5614772692013,27.6569609527223,27.5262770971775,27.4407416091366,27.4206054372245,27.4810023198492,27.4357079298451,27.5262770971775,27.4407416091366,27.3702480251596,27.475970578825,27.4306740081185,27.4508082405489,27.3652109487011,27.3954297650103,27.3752848587436,27.4256398439229,27.3702480251596,27.3601736293342,27.2593761790295,27.2442481632001,27.2442481632001,27.3047470746531,27.1079972024379
27.2291179538628,27.2190299285684,27.2038960613414,27.2392050038562,27.2745020022695,27.2694603047538,27.2492910788209,27.2291179538628,27.2442481632001,27.2492910788209,27.2593761790295,27.1534339723613,27.1534339723613,27.2190299285684,27.2543337507527,27.1685751630395,27.2644183636851,27.2745020022695,27.2845846667777,27.1382905826503,27.0928472100887,27.2543337507527,27.0625406162806,27.2392050038562,27.1029474496787,27.1332422972466,27.1837141556074,27.1584812802121,27.2442481632001,27.2038960613414,27.1635283437601,27.2997068377419,27.2946663574817,27.2745020022695,27.1736217380844,27.1887599981537,27.2089409277006,27.1988509509866,27.1988509509866,27.1433386236146,27.2946663574817,27.2089409277006,27.1231449929837,27.1584812802121,27.1433386236146,27.057488660176,27.052436459084,27.0069556191484,27.1584812802121,27.1231449929837,27.1332422972466,27.2089409277006,27.2038960613414,27.1887599981537,27.2543337507527,27.2291179538628,27.0726437936639,27.2139855500982,27.178668068929,27.2442481632001,27.2543337507527,27.4407416091366,27.4206054372245,27.3903939025862,27.4357079298451,27.4256398439229,27.3299446101592,27.4004653847288,27.5212475341273,27.475970578825,27.506157393667,27.5111876824057,27.4659063702468,27.5765594326333,27.6167679118797,27.6217928859212,27.6268176187712,27.7373007876777,27.9779515459613,27.8727347639835,27.385357797423,27.385357797423,27.3450602134443,27.4810023198492,27.3954297650103,27.4558411927372,27.2997068377419,27.2291179538628,27.1534339723613,27.2745020022695,27.340021922105,27.7172216044382,28.0230121922066,28.0580460022081,27.8627086137778,27.6469141389248,27.812563481855,27.8476675914376,27.6971385722891,27.6820737710463,27.6720293663216,27.6619839981682,27.651937666319,27.8627086137778,27.8677218086608,27.8175790741614,27.9078187463413,27.8627086137778,27.8877721929225,27.6870956122065,27.4910650755359,27.506157393667,27.5313064183988,27.6368663610303,27.6418903705064,27.6870956122065,27.6217928859212,27.7423199823454,27.6770516890958,27.6619839981682,27.6067172400882,27.6217928859212,27.5715322863604,27.5363354978248,27.5715322863604,27.6117426966131,27.6720293663216,27.6770516890958,27.6820737710463,27.6569609527223,27.6619839981682,27.6268176187712,27.6569609527223,27.6016915422711,27.5262770971775,27.6217928859212,27.5866130007331,27.5162177292145,27.6117426966131,27.7071805696107,27.6820737710463,27.6921172126096,27.6418903705064,27.6870956122065,27.6067172400882,27.7373007876777,27.5916394226271,27.5564493982478,27.777447615956,27.6720293663216,27.4256398439229,27.4105358961847,27.6670068026902,27.4910650755359,27.4860338187415,27.5262770971775,27.4709385956355,27.5966656031286,27.5665048985609,27.5262770971775,27.5212475341273,27.4558411927372,27.3702480251596,27.3803214494867,27.4105358961847,27.3652109487011,27.3652109487011,27.340021922105,27.3903939025862,27.385357797423,27.4659063702468,27.551421285667,27.5715322863604,27.5765594326333,27.5111876824057,27.6268176187712,27.551421285667,27.475970578825,27.5212475341273,27.5011268629649,27.506157393667,27.6167679118797,27.5363354978248,27.5313064183988,27.5765594326333,27.5212475341273,27.5011268629649,27.4860338187415,27.4608739026253,27.4709385956355,27.4105358961847,27.4206054372245,27.4004653847288,27.3903939025862,27.4105358961847,27.6067172400882,27.6368663610303,27.631842110463,27.7975152652541,27.6770516890958,27.6469141389248,27.6770516890958,27.6720293663216,27.7222417610001,27.7423199823454,27.6619839981682,27.5564493982478,27.5866130007331,27.5463929314253,27.6117426966131,27.6117426966131,27.7172216044382,27.7021596912783,27.631842110463,27.631842110463,27.6217928859212,27.5815863374129,27.6569609527223,27.5866130007331,27.4357079298451,27.4407416091366,27.4155707879898,27.4659063702468,27.4709385956355,27.4659063702468,27.3752848587436,27.3702480251596,27.4055007617757,27.4256398439229,27.4810023198492,27.3752848587436,27.3299446101592,27.2795434562661,27.3752848587436,27.2543337507527,27.2896256338382,27.2392050038562,27.2442481632001,27.2089409277006,27.3047470746531
27.3349833876879,27.3148268185636,27.3148268185636,27.1988509509866,27.2038960613414,27.2644183636851,27.2997068377419,27.1736217380844,27.2543337507527,27.2543337507527,27.2845846667777,27.2543337507527,27.2392050038562,27.3047470746531,27.1736217380844,27.2644183636851,27.2745020022695,27.2795434562661,27.2644183636851,27.2644183636851,27.178668068929,27.0827459915085,27.0827459915085,27.2190299285684,27.2392050038562,27.2543337507527,27.2745020022695,27.2139855500982,27.2442481632001,27.309787068249,27.2745020022695,27.2896256338382,27.3450602134443,27.2745020022695,27.2694603047538,27.1837141556074,27.2694603047538,27.2492910788209,27.1685751630395,27.2139855500982,27.193805596602,27.2795434562661,27.340021922105,27.3249055894848,27.057488660176,27.234161600755,27.0675923274317,27.052436459084,27.1281937673691,27.2190299285684,27.2492910788209,27.1988509509866,27.1584812802121,27.2139855500982,27.1130467105523,27.1736217380844,27.1635283437601,27.1736217380844,27.1534339723613,27.2997068377419,27.3148268185636,27.3198663256309,27.340021922105,27.3148268185636,27.2593761790295,27.2442481632001,27.340021922105,27.4206054372245,27.4357079298451,27.4558411927372,27.4357079298451,27.5564493982478,27.4306740081185,27.4910650755359,27.5765594326333,27.5262770971775,27.6067172400882,27.5463929314253,27.8677218086608,27.8677218086608,27.5011268629649,27.3903939025862,27.3349833876879,27.4256398439229,27.3652109487011,27.3249055894848,27.3702480251596,27.2291179538628,27.2543337507527,27.2896256338382,27.3652109487011,27.6469141389248,27.7824648884334,28.063049878718,27.8777474797793,27.7724301033211,27.6870956122065,27.6921172126096,27.8075476496238,27.6469141389248,27.4810023198492,27.551421285667,27.5313064183988,27.6268176187712,27.6469141389248,27.837639044803,27.8526815051994,27.8827599560813,27.8426534379831,27.6770516890958,27.6870956122065,27.7623943574465,27.6770516890958,27.7674123504958,27.8225944265762,27.6619839981682,27.7222417610001,27.6368663610303,27.631842110463,27.6016915422711,27.5815863374129,27.5665048985609,27.5916394226271,27.5715322863604,27.5765594326333,27.5665048985609,27.6921172126096,27.5966656031286,27.5715322863604,27.6067172400882,27.6619839981682,27.6418903705064,27.551421285667,27.551421285667,27.4960960902657,27.5011268629649,27.5313064183988,27.5765594326333,27.6368663610303,27.7071805696107,27.6921172126096,27.6820737710463,27.7021596912783,27.6770516890958,27.6870956122065,27.6770516890958,27.6670068026902,27.6469141389248,27.5313064183988,27.5313064183988,27.4256398439229,27.4407416091366,27.4709385956355,27.4810023198492,27.4659063702468,27.4105358961847,27.5413643354891,27.5614772692013,27.5564493982478,27.6921172126096,27.4659063702468,27.3652109487011,27.3803214494867,27.4206054372245,27.3249055894848,27.340021922105,27.2644183636851,27.3047470746531,27.2845846667777,27.3601736293342,27.4810023198492,27.355136067025,27.4810023198492,27.4860338187415,27.5866130007331,27.4810023198492,27.4810023198492,27.4558411927372,27.4558411927372,27.5011268629649,27.5011268629649,27.6067172400882,27.6217928859212,27.6117426966131,27.4306740081185,27.4256398439229,27.5262770971775,27.3954297650103,27.4206054372245,27.3803214494867,27.3500982617396,27.4960960902657,27.3954297650103,27.506157393667,27.5212475341273,27.5463929314253,27.6268176187712,27.8025315774346,27.7373007876777,27.6820737710463,27.6921172126096,27.6067172400882,27.7824648884334,27.6870956122065,27.7874819207868,27.7071805696107,27.6117426966131,27.6770516890958,27.6569609527223,27.6067172400882,27.6418903705064,27.6268176187712,27.7322813525865,27.6870956122065,27.506157393667,27.5413643354891,27.4558411927372,27.5715322863604,27.4256398439229,27.4155707879898,27.4105358961847,27.4659063702468,27.340021922105,27.4105358961847,27.4608739026253,27.385357797423,27.475970578825,27.4407416091366,27.4155707879898,27.3450602134443,27.4659063702468,27.4960960902657,27.3803214494867,27.3803214494867,27.355136067025,27.2442481632001,27.2845846667777,27.3198663256309,27.2392050038562,27.2139855500982
27.309787068249,27.1988509509866,27.3249055894848,27.2190299285684,27.309787068249,27.2997068377419,27.2240740631453,27.2139855500982,27.2139855500982,27.1685751630395,27.2593761790295,27.2644183636851,27.2543337507527,27.1685751630395,27.2291179538628,27.1685751630395,27.193805596602,27.2946663574817,27.2089409277006,27.2593761790295,27.0776950150114,27.234161600755,27.0877967231895,27.2492910788209,27.2291179538628,27.1483864201735,27.2543337507527,27.2644183636851,27.2593761790295,27.2492910788209,27.2997068377419,27.3148268185636,27.2543337507527,27.2190299285684,27.355136067025,27.193805596602,27.1635283437601,27.2240740631453,27.2392050038562,27.2291179538628,27.1837141556074,27.1382905826503,27.2442481632001,27.2492910788209,27.1635283437601,27.178668068929,27.2745020022695,27.1281937673691,27.1736217380844,27.2240740631453,27.2593761790295,27.2240740631453,27.1382905826503,27.1483864201735,27.0928472100887,27.0827459915085,27.178668068929,27.1483864201735,27.1433386236146,27.1382905826503,27.309787068249,27.4306740081185,27.2543337507527,27.2997068377419,27.2291179538628,27.2896256338382,27.309787068249,27.340021922105,27.4508082405489,27.4810023198492,27.4558411927372,27.475970578825,27.3601736293342,27.3652109487011,27.4206054372245,27.5564493982478,27.4558411927372,27.4407416091366,27.5363354978248,27.5966656031286,27.5262770971775,27.3702480251596,27.4810023198492,27.3652109487011,27.3349833876879,27.3349833876879,27.2190299285684,27.2089409277006,27.2392050038562,27.2089409277006,27.5564493982478,27.8476675914376,27.8225944265762,27.8426534379831,27.7724301033211,27.8075476496238,27.8326244118639,27.6720293663216,27.8276095391327,27.812563481855,27.6469141389248,27.5765594326333,27.3903939025862,27.551421285667,27.5111876824057,27.6569609527223,27.6921172126096,27.8827599560813,27.837639044803,27.7523576505433,27.8276095391327,27.7874819207868,27.7975152652541,27.7924987130493,27.7523576505433,27.7322813525865,27.7322813525865,27.631842110463,27.5715322863604,27.631842110463,27.631842110463,27.6418903705064,27.631842110463,27.5162177292145,27.6217928859212,27.5665048985609,27.5463929314253,27.6117426966131,27.5011268629649,27.6217928859212,27.651937666319,27.6016915422711,27.6469141389248,27.4910650755359,27.5363354978248,27.4910650755359,27.4810023198492,27.5413643354891,27.5866130007331,27.651937666319,27.6720293663216,27.7674123504958,27.777447615956,27.7373007876777,27.6870956122065,27.7423199823454,27.6971385722891,27.5413643354891,27.551421285667,27.4105358961847,27.4508082405489,27.475970578825,27.4256398439229,27.475970578825,27.4407416091366,27.4357079298451,27.4357079298451,27.551421285667,27.6167679118797,27.4960960902657,27.651937666319,27.4910650755359,27.4508082405489,27.385357797423,27.3601736293342,27.2845846667777,27.3652109487011,27.3198663256309,27.3652109487011,27.3652109487011,27.3803214494867,27.4860338187415,27.4860338187415,27.5815863374129,27.4960960902657,27.4659063702468,27.4810023198492,27.4256398439229,27.4709385956355,27.4608739026253,27.4960960902657,27.5011268629649,27.506157393667,27.4306740081185,27.4256398439229,27.4306740081185,27.385357797423,27.4155707879898,27.3954297650103,27.3500982617396,27.4206054372245,27.3954297650103,27.3299446101592,27.3954297650103,27.4206054372245,27.4004653847288,27.5162177292145,27.5916394226271,27.6418903705064,27.5966656031286,27.6368663610303,27.6720293663216,27.7071805696107,27.6569609527223,27.631842110463,27.4910650755359,27.5162177292145,27.4558411927372,27.5262770971775,27.5665048985609,27.6820737710463,27.7172216044382,27.6067172400882,27.5262770971775,27.5815863374129,27.4910650755359,27.4910650755359,27.5313064183988,27.5212475341273,27.4256398439229,27.4256398439229,27.2644183636851,27.3450602134443,27.4508082405489,27.4055007617757,27.3903939025862,27.3047470746531,27.3954297650103,27.4256398439229,27.355136067025,27.355136067025,27.3652109487011,27.3601736293342,27.3450602134443,27.2442481632001,27.2543337507527,27.2392050038562,27.193805596602,27.2038960613414,27.2139855500982
27.3047470746531,27.3249055894848,27.1988509509866,27.2492910788209,27.2190299285684,27.2139855500982,27.2038960613414,27.2442481632001,27.2492910788209,27.2240740631453,27.2240740631453,27.2543337507527,27.2240740631453,27.385357797423,27.1887599981537,27.2442481632001,27.2593761790295,27.2543337507527,27.2644183636851,27.2291179538628,27.0776950150114,27.2492910788209,27.0877967231895,27.234161600755,27.193805596602,27.2644183636851,27.2543337507527,27.2896256338382,27.178668068929,27.2694603047538,27.1534339723613,27.2694603047538,27.1584812802121,27.178668068929,27.234161600755,27.178668068929,27.1079972024379,27.1635283437601,27.2392050038562,27.234161600755,27.234161600755,27.2694603047538,27.3349833876879,27.2038960613414,27.0877967231895,27.1433386236146,27.1483864201735,27.2442481632001,27.1685751630395,27.3249055894848,27.2392050038562,27.1534339723613,27.0675923274317,27.0322252041533,27.1079972024379,27.1079972024379,27.1029474496787,27.1231449929837,27.0978974522403,27.1736217380844,27.355136067025,27.4256398439229,27.2694603047538,27.2442481632001,27.2644183636851,27.2543337507527,27.2240740631453,27.4357079298451,27.3450602134443,27.4206054372245,27.4105358961847,27.3601736293342,27.3803214494867,27.385357797423,27.3299446101592,27.5111876824057,27.475970578825,27.4256398439229,27.4206054372245,27.4810023198492,27.4407416091366,27.4357079298451,27.4810023198492,27.3450602134443,27.3450602134443,27.2291179538628,27.2745020022695,27.0877967231895,27.193805596602,27.2139855500982,27.6268176187712,27.9278614710339,27.7623943574465,27.8426534379831,27.812563481855,27.837639044803,27.7924987130493,27.8075476496238,27.7172216044382,27.7573761241401,27.982959239327,27.6870956122065,27.6117426966131,27.5262770971775,27.551421285667,27.6469141389248,27.4960960902657,27.6469141389248,27.6971385722891,27.9278614710339,27.8276095391327,27.7824648884334,27.7824648884334,27.8175790741614,27.7071805696107,27.7021596912783,27.5614772692013,27.5614772692013,27.6016915422711,27.506157393667,27.5916394226271,27.5111876824057,27.5815863374129,27.6167679118797,27.6268176187712,27.551421285667,27.5815863374129,27.5966656031286,27.5162177292145,27.4960960902657,27.5162177292145,27.5162177292145,27.631842110463,27.5262770971775,27.4910650755359,27.4608739026253,27.5262770971775,27.5212475341273,27.5413643354891,27.5614772692013,27.5363354978248,27.7122012073196,27.7473389366228,27.7222417610001,27.6016915422711,27.7021596912783,27.7071805696107,27.5162177292145,27.5212475341273,27.4508082405489,27.3803214494867,27.3903939025862,27.4709385956355,27.475970578825,27.2845846667777,27.4407416091366,27.5162177292145,27.4155707879898,27.4407416091366,27.4457750460266,27.6268176187712,27.506157393667,27.340021922105,27.3954297650103,27.4004653847288,27.5815863374129,27.385357797423,27.3652109487011,27.5011268629649,27.3752848587436,27.4608739026253,27.4709385956355,27.5313064183988,27.3954297650103,27.6167679118797,27.4960960902657,27.5966656031286,27.475970578825,27.4709385956355,27.4558411927372,27.4960960902657,27.4960960902657,27.5111876824057,27.5162177292145,27.4910650755359,27.506157393667,27.4055007617757,27.4256398439229,27.4306740081185,27.4558411927372,27.3500982617396,27.4004653847288,27.3601736293342,27.4860338187415,27.475970578825,27.5262770971775,27.6268176187712,27.5715322863604,27.5866130007331,27.6217928859212,27.6418903705064,27.7724301033211,27.651937666319,27.777447615956,27.5966656031286,27.5162177292145,27.5111876824057,27.5212475341273,27.5916394226271,27.551421285667,27.5212475341273,27.6117426966131,27.6117426966131,27.6117426966131,27.4960960902657,27.5313064183988,27.4457750460266,27.4357079298451,27.4357079298451,27.5162177292145,27.3752848587436,27.4960960902657,27.3500982617396,27.4960960902657,27.5212475341273,27.340021922105,27.309787068249,27.3148268185636,27.3500982617396,27.4256398439229,27.3803214494867,27.385357797423,27.475970578825,27.355136067025,27.3500982617396,27.1988509509866,27.2442481632001,27.1988509509866,27.2139855500982,27.1079972024379
27.2038960613414,27.1988509509866,27.2190299285684,27.3047470746531,27.193805596602,27.2644183636851,27.193805596602,27.1736217380844,27.234161600755,27.2240740631453,27.2089409277006,27.1988509509866,27.1736217380844,27.2694603047538,27.1584812802121,27.1534339723613,27.3198663256309,27.2089409277006,27.2190299285684,27.2442481632001,27.2492910788209,27.2089409277006,27.1281937673691,27.1887599981537,27.2139855500982,27.193805596602,27.1635283437601,27.2644183636851,27.2492910788209,27.2543337507527,27.2492910788209,27.193805596602,27.309787068249,27.3652109487011,27.2492910788209,27.1837141556074,27.2038960613414,27.2492910788209,27.2139855500982,27.1988509509866,27.2694603047538,27.3702480251596,27.3652109487011,27.355136067025,27.3047470746531,27.1837141556074,27.1029474496787,27.1332422972466,27.2644183636851,27.3249055894848,27.3249055894848,27.2139855500982,27.1433386236146,27.0271717776083,27.1382905826503,27.1231449929837,27.1130467105523,27.1584812802121,27.0776950150114,27.0877967231895,27.2543337507527,27.4004653847288,27.2593761790295,27.234161600755,27.2795434562661,27.1130467105523,27.2745020022695,27.234161600755,27.4105358961847,27.355136067025,27.385357797423,27.4306740081185,27.4256398439229,27.3450602134443,27.3299446101592,27.3803214494867,27.4004653847288,27.4407416091366,27.4004653847288,27.4709385956355,27.4004653847288,27.5011268629649,27.3803214494867,27.355136067025,27.3148268185636,27.309787068249,27.2442481632001,27.1029474496787,27.2190299285684,27.1887599981537,27.5614772692013,27.7724301033211,27.777447615956,27.8225944265762,27.8025315774346,27.9579183838364,27.962927032733,27.7623943574465,27.651937666319,27.7021596912783,27.8476675914376,27.8576951793018,27.6820737710463,27.5262770971775,27.4810023198492,27.5011268629649,27.6569609527223,27.777447615956,27.7724301033211,27.9979808867536,27.9979808867536,27.7975152652541,28.0230121922066,27.8426534379831,27.7824648884334,27.8225944265762,27.812563481855,27.7172216044382,27.7373007876777,27.7473389366228,27.6469141389248,27.651937666319,27.6368663610303,27.6268176187712,27.777447615956,27.5866130007331,27.5564493982478,27.5715322863604,27.5413643354891,27.5966656031286,27.5011268629649,27.6167679118797,27.6167679118797,27.6167679118797,27.4960960902657,27.475970578825,27.5111876824057,27.5614772692013,27.6619839981682,27.6268176187712,27.6770516890958,27.6870956122065,27.6870956122065,27.5916394226271,27.6469141389248,27.7071805696107,27.5966656031286,27.4608739026253,27.6016915422711,27.4659063702468,27.6016915422711,27.5463929314253,27.4960960902657,27.5111876824057,27.4860338187415,27.4306740081185,27.4608739026253,27.4206054372245,27.4810023198492,27.4306740081185,27.6067172400882,27.5463929314253,27.4709385956355,27.3803214494867,27.4105358961847,27.5765594326333,27.4306740081185,27.4256398439229,27.5011268629649,27.5313064183988,27.3652109487011,27.4407416091366,27.4155707879898,27.3954297650103,27.6117426966131,27.5262770971775,27.5011268629649,27.5212475341273,27.4659063702468,27.3601736293342,27.4357079298451,27.3601736293342,27.506157393667,27.4960960902657,27.4608739026253,27.4659063702468,27.4256398439229,27.4407416091366,27.3954297650103,27.5262770971775,27.4256398439229,27.385357797423,27.4457750460266,27.4810023198492,27.506157393667,27.5866130007331,27.5262770971775,27.5665048985609,27.6870956122065,27.6619839981682,27.6569609527223,27.7924987130493,27.651937666319,27.6670068026902,27.6569609527223,27.6619839981682,27.506157393667,27.5262770971775,27.4407416091366,27.5262770971775,27.4407416091366,27.5916394226271,27.5966656031286,27.551421285667,27.6167679118797,27.5614772692013,27.4810023198492,27.4558411927372,27.4910650755359,27.4960960902657,27.4407416091366,27.5815863374129,27.5111876824057,27.5313064183988,27.5111876824057,27.5162177292145,27.506157393667,27.4960960902657,27.4860338187415,27.3803214494867,27.3803214494867,27.3198663256309,27.3752848587436,27.2745020022695,27.3601736293342,27.3148268185636,27.2644183636851,27.2089409277006,27.2240740631453,27.2745020022695
27.2240740631453,27.2139855500982,27.2593761790295,27.193805596602,27.3047470746531,27.1988509509866,27.2139855500982,27.2038960613414,27.2694603047538,27.2593761790295,27.2291179538628,27.1887599981537,27.2543337507527,27.1281937673691,27.2240740631453,27.2442481632001,27.2089409277006,27.2845846667777,27.1584812802121,27.2845846667777,27.3198663256309,27.2291179538628,27.1736217380844,27.2997068377419,27.1534339723613,27.1988509509866,27.0675923274317,27.1988509509866,27.234161600755,27.2593761790295,27.2644183636851,27.3249055894848,27.4508082405489,27.5011268629649,27.3450602134443,27.1584812802121,27.234161600755,27.178668068929,27.1483864201735,27.1685751630395,27.0776950150114,27.2543337507527,27.3752848587436,27.2946663574817,27.193805596602,27.1736217380844,27.1635283437601,27.2392050038562,27.2795434562661,27.2190299285684,27.2291179538628,27.2644183636851,27.1635283437601,27.1635283437601,27.1685751630395,27.1584812802121,27.2240740631453,27.1584812802121,27.0827459915085,27.2190299285684,27.2392050038562,27.355136067025,27.2392050038562,27.3047470746531,27.2190299285684,27.2038960613414,27.2492910788209,27.2139855500982,27.309787068249,27.3349833876879,27.2795434562661,27.3299446101592,27.355136067025,27.340021922105,27.3349833876879,27.3349833876879,27.3803214494867,27.3652109487011,27.4306740081185,27.6268176187712,27.3349833876879,27.2997068377419,27.2392050038562,27.1837141556074,27.2089409277006,27.1837141556074,27.1887599981537,27.0877967231895,27.2089409277006,27.2089409277006,27.4810023198492,27.7322813525865,27.9378813982687,27.7573761241401,27.812563481855,27.812563481855,27.8326244118639,27.8075476496238,27.9278614710339,27.6469141389248,27.5966656031286,27.6971385722891,27.6921172126096,27.7924987130493,27.6619839981682,27.5564493982478,27.4960960902657,27.6067172400882,27.7122012073196,27.8426534379831,27.9979808867536,27.7975152652541,27.7924987130493,27.8225944265762,27.8075476496238,27.7674123504958,27.777447615956,27.7272616770383,27.8225944265762,27.7573761241401,27.7473389366228,27.6167679118797,27.6217928859212,27.6720293663216,27.6167679118797,27.7573761241401,27.4910650755359,27.4558411927372,27.6117426966131,27.5313064183988,27.5363354978248,27.6469141389248,27.6971385722891,27.5212475341273,27.5262770971775,27.4910650755359,27.4860338187415,27.5665048985609,27.5916394226271,27.4910650755359,27.6619839981682,27.6619839981682,27.4960960902657,27.6971385722891,27.5614772692013,27.5614772692013,27.5463929314253,27.5212475341273,27.4810023198492,27.5162177292145,27.3601736293342,27.3954297650103,27.4558411927372,27.4256398439229,27.506157393667,27.4457750460266,27.4709385956355,27.4508082405489,27.4004653847288,27.4105358961847,27.6016915422711,27.6670068026902,27.4910650755359,27.4407416091366,27.4256398439229,27.3752848587436,27.3903939025862,27.4407416091366,27.4155707879898,27.4155707879898,27.3702480251596,27.4206054372245,27.4105358961847,27.4457750460266,27.5111876824057,27.5111876824057,27.4256398439229,27.4306740081185,27.4206054372245,27.4256398439229,27.4709385956355,27.4357079298451,27.4407416091366,27.4155707879898,27.506157393667,27.4508082405489,27.475970578825,27.4608739026253,27.4407416091366,27.4608739026253,27.3903939025862,27.3752848587436,27.3702480251596,27.4357079298451,27.4659063702468,27.506157393667,27.3803214494867,27.551421285667,27.5866130007331,27.6067172400882,27.6720293663216,27.7473389366228,27.7222417610001,27.651937666319,27.5313064183988,27.4860338187415,27.4810023198492,27.5212475341273,27.5162177292145,27.5463929314253,27.5363354978248,27.551421285667,27.6067172400882,27.6268176187712,27.5665048985609,27.475970578825,27.5011268629649,27.5262770971775,27.5715322863604,27.5765594326333,27.4508082405489,27.4960960902657,27.4608739026253,27.4055007617757,27.4910650755359,27.3903939025862,27.4155707879898,27.4860338187415,27.4457750460266,27.3752848587436,27.3500982617396,27.355136067025,27.3903939025862,27.2745020022695,27.2593761790295,27.3349833876879,27.2745020022695,27.2240740631453,27.2392050038562,27.2543337507527
27.2291179538628,27.3349833876879,27.2240740631453,27.1736217380844,27.3450602134443,27.3349833876879,27.2543337507527,27.2492910788209,27.2593761790295,27.2694603047538,27.2492910788209,27.3954297650103,27.2392050038562,27.3047470746531,27.2593761790295,27.1281937673691,27.2392050038562,27.2745020022695,27.2593761790295,27.1988509509866,27.2845846667777,27.2543337507527,27.2543337507527,27.2745020022695,27.1584812802121,27.2896256338382,27.2492910788209,27.2593761790295,27.2694603047538,27.2593761790295,27.2745020022695,27.2946663574817,27.4910650755359,27.5463929314253,27.3954297650103,27.1685751630395,27.1988509509866,27.2593761790295,27.1685751630395,27.1382905826503,27.1584812802121,27.3500982617396,27.3500982617396,27.3601736293342,27.3249055894848,27.2190299285684,27.1736217380844,27.2644183636851,27.3299446101592,27.2997068377419,27.3198663256309,27.1433386236146,27.1483864201735,27.2492910788209,27.1736217380844,27.1837141556074,27.1534339723613,27.0978974522403,27.1685751630395,27.2492910788209,27.2694603047538,27.3752848587436,27.3249055894848,27.2795434562661,27.2593761790295,27.1231449929837,27.0877967231895,27.1534339723613,27.1483864201735,27.3249055894848,27.3198663256309,27.4306740081185,27.3652109487011,27.4155707879898,27.340021922105,27.3299446101592,27.3450602134443,27.4256398439229,27.6368663610303,27.4709385956355,27.3349833876879,27.2745020022695,27.2946663574817,27.2946663574817,27.3198663256309,27.1887599981537,27.2492910788209,27.2795434562661,27.2291179538628,27.3903939025862,27.2845846667777,27.6016915422711,27.8526815051994,27.7924987130493,27.7172216044382,27.7975152652541,27.7122012073196,27.7623943574465,27.8827599560813,27.8827599560813,27.7423199823454,27.7573761241401,27.9078187463413,27.8727347639835,27.7623943574465,27.6770516890958,27.6167679118797,27.6720293663216,27.7724301033211,27.7724301033211,27.8476675914376,27.8627086137778,27.9228511486881,27.8877721929225,27.9579183838364,27.7824648884334,27.8175790741614,27.7975152652541,27.8075476496238,27.892784190336,27.7975152652541,27.7423199823454,27.6368663610303,27.5815863374129,27.5815863374129,27.5916394226271,27.4508082405489,27.5262770971775,27.5413643354891,27.5715322863604,27.5564493982478,27.5614772692013,27.6217928859212,27.6368663610303,27.5614772692013,27.5614772692013,27.4960960902657,27.4659063702468,27.5715322863604,27.4810023198492,27.631842110463,27.651937666319,27.5162177292145,27.7071805696107,27.5916394226271,27.5564493982478,27.506157393667,27.4306740081185,27.5162177292145,27.5363354978248,27.4055007617757,27.4004653847288,27.5564493982478,27.5463929314253,27.4457750460266,27.4810023198492,27.3903939025862,27.4055007617757,27.4306740081185,27.6167679118797,27.6117426966131,27.6067172400882,27.4306740081185,27.4407416091366,27.4206054372245,27.3500982617396,27.3954297650103,27.4508082405489,27.4709385956355,27.4457750460266,27.4155707879898,27.3652109487011,27.3652109487011,27.4055007617757,27.4206054372245,27.5765594326333,27.5212475341273,27.5413643354891,27.4407416091366,27.4860338187415,27.3954297650103,27.4407416091366,27.6067172400882,27.4860338187415,27.4155707879898,27.4105358961847,27.4860338187415,27.3903939025862,27.385357797423,27.4860338187415,27.4206054372245,27.4256398439229,27.3500982617396,27.3450602134443,27.3601736293342,27.3752848587436,27.5262770971775,27.5212475341273,27.4709385956355,27.5916394226271,27.5463929314253,27.631842110463,27.6469141389248,27.6670068026902,27.5162177292145,27.6016915422711,27.506157393667,27.4155707879898,27.4306740081185,27.4709385956355,27.5011268629649,27.5966656031286,27.5765594326333,27.5262770971775,27.6418903705064,27.4709385956355,27.5262770971775,27.5715322863604,27.5363354978248,27.4457750460266,27.4960960902657,27.4810023198492,27.5212475341273,27.5011268629649,27.5212475341273,27.4457750460266,27.5212475341273,27.4558411927372,27.4508082405489,27.4004653847288,27.4558411927372,27.3752848587436,27.3652109487011,27.355136067025,27.3349833876879,27.2492910788209,27.2694603047538,27.2492910788209,27.2392050038562,27.2291179538628
27.2038960613414,27.1837141556074,27.1887599981537,27.2038960613414,27.2593761790295,27.178668068929,27.1887599981537,27.2038960613414,27.2593761790295,27.2139855500982,27.2291179538628,27.1332422972466,27.1332422972466,27.1685751630395,27.2291179538628,27.0776950150114,27.1483864201735,27.2240740631453,27.2089409277006,27.2543337507527,27.2139855500982,27.2089409277006,27.1483864201735,27.2139855500982,27.1736217380844,27.0978974522403,27.2543337507527,27.1887599981537,27.2644183636851,27.234161600755,27.2190299285684,27.3198663256309,27.631842110463,27.4206054372245,27.4155707879898,27.3299446101592,27.234161600755,27.1534339723613,27.1433386236146,27.1483864201735,27.0322252041533,27.3198663256309,27.2190299285684,27.2543337507527,27.3450602134443,27.0827459915085,27.2038960613414,27.2139855500982,27.2795434562661,27.3652109487011,27.3198663256309,27.193805596602,27.1635283437601,27.1483864201735,27.1685751630395,27.1685751630395,27.193805596602,27.2240740631453,27.1483864201735,27.1988509509866,27.2442481632001,27.3954297650103,27.4055007617757,27.2745020022695,27.193805596602,27.1887599981537,27.2896256338382,27.178668068929,27.2745020022695,27.2896256338382,27.4256398439229,27.3954297650103,27.3954297650103,27.4457750460266,27.3752848587436,27.4105358961847,27.3702480251596,27.4910650755359,27.6469141389248,27.4357079298451,27.3903939025862,27.3500982617396,27.3148268185636,27.2745020022695,27.2139855500982,27.2795434562661,27.193805596602,27.2190299285684,27.178668068929,27.3047470746531,27.4055007617757,27.7373007876777,27.8877721929225,27.8827599560813,27.812563481855,27.8025315774346,27.6067172400882,27.7272616770383,27.7322813525865,27.9679354426974,27.9378813982687,27.8777474797793,27.7122012073196,27.8677218086608,27.8225944265762,27.9028074670123,27.6268176187712,27.6670068026902,27.7573761241401,27.6217928859212,27.6619839981682,27.6971385722891,27.7272616770383,27.8175790741614,27.8075476496238,27.7423199823454,27.7222417610001,27.7674123504958,27.6569609527223,27.6418903705064,27.7423199823454,27.7322813525865,27.6067172400882,27.5916394226271,27.7573761241401,27.5815863374129,27.6067172400882,27.6117426966131,27.5262770971775,27.5966656031286,27.631842110463,27.6418903705064,27.5966656031286,27.551421285667,27.551421285667,27.5463929314253,27.5011268629649,27.5463929314253,27.651937666319,27.5665048985609,27.651937666319,27.5665048985609,27.7272616770383,27.6016915422711,27.6720293663216,27.6619839981682,27.4709385956355,27.4810023198492,27.5162177292145,27.3702480251596,27.4709385956355,27.4810023198492,27.5162177292145,27.4910650755359,27.355136067025,27.3752848587436,27.4558411927372,27.3752848587436,27.4155707879898,27.4709385956355,27.5866130007331,27.5313064183988,27.551421285667,27.3803214494867,27.355136067025,27.4306740081185,27.4508082405489,27.4608739026253,27.3903939025862,27.4055007617757,27.4306740081185,27.5564493982478,27.3601736293342,27.3702480251596,27.475970578825,27.4558411927372,27.6469141389248,27.5162177292145,27.4206054372245,27.4457750460266,27.3299446101592,27.475970578825,27.3803214494867,27.4608739026253,27.4558411927372,27.4860338187415,27.3803214494867,27.475970578825,27.3903939025862,27.385357797423,27.2442481632001,27.3803214494867,27.4155707879898,27.3601736293342,27.4659063702468,27.3752848587436,27.3500982617396,27.5313064183988,27.6217928859212,27.5011268629649,27.5212475341273,27.6016915422711,27.6619839981682,27.5665048985609,27.5111876824057,27.4910650755359,27.4055007617757,27.4357079298451,27.4357079298451,27.4306740081185,27.5162177292145,27.4407416091366,27.6067172400882,27.6418903705064,27.5413643354891,27.475970578825,27.4910650755359,27.4960960902657,27.5212475341273,27.5715322863604,27.4860338187415,27.4659063702468,27.4306740081185,27.3903939025862,27.4960960902657,27.4659063702468,27.3148268185636,27.4407416091366,27.385357797423,27.3702480251596,27.4055007617757,27.385357797423,27.385357797423,27.2745020022695,27.2997068377419,27.2392050038562,27.1887599981537,27.2795434562661,27.2392050038562,27.2392050038562
27.2190299285684,27.2291179538628,27.2038960613414,27.193805596602,27.2442481632001,27.3601736293342,27.2946663574817,27.3349833876879,27.3349833876879,27.2291179538628,27.2291179538628,27.2291179538628,27.2089409277006,27.1382905826503,27.2089409277006,27.2240740631453,27.2997068377419,27.2795434562661,27.2694603047538,27.1988509509866,27.2139855500982,27.2392050038562,27.178668068929,27.2492910788209,27.2845846667777,27.1887599981537,27.2442481632001,27.2291179538628,27.2694603047538,27.2946663574817,27.1584812802121,27.4306740081185,27.6670068026902,27.4508082405489,27.4055007617757,27.3903939025862,27.2745020022695,27.178668068929,27.1534339723613,27.0726437936639,27.1382905826503,27.1433386236146,27.2240740631453,27.2038960613414,27.2392050038562,27.3349833876879,27.2139855500982,27.2190299285684,27.2997068377419,27.340021922105,27.309787068249,27.1382905826503,27.0776950150114,27.1837141556074,27.1534339723613,27.1635283437601,27.1534339723613,27.1382905826503,27.1635283437601,27.193805596602,27.2845846667777,27.2593761790295,27.3752848587436,27.4105358961847,27.234161600755,27.1988509509866,27.2089409277006,27.2492910788209,27.2997068377419,27.3450602134443,27.4558411927372,27.4357079298451,27.4357079298451,27.4508082405489,27.3954297650103,27.4407416091366,27.4508082405489,27.5313064183988,27.6720293663216,27.8326244118639,27.3299446101592,27.3349833876879,27.2896256338382,27.2139855500982,27.234161600755,27.2240740631453,27.2392050038562,27.2543337507527,27.2089409277006,27.2593761790295,27.385357797423,27.5262770971775,27.9128297863749,27.8977959483549,27.9529094959747,27.7674123504958,27.7473389366228,27.7322813525865,27.6820737710463,27.7322813525865,27.9228511486881,27.9929739096901,27.8827599560813,27.7172216044382,27.9028074670123,27.8977959483549,27.8025315774346,27.8627086137778,27.7724301033211,27.7172216044382,27.7071805696107,27.7674123504958,27.631842110463,27.812563481855,27.8025315774346,27.6770516890958,27.6921172126096,27.7172216044382,27.6670068026902,27.6569609527223,27.8426534379831,27.7172216044382,27.7172216044382,27.5916394226271,27.651937666319,27.5815863374129,27.6167679118797,27.5463929314253,27.5916394226271,27.5564493982478,27.7222417610001,27.5966656031286,27.5815863374129,27.6117426966131,27.5011268629649,27.5765594326333,27.5212475341273,27.6368663610303,27.5564493982478,27.6569609527223,27.6268176187712,27.6670068026902,27.6619839981682,27.6067172400882,27.7021596912783,27.5212475341273,27.5715322863604,27.506157393667,27.5313064183988,27.5463929314253,27.475970578825,27.4004653847288,27.4860338187415,27.506157393667,27.4709385956355,27.5212475341273,27.5212475341273,27.4055007617757,27.4407416091366,27.5111876824057,27.7322813525865,27.631842110463,27.4709385956355,27.4558411927372,27.4457750460266,27.3954297650103,27.475970578825,27.4105358961847,27.4155707879898,27.5262770971775,27.3702480251596,27.3903939025862,27.3752848587436,27.4508082405489,27.4659063702468,27.3702480251596,27.4608739026253,27.475970578825,27.5262770971775,27.475970578825,27.4910650755359,27.6067172400882,27.4508082405489,27.5313064183988,27.5162177292145,27.4910650755359,27.4960960902657,27.4860338187415,27.475970578825,27.3752848587436,27.4256398439229,27.3954297650103,27.4407416091366,27.4508082405489,27.4004653847288,27.506157393667,27.4457750460266,27.4960960902657,27.4608739026253,27.5313064183988,27.6217928859212,27.5715322863604,27.6569609527223,27.5916394226271,27.5966656031286,27.4457750460266,27.4407416091366,27.5162177292145,27.4407416091366,27.4608739026253,27.5363354978248,27.5363354978248,27.5363354978248,27.5614772692013,27.6167679118797,27.5715322863604,27.5665048985609,27.3954297650103,27.4810023198492,27.4508082405489,27.4659063702468,27.5011268629649,27.506157393667,27.5614772692013,27.5614772692013,27.5363354978248,27.5262770971775,27.4055007617757,27.4004653847288,27.3954297650103,27.4004653847288,27.3803214494867,27.2644183636851,27.3803214494867,27.3249055894848,27.3198663256309,27.2543337507527,27.178668068929,27.2442481632001,27.1837141556074
27.3198663256309,27.2190299285684,27.2492910788209,27.2089409277006,27.2492910788209,27.2392050038562,27.2593761790295,27.2694603047538,27.2240740631453,27.2240740631453,27.2291179538628,27.2896256338382,27.2593761790295,27.2190299285684,27.3148268185636,27.3148268185636,27.3047470746531,27.1584812802121,27.1685751630395,27.2543337507527,27.2694603047538,27.2745020022695,27.309787068249,27.234161600755,27.2795434562661,27.2644183636851,27.2240740631453,27.2543337507527,27.2694603047538,27.193805596602,27.3148268185636,27.4155707879898,27.7322813525865,27.4709385956355,27.3903939025862,27.5111876824057,27.2745020022695,27.1433386236146,27.1029474496787,27.1382905826503,27.0322252041533,27.2291179538628,27.193805596602,27.2240740631453,27.355136067025,27.234161600755,27.2291179538628,27.2442481632001,27.2997068377419,27.2997068377419,27.2038960613414,27.1887599981537,27.1483864201735,27.1837141556074,27.1332422972466,27.1685751630395,27.234161600755,27.1887599981537,27.2089409277006,27.1534339723613,27.2442481632001,27.385357797423,27.2694603047538,27.4055007617757,27.4407416091366,27.2392050038562,27.1584812802121,27.2593761790295,27.2644183636851,27.309787068249,27.4306740081185,27.4659063702468,27.4256398439229,27.3702480251596,27.3954297650103,27.4407416091366,27.3702480251596,27.355136067025,27.5564493982478,27.6921172126096,27.4659063702468,27.3198663256309,27.2644183636851,27.178668068929,27.2089409277006,27.178668068929,27.193805596602,27.2492910788209,27.3349833876879,27.3752848587436,27.3954297650103,27.7222417610001,27.8627086137778,27.9228511486881,28.1130755441568,28.0930681351701,27.7423199823454,27.7172216044382,27.5916394226271,27.6820737710463,27.8175790741614,27.8225944265762,27.8727347639835,27.892784190336,27.9128297863749,27.7473389366228,27.8677218086608,27.7975152652541,27.7122012073196,27.6820737710463,27.6820737710463,27.651937666319,27.7122012073196,27.7373007876777,27.6167679118797,27.6720293663216,27.6469141389248,27.6569609527223,27.7523576505433,27.651937666319,27.777447615956,27.7222417610001,27.6921172126096,27.6368663610303,27.631842110463,27.631842110463,27.5313064183988,27.5966656031286,27.5564493982478,27.5916394226271,27.5815863374129,27.6820737710463,27.5665048985609,27.551421285667,27.6619839981682,27.5715322863604,27.6870956122065,27.631842110463,27.6870956122065,27.6418903705064,27.5916394226271,27.5162177292145,27.5262770971775,27.6469141389248,27.631842110463,27.6067172400882,27.5715322863604,27.4910650755359,27.5715322863604,27.4810023198492,27.4608739026253,27.5614772692013,27.506157393667,27.4860338187415,27.4810023198492,27.5162177292145,27.4256398439229,27.4608739026253,27.4709385956355,27.5463929314253,27.506157393667,27.4457750460266,27.5262770971775,27.4457750460266,27.3652109487011,27.4055007617757,27.551421285667,27.4810023198492,27.4306740081185,27.4306740081185,27.4105358961847,27.3954297650103,27.3652109487011,27.3903939025862,27.4558411927372,27.4558411927372,27.4709385956355,27.4608739026253,27.506157393667,27.4508082405489,27.5212475341273,27.4407416091366,27.506157393667,27.4860338187415,27.4860338187415,27.4960960902657,27.5614772692013,27.4659063702468,27.4155707879898,27.4155707879898,27.3652109487011,27.3299446101592,27.4457750460266,27.4608739026253,27.4608739026253,27.4457750460266,27.5111876824057,27.5162177292145,27.4508082405489,27.355136067025,27.4810023198492,27.4860338187415,27.6217928859212,27.651937666319,27.5162177292145,27.4659063702468,27.506157393667,27.551421285667,27.475970578825,27.4357079298451,27.5212475341273,27.5313064183988,27.651937666319,27.6720293663216,27.6770516890958,27.5966656031286,27.6067172400882,27.4910650755359,27.5011268629649,27.4306740081185,27.4960960902657,27.4659063702468,27.5765594326333,27.5162177292145,27.5162177292145,27.4910650755359,27.7423199823454,27.3903939025862,27.3803214494867,27.4508082405489,27.4709385956355,27.475970578825,27.5011268629649,27.3903939025862,27.3803214494867,27.3148268185636,27.2946663574817,27.385357797423,27.340021922105,27.0928472100887
27.1988509509866,27.234161600755,27.2139855500982,27.2644183636851,27.2139855500982,27.3803214494867,27.2038960613414,27.2694603047538,27.2240740631453,27.2240740631453,27.2240740631453,27.340021922105,27.355136067025,27.2038960613414,27.3047470746531,27.1988509509866,27.3047470746531,27.2240740631453,27.234161600755,27.1483864201735,27.2543337507527,27.309787068249,27.1231449929837,27.1635283437601,27.1736217380844,27.3047470746531,27.1887599981537,27.2644183636851,27.178668068929,26.98673553539,27.2694603047538,27.4206054372245,27.6469141389248,27.4055007617757,27.3903939025862,27.385357797423,27.2745020022695,27.1332422972466,27.0726437936639,27.2190299285684,27.1887599981537,27.1584812802121,27.1988509509866,27.1837141556074,27.2946663574817,27.234161600755,27.2392050038562,27.2038960613414,27.2795434562661,27.2190299285684,27.309787068249,27.1433386236146,27.1281937673691,27.0726437936639,27.1079972024379,27.1029474496787,27.1584812802121,27.3148268185636,27.1584812802121,27.193805596602,27.1180959740562,27.3601736293342,27.4105358961847,27.3702480251596,27.3500982617396,27.4306740081185,27.2593761790295,27.3349833876879,27.2845846667777,27.3803214494867,27.4105358961847,27.475970578825,27.3249055894848,27.3299446101592,27.3249055894848,27.1988509509866,27.3702480251596,27.4055007617757,27.5715322863604,27.7272616770383,27.4960960902657,27.4659063702468,27.3500982617396,27.1988509509866,27.234161600755,27.234161600755,27.3450602134443,27.4457750460266,27.4960960902657,27.4004653847288,27.3047470746531,27.6016915422711,27.8677218086608,27.7172216044382,27.8677218086608,27.9128297863749,27.7222417610001,27.7222417610001,27.551421285667,27.6469141389248,27.8025315774346,27.7272616770383,27.7122012073196,27.8326244118639,27.9278614710339,27.8225944265762,27.7975152652541,27.8075476496238,27.777447615956,27.777447615956,27.7172216044382,27.6670068026902,27.7473389366228,27.631842110463,27.631842110463,27.6770516890958,27.7322813525865,27.6870956122065,27.6921172126096,27.6720293663216,27.6569609527223,27.651937666319,27.5866130007331,27.4960960902657,27.6569609527223,27.5815863374129,27.5815863374129,27.5363354978248,27.5413643354891,27.5614772692013,27.5111876824057,27.5564493982478,27.5614772692013,27.551421285667,27.5815863374129,27.7071805696107,27.6921172126096,27.5413643354891,27.5564493982478,27.6368663610303,27.5966656031286,27.6268176187712,27.4960960902657,27.6268176187712,27.5916394226271,27.5162177292145,27.4508082405489,27.5463929314253,27.4206054372245,27.4810023198492,27.4105358961847,27.4860338187415,27.5966656031286,27.5212475341273,27.5162177292145,27.4709385956355,27.4357079298451,27.5262770971775,27.4608739026253,27.4709385956355,27.4860338187415,27.4055007617757,27.4407416091366,27.4608739026253,27.4055007617757,27.5111876824057,27.4508082405489,27.5111876824057,27.5011268629649,27.5011268629649,27.4206054372245,27.4105358961847,27.4256398439229,27.3903939025862,27.3903939025862,27.4558411927372,27.2845846667777,27.4306740081185,27.4055007617757,27.4206054372245,27.4055007617757,27.3702480251596,27.551421285667,27.5363354978248,27.4558411927372,27.5262770971775,27.3903939025862,27.4055007617757,27.4004653847288,27.3752848587436,27.3601736293342,27.4004653847288,27.4407416091366,27.3954297650103,27.4155707879898,27.4508082405489,27.4810023198492,27.4256398439229,27.4155707879898,27.4004653847288,27.4105358961847,27.5564493982478,27.5715322863604,27.4206054372245,27.6619839981682,27.4206054372245,27.4206054372245,27.4558411927372,27.4860338187415,27.4508082405489,27.4407416091366,27.4709385956355,27.5111876824057,27.6217928859212,27.6569609527223,27.5916394226271,27.6469141389248,27.5815863374129,27.5212475341273,27.506157393667,27.5011268629649,27.4457750460266,27.6117426966131,27.5463929314253,27.4508082405489,27.4608739026253,27.5313064183988,27.5665048985609,27.4508082405489,27.5564493982478,27.3903939025862,27.3601736293342,27.4206054372245,27.355136067025,27.3752848587436,27.4004653847288,27.2543337507527,27.178668068929,27.2845846667777,27.2240740631453
27.178668068929,27.2795434562661,27.1736217380844,27.2240740631453,27.1483864201735,27.3903939025862,27.2291179538628,27.2492910788209,27.2139855500982,27.2291179538628,27.2644183636851,27.2240740631453,27.2190299285684,27.3299446101592,27.1887599981537,27.2845846667777,27.3047470746531,27.2593761790295,27.2795434562661,27.2593761790295,27.2190299285684,27.1988509509866,27.2240740631453,27.2089409277006,27.1584812802121,27.2190299285684,27.2291179538628,27.2644183636851,27.1988509509866,27.2190299285684,27.2392050038562,27.3702480251596,27.6670068026902,27.4810023198492,27.2291179538628,27.3702480251596,27.2745020022695,27.1029474496787,27.1988509509866,27.193805596602,27.2845846667777,27.1635283437601,27.2190299285684,27.2089409277006,27.2291179538628,27.234161600755,27.2139855500982,27.2392050038562,27.4155707879898,27.309787068249,27.2593761790295,27.2896256338382,27.1685751630395,27.2291179538628,27.1736217380844,27.1988509509866,27.234161600755,27.3249055894848,27.3249055894848,27.1483864201735,27.2442481632001,27.2492910788209,27.3752848587436,27.4155707879898,27.385357797423,27.3954297650103,27.3652109487011,27.3954297650103,27.3903939025862,27.3702480251596,27.4960960902657,27.4860338187415,27.4508082405489,27.3652109487011,27.2795434562661,27.3803214494867,27.355136067025,27.4004653847288,27.4910650755359,27.7172216044382,27.5715322863604,27.355136067025,27.2593761790295,27.2291179538628,27.2038960613414,27.2442481632001,27.3752848587436,27.506157393667,27.5765594326333,27.5011268629649,27.5111876824057,27.5363354978248,27.8526815051994,27.9178405871461,27.9228511486881,28.063049878718,27.9278614710339,27.6770516890958,27.6117426966131,27.5614772692013,27.6820737710463,27.7924987130493,27.7573761241401,27.8075476496238,27.7924987130493,27.9979808867536,27.9078187463413,27.8075476496238,27.8326244118639,27.7573761241401,27.7322813525865,27.7071805696107,27.6368663610303,27.6670068026902,27.7573761241401,27.8326244118639,27.6368663610303,27.6921172126096,27.7322813525865,27.8627086137778,27.7573761241401,27.6670068026902,27.6820737710463,27.6670068026902,27.5212475341273,27.5815863374129,27.5665048985609,27.6418903705064,27.5665048985609,27.5614772692013,27.6167679118797,27.5866130007331,27.5614772692013,27.5866130007331,27.5765594326333,27.5262770971775,27.5614772692013,27.6268176187712,27.6569609527223,27.6870956122065,27.651937666319,27.4960960902657,27.5815863374129,27.4709385956355,27.5463929314253,27.551421285667,27.5262770971775,27.5463929314253,27.5413643354891,27.551421285667,27.5463929314253,27.551421285667,27.5463929314253,27.5011268629649,27.4709385956355,27.506157393667,27.4155707879898,27.4659063702468,27.5413643354891,27.5262770971775,27.5262770971775,27.4206054372245,27.3702480251596,27.4608739026253,27.4256398439229,27.4659063702468,27.4860338187415,27.4558411927372,27.551421285667,27.4457750460266,27.4256398439229,27.4055007617757,27.3702480251596,27.3803214494867,27.4407416091366,27.4105358961847,27.4004653847288,27.4357079298451,27.4155707879898,27.355136067025,27.4407416091366,27.4860338187415,27.4608739026253,27.4155707879898,27.4860338187415,27.3903939025862,27.4608739026253,27.5564493982478,27.4860338187415,27.4004653847288,27.4558411927372,27.4810023198492,27.4256398439229,27.4558411927372,27.4860338187415,27.4256398439229,27.4407416091366,27.4508082405489,27.4860338187415,27.4206054372245,27.4810023198492,27.5363354978248,27.6720293663216,27.5162177292145,27.4910650755359,27.5011268629649,27.3954297650103,27.5363354978248,27.340021922105,27.4508082405489,27.4659063702468,27.475970578825,27.6368663610303,27.5564493982478,27.5715322863604,27.5916394226271,27.5162177292145,27.6067172400882,27.6217928859212,27.5162177292145,27.5111876824057,27.5815863374129,27.5866130007331,27.5765594326333,27.5262770971775,27.4558411927372,27.3803214494867,27.5313064183988,27.4256398439229,27.475970578825,27.5614772692013,27.4508082405489,27.5212475341273,27.2997068377419,27.3752848587436,27.4004653847288,27.4105358961847,27.3601736293342,27.234161600755,27.2896256338382
27.2997068377419,27.2139855500982,27.1736217380844,27.1837141556074,27.2089409277006,27.2442481632001,27.2442481632001,27.2291179538628,27.3702480251596,27.2089409277006,27.2492910788209,27.2795434562661,27.2291179538628,27.193805596602,27.3299446101592,27.1685751630395,27.2997068377419,27.3047470746531,27.2543337507527,27.0322252041533,27.193805596602,27.2644183636851,27.1837141556074,27.309787068249,27.1887599981537,27.193805596602,27.234161600755,27.1736217380844,27.2392050038562,27.1736217380844,27.2291179538628,27.4608739026253,27.4155707879898,27.355136067025,27.2795434562661,27.234161600755,27.0423313217998,27.2139855500982,27.0625406162806,27.2089409277006,27.2442481632001,27.1685751630395,27.2038960613414,27.1483864201735,27.234161600755,27.178668068929,27.2038960613414,27.2038960613414,27.193805596602,27.2190299285684,27.1635283437601,27.1281937673691,27.0776950150114,27.1584812802121,27.0978974522403,27.2190299285684,27.1736217380844,27.2896256338382,27.2745020022695,27.2139855500982,27.2240740631453,27.4105358961847,27.3803214494867,27.3803214494867,27.2896256338382,27.3702480251596,27.3148268185636,27.2644183636851,27.2089409277006,27.4558411927372,27.5966656031286,27.5916394226271,27.4004653847288,27.3601736293342,27.2896256338382,27.3903939025862,27.2543337507527,27.4960960902657,27.4558411927372,27.4860338187415,27.4860338187415,27.2694603047538,27.2745020022695,27.2845846667777,27.193805596602,27.2795434562661,27.4055007617757,27.3450602134443,27.4457750460266,27.6016915422711,27.4357079298451,27.5262770971775,27.6670068026902,27.8576951793018,27.9178405871461,27.8677218086608,28.0380281127715,27.8326244118639,27.6770516890958,27.6368663610303,27.6167679118797,27.6971385722891,27.6921172126096,27.6469141389248,27.6368663610303,27.7824648884334,27.7975152652541,27.7924987130493,27.9278614710339,27.8276095391327,27.7122012073196,27.7874819207868,27.6770516890958,27.6820737710463,27.7373007876777,27.7071805696107,27.7473389366228,27.7523576505433,27.5966656031286,27.7373007876777,27.6067172400882,27.651937666319,27.651937666319,27.6067172400882,27.4709385956355,27.5212475341273,27.4960960902657,27.5262770971775,27.5111876824057,27.5564493982478,27.4055007617757,27.6117426966131,27.6067172400882,27.5313064183988,27.4558411927372,27.5413643354891,27.5262770971775,27.5413643354891,27.6971385722891,27.6619839981682,27.5363354978248,27.5313064183988,27.4558411927372,27.551421285667,27.4910650755359,27.4960960902657,27.4256398439229,27.5413643354891,27.5262770971775,27.5715322863604,27.5463929314253,27.4709385956355,27.4508082405489,27.4558411927372,27.4608739026253,27.5262770971775,27.4306740081185,27.3652109487011,27.4357079298451,27.4407416091366,27.355136067025,27.3702480251596,27.3803214494867,27.4105358961847,27.3903939025862,27.4004653847288,27.4055007617757,27.4306740081185,27.551421285667,27.4357079298451,27.4004653847288,27.4457750460266,27.3601736293342,27.3803214494867,27.3601736293342,27.4306740081185,27.4457750460266,27.4457750460266,27.3450602134443,27.3954297650103,27.4357079298451,27.4457750460266,27.4608739026253,27.4508082405489,27.5262770971775,27.5212475341273,27.6268176187712,27.4206054372245,27.4155707879898,27.4055007617757,27.4860338187415,27.4004653847288,27.4055007617757,27.4960960902657,27.4357079298451,27.4960960902657,27.4960960902657,27.4357079298451,27.3903939025862,27.4306740081185,27.4860338187415,27.4960960902657,27.5262770971775,27.4457750460266,27.4357079298451,27.4508082405489,27.4206054372245,27.4608739026253,27.5162177292145,27.6619839981682,27.4960960902657,27.4608739026253,27.5715322863604,27.4810023198492,27.5715322863604,27.5313064183988,27.3500982617396,27.4558411927372,27.6016915422711,27.4910650755359,27.5111876824057,27.5111876824057,27.4457750460266,27.5262770971775,27.5363354978248,27.4960960902657,27.3954297650103,27.4558411927372,27.4659063702468,27.3803214494867,27.4457750460266,27.5463929314253,27.4407416091366,27.3652109487011,27.3198663256309,27.4155707879898,27.340021922105,27.2492910788209,27.234161600755,27.2543337507527
27.1231449929837,27.1736217380844,27.2997068377419,27.1332422972466,27.1534339723613,27.2089409277006,27.2543337507527,27.2240740631453,27.2392050038562,27.2240740631453,27.2543337507527,27.178668068929,27.2442481632001,27.1685751630395,27.1988509509866,27.2139855500982,27.1988509509866,27.2593761790295,27.2946663574817,27.2392050038562,27.2644183636851,27.1685751630395,27.1534339723613,27.193805596602,27.2291179538628,27.2896256338382,27.2392050038562,27.2089409277006,27.1887599981537,27.2240740631453,27.2492910788209,27.355136067025,27.4860338187415,27.3148268185636,27.2442481632001,27.1382905826503,27.2139855500982,27.1433386236146,27.0726437936639,27.2089409277006,27.2442481632001,27.234161600755,27.3954297650103,27.2291179538628,27.2038960613414,27.3450602134443,27.1130467105523,27.2492910788209,27.1029474496787,27.1837141556074,27.3803214494867,27.2139855500982,27.1483864201735,27.0928472100887,27.1130467105523,27.2291179538628,27.0776950150114,27.2845846667777,27.2694603047538,27.3249055894848,27.193805596602,27.2946663574817,27.4055007617757,27.3903939025862,27.4457750460266,27.3047470746531,27.4004653847288,27.4004653847288,27.2089409277006,27.4105358961847,27.4306740081185,27.6016915422711,27.3652109487011,27.178668068929,27.2946663574817,27.3500982617396,27.2845846667777,27.4960960902657,27.4960960902657,27.4659063702468,27.2593761790295,27.2442481632001,27.3198663256309,27.0271717776083,27.1837141556074,27.3299446101592,27.2896256338382,27.2593761790295,27.4055007617757,27.4306740081185,27.4508082405489,27.5413643354891,27.5715322863604,27.8426534379831,27.8827599560813,27.9278614710339,27.9929739096901,27.9428910032239,27.6368663610303,27.5866130007331,27.6569609527223,27.6619839981682,27.651937666319,27.6268176187712,27.6418903705064,27.631842110463,27.7222417610001,27.7222417610001,27.7874819207868,27.837639044803,27.7373007876777,27.7975152652541,27.7021596912783,27.6820737710463,27.6971385722891,27.7423199823454,27.6368663610303,27.7373007876777,27.5765594326333,27.6569609527223,27.5715322863604,27.5665048985609,27.4659063702468,27.5614772692013,27.5162177292145,27.551421285667,27.5363354978248,27.4608739026253,27.4860338187415,27.4457750460266,27.5413643354891,27.5313064183988,27.5614772692013,27.5866130007331,27.5313064183988,27.6067172400882,27.5614772692013,27.5966656031286,27.631842110463,27.551421285667,27.5011268629649,27.5765594326333,27.5614772692013,27.5162177292145,27.3954297650103,27.3903939025862,27.4508082405489,27.4810023198492,27.4508082405489,27.506157393667,27.5765594326333,27.4558411927372,27.4608739026253,27.4960960902657,27.5162177292145,27.4558411927372,27.385357797423,27.4608739026253,27.3349833876879,27.3198663256309,27.4558411927372,27.3299446101592,27.3702480251596,27.3047470746531,27.3903939025862,27.3954297650103,27.4407416091366,27.4709385956355,27.3803214494867,27.4860338187415,27.4910650755359,27.4508082405489,27.385357797423,27.3803214494867,27.3954297650103,27.4457750460266,27.4508082405489,27.355136067025,27.3349833876879,27.3450602134443,27.355136067025,27.4357079298451,27.4256398439229,27.4105358961847,27.4357079298451,27.3702480251596,27.3752848587436,27.4910650755359,27.4055007617757,27.4004653847288,27.4004653847288,27.4558411927372,27.5212475341273,27.4004653847288,27.506157393667,27.4105358961847,27.3500982617396,27.4105358961847,27.4860338187415,27.4457750460266,27.3903939025862,27.5463929314253,27.4659063702468,27.4709385956355,27.5212475341273,27.4457750460266,27.4558411927372,27.4558411927372,27.4407416091366,27.4206054372245,27.4558411927372,27.3601736293342,27.5212475341273,27.551421285667,27.4910650755359,27.5715322863604,27.4357079298451,27.5313064183988,27.3803214494867,27.4407416091366,27.5363354978248,27.6469141389248,27.5111876824057,27.4206054372245,27.4608739026253,27.5614772692013,27.4910650755359,27.5665048985609,27.4659063702468,27.3903939025862,27.3500982617396,27.4004653847288,27.4256398439229,27.3299446101592,27.1079972024379,27.2795434562661,27.2745020022695,27.2392050038562,27.2392050038562,27.1837141556074
27.0423313217998,27.1433386236146,27.193805596602,27.0827459915085,27.0928472100887,27.2543337507527,27.2492910788209,27.0827459915085,27.2392050038562,27.2139855500982,27.2089409277006,27.1281937673691,27.1736217380844,27.2896256338382,27.0978974522403,27.1685751630395,27.2795434562661,27.2896256338382,27.2896256338382,27.309787068249,27.1635283437601,27.1736217380844,27.2745020022695,27.2644183636851,27.2442481632001,27.1887599981537,27.2644183636851,27.1887599981537,27.2139855500982,27.1382905826503,27.1433386236146,27.2997068377419,27.4608739026253,27.3601736293342,27.0625406162806,27.0726437936639,27.0423313217998,27.1029474496787,27.2240740631453,27.178668068929,27.3349833876879,27.193805596602,27.1180959740562,27.1584812802121,27.2240740631453,27.2694603047538,27.309787068249,27.2543337507527,27.1079972024379,27.1180959740562,27.0675923274317,27.1584812802121,27.0221181058697,27.2240740631453,27.0019009662915,27.193805596602,27.2392050038562,27.2845846667777,27.2845846667777,27.3198663256309,27.2392050038562,27.234161600755,27.4558411927372,27.5564493982478,27.4004653847288,27.4105358961847,27.2896256338382,27.2795434562661,27.2492910788209,27.3803214494867,27.4558411927372,27.4709385956355,27.3954297650103,27.3148268185636,27.1837141556074,27.3702480251596,27.3299446101592,27.3803214494867,27.4004653847288,27.2543337507527,27.3198663256309,27.2946663574817,27.2291179538628,27.2089409277006,27.234161600755,27.1685751630395,27.2291179538628,27.2593761790295,27.2139855500982,27.4206054372245,27.5463929314253,27.5413643354891,27.5614772692013,27.6670068026902,27.8727347639835,27.8326244118639,27.9428910032239,27.9378813982687,27.777447615956,27.5564493982478,27.6167679118797,27.6117426966131,27.7122012073196,27.6368663610303,27.5966656031286,27.4960960902657,27.5665048985609,27.7975152652541,27.7523576505433,27.8075476496238,27.6971385722891,27.7021596912783,27.6820737710463,27.6971385722891,27.6971385722891,27.6217928859212,27.6268176187712,27.6870956122065,27.6619839981682,27.5463929314253,27.5665048985609,27.6469141389248,27.6569609527223,27.6016915422711,27.5463929314253,27.4709385956355,27.4508082405489,27.4407416091366,27.551421285667,27.5715322863604,27.5866130007331,27.6067172400882,27.5866130007331,27.631842110463,27.5162177292145,27.6016915422711,27.506157393667,27.5262770971775,27.5564493982478,27.5564493982478,27.5111876824057,27.5363354978248,27.5111876824057,27.4659063702468,27.4860338187415,27.4508082405489,27.4105358961847,27.4558411927372,27.4810023198492,27.4608739026253,27.5162177292145,27.4860338187415,27.5614772692013,27.4860338187415,27.4810023198492,27.4508082405489,27.3198663256309,27.4407416091366,27.3450602134443,27.3601736293342,27.4256398439229,27.4055007617757,27.3500982617396,27.3954297650103,27.3954297650103,27.3903939025862,27.4407416091366,27.5262770971775,27.5313064183988,27.4659063702468,27.3903939025862,27.4457750460266,27.4457750460266,27.4558411927372,27.4155707879898,27.4155707879898,27.4357079298451,27.4508082405489,27.3198663256309,27.3349833876879,27.3702480251596,27.4306740081185,27.4306740081185,27.3903939025862,27.3601736293342,27.3500982617396,27.3601736293342,27.385357797423,27.4004653847288,27.355136067025,27.3500982617396,27.506157393667,27.3500982617396,27.4155707879898,27.3954297650103,27.4256398439229,27.4306740081185,27.3198663256309,27.3450602134443,27.4055007617757,27.3601736293342,27.3652109487011,27.4256398439229,27.4608739026253,27.4306740081185,27.4407416091366,27.5011268629649,27.4357079298451,27.5815863374129,27.4306740081185,27.3954297650103,27.4810023198492,27.4960960902657,27.4709385956355,27.4860338187415,27.506157393667,27.4810023198492,27.4659063702468,27.4206054372245,27.4055007617757,27.5011268629649,27.5363354978248,27.5212475341273,27.5011268629649,27.631842110463,27.4910650755359,27.4810023198492,27.4055007617757,27.5313064183988,27.5011268629649,27.4256398439229,27.3903939025862,27.4357079298451,27.4357079298451,27.3702480251596,27.2492910788209,27.385357797423,27.3349833876879,27.1837141556074,27.2593761790295
27.2543337507527,27.0877967231895,27.0928472100887,27.1332422972466,27.1433386236146,27.1433386236146,27.2593761790295,27.234161600755,27.1988509509866,27.234161600755,27.1433386236146,27.0776950150114,27.1988509509866,27.2291179538628,27.0978974522403,27.2392050038562,27.2442481632001,27.2946663574817,27.178668068929,27.2745020022695,27.2139855500982,27.2896256338382,27.3249055894848,27.3299446101592,27.2291179538628,27.1635283437601,27.1887599981537,27.2240740631453,27.1483864201735,27.1837141556074,27.2392050038562,27.2139855500982,27.3500982617396,27.178668068929,27.1534339723613,27.193805596602,27.0827459915085,27.1635283437601,27.1685751630395,27.2291179538628,27.2392050038562,27.309787068249,27.1483864201735,27.1483864201735,27.2492910788209,27.178668068929,27.3349833876879,27.2139855500982,27.2492910788209,27.1635283437601,27.1534339723613,27.0221181058697,27.052436459084,27.1029474496787,27.0322252041533,27.0625406162806,27.2190299285684,27.3954297650103,27.3249055894848,27.2593761790295,27.1433386236146,27.340021922105,27.3601736293342,27.4960960902657,27.4558411927372,27.3752848587436,27.234161600755,27.2190299285684,27.2240740631453,27.2291179538628,27.3752848587436,27.4155707879898,27.2845846667777,27.3450602134443,27.3702480251596,27.3803214494867,27.3349833876879,27.3752848587436,27.3198663256309,27.2291179538628,27.3299446101592,27.309787068249,27.1736217380844,27.1837141556074,27.2240740631453,27.1887599981537,27.2543337507527,27.3198663256309,27.3702480251596,27.4155707879898,27.5966656031286,27.5665048985609,27.5564493982478,27.6820737710463,27.8276095391327,27.9328715542163,27.8276095391327,27.7423199823454,27.7272616770383,27.7272616770383,27.5866130007331,27.506157393667,27.6117426966131,27.6418903705064,27.506157393667,27.4407416091366,27.4810023198492,27.6016915422711,27.7021596912783,27.7523576505433,27.6921172126096,27.7222417610001,27.6117426966131,27.6016915422711,27.6067172400882,27.6117426966131,27.6016915422711,27.5966656031286,27.6117426966131,27.4860338187415,27.5715322863604,27.5413643354891,27.5212475341273,27.551421285667,27.5413643354891,27.475970578825,27.5363354978248,27.4457750460266,27.4457750460266,27.4608739026253,27.6217928859212,27.5916394226271,27.5614772692013,27.5665048985609,27.5564493982478,27.4709385956355,27.5363354978248,27.475970578825,27.506157393667,27.4960960902657,27.3903939025862,27.3752848587436,27.3752848587436,27.4004653847288,27.3954297650103,27.385357797423,27.4004653847288,27.4810023198492,27.5313064183988,27.5313064183988,27.3299446101592,27.3299446101592,27.4457750460266,27.4306740081185,27.4357079298451,27.4306740081185,27.4256398439229,27.4457750460266,27.3249055894848,27.4004653847288,27.340021922105,27.3148268185636,27.4055007617757,27.4105358961847,27.3198663256309,27.309787068249,27.4206054372245,27.551421285667,27.5212475341273,27.5011268629649,27.355136067025,27.5212475341273,27.4659063702468,27.5363354978248,27.4810023198492,27.4558411927372,27.4709385956355,27.355136067025,27.3349833876879,27.3500982617396,27.3299446101592,27.4155707879898,27.3652109487011,27.3299446101592,27.3702480251596,27.3349833876879,27.3702480251596,27.3954297650103,27.4357079298451,27.3652109487011,27.2946663574817,27.3198663256309,27.3601736293342,27.4457750460266,27.385357797423,27.2745020022695,27.2694603047538,27.3047470746531,27.3500982617396,27.2089409277006,27.3601736293342,27.3752848587436,27.3803214494867,27.4256398439229,27.4457750460266,27.2845846667777,27.4357079298451,27.4860338187415,27.2795434562661,27.4155707879898,27.5212475341273,27.4407416091366,27.6016915422711,27.5413643354891,27.5111876824057,27.4960960902657,27.4004653847288,27.4508082405489,27.5564493982478,27.4810023198492,27.4105358961847,27.506157393667,27.4860338187415,27.5363354978248,27.475970578825,27.5413643354891,27.4357079298451,27.3702480251596,27.5111876824057,27.385357797423,27.3903939025862,27.3450602134443,27.385357797423,27.4457750460266,27.3148268185636,27.4357079298451,27.2089409277006,27.2190299285684,27.2896256338382,27.2593761790295
27.1584812802121,27.1887599981537,27.2745020022695,27.1837141556074,27.1231449929837,27.2190299285684,27.2593761790295,27.1534339723613,27.3601736293342,27.2795434562661,27.1988509509866,27.2745020022695,27.1433386236146,27.1736217380844,27.2492910788209,27.2694603047538,27.2442481632001,27.3047470746531,27.2845846667777,27.2896256338382,27.1382905826503,27.2089409277006,27.2442481632001,27.3047470746531,27.1887599981537,27.052436459084,27.1736217380844,27.178668068929,27.2291179538628,27.193805596602,27.2543337507527,27.2745020022695,27.1281937673691,27.1029474496787,27.1180959740562,27.0978974522403,27.1130467105523,27.2543337507527,27.3198663256309,27.2745020022695,27.340021922105,27.340021922105,27.2089409277006,27.2442481632001,27.2492910788209,27.1736217380844,27.2593761790295,27.2644183636851,27.0877967231895,27.2392050038562,27.2644183636851,27.1130467105523,27.0776950150114,27.052436459084,27.1029474496787,27.1584812802121,27.2038960613414,27.309787068249,27.340021922105,27.3299446101592,27.1382905826503,27.355136067025,27.4155707879898,27.3601736293342,27.4659063702468,27.3047470746531,27.1483864201735,27.1433386236146,27.4155707879898,27.234161600755,27.2291179538628,27.2694603047538,27.2845846667777,27.2543337507527,27.3299446101592,27.3450602134443,27.3249055894848,27.2795434562661,27.2745020022695,27.3752848587436,27.3803214494867,27.2896256338382,27.1685751630395,27.3047470746531,27.1837141556074,27.2896256338382,27.2946663574817,27.1736217380844,27.355136067025,27.3702480251596,27.4457750460266,27.4407416091366,27.4256398439229,27.6971385722891,27.6870956122065,27.8576951793018,27.6217928859212,27.5262770971775,27.5313064183988,27.6770516890958,27.7322813525865,27.5715322863604,27.6921172126096,27.6268176187712,27.5765594326333,27.5614772692013,27.5564493982478,27.7172216044382,27.5916394226271,27.7222417610001,27.7122012073196,27.7172216044382,27.6117426966131,27.6067172400882,27.6167679118797,27.6117426966131,27.6067172400882,27.5866130007331,27.6016915422711,27.5614772692013,27.5313064183988,27.5614772692013,27.5614772692013,27.4508082405489,27.5212475341273,27.5313064183988,27.4105358961847,27.4810023198492,27.5011268629649,27.4206054372245,27.5866130007331,27.5363354978248,27.6569609527223,27.6418903705064,27.631842110463,27.5765594326333,27.5463929314253,27.4709385956355,27.3903939025862,27.4357079298451,27.3803214494867,27.3903939025862,27.385357797423,27.385357797423,27.475970578825,27.3903939025862,27.5262770971775,27.5413643354891,27.4357079298451,27.4457750460266,27.5011268629649,27.4206054372245,27.4457750460266,27.4508082405489,27.3702480251596,27.385357797423,27.3702480251596,27.4004653847288,27.3299446101592,27.340021922105,27.2997068377419,27.4256398439229,27.385357797423,27.4004653847288,27.4306740081185,27.551421285667,27.5715322863604,27.5413643354891,27.5313064183988,27.4206054372245,27.4306740081185,27.5011268629649,27.5413643354891,27.4306740081185,27.3249055894848,27.4306740081185,27.4256398439229,27.340021922105,27.3752848587436,27.3249055894848,27.3450602134443,27.340021922105,27.3349833876879,27.3349833876879,27.3349833876879,27.4457750460266,27.340021922105,27.355136067025,27.355136067025,27.3249055894848,27.3450602134443,27.3954297650103,27.3803214494867,27.3702480251596,27.3652109487011,27.3652109487011,27.4256398439229,27.3702480251596,27.3903939025862,27.4105358961847,27.4407416091366,27.3954297650103,27.4004653847288,27.3450602134443,27.4960960902657,27.3903939025862,27.4709385956355,27.4256398439229,27.2997068377419,27.4558411927372,27.4306740081185,27.4810023198492,27.4810023198492,27.4960960902657,27.3500982617396,27.4055007617757,27.4256398439229,27.4256398439229,27.385357797423,27.5111876824057,27.3903939025862,27.4306740081185,27.5564493982478,27.4206054372245,27.5413643354891,27.4407416091366,27.4407416091366,27.3702480251596,27.5765594326333,27.3299446101592,27.3500982617396,27.4055007617757,27.5162177292145,27.4155707879898,27.2644183636851,27.3198663256309,27.2038960613414,27.2644183636851,27.2644183636851,27.178668068929
27.1988509509866,27.1837141556074,27.1281937673691,27.1281937673691,27.2139855500982,27.1483864201735,27.2240740631453,27.0827459915085,27.1433386236146,27.2492910788209,27.2038960613414,27.2745020022695,27.1988509509866,27.2745020022695,27.1887599981537,27.1685751630395,27.2089409277006,27.2392050038562,27.1483864201735,27.1433386236146,27.2997068377419,27.2795434562661,27.193805596602,27.2644183636851,27.1736217380844,27.2694603047538,27.1635283437601,27.04738401297,27.1736217380844,27.1231449929837,27.1130467105523,27.2392050038562,27.2190299285684,27.0928472100887,27.0675923274317,27.0928472100887,27.1382905826503,27.2997068377419,27.2291179538628,27.3299446101592,27.2997068377419,27.234161600755,27.309787068249,27.2644183636851,27.1635283437601,27.193805596602,27.193805596602,27.1736217380844,27.0877967231895,27.1483864201735,26.9766240208359,27.1483864201735,27.0928472100887,27.0170641889031,27.052436459084,27.0877967231895,27.1685751630395,27.3198663256309,27.3299446101592,27.3148268185636,27.2997068377419,27.3249055894848,27.3450602134443,27.3450602134443,27.2997068377419,27.2845846667777,27.234161600755,27.1534339723613,27.0726437936639,27.1584812802121,27.2543337507527,27.2593761790295,27.2492910788209,27.1988509509866,27.3198663256309,27.340021922105,27.2745020022695,27.3299446101592,27.2896256338382,27.2543337507527,27.3148268185636,27.340021922105,27.2089409277006,27.178668068929,27.1887599981537,27.2291179538628,27.3198663256309,27.3903939025862,27.309787068249,27.4357079298451,27.4407416091366,27.4105358961847,27.4457750460266,27.5916394226271,27.6670068026902,27.6619839981682,27.5815863374129,27.5212475341273,27.5162177292145,27.6016915422711,27.6418903705064,27.6268176187712,27.7222417610001,27.5665048985609,27.5966656031286,27.6368663610303,27.5262770971775,27.4709385956355,27.6117426966131,27.5463929314253,27.5866130007331,27.7222417610001,27.4860338187415,27.6067172400882,27.4659063702468,27.6117426966131,27.6067172400882,27.6117426966131,27.5111876824057,27.5463929314253,27.5262770971775,27.4860338187415,27.5413643354891,27.5463929314253,27.4105358961847,27.385357797423,27.4508082405489,27.3702480251596,27.4357079298451,27.4608739026253,27.4206054372245,27.5815863374129,27.6720293663216,27.6368663610303,27.6016915422711,27.5715322863604,27.4709385956355,27.4810023198492,27.4004653847288,27.3601736293342,27.385357797423,27.4004653847288,27.3500982617396,27.2240740631453,27.340021922105,27.5262770971775,27.4206054372245,27.5866130007331,27.506157393667,27.5313064183988,27.3954297650103,27.4055007617757,27.3954297650103,27.3349833876879,27.4457750460266,27.4155707879898,27.309787068249,27.3903939025862,27.4105358961847,27.3198663256309,27.309787068249,27.3249055894848,27.385357797423,27.355136067025,27.3954297650103,27.3752848587436,27.5463929314253,27.4960960902657,27.3903939025862,27.4256398439229,27.4960960902657,27.4659063702468,27.4457750460266,27.4608739026253,27.506157393667,27.340021922105,27.3702480251596,27.3702480251596,27.3349833876879,27.3500982617396,27.2795434562661,27.3148268185636,27.3349833876879,27.4407416091366,27.3954297650103,27.3652109487011,27.3148268185636,27.3198663256309,27.3752848587436,27.3954297650103,27.2593761790295,27.3601736293342,27.3803214494867,27.4407416091366,27.3450602134443,27.4105358961847,27.3299446101592,27.3500982617396,27.4206054372245,27.3954297650103,27.385357797423,27.506157393667,27.3903939025862,27.4357079298451,27.4105358961847,27.3702480251596,27.3198663256309,27.5463929314253,27.4910650755359,27.4960960902657,27.4608739026253,27.4155707879898,27.4407416091366,27.5011268629649,27.4960960902657,27.475970578825,27.5413643354891,27.3803214494867,27.4457750460266,27.4457750460266,27.4608739026253,27.475970578825,27.5463929314253,27.5111876824057,27.5262770971775,27.5815863374129,27.4860338187415,27.5715322863604,27.5162177292145,27.4910650755359,27.4055007617757,27.3752848587436,27.4206054372245,27.3652109487011,27.3349833876879,27.2694603047538,27.2795434562661,27.234161600755,27.1635283437601,27.2139855500982
27.178668068929,27.1433386236146,27.2593761790295,27.1281937673691,27.178668068929,27.1433386236146,27.1433386236146,27.1635283437601,27.234161600755,27.1584812802121,27.1988509509866,27.2442481632001,27.1988509509866,27.2795434562661,27.1534339723613,27.2240740631453,27.2543337507527,27.2845846667777,27.2442481632001,27.2896256338382,27.2745020022695,27.3249055894848,27.2745020022695,27.2543337507527,27.340021922105,27.234161600755,27.1837141556074,27.1635283437601,27.1736217380844,27.2089409277006,27.3047470746531,27.2997068377419,27.1130467105523,27.0221181058697,27.1029474496787,27.0978974522403,27.2392050038562,27.193805596602,27.193805596602,27.2644183636851,27.3047470746531,27.2038960613414,27.2845846667777,27.1635283437601,27.2291179538628,27.2240740631453,27.2392050038562,27.0776950150114,27.193805596602,27.1433386236146,27.1382905826503,27.1079972024379,27.0776950150114,27.1382905826503,27.1332422972466,27.2845846667777,27.1483864201735,27.3148268185636,27.3148268185636,27.3249055894848,27.3803214494867,27.385357797423,27.4206054372245,27.4206054372245,27.3450602134443,27.2291179538628,27.3047470746531,27.1483864201735,27.1837141556074,27.2997068377419,27.1685751630395,27.3148268185636,27.1180959740562,27.1483864201735,27.3702480251596,27.3349833876879,27.2795434562661,27.2593761790295,27.2543337507527,27.340021922105,27.2694603047538,27.193805596602,27.2089409277006,27.3047470746531,27.1988509509866,27.309787068249,27.3148268185636,27.4306740081185,27.3652109487011,27.3803214494867,27.4105358961847,27.4910650755359,27.6770516890958,27.5966656031286,27.6469141389248,27.5665048985609,27.3903939025862,27.5111876824057,27.4810023198492,27.4960960902657,27.5715322863604,27.6117426966131,27.7122012073196,27.7975152652541,27.631842110463,27.6167679118797,27.4860338187415,27.4659063702468,27.5463929314253,27.5966656031286,27.631842110463,27.5463929314253,27.651937666319,27.6670068026902,27.4709385956355,27.6117426966131,27.5916394226271,27.5966656031286,27.4155707879898,27.5966656031286,27.5313064183988,27.5212475341273,27.5765594326333,27.5162177292145,27.4004653847288,27.5363354978248,27.4155707879898,27.3903939025862,27.3702480251596,27.475970578825,27.4357079298451,27.651937666319,27.7172216044382,27.631842110463,27.6368663610303,27.5815863374129,27.4155707879898,27.4004653847288,27.4055007617757,27.3903939025862,27.3601736293342,27.2291179538628,27.3903939025862,27.3954297650103,27.4155707879898,27.5463929314253,27.5916394226271,27.6720293663216,27.5413643354891,27.5765594326333,27.4206054372245,27.4306740081185,27.340021922105,27.4155707879898,27.309787068249,27.3047470746531,27.385357797423,27.3349833876879,27.355136067025,27.3450602134443,27.3299446101592,27.3652109487011,27.4910650755359,27.4558411927372,27.5413643354891,27.4004653847288,27.5262770971775,27.6418903705064,27.4105358961847,27.506157393667,27.4608739026253,27.4508082405489,27.6067172400882,27.4508082405489,27.4659063702468,27.5665048985609,27.5011268629649,27.3601736293342,27.355136067025,27.2997068377419,27.3903939025862,27.4004653847288,27.3652109487011,27.4155707879898,27.4155707879898,27.4155707879898,27.3601736293342,27.3652109487011,27.3702480251596,27.3752848587436,27.3803214494867,27.3249055894848,27.3803214494867,27.3299446101592,27.2593761790295,27.2190299285684,27.3702480251596,27.4055007617757,27.4004653847288,27.4407416091366,27.3803214494867,27.4558411927372,27.4810023198492,27.4910650755359,27.4860338187415,27.3903939025862,27.3148268185636,27.5162177292145,27.4960960902657,27.475970578825,27.5313064183988,27.6268176187712,27.5011268629649,27.4155707879898,27.4960960902657,27.4860338187415,27.5212475341273,27.5262770971775,27.5262770971775,27.4659063702468,27.4558411927372,27.4709385956355,27.5815863374129,27.5815863374129,27.5815863374129,27.4860338187415,27.4860338187415,27.3803214494867,27.3752848587436,27.340021922105,27.3601736293342,27.340021922105,27.3954297650103,27.3954297650103,27.2240740631453,27.178668068929,27.2745020022695,27.2543337507527,27.2694603047538,27.2694603047538
27.0978974522403,27.2291179538628,27.1130467105523,27.1231449929837,27.0170641889031,27.1180959740562,27.1281937673691,27.2139855500982,27.1584812802121,27.2694603047538,27.1382905826503,27.1433386236146,27.1736217380844,27.1584812802121,27.2593761790295,27.234161600755,27.2694603047538,27.2442481632001,27.2442481632001,27.1988509509866,27.3500982617396,27.1837141556074,27.1988509509866,27.1837141556074,27.2139855500982,27.1837141556074,27.1988509509866,27.1635283437601,27.1433386236146,27.1483864201735,27.2543337507527,27.3299446101592,27.2392050038562,27.0978974522403,27.0827459915085,27.057488660176,27.2543337507527,27.3249055894848,27.2492910788209,27.1988509509866,27.2089409277006,27.2038960613414,27.2240740631453,27.2644183636851,27.2139855500982,27.178668068929,27.0827459915085,27.1635283437601,27.1635283437601,27.1988509509866,27.1635283437601,27.178668068929,27.1584812802121,27.0877967231895,27.1281937673691,27.1281937673691,27.1584812802121,27.2845846667777,27.2038960613414,27.3954297650103,27.3450602134443,27.3249055894848,27.3450602134443,27.3249055894848,27.3249055894848,27.2745020022695,27.2392050038562,27.2745020022695,27.2997068377419,27.3349833876879,27.2997068377419,27.2543337507527,27.2745020022695,27.2795434562661,27.355136067025,27.3903939025862,27.2694603047538,27.193805596602,27.3652109487011,27.355136067025,27.340021922105,27.2492910788209,27.2240740631453,27.2291179538628,27.1988509509866,27.3047470746531,27.193805596602,27.3047470746531,27.3450602134443,27.2896256338382,27.4004653847288,27.4558411927372,27.5313064183988,27.651937666319,27.6569609527223,27.3702480251596,27.385357797423,27.3198663256309,27.5212475341273,27.5413643354891,27.5765594326333,27.631842110463,27.7071805696107,27.7373007876777,27.5765594326333,27.6469141389248,27.4860338187415,27.5715322863604,27.4155707879898,27.5162177292145,27.5212475341273,27.5363354978248,27.4860338187415,27.6720293663216,27.5966656031286,27.6368663610303,27.6569609527223,27.5916394226271,27.5111876824057,27.5011268629649,27.5262770971775,27.5715322863604,27.5614772692013,27.5363354978248,27.3903939025862,27.3702480251596,27.4457750460266,27.5212475341273,27.5011268629649,27.3954297650103,27.6016915422711,27.651937666319,27.5665048985609,27.5564493982478,27.5665048985609,27.4105358961847,27.4055007617757,27.4155707879898,27.4306740081185,27.475970578825,27.3702480251596,27.3803214494867,27.4105358961847,27.4659063702468,27.4810023198492,27.5011268629649,27.4055007617757,27.5413643354891,27.5463929314253,27.3903939025862,27.551421285667,27.4659063702468,27.3954297650103,27.4055007617757,27.3601736293342,27.4206054372245,27.385357797423,27.3652109487011,27.3803214494867,27.3803214494867,27.3803214494867,27.3349833876879,27.4055007617757,27.5363354978248,27.5212475341273,27.5313064183988,27.5866130007331,27.6016915422711,27.5162177292145,27.5011268629649,27.4960960902657,27.5011268629649,27.4306740081185,27.5463929314253,27.5564493982478,27.506157393667,27.5815863374129,27.355136067025,27.340021922105,27.3752848587436,27.4105358961847,27.3652109487011,27.2795434562661,27.3148268185636,27.4608739026253,27.2896256338382,27.3803214494867,27.2492910788209,27.385357797423,27.2946663574817,27.2896256338382,27.3752848587436,27.3752848587436,27.4357079298451,27.3500982617396,27.355136067025,27.4155707879898,27.4105358961847,27.4256398439229,27.2896256338382,27.4407416091366,27.4055007617757,27.3652109487011,27.3752848587436,27.3198663256309,27.3652109487011,27.3752848587436,27.4608739026253,27.475970578825,27.4256398439229,27.4256398439229,27.4155707879898,27.4407416091366,27.4105358961847,27.4860338187415,27.5111876824057,27.4860338187415,27.4558411927372,27.2795434562661,27.4709385956355,27.4457750460266,27.5262770971775,27.4206054372245,27.5765594326333,27.4457750460266,27.4206054372245,27.385357797423,27.4407416091366,27.4155707879898,27.4105358961847,27.3047470746531,27.3702480251596,27.3198663256309,27.3198663256309,27.2240740631453,27.2038960613414,27.2139855500982,27.1837141556074,27.1887599981537,27.2240740631453
27.234161600755,27.2392050038562,27.1988509509866,27.1584812802121,27.2291179538628,27.1332422972466,27.1685751630395,27.1332422972466,27.178668068929,27.1584812802121,27.1635283437601,27.1635283437601,27.2745020022695,27.2845846667777,27.2745020022695,27.1887599981537,27.1483864201735,27.2492910788209,27.1887599981537,27.2694603047538,27.2038960613414,27.2190299285684,27.2543337507527,27.2593761790295,27.2694603047538,27.1887599981537,27.2392050038562,27.2845846667777,27.2745020022695,27.3500982617396,27.2896256338382,27.2442481632001,27.2946663574817,27.1483864201735,27.2593761790295,27.2593761790295,27.3450602134443,27.3047470746531,27.2745020022695,27.2644183636851,27.2745020022695,27.3198663256309,27.3148268185636,27.3198663256309,27.1887599981537,27.2795434562661,27.2240740631453,27.2038960613414,27.2089409277006,27.1483864201735,27.2543337507527,27.2492910788209,27.1837141556074,27.1534339723613,27.1180959740562,27.1332422972466,27.1382905826503,27.2089409277006,27.1382905826503,27.3500982617396,27.3500982617396,27.4055007617757,27.3299446101592,27.2442481632001,27.2845846667777,27.309787068249,27.1685751630395,27.1180959740562,27.234161600755,27.2644183636851,27.2543337507527,27.2593761790295,27.1988509509866,27.340021922105,27.3500982617396,27.3047470746531,27.2896256338382,27.2139855500982,27.2694603047538,27.5212475341273,27.2997068377419,27.3299446101592,27.2946663574817,27.3148268185636,27.1685751630395,27.1635283437601,27.1887599981537,27.3249055894848,27.3450602134443,27.355136067025,27.309787068249,27.4105358961847,27.4357079298451,27.5715322863604,27.5665048985609,27.5363354978248,27.3601736293342,27.3249055894848,27.4055007617757,27.5313064183988,27.6619839981682,27.6167679118797,27.6870956122065,27.6921172126096,27.6117426966131,27.5363354978248,27.5212475341273,27.4860338187415,27.5916394226271,27.4206054372245,27.5162177292145,27.5564493982478,27.551421285667,27.5614772692013,27.5916394226271,27.5765594326333,27.5765594326333,27.6418903705064,27.6167679118797,27.4860338187415,27.475970578825,27.5413643354891,27.5162177292145,27.4306740081185,27.5162177292145,27.4457750460266,27.5111876824057,27.4206054372245,27.506157393667,27.551421285667,27.5111876824057,27.5363354978248,27.6720293663216,27.5313064183988,27.6167679118797,27.5564493982478,27.4659063702468,27.3903939025862,27.4256398439229,27.4508082405489,27.3752848587436,27.3652109487011,27.4004653847288,27.4407416091366,27.385357797423,27.475970578825,27.4659063702468,27.551421285667,27.5363354978248,27.4659063702468,27.5614772692013,27.4357079298451,27.3803214494867,27.3652109487011,27.4357079298451,27.4256398439229,27.3903939025862,27.3954297650103,27.3954297650103,27.3349833876879,27.3954297650103,27.3652109487011,27.4105358961847,27.4860338187415,27.4810023198492,27.4810023198492,27.4357079298451,27.5363354978248,27.4608739026253,27.5815863374129,27.6268176187712,27.4860338187415,27.4407416091366,27.4558411927372,27.4407416091366,27.5564493982478,27.5111876824057,27.5765594326333,27.3652109487011,27.3652109487011,27.3652109487011,27.3601736293342,27.3702480251596,27.2745020022695,27.3198663256309,27.4055007617757,27.4206054372245,27.4659063702468,27.3652109487011,27.3500982617396,27.3148268185636,27.4105358961847,27.3349833876879,27.355136067025,27.2291179538628,27.3601736293342,27.2845846667777,27.3148268185636,27.3299446101592,27.385357797423,27.4256398439229,27.385357797423,27.3299446101592,27.2946663574817,27.3500982617396,27.3450602134443,27.2845846667777,27.3047470746531,27.4508082405489,27.4155707879898,27.4457750460266,27.3349833876879,27.4004653847288,27.3249055894848,27.4256398439229,27.340021922105,27.4960960902657,27.3450602134443,27.4558411927372,27.4256398439229,27.4659063702468,27.4608739026253,27.506157393667,27.4860338187415,27.4055007617757,27.4105358961847,27.3702480251596,27.4608739026253,27.4256398439229,27.4608739026253,27.4256398439229,27.4357079298451,27.5765594326333,27.2694603047538,27.3954297650103,27.2291179538628,27.0827459915085,27.2240740631453,27.1988509509866,27.2038960613414
27.0271717776083,27.2291179538628,27.1281937673691,27.1837141556074,27.2038960613414,27.1534339723613,27.178668068929,27.1382905826503,27.1534339723613,27.1332422972466,27.1685751630395,27.1988509509866,27.1887599981537,27.2997068377419,27.1483864201735,27.2543337507527,27.2392050038562,27.1837141556074,27.1584812802121,27.178668068929,27.2593761790295,27.2644183636851,27.3047470746531,27.234161600755,27.037278385539,27.2442481632001,27.2139855500982,27.2593761790295,27.2291179538628,27.1433386236146,27.2543337507527,27.3349833876879,27.234161600755,27.2392050038562,27.1837141556074,27.3903939025862,27.2946663574817,27.3047470746531,27.2694603047538,27.3299446101592,27.1382905826503,27.2795434562661,27.193805596602,27.1736217380844,27.2291179538628,27.2190299285684,27.1685751630395,27.1130467105523,27.1534339723613,27.1736217380844,27.1887599981537,27.1837141556074,27.1332422972466,27.0221181058697,27.0928472100887,27.1079972024379,27.0271717776083,26.9614549073863,27.2845846667777,27.4105358961847,27.3349833876879,27.2997068377419,27.309787068249,27.2896256338382,27.1332422972466,27.1332422972466,27.193805596602,27.2291179538628,27.2745020022695,27.3702480251596,27.3702480251596,27.2593761790295,27.1433386236146,27.3198663256309,27.2593761790295,27.2492910788209,27.2593761790295,27.2543337507527,27.2946663574817,27.3148268185636,27.2997068377419,27.309787068249,27.2139855500982,27.2038960613414,27.2240740631453,27.2492910788209,27.2240740631453,27.2997068377419,27.309787068249,27.3299446101592,27.3702480251596,27.5011268629649,27.4004653847288,27.2946663574817,27.3803214494867,27.4256398439229,27.2694603047538,27.3601736293342,27.4407416091366,27.5564493982478,27.5564493982478,27.5916394226271,27.5463929314253,27.6619839981682,27.651937666319,27.5916394226271,27.5815863374129,27.475970578825,27.506157393667,27.5413643354891,27.5162177292145,27.5665048985609,27.7322813525865,27.5564493982478,27.5212475341273,27.5715322863604,27.5665048985609,27.506157393667,27.5564493982478,27.5011268629649,27.5665048985609,27.4558411927372,27.4810023198492,27.5162177292145,27.4810023198492,27.385357797423,27.4558411927372,27.4206054372245,27.3954297650103,27.4407416091366,27.4860338187415,27.5111876824057,27.5614772692013,27.5111876824057,27.5715322863604,27.4608739026253,27.4105358961847,27.3903939025862,27.3752848587436,27.3803214494867,27.340021922105,27.2644183636851,27.4457750460266,27.4810023198492,27.4709385956355,27.5111876824057,27.4910650755359,27.4155707879898,27.4256398439229,27.4608739026253,27.5011268629649,27.4457750460266,27.4508082405489,27.3652109487011,27.4256398439229,27.4407416091366,27.4256398439229,27.4055007617757,27.3954297650103,27.4206054372245,27.355136067025,27.4709385956355,27.4608739026253,27.4357079298451,27.5413643354891,27.4659063702468,27.5815863374129,27.5463929314253,27.5162177292145,27.6569609527223,27.6117426966131,27.5665048985609,27.4457750460266,27.5815863374129,27.4810023198492,27.506157393667,27.4558411927372,27.3450602134443,27.475970578825,27.3803214494867,27.4256398439229,27.4508082405489,27.4004653847288,27.4155707879898,27.309787068249,27.4206054372245,27.4306740081185,27.4256398439229,27.4357079298451,27.4206054372245,27.4256398439229,27.3702480251596,27.3349833876879,27.3450602134443,27.3500982617396,27.340021922105,27.355136067025,27.3500982617396,27.2745020022695,27.3752848587436,27.3803214494867,27.4256398439229,27.3601736293342,27.4155707879898,27.309787068249,27.340021922105,27.355136067025,27.3652109487011,27.4357079298451,27.2593761790295,27.3803214494867,27.4306740081185,27.4508082405489,27.3752848587436,27.4910650755359,27.4709385956355,27.4659063702468,27.4306740081185,27.5011268629649,27.4508082405489,27.4960960902657,27.5765594326333,27.4810023198492,27.5866130007331,27.5866130007331,27.4206054372245,27.4105358961847,27.4306740081185,27.4256398439229,27.3500982617396,27.4407416091366,27.4407416091366,27.4055007617757,27.3047470746531,27.2997068377419,27.3500982617396,27.2694603047538,27.178668068929,27.1887599981537,27.193805596602
27.2291179538628,27.0928472100887,27.2845846667777,27.1130467105523,27.1736217380844,27.1180959740562,27.1837141556074,27.1584812802121,27.178668068929,27.2190299285684,27.1433386236146,27.1433386236146,27.1534339723613,27.1736217380844,27.1736217380844,27.2492910788209,27.1887599981537,27.1685751630395,27.1635283437601,27.1736217380844,27.1837141556074,27.2291179538628,27.0776950150114,27.1635283437601,27.3198663256309,27.1584812802121,27.2442481632001,27.2442481632001,27.355136067025,27.178668068929,27.355136067025,27.3601736293342,27.3249055894848,27.2492910788209,27.2492910788209,27.2997068377419,27.2896256338382,27.2896256338382,27.2038960613414,27.2442481632001,27.2038960613414,27.3249055894848,27.3198663256309,27.1887599981537,27.234161600755,27.309787068249,27.3249055894848,27.1837141556074,27.2190299285684,27.2240740631453,27.2745020022695,27.2593761790295,27.1433386236146,27.1685751630395,27.1837141556074,27.1584812802121,27.057488660176,27.0019009662915,27.1483864201735,27.3349833876879,27.3903939025862,27.4357079298451,27.475970578825,27.4155707879898,27.3249055894848,27.2896256338382,27.2392050038562,27.2190299285684,27.2291179538628,27.3652109487011,27.340021922105,27.3198663256309,27.2392050038562,27.1584812802121,27.1685751630395,27.3601736293342,27.2442481632001,27.1736217380844,27.3198663256309,27.3652109487011,27.3450602134443,27.340021922105,27.2997068377419,27.2139855500982,27.2492910788209,27.3198663256309,27.2442481632001,27.2946663574817,27.3047470746531,27.3198663256309,27.4709385956355,27.3702480251596,27.4407416091366,27.3903939025862,27.2845846667777,27.4357079298451,27.385357797423,27.3450602134443,27.4960960902657,27.5262770971775,27.5363354978248,27.5413643354891,27.5463929314253,27.5815863374129,27.6670068026902,27.5966656031286,27.5463929314253,27.5162177292145,27.5765594326333,27.4155707879898,27.5111876824057,27.4810023198492,27.6067172400882,27.5262770971775,27.5765594326333,27.4659063702468,27.5815863374129,27.5815863374129,27.5363354978248,27.4608739026253,27.5413643354891,27.5313064183988,27.5162177292145,27.4558411927372,27.4910650755359,27.4407416091366,27.4407416091366,27.4709385956355,27.4105358961847,27.475970578825,27.506157393667,27.3047470746531,27.4960960902657,27.5011268629649,27.4860338187415,27.5262770971775,27.4407416091366,27.4608739026253,27.3752848587436,27.4407416091366,27.3450602134443,27.4407416091366,27.3752848587436,27.3652109487011,27.355136067025,27.4558411927372,27.385357797423,27.4810023198492,27.3601736293342,27.4608739026253,27.4055007617757,27.3299446101592,27.6016915422711,27.3954297650103,27.4407416091366,27.4457750460266,27.3903939025862,27.4206054372245,27.3299446101592,27.3652109487011,27.3299446101592,27.385357797423,27.4004653847288,27.3903939025862,27.506157393667,27.5011268629649,27.506157393667,27.475970578825,27.6418903705064,27.551421285667,27.6016915422711,27.6117426966131,27.6268176187712,27.5463929314253,27.6469141389248,27.5011268629649,27.4910650755359,27.4659063702468,27.4206054372245,27.4558411927372,27.3803214494867,27.3903939025862,27.3198663256309,27.4357079298451,27.340021922105,27.3702480251596,27.3299446101592,27.385357797423,27.4256398439229,27.4357079298451,27.3299446101592,27.3500982617396,27.3500982617396,27.3249055894848,27.309787068249,27.3500982617396,27.3249055894848,27.2593761790295,27.4055007617757,27.2896256338382,27.2896256338382,27.3903939025862,27.3954297650103,27.4709385956355,27.4206054372245,27.4558411927372,27.4306740081185,27.4407416091366,27.340021922105,27.4659063702468,27.3450602134443,27.4407416091366,27.4407416091366,27.4709385956355,27.4860338187415,27.4659063702468,27.4608739026253,27.5313064183988,27.4810023198492,27.4910650755359,27.4910650755359,27.6117426966131,27.5463929314253,27.4960960902657,27.475970578825,27.4709385956355,27.4709385956355,27.4558411927372,27.4407416091366,27.3954297650103,27.4960960902657,27.4256398439229,27.4306740081185,27.2442481632001,27.4256398439229,27.2845846667777,27.1887599981537,27.2694603047538,27.193805596602,27.2896256338382
27.1584812802121,27.1837141556074,27.1534339723613,27.1887599981537,27.1079972024379,27.1332422972466,27.2442481632001,27.2139855500982,27.2644183636851,27.1483864201735,27.1382905826503,27.2795434562661,27.2190299285684,27.2442481632001,27.2745020022695,27.1483864201735,27.1433386236146,27.1281937673691,27.2240740631453,27.3148268185636,27.2139855500982,27.3249055894848,27.3148268185636,27.2745020022695,27.2089409277006,27.3047470746531,27.2442481632001,27.2694603047538,27.1837141556074,27.2694603047538,27.2644183636851,27.2896256338382,27.3954297650103,27.2795434562661,27.2997068377419,27.2492910788209,27.2946663574817,27.2442481632001,27.3652109487011,27.1736217380844,27.1736217380844,27.3450602134443,27.1887599981537,27.1685751630395,27.2745020022695,27.355136067025,27.3249055894848,27.1837141556074,27.1534339723613,27.1281937673691,27.234161600755,27.1534339723613,27.2291179538628,27.0978974522403,27.0726437936639,27.1029474496787,27.1584812802121,27.3803214494867,27.3954297650103,27.4055007617757,27.5564493982478,27.5916394226271,27.3450602134443,27.3652109487011,27.3249055894848,27.3249055894848,27.1382905826503,27.1837141556074,27.1837141556074,27.3702480251596,27.3601736293342,27.4508082405489,27.2593761790295,27.4910650755359,27.5011268629649,27.5011268629649,27.3299446101592,27.3047470746531,27.5916394226271,27.2745020022695,27.2392050038562,27.234161600755,27.1736217380844,27.2745020022695,27.3450602134443,27.2442481632001,27.234161600755,27.2845846667777,27.3299446101592,27.3249055894848,27.4357079298451,27.4004653847288,27.3148268185636,27.4357079298451,27.2896256338382,27.2845846667777,27.3652109487011,27.4407416091366,27.4960960902657,27.5262770971775,27.5463929314253,27.5463929314253,27.5363354978248,27.5665048985609,27.6067172400882,27.5966656031286,27.5966656031286,27.5313064183988,27.4960960902657,27.506157393667,27.3702480251596,27.4860338187415,27.5111876824057,27.5463929314253,27.5111876824057,27.5413643354891,27.475970578825,27.5715322863604,27.5765594326333,27.4457750460266,27.4508082405489,27.4709385956355,27.5262770971775,27.4004653847288,27.5413643354891,27.4105358961847,27.4256398439229,27.4558411927372,27.4055007617757,27.5011268629649,27.4558411927372,27.5665048985609,27.5011268629649,27.6016915422711,27.475970578825,27.3601736293342,27.3652109487011,27.3903939025862,27.5966656031286,27.4306740081185,27.4407416091366,27.3601736293342,27.3903939025862,27.4457750460266,27.3652109487011,27.475970578825,27.4206054372245,27.5715322863604,27.4659063702468,27.4558411927372,27.5463929314253,27.5866130007331,27.4659063702468,27.4508082405489,27.4306740081185,27.3702480251596,27.385357797423,27.4055007617757,27.4155707879898,27.4256398439229,27.4105358961847,27.4357079298451,27.5363354978248,27.4407416091366,27.5463929314253,27.4608739026253,27.4810023198492,27.4910650755359,27.5916394226271,27.5463929314253,27.4457750460266,27.6469141389248,27.5966656031286,27.6268176187712,27.5162177292145,27.5162177292145,27.5162177292145,27.4659063702468,27.4357079298451,27.5111876824057,27.4709385956355,27.4206054372245,27.385357797423,27.4055007617757,27.3652109487011,27.4055007617757,27.4256398439229,27.355136067025,27.4457750460266,27.4306740081185,27.385357797423,27.4407416091366,27.4558411927372,27.355136067025,27.340021922105,27.2492910788209,27.2593761790295,27.3349833876879,27.4306740081185,27.4306740081185,27.4004653847288,27.3450602134443,27.3249055894848,27.2694603047538,27.2694603047538,27.3601736293342,27.355136067025,27.309787068249,27.4155707879898,27.4659063702468,27.4306740081185,27.4910650755359,27.4306740081185,27.4608739026253,27.4608739026253,27.4206054372245,27.4558411927372,27.475970578825,27.4910650755359,27.5313064183988,27.5413643354891,27.5313064183988,27.6016915422711,27.5665048985609,27.5665048985609,27.5715322863604,27.5765594326333,27.4860338187415,27.4256398439229,27.4860338187415,27.4357079298451,27.4256398439229,27.4357079298451,27.2291179538628,27.3954297650103,27.2543337507527,27.3148268185636,27.309787068249,27.2038960613414,27.2038960613414
27.1534339723613,27.178668068929,27.193805596602,27.1483864201735,27.1837141556074,27.1887599981537,27.2190299285684,27.1483864201735,27.2392050038562,27.1483864201735,27.1534339723613,27.1332422972466,27.234161600755,27.2089409277006,27.1736217380844,27.2392050038562,27.2291179538628,27.1382905826503,27.1685751630395,27.1736217380844,27.309787068249,27.1837141556074,27.1483864201735,27.1584812802121,27.2694603047538,27.2240740631453,27.2845846667777,27.3349833876879,27.3299446101592,27.2089409277006,27.3601736293342,27.309787068249,27.340021922105,27.3198663256309,27.3903939025862,27.3752848587436,27.1988509509866,27.2694603047538,27.2543337507527,27.2291179538628,27.2089409277006,27.2543337507527,27.2745020022695,27.1988509509866,27.2896256338382,27.4206054372245,27.2997068377419,27.2745020022695,27.2442481632001,27.1534339723613,27.2492910788209,27.2492910788209,27.1635283437601,27.04738401297,27.0877967231895,27.193805596602,27.1887599981537,27.1736217380844,27.1635283437601,27.3601736293342,27.4055007617757,27.3702480251596,27.4508082405489,27.4357079298451,27.2845846667777,27.3601736293342,27.2543337507527,27.2291179538628,27.2240740631453,27.2795434562661,27.3954297650103,27.4155707879898,27.3702480251596,27.4860338187415,27.4608739026253,27.5111876824057,27.5866130007331,27.5463929314253,27.4810023198492,27.3249055894848,27.3249055894848,27.2997068377419,27.1988509509866,27.3500982617396,27.2392050038562,27.193805596602,27.2139855500982,27.2442481632001,27.2946663574817,27.4558411927372,27.3198663256309,27.340021922105,27.3450602134443,27.2997068377419,27.3249055894848,27.2745020022695,27.2644183636851,27.4558411927372,27.4558411927372,27.5262770971775,27.4457750460266,27.4960960902657,27.5162177292145,27.5715322863604,27.5614772692013,27.5313064183988,27.506157393667,27.475970578825,27.5111876824057,27.506157393667,27.4659063702468,27.2795434562661,27.5463929314253,27.5011268629649,27.506157393667,27.5564493982478,27.5413643354891,27.506157393667,27.5363354978248,27.5614772692013,27.4407416091366,27.4508082405489,27.5162177292145,27.475970578825,27.5614772692013,27.4105358961847,27.3803214494867,27.5262770971775,27.4407416091366,27.5111876824057,27.4055007617757,27.5313064183988,27.5212475341273,27.5262770971775,27.4155707879898,27.4558411927372,27.475970578825,27.4457750460266,27.4105358961847,27.4357079298451,27.4608739026253,27.4206054372245,27.4256398439229,27.4357079298451,27.3954297650103,27.3803214494867,27.3903939025862,27.4508082405489,27.5313064183988,27.4206054372245,27.5011268629649,27.6117426966131,27.4457750460266,27.4055007617757,27.4105358961847,27.3198663256309,27.4105358961847,27.3652109487011,27.3249055894848,27.3652109487011,27.4709385956355,27.4155707879898,27.551421285667,27.4508082405489,27.4508082405489,27.4608739026253,27.3500982617396,27.475970578825,27.6016915422711,27.5665048985609,27.4306740081185,27.4659063702468,27.5011268629649,27.4558411927372,27.506157393667,27.5463929314253,27.5313064183988,27.4810023198492,27.4709385956355,27.4558411927372,27.3752848587436,27.4407416091366,27.4357079298451,27.4105358961847,27.4407416091366,27.4306740081185,27.3500982617396,27.3954297650103,27.3752848587436,27.4306740081185,27.4659063702468,27.4055007617757,27.4004653847288,27.355136067025,27.2291179538628,27.3500982617396,27.4357079298451,27.3652109487011,27.3500982617396,27.355136067025,27.3903939025862,27.4256398439229,27.4910650755359,27.5111876824057,27.3299446101592,27.3500982617396,27.3954297650103,27.4407416091366,27.3954297650103,27.4105358961847,27.5966656031286,27.5162177292145,27.4910650755359,27.4960960902657,27.4457750460266,27.4910650755359,27.4357079298451,27.4306740081185,27.6268176187712,27.506157393667,27.5413643354891,27.7322813525865,27.5463929314253,27.5262770971775,27.6217928859212,27.5313064183988,27.4206054372245,27.4608739026253,27.4860338187415,27.4910650755359,27.3803214494867,27.3500982617396,27.3450602134443,27.3500982617396,27.4105358961847,27.2492910788209,27.2038960613414,27.193805596602,27.2745020022695,27.3803214494867
27.1584812802121,27.1079972024379,27.1281937673691,27.2190299285684,27.1887599981537,27.2190299285684,27.2190299285684,27.2543337507527,27.1534339723613,27.2240740631453,27.1534339723613,27.2038960613414,27.2593761790295,27.309787068249,27.2795434562661,27.1584812802121,27.1433386236146,27.2795434562661,27.309787068249,27.2997068377419,27.2997068377419,27.2139855500982,27.1584812802121,27.1534339723613,27.2492910788209,27.1837141556074,27.3349833876879,27.3500982617396,27.2139855500982,27.3803214494867,27.3652109487011,27.309787068249,27.3752848587436,27.4457750460266,27.4004653847288,27.234161600755,27.2946663574817,27.2038960613414,27.2038960613414,27.3601736293342,27.340021922105,27.3601736293342,27.355136067025,27.2795434562661,27.2291179538628,27.3047470746531,27.2240740631453,27.2593761790295,27.2644183636851,27.2392050038562,27.2492910788209,27.1382905826503,27.1736217380844,27.1079972024379,27.178668068929,27.1332422972466,27.2089409277006,27.2089409277006,27.1837141556074,27.2392050038562,27.385357797423,27.4306740081185,27.385357797423,27.3954297650103,27.4306740081185,27.3450602134443,27.2492910788209,27.2291179538628,27.385357797423,27.2240740631453,27.2795434562661,27.6016915422711,27.5162177292145,27.4608739026253,27.4055007617757,27.5262770971775,27.7423199823454,27.6619839981682,27.4910650755359,27.2593761790295,27.385357797423,27.3148268185636,27.2392050038562,27.309787068249,27.2745020022695,27.2442481632001,27.2442481632001,27.2694603047538,27.2946663574817,27.3249055894848,27.5614772692013,27.4206054372245,27.3450602134443,27.2896256338382,27.3702480251596,27.3249055894848,27.2644183636851,27.4457750460266,27.5212475341273,27.631842110463,27.551421285667,27.4659063702468,27.4960960902657,27.4960960902657,27.5262770971775,27.5111876824057,27.5815863374129,27.5313064183988,27.5111876824057,27.5011268629649,27.5212475341273,27.6117426966131,27.506157393667,27.5614772692013,27.4709385956355,27.651937666319,27.4709385956355,27.551421285667,27.5212475341273,27.4055007617757,27.5262770971775,27.5162177292145,27.5212475341273,27.475970578825,27.5262770971775,27.5011268629649,27.4206054372245,27.4608739026253,27.3349833876879,27.4155707879898,27.4558411927372,27.506157393667,27.4457750460266,27.4709385956355,27.6268176187712,27.5916394226271,27.4256398439229,27.4960960902657,27.506157393667,27.4558411927372,27.5413643354891,27.4407416091366,27.3652109487011,27.4004653847288,27.3450602134443,27.3903939025862,27.4004653847288,27.475970578825,27.4155707879898,27.475970578825,27.5363354978248,27.4457750460266,27.4407416091366,27.4306740081185,27.4306740081185,27.5011268629649,27.3047470746531,27.3349833876879,27.3148268185636,27.4508082405489,27.4558411927372,27.4105358961847,27.4407416091366,27.4357079298451,27.5363354978248,27.506157393667,27.4608739026253,27.5162177292145,27.5262770971775,27.475970578825,27.3702480251596,27.5413643354891,27.4206054372245,27.475970578825,27.4306740081185,27.4105358961847,27.4709385956355,27.5262770971775,27.5463929314253,27.4960960902657,27.3702480251596,27.3601736293342,27.4508082405489,27.4357079298451,27.4608739026253,27.4155707879898,27.4709385956355,27.4055007617757,27.5262770971775,27.4608739026253,27.3652109487011,27.3752848587436,27.4508082405489,27.3652109487011,27.3047470746531,27.3702480251596,27.340021922105,27.3299446101592,27.3249055894848,27.3249055894848,27.3249055894848,27.2845846667777,27.4004653847288,27.3752848587436,27.2795434562661,27.5011268629649,27.3903939025862,27.4055007617757,27.3249055894848,27.3299446101592,27.5262770971775,27.4910650755359,27.4910650755359,27.4155707879898,27.4306740081185,27.3702480251596,27.4659063702468,27.4659063702468,27.5162177292145,27.5162177292145,27.5413643354891,27.5463929314253,27.5363354978248,27.5313064183988,27.5212475341273,27.5011268629649,27.5262770971775,27.5162177292145,27.4407416091366,27.4910650755359,27.4608739026253,27.4256398439229,27.3349833876879,27.4960960902657,27.3652109487011,27.355136067025,27.2543337507527,27.355136067025,27.2392050038562,27.2139855500982
27.2038960613414,27.193805596602,27.1988509509866,27.1029474496787,27.1231449929837,27.1130467105523,27.1433386236146,27.1635283437601,27.234161600755,27.1534339723613,27.1534339723613,27.1584812802121,27.2795434562661,27.2845846667777,27.3198663256309,27.2492910788209,27.309787068249,27.2745020022695,27.3047470746531,27.2997068377419,27.2492910788209,27.2038960613414,27.2442481632001,27.234161600755,27.1332422972466,27.2392050038562,27.2896256338382,27.2644183636851,27.3148268185636,27.3450602134443,27.3047470746531,27.3047470746531,27.2492910788209,27.234161600755,27.4055007617757,27.2139855500982,27.2593761790295,27.2139855500982,27.2593761790295,27.2492910788209,27.1887599981537,27.2593761790295,27.1584812802121,27.3249055894848,27.2442481632001,27.2392050038562,27.2038960613414,27.2997068377419,27.2644183636851,27.2089409277006,27.234161600755,27.2190299285684,27.1029474496787,27.1029474496787,27.052436459084,27.2291179538628,26.9816799008646,27.0019009662915,27.1584812802121,27.3500982617396,27.2593761790295,27.3652109487011,27.3601736293342,27.4155707879898,27.4357079298451,27.4004653847288,27.3148268185636,27.1584812802121,27.2795434562661,27.178668068929,27.3198663256309,27.5463929314253,27.4457750460266,27.4608739026253,27.4256398439229,27.475970578825,27.5564493982478,27.7423199823454,27.5966656031286,27.3903939025862,27.2442481632001,27.2492910788209,27.3047470746531,27.2139855500982,27.2291179538628,27.234161600755,27.2240740631453,27.2291179538628,27.2442481632001,27.3047470746531,27.234161600755,27.3148268185636,27.3198663256309,27.309787068249,27.2291179538628,27.2492910788209,27.2492910788209,27.3752848587436,27.4558411927372,27.6418903705064,27.5463929314253,27.5463929314253,27.4558411927372,27.506157393667,27.506157393667,27.4709385956355,27.4860338187415,27.4860338187415,27.3903939025862,27.4508082405489,27.3601736293342,27.355136067025,27.5313064183988,27.4810023198492,27.5463929314253,27.4910650755359,27.5313064183988,27.4357079298451,27.4256398439229,27.4306740081185,27.4055007617757,27.4810023198492,27.4659063702468,27.5011268629649,27.4155707879898,27.3903939025862,27.4206054372245,27.4306740081185,27.4004653847288,27.4155707879898,27.4155707879898,27.4055007617757,27.4960960902657,27.5463929314253,27.4659063702468,27.5111876824057,27.4659063702468,27.5413643354891,27.4155707879898,27.6016915422711,27.4004653847288,27.340021922105,27.2946663574817,27.3450602134443,27.2896256338382,27.2845846667777,27.3903939025862,27.385357797423,27.385357797423,27.4306740081185,27.4206054372245,27.4860338187415,27.385357797423,27.4206054372245,27.5162177292145,27.475970578825,27.3198663256309,27.385357797423,27.4306740081185,27.3803214494867,27.4508082405489,27.4558411927372,27.5313064183988,27.5866130007331,27.5463929314253,27.5614772692013,27.5262770971775,27.4508082405489,27.4004653847288,27.4306740081185,27.4155707879898,27.4860338187415,27.5011268629649,27.5111876824057,27.6368663610303,27.5815863374129,27.5212475341273,27.5262770971775,27.4810023198492,27.4709385956355,27.4910650755359,27.5413643354891,27.4457750460266,27.3954297650103,27.4659063702468,27.3299446101592,27.4910650755359,27.3903939025862,27.5363354978248,27.4709385956355,27.4558411927372,27.4608739026253,27.4256398439229,27.4810023198492,27.4810023198492,27.4508082405489,27.3601736293342,27.3148268185636,27.340021922105,27.3299446101592,27.4105358961847,27.3752848587436,27.3903939025862,27.4306740081185,27.4558411927372,27.3803214494867,27.3752848587436,27.4306740081185,27.4105358961847,27.506157393667,27.5011268629649,27.4960960902657,27.5564493982478,27.5111876824057,27.5011268629649,27.4306740081185,27.4910650755359,27.506157393667,27.3450602134443,27.4960960902657,27.5866130007331,27.5212475341273,27.5363354978248,27.4960960902657,27.5162177292145,27.5463929314253,27.4457750460266,27.4910650755359,27.4155707879898,27.4910650755359,27.3500982617396,27.4256398439229,27.3249055894848,27.3752848587436,27.3601736293342,27.2291179538628,27.309787068249,27.3450602134443,27.2745020022695,27.3652109487011
27.2644183636851,27.2392050038562,27.2038960613414,27.0978974522403,27.2392050038562,27.1483864201735,27.1534339723613,27.1736217380844,27.234161600755,27.1837141556074,27.1584812802121,27.1180959740562,27.2845846667777,27.2694603047538,27.2543337507527,27.2997068377419,27.0978974522403,27.1736217380844,27.2845846667777,27.2089409277006,27.2291179538628,27.2694603047538,27.3299446101592,27.2240740631453,27.1736217380844,27.2291179538628,27.2845846667777,27.1635283437601,27.340021922105,27.3349833876879,27.3249055894848,27.2644183636851,27.2492910788209,27.2644183636851,27.2694603047538,27.2492910788209,27.2543337507527,27.2694603047538,27.2392050038562,27.340021922105,27.3450602134443,27.2543337507527,27.1584812802121,27.1534339723613,27.3148268185636,27.1887599981537,27.3500982617396,27.3500982617396,27.3803214494867,27.2492910788209,27.1281937673691,27.1433386236146,27.2139855500982,27.1736217380844,27.1231449929837,27.1079972024379,27.1332422972466,27.1029474496787,27.1887599981537,27.193805596602,27.1988509509866,27.2038960613414,27.2795434562661,27.4004653847288,27.3047470746531,27.4558411927372,27.3500982617396,27.2038960613414,27.2543337507527,27.2038960613414,27.4357079298451,27.5564493982478,27.4558411927372,27.4558411927372,27.340021922105,27.4508082405489,27.6117426966131,27.7122012073196,27.6921172126096,27.4004653847288,27.3299446101592,27.2745020022695,27.3249055894848,27.2492910788209,27.2190299285684,27.2593761790295,27.2543337507527,27.2089409277006,27.2190299285684,27.4055007617757,27.4457750460266,27.4055007617757,27.3752848587436,27.2896256338382,27.234161600755,27.234161600755,27.1534339723613,27.475970578825,27.4508082405489,27.5564493982478,27.5413643354891,27.5262770971775,27.4860338187415,27.5564493982478,27.5011268629649,27.4608739026253,27.4055007617757,27.5011268629649,27.4810023198492,27.3752848587436,27.3652109487011,27.3601736293342,27.4960960902657,27.5564493982478,27.4810023198492,27.5262770971775,27.5162177292145,27.5564493982478,27.4608739026253,27.4608739026253,27.4357079298451,27.5614772692013,27.4709385956355,27.3903939025862,27.4206054372245,27.4306740081185,27.475970578825,27.4508082405489,27.3500982617396,27.4306740081185,27.4055007617757,27.5313064183988,27.4508082405489,27.6167679118797,27.5564493982478,27.6117426966131,27.5715322863604,27.5765594326333,27.5262770971775,27.631842110463,27.5665048985609,27.551421285667,27.340021922105,27.3198663256309,27.2997068377419,27.3702480251596,27.2845846667777,27.4306740081185,27.4155707879898,27.340021922105,27.4608739026253,27.4004653847288,27.4457750460266,27.4457750460266,27.4155707879898,27.4256398439229,27.3954297650103,27.3198663256309,27.355136067025,27.4457750460266,27.4508082405489,27.4558411927372,27.551421285667,27.5665048985609,27.4357079298451,27.4206054372245,27.4659063702468,27.4608739026253,27.4407416091366,27.4709385956355,27.4105358961847,27.3652109487011,27.385357797423,27.4306740081185,27.4709385956355,27.4709385956355,27.4457750460266,27.4709385956355,27.4608739026253,27.4709385956355,27.5715322863604,27.4407416091366,27.4256398439229,27.3702480251596,27.385357797423,27.3954297650103,27.3954297650103,27.3349833876879,27.5866130007331,27.4608739026253,27.5212475341273,27.506157393667,27.4709385956355,27.4810023198492,27.2997068377419,27.4709385956355,27.3299446101592,27.2644183636851,27.4055007617757,27.309787068249,27.3047470746531,27.2896256338382,27.3349833876879,27.355136067025,27.3198663256309,27.3349833876879,27.3903939025862,27.3954297650103,27.3601736293342,27.4256398439229,27.3752848587436,27.4608739026253,27.4608739026253,27.4105358961847,27.475970578825,27.3903939025862,27.4155707879898,27.4608739026253,27.6217928859212,27.4558411927372,27.4709385956355,27.5162177292145,27.5262770971775,27.4709385956355,27.551421285667,27.5011268629649,27.5262770971775,27.4608739026253,27.4206054372245,27.4608739026253,27.475970578825,27.4810023198492,27.2946663574817,27.3500982617396,27.355136067025,27.2240740631453,27.340021922105,27.2038960613414,27.2492910788209,27.2442481632001
27.1029474496787,27.1029474496787,27.193805596602,27.2392050038562,27.1736217380844,27.1685751630395,27.2745020022695,27.1988509509866,27.1635283437601,27.2845846667777,27.193805596602,27.2896256338382,27.1635283437601,27.1685751630395,27.2543337507527,27.2745020022695,27.355136067025,27.2190299285684,27.2492910788209,27.3047470746531,27.2291179538628,27.2291179538628,27.2492910788209,27.1584812802121,27.2644183636851,27.2745020022695,27.2089409277006,27.2946663574817,27.2442481632001,27.2644183636851,27.2745020022695,27.2845846667777,27.2442481632001,27.2644183636851,27.2644183636851,27.2745020022695,27.2694603047538,27.1635283437601,27.2392050038562,27.1887599981537,27.309787068249,27.2795434562661,27.2694603047538,27.2795434562661,27.2845846667777,27.2845846667777,27.4055007617757,27.4709385956355,27.385357797423,27.355136067025,27.2946663574817,27.2896256338382,27.1130467105523,27.2139855500982,27.0120100266741,27.1534339723613,27.1180959740562,27.2038960613414,27.1231449929837,27.2745020022695,27.4055007617757,27.2997068377419,27.340021922105,27.3803214494867,27.3652109487011,27.3702480251596,27.309787068249,27.2745020022695,27.309787068249,27.3148268185636,27.4306740081185,27.4910650755359,27.4508082405489,27.4256398439229,27.3148268185636,27.4860338187415,27.4508082405489,27.5966656031286,27.6971385722891,27.6217928859212,27.506157393667,27.2896256338382,27.2190299285684,27.4206054372245,27.2089409277006,27.3249055894848,27.0776950150114,27.2190299285684,27.1281937673691,27.309787068249,27.4407416091366,27.3198663256309,27.2392050038562,27.193805596602,27.1433386236146,27.1534339723613,27.4105358961847,27.3954297650103,27.4457750460266,27.5564493982478,27.5463929314253,27.5463929314253,27.5262770971775,27.5011268629649,27.4810023198492,27.5111876824057,27.4810023198492,27.4709385956355,27.4659063702468,27.4910650755359,27.475970578825,27.5765594326333,27.4910650755359,27.6217928859212,27.5463929314253,27.4457750460266,27.4256398439229,27.5262770971775,27.4709385956355,27.5111876824057,27.4256398439229,27.4960960902657,27.4457750460266,27.4810023198492,27.4357079298451,27.4407416091366,27.4256398439229,27.4860338187415,27.4659063702468,27.3954297650103,27.4508082405489,27.5966656031286,27.5262770971775,27.5313064183988,27.631842110463,27.6167679118797,27.5966656031286,27.6469141389248,27.6016915422711,27.6469141389248,27.6418903705064,27.5212475341273,27.4206054372245,27.4004653847288,27.4608739026253,27.309787068249,27.4105358961847,27.4659063702468,27.4659063702468,27.4659063702468,27.4155707879898,27.4608739026253,27.385357797423,27.4407416091366,27.4306740081185,27.3903939025862,27.4155707879898,27.3702480251596,27.4357079298451,27.4457750460266,27.4608739026253,27.475970578825,27.5614772692013,27.5966656031286,27.5815863374129,27.4206054372245,27.5212475341273,27.5363354978248,27.4256398439229,27.4558411927372,27.4155707879898,27.4558411927372,27.4457750460266,27.4004653847288,27.4910650755359,27.6217928859212,27.5614772692013,27.5413643354891,27.5765594326333,27.5363354978248,27.4860338187415,27.4457750460266,27.5011268629649,27.385357797423,27.4105358961847,27.4155707879898,27.4508082405489,27.3803214494867,27.4860338187415,27.4558411927372,27.4306740081185,27.4155707879898,27.4155707879898,27.4155707879898,27.4709385956355,27.4810023198492,27.4206054372245,27.234161600755,27.4105358961847,27.3903939025862,27.4105358961847,27.3047470746531,27.3601736293342,27.4357079298451,27.340021922105,27.4508082405489,27.3349833876879,27.309787068249,27.4256398439229,27.5313064183988,27.4306740081185,27.4306740081185,27.4558411927372,27.5111876824057,27.5111876824057,27.5111876824057,27.4306740081185,27.4457750460266,27.4709385956355,27.4407416091366,27.5011268629649,27.4709385956355,27.4860338187415,27.4709385956355,27.4810023198492,27.4608739026253,27.4960960902657,27.5363354978248,27.4910650755359,27.4608739026253,27.3500982617396,27.5011268629649,27.4558411927372,27.4357079298451,27.3500982617396,27.3249055894848,27.2795434562661,27.2392050038562,27.2492910788209,27.2442481632001
27.193805596602,27.1433386236146,27.178668068929,27.3299446101592,27.1887599981537,27.2745020022695,27.193805596602,27.2038960613414,27.2139855500982,27.1887599981537,27.2644183636851,27.2845846667777,27.3249055894848,27.2392050038562,27.2694603047538,27.3450602134443,27.3601736293342,27.2593761790295,27.2240740631453,27.234161600755,27.2240740631453,27.2795434562661,27.2593761790295,27.178668068929,27.1988509509866,27.2492910788209,27.2392050038562,27.3299446101592,27.355136067025,27.3500982617396,27.2543337507527,27.3450602134443,27.2997068377419,27.3047470746531,27.3803214494867,27.2745020022695,27.2644183636851,27.2190299285684,27.2795434562661,27.2392050038562,27.2543337507527,27.2845846667777,27.2442481632001,27.340021922105,27.3450602134443,27.309787068249,27.2492910788209,27.355136067025,27.2492910788209,27.3249055894848,27.3349833876879,27.2946663574817,27.1231449929837,27.1382905826503,27.193805596602,27.1332422972466,27.2795434562661,27.178668068929,27.1635283437601,27.2038960613414,27.2845846667777,27.3198663256309,27.2946663574817,27.3903939025862,27.3702480251596,27.3652109487011,27.2997068377419,27.3249055894848,27.3249055894848,27.3198663256309,27.3148268185636,27.4206054372245,27.355136067025,27.4407416091366,27.3903939025862,27.4508082405489,27.4055007617757,27.4357079298451,27.4457750460266,27.7071805696107,27.5463929314253,27.4206054372245,27.3652109487011,27.2139855500982,27.3349833876879,27.3198663256309,27.2089409277006,27.0978974522403,27.2694603047538,27.2745020022695,27.2845846667777,27.2644183636851,27.3148268185636,27.2997068377419,27.1635283437601,27.1736217380844,27.4558411927372,27.3601736293342,27.4508082405489,27.5363354978248,27.6217928859212,27.6619839981682,27.4910650755359,27.4709385956355,27.4709385956355,27.355136067025,27.551421285667,27.3652109487011,27.3954297650103,27.4810023198492,27.4155707879898,27.3752848587436,27.4608739026253,27.506157393667,27.5262770971775,27.551421285667,27.4810023198492,27.4457750460266,27.4558411927372,27.4256398439229,27.4357079298451,27.4155707879898,27.4709385956355,27.4055007617757,27.5212475341273,27.4004653847288,27.4256398439229,27.4004653847288,27.4457750460266,27.5212475341273,27.4508082405489,27.506157393667,27.5111876824057,27.6117426966131,27.6016915422711,27.6067172400882,27.6720293663216,27.6971385722891,27.6870956122065,27.7122012073196,27.6921172126096,27.5715322863604,27.4860338187415,27.3803214494867,27.3450602134443,27.2745020022695,27.2946663574817,27.385357797423,27.4457750460266,27.4860338187415,27.5011268629649,27.4709385956355,27.4558411927372,27.4357079298451,27.4256398439229,27.309787068249,27.3752848587436,27.3954297650103,27.4508082405489,27.4155707879898,27.5262770971775,27.5966656031286,27.551421285667,27.5665048985609,27.4659063702468,27.5715322863604,27.4407416091366,27.3903939025862,27.4306740081185,27.4860338187415,27.4155707879898,27.4105358961847,27.4910650755359,27.4608739026253,27.5815863374129,27.5966656031286,27.6569609527223,27.4910650755359,27.6720293663216,27.4910650755359,27.6870956122065,27.5665048985609,27.3752848587436,27.4608739026253,27.4206054372245,27.4055007617757,27.4306740081185,27.5715322863604,27.4256398439229,27.4407416091366,27.5765594326333,27.5162177292145,27.4960960902657,27.4608739026253,27.475970578825,27.385357797423,27.4105358961847,27.340021922105,27.4155707879898,27.2997068377419,27.3903939025862,27.4004653847288,27.3148268185636,27.3148268185636,27.309787068249,27.355136067025,27.309787068249,27.4407416091366,27.4004653847288,27.4055007617757,27.4306740081185,27.506157393667,27.5363354978248,27.5262770971775,27.506157393667,27.4155707879898,27.3702480251596,27.4155707879898,27.5262770971775,27.4810023198492,27.4256398439229,27.5262770971775,27.475970578825,27.475970578825,27.5162177292145,27.4860338187415,27.4960960902657,27.4105358961847,27.3450602134443,27.340021922105,27.4004653847288,27.3954297650103,27.3450602134443,27.2997068377419,27.2946663574817,27.234161600755,27.234161600755,27.2190299285684,27.1988509509866,27.1180959740562
27.0877967231895,27.1837141556074,27.0928472100887,27.0827459915085,27.1837141556074,27.1635283437601,27.2038960613414,27.2038960613414,27.2392050038562,27.1736217380844,27.2845846667777,27.3047470746531,27.3299446101592,27.2795434562661,27.1382905826503,27.3500982617396,27.3752848587436,27.2694603047538,27.2745020022695,27.0776950150114,27.2946663574817,27.2745020022695,27.1685751630395,27.1635283437601,27.1685751630395,27.2795434562661,27.2492910788209,27.2392050038562,27.2392050038562,27.2442481632001,27.4206054372245,27.2593761790295,27.3249055894848,27.2795434562661,27.2593761790295,27.2795434562661,27.340021922105,27.1635283437601,27.2291179538628,27.2644183636851,27.3198663256309,27.2190299285684,27.1837141556074,27.2442481632001,27.234161600755,27.2492910788209,27.234161600755,27.2593761790295,27.3803214494867,27.234161600755,27.2896256338382,27.2139855500982,27.0928472100887,27.0827459915085,27.2089409277006,27.2240740631453,27.0877967231895,27.2139855500982,27.1433386236146,27.1483864201735,27.1635283437601,27.309787068249,27.1887599981537,27.2694603047538,27.2593761790295,27.3349833876879,27.2845846667777,27.3601736293342,27.3752848587436,27.2694603047538,27.4860338187415,27.5011268629649,27.355136067025,27.4206054372245,27.309787068249,27.4105358961847,27.2593761790295,27.309787068249,27.4558411927372,27.5715322863604,27.5313064183988,27.4709385956355,27.3047470746531,27.340021922105,27.234161600755,27.2190299285684,27.3601736293342,27.1584812802121,27.1736217380844,27.2694603047538,27.3752848587436,27.2139855500982,27.1837141556074,27.3198663256309,27.3198663256309,27.3249055894848,27.385357797423,27.3198663256309,27.4508082405489,27.4508082405489,27.4457750460266,27.4608739026253,27.5815863374129,27.4709385956355,27.5614772692013,27.4206054372245,27.4004653847288,27.4659063702468,27.3652109487011,27.475970578825,27.3752848587436,27.5614772692013,27.631842110463,27.5765594326333,27.5363354978248,27.5413643354891,27.4709385956355,27.4306740081185,27.5463929314253,27.4256398439229,27.4357079298451,27.4508082405489,27.4004653847288,27.3954297650103,27.3803214494867,27.385357797423,27.4155707879898,27.5916394226271,27.4860338187415,27.5011268629649,27.4457750460266,27.5815863374129,27.631842110463,27.7222417610001,27.5111876824057,27.7272616770383,27.7322813525865,27.6921172126096,27.7222417610001,27.5715322863604,27.7222417610001,27.7021596912783,27.4357079298451,27.4306740081185,27.3601736293342,27.5262770971775,27.2795434562661,27.4608739026253,27.3903939025862,27.5715322863604,27.5413643354891,27.5363354978248,27.475970578825,27.4004653847288,27.4860338187415,27.3803214494867,27.3803214494867,27.4105358961847,27.4407416091366,27.4558411927372,27.5966656031286,27.6016915422711,27.5966656031286,27.4810023198492,27.5815863374129,27.5765594326333,27.5262770971775,27.4357079298451,27.4810023198492,27.4860338187415,27.4105358961847,27.4155707879898,27.5564493982478,27.5212475341273,27.506157393667,27.6971385722891,27.5966656031286,27.6268176187712,27.5614772692013,27.6217928859212,27.4910650755359,27.4810023198492,27.4709385956355,27.475970578825,27.4659063702468,27.3903939025862,27.4055007617757,27.5162177292145,27.4709385956355,27.4155707879898,27.4306740081185,27.5413643354891,27.4306740081185,27.475970578825,27.4709385956355,27.4256398439229,27.3601736293342,27.3249055894848,27.4055007617757,27.3249055894848,27.3299446101592,27.309787068249,27.4357079298451,27.3198663256309,27.4709385956355,27.2946663574817,27.3299446101592,27.3702480251596,27.340021922105,27.4508082405489,27.4105358961847,27.4357079298451,27.4256398439229,27.4206054372245,27.5162177292145,27.5162177292145,27.4256398439229,27.4608739026253,27.4608739026253,27.4306740081185,27.5011268629649,27.5162177292145,27.4608739026253,27.5866130007331,27.4910650755359,27.5614772692013,27.4659063702468,27.4810023198492,27.4508082405489,27.4457750460266,27.4256398439229,27.2896256338382,27.3349833876879,27.355136067025,27.309787068249,27.2997068377419,27.2997068377419,27.2392050038562,27.2190299285684,27.1483864201735
27.0978974522403,27.1736217380844,27.2795434562661,27.2139855500982,27.1988509509866,27.2291179538628,27.2745020022695,27.2593761790295,27.178668068929,27.2089409277006,27.1887599981537,27.3198663256309,27.3903939025862,27.3652109487011,27.3450602134443,27.3148268185636,27.2946663574817,27.3198663256309,27.2291179538628,27.2038960613414,27.309787068249,27.309787068249,27.3148268185636,27.2492910788209,27.1635283437601,27.2997068377419,27.2442481632001,27.2795434562661,27.2442481632001,27.3148268185636,27.2644183636851,27.2593761790295,27.3148268185636,27.2795434562661,27.2946663574817,27.340021922105,27.2492910788209,27.2845846667777,27.3148268185636,27.2139855500982,27.2946663574817,27.2038960613414,27.2745020022695,27.2997068377419,27.2442481632001,27.2291179538628,27.2694603047538,27.3349833876879,27.3198663256309,27.1483864201735,27.309787068249,27.2291179538628,27.1584812802121,27.2997068377419,27.1736217380844,27.2139855500982,27.2392050038562,27.2190299285684,27.234161600755,27.2845846667777,27.1635283437601,27.1887599981537,27.1332422972466,27.234161600755,27.2795434562661,27.2038960613414,27.193805596602,27.2038960613414,27.3702480251596,27.3249055894848,27.5463929314253,27.355136067025,27.3954297650103,27.3803214494867,27.3299446101592,27.2240740631453,27.234161600755,27.3249055894848,27.4055007617757,27.4105358961847,27.4457750460266,27.5665048985609,27.5363354978248,27.355136067025,27.3601736293342,27.3249055894848,27.3299446101592,27.1736217380844,27.1382905826503,27.3148268185636,27.2291179538628,27.1736217380844,27.2997068377419,27.2089409277006,27.3148268185636,27.3299446101592,27.340021922105,27.4105358961847,27.4357079298451,27.4457750460266,27.4659063702468,27.4860338187415,27.551421285667,27.5614772692013,27.5614772692013,27.4960960902657,27.4608739026253,27.5363354978248,27.4206054372245,27.4558411927372,27.4357079298451,27.6268176187712,27.631842110463,27.5162177292145,27.5162177292145,27.5262770971775,27.5262770971775,27.4960960902657,27.5111876824057,27.5313064183988,27.4256398439229,27.3954297650103,27.4457750460266,27.4357079298451,27.2089409277006,27.4306740081185,27.6368663610303,27.631842110463,27.5765594326333,27.5815863374129,27.5463929314253,27.5815863374129,27.6217928859212,27.7473389366228,27.7423199823454,27.7272616770383,27.7473389366228,27.7222417610001,27.7322813525865,27.7322813525865,27.7423199823454,27.7423199823454,27.5463929314253,27.3954297650103,27.4155707879898,27.3652109487011,27.3450602134443,27.4306740081185,27.4608739026253,27.6217928859212,27.6921172126096,27.6720293663216,27.4709385956355,27.385357797423,27.5011268629649,27.4810023198492,27.4960960902657,27.4860338187415,27.4357079298451,27.5665048985609,27.5765594326333,27.6016915422711,27.5715322863604,27.5614772692013,27.5815863374129,27.551421285667,27.5111876824057,27.506157393667,27.4810023198492,27.4860338187415,27.4457750460266,27.4256398439229,27.5011268629649,27.4608739026253,27.5564493982478,27.6469141389248,27.5715322863604,27.6670068026902,27.631842110463,27.651937666319,27.5614772692013,27.551421285667,27.4659063702468,27.4558411927372,27.4659063702468,27.5614772692013,27.6016915422711,27.4508082405489,27.5162177292145,27.4407416091366,27.385357797423,27.4457750460266,27.4659063702468,27.4910650755359,27.4709385956355,27.4709385956355,27.3299446101592,27.4055007617757,27.2946663574817,27.3702480251596,27.4357079298451,27.3198663256309,27.3601736293342,27.3249055894848,27.3349833876879,27.3249055894848,27.3601736293342,27.3954297650103,27.4558411927372,27.4105358961847,27.506157393667,27.4206054372245,27.4306740081185,27.4960960902657,27.4558411927372,27.309787068249,27.5111876824057,27.4306740081185,27.3601736293342,27.4860338187415,27.5262770971775,27.4508082405489,27.5011268629649,27.5262770971775,27.475970578825,27.4810023198492,27.4709385956355,27.5011268629649,27.4457750460266,27.3500982617396,27.5262770971775,27.340021922105,27.3198663256309,27.3601736293342,27.2543337507527,27.3198663256309,27.2946663574817,27.1988509509866,27.2946663574817,27.2946663574817
27.1988509509866,27.193805596602,27.1685751630395,27.178668068929,27.193805596602,27.2240740631453,27.2291179538628,27.2139855500982,27.2543337507527,27.2442481632001,27.2795434562661,27.2946663574817,27.2845846667777,27.3500982617396,27.2745020022695,27.2543337507527,27.2946663574817,27.2139855500982,27.309787068249,27.178668068929,27.2291179538628,27.3047470746531,27.3500982617396,27.1584812802121,27.1685751630395,27.309787068249,27.2492910788209,27.3047470746531,27.3299446101592,27.355136067025,27.3652109487011,27.3299446101592,27.3652109487011,27.2795434562661,27.3752848587436,27.2795434562661,27.2795434562661,27.2745020022695,27.2997068377419,27.2089409277006,27.2392050038562,27.2593761790295,27.2190299285684,27.3047470746531,27.2392050038562,27.2694603047538,27.2946663574817,27.3249055894848,27.2896256338382,27.3652109487011,27.2795434562661,27.2392050038562,27.1635283437601,27.1029474496787,27.234161600755,27.2593761790295,27.234161600755,27.1887599981537,27.1483864201735,27.1635283437601,27.2240740631453,27.2644183636851,27.3903939025862,27.2190299285684,27.2896256338382,27.2795434562661,27.2694603047538,27.1837141556074,27.2442481632001,27.4206054372245,27.551421285667,27.506157393667,27.385357797423,27.3903939025862,27.3198663256309,27.2795434562661,27.309787068249,27.355136067025,27.3047470746531,27.3148268185636,27.5665048985609,27.4659063702468,27.4659063702468,27.4608739026253,27.3249055894848,27.3249055894848,27.1483864201735,27.3047470746531,27.3047470746531,27.309787068249,27.2795434562661,27.2644183636851,27.2543337507527,27.2543337507527,27.2442481632001,27.3249055894848,27.340021922105,27.3903939025862,27.385357797423,27.4357079298451,27.4357079298451,27.5011268629649,27.6016915422711,27.4407416091366,27.4357079298451,27.506157393667,27.4155707879898,27.4004653847288,27.4457750460266,27.5111876824057,27.551421285667,27.6368663610303,27.4357079298451,27.4407416091366,27.4608739026253,27.4155707879898,27.4558411927372,27.4407416091366,27.551421285667,27.4256398439229,27.4810023198492,27.5111876824057,27.3349833876879,27.3903939025862,27.4910650755359,27.4659063702468,27.6016915422711,27.5815863374129,27.5614772692013,27.651937666319,27.5715322863604,27.6067172400882,27.7623943574465,27.7674123504958,27.5966656031286,27.6217928859212,27.7724301033211,27.6770516890958,27.6469141389248,27.7021596912783,27.7172216044382,27.7523576505433,27.5011268629649,27.5162177292145,27.3803214494867,27.4055007617757,27.340021922105,27.4357079298451,27.4357079298451,27.5866130007331,27.6870956122065,27.6921172126096,27.5916394226271,27.5363354978248,27.5363354978248,27.4407416091366,27.5111876824057,27.4960960902657,27.6217928859212,27.6368663610303,27.6117426966131,27.6067172400882,27.7322813525865,27.631842110463,27.6217928859212,27.5564493982478,27.5715322863604,27.5564493982478,27.5665048985609,27.5363354978248,27.5463929314253,27.5413643354891,27.5262770971775,27.506157393667,27.6167679118797,27.5815863374129,27.4860338187415,27.631842110463,27.5765594326333,27.4860338187415,27.6268176187712,27.6117426966131,27.5262770971775,27.4508082405489,27.4960960902657,27.5162177292145,27.5313064183988,27.5463929314253,27.5614772692013,27.5866130007331,27.4105358961847,27.5313064183988,27.5715322863604,27.5011268629649,27.4910650755359,27.3500982617396,27.3601736293342,27.340021922105,27.3752848587436,27.4004653847288,27.3803214494867,27.4105358961847,27.3500982617396,27.3349833876879,27.385357797423,27.355136067025,27.4960960902657,27.4206054372245,27.4709385956355,27.6870956122065,27.5564493982478,27.3954297650103,27.4608739026253,27.4004653847288,27.5866130007331,27.6368663610303,27.5111876824057,27.4306740081185,27.4960960902657,27.5011268629649,27.5313064183988,27.5262770971775,27.4558411927372,27.5866130007331,27.4810023198492,27.5313064183988,27.5162177292145,27.4960960902657,27.5162177292145,27.5313064183988,27.5212475341273,27.4810023198492,27.4004653847288,27.4256398439229,27.5162177292145,27.2392050038562,27.2190299285684,27.1887599981537,27.178668068929,27.1685751630395
27.1887599981537,27.1887599981537,27.178668068929,27.193805596602,27.2492910788209,27.1837141556074,27.234161600755,27.1736217380844,27.1887599981537,27.1837141556074,27.2795434562661,27.1483864201735,27.3652109487011,27.2795434562661,27.1736217380844,27.1483864201735,27.1079972024379,27.3198663256309,27.2896256338382,27.2593761790295,27.2896256338382,27.2896256338382,27.1534339723613,27.2392050038562,27.1584812802121,27.2442481632001,27.2392050038562,27.3148268185636,27.4306740081185,27.2492910788209,27.2896256338382,27.2745020022695,27.4457750460266,27.3752848587436,27.2795434562661,27.2139855500982,27.2694603047538,27.2190299285684,27.1837141556074,27.3198663256309,27.3047470746531,27.2038960613414,27.2946663574817,27.2997068377419,27.2543337507527,27.193805596602,27.2745020022695,27.2997068377419,27.3249055894848,27.193805596602,27.3047470746531,27.2896256338382,27.1483864201735,27.1736217380844,27.3148268185636,27.1534339723613,27.2694603047538,27.2291179538628,27.2492910788209,27.1534339723613,27.1685751630395,27.1988509509866,27.2492910788209,27.2089409277006,27.2190299285684,27.1685751630395,27.1584812802121,27.2896256338382,27.2644183636851,27.3652109487011,27.4004653847288,27.3702480251596,27.4004653847288,27.3601736293342,27.2240740631453,27.2694603047538,27.2291179538628,27.2291179538628,27.3198663256309,27.340021922105,27.340021922105,27.3450602134443,27.3299446101592,27.4508082405489,27.3148268185636,27.3047470746531,27.1281937673691,27.2593761790295,27.1534339723613,27.4508082405489,27.3047470746531,27.2694603047538,27.1988509509866,27.4608739026253,27.3803214494867,27.355136067025,27.3249055894848,27.4155707879898,27.4155707879898,27.3349833876879,27.4055007617757,27.4407416091366,27.6217928859212,27.4407416091366,27.506157393667,27.4407416091366,27.5212475341273,27.475970578825,27.4457750460266,27.4960960902657,27.5564493982478,27.7724301033211,27.5363354978248,27.5413643354891,27.475970578825,27.4407416091366,27.4508082405489,27.5665048985609,27.4105358961847,27.3601736293342,27.3198663256309,27.3652109487011,27.355136067025,27.475970578825,27.475970578825,27.4960960902657,27.5866130007331,27.7523576505433,27.7523576505433,27.5916394226271,27.7674123504958,27.6016915422711,27.6921172126096,27.631842110463,27.631842110463,27.6469141389248,27.8025315774346,27.8225944265762,27.7322813525865,27.7473389366228,27.7623943574465,27.7373007876777,27.5363354978248,27.5111876824057,27.5162177292145,27.506157393667,27.5212475341273,27.4407416091366,27.4508082405489,27.5866130007331,27.5564493982478,27.631842110463,27.5011268629649,27.6117426966131,27.6067172400882,27.5715322863604,27.4105358961847,27.551421285667,27.6067172400882,27.475970578825,27.551421285667,27.6167679118797,27.6067172400882,27.6418903705064,27.6217928859212,27.6067172400882,27.6268176187712,27.6268176187712,27.5765594326333,27.4910650755359,27.5866130007331,27.4810023198492,27.6217928859212,27.5665048985609,27.6067172400882,27.5815863374129,27.7122012073196,27.6469141389248,27.5111876824057,27.6217928859212,27.7122012073196,27.5966656031286,27.5815863374129,27.5564493982478,27.6117426966131,27.4810023198492,27.5815863374129,27.5765594326333,27.5866130007331,27.551421285667,27.475970578825,27.5765594326333,27.5815863374129,27.5212475341273,27.5715322863604,27.4810023198492,27.4508082405489,27.4256398439229,27.4810023198492,27.4105358961847,27.4709385956355,27.3752848587436,27.3652109487011,27.4004653847288,27.4105358961847,27.385357797423,27.3349833876879,27.4105358961847,27.3954297650103,27.5916394226271,27.475970578825,27.6117426966131,27.5715322863604,27.6167679118797,27.5463929314253,27.631842110463,27.5715322863604,27.4860338187415,27.4810023198492,27.5765594326333,27.5966656031286,27.5715322863604,27.5262770971775,27.5463929314253,27.5363354978248,27.475970578825,27.5212475341273,27.5212475341273,27.4558411927372,27.3954297650103,27.355136067025,27.3601736293342,27.5363354978248,27.4357079298451,27.4357079298451,27.3450602134443,27.2644183636851,27.3349833876879,27.4155707879898,27.2492910788209
27.1685751630395,27.1837141556074,27.1837141556074,27.193805596602,27.2038960613414,27.1837141556074,27.1887599981537,27.1837141556074,27.2392050038562,27.1887599981537,27.178668068929,27.3299446101592,27.2644183636851,27.3702480251596,27.2845846667777,27.2845846667777,27.2896256338382,27.0827459915085,27.2089409277006,27.3047470746531,27.2745020022695,27.4105358961847,27.2644183636851,27.2593761790295,27.2492910788209,27.2845846667777,27.2139855500982,27.3349833876879,27.3903939025862,27.2442481632001,27.3047470746531,27.4306740081185,27.4306740081185,27.4407416091366,27.3601736293342,27.2845846667777,27.2492910788209,27.1685751630395,27.1736217380844,27.2038960613414,27.2139855500982,27.2946663574817,27.1988509509866,27.2089409277006,27.2644183636851,27.3047470746531,27.2593761790295,27.2593761790295,27.3198663256309,27.3148268185636,27.2492910788209,27.2038960613414,27.2038960613414,27.193805596602,27.2240740631453,27.2694603047538,27.2492910788209,27.2392050038562,27.1433386236146,27.1988509509866,27.2745020022695,27.2240740631453,27.1837141556074,27.2291179538628,27.2038960613414,27.1837141556074,27.178668068929,27.2593761790295,27.2644183636851,27.234161600755,27.340021922105,27.3803214494867,27.3349833876879,27.193805596602,27.2240740631453,27.2190299285684,27.2492910788209,27.2644183636851,27.2492910788209,27.3601736293342,27.3702480251596,27.3249055894848,27.3500982617396,27.3752848587436,27.3803214494867,27.2442481632001,27.1988509509866,27.2946663574817,27.2543337507527,27.2896256338382,27.2845846667777,27.178668068929,27.2139855500982,27.2139855500982,27.2543337507527,27.2492910788209,27.2392050038562,27.3652109487011,27.3299446101592,27.4407416091366,27.3652109487011,27.4206054372245,27.5111876824057,27.4306740081185,27.4256398439229,27.4256398439229,27.4457750460266,27.4659063702468,27.4155707879898,27.4206054372245,27.5765594326333,27.7724301033211,27.6268176187712,27.5614772692013,27.4910650755359,27.4810023198492,27.4608739026253,27.3702480251596,27.5011268629649,27.3198663256309,27.340021922105,27.5363354978248,27.4004653847288,27.4960960902657,27.4709385956355,27.6217928859212,27.651937666319,27.837639044803,27.7373007876777,27.7874819207868,27.6971385722891,27.7172216044382,27.777447615956,27.6016915422711,27.6418903705064,27.7423199823454,27.7674123504958,27.8175790741614,27.7222417610001,27.8777474797793,27.7373007876777,27.7674123504958,27.6067172400882,27.551421285667,27.4306740081185,27.4457750460266,27.4105358961847,27.3652109487011,27.4306740081185,27.5313064183988,27.5614772692013,27.6368663610303,27.651937666319,27.6268176187712,27.4810023198492,27.5564493982478,27.6368663610303,27.5011268629649,27.5966656031286,27.5011268629649,27.5765594326333,27.6368663610303,27.5815863374129,27.631842110463,27.6016915422711,27.6368663610303,27.6117426966131,27.6167679118797,27.5413643354891,27.506157393667,27.4608739026253,27.4860338187415,27.5866130007331,27.5765594326333,27.6067172400882,27.6016915422711,27.5715322863604,27.5011268629649,27.5363354978248,27.651937666319,27.6418903705064,27.6217928859212,27.6870956122065,27.5966656031286,27.5212475341273,27.6016915422711,27.5463929314253,27.5413643354891,27.5262770971775,27.5916394226271,27.4659063702468,27.5262770971775,27.651937666319,27.5212475341273,27.5815863374129,27.4910650755359,27.3903939025862,27.4105358961847,27.4457750460266,27.4055007617757,27.4306740081185,27.4810023198492,27.4055007617757,27.3954297650103,27.3198663256309,27.4910650755359,27.4306740081185,27.3803214494867,27.506157393667,27.5564493982478,27.4960960902657,27.6670068026902,27.651937666319,27.651937666319,27.6418903705064,27.5765594326333,27.5413643354891,27.5413643354891,27.5212475341273,27.5463929314253,27.5715322863604,27.5463929314253,27.5212475341273,27.5313064183988,27.5313064183988,27.5262770971775,27.4457750460266,27.4105358961847,27.4155707879898,27.4810023198492,27.3903939025862,27.4457750460266,27.3752848587436,27.4004653847288,27.3903939025862,27.3249055894848,27.3500982617396,27.3349833876879,27.2593761790295,27.3299446101592
27.1685751630395,27.1837141556074,27.1837141556074,27.1837141556074,27.2240740631453,27.2997068377419,27.2089409277006,27.1988509509866,27.2543337507527,27.2291179538628,27.2190299285684,27.2745020022695,27.1988509509866,27.1988509509866,27.2795434562661,27.3198663256309,27.2190299285684,27.234161600755,27.309787068249,27.2745020022695,27.3198663256309,27.2745020022695,27.234161600755,27.178668068929,27.2946663574817,27.3299446101592,27.3047470746531,27.3148268185636,27.340021922105,27.3148268185636,27.2644183636851,27.3500982617396,27.4055007617757,27.6418903705064,27.3702480251596,27.2795434562661,27.3047470746531,27.340021922105,27.2845846667777,27.2644183636851,27.2845846667777,27.2089409277006,27.2997068377419,27.2694603047538,27.3903939025862,27.2291179538628,27.2694603047538,27.3349833876879,27.2492910788209,27.3500982617396,27.3299446101592,27.2644183636851,27.2997068377419,27.2745020022695,27.193805596602,27.2644183636851,27.2644183636851,27.1483864201735,27.3903939025862,27.178668068929,27.1433386236146,27.2291179538628,27.2089409277006,27.1736217380844,27.355136067025,27.0827459915085,27.1534339723613,27.2997068377419,27.2795434562661,27.2240740631453,27.3148268185636,27.4508082405489,27.309787068249,27.234161600755,27.2543337507527,27.2543337507527,27.234161600755,27.2442481632001,27.2543337507527,27.3249055894848,27.3500982617396,27.4055007617757,27.3803214494867,27.4457750460266,27.3903939025862,27.2845846667777,27.2845846667777,27.2997068377419,27.2492910788209,27.2543337507527,27.2896256338382,27.2593761790295,27.2190299285684,27.2845846667777,27.2795434562661,27.3500982617396,27.3047470746531,27.4608739026253,27.3450602134443,27.4608739026253,27.4206054372245,27.5162177292145,27.6067172400882,27.4357079298451,27.6117426966131,27.4659063702468,27.4860338187415,27.5413643354891,27.5262770971775,27.6268176187712,27.8777474797793,27.7924987130493,27.8175790741614,27.5815863374129,27.6067172400882,27.5665048985609,27.4709385956355,27.6117426966131,27.4306740081185,27.4155707879898,27.4508082405489,27.3299446101592,27.5011268629649,27.4709385956355,27.4910650755359,27.3954297650103,27.5765594326333,27.7373007876777,27.8025315774346,27.812563481855,27.7523576505433,27.7021596912783,27.6921172126096,27.651937666319,27.6217928859212,27.6619839981682,27.7975152652541,27.8276095391327,27.8326244118639,27.7021596912783,27.7724301033211,27.6971385722891,27.5463929314253,27.5162177292145,27.5011268629649,27.5011268629649,27.5011268629649,27.5262770971775,27.4558411927372,27.4810023198492,27.4457750460266,27.6870956122065,27.5162177292145,27.5866130007331,27.6971385722891,27.6268176187712,27.631842110463,27.6469141389248,27.6268176187712,27.631842110463,27.6469141389248,27.6469141389248,27.6368663610303,27.631842110463,27.5614772692013,27.5212475341273,27.6670068026902,27.5463929314253,27.5815863374129,27.5313064183988,27.5313064183988,27.5413643354891,27.6368663610303,27.5966656031286,27.6820737710463,27.6418903705064,27.6368663610303,27.6569609527223,27.5966656031286,27.4910650755359,27.6167679118797,27.6067172400882,27.6016915422711,27.5313064183988,27.551421285667,27.5765594326333,27.506157393667,27.5614772692013,27.4810023198492,27.4407416091366,27.5313064183988,27.4860338187415,27.5111876824057,27.4810023198492,27.4306740081185,27.5665048985609,27.551421285667,27.4105358961847,27.4055007617757,27.3752848587436,27.4659063702468,27.4659063702468,27.4306740081185,27.4810023198492,27.3299446101592,27.3047470746531,27.3903939025862,27.3752848587436,27.4709385956355,27.4558411927372,27.6016915422711,27.6117426966131,27.5262770971775,27.5212475341273,27.6268176187712,27.6720293663216,27.6167679118797,27.5262770971775,27.4810023198492,27.551421285667,27.5866130007331,27.6971385722891,27.5916394226271,27.5363354978248,27.5564493982478,27.5363354978248,27.5262770971775,27.5363354978248,27.4306740081185,27.551421285667,27.4105358961847,27.4558411927372,27.355136067025,27.340021922105,27.385357797423,27.340021922105,27.3601736293342,27.3752848587436,27.2190299285684,27.3349833876879
27.1685751630395,27.1433386236146,27.1534339723613,27.193805596602,27.2442481632001,27.1837141556074,27.340021922105,27.3198663256309,27.1736217380844,27.1736217380844,27.2442481632001,27.2946663574817,27.2492910788209,27.2190299285684,27.2644183636851,27.1837141556074,27.2694603047538,27.3249055894848,27.2845846667777,27.3903939025862,27.2845846667777,27.2694603047538,27.234161600755,27.0776950150114,27.2392050038562,27.3954297650103,27.2543337507527,27.3500982617396,27.2795434562661,27.3148268185636,27.2492910788209,27.3249055894848,27.4206054372245,27.3954297650103,27.340021922105,27.2694603047538,27.2845846667777,27.1534339723613,27.2392050038562,27.3047470746531,27.309787068249,27.2997068377419,27.2240740631453,27.2593761790295,27.2593761790295,27.3148268185636,27.2543337507527,27.1382905826503,27.2392050038562,27.3198663256309,27.340021922105,27.1584812802121,27.1534339723613,27.2946663574817,27.2795434562661,27.2291179538628,27.2492910788209,27.2492910788209,27.2038960613414,27.1887599981537,27.2845846667777,27.2694603047538,27.1887599981537,27.1584812802121,27.1635283437601,27.1079972024379,27.2593761790295,27.3299446101592,27.1180959740562,27.2593761790295,27.234161600755,27.340021922105,27.2442481632001,27.2291179538628,27.2392050038562,27.2240740631453,27.2745020022695,27.2694603047538,27.2190299285684,27.2593761790295,27.3249055894848,27.2845846667777,27.3752848587436,27.4155707879898,27.3349833876879,27.2845846667777,27.2745020022695,27.2190299285684,27.234161600755,27.2694603047538,27.2845846667777,27.2492910788209,27.2694603047538,27.2038960613414,27.4155707879898,27.2997068377419,27.2694603047538,27.3702480251596,27.2896256338382,27.385357797423,27.4206054372245,27.4256398439229,27.385357797423,27.4105358961847,27.4155707879898,27.2291179538628,27.4558411927372,27.3803214494867,27.5162177292145,27.6217928859212,27.8777474797793,27.7272616770383,27.6971385722891,27.6167679118797,27.4960960902657,27.4457750460266,27.6268176187712,27.5765594326333,27.4608739026253,27.4155707879898,27.4206054372245,27.5011268629649,27.5162177292145,27.4508082405489,27.506157393667,27.6167679118797,27.7874819207868,27.7573761241401,27.9328715542163,27.7473389366228,27.812563481855,27.7623943574465,27.6569609527223,27.5966656031286,27.6117426966131,27.6016915422711,27.631842110463,27.7222417610001,27.7473389366228,27.7222417610001,27.7423199823454,27.7021596912783,27.5212475341273,27.5162177292145,27.4709385956355,27.4960960902657,27.4004653847288,27.4910650755359,27.5162177292145,27.5162177292145,27.6368663610303,27.5815863374129,27.4860338187415,27.4960960902657,27.5665048985609,27.5715322863604,27.5765594326333,27.5564493982478,27.5162177292145,27.6418903705064,27.6217928859212,27.6268176187712,27.5463929314253,27.6368663610303,27.5966656031286,27.651937666319,27.5614772692013,27.5262770971775,27.6870956122065,27.5212475341273,27.4709385956355,27.4910650755359,27.6067172400882,27.6368663610303,27.7172216044382,27.651937666319,27.5815863374129,27.5363354978248,27.4508082405489,27.5413643354891,27.6569609527223,27.5815863374129,27.475970578825,27.5916394226271,27.475970578825,27.5413643354891,27.4407416091366,27.5111876824057,27.4407416091366,27.5363354978248,27.5313064183988,27.5866130007331,27.4910650755359,27.4910650755359,27.5162177292145,27.4457750460266,27.4407416091366,27.3954297650103,27.4105358961847,27.4155707879898,27.385357797423,27.3198663256309,27.3198663256309,27.3349833876879,27.3652109487011,27.4055007617757,27.2997068377419,27.3752848587436,27.4810023198492,27.4357079298451,27.6117426966131,27.4910650755359,27.631842110463,27.6217928859212,27.6368663610303,27.631842110463,27.4910650755359,27.5966656031286,27.5614772692013,27.5162177292145,27.5614772692013,27.3803214494867,27.5463929314253,27.5665048985609,27.5363354978248,27.5212475341273,27.5262770971775,27.551421285667,27.4055007617757,27.3601736293342,27.4256398439229,27.4709385956355,27.4659063702468,27.4055007617757,27.3047470746531,27.2845846667777,27.3450602134443,27.3702480251596,27.1332422972466,27.2946663574817
27.1887599981537,27.1837141556074,27.1483864201735,27.1483864201735,27.2392050038562,27.3752848587436,27.3954297650103,27.1736217380844,27.1685751630395,27.2593761790295,27.1685751630395,27.2089409277006,27.1534339723613,27.178668068929,27.2089409277006,27.193805596602,27.2845846667777,27.340021922105,27.3047470746531,27.3903939025862,27.193805596602,27.1988509509866,27.2795434562661,27.2139855500982,27.234161600755,27.309787068249,27.2291179538628,27.2240740631453,27.3198663256309,27.2442481632001,27.340021922105,27.3198663256309,27.2845846667777,27.3752848587436,27.2694603047538,27.3500982617396,27.234161600755,27.309787068249,27.3198663256309,27.1837141556074,27.2644183636851,27.2543337507527,27.2190299285684,27.2694603047538,27.3198663256309,27.340021922105,27.2997068377419,27.340021922105,27.2543337507527,27.2593761790295,27.2997068377419,27.2240740631453,27.1534339723613,27.2240740631453,27.1837141556074,27.1887599981537,27.2946663574817,27.2845846667777,27.3047470746531,27.1382905826503,27.178668068929,27.2139855500982,27.2644183636851,27.178668068929,27.1988509509866,27.2139855500982,27.2240740631453,27.2442481632001,27.340021922105,27.3500982617396,27.234161600755,27.4256398439229,27.2997068377419,27.4357079298451,27.2946663574817,27.2492910788209,27.2442481632001,27.2896256338382,27.2644183636851,27.2795434562661,27.3349833876879,27.3047470746531,27.3148268185636,27.3450602134443,27.2896256338382,27.2139855500982,27.2845846667777,27.2745020022695,27.2593761790295,27.2946663574817,27.2492910788209,27.2745020022695,27.2593761790295,27.3803214494867,27.309787068249,27.2997068377419,27.2845846667777,27.3803214494867,27.3652109487011,27.3047470746531,27.3903939025862,27.3903939025862,27.4055007617757,27.4155707879898,27.4608739026253,27.4608739026253,27.4457750460266,27.3752848587436,27.4910650755359,27.551421285667,27.8025315774346,27.7021596912783,27.7021596912783,27.475970578825,27.3954297650103,27.5463929314253,27.6820737710463,27.5413643354891,27.3803214494867,27.4508082405489,27.4256398439229,27.5413643354891,27.5313064183988,27.5564493982478,27.6217928859212,27.7322813525865,27.9128297863749,27.962927032733,27.9879666938923,27.9479003691149,27.837639044803,27.8576951793018,27.7172216044382,27.7975152652541,27.6117426966131,27.6971385722891,27.5966656031286,27.5262770971775,27.7975152652541,27.7874819207868,27.7021596912783,27.6971385722891,27.5162177292145,27.5614772692013,27.5011268629649,27.475970578825,27.4810023198492,27.4709385956355,27.4709385956355,27.4960960902657,27.4206054372245,27.4055007617757,27.475970578825,27.5011268629649,27.5916394226271,27.551421285667,27.5564493982478,27.5413643354891,27.6368663610303,27.6016915422711,27.5966656031286,27.6619839981682,27.5564493982478,27.651937666319,27.5463929314253,27.631842110463,27.6067172400882,27.5866130007331,27.506157393667,27.5815863374129,27.5966656031286,27.5815863374129,27.6067172400882,27.5765594326333,27.6971385722891,27.7272616770383,27.6067172400882,27.5916394226271,27.6770516890958,27.6971385722891,27.4960960902657,27.6016915422711,27.5212475341273,27.6870956122065,27.6217928859212,27.506157393667,27.4608739026253,27.4960960902657,27.5815863374129,27.5162177292145,27.5111876824057,27.4457750460266,27.4910650755359,27.5765594326333,27.4407416091366,27.5363354978248,27.5564493982478,27.551421285667,27.4407416091366,27.4206054372245,27.385357797423,27.3954297650103,27.4105358961847,27.4256398439229,27.3148268185636,27.4055007617757,27.3500982617396,27.4608739026253,27.3803214494867,27.4407416091366,27.5262770971775,27.5966656031286,27.6167679118797,27.5665048985609,27.6569609527223,27.6368663610303,27.6569609527223,27.6418903705064,27.6016915422711,27.5765594326333,27.6670068026902,27.5665048985609,27.551421285667,27.6117426966131,27.5262770971775,27.5313064183988,27.5916394226271,27.5262770971775,27.3752848587436,27.4256398439229,27.4709385956355,27.4558411927372,27.4306740081185,27.4558411927372,27.309787068249,27.234161600755,27.2896256338382,27.2139855500982,27.2442481632001,27.2593761790295
27.234161600755,27.1736217380844,27.2946663574817,27.2038960613414,27.3047470746531,27.2392050038562,27.2946663574817,27.3148268185636,27.1736217380844,27.1685751630395,27.178668068929,27.2038960613414,27.1584812802121,27.1079972024379,27.057488660176,27.2190299285684,27.2139855500982,27.3903939025862,27.551421285667,27.3903939025862,27.3148268185636,27.1837141556074,27.3349833876879,27.2845846667777,27.3299446101592,27.2593761790295,27.3299446101592,27.2291179538628,27.3249055894848,27.2291179538628,27.2644183636851,27.2745020022695,27.4306740081185,27.3601736293342,27.4055007617757,27.2845846667777,27.3450602134443,27.1887599981537,27.2038960613414,27.1736217380844,27.2997068377419,27.1887599981537,27.3198663256309,27.2442481632001,27.2795434562661,27.2644183636851,27.2694603047538,27.2845846667777,27.2745020022695,27.2745020022695,27.3601736293342,27.1837141556074,27.1736217380844,27.1837141556074,27.0928472100887,27.2442481632001,27.2392050038562,27.193805596602,27.2392050038562,27.2038960613414,27.2593761790295,27.1736217380844,27.2291179538628,27.193805596602,27.1887599981537,27.2492910788209,27.1584812802121,27.2190299285684,27.2190299285684,27.2190299285684,27.355136067025,27.4256398439229,27.1079972024379,27.1635283437601,27.2392050038562,27.2997068377419,27.0978974522403,27.0928472100887,27.2089409277006,27.2392050038562,27.1988509509866,27.2845846667777,27.3299446101592,27.3299446101592,27.340021922105,27.2190299285684,27.3047470746531,27.3803214494867,27.3299446101592,27.3652109487011,27.2845846667777,27.2644183636851,27.3752848587436,27.2442481632001,27.2946663574817,27.2593761790295,27.2795434562661,27.2795434562661,27.3702480251596,27.4558411927372,27.2946663574817,27.4709385956355,27.5463929314253,27.5262770971775,27.4004653847288,27.3652109487011,27.4256398439229,27.5111876824057,27.6418903705064,27.6117426966131,27.8276095391327,27.6971385722891,27.651937666319,27.4960960902657,27.5262770971775,27.6167679118797,27.7222417610001,27.4910650755359,27.5111876824057,27.4659063702468,27.5665048985609,27.6268176187712,27.7122012073196,27.6619839981682,27.7523576505433,27.8576951793018,27.9879666938923,27.7824648884334,27.8025315774346,27.8276095391327,27.8175790741614,27.837639044803,27.9378813982687,27.7623943574465,27.7373007876777,27.6117426966131,27.4709385956355,27.5212475341273,27.6067172400882,27.6016915422711,27.631842110463,27.506157393667,27.5866130007331,27.5313064183988,27.4256398439229,27.4407416091366,27.4860338187415,27.4407416091366,27.4407416091366,27.475970578825,27.4860338187415,27.475970578825,27.4659063702468,27.5011268629649,27.5866130007331,27.5815863374129,27.5262770971775,27.6167679118797,27.6117426966131,27.6016915422711,27.6016915422711,27.6569609527223,27.5363354978248,27.5564493982478,27.5463929314253,27.551421285667,27.5614772692013,27.6067172400882,27.6016915422711,27.6870956122065,27.5564493982478,27.4810023198492,27.6217928859212,27.5011268629649,27.5614772692013,27.5665048985609,27.6016915422711,27.5866130007331,27.6067172400882,27.5564493982478,27.5966656031286,27.4155707879898,27.4206054372245,27.4206054372245,27.6067172400882,27.4960960902657,27.506157393667,27.4055007617757,27.5162177292145,27.5011268629649,27.3954297650103,27.5162177292145,27.4155707879898,27.4709385956355,27.3702480251596,27.4608739026253,27.551421285667,27.4306740081185,27.4155707879898,27.3601736293342,27.3249055894848,27.3148268185636,27.3148268185636,27.4306740081185,27.385357797423,27.4004653847288,27.2946663574817,27.355136067025,27.3601736293342,27.475970578825,27.5011268629649,27.4558411927372,27.506157393667,27.5463929314253,27.5313064183988,27.6268176187712,27.5212475341273,27.4709385956355,27.5715322863604,27.6117426966131,27.5815863374129,27.5815863374129,27.6167679118797,27.5614772692013,27.551421285667,27.6217928859212,27.5313064183988,27.4659063702468,27.4608739026253,27.4055007617757,27.4055007617757,27.3954297650103,27.4306740081185,27.4004653847288,27.385357797423,27.2392050038562,27.2392050038562,27.3652109487011,27.1281937673691,27.2946663574817
27.2190299285684,27.1281937673691,27.2543337507527,27.2997068377419,27.2896256338382,27.3249055894848,27.1635283437601,27.4105358961847,27.1887599981537,27.1887599981537,27.1382905826503,27.1635283437601,27.057488660176,27.1837141556074,27.2593761790295,27.1130467105523,27.3249055894848,27.5916394226271,27.3652109487011,27.3450602134443,27.3249055894848,27.234161600755,27.3299446101592,27.3249055894848,27.340021922105,27.2392050038562,27.3349833876879,27.3702480251596,27.2089409277006,27.3299446101592,27.3652109487011,27.2694603047538,27.2593761790295,27.2543337507527,27.2392050038562,27.2997068377419,27.1988509509866,27.2745020022695,27.2896256338382,27.2694603047538,27.2795434562661,27.2845846667777,27.2139855500982,27.2644183636851,27.3450602134443,27.2543337507527,27.2997068377419,27.309787068249,27.2745020022695,27.3652109487011,27.2644183636851,27.2946663574817,27.1736217380844,27.2038960613414,27.1534339723613,27.2291179538628,27.0221181058697,27.2593761790295,27.2644183636851,27.2543337507527,27.0928472100887,27.178668068929,27.2190299285684,27.193805596602,27.2442481632001,27.1988509509866,27.178668068929,27.355136067025,27.2240740631453,27.2089409277006,27.3601736293342,27.340021922105,27.309787068249,27.2492910788209,27.2543337507527,27.2442481632001,27.2795434562661,27.2997068377419,27.2543337507527,27.2896256338382,27.2442481632001,27.2946663574817,27.3148268185636,27.4709385956355,27.475970578825,27.4457750460266,27.3249055894848,27.4004653847288,27.3299446101592,27.3752848587436,27.2795434562661,27.309787068249,27.3702480251596,27.3500982617396,27.3803214494867,27.3500982617396,27.309787068249,27.2442481632001,27.309787068249,27.355136067025,27.5111876824057,27.4608739026253,27.5463929314253,27.506157393667,27.385357797423,27.3954297650103,27.4407416091366,27.5111876824057,27.5815863374129,27.7272616770383,27.7473389366228,27.5966656031286,27.5665048985609,27.4659063702468,27.4608739026253,27.5765594326333,27.5313064183988,27.6016915422711,27.3047470746531,27.6469141389248,27.475970578825,27.6619839981682,27.6770516890958,27.7122012073196,27.812563481855,27.7473389366228,27.7874819207868,27.837639044803,27.9278614710339,27.9428910032239,27.7674123504958,27.7975152652541,27.7975152652541,27.6117426966131,27.6217928859212,27.6167679118797,27.4659063702468,27.5313064183988,27.5866130007331,27.6117426966131,27.5866130007331,27.6820737710463,27.506157393667,27.506157393667,27.5111876824057,27.5262770971775,27.4608739026253,27.4709385956355,27.5212475341273,27.4206054372245,27.4810023198492,27.4004653847288,27.4508082405489,27.4256398439229,27.4860338187415,27.5916394226271,27.6921172126096,27.5665048985609,27.5162177292145,27.6720293663216,27.5614772692013,27.5614772692013,27.5111876824057,27.5463929314253,27.6418903705064,27.7874819207868,27.6368663610303,27.5765594326333,27.5966656031286,27.506157393667,27.4508082405489,27.5212475341273,27.551421285667,27.631842110463,27.5413643354891,27.551421285667,27.5715322863604,27.5765594326333,27.5916394226271,27.5765594326333,27.5866130007331,27.4659063702468,27.5866130007331,27.5815863374129,27.5313064183988,27.6016915422711,27.5011268629649,27.5815863374129,27.4105358961847,27.5111876824057,27.4910650755359,27.4608739026253,27.4910650755359,27.4860338187415,27.4709385956355,27.4608739026253,27.4709385956355,27.5212475341273,27.3803214494867,27.4155707879898,27.3450602134443,27.3803214494867,27.3752848587436,27.3903939025862,27.4004653847288,27.3652109487011,27.3803214494867,27.2442481632001,27.2442481632001,27.4306740081185,27.4306740081185,27.4810023198492,27.5463929314253,27.5665048985609,27.5765594326333,27.5715322863604,27.5916394226271,27.6117426966131,27.631842110463,27.6368663610303,27.6268176187712,27.551421285667,27.551421285667,27.7573761241401,27.5111876824057,27.4508082405489,27.5614772692013,27.4457750460266,27.5111876824057,27.3652109487011,27.4155707879898,27.506157393667,27.4206054372245,27.2745020022695,27.2644183636851,27.2694603047538,27.3148268185636,27.2644183636851,27.2392050038562,27.2492910788209
27.193805596602,27.1635283437601,27.2946663574817,27.2997068377419,27.4206054372245,27.3148268185636,27.1635283437601,27.2392050038562,27.1736217380844,27.2946663574817,27.1584812802121,27.1433386236146,27.2644183636851,27.4457750460266,27.2795434562661,27.340021922105,27.2089409277006,27.355136067025,27.3752848587436,27.234161600755,27.2291179538628,27.2896256338382,27.2946663574817,27.3450602134443,27.2240740631453,27.2745020022695,27.2997068377419,27.2291179538628,27.309787068249,27.2139855500982,27.3299446101592,27.2392050038562,27.2492910788209,27.2593761790295,27.2442481632001,27.2442481632001,27.2392050038562,27.2038960613414,27.2442481632001,27.234161600755,27.2694603047538,27.3954297650103,27.1887599981537,27.3652109487011,27.2694603047538,27.2694603047538,27.2694603047538,27.3450602134443,27.2795434562661,27.2240740631453,27.2291179538628,27.2896256338382,27.2190299285684,27.340021922105,27.234161600755,27.3299446101592,27.2492910788209,27.3752848587436,27.2795434562661,27.1685751630395,27.2291179538628,27.1887599981537,27.2291179538628,27.3198663256309,27.2694603047538,27.1685751630395,27.2038960613414,27.1685751630395,27.2291179538628,27.2190299285684,27.2593761790295,27.2240740631453,27.3047470746531,27.2896256338382,27.2694603047538,27.2089409277006,27.2543337507527,27.193805596602,27.1887599981537,27.2442481632001,27.2291179538628,27.2593761790295,27.4709385956355,27.5966656031286,27.4709385956355,27.2997068377419,27.2946663574817,27.2896256338382,27.3148268185636,27.3198663256309,27.2492910788209,27.2543337507527,27.3148268185636,27.3450602134443,27.3500982617396,27.3601736293342,27.2392050038562,27.2543337507527,27.2644183636851,27.3450602134443,27.4004653847288,27.4558411927372,27.551421285667,27.3903939025862,27.3601736293342,27.4004653847288,27.3652109487011,27.4810023198492,27.5665048985609,27.6469141389248,27.5715322863604,27.5262770971775,27.6067172400882,27.5463929314253,27.5313064183988,27.4558411927372,27.4608739026253,27.4608739026253,27.6268176187712,27.6217928859212,27.5011268629649,27.6820737710463,27.6720293663216,27.7172216044382,27.7122012073196,27.8276095391327,27.7975152652541,27.8276095391327,27.9779515459613,27.9929739096901,27.9178405871461,27.9178405871461,27.7322813525865,27.6217928859212,27.7272616770383,27.6217928859212,27.5262770971775,27.5162177292145,27.5313064183988,27.5212475341273,27.5765594326333,27.5614772692013,27.4910650755359,27.5011268629649,27.5162177292145,27.4608739026253,27.4910650755359,27.4055007617757,27.4256398439229,27.3198663256309,27.2845846667777,27.4105358961847,27.4256398439229,27.4457750460266,27.5363354978248,27.6770516890958,27.7222417610001,27.5866130007331,27.6971385722891,27.5916394226271,27.5866130007331,27.6368663610303,27.6720293663216,27.5363354978248,27.5715322863604,27.6067172400882,27.5815863374129,27.5313064183988,27.6619839981682,27.475970578825,27.5413643354891,27.5413643354891,27.7021596912783,27.7071805696107,27.5715322863604,27.5564493982478,27.7071805696107,27.6870956122065,27.6469141389248,27.5614772692013,27.6469141389248,27.631842110463,27.6117426966131,27.4960960902657,27.6016915422711,27.4810023198492,27.4960960902657,27.4910650755359,27.5765594326333,27.3652109487011,27.5715322863604,27.5011268629649,27.4659063702468,27.4860338187415,27.5111876824057,27.4810023198492,27.4457750460266,27.4357079298451,27.3752848587436,27.4004653847288,27.4105358961847,27.4357079298451,27.4256398439229,27.3500982617396,27.3450602134443,27.3803214494867,27.3702480251596,27.2745020022695,27.3450602134443,27.309787068249,27.5463929314253,27.5313064183988,27.5363354978248,27.4508082405489,27.6217928859212,27.4659063702468,27.6268176187712,27.5413643354891,27.5866130007331,27.6368663610303,27.5313064183988,27.5363354978248,27.506157393667,27.6167679118797,27.4659063702468,27.4306740081185,27.6016915422711,27.5363354978248,27.4659063702468,27.506157393667,27.4457750460266,27.4055007617757,27.4055007617757,27.2694603047538,27.4206054372245,27.2190299285684,27.3148268185636,27.2543337507527,27.1988509509866,27.2089409277006
26.9614549073863,27.178668068929,27.1180959740562,27.4910650755359,27.6217928859212,27.4357079298451,27.2694603047538,27.2543337507527,27.0675923274317,27.2492910788209,27.340021922105,27.1988509509866,27.2593761790295,27.4508082405489,27.4709385956355,27.3702480251596,27.4659063702468,27.3652109487011,27.3450602134443,27.2997068377419,27.355136067025,27.1736217380844,27.1736217380844,27.2442481632001,27.2946663574817,27.4608739026253,27.3601736293342,27.3450602134443,27.1887599981537,27.2946663574817,27.2543337507527,27.2694603047538,27.234161600755,27.2745020022695,27.2644183636851,27.2946663574817,27.2442481632001,27.2240740631453,27.178668068929,27.2190299285684,27.2745020022695,27.1887599981537,27.2946663574817,27.193805596602,27.2442481632001,27.2694603047538,27.2644183636851,27.2593761790295,27.2745020022695,27.3601736293342,27.2946663574817,27.3500982617396,27.2139855500982,27.2442481632001,27.2492910788209,27.1281937673691,27.234161600755,27.2644183636851,27.2392050038562,27.2442481632001,27.2492910788209,27.234161600755,27.3249055894848,27.1837141556074,27.178668068929,27.2089409277006,27.1635283437601,27.0978974522403,27.2240740631453,27.2190299285684,27.1887599981537,27.309787068249,27.2997068377419,27.2997068377419,27.193805596602,27.2442481632001,27.1281937673691,27.1635283437601,27.2946663574817,27.193805596602,27.2190299285684,27.2543337507527,27.3198663256309,27.4659063702468,27.4810023198492,27.3148268185636,27.3249055894848,27.2392050038562,27.3903939025862,27.3702480251596,27.340021922105,27.340021922105,27.3299446101592,27.340021922105,27.234161600755,27.234161600755,27.3299446101592,27.3500982617396,27.3450602134443,27.3702480251596,27.4306740081185,27.5966656031286,27.5463929314253,27.3954297650103,27.4004653847288,27.4004653847288,27.4407416091366,27.3148268185636,27.4910650755359,27.4457750460266,27.551421285667,27.5916394226271,27.4709385956355,27.6067172400882,27.5212475341273,27.6167679118797,27.4810023198492,27.4659063702468,27.6569609527223,27.6619839981682,27.6870956122065,27.6921172126096,27.5313064183988,27.7272616770383,27.7322813525865,27.7322813525865,27.7674123504958,27.8677218086608,27.9078187463413,28.048037534235,27.9328715542163,27.7071805696107,27.7874819207868,27.7423199823454,27.7473389366228,27.5866130007331,27.6469141389248,27.5463929314253,27.5313064183988,27.5614772692013,27.4709385956355,27.6469141389248,27.4810023198492,27.4860338187415,27.4860338187415,27.506157393667,27.6921172126096,27.506157393667,27.4357079298451,27.475970578825,27.4357079298451,27.4407416091366,27.5162177292145,27.5363354978248,27.551421285667,27.631842110463,27.5916394226271,27.812563481855,27.6167679118797,27.5614772692013,27.5765594326333,27.5665048985609,27.4357079298451,27.5564493982478,27.5564493982478,27.5765594326333,27.5765594326333,27.6368663610303,27.475970578825,27.6167679118797,27.6469141389248,27.5614772692013,27.6619839981682,27.6720293663216,27.6469141389248,27.5665048985609,27.7071805696107,27.7021596912783,27.651937666319,27.4960960902657,27.5463929314253,27.6067172400882,27.4357079298451,27.6619839981682,27.6016915422711,27.4206054372245,27.4960960902657,27.4910650755359,27.475970578825,27.4306740081185,27.3652109487011,27.5916394226271,27.4105358961847,27.6418903705064,27.506157393667,27.5262770971775,27.551421285667,27.4155707879898,27.3803214494867,27.3450602134443,27.4055007617757,27.3148268185636,27.4055007617757,27.355136067025,27.3752848587436,27.3601736293342,27.3148268185636,27.3702480251596,27.4558411927372,27.2896256338382,27.3954297650103,27.4407416091366,27.4256398439229,27.4608739026253,27.5614772692013,27.6720293663216,27.5363354978248,27.6117426966131,27.5262770971775,27.4860338187415,27.5212475341273,27.6167679118797,27.6921172126096,27.506157393667,27.631842110463,27.5413643354891,27.4709385956355,27.4105358961847,27.4457750460266,27.4457750460266,27.5011268629649,27.4306740081185,27.3954297650103,27.4105358961847,27.355136067025,27.4004653847288,27.309787068249,27.193805596602,27.2745020022695,27.2291179538628
27.2240740631453,27.1079972024379,27.2745020022695,27.6016915422711,27.5413643354891,27.4206054372245,27.2896256338382,27.234161600755,27.1483864201735,27.1382905826503,27.1130467105523,27.2392050038562,27.4860338187415,27.5463929314253,27.6670068026902,27.6670068026902,27.3652109487011,27.355136067025,27.2392050038562,27.0877967231895,27.4155707879898,27.2089409277006,27.2291179538628,27.3601736293342,27.3652109487011,27.2593761790295,27.4709385956355,27.3198663256309,27.2543337507527,27.2543337507527,27.3249055894848,27.2644183636851,27.234161600755,27.2291179538628,27.2442481632001,27.309787068249,27.193805596602,27.2392050038562,27.178668068929,27.178668068929,27.2392050038562,27.3954297650103,27.2593761790295,27.3450602134443,27.2442481632001,27.2492910788209,27.2745020022695,27.2745020022695,27.3450602134443,27.385357797423,27.4155707879898,27.2694603047538,27.1382905826503,27.3198663256309,27.3652109487011,27.2190299285684,27.1433386236146,27.2946663574817,27.2291179538628,27.2492910788209,27.234161600755,27.1887599981537,27.1887599981537,27.2240740631453,27.1837141556074,27.1837141556074,27.1988509509866,27.1079972024379,27.2139855500982,27.2190299285684,27.2038960613414,27.2089409277006,27.2795434562661,27.2038960613414,27.1332422972466,27.1635283437601,27.1685751630395,27.193805596602,27.2644183636851,27.2291179538628,27.2795434562661,27.2038960613414,27.2896256338382,27.4558411927372,27.4659063702468,27.4558411927372,27.3702480251596,27.4055007617757,27.3047470746531,27.385357797423,27.3903939025862,27.3249055894848,27.3349833876879,27.2291179538628,27.3349833876879,27.2492910788209,27.2392050038562,27.2593761790295,27.340021922105,27.2139855500982,27.2240740631453,27.4004653847288,27.4407416091366,27.4105358961847,27.3903939025862,27.3954297650103,27.340021922105,27.4055007617757,27.4206054372245,27.5463929314253,27.4810023198492,27.5614772692013,27.4508082405489,27.5765594326333,27.4357079298451,27.5463929314253,27.4457750460266,27.5564493982478,27.6619839981682,27.506157393667,27.6569609527223,27.6067172400882,27.6670068026902,27.7071805696107,27.6820737710463,27.8326244118639,27.6921172126096,27.7122012073196,27.8175790741614,28.0380281127715,27.9378813982687,27.8576951793018,27.6016915422711,27.6870956122065,27.8526815051994,27.6670068026902,27.5866130007331,27.5011268629649,27.5111876824057,27.5564493982478,27.4960960902657,27.5665048985609,27.475970578825,27.4558411927372,27.475970578825,27.5564493982478,27.4558411927372,27.5564493982478,27.4105358961847,27.4306740081185,27.4860338187415,27.4910650755359,27.4407416091366,27.4960960902657,27.5162177292145,27.6217928859212,27.6167679118797,27.5966656031286,27.5262770971775,27.6067172400882,27.6016915422711,27.5212475341273,27.5463929314253,27.5665048985609,27.5363354978248,27.5715322863604,27.5815863374129,27.5715322863604,27.4860338187415,27.551421285667,27.6469141389248,27.6820737710463,27.5614772692013,27.6820737710463,27.6921172126096,27.7071805696107,27.6921172126096,27.7021596912783,27.6016915422711,27.5463929314253,27.5413643354891,27.4357079298451,27.5866130007331,27.5162177292145,27.5715322863604,27.5111876824057,27.4910650755359,27.4960960902657,27.4709385956355,27.4608739026253,27.4910650755359,27.4457750460266,27.4709385956355,27.5413643354891,27.5916394226271,27.631842110463,27.5111876824057,27.5564493982478,27.385357797423,27.3803214494867,27.4508082405489,27.309787068249,27.3702480251596,27.3601736293342,27.355136067025,27.2543337507527,27.3954297650103,27.385357797423,27.385357797423,27.3903939025862,27.4306740081185,27.4256398439229,27.5564493982478,27.7222417610001,27.6670068026902,27.7322813525865,27.551421285667,27.651937666319,27.5815863374129,27.6016915422711,27.6418903705064,27.5413643354891,27.5413643354891,27.6368663610303,27.5011268629649,27.4910650755359,27.5111876824057,27.5011268629649,27.4608739026253,27.4608739026253,27.385357797423,27.4155707879898,27.4407416091366,27.4256398439229,27.3047470746531,27.3500982617396,27.2795434562661,27.2190299285684,27.1988509509866,27.2190299285684
27.4155707879898,27.1837141556074,27.3148268185636,27.5665048985609,27.7874819207868,27.6217928859212,27.1635283437601,27.1584812802121,27.1433386236146,27.3652109487011,27.1231449929837,27.3450602134443,27.3148268185636,27.4558411927372,27.475970578825,27.4155707879898,27.3198663256309,27.2644183636851,27.3249055894848,27.3450602134443,27.3601736293342,27.385357797423,27.3752848587436,27.6016915422711,27.6016915422711,27.475970578825,27.4659063702468,27.234161600755,27.2442481632001,27.2190299285684,27.2291179538628,27.2644183636851,27.2392050038562,27.193805596602,27.2038960613414,27.2543337507527,27.234161600755,27.2190299285684,27.1584812802121,27.2442481632001,27.3652109487011,27.2896256338382,27.2795434562661,27.2745020022695,27.1635283437601,27.1584812802121,27.1029474496787,27.2795434562661,27.4256398439229,27.2089409277006,27.2240740631453,27.234161600755,27.3652109487011,27.3702480251596,27.2543337507527,27.2492910788209,27.2190299285684,27.385357797423,27.3047470746531,27.2442481632001,27.2089409277006,27.2190299285684,27.2745020022695,27.2492910788209,27.1635283437601,27.2089409277006,27.2845846667777,27.2038960613414,27.2038960613414,27.2038960613414,27.3148268185636,27.2492910788209,27.2845846667777,27.2745020022695,27.1079972024379,27.1837141556074,27.1029474496787,27.1988509509866,27.1635283437601,27.1635283437601,27.1887599981537,27.2190299285684,27.2644183636851,27.3500982617396,27.2946663574817,27.3450602134443,27.4508082405489,27.3249055894848,27.3299446101592,27.385357797423,27.3652109487011,27.309787068249,27.3652109487011,27.3299446101592,27.2190299285684,27.3500982617396,27.3198663256309,27.3450602134443,27.2190299285684,27.2492910788209,27.4206054372245,27.4055007617757,27.4055007617757,27.3601736293342,27.2946663574817,27.4155707879898,27.3349833876879,27.3954297650103,27.4055007617757,27.4155707879898,27.4306740081185,27.4155707879898,27.4558411927372,27.4306740081185,27.4306740081185,27.4910650755359,27.631842110463,27.5614772692013,27.6368663610303,27.5665048985609,27.4558411927372,27.5614772692013,27.6268176187712,27.7272616770383,27.6619839981682,27.4659063702468,27.5564493982478,27.7071805696107,27.7924987130493,27.9328715542163,27.8727347639835,27.9278614710339,27.892784190336,27.6770516890958,27.7674123504958,27.6670068026902,27.6067172400882,27.5463929314253,27.5162177292145,27.4960960902657,27.5111876824057,27.5413643354891,27.6167679118797,27.5313064183988,27.4055007617757,27.5715322863604,27.5162177292145,27.551421285667,27.4457750460266,27.5463929314253,27.4206054372245,27.4256398439229,27.475970578825,27.4457750460266,27.475970578825,27.5765594326333,27.6067172400882,27.7373007876777,27.5966656031286,27.6167679118797,27.6720293663216,27.6971385722891,27.5815863374129,27.475970578825,27.5715322863604,27.5614772692013,27.5614772692013,27.4960960902657,27.5665048985609,27.7322813525865,27.6720293663216,27.7623943574465,27.7222417610001,27.6870956122065,27.6921172126096,27.7373007876777,27.7222417610001,27.6368663610303,27.5463929314253,27.6418903705064,27.4457750460266,27.4508082405489,27.5162177292145,27.5363354978248,27.5262770971775,27.5564493982478,27.4558411927372,27.4860338187415,27.4508082405489,27.475970578825,27.3702480251596,27.4357079298451,27.506157393667,27.5262770971775,27.4860338187415,27.3803214494867,27.5815863374129,27.5715322863604,27.4407416091366,27.3903939025862,27.3601736293342,27.3047470746531,27.355136067025,27.2997068377419,27.340021922105,27.3702480251596,27.3652109487011,27.2845846667777,27.4055007617757,27.4256398439229,27.5413643354891,27.5413643354891,27.5011268629649,27.6167679118797,27.6217928859212,27.5916394226271,27.551421285667,27.5866130007331,27.5916394226271,27.6067172400882,27.5313064183988,27.5463929314253,27.6217928859212,27.5665048985609,27.651937666319,27.506157393667,27.4910650755359,27.5966656031286,27.4910650755359,27.4306740081185,27.3299446101592,27.3752848587436,27.340021922105,27.3954297650103,27.3148268185636,27.2038960613414,27.2845846667777,27.4306740081185,27.2190299285684,27.1736217380844
27.4960960902657,27.3450602134443,27.4508082405489,27.4659063702468,27.6117426966131,27.551421285667,27.2593761790295,27.2291179538628,27.2745020022695,27.0675923274317,27.2644183636851,27.355136067025,27.2795434562661,27.3954297650103,27.4357079298451,27.4357079298451,27.309787068249,27.2795434562661,27.3198663256309,27.2543337507527,27.3198663256309,27.385357797423,27.6167679118797,27.6368663610303,27.6268176187712,27.6016915422711,27.2845846667777,27.2845846667777,27.309787068249,27.3047470746531,27.4357079298451,27.2644183636851,27.1887599981537,27.2089409277006,27.2442481632001,27.3652109487011,27.2543337507527,27.2492910788209,27.178668068929,27.2896256338382,27.1887599981537,27.2543337507527,27.1988509509866,27.234161600755,27.1332422972466,27.2291179538628,27.2896256338382,27.2795434562661,27.2795434562661,27.2845846667777,27.2593761790295,27.234161600755,27.2997068377419,27.2291179538628,27.193805596602,27.2240740631453,27.2139855500982,27.3299446101592,27.3652109487011,27.4004653847288,27.2291179538628,27.355136067025,27.2946663574817,27.1332422972466,27.2190299285684,27.3752848587436,27.2038960613414,27.1433386236146,27.2089409277006,27.2038960613414,27.2997068377419,27.385357797423,27.2593761790295,27.2745020022695,27.1736217380844,27.1180959740562,27.1887599981537,27.2139855500982,27.2291179538628,27.2392050038562,27.234161600755,27.1534339723613,27.3198663256309,27.3299446101592,27.2896256338382,27.309787068249,27.2492910788209,27.2745020022695,27.3450602134443,27.2795434562661,27.2997068377419,27.2694603047538,27.3148268185636,27.2593761790295,27.2139855500982,27.234161600755,27.2139855500982,27.193805596602,27.2240740631453,27.2139855500982,27.234161600755,27.4055007617757,27.2392050038562,27.178668068929,27.309787068249,27.2997068377419,27.309787068249,27.3047470746531,27.3349833876879,27.3148268185636,27.4256398439229,27.5011268629649,27.2392050038562,27.4558411927372,27.4960960902657,27.355136067025,27.5111876824057,27.5413643354891,27.3803214494867,27.4860338187415,27.5463929314253,27.6217928859212,27.5765594326333,27.6670068026902,27.5966656031286,27.475970578825,27.5614772692013,27.6217928859212,27.9378813982687,27.9779515459613,27.9929739096901,27.8627086137778,27.9078187463413,27.812563481855,27.7473389366228,27.7122012073196,27.6921172126096,27.6720293663216,27.5313064183988,27.5262770971775,27.6469141389248,27.6117426966131,27.5866130007331,27.5262770971775,27.5111876824057,27.651937666319,27.5413643354891,27.5363354978248,27.4659063702468,27.4407416091366,27.3803214494867,27.4558411927372,27.4407416091366,27.5212475341273,27.6016915422711,27.6067172400882,27.6067172400882,27.6217928859212,27.5866130007331,27.5916394226271,27.5162177292145,27.5765594326333,27.6217928859212,27.5715322863604,27.5866130007331,27.5866130007331,27.5614772692013,27.6469141389248,27.7573761241401,27.7523576505433,27.6820737710463,27.7222417610001,27.6268176187712,27.6770516890958,27.6971385722891,27.8426534379831,27.631842110463,27.7222417610001,27.6921172126096,27.6418903705064,27.6368663610303,27.551421285667,27.506157393667,27.5111876824057,27.475970578825,27.5564493982478,27.506157393667,27.4659063702468,27.3803214494867,27.4457750460266,27.4457750460266,27.3803214494867,27.4860338187415,27.3652109487011,27.5665048985609,27.6619839981682,27.4659063702468,27.4558411927372,27.4558411927372,27.4608739026253,27.3198663256309,27.2946663574817,27.2896256338382,27.3652109487011,27.3601736293342,27.2946663574817,27.3249055894848,27.3198663256309,27.4105358961847,27.4055007617757,27.4357079298451,27.5111876824057,27.7473389366228,27.6971385722891,27.5815863374129,27.7021596912783,27.7021596912783,27.6067172400882,27.6870956122065,27.6268176187712,27.5916394226271,27.4508082405489,27.6217928859212,27.5815863374129,27.4960960902657,27.5564493982478,27.5665048985609,27.4810023198492,27.4306740081185,27.3752848587436,27.4659063702468,27.385357797423,27.2644183636851,27.4608739026253,27.309787068249,27.2896256338382,27.3349833876879,27.4357079298451,27.2190299285684,27.2392050038562
27.5463929314253,27.3148268185636,27.4004653847288,27.4055007617757,27.3702480251596,27.4608739026253,27.2240740631453,27.2543337507527,27.2492910788209,27.1685751630395,27.1079972024379,27.2845846667777,27.4004653847288,27.2644183636851,27.3450602134443,27.3803214494867,27.3601736293342,27.1332422972466,27.309787068249,27.2442481632001,27.2543337507527,27.3299446101592,27.6167679118797,27.6469141389248,27.6067172400882,27.3903939025862,27.3047470746531,27.2694603047538,27.2593761790295,27.4155707879898,27.4105358961847,27.1988509509866,27.234161600755,27.1635283437601,27.1685751630395,27.1887599981537,27.2543337507527,27.2492910788209,27.1887599981537,27.2291179538628,27.2190299285684,27.2593761790295,27.1635283437601,27.1635283437601,27.1685751630395,27.2644183636851,27.2946663574817,27.2745020022695,27.2089409277006,27.3148268185636,27.2139855500982,27.3702480251596,27.2543337507527,27.3954297650103,27.3500982617396,27.2997068377419,27.1736217380844,27.3500982617396,27.2896256338382,27.3752848587436,27.2896256338382,27.2038960613414,27.1029474496787,27.3249055894848,27.3903939025862,27.2038960613414,27.2139855500982,27.2190299285684,27.2190299285684,27.3500982617396,27.2845846667777,27.2694603047538,27.2745020022695,27.2593761790295,27.2543337507527,27.0928472100887,27.1079972024379,27.2038960613414,27.2038960613414,27.1635283437601,27.1483864201735,27.2644183636851,27.2946663574817,27.2492910788209,27.2795434562661,27.2089409277006,27.2896256338382,27.3601736293342,27.2997068377419,27.2392050038562,27.3450602134443,27.2492910788209,27.2845846667777,27.3450602134443,27.2492910788209,27.1736217380844,27.2038960613414,27.2291179538628,27.037278385539,27.2291179538628,27.234161600755,27.1534339723613,27.2038960613414,27.1584812802121,27.2795434562661,27.1837141556074,27.2997068377419,27.309787068249,27.4004653847288,27.2946663574817,27.2795434562661,27.2946663574817,27.3954297650103,27.4155707879898,27.4055007617757,27.4105358961847,27.5564493982478,27.4155707879898,27.5614772692013,27.6016915422711,27.5866130007331,27.5765594326333,27.5966656031286,27.6217928859212,27.5614772692013,27.651937666319,27.7824648884334,27.8326244118639,27.8877721929225,28.0180064083215,28.0580460022081,27.9479003691149,28.0330230443987,27.8977959483549,27.837639044803,27.8326244118639,27.7021596912783,27.6670068026902,27.5815863374129,27.5313064183988,27.5966656031286,27.6368663610303,27.5765594326333,27.4910650755359,27.551421285667,27.6217928859212,27.6720293663216,27.5815863374129,27.4608739026253,27.4558411927372,27.5715322863604,27.4457750460266,27.4608739026253,27.6016915422711,27.506157393667,27.4508082405489,27.6117426966131,27.6921172126096,27.5916394226271,27.506157393667,27.5916394226271,27.5966656031286,27.6067172400882,27.6167679118797,27.7172216044382,27.6268176187712,27.7674123504958,27.6870956122065,27.812563481855,27.7623943574465,27.7523576505433,27.8727347639835,27.7172216044382,27.8677218086608,27.812563481855,27.7824648884334,27.7122012073196,27.7423199823454,27.6067172400882,27.631842110463,27.6117426966131,27.5866130007331,27.5916394226271,27.4860338187415,27.5665048985609,27.5313064183988,27.4558411927372,27.4910650755359,27.3954297650103,27.4558411927372,27.5011268629649,27.4508082405489,27.4910650755359,27.4659063702468,27.4659063702468,27.5815863374129,27.4960960902657,27.5866130007331,27.4709385956355,27.3752848587436,27.4407416091366,27.4457750460266,27.3752848587436,27.4357079298451,27.4860338187415,27.3752848587436,27.3652109487011,27.3249055894848,27.3652109487011,27.4960960902657,27.4306740081185,27.5715322863604,27.5866130007331,27.5966656031286,27.631842110463,27.6670068026902,27.6418903705064,27.6418903705064,27.8175790741614,27.6117426966131,27.631842110463,27.7423199823454,27.6217928859212,27.4709385956355,27.5212475341273,27.5765594326333,27.506157393667,27.3803214494867,27.355136067025,27.4055007617757,27.4457750460266,27.4306740081185,27.385357797423,27.3249055894848,27.2190299285684,27.3148268185636,27.2845846667777,27.234161600755,27.2997068377419,27.2291179538628
27.4357079298451,27.4256398439229,27.4357079298451,27.4558411927372,27.385357797423,27.2946663574817,27.2845846667777,27.2896256338382,27.193805596602,27.2644183636851,27.2492910788209,27.2946663574817,27.3903939025862,27.2997068377419,27.2745020022695,27.3198663256309,27.4357079298451,27.3299446101592,27.3249055894848,27.2694603047538,27.3198663256309,27.2291179538628,27.6117426966131,27.4709385956355,27.6067172400882,27.4709385956355,27.2392050038562,27.2896256338382,27.2745020022695,27.385357797423,27.3249055894848,27.3349833876879,27.3249055894848,27.3249055894848,27.4357079298451,27.385357797423,27.2038960613414,27.3652109487011,27.1635283437601,27.2392050038562,27.2392050038562,27.1736217380844,27.2896256338382,27.2038960613414,27.2139855500982,27.1736217380844,27.2442481632001,27.2492910788209,27.1837141556074,27.1988509509866,27.2593761790295,27.3148268185636,27.2845846667777,27.3954297650103,27.3652109487011,27.2946663574817,27.2442481632001,27.340021922105,27.4306740081185,27.551421285667,27.4105358961847,27.234161600755,27.2442481632001,27.4155707879898,27.3601736293342,27.309787068249,27.1332422972466,27.2694603047538,27.3702480251596,27.2997068377419,27.2845846667777,27.3652109487011,27.4055007617757,27.2896256338382,27.2492910788209,27.2997068377419,27.1837141556074,27.178668068929,27.1584812802121,27.2089409277006,27.2694603047538,27.2392050038562,27.2694603047538,27.2593761790295,27.355136067025,27.3148268185636,27.1837141556074,27.3450602134443,27.2644183636851,27.2845846667777,27.2745020022695,27.2694603047538,27.3500982617396,27.2997068377419,27.1584812802121,27.193805596602,27.2694603047538,27.2795434562661,27.2644183636851,27.2089409277006,27.2492910788209,27.2543337507527,27.309787068249,27.3047470746531,27.309787068249,27.193805596602,27.3047470746531,27.355136067025,27.2946663574817,27.2946663574817,27.2644183636851,27.2190299285684,27.3450602134443,27.4004653847288,27.4206054372245,27.3702480251596,27.3601736293342,27.355136067025,27.3903939025862,27.5564493982478,27.5815863374129,27.5665048985609,27.6418903705064,27.7674123504958,27.6167679118797,27.7674123504958,27.6820737710463,27.7824648884334,27.8326244118639,27.9529094959747,28.0029876251156,27.8627086137778,27.9178405871461,27.812563481855,27.7924987130493,27.812563481855,27.7724301033211,27.5463929314253,27.551421285667,27.5715322863604,27.6067172400882,27.4709385956355,27.6870956122065,27.5614772692013,27.6619839981682,27.7322813525865,27.5363354978248,27.5313064183988,27.4810023198492,27.506157393667,27.3299446101592,27.3601736293342,27.4457750460266,27.4608739026253,27.5463929314253,27.6418903705064,27.5614772692013,27.5966656031286,27.6418903705064,27.5966656031286,27.5665048985609,27.5866130007331,27.6368663610303,27.6016915422711,27.6167679118797,27.6670068026902,27.7523576505433,27.7874819207868,27.8827599560813,27.812563481855,27.8576951793018,27.7724301033211,27.8777474797793,27.7623943574465,27.837639044803,27.6720293663216,27.6217928859212,27.651937666319,27.5262770971775,27.5815863374129,27.4256398439229,27.4659063702468,27.4659063702468,27.4558411927372,27.4357079298451,27.5313064183988,27.5463929314253,27.4457750460266,27.4357079298451,27.4004653847288,27.4457750460266,27.4709385956355,27.3652109487011,27.3702480251596,27.340021922105,27.355136067025,27.4558411927372,27.5765594326333,27.4508082405489,27.355136067025,27.3148268185636,27.5363354978248,27.2997068377419,27.3047470746531,27.3047470746531,27.3047470746531,27.2543337507527,27.2997068377419,27.3752848587436,27.4206054372245,27.4055007617757,27.4256398439229,27.4407416091366,27.4407416091366,27.6971385722891,27.5212475341273,27.6368663610303,27.5665048985609,27.5866130007331,27.5665048985609,27.4608739026253,27.5966656031286,27.551421285667,27.4608739026253,27.4457750460266,27.4004653847288,27.551421285667,27.5665048985609,27.5614772692013,27.355136067025,27.3450602134443,27.3803214494867,27.3752848587436,27.3601736293342,27.2644183636851,27.3450602134443,27.2492910788209,27.234161600755,27.2795434562661,27.2795434562661
27.3601736293342,27.5111876824057,27.4105358961847,27.3702480251596,27.2139855500982,27.2946663574817,27.2694603047538,27.178668068929,27.193805596602,27.0726437936639,27.2946663574817,27.3702480251596,27.3601736293342,27.4206054372245,27.3198663256309,27.3299446101592,27.340021922105,27.3450602134443,27.1231449929837,27.3299446101592,27.3047470746531,27.3299446101592,27.4659063702468,27.6016915422711,27.3702480251596,27.2997068377419,27.4206054372245,27.2997068377419,27.355136067025,27.3652109487011,27.5363354978248,27.5212475341273,27.2946663574817,27.178668068929,27.2997068377419,27.2190299285684,27.2593761790295,27.2694603047538,27.1736217380844,27.1534339723613,27.1736217380844,27.193805596602,27.2845846667777,27.1534339723613,27.2240740631453,27.2139855500982,27.2644183636851,27.2038960613414,27.178668068929,27.2291179538628,27.1988509509866,27.3249055894848,27.3652109487011,27.3450602134443,27.3047470746531,27.3500982617396,27.2997068377419,27.2593761790295,27.5111876824057,27.5262770971775,27.4457750460266,27.4256398439229,27.3148268185636,27.3299446101592,27.2997068377419,27.4055007617757,27.3349833876879,27.340021922105,27.3047470746531,27.193805596602,27.2492910788209,27.2442481632001,27.3299446101592,27.3450602134443,27.2593761790295,27.2291179538628,27.2038960613414,27.2997068377419,27.2492910788209,27.1635283437601,27.2139855500982,27.2644183636851,27.3652109487011,27.2442481632001,27.2442481632001,27.3047470746531,27.1281937673691,27.1736217380844,27.1736217380844,27.2190299285684,27.2492910788209,27.2543337507527,27.1433386236146,27.1635283437601,27.234161600755,27.1584812802121,27.1534339723613,27.1887599981537,27.1685751630395,27.1534339723613,27.193805596602,27.193805596602,27.1483864201735,27.1433386236146,27.1584812802121,27.0625406162806,27.3198663256309,27.1988509509866,27.2190299285684,27.2190299285684,27.3601736293342,27.309787068249,27.2946663574817,27.2644183636851,27.3148268185636,27.4055007617757,27.385357797423,27.3954297650103,27.385357797423,27.3954297650103,27.475970578825,27.6016915422711,27.7373007876777,27.5665048985609,27.7975152652541,27.5715322863604,27.7674123504958,27.7573761241401,27.8025315774346,27.9128297863749,27.8877721929225,27.892784190336,27.9078187463413,28.0029876251156,27.8677218086608,28.0130003858666,27.7975152652541,27.6418903705064,27.7724301033211,27.6720293663216,27.506157393667,27.6268176187712,27.5212475341273,27.651937666319,27.5363354978248,27.6619839981682,27.5363354978248,27.6016915422711,27.3954297650103,27.4407416091366,27.4659063702468,27.4457750460266,27.4659063702468,27.5212475341273,27.4457750460266,27.475970578825,27.4910650755359,27.475970578825,27.5966656031286,27.5866130007331,27.5866130007331,27.5866130007331,27.631842110463,27.6117426966131,27.5614772692013,27.6016915422711,27.6016915422711,27.7523576505433,27.8576951793018,27.8175790741614,27.962927032733,27.892784190336,27.8526815051994,27.7473389366228,27.6971385722891,27.8175790741614,27.812563481855,27.7071805696107,27.5715322863604,27.6469141389248,27.5916394226271,27.3652109487011,27.4457750460266,27.4659063702468,27.4558411927372,27.475970578825,27.4960960902657,27.3450602134443,27.4457750460266,27.4357079298451,27.3702480251596,27.355136067025,27.3702480251596,27.4004653847288,27.4608739026253,27.3903939025862,27.5413643354891,27.475970578825,27.5363354978248,27.4960960902657,27.3903939025862,27.4256398439229,27.3349833876879,27.3198663256309,27.2593761790295,27.3148268185636,27.3249055894848,27.340021922105,27.4004653847288,27.4004653847288,27.5765594326333,27.4105358961847,27.4960960902657,27.5815863374129,27.5463929314253,27.3349833876879,27.4709385956355,27.6217928859212,27.4558411927372,27.6469141389248,27.5966656031286,27.6016915422711,27.475970578825,27.6469141389248,27.4659063702468,27.4407416091366,27.5162177292145,27.5212475341273,27.4055007617757,27.3601736293342,27.3702480251596,27.4055007617757,27.1281937673691,27.3702480251596,27.3450602134443,27.2543337507527,27.1988509509866,27.1736217380844,27.2291179538628,27.2694603047538
27.5614772692013,27.5614772692013,27.4457750460266,27.3450602134443,27.2139855500982,27.234161600755,27.2593761790295,27.2139855500982,27.2745020022695,27.2190299285684,27.2291179538628,27.2694603047538,27.3601736293342,27.3702480251596,27.2543337507527,27.178668068929,27.2593761790295,27.193805596602,27.3148268185636,27.3954297650103,27.3500982617396,27.3652109487011,27.5011268629649,27.4155707879898,27.4709385956355,27.5212475341273,27.4105358961847,27.5111876824057,27.5212475341273,27.506157393667,27.3803214494867,27.4407416091366,27.309787068249,27.2644183636851,27.2291179538628,27.2694603047538,27.2795434562661,27.1837141556074,27.1635283437601,27.2442481632001,27.1837141556074,27.1837141556074,27.1382905826503,27.1483864201735,27.1736217380844,27.1736217380844,27.1534339723613,27.2038960613414,27.1736217380844,27.2845846667777,27.1534339723613,27.2997068377419,27.2492910788209,27.2896256338382,27.4105358961847,27.2492910788209,27.2896256338382,27.4004653847288,27.5564493982478,27.3903939025862,27.475970578825,27.5614772692013,27.4155707879898,27.3299446101592,27.3500982617396,27.355136067025,27.2946663574817,27.355136067025,27.3148268185636,27.3299446101592,27.2593761790295,27.234161600755,27.234161600755,27.340021922105,27.2392050038562,27.1736217380844,27.2139855500982,27.178668068929,27.2139855500982,27.234161600755,27.2442481632001,27.2946663574817,27.385357797423,27.2492910788209,27.1736217380844,27.1332422972466,27.1584812802121,27.1382905826503,27.1635283437601,27.1382905826503,27.1180959740562,27.1534339723613,27.2644183636851,27.2593761790295,27.2038960613414,27.193805596602,27.1584812802121,27.193805596602,27.1635283437601,27.2190299285684,27.1635283437601,27.1332422972466,27.2291179538628,27.3047470746531,27.1837141556074,27.3702480251596,27.193805596602,27.2392050038562,27.2442481632001,27.193805596602,27.2089409277006,27.3500982617396,27.1837141556074,27.3047470746531,27.3198663256309,27.309787068249,27.385357797423,27.385357797423,27.385357797423,27.5614772692013,27.4960960902657,27.6921172126096,27.7473389366228,27.6469141389248,27.7322813525865,27.6670068026902,27.8225944265762,27.7975152652541,27.9529094959747,27.9879666938923,27.982959239327,28.1130755441568,27.9328715542163,27.8777474797793,27.9979808867536,28.0230121922066,27.8025315774346,27.7975152652541,27.7623943574465,27.6670068026902,27.5413643354891,27.7272616770383,27.5212475341273,27.651937666319,27.6016915422711,27.6720293663216,27.6619839981682,27.4709385956355,27.5313064183988,27.551421285667,27.5614772692013,27.4256398439229,27.4810023198492,27.4558411927372,27.4558411927372,27.506157393667,27.6167679118797,27.5815863374129,27.5463929314253,27.6921172126096,27.6117426966131,27.6921172126096,27.6569609527223,27.6268176187712,27.5564493982478,27.551421285667,27.6368663610303,27.7824648884334,27.8075476496238,27.8225944265762,27.892784190336,27.8877721929225,27.8727347639835,27.8326244118639,27.7824648884334,27.7021596912783,27.7924987130493,27.7172216044382,27.651937666319,27.6469141389248,27.6067172400882,27.6067172400882,27.5212475341273,27.5665048985609,27.3752848587436,27.4709385956355,27.3249055894848,27.3198663256309,27.4558411927372,27.4910650755359,27.4810023198492,27.4457750460266,27.2139855500982,27.5715322863604,27.4608739026253,27.4457750460266,27.4810023198492,27.5212475341273,27.385357797423,27.4810023198492,27.4457750460266,27.4105358961847,27.3752848587436,27.4055007617757,27.4457750460266,27.3601736293342,27.4004653847288,27.3803214494867,27.6217928859212,27.6418903705064,27.5765594326333,27.6117426966131,27.5815863374129,27.5715322863604,27.6418903705064,27.6670068026902,27.6469141389248,27.6067172400882,27.6469141389248,27.6268176187712,27.6016915422711,27.6418903705064,27.551421285667,27.5614772692013,27.4960960902657,27.5765594326333,27.5715322863604,27.4004653847288,27.5212475341273,27.4357079298451,27.385357797423,27.4105358961847,27.4004653847288,27.340021922105,27.3349833876879,27.3500982617396,27.2240740631453,27.3349833876879,27.3299446101592,27.1635283437601
27.2795434562661,27.3450602134443,27.3450602134443,27.3148268185636,27.1988509509866,27.2089409277006,27.234161600755,27.1231449929837,27.1029474496787,27.037278385539,27.2240740631453,27.2896256338382,27.3702480251596,27.2997068377419,27.1837141556074,27.1635283437601,27.2845846667777,27.2240740631453,27.1130467105523,27.3349833876879,27.4457750460266,27.3349833876879,27.3299446101592,27.3349833876879,27.2291179538628,27.385357797423,27.5111876824057,27.3702480251596,27.3702480251596,27.3803214494867,27.551421285667,27.4004653847288,27.2240740631453,27.2694603047538,27.2593761790295,27.2644183636851,27.2644183636851,27.2745020022695,27.2089409277006,27.1433386236146,27.234161600755,27.2089409277006,27.1635283437601,27.1635283437601,27.1887599981537,27.193805596602,27.340021922105,27.2190299285684,27.1584812802121,27.1736217380844,27.1887599981537,27.2139855500982,27.2845846667777,27.3047470746531,27.3601736293342,27.3652109487011,27.4155707879898,27.4206054372245,27.4357079298451,27.4206054372245,27.4960960902657,27.4457750460266,27.506157393667,27.2492910788209,27.3652109487011,27.3652109487011,27.3500982617396,27.355136067025,27.355136067025,27.4910650755359,27.3299446101592,27.5011268629649,27.340021922105,27.2291179538628,27.234161600755,27.1887599981537,27.2190299285684,27.2139855500982,27.2139855500982,27.2139855500982,27.2492910788209,27.2946663574817,27.2795434562661,27.2543337507527,27.1483864201735,27.0827459915085,27.1483864201735,27.1584812802121,27.1332422972466,27.1382905826503,27.2442481632001,27.1534339723613,27.0726437936639,27.2543337507527,27.1029474496787,27.2291179538628,27.0776950150114,27.1433386236146,27.1281937673691,27.2089409277006,27.1635283437601,27.1483864201735,27.178668068929,27.3047470746531,27.1887599981537,27.3349833876879,27.2543337507527,27.3601736293342,27.1231449929837,27.2492910788209,27.1988509509866,27.2291179538628,27.2896256338382,27.2644183636851,27.2896256338382,27.2896256338382,27.3803214494867,27.2896256338382,27.385357797423,27.4709385956355,27.4910650755359,27.5966656031286,27.7724301033211,27.7975152652541,27.8025315774346,27.7623943574465,27.8225944265762,27.9479003691149,28.043032942706,27.9378813982687,27.9729436137625,28.1080740489112,27.9028074670123,27.8677218086608,27.8677218086608,27.8025315774346,27.7021596912783,27.7172216044382,27.651937666319,27.5966656031286,27.506157393667,27.6368663610303,27.5162177292145,27.7423199823454,27.5765594326333,27.6870956122065,27.5916394226271,27.5162177292145,27.5111876824057,27.4508082405489,27.5011268629649,27.6418903705064,27.355136067025,27.3803214494867,27.3702480251596,27.355136067025,27.5413643354891,27.5715322863604,27.6469141389248,27.5815863374129,27.651937666319,27.6016915422711,27.5765594326333,27.6770516890958,27.5715322863604,27.7172216044382,27.777447615956,27.7724301033211,27.7924987130493,27.7573761241401,27.892784190336,27.9779515459613,27.7724301033211,27.7674123504958,27.6971385722891,27.6971385722891,27.6670068026902,27.7222417610001,27.7272616770383,27.6268176187712,27.6418903705064,27.506157393667,27.6067172400882,27.5162177292145,27.5162177292145,27.475970578825,27.5564493982478,27.5011268629649,27.4659063702468,27.5212475341273,27.4960960902657,27.4357079298451,27.4407416091366,27.385357797423,27.4105358961847,27.506157393667,27.5413643354891,27.4407416091366,27.5564493982478,27.4306740081185,27.5413643354891,27.3903939025862,27.4508082405489,27.4407416091366,27.3349833876879,27.3752848587436,27.2795434562661,27.5111876824057,27.5966656031286,27.6016915422711,27.6569609527223,27.6670068026902,27.6469141389248,27.5815863374129,27.5966656031286,27.5413643354891,27.7071805696107,27.5815863374129,27.6217928859212,27.6268176187712,27.6469141389248,27.4810023198492,27.5665048985609,27.5765594326333,27.5564493982478,27.5463929314253,27.5011268629649,27.5866130007331,27.4709385956355,27.5614772692013,27.4105358961847,27.4407416091366,27.3198663256309,27.3803214494867,27.3198663256309,27.4256398439229,27.2139855500982,27.4055007617757,27.2845846667777,27.3249055894848
27.3450602134443,27.309787068249,27.4508082405489,27.1332422972466,27.2644183636851,27.3249055894848,27.1988509509866,27.1079972024379,27.0877967231895,27.1685751630395,27.1483864201735,27.1887599981537,27.2795434562661,27.1685751630395,27.1483864201735,27.2291179538628,27.1736217380844,27.1231449929837,27.2392050038562,27.1887599981537,27.4709385956355,27.5111876824057,27.355136067025,27.4457750460266,27.3954297650103,27.340021922105,27.5212475341273,27.3954297650103,27.3903939025862,27.3299446101592,27.3299446101592,27.4055007617757,27.2139855500982,27.2997068377419,27.234161600755,27.2644183636851,27.1685751630395,27.1685751630395,27.2543337507527,27.1887599981537,27.2190299285684,27.1433386236146,27.1584812802121,27.2139855500982,27.2190299285684,27.2139855500982,27.234161600755,27.2492910788209,27.3500982617396,27.309787068249,27.2946663574817,27.2946663574817,27.234161600755,27.2240740631453,27.3198663256309,27.2593761790295,27.4004653847288,27.4407416091366,27.2946663574817,27.4357079298451,27.5111876824057,27.4860338187415,27.3903939025862,27.3601736293342,27.2543337507527,27.2896256338382,27.3198663256309,27.1281937673691,27.3299446101592,27.3954297650103,27.5866130007331,27.5212475341273,27.3903939025862,27.3349833876879,27.2492910788209,27.234161600755,27.2291179538628,27.1988509509866,27.1483864201735,27.2946663574817,27.2392050038562,27.4256398439229,27.4256398439229,27.1332422972466,27.234161600755,27.2492910788209,27.1584812802121,27.1635283437601,27.2492910788209,27.2543337507527,27.355136067025,27.1736217380844,27.1332422972466,27.1685751630395,27.0827459915085,27.0675923274317,27.1584812802121,27.1332422972466,27.1332422972466,27.2190299285684,27.2291179538628,27.2089409277006,27.1433386236146,27.052436459084,27.2946663574817,27.2190299285684,27.193805596602,27.3450602134443,27.2593761790295,27.2442481632001,27.2593761790295,27.2745020022695,27.355136067025,27.4105358961847,27.4004653847288,27.3148268185636,27.3500982617396,27.4004653847288,27.3903939025862,27.4659063702468,27.5815863374129,27.6418903705064,27.6569609527223,27.7924987130493,27.7071805696107,27.8977959483549,27.8426534379831,28.0029876251156,27.9579183838364,27.9779515459613,27.9779515459613,28.1030723156867,28.1380794518489,27.9128297863749,27.8526815051994,27.8677218086608,27.6870956122065,27.777447615956,27.7071805696107,27.6217928859212,27.6418903705064,27.7071805696107,27.6368663610303,27.7473389366228,27.651937666319,27.7272616770383,27.6167679118797,27.6217928859212,27.6268176187712,27.6117426966131,27.6117426966131,27.6418903705064,27.5313064183988,27.5313064183988,27.3198663256309,27.6016915422711,27.5665048985609,27.6469141389248,27.5715322863604,27.651937666319,27.7874819207868,27.7322813525865,27.777447615956,27.5665048985609,27.6067172400882,27.6971385722891,27.7623943574465,27.7122012073196,27.8877721929225,27.7071805696107,27.9929739096901,27.7924987130493,27.8225944265762,27.8576951793018,27.7975152652541,27.7222417610001,27.5363354978248,27.6368663610303,27.6670068026902,27.7172216044382,27.7523576505433,27.6770516890958,27.5966656031286,27.5765594326333,27.5614772692013,27.506157393667,27.4558411927372,27.4810023198492,27.3500982617396,27.4860338187415,27.4306740081185,27.4558411927372,27.4004653847288,27.4709385956355,27.4306740081185,27.506157393667,27.5715322863604,27.4155707879898,27.5715322863604,27.4256398439229,27.4558411927372,27.385357797423,27.2946663574817,27.4004653847288,27.3601736293342,27.385357797423,27.3652109487011,27.4810023198492,27.6217928859212,27.6770516890958,27.6569609527223,27.6619839981682,27.7071805696107,27.4810023198492,27.6368663610303,27.6067172400882,27.6067172400882,27.6619839981682,27.6569609527223,27.6016915422711,27.6016915422711,27.506157393667,27.5815863374129,27.5866130007331,27.5363354978248,27.5162177292145,27.5212475341273,27.4508082405489,27.3954297650103,27.4155707879898,27.4407416091366,27.4306740081185,27.2997068377419,27.309787068249,27.3803214494867,27.475970578825,27.3299446101592,27.3148268185636,27.1887599981537,27.2593761790295
27.385357797423,27.3299446101592,27.2946663574817,27.1736217380844,27.1079972024379,27.2795434562661,27.193805596602,27.1382905826503,27.2139855500982,27.2038960613414,27.3299446101592,27.2644183636851,27.2694603047538,27.2593761790295,27.2644183636851,27.1281937673691,27.2089409277006,27.1231449929837,27.3652109487011,27.4508082405489,27.6870956122065,27.6971385722891,27.4960960902657,27.355136067025,27.2745020022695,27.3349833876879,27.3752848587436,27.4206054372245,27.5463929314253,27.3198663256309,27.3047470746531,27.4055007617757,27.2946663574817,27.2745020022695,27.1584812802121,27.2392050038562,27.2644183636851,27.3803214494867,27.2745020022695,27.2543337507527,27.2291179538628,27.193805596602,27.385357797423,27.2492910788209,27.2492910788209,27.234161600755,27.2492910788209,27.1483864201735,27.2997068377419,27.2997068377419,27.2139855500982,27.234161600755,27.3249055894848,27.340021922105,27.3702480251596,27.3299446101592,27.4256398439229,27.4407416091366,27.4407416091366,27.3702480251596,27.4910650755359,27.3299446101592,27.3803214494867,27.4910650755359,27.4659063702468,27.3702480251596,27.3047470746531,27.1584812802121,27.2745020022695,27.4810023198492,27.4407416091366,27.4004653847288,27.5162177292145,27.3299446101592,27.2291179538628,27.234161600755,27.2190299285684,27.3148268185636,27.1887599981537,27.2492910788209,27.2795434562661,27.4306740081185,27.5162177292145,27.4256398439229,27.2644183636851,27.1736217380844,27.2593761790295,27.2543337507527,27.234161600755,27.3148268185636,27.2946663574817,27.1534339723613,27.2392050038562,27.1079972024379,27.1382905826503,27.2089409277006,27.2038960613414,27.2291179538628,27.2038960613414,27.1988509509866,27.2038960613414,27.2240740631453,27.2240740631453,27.1584812802121,27.1685751630395,27.193805596602,27.193805596602,27.1887599981537,27.5111876824057,27.3752848587436,27.234161600755,27.2291179538628,27.4004653847288,27.3903939025862,27.355136067025,27.2795434562661,27.340021922105,27.3903939025862,27.340021922105,27.4709385956355,27.5212475341273,27.6418903705064,28.0079941248089,27.8326244118639,27.8576951793018,27.9128297863749,27.9679354426974,27.9979808867536,28.0930681351701,28.0880656878123,28.0730569169481,27.9679354426974,27.8777474797793,27.8426534379831,27.812563481855,27.7473389366228,27.7573761241401,27.7573761241401,27.7122012073196,27.6469141389248,27.6619839981682,27.6167679118797,27.6167679118797,27.7272616770383,27.7423199823454,27.5665048985609,27.6167679118797,27.7021596912783,27.6117426966131,27.6870956122065,27.7373007876777,27.6418903705064,27.551421285667,27.5614772692013,27.551421285667,27.5564493982478,27.5966656031286,27.651937666319,27.7975152652541,27.812563481855,27.7874819207868,27.7523576505433,27.7674123504958,27.7874819207868,27.7473389366228,27.7874819207868,27.7674123504958,27.7222417610001,27.7924987130493,27.9278614710339,27.9128297863749,27.9428910032239,27.8025315774346,27.6870956122065,27.8476675914376,27.6619839981682,27.6469141389248,27.6418903705064,27.651937666319,27.7523576505433,27.6418903705064,27.7523576505433,27.7423199823454,27.6016915422711,27.6067172400882,27.5212475341273,27.7021596912783,27.5665048985609,27.4558411927372,27.4810023198492,27.5313064183988,27.4206054372245,27.5212475341273,27.4810023198492,27.5111876824057,27.5665048985609,27.4457750460266,27.5665048985609,27.475970578825,27.4306740081185,27.4608739026253,27.4306740081185,27.4357079298451,27.5111876824057,27.3702480251596,27.3249055894848,27.3450602134443,27.6217928859212,27.6016915422711,27.6619839981682,27.7272616770383,27.7172216044382,27.7071805696107,27.6217928859212,27.6870956122065,27.6067172400882,27.6067172400882,27.6418903705064,27.6217928859212,27.5815863374129,27.5866130007331,27.6971385722891,27.6569609527223,27.5715322863604,27.4709385956355,27.5463929314253,27.5866130007331,27.4709385956355,27.4004653847288,27.4306740081185,27.4357079298451,27.4457750460266,27.4407416091366,27.4457750460266,27.2392050038562,27.2442481632001,27.2997068377419,27.3047470746531,27.2896256338382,27.2997068377419
27.1887599981537,27.193805596602,27.1685751630395,27.1584812802121,27.2896256338382,27.2089409277006,27.2492910788209,27.0675923274317,27.1382905826503,27.1635283437601,27.475970578825,27.2795434562661,27.385357797423,27.1433386236146,27.1534339723613,27.2644183636851,27.1635283437601,27.234161600755,27.4457750460266,27.6619839981682,27.8677218086608,27.6870956122065,27.4960960902657,27.4810023198492,27.5111876824057,27.4256398439229,27.2745020022695,27.3450602134443,27.2896256338382,27.3803214494867,27.2997068377419,27.3047470746531,27.2291179538628,27.3450602134443,27.2694603047538,27.2896256338382,27.4004653847288,27.2694603047538,27.2543337507527,27.3450602134443,27.2543337507527,27.2745020022695,27.1180959740562,27.2291179538628,27.2593761790295,27.4004653847288,27.3752848587436,27.4407416091366,27.4105358961847,27.2190299285684,27.1988509509866,27.2997068377419,27.2795434562661,27.3148268185636,27.4256398439229,27.4910650755359,27.309787068249,27.2845846667777,27.2845846667777,27.2997068377419,27.2795434562661,27.4608739026253,27.3601736293342,27.4810023198492,27.3148268185636,27.2745020022695,27.2694603047538,27.2644183636851,27.2442481632001,27.4608739026253,27.4004653847288,27.506157393667,27.551421285667,27.4055007617757,27.1534339723613,27.3450602134443,27.2392050038562,27.2089409277006,27.3148268185636,27.3249055894848,27.3047470746531,27.4306740081185,27.5363354978248,27.4256398439229,27.2593761790295,27.3047470746531,27.1281937673691,27.2644183636851,27.1332422972466,27.234161600755,27.2240740631453,27.1130467105523,27.2139855500982,27.2694603047538,27.2593761790295,27.1029474496787,27.1130467105523,27.2190299285684,27.1887599981537,27.178668068929,27.1635283437601,27.2190299285684,27.1685751630395,27.2190299285684,27.1887599981537,27.193805596602,27.178668068929,27.2997068377419,27.2694603047538,27.1382905826503,27.3299446101592,27.234161600755,27.3148268185636,27.385357797423,27.2997068377419,27.3903939025862,27.3752848587436,27.355136067025,27.3450602134443,27.631842110463,27.6217928859212,27.9679354426974,27.9178405871461,27.9579183838364,27.8627086137778,27.9128297863749,27.9028074670123,27.962927032733,27.9929739096901,27.9579183838364,27.9178405871461,27.892784190336,27.8777474797793,27.8677218086608,27.7322813525865,27.6268176187712,27.7623943574465,27.7222417610001,27.7222417610001,27.6619839981682,27.6217928859212,27.6619839981682,27.8977959483549,27.6268176187712,27.7322813525865,27.6418903705064,27.7172216044382,27.6117426966131,27.7322813525865,27.6368663610303,27.6569609527223,27.5966656031286,27.5614772692013,27.551421285667,27.5564493982478,27.5564493982478,27.5916394226271,27.5966656031286,27.631842110463,27.7473389366228,27.7674123504958,27.631842110463,27.7373007876777,27.7373007876777,27.8175790741614,27.7373007876777,27.7122012073196,27.7674123504958,28.0180064083215,27.777447615956,27.7674123504958,27.8526815051994,27.6720293663216,27.7523576505433,27.7122012073196,27.7021596912783,27.6268176187712,27.8476675914376,27.5262770971775,27.6820737710463,27.6167679118797,27.7071805696107,27.5313064183988,27.5564493982478,27.3903939025862,27.6016915422711,27.3601736293342,27.4457750460266,27.4457750460266,27.4357079298451,27.4810023198492,27.3954297650103,27.3954297650103,27.5363354978248,27.5463929314253,27.5765594326333,27.5313064183988,27.5715322863604,27.4860338187415,27.4508082405489,27.4407416091366,27.4306740081185,27.3198663256309,27.3249055894848,27.3450602134443,27.3752848587436,27.4860338187415,27.631842110463,27.651937666319,27.7373007876777,27.7322813525865,27.6469141389248,27.7222417610001,27.5866130007331,27.6971385722891,27.6067172400882,27.6117426966131,27.6971385722891,27.5916394226271,27.6870956122065,27.7071805696107,27.6670068026902,27.7021596912783,27.5162177292145,27.4457750460266,27.4407416091366,27.551421285667,27.5715322863604,27.4055007617757,27.4306740081185,27.4558411927372,27.3752848587436,27.3148268185636,27.2997068377419,27.2644183636851,27.3500982617396,27.2795434562661,27.3450602134443,27.2694603047538,27.355136067025
27.340021922105,27.309787068249,27.0120100266741,27.1988509509866,27.052436459084,27.1079972024379,27.0928472100887,27.0776950150114,27.385357797423,27.2745020022695,27.4055007617757,27.4558411927372,27.355136067025,27.2644183636851,27.3954297650103,27.3249055894848,27.1281937673691,27.2190299285684,27.2492910788209,27.4558411927372,27.6770516890958,27.9078187463413,27.7222417610001,27.7021596912783,27.6720293663216,27.4407416091366,27.1382905826503,27.3450602134443,27.2946663574817,27.2795434562661,27.3752848587436,27.3450602134443,27.2543337507527,27.3198663256309,27.340021922105,27.2492910788209,27.1584812802121,27.355136067025,27.3047470746531,27.3047470746531,27.3249055894848,27.3198663256309,27.2543337507527,27.2543337507527,27.2492910788209,27.3299446101592,27.1635283437601,27.2997068377419,27.3198663256309,27.3450602134443,27.234161600755,27.3047470746531,27.234161600755,27.6569609527223,27.4608739026253,27.4457750460266,27.6569609527223,27.4055007617757,27.2593761790295,27.2795434562661,27.2089409277006,27.3954297650103,27.2392050038562,27.2644183636851,27.234161600755,27.3047470746531,27.2593761790295,27.1332422972466,27.1534339723613,27.3249055894848,27.3198663256309,27.4256398439229,27.4558411927372,27.2694603047538,27.3198663256309,27.2089409277006,27.2291179538628,27.1736217380844,27.1483864201735,27.2644183636851,27.4357079298451,27.4256398439229,27.3450602134443,27.2946663574817,27.2644183636851,27.2291179538628,27.2240740631453,27.2492910788209,27.2694603047538,27.1887599981537,27.2543337507527,27.1180959740562,27.2038960613414,27.1130467105523,27.1382905826503,27.2038960613414,27.193805596602,27.193805596602,27.1887599981537,27.1887599981537,27.2038960613414,27.1635283437601,27.2089409277006,27.1534339723613,27.2190299285684,27.193805596602,27.3500982617396,27.2089409277006,27.2291179538628,27.4105358961847,27.4206054372245,27.2745020022695,27.2896256338382,27.3903939025862,27.3299446101592,27.3349833876879,27.3903939025862,27.355136067025,27.475970578825,27.4206054372245,27.6268176187712,27.9328715542163,27.8877721929225,28.0380281127715,27.8526815051994,27.8777474797793,27.8727347639835,27.8877721929225,27.8276095391327,27.9729436137625,27.8777474797793,27.9128297863749,27.8827599560813,27.9178405871461,27.7724301033211,27.837639044803,27.7874819207868,27.6971385722891,27.7172216044382,27.651937666319,27.6217928859212,27.7924987130493,27.7172216044382,27.7523576505433,27.8526815051994,27.7623943574465,27.7573761241401,27.6268176187712,27.7523576505433,27.7172216044382,27.7373007876777,27.6670068026902,27.5564493982478,27.5564493982478,27.5011268629649,27.5212475341273,27.5363354978248,27.5313064183988,27.6016915422711,27.6418903705064,27.7071805696107,27.7623943574465,27.7423199823454,27.6368663610303,27.7573761241401,27.7071805696107,27.777447615956,27.7122012073196,27.8827599560813,27.7473389366228,27.8025315774346,27.7874819207868,27.8777474797793,27.6820737710463,27.651937666319,27.7122012073196,27.7724301033211,27.6469141389248,27.7071805696107,27.6720293663216,27.5966656031286,27.5162177292145,27.5614772692013,27.4608739026253,27.5313064183988,27.5212475341273,27.4457750460266,27.6117426966131,27.4659063702468,27.4457750460266,27.4306740081185,27.506157393667,27.4004653847288,27.2845846667777,27.4055007617757,27.6016915422711,27.551421285667,27.5363354978248,27.4558411927372,27.3702480251596,27.475970578825,27.4457750460266,27.4155707879898,27.355136067025,27.4206054372245,27.4709385956355,27.5011268629649,27.6268176187712,27.6670068026902,27.6670068026902,27.7021596912783,27.6921172126096,27.8426534379831,27.7423199823454,27.7071805696107,27.6971385722891,27.6469141389248,27.6268176187712,27.6016915422711,27.5765594326333,27.6870956122065,27.5765594326333,27.5815863374129,27.4608739026253,27.5313064183988,27.4709385956355,27.4508082405489,27.506157393667,27.4457750460266,27.5815863374129,27.4910650755359,27.5614772692013,27.4407416091366,27.355136067025,27.3249055894848,27.340021922105,27.2795434562661,27.3500982617396,27.3903939025862,27.2644183636851
27.0120100266741,27.0221181058697,27.052436459084,27.1180959740562,27.1079972024379,27.1635283437601,27.1029474496787,27.0625406162806,27.0776950150114,27.1584812802121,27.1685751630395,27.340021922105,27.2694603047538,27.3198663256309,27.2694603047538,27.2392050038562,27.3450602134443,27.2997068377419,27.2593761790295,27.3954297650103,27.6870956122065,27.7874819207868,27.8827599560813,27.7222417610001,27.6016915422711,27.4960960902657,27.2593761790295,27.2089409277006,27.2392050038562,27.1332422972466,27.4004653847288,27.2392050038562,27.2291179538628,27.2845846667777,27.4608739026253,27.355136067025,27.3148268185636,27.3601736293342,27.4860338187415,27.3450602134443,27.3198663256309,27.193805596602,27.2997068377419,27.2543337507527,27.1736217380844,27.2896256338382,27.2997068377419,27.2543337507527,27.3349833876879,27.4457750460266,27.3148268185636,27.2038960613414,27.3249055894848,27.4457750460266,27.4608739026253,27.4659063702468,27.4457750460266,27.4306740081185,27.2745020022695,27.2442481632001,27.2442481632001,27.1483864201735,27.1635283437601,27.2644183636851,27.2946663574817,27.2745020022695,27.178668068929,27.1584812802121,27.1887599981537,27.2795434562661,27.2694603047538,27.3752848587436,27.2845846667777,27.2845846667777,27.2139855500982,26.9968460680691,27.2291179538628,26.9917909244467,27.1685751630395,27.2896256338382,27.4659063702468,27.4004653847288,27.3047470746531,27.3803214494867,27.3148268185636,27.2190299285684,27.2543337507527,27.3500982617396,27.2946663574817,27.1130467105523,27.2089409277006,27.1483864201735,27.1483864201735,27.1483864201735,27.1332422972466,27.1685751630395,27.1887599981537,27.0827459915085,27.0120100266741,27.1837141556074,27.0978974522403,27.234161600755,27.2038960613414,27.2038960613414,27.2089409277006,27.1332422972466,27.178668068929,27.1887599981537,27.1988509509866,27.2492910788209,27.2593761790295,27.340021922105,27.2593761790295,27.3601736293342,27.4105358961847,27.2644183636851,27.355136067025,27.3349833876879,27.3803214494867,27.5313064183988,27.5866130007331,27.8526815051994,27.8476675914376,27.7874819207868,27.8526815051994,27.7272616770383,27.7172216044382,27.8677218086608,27.8727347639835,27.8426534379831,27.8627086137778,27.8877721929225,27.8276095391327,27.8576951793018,27.8075476496238,27.6770516890958,27.7924987130493,27.6670068026902,27.7373007876777,27.651937666319,27.7373007876777,27.9579183838364,27.777447615956,27.7674123504958,27.8025315774346,27.7523576505433,27.6619839981682,27.6418903705064,27.6670068026902,27.6268176187712,27.6117426966131,27.4709385956355,27.4810023198492,27.4709385956355,27.4608739026253,27.4357079298451,27.4810023198492,27.5815863374129,27.7071805696107,27.6921172126096,27.7674123504958,27.6670068026902,27.7272616770383,27.6469141389248,27.6820737710463,27.6619839981682,27.7423199823454,27.7423199823454,27.6569609527223,27.6067172400882,27.6971385722891,27.7272616770383,27.8576951793018,27.812563481855,27.5313064183988,27.6870956122065,27.7172216044382,27.5212475341273,27.5212475341273,27.6469141389248,27.5162177292145,27.5212475341273,27.506157393667,27.6016915422711,27.4508082405489,27.5162177292145,27.506157393667,27.5162177292145,27.5011268629649,27.4105358961847,27.3903939025862,27.3903939025862,27.506157393667,27.506157393667,27.4608739026253,27.5715322863604,27.5363354978248,27.5212475341273,27.5262770971775,27.4306740081185,27.4105358961847,27.3349833876879,27.2139855500982,27.4659063702468,27.3500982617396,27.5162177292145,27.6117426966131,27.6569609527223,27.6720293663216,27.7473389366228,27.7071805696107,27.7322813525865,27.8526815051994,27.6117426966131,27.6569609527223,27.6971385722891,27.5413643354891,27.6016915422711,27.5866130007331,27.4407416091366,27.6820737710463,27.5665048985609,27.4457750460266,27.5313064183988,27.5916394226271,27.6368663610303,27.5715322863604,27.4256398439229,27.5665048985609,27.4558411927372,27.4357079298451,27.4155707879898,27.3500982617396,27.3249055894848,27.2795434562661,27.2896256338382,27.2644183636851,27.2492910788209,27.3349833876879,27.2543337507527
27.3450602134443,27.2038960613414,27.3047470746531,27.1281937673691,27.1483864201735,27.2139855500982,27.2543337507527,27.0726437936639,27.2492910788209,27.0776950150114,27.1887599981537,27.1887599981537,27.4206054372245,27.3047470746531,27.1837141556074,27.2190299285684,27.3148268185636,27.2291179538628,27.3249055894848,27.4659063702468,27.5916394226271,27.8326244118639,27.9128297863749,27.8877721929225,27.4910650755359,27.6067172400882,27.4457750460266,27.3702480251596,27.3652109487011,27.2492910788209,27.4206054372245,27.1837141556074,27.2240740631453,27.193805596602,27.3601736293342,27.3349833876879,27.355136067025,27.2896256338382,27.3047470746531,27.2694603047538,27.3047470746531,27.309787068249,27.3047470746531,27.2240740631453,27.3047470746531,27.2644183636851,27.178668068929,27.3249055894848,27.5262770971775,27.5313064183988,27.4357079298451,27.2946663574817,27.3249055894848,27.4659063702468,27.4960960902657,27.4810023198492,27.4608739026253,27.3299446101592,27.385357797423,27.2240740631453,27.2291179538628,27.2543337507527,27.2946663574817,27.2593761790295,27.2845846667777,27.3349833876879,27.2593761790295,27.1483864201735,27.2139855500982,27.1534339723613,27.1685751630395,27.2694603047538,27.2139855500982,27.2795434562661,27.2644183636851,27.2593761790295,27.2291179538628,27.2442481632001,27.1584812802121,27.2896256338382,27.3450602134443,27.3450602134443,27.3702480251596,27.4206054372245,27.3903939025862,27.340021922105,27.2795434562661,27.3047470746531,27.2442481632001,27.309787068249,27.4155707879898,27.2492910788209,27.4105358961847,27.2038960613414,27.1837141556074,27.2089409277006,27.0877967231895,27.0978974522403,27.1332422972466,27.1988509509866,27.1988509509866,27.1736217380844,27.1534339723613,27.1635283437601,27.0675923274317,27.1887599981537,27.1736217380844,27.1281937673691,27.3148268185636,27.178668068929,27.2543337507527,27.3148268185636,27.3349833876879,27.4055007617757,27.2997068377419,27.4105358961847,27.3148268185636,27.5363354978248,27.5815863374129,27.6870956122065,27.7222417610001,27.6217928859212,27.7222417610001,27.7322813525865,27.7172216044382,27.7122012073196,27.6820737710463,27.6368663610303,27.7021596912783,27.7272616770383,27.8727347639835,27.8326244118639,27.9128297863749,27.8025315774346,27.8075476496238,27.7172216044382,27.6720293663216,27.6770516890958,27.7473389366228,27.7423199823454,27.7874819207868,27.9479003691149,27.837639044803,27.8426534379831,27.6569609527223,27.7523576505433,27.7824648884334,27.7322813525865,27.6268176187712,27.6117426966131,27.631842110463,27.5665048985609,27.5262770971775,27.5162177292145,27.6619839981682,27.506157393667,27.506157393667,27.5866130007331,27.651937666319,27.7824648884334,27.6770516890958,27.6217928859212,27.6670068026902,27.6670068026902,27.6720293663216,27.7021596912783,27.8677218086608,27.777447615956,27.7523576505433,27.7172216044382,27.7975152652541,27.7071805696107,27.812563481855,27.7272616770383,27.7172216044382,27.7874819207868,27.7473389366228,27.6418903705064,27.5162177292145,27.5162177292145,27.5162177292145,27.6820737710463,27.5262770971775,27.4608739026253,27.5363354978248,27.5162177292145,27.4457750460266,27.4508082405489,27.5313064183988,27.3903939025862,27.3803214494867,27.4910650755359,27.4709385956355,27.4558411927372,27.4357079298451,27.5262770971775,27.5564493982478,27.5011268629649,27.4508082405489,27.5212475341273,27.4256398439229,27.4357079298451,27.4306740081185,27.3500982617396,27.3299446101592,27.5111876824057,27.6217928859212,27.5916394226271,27.7724301033211,27.8276095391327,27.837639044803,27.8476675914376,27.7021596912783,27.8426534379831,27.7573761241401,27.6619839981682,27.6368663610303,27.631842110463,27.5413643354891,27.5866130007331,27.6067172400882,27.5715322863604,27.6418903705064,27.5665048985609,27.551421285667,27.4709385956355,27.5815863374129,27.5866130007331,27.4457750460266,27.5363354978248,27.4256398439229,27.4508082405489,27.4960960902657,27.3652109487011,27.355136067025,27.3752848587436,27.3047470746531,27.3500982617396,27.2694603047538,27.2795434562661
27.04738401297,27.037278385539,27.1281937673691,27.04738401297,27.0423313217998,27.1433386236146,27.0928472100887,27.2593761790295,27.1584812802121,27.1079972024379,27.234161600755,27.037278385539,27.234161600755,27.1534339723613,27.1988509509866,27.1988509509866,27.2089409277006,27.234161600755,27.340021922105,27.2593761790295,27.4608739026253,27.6569609527223,27.7322813525865,27.5815863374129,27.506157393667,27.4004653847288,27.1685751630395,27.1534339723613,27.3249055894848,27.2392050038562,27.2442481632001,27.1837141556074,27.2492910788209,27.2089409277006,27.2694603047538,27.2745020022695,27.3198663256309,27.2896256338382,27.3198663256309,27.3148268185636,27.2694603047538,27.3299446101592,27.1332422972466,27.2089409277006,27.2492910788209,27.0776950150114,27.2139855500982,27.3702480251596,27.4457750460266,27.3349833876879,27.4055007617757,27.3198663256309,27.5313064183988,27.6469141389248,27.6016915422711,27.4709385956355,27.4457750460266,27.2392050038562,27.2240740631453,27.1988509509866,27.234161600755,27.3349833876879,27.2896256338382,27.2089409277006,27.3954297650103,27.1635283437601,27.0776950150114,27.1534339723613,27.2240740631453,27.1584812802121,27.2038960613414,27.2240740631453,27.2089409277006,27.1837141556074,27.1837141556074,27.1988509509866,27.1584812802121,27.1837141556074,27.1332422972466,27.2291179538628,27.2845846667777,27.3702480251596,27.3903939025862,27.3249055894848,27.3047470746531,27.0928472100887,27.3047470746531,27.2190299285684,27.2845846667777,27.0827459915085,27.1736217380844,27.0877967231895,27.1281937673691,27.2089409277006,27.1534339723613,27.1231449929837,27.2543337507527,27.2442481632001,27.0726437936639,27.0928472100887,27.0928472100887,27.1584812802121,27.2644183636851,27.2492910788209,27.1837141556074,27.2190299285684,27.178668068929,27.1332422972466,27.2038960613414,27.2845846667777,27.2492910788209,27.309787068249,27.3349833876879,27.3349833876879,27.3148268185636,27.4155707879898,27.5011268629649,27.4004653847288,27.6720293663216,27.7322813525865,27.631842110463,27.6167679118797,27.6217928859212,27.7021596912783,27.5212475341273,27.6870956122065,27.5011268629649,27.5262770971775,27.551421285667,27.6067172400882,27.8526815051994,27.837639044803,27.8576951793018,27.7924987130493,27.6670068026902,27.7071805696107,27.7172216044382,27.6469141389248,27.6217928859212,27.6971385722891,27.8175790741614,27.837639044803,27.837639044803,27.8476675914376,27.6670068026902,27.7523576505433,27.7322813525865,27.7623943574465,27.6971385722891,27.7272616770383,27.4960960902657,27.6268176187712,27.631842110463,27.5866130007331,27.6469141389248,27.4659063702468,27.506157393667,27.5866130007331,27.5715322863604,27.631842110463,27.5966656031286,27.7573761241401,27.6167679118797,27.4558411927372,27.6569609527223,27.651937666319,27.6569609527223,27.6268176187712,27.7724301033211,27.6971385722891,27.7573761241401,27.7674123504958,27.7824648884334,27.7573761241401,27.777447615956,27.5212475341273,27.6368663610303,27.6418903705064,27.6469141389248,27.5212475341273,27.5966656031286,27.5262770971775,27.4960960902657,27.4508082405489,27.551421285667,27.4709385956355,27.4508082405489,27.4357079298451,27.4659063702468,27.3803214494867,27.4810023198492,27.5463929314253,27.5765594326333,27.4860338187415,27.355136067025,27.5363354978248,27.5463929314253,27.5765594326333,27.475970578825,27.4508082405489,27.3450602134443,27.506157393667,27.385357797423,27.3752848587436,27.3954297650103,27.4155707879898,27.6720293663216,27.7021596912783,27.5966656031286,27.7724301033211,27.6016915422711,27.7322813525865,27.6469141389248,27.7122012073196,27.6418903705064,27.6619839981682,27.5413643354891,27.6418903705064,27.6418903705064,27.5866130007331,27.5665048985609,27.6217928859212,27.5815863374129,27.4508082405489,27.5011268629649,27.4659063702468,27.3954297650103,27.5463929314253,27.4860338187415,27.3702480251596,27.4256398439229,27.4306740081185,27.4055007617757,27.3198663256309,27.2896256338382,27.2795434562661,27.2291179538628,27.2593761790295,27.2745020022695,27.1988509509866
27.0675923274317,27.0877967231895,27.0928472100887,27.0928472100887,27.1029474496787,27.1231449929837,27.0625406162806,27.178668068929,27.2442481632001,27.2089409277006,27.2240740631453,27.1635283437601,27.1079972024379,27.178668068929,27.1736217380844,27.1534339723613,27.178668068929,27.1685751630395,27.2392050038562,27.2291179538628,27.4709385956355,27.5413643354891,27.5815863374129,27.4860338187415,27.506157393667,27.355136067025,27.2946663574817,27.1887599981537,27.1483864201735,27.1483864201735,27.2492910788209,27.1988509509866,27.3299446101592,27.2442481632001,27.2745020022695,27.2694603047538,27.2694603047538,27.4709385956355,27.3500982617396,27.3652109487011,27.355136067025,27.2190299285684,27.1534339723613,27.3500982617396,27.1736217380844,27.1685751630395,27.2745020022695,27.2694603047538,27.4608739026253,27.3601736293342,27.2543337507527,27.4155707879898,27.506157393667,27.651937666319,27.6720293663216,27.7122012073196,27.4860338187415,27.4357079298451,27.4256398439229,27.0776950150114,27.2644183636851,27.2795434562661,27.2845846667777,27.4105358961847,27.309787068249,27.2946663574817,27.2139855500982,27.1685751630395,27.1180959740562,27.2089409277006,27.1382905826503,27.1382905826503,27.1685751630395,27.1685751630395,27.1079972024379,27.2291179538628,27.0776950150114,27.2190299285684,27.2139855500982,27.3148268185636,27.3299446101592,27.3299446101592,27.4155707879898,27.3601736293342,27.385357797423,27.2392050038562,27.2089409277006,27.2089409277006,27.2492910788209,27.2240740631453,27.1837141556074,27.1635283437601,27.1433386236146,27.1382905826503,27.1837141556074,27.2038960613414,27.1079972024379,27.2190299285684,27.2795434562661,27.2745020022695,27.2644183636851,27.2240740631453,27.1988509509866,27.1584812802121,27.1534339723613,27.1483864201735,27.1281937673691,27.1685751630395,27.178668068929,27.2745020022695,27.3450602134443,27.3349833876879,27.4306740081185,27.4960960902657,27.4155707879898,27.5212475341273,27.5614772692013,27.6770516890958,27.7724301033211,27.6720293663216,27.7373007876777,27.7172216044382,27.7172216044382,27.6870956122065,27.6770516890958,27.5162177292145,27.631842110463,27.6217928859212,27.5765594326333,27.5916394226271,27.6167679118797,27.6016915422711,27.6770516890958,27.7322813525865,27.6720293663216,27.7573761241401,27.6921172126096,27.6720293663216,27.7021596912783,27.7623943574465,27.9178405871461,27.7874819207868,27.8977959483549,27.8627086137778,27.6720293663216,27.6268176187712,27.7272616770383,27.7373007876777,27.777447615956,27.6820737710463,27.5966656031286,27.6469141389248,27.7021596912783,27.475970578825,27.5111876824057,27.4960960902657,27.5111876824057,27.4910650755359,27.5916394226271,27.5966656031286,27.6569609527223,27.6418903705064,27.6619839981682,27.8276095391327,27.7423199823454,27.6921172126096,27.6418903705064,27.6870956122065,27.7071805696107,27.6569609527223,27.7423199823454,27.6921172126096,27.7071805696107,27.8777474797793,27.6971385722891,27.6418903705064,27.7373007876777,27.6720293663216,27.6016915422711,27.7122012073196,27.6670068026902,27.6117426966131,27.4860338187415,27.5463929314253,27.4709385956355,27.4105358961847,27.5111876824057,27.4306740081185,27.4457750460266,27.4004653847288,27.4457750460266,27.475970578825,27.3954297650103,27.5463929314253,27.4709385956355,27.5363354978248,27.551421285667,27.4960960902657,27.4558411927372,27.5111876824057,27.3349833876879,27.4155707879898,27.4155707879898,27.4004653847288,27.4357079298451,27.3954297650103,27.5111876824057,27.5463929314253,27.5815863374129,27.6016915422711,27.5916394226271,27.8777474797793,27.6016915422711,27.8326244118639,27.7724301033211,27.6368663610303,27.7473389366228,27.6268176187712,27.6720293663216,27.631842110463,27.651937666319,27.6469141389248,27.5866130007331,27.5313064183988,27.551421285667,27.4709385956355,27.475970578825,27.5916394226271,27.4256398439229,27.4407416091366,27.4055007617757,27.3954297650103,27.3148268185636,27.3752848587436,27.4256398439229,27.2593761790295,27.340021922105,27.2745020022695,27.2543337507527,27.2795434562661
27.0827459915085,27.052436459084,27.1180959740562,27.0423313217998,27.1483864201735,27.0928472100887,27.1534339723613,26.9766240208359,27.178668068929,27.1736217380844,27.1887599981537,27.1534339723613,27.1433386236146,27.1180959740562,27.193805596602,27.2139855500982,27.178668068929,27.2089409277006,27.2795434562661,27.3299446101592,27.4508082405489,27.4659063702468,27.5866130007331,27.5665048985609,27.4709385956355,27.4709385956355,27.234161600755,27.2442481632001,27.3652109487011,27.2745020022695,27.2644183636851,27.193805596602,27.193805596602,27.2089409277006,27.193805596602,27.2845846667777,27.2139855500982,27.3500982617396,27.2644183636851,27.3198663256309,27.2694603047538,27.1029474496787,27.2038960613414,27.1231449929837,27.1534339723613,27.2038960613414,27.1988509509866,27.193805596602,27.2543337507527,27.2946663574817,27.340021922105,27.506157393667,27.6268176187712,27.7122012073196,27.6820737710463,27.7172216044382,27.5614772692013,27.475970578825,27.3803214494867,27.3601736293342,27.2946663574817,27.4155707879898,27.4659063702468,27.4860338187415,27.4659063702468,27.385357797423,27.2644183636851,27.3148268185636,27.1534339723613,27.2190299285684,27.1635283437601,27.1433386236146,27.1029474496787,27.1433386236146,27.2442481632001,27.1029474496787,27.1635283437601,27.0877967231895,27.3500982617396,27.340021922105,27.2492910788209,27.2240740631453,27.2240740631453,27.3652109487011,27.3500982617396,27.3198663256309,27.2139855500982,27.2442481632001,27.2442481632001,27.1433386236146,27.2038960613414,27.1029474496787,27.178668068929,27.1736217380844,27.2593761790295,27.2291179538628,27.234161600755,27.234161600755,27.234161600755,27.1685751630395,27.2543337507527,27.2089409277006,27.2997068377419,27.2795434562661,27.1635283437601,27.2845846667777,27.3047470746531,27.1736217380844,27.1382905826503,27.1988509509866,27.340021922105,27.2795434562661,27.4256398439229,27.3047470746531,27.4910650755359,27.5313064183988,27.6418903705064,27.7272616770383,27.5866130007331,27.6117426966131,27.5614772692013,27.6268176187712,27.6820737710463,27.6870956122065,27.6067172400882,27.5363354978248,27.5916394226271,27.5564493982478,27.5815863374129,27.5564493982478,27.5011268629649,27.651937666319,27.7272616770383,27.6670068026902,27.8476675914376,27.7975152652541,27.7724301033211,27.6870956122065,27.7674123504958,27.8677218086608,27.8426534379831,27.7724301033211,27.9729436137625,27.812563481855,27.777447615956,27.7824648884334,27.6368663610303,27.7272616770383,27.7122012073196,27.7423199823454,27.5966656031286,27.6670068026902,27.6418903705064,27.6016915422711,27.5765594326333,27.6117426966131,27.5916394226271,27.7071805696107,27.4910650755359,27.651937666319,27.6217928859212,27.5363354978248,27.6469141389248,27.5715322863604,27.651937666319,27.6971385722891,27.6720293663216,27.7021596912783,27.631842110463,27.631842110463,27.6268176187712,27.6469141389248,27.651937666319,27.6921172126096,27.7222417610001,27.6569609527223,27.7122012073196,27.6368663610303,27.7172216044382,27.7172216044382,27.5564493982478,27.5363354978248,27.5162177292145,27.5363354978248,27.4608739026253,27.4910650755359,27.4357079298451,27.4508082405489,27.4910650755359,27.5815863374129,27.5111876824057,27.4558411927372,27.5564493982478,27.5665048985609,27.4860338187415,27.4709385956355,27.4155707879898,27.3752848587436,27.4407416091366,27.4659063702468,27.4558411927372,27.3249055894848,27.4105358961847,27.4155707879898,27.475970578825,27.5313064183988,27.5162177292145,27.5564493982478,27.6870956122065,27.7824648884334,27.7523576505433,27.7573761241401,27.8225944265762,27.7924987130493,27.837639044803,27.6870956122065,27.6971385722891,27.6268176187712,27.6921172126096,27.6670068026902,27.6720293663216,27.6569609527223,27.6619839981682,27.5463929314253,27.5614772692013,27.7423199823454,27.4457750460266,27.5564493982478,27.4709385956355,27.4407416091366,27.4558411927372,27.4155707879898,27.4004653847288,27.3349833876879,27.3803214494867,27.2845846667777,27.2139855500982,27.178668068929,27.2745020022695,27.2795434562661
27.2946663574817,27.2190299285684,27.0776950150114,27.0625406162806,27.04738401297,27.1029474496787,27.1029474496787,27.1887599981537,27.0675923274317,27.178668068929,27.2089409277006,27.037278385539,27.1483864201735,27.1130467105523,27.0928472100887,27.1837141556074,27.2442481632001,27.2694603047538,27.1029474496787,27.1736217380844,27.3299446101592,27.4558411927372,27.3702480251596,27.5765594326333,27.3249055894848,27.340021922105,27.2038960613414,27.2694603047538,27.2644183636851,27.2038960613414,27.2089409277006,27.2492910788209,27.2644183636851,27.2089409277006,27.1685751630395,27.0322252041533,27.2240740631453,27.1837141556074,27.2190299285684,27.2291179538628,27.178668068929,27.3299446101592,27.1887599981537,27.1029474496787,27.2795434562661,27.0978974522403,27.178668068929,27.2291179538628,27.1685751630395,27.2997068377419,27.3299446101592,27.4810023198492,27.5966656031286,27.6469141389248,27.6820737710463,27.7423199823454,27.4558411927372,27.5413643354891,27.340021922105,27.3249055894848,27.2240740631453,27.1534339723613,27.3903939025862,27.4407416091366,27.4457750460266,27.2997068377419,27.2291179538628,27.1231449929837,27.052436459084,27.1584812802121,27.193805596602,27.2240740631453,27.1281937673691,27.0877967231895,27.0978974522403,27.0827459915085,27.1887599981537,27.1837141556074,27.4256398439229,27.3349833876879,27.2240740631453,27.2845846667777,27.2492910788209,27.340021922105,27.4910650755359,27.4004653847288,27.2694603047538,27.2089409277006,27.2392050038562,27.2442481632001,27.1736217380844,27.1635283437601,27.2038960613414,27.2038960613414,27.2492910788209,27.2139855500982,27.1887599981537,27.2694603047538,27.2745020022695,27.3702480251596,27.2392050038562,27.2543337507527,27.234161600755,27.2896256338382,27.2644183636851,27.178668068929,27.3148268185636,27.1635283437601,27.2694603047538,27.1685751630395,27.3198663256309,27.2745020022695,27.2795434562661,27.3954297650103,27.4558411927372,27.4155707879898,27.5212475341273,27.5111876824057,27.5866130007331,27.5564493982478,27.5011268629649,27.6117426966131,27.5363354978248,27.5363354978248,27.5363354978248,27.5665048985609,27.5313064183988,27.506157393667,27.5463929314253,27.4558411927372,27.4206054372245,27.6067172400882,27.5715322863604,27.6619839981682,27.7623943574465,27.6016915422711,27.6117426966131,27.6016915422711,27.6569609527223,27.7674123504958,27.8426534379831,27.8627086137778,27.777447615956,27.777447615956,27.7222417610001,27.6870956122065,27.5614772692013,27.6921172126096,27.7122012073196,27.6720293663216,27.6619839981682,27.5916394226271,27.6016915422711,27.631842110463,27.5413643354891,27.5111876824057,27.5111876824057,27.5463929314253,27.4709385956355,27.4960960902657,27.6117426966131,27.5564493982478,27.6820737710463,27.7021596912783,27.6971385722891,27.7021596912783,27.6117426966131,27.5966656031286,27.5665048985609,27.631842110463,27.6217928859212,27.6016915422711,27.6016915422711,27.7322813525865,27.6569609527223,27.6368663610303,27.7423199823454,27.631842110463,27.6067172400882,27.4306740081185,27.5111876824057,27.5162177292145,27.6268176187712,27.5011268629649,27.475970578825,27.4508082405489,27.4306740081185,27.4357079298451,27.5564493982478,27.4206054372245,27.5564493982478,27.4659063702468,27.4256398439229,27.5665048985609,27.5815863374129,27.3954297650103,27.4407416091366,27.475970578825,27.3803214494867,27.2997068377419,27.5111876824057,27.2997068377419,27.4004653847288,27.3148268185636,27.4306740081185,27.5212475341273,27.5564493982478,27.6670068026902,27.5866130007331,27.7172216044382,27.7874819207868,27.7975152652541,27.7423199823454,27.7824648884334,27.8175790741614,27.7975152652541,27.8326244118639,27.7373007876777,27.6820737710463,27.5212475341273,27.6268176187712,27.631842110463,27.6619839981682,27.4206054372245,27.4709385956355,27.475970578825,27.5564493982478,27.4860338187415,27.5313064183988,27.4608739026253,27.5262770971775,27.4155707879898,27.4004653847288,27.3752848587436,27.2845846667777,27.2038960613414,27.3249055894848,27.3148268185636,27.2593761790295,27.1332422972466
27.0827459915085,27.052436459084,27.1281937673691,27.0675923274317,26.9412259836521,26.9665115241312,27.057488660176,27.04738401297,27.052436459084,27.0726437936639,27.178668068929,27.178668068929,27.1332422972466,27.1382905826503,27.2644183636851,27.2543337507527,27.1130467105523,27.2644183636851,27.0928472100887,27.1534339723613,27.3500982617396,27.2392050038562,27.4810023198492,27.2946663574817,27.4659063702468,27.2593761790295,27.3299446101592,27.2896256338382,27.3652109487011,27.2089409277006,27.1332422972466,27.1736217380844,27.3148268185636,27.2543337507527,27.1584812802121,27.2240740631453,27.1988509509866,27.2745020022695,27.2240740631453,27.1837141556074,27.193805596602,27.0928472100887,27.3249055894848,27.1635283437601,27.193805596602,27.2543337507527,27.2038960613414,27.1837141556074,27.2190299285684,27.1534339723613,27.2291179538628,27.4810023198492,27.5262770971775,27.5011268629649,27.4256398439229,27.5212475341273,27.5162177292145,27.5463929314253,27.3047470746531,27.3148268185636,27.3148268185636,27.3148268185636,27.3249055894848,27.340021922105,27.5363354978248,27.4810023198492,27.3148268185636,27.1837141556074,27.1887599981537,27.1988509509866,27.0827459915085,27.1887599981537,27.1180959740562,27.1837141556074,27.1433386236146,27.1281937673691,27.1635283437601,27.3903939025862,27.4155707879898,27.2291179538628,27.3752848587436,27.2089409277006,27.2644183636851,27.3047470746531,27.4155707879898,27.2896256338382,27.2492910788209,27.2089409277006,27.3349833876879,27.234161600755,27.2089409277006,27.1887599981537,27.2392050038562,27.1584812802121,27.0069556191484,27.3450602134443,27.2190299285684,27.3349833876879,27.178668068929,27.2139855500982,27.1988509509866,27.2845846667777,27.2442481632001,27.2392050038562,27.2644183636851,27.1887599981537,27.2845846667777,27.178668068929,27.2240740631453,27.3752848587436,27.2997068377419,27.2997068377419,27.3803214494867,27.3198663256309,27.2291179538628,27.3752848587436,27.4910650755359,27.5665048985609,27.5815863374129,27.5413643354891,27.506157393667,27.5463929314253,27.506157393667,27.5916394226271,27.7272616770383,27.5313064183988,27.4508082405489,27.4508082405489,27.5463929314253,27.5916394226271,27.4457750460266,27.5413643354891,27.6469141389248,27.631842110463,27.7322813525865,27.7924987130493,27.5715322863604,27.7623943574465,27.7674123504958,27.8225944265762,27.8777474797793,27.7724301033211,27.8476675914376,27.7272616770383,27.7172216044382,27.8276095391327,27.6670068026902,27.7373007876777,27.7473389366228,27.7473389366228,27.7122012073196,27.6820737710463,27.5866130007331,27.7172216044382,27.5665048985609,27.475970578825,27.4608739026253,27.4810023198492,27.5463929314253,27.5363354978248,27.5313064183988,27.5614772692013,27.631842110463,27.6921172126096,27.6368663610303,27.6921172126096,27.6569609527223,27.6067172400882,27.6469141389248,27.5262770971775,27.5463929314253,27.7222417610001,27.4810023198492,27.7021596912783,27.7172216044382,27.6820737710463,27.651937666319,27.6217928859212,27.6117426966131,27.6368663610303,27.5111876824057,27.5363354978248,27.5313064183988,27.475970578825,27.3752848587436,27.4457750460266,27.475970578825,27.3954297650103,27.5866130007331,27.4357079298451,27.5111876824057,27.5614772692013,27.651937666319,27.5715322863604,27.6067172400882,27.5614772692013,27.5815863374129,27.506157393667,27.4206054372245,27.5162177292145,27.5111876824057,27.4357079298451,27.4105358961847,27.3903939025862,27.5363354978248,27.4558411927372,27.5262770971775,27.6619839981682,27.7021596912783,27.7924987130493,27.7523576505433,27.7924987130493,27.8276095391327,27.7924987130493,27.812563481855,27.7523576505433,27.7874819207868,27.5262770971775,27.7573761241401,27.7423199823454,27.6418903705064,27.6720293663216,27.5413643354891,27.4810023198492,27.3652109487011,27.4910650755359,27.4960960902657,27.5765594326333,27.4910650755359,27.4810023198492,27.234161600755,27.4407416091366,27.4306740081185,27.5313064183988,27.3702480251596,27.3198663256309,27.234161600755,27.4155707879898,27.2644183636851,27.2896256338382
27.2392050038562,27.0625406162806,27.0423313217998,27.052436459084,27.0675923274317,27.052436459084,27.1433386236146,27.0069556191484,27.1231449929837,27.1281937673691,27.0170641889031,27.1382905826503,27.1887599981537,27.1332422972466,27.2291179538628,27.1534339723613,27.178668068929,27.1736217380844,27.2997068377419,27.2795434562661,27.4407416091366,27.3249055894848,27.3903939025862,27.2896256338382,27.3047470746531,27.2896256338382,27.2442481632001,27.2240740631453,27.234161600755,27.1635283437601,27.2442481632001,27.2240740631453,27.2442481632001,27.2492910788209,27.1887599981537,27.1685751630395,27.178668068929,27.1635283437601,27.2442481632001,27.2139855500982,27.2845846667777,27.1231449929837,27.2190299285684,27.1635283437601,27.2190299285684,27.2291179538628,27.2089409277006,27.1887599981537,27.2038960613414,27.2139855500982,27.1534339723613,27.4256398439229,27.3954297650103,27.551421285667,27.6167679118797,27.5463929314253,27.551421285667,27.5212475341273,27.3249055894848,27.2997068377419,27.4004653847288,27.4810023198492,27.3299446101592,27.4105358961847,27.4206054372245,27.3198663256309,27.3249055894848,27.193805596602,27.1988509509866,27.0928472100887,27.1534339723613,27.0675923274317,27.2392050038562,27.2139855500982,27.1685751630395,27.1534339723613,27.0776950150114,27.385357797423,27.4256398439229,27.4055007617757,27.340021922105,27.340021922105,27.3249055894848,27.2442481632001,27.3601736293342,27.2593761790295,27.3702480251596,27.1887599981537,27.4105358961847,27.3954297650103,27.2392050038562,27.2392050038562,27.1231449929837,27.1988509509866,27.2392050038562,27.2190299285684,27.4558411927372,27.3450602134443,27.2139855500982,27.1685751630395,27.1887599981537,27.193805596602,27.234161600755,27.2845846667777,27.2543337507527,27.2190299285684,27.2291179538628,27.2089409277006,27.2997068377419,27.2997068377419,27.3652109487011,27.2543337507527,27.4709385956355,27.234161600755,27.3601736293342,27.4105358961847,27.5011268629649,27.3903939025862,27.5111876824057,27.5262770971775,27.4256398439229,27.5715322863604,27.5011268629649,27.4105358961847,27.5262770971775,27.4608739026253,27.4306740081185,27.5262770971775,27.5564493982478,27.5212475341273,27.6117426966131,27.5715322863604,27.5665048985609,27.6268176187712,27.6569609527223,27.5463929314253,27.7523576505433,27.6820737710463,27.7623943574465,27.7623943574465,27.631842110463,27.6921172126096,27.7674123504958,27.7523576505433,27.7172216044382,27.7573761241401,27.7423199823454,27.6418903705064,27.7373007876777,27.7172216044382,27.7222417610001,27.5815863374129,27.5614772692013,27.631842110463,27.5866130007331,27.4910650755359,27.4709385956355,27.4709385956355,27.5262770971775,27.3652109487011,27.5564493982478,27.5966656031286,27.6921172126096,27.7021596912783,27.5715322863604,27.7021596912783,27.5866130007331,27.4910650755359,27.5916394226271,27.551421285667,27.6067172400882,27.6217928859212,27.5765594326333,27.5765594326333,27.4910650755359,27.5212475341273,27.5212475341273,27.651937666319,27.5262770971775,27.6117426966131,27.4508082405489,27.6217928859212,27.5111876824057,27.5111876824057,27.3954297650103,27.4910650755359,27.3752848587436,27.4155707879898,27.385357797423,27.4860338187415,27.4508082405489,27.4105358961847,27.506157393667,27.5966656031286,27.7021596912783,27.5011268629649,27.4457750460266,27.4558411927372,27.4407416091366,27.475970578825,27.4659063702468,27.4055007617757,27.5212475341273,27.5212475341273,27.5363354978248,27.5916394226271,27.5262770971775,27.5665048985609,27.5313064183988,27.6268176187712,27.7573761241401,27.812563481855,27.6720293663216,27.7623943574465,27.7423199823454,27.7874819207868,27.7172216044382,27.651937666319,27.6870956122065,27.7523576505433,27.6368663610303,27.7021596912783,27.4659063702468,27.6067172400882,27.6167679118797,27.5765594326333,27.6016915422711,27.5162177292145,27.4558411927372,27.6117426966131,27.4256398439229,27.3702480251596,27.3954297650103,27.3803214494867,27.2946663574817,27.2946663574817,27.2392050038562,27.2644183636851,27.3198663256309,27.1180959740562
27.0625406162806,27.1079972024379,27.0877967231895,27.0827459915085,27.04738401297,27.057488660176,27.1382905826503,27.0221181058697,27.2089409277006,27.1332422972466,27.0221181058697,27.1635283437601,27.0675923274317,27.1281937673691,27.1130467105523,27.1180959740562,27.2442481632001,27.2492910788209,27.2845846667777,27.1281937673691,27.3702480251596,27.2644183636851,27.3299446101592,27.2492910788209,27.2392050038562,27.1231449929837,27.1685751630395,27.193805596602,27.2240740631453,27.2492910788209,27.355136067025,27.3047470746531,27.1483864201735,27.2139855500982,27.2190299285684,27.1736217380844,27.1433386236146,27.1332422972466,27.0827459915085,27.1483864201735,27.2291179538628,27.3198663256309,27.2089409277006,27.234161600755,27.1736217380844,27.178668068929,27.1382905826503,27.2038960613414,27.1736217380844,27.2139855500982,27.2694603047538,27.3198663256309,27.5111876824057,27.5363354978248,27.5614772692013,27.5765594326333,27.4256398439229,27.3349833876879,27.3047470746531,27.2845846667777,27.3047470746531,27.4810023198492,27.5966656031286,27.4659063702468,27.4508082405489,27.2392050038562,27.2038960613414,27.1887599981537,27.178668068929,27.193805596602,27.1736217380844,27.2240740631453,27.1887599981537,27.1483864201735,27.0928472100887,27.2038960613414,27.0675923274317,27.3752848587436,27.340021922105,27.4659063702468,27.340021922105,27.3148268185636,27.1887599981537,27.2089409277006,27.2946663574817,27.3299446101592,27.2745020022695,27.2139855500982,27.2291179538628,27.2442481632001,27.2392050038562,27.178668068929,27.1685751630395,27.1736217380844,27.2139855500982,27.340021922105,27.2089409277006,27.178668068929,27.1483864201735,27.2089409277006,27.2240740631453,27.3249055894848,27.1887599981537,27.2694603047538,27.1281937673691,27.2745020022695,27.2946663574817,27.1887599981537,27.3601736293342,27.1837141556074,27.3500982617396,27.2240740631453,27.3349833876879,27.3752848587436,27.3601736293342,27.2896256338382,27.3299446101592,27.5011268629649,27.4860338187415,27.4508082405489,27.4457750460266,27.5212475341273,27.4910650755359,27.5564493982478,27.3752848587436,27.4357079298451,27.4709385956355,27.6670068026902,27.5413643354891,27.5815863374129,27.5262770971775,27.5765594326333,27.6268176187712,27.5966656031286,27.5665048985609,27.5665048985609,27.6418903705064,27.7322813525865,27.777447615956,27.7473389366228,27.6820737710463,27.7222417610001,27.7021596912783,27.7272616770383,27.6820737710463,27.6619839981682,27.5363354978248,27.6770516890958,27.7423199823454,27.6117426966131,27.6368663610303,27.6971385722891,27.6067172400882,27.6016915422711,27.6368663610303,27.5463929314253,27.4357079298451,27.3450602134443,27.4608739026253,27.5413643354891,27.4810023198492,27.5413643354891,27.5715322863604,27.5715322863604,27.6217928859212,27.6217928859212,27.6368663610303,27.5665048985609,27.506157393667,27.5212475341273,27.6770516890958,27.6117426966131,27.5715322863604,27.5866130007331,27.5212475341273,27.6469141389248,27.651937666319,27.6469141389248,27.5313064183988,27.4508082405489,27.5212475341273,27.5262770971775,27.6418903705064,27.5011268629649,27.4608739026253,27.5111876824057,27.4155707879898,27.4608739026253,27.5413643354891,27.4105358961847,27.4457750460266,27.5162177292145,27.551421285667,27.5916394226271,27.4960960902657,27.5011268629649,27.385357797423,27.4457750460266,27.385357797423,27.4004653847288,27.4055007617757,27.3954297650103,27.385357797423,27.5413643354891,27.4206054372245,27.5011268629649,27.5111876824057,27.5966656031286,27.6268176187712,27.7322813525865,27.7423199823454,27.7473389366228,27.7122012073196,27.8175790741614,27.8075476496238,27.7674123504958,27.7824648884334,27.7272616770383,27.7623943574465,27.5162177292145,27.631842110463,27.6469141389248,27.6167679118797,27.5966656031286,27.631842110463,27.551421285667,27.5564493982478,27.4810023198492,27.4709385956355,27.5212475341273,27.4206054372245,27.4960960902657,27.2442481632001,27.3349833876879,27.3047470746531,27.3450602134443,27.309787068249,27.3349833876879,27.1180959740562,27.2644183636851
27.0726437936639,27.0423313217998,27.193805596602,27.0726437936639,27.0625406162806,27.1079972024379,27.1029474496787,27.0827459915085,27.0726437936639,27.1231449929837,27.0877967231895,27.1988509509866,26.9766240208359,27.1130467105523,27.1382905826503,27.1332422972466,27.1483864201735,27.234161600755,27.1029474496787,27.2745020022695,27.2845846667777,27.2240740631453,27.2392050038562,27.1685751630395,27.234161600755,27.2392050038562,27.1887599981537,27.1635283437601,27.178668068929,27.193805596602,27.2492910788209,27.2190299285684,27.2442481632001,27.1433386236146,27.1685751630395,27.2240740631453,27.1029474496787,27.0675923274317,27.1281937673691,27.2291179538628,27.1635283437601,27.2492910788209,27.2089409277006,27.1483864201735,27.0726437936639,26.9816799008646,27.234161600755,27.1736217380844,27.2190299285684,27.4457750460266,27.2240740631453,27.3148268185636,27.3249055894848,27.5162177292145,27.5614772692013,27.5614772692013,27.4155707879898,27.385357797423,27.309787068249,27.2997068377419,27.1382905826503,27.4155707879898,27.6016915422711,27.7071805696107,27.4306740081185,27.1988509509866,27.2038960613414,27.3047470746531,26.9665115241312,27.1837141556074,27.1180959740562,27.1534339723613,27.1382905826503,27.193805596602,27.2038960613414,27.2190299285684,27.1887599981537,27.2190299285684,27.3803214494867,27.3450602134443,27.2946663574817,27.2240740631453,27.2644183636851,27.1988509509866,27.193805596602,27.1988509509866,27.2190299285684,27.2038960613414,27.193805596602,27.2291179538628,27.1685751630395,27.1332422972466,27.1079972024379,27.2139855500982,27.1130467105523,27.2190299285684,27.1534339723613,27.2089409277006,27.2190299285684,27.2190299285684,27.193805596602,27.3249055894848,27.2190299285684,27.193805596602,27.2442481632001,27.1685751630395,27.2442481632001,27.3450602134443,27.3047470746531,27.3803214494867,27.3652109487011,27.2644183636851,27.340021922105,27.2795434562661,27.2845846667777,27.3500982617396,27.2795434562661,27.385357797423,27.4004653847288,27.4155707879898,27.4306740081185,27.4457750460266,27.4709385956355,27.4608739026253,27.506157393667,27.4508082405489,27.5313064183988,27.5463929314253,27.5313064183988,27.5665048985609,27.4960960902657,27.5011268629649,27.4810023198492,27.5162177292145,27.5413643354891,27.5665048985609,27.7021596912783,27.6820737710463,27.7122012073196,27.7222417610001,27.7423199823454,27.8175790741614,27.7122012073196,27.6569609527223,27.5916394226271,27.6670068026902,27.631842110463,27.7322813525865,27.6820737710463,27.6720293663216,27.6720293663216,27.631842110463,27.6619839981682,27.5765594326333,27.7674123504958,27.6067172400882,27.5363354978248,27.5313064183988,27.4256398439229,27.4558411927372,27.4558411927372,27.6921172126096,27.5614772692013,27.6670068026902,27.6217928859212,27.6117426966131,27.5665048985609,27.6167679118797,27.6820737710463,27.6067172400882,27.7172216044382,27.7473389366228,27.7322813525865,27.6971385722891,27.6067172400882,27.6167679118797,27.5262770971775,27.6469141389248,27.6418903705064,27.5966656031286,27.5715322863604,27.506157393667,27.5011268629649,27.4709385956355,27.4508082405489,27.4508082405489,27.4508082405489,27.5413643354891,27.4457750460266,27.4810023198492,27.4155707879898,27.4608739026253,27.4709385956355,27.5162177292145,27.4155707879898,27.4457750460266,27.3601736293342,27.3954297650103,27.5715322863604,27.3903939025862,27.475970578825,27.4910650755359,27.4055007617757,27.4105358961847,27.5212475341273,27.5162177292145,27.6016915422711,27.5815863374129,27.5966656031286,27.7272616770383,27.6619839981682,27.7373007876777,27.7373007876777,27.6067172400882,27.6971385722891,27.7071805696107,27.7172216044382,27.7824648884334,27.7674123504958,27.7373007876777,27.6067172400882,27.7122012073196,27.4910650755359,27.6217928859212,27.6016915422711,27.5111876824057,27.5011268629649,27.6117426966131,27.4155707879898,27.5564493982478,27.5011268629649,27.4155707879898,27.3752848587436,27.3803214494867,27.2795434562661,27.4004653847288,27.2845846667777,27.3198663256309,27.3299446101592,27.3047470746531
27.0675923274317,27.1534339723613,27.0423313217998,27.037278385539,26.9412259836521,27.1180959740562,27.2089409277006,27.1382905826503,27.1433386236146,27.1079972024379,26.951340936939,27.0675923274317,27.1180959740562,27.037278385539,27.0170641889031,27.1685751630395,27.1584812802121,27.1534339723613,27.1483864201735,27.1534339723613,27.2745020022695,27.1130467105523,27.1382905826503,27.2190299285684,27.2997068377419,27.2291179538628,27.2442481632001,27.1534339723613,27.2139855500982,27.1584812802121,27.340021922105,27.309787068249,27.1433386236146,27.1180959740562,27.2492910788209,27.1332422972466,27.1180959740562,27.1029474496787,27.1534339723613,27.1483864201735,27.0221181058697,27.1887599981537,27.1685751630395,27.178668068929,27.0978974522403,26.9816799008646,27.0978974522403,27.2543337507527,27.3047470746531,27.4558411927372,27.4206054372245,27.385357797423,27.3047470746531,27.4004653847288,27.4860338187415,27.5564493982478,27.5564493982478,27.4960960902657,27.3450602134443,27.385357797423,27.3652109487011,27.4055007617757,27.6016915422711,27.6016915422711,27.6016915422711,27.4709385956355,27.2038960613414,27.1079972024379,27.1736217380844,27.1180959740562,27.1231449929837,27.0776950150114,27.1382905826503,27.1887599981537,27.1887599981537,27.193805596602,27.309787068249,27.234161600755,27.355136067025,27.2644183636851,27.2745020022695,27.2694603047538,27.3249055894848,27.2845846667777,27.2694603047538,27.1736217380844,27.2392050038562,27.2240740631453,27.3702480251596,27.0827459915085,27.2190299285684,27.1483864201735,27.2291179538628,27.2089409277006,27.1534339723613,27.0928472100887,27.1988509509866,27.1483864201735,27.2190299285684,27.1180959740562,27.2644183636851,27.2593761790295,27.2392050038562,27.1736217380844,27.1685751630395,27.3249055894848,27.2392050038562,27.2392050038562,27.4306740081185,27.3702480251596,27.3349833876879,27.309787068249,27.3450602134443,27.3500982617396,27.3652109487011,27.3148268185636,27.3752848587436,27.3803214494867,27.3954297650103,27.3954297650103,27.4357079298451,27.4810023198492,27.4004653847288,27.4860338187415,27.4960960902657,27.551421285667,27.5665048985609,27.5011268629649,27.506157393667,27.5011268629649,27.551421285667,27.4709385956355,27.551421285667,27.5463929314253,27.3652109487011,27.5162177292145,27.5715322863604,27.6971385722891,27.4155707879898,27.6770516890958,27.6921172126096,27.6971385722891,27.7473389366228,27.6619839981682,27.6217928859212,27.6117426966131,27.6820737710463,27.7373007876777,27.6469141389248,27.6268176187712,27.7674123504958,27.6268176187712,27.631842110463,27.7071805696107,27.631842110463,27.5765594326333,27.5765594326333,27.4960960902657,27.4608739026253,27.4357079298451,27.475970578825,27.5313064183988,27.5564493982478,27.5665048985609,27.6921172126096,27.5715322863604,27.6117426966131,27.5614772692013,27.6418903705064,27.7975152652541,27.8025315774346,27.7222417610001,27.8175790741614,27.7623943574465,27.7071805696107,27.6670068026902,27.6016915422711,27.5815863374129,27.631842110463,27.5463929314253,27.5262770971775,27.551421285667,27.506157393667,27.4659063702468,27.4709385956355,27.4004653847288,27.5262770971775,27.5916394226271,27.5011268629649,27.5463929314253,27.4357079298451,27.4508082405489,27.4206054372245,27.4105358961847,27.4206054372245,27.4055007617757,27.4810023198492,27.3954297650103,27.4206054372245,27.506157393667,27.3803214494867,27.3349833876879,27.340021922105,27.4558411927372,27.4457750460266,27.4659063702468,27.4860338187415,27.6971385722891,27.6016915422711,27.7172216044382,27.7122012073196,27.7423199823454,27.7172216044382,27.6368663610303,27.7674123504958,27.6720293663216,27.7122012073196,27.7373007876777,27.631842110463,27.7222417610001,27.6569609527223,27.6217928859212,27.5866130007331,27.5564493982478,27.5011268629649,27.4608739026253,27.4306740081185,27.4206054372245,27.4105358961847,27.5916394226271,27.4508082405489,27.4357079298451,27.309787068249,27.3299446101592,27.340021922105,27.2997068377419,27.2795434562661,27.2795434562661,27.234161600755,27.2392050038562
27.193805596602,27.052436459084,27.1635283437601,27.037278385539,26.951340936939,27.057488660176,27.1736217380844,26.9462835831678,26.905815903301,27.0069556191484,27.0827459915085,27.1130467105523,27.193805596602,27.1433386236146,27.1231449929837,27.1130467105523,27.1736217380844,27.0221181058697,27.2190299285684,27.2896256338382,27.385357797423,27.2745020022695,27.1231449929837,27.1988509509866,27.0322252041533,27.1635283437601,27.1584812802121,27.0726437936639,27.2392050038562,27.1382905826503,27.3450602134443,27.1988509509866,27.2644183636851,27.2492910788209,27.1281937673691,27.1079972024379,27.0978974522403,27.1180959740562,27.1231449929837,27.1180959740562,27.2139855500982,27.1685751630395,27.0877967231895,27.1180959740562,27.1231449929837,27.1079972024379,27.0827459915085,27.3349833876879,27.5815863374129,27.3198663256309,27.4306740081185,27.3047470746531,27.4357079298451,27.309787068249,27.4457750460266,27.2845846667777,27.4055007617757,27.5463929314253,27.3903939025862,27.2946663574817,27.1837141556074,27.340021922105,27.4558411927372,27.4659063702468,27.7021596912783,27.6016915422711,27.4709385956355,27.1988509509866,27.1685751630395,27.1988509509866,27.1180959740562,27.1180959740562,27.178668068929,27.1281937673691,27.1837141556074,27.1887599981537,27.234161600755,27.2492910788209,27.2392050038562,27.2492910788209,27.2492910788209,27.2593761790295,27.3148268185636,27.2240740631453,27.2190299285684,27.1887599981537,27.2795434562661,27.1635283437601,27.1837141556074,27.2038960613414,27.1584812802121,27.2190299285684,27.1837141556074,27.1180959740562,27.1332422972466,27.1332422972466,27.04738401297,27.193805596602,27.0776950150114,27.1988509509866,27.2896256338382,27.2694603047538,27.178668068929,27.1584812802121,27.1685751630395,27.2644183636851,27.2845846667777,27.3450602134443,27.4306740081185,27.309787068249,27.4155707879898,27.2896256338382,27.4357079298451,27.3047470746531,27.2745020022695,27.340021922105,27.3299446101592,27.3047470746531,27.3500982617396,27.4508082405489,27.340021922105,27.385357797423,27.4960960902657,27.4407416091366,27.4810023198492,27.5715322863604,27.5866130007331,27.5715322863604,27.5665048985609,27.5966656031286,27.475970578825,27.4558411927372,27.4608739026253,27.5363354978248,27.4810023198492,27.5413643354891,27.4659063702468,27.5765594326333,27.5413643354891,27.5665048985609,27.7573761241401,27.6770516890958,27.7021596912783,27.6770516890958,27.631842110463,27.6167679118797,27.6418903705064,27.7272616770383,27.6619839981682,27.6670068026902,27.631842110463,27.5966656031286,27.7122012073196,27.6368663610303,27.6117426966131,27.6469141389248,27.5815863374129,27.5363354978248,27.4256398439229,27.4105358961847,27.5262770971775,27.5363354978248,27.5262770971775,27.5866130007331,27.5564493982478,27.5966656031286,27.631842110463,27.5815863374129,27.5916394226271,27.5212475341273,27.7674123504958,27.6870956122065,27.7322813525865,27.7874819207868,27.8276095391327,27.812563481855,27.6067172400882,27.6418903705064,27.6167679118797,27.6268176187712,27.506157393667,27.4357079298451,27.4659063702468,27.5212475341273,27.4960960902657,27.4105358961847,27.475970578825,27.4608739026253,27.4206054372245,27.4910650755359,27.4457750460266,27.4055007617757,27.5162177292145,27.4055007617757,27.4105358961847,27.4306740081185,27.4860338187415,27.3752848587436,27.385357797423,27.3702480251596,27.4608739026253,27.4407416091366,27.5011268629649,27.5011268629649,27.4608739026253,27.5111876824057,27.6418903705064,27.5916394226271,27.7272616770383,27.5313064183988,27.7573761241401,27.6368663610303,27.6067172400882,27.7373007876777,27.6820737710463,27.6770516890958,27.6820737710463,27.7222417610001,27.6720293663216,27.631842110463,27.6167679118797,27.7071805696107,27.5413643354891,27.5262770971775,27.4256398439229,27.506157393667,27.5212475341273,27.5966656031286,27.4709385956355,27.4508082405489,27.4004653847288,27.4155707879898,27.4206054372245,27.2442481632001,27.1887599981537,27.3803214494867,27.2543337507527,27.3047470746531,27.2190299285684,27.2139855500982
26.9715678952696,27.052436459084,27.037278385539,27.037278385539,27.1029474496787,27.0675923274317,27.1130467105523,27.1180959740562,27.2795434562661,27.0776950150114,27.0625406162806,27.0019009662915,27.1281937673691,27.2038960613414,27.1534339723613,27.0170641889031,27.0877967231895,27.1332422972466,27.2694603047538,27.1130467105523,27.052436459084,27.2694603047538,27.052436459084,27.052436459084,27.1988509509866,27.0928472100887,27.0271717776083,27.1433386236146,27.3450602134443,27.1635283437601,27.2795434562661,27.2291179538628,27.2089409277006,27.1685751630395,27.1534339723613,27.1130467105523,27.1180959740562,27.1130467105523,27.0625406162806,27.1635283437601,27.0726437936639,27.1231449929837,27.1685751630395,27.0827459915085,27.1079972024379,27.1736217380844,27.355136067025,27.5966656031286,27.6720293663216,27.4558411927372,27.3198663256309,27.4306740081185,27.3752848587436,27.4357079298451,27.2694603047538,27.2896256338382,27.2745020022695,27.5413643354891,27.3903939025862,27.385357797423,27.3903939025862,27.3803214494867,27.4357079298451,27.3601736293342,27.4810023198492,27.4659063702468,27.4256398439229,27.4004653847288,27.1887599981537,27.2190299285684,27.0978974522403,27.1180959740562,26.9563980450004,27.1079972024379,27.1231449929837,27.2492910788209,27.2644183636851,27.2845846667777,27.2593761790295,27.2492910788209,27.2543337507527,27.3349833876879,27.1736217380844,27.2139855500982,27.193805596602,27.2038960613414,27.0877967231895,27.2038960613414,27.0675923274317,27.193805596602,27.1130467105523,27.1079972024379,27.1180959740562,27.1029474496787,27.1180959740562,27.2139855500982,27.1433386236146,27.2442481632001,27.2089409277006,27.2543337507527,27.2291179538628,27.234161600755,27.1988509509866,27.1332422972466,27.178668068929,27.1584812802121,27.3450602134443,27.2492910788209,27.3450602134443,27.3450602134443,27.3148268185636,27.3500982617396,27.2795434562661,27.340021922105,27.2593761790295,27.2946663574817,27.0978974522403,27.2845846667777,27.3249055894848,27.3652109487011,27.4558411927372,27.4659063702468,27.4608739026253,27.4407416091366,27.4206054372245,27.5363354978248,27.506157393667,27.4960960902657,27.4306740081185,27.5162177292145,27.506157393667,27.506157393667,27.4256398439229,27.4155707879898,27.4256398439229,27.4558411927372,27.5463929314253,27.5212475341273,27.5463929314253,27.5715322863604,27.5564493982478,27.6870956122065,27.6720293663216,27.6016915422711,27.6117426966131,27.6167679118797,27.6268176187712,27.7071805696107,27.6921172126096,27.5966656031286,27.5916394226271,27.651937666319,27.6971385722891,27.6167679118797,27.5313064183988,27.6569609527223,27.551421285667,27.5463929314253,27.5765594326333,27.4306740081185,27.5313064183988,27.6067172400882,27.5363354978248,27.5564493982478,27.5715322863604,27.5111876824057,27.5966656031286,27.5665048985609,27.5715322863604,27.5564493982478,27.5614772692013,27.5665048985609,27.6770516890958,27.7021596912783,27.6820737710463,27.631842110463,27.6117426966131,27.5564493982478,27.5966656031286,27.5665048985609,27.4508082405489,27.5111876824057,27.4910650755359,27.4558411927372,27.4306740081185,27.4659063702468,27.4960960902657,27.3601736293342,27.3702480251596,27.4357079298451,27.4709385956355,27.4105358961847,27.4105358961847,27.4105358961847,27.3198663256309,27.3903939025862,27.385357797423,27.4709385956355,27.4004653847288,27.3148268185636,27.3047470746531,27.475970578825,27.5162177292145,27.5463929314253,27.5363354978248,27.5765594326333,27.5665048985609,27.5162177292145,27.6016915422711,27.5866130007331,27.631842110463,27.6368663610303,27.6469141389248,27.7322813525865,27.5614772692013,27.651937666319,27.5916394226271,27.6368663610303,27.6870956122065,27.7322813525865,27.6418903705064,27.6067172400882,27.5715322863604,27.5162177292145,27.5212475341273,27.5363354978248,27.4860338187415,27.4860338187415,27.3349833876879,27.4608739026253,27.4256398439229,27.4457750460266,27.355136067025,27.4256398439229,27.4206054372245,27.4306740081185,27.3752848587436,27.2896256338382,27.2291179538628,27.2291179538628
27.0019009662915,27.037278385539,27.037278385539,27.0221181058697,27.0221181058697,27.0322252041533,27.1231449929837,27.1180959740562,27.1231449929837,27.1130467105523,27.0221181058697,26.9260517102937,27.2089409277006,27.0928472100887,27.1988509509866,27.0625406162806,27.0776950150114,27.2442481632001,27.0928472100887,27.1988509509866,27.0726437936639,26.9968460680691,27.1837141556074,27.0423313217998,27.1281937673691,27.0928472100887,27.1534339723613,27.0776950150114,27.3349833876879,27.1433386236146,27.3148268185636,27.1837141556074,27.2038960613414,27.2291179538628,27.1029474496787,27.2291179538628,27.1130467105523,27.052436459084,27.1534339723613,27.1483864201735,27.1281937673691,27.0978974522403,27.1837141556074,27.1130467105523,27.0928472100887,27.178668068929,27.5111876824057,27.4810023198492,27.4810023198492,27.3954297650103,27.2946663574817,27.2593761790295,27.1534339723613,27.1685751630395,27.2392050038562,27.0776950150114,27.2442481632001,27.4105358961847,27.3752848587436,27.3601736293342,27.309787068249,27.2644183636851,27.2795434562661,27.3148268185636,27.2644183636851,27.4860338187415,27.4508082405489,27.2896256338382,27.3148268185636,27.3601736293342,27.0675923274317,27.1483864201735,27.2492910788209,27.0928472100887,27.1736217380844,27.2190299285684,27.3198663256309,27.3500982617396,27.3198663256309,27.2543337507527,27.2543337507527,27.2795434562661,27.2997068377419,27.1534339723613,27.2543337507527,27.234161600755,27.2845846667777,27.1534339723613,27.1988509509866,27.1079972024379,27.0776950150114,27.1837141556074,27.1584812802121,27.057488660176,27.0827459915085,27.2190299285684,27.1584812802121,27.1887599981537,27.1281937673691,27.2795434562661,27.2089409277006,27.2492910788209,27.2392050038562,27.1534339723613,27.2038960613414,27.1534339723613,27.2946663574817,27.2946663574817,27.3450602134443,27.355136067025,27.3299446101592,27.3299446101592,27.2644183636851,27.2492910788209,27.2644183636851,27.2593761790295,27.2139855500982,27.2139855500982,27.309787068249,27.2997068377419,27.4004653847288,27.4960960902657,27.5765594326333,27.4457750460266,27.5111876824057,27.4357079298451,27.5866130007331,27.6569609527223,27.6469141389248,27.5966656031286,27.506157393667,27.6117426966131,27.4960960902657,27.4960960902657,27.551421285667,27.4357079298451,27.4206054372245,27.5212475341273,27.5463929314253,27.551421285667,27.6921172126096,27.6770516890958,27.6016915422711,27.6770516890958,27.631842110463,27.6720293663216,27.6016915422711,27.6167679118797,27.6067172400882,27.6921172126096,27.7021596912783,27.6720293663216,27.6619839981682,27.6217928859212,27.5966656031286,27.7272616770383,27.5966656031286,27.5011268629649,27.4407416091366,27.4558411927372,27.4659063702468,27.4457750460266,27.6117426966131,27.6016915422711,27.6670068026902,27.5765594326333,27.5614772692013,27.5966656031286,27.5966656031286,27.5413643354891,27.5212475341273,27.5866130007331,27.6217928859212,27.6469141389248,27.631842110463,27.5363354978248,27.5363354978248,27.6117426966131,27.651937666319,27.5866130007331,27.5212475341273,27.4558411927372,27.475970578825,27.4155707879898,27.5765594326333,27.4155707879898,27.4910650755359,27.4659063702468,27.4004653847288,27.4608739026253,27.4256398439229,27.475970578825,27.4055007617757,27.3803214494867,27.3954297650103,27.3954297650103,27.3601736293342,27.4306740081185,27.4004653847288,27.4306740081185,27.4709385956355,27.5162177292145,27.506157393667,27.4860338187415,27.5463929314253,27.5463929314253,27.4608739026253,27.5966656031286,27.5815863374129,27.5815863374129,27.631842110463,27.5866130007331,27.6368663610303,27.7573761241401,27.631842110463,27.6720293663216,27.5916394226271,27.6971385722891,27.6720293663216,27.6117426966131,27.6368663610303,27.5966656031286,27.5212475341273,27.5916394226271,27.5665048985609,27.4960960902657,27.4960960902657,27.475970578825,27.4608739026253,27.3752848587436,27.4256398439229,27.4659063702468,27.5162177292145,27.340021922105,27.3299446101592,27.2946663574817,27.1988509509866,27.178668068929,27.2896256338382,27.2946663574817
27.052436459084,27.0170641889031,27.1382905826503,27.0120100266741,27.0221181058697,26.9766240208359,27.0271717776083,27.1281937673691,27.1382905826503,27.1685751630395,27.0827459915085,27.1180959740562,27.1635283437601,27.1180959740562,27.1483864201735,27.1231449929837,27.2291179538628,27.1332422972466,27.234161600755,27.0978974522403,27.1130467105523,27.1332422972466,27.1584812802121,27.1281937673691,27.0322252041533,27.1180959740562,27.1180959740562,27.1635283437601,27.1736217380844,27.2240740631453,27.4055007617757,27.2492910788209,27.1332422972466,27.2038960613414,27.193805596602,27.0726437936639,27.2139855500982,26.9816799008646,27.057488660176,27.0726437936639,27.1382905826503,27.1180959740562,27.2089409277006,27.0978974522403,27.178668068929,27.2845846667777,27.385357797423,27.551421285667,27.4407416091366,27.2745020022695,27.1483864201735,27.2492910788209,27.193805596602,27.2694603047538,27.2644183636851,27.2845846667777,27.2644183636851,27.3601736293342,27.4407416091366,27.3903939025862,27.3249055894848,27.4206054372245,27.3249055894848,27.2492910788209,27.3198663256309,27.3450602134443,27.3450602134443,27.3803214494867,27.4910650755359,27.4659063702468,27.1685751630395,27.2089409277006,27.2038960613414,27.1988509509866,27.0877967231895,27.2997068377419,27.2139855500982,27.3349833876879,27.3148268185636,27.3047470746531,27.3752848587436,27.2997068377419,27.2745020022695,27.3198663256309,27.2694603047538,27.1887599981537,27.1029474496787,27.0928472100887,27.0978974522403,27.1635283437601,27.0978974522403,27.0625406162806,27.1988509509866,27.057488660176,27.0221181058697,27.1837141556074,27.1887599981537,27.2543337507527,27.2038960613414,27.193805596602,27.193805596602,27.1382905826503,27.234161600755,27.1483864201735,27.2644183636851,27.1382905826503,27.1332422972466,27.2845846667777,27.340021922105,27.2946663574817,27.309787068249,27.2694603047538,27.4155707879898,27.355136067025,27.2644183636851,27.2896256338382,27.2745020022695,27.2795434562661,27.2946663574817,27.3954297650103,27.4256398439229,27.4155707879898,27.6268176187712,27.6921172126096,27.6921172126096,27.5866130007331,27.7122012073196,27.5966656031286,27.6268176187712,27.5162177292145,27.651937666319,27.506157393667,27.4105358961847,27.475970578825,27.4810023198492,27.4155707879898,27.5313064183988,27.5866130007331,27.4407416091366,27.7172216044382,27.5665048985609,27.6217928859212,27.6469141389248,27.6469141389248,27.7021596912783,27.6619839981682,27.5212475341273,27.6569609527223,27.5916394226271,27.5765594326333,27.6619839981682,27.8326244118639,27.6820737710463,27.6619839981682,27.5715322863604,27.5815863374129,27.5815863374129,27.5765594326333,27.5966656031286,27.5765594326333,27.4709385956355,27.506157393667,27.4457750460266,27.5313064183988,27.5262770971775,27.6619839981682,27.6268176187712,27.6268176187712,27.6016915422711,27.5614772692013,27.5614772692013,27.651937666319,27.5715322863604,27.5966656031286,27.6016915422711,27.5313064183988,27.5363354978248,27.5413643354891,27.5463929314253,27.6268176187712,27.5966656031286,27.5463929314253,27.506157393667,27.5011268629649,27.3903939025862,27.3954297650103,27.4608739026253,27.4659063702468,27.4457750460266,27.4155707879898,27.4357079298451,27.4910650755359,27.4155707879898,27.3752848587436,27.4004653847288,27.3752848587436,27.3903939025862,27.3500982617396,27.4407416091366,27.4206054372245,27.3500982617396,27.475970578825,27.6368663610303,27.5413643354891,27.551421285667,27.5262770971775,27.5413643354891,27.5363354978248,27.5162177292145,27.5313064183988,27.7473389366228,27.6268176187712,27.7674123504958,27.5715322863604,27.6418903705064,27.5162177292145,27.7573761241401,27.6016915422711,27.6569609527223,27.7222417610001,27.6117426966131,27.5765594326333,27.6117426966131,27.506157393667,27.4860338187415,27.4004653847288,27.506157393667,27.4910650755359,27.4860338187415,27.4055007617757,27.6067172400882,27.6067172400882,27.4206054372245,27.3903939025862,27.3903939025862,27.3803214494867,27.3652109487011,27.3349833876879,27.3903939025862,27.2543337507527
26.9260517102937,26.9260517102937,27.0625406162806,27.0170641889031,27.0221181058697,27.04738401297,27.1433386236146,27.057488660176,27.1635283437601,27.0726437936639,27.1029474496787,27.1130467105523,27.1079972024379,27.1281937673691,27.0322252041533,27.2139855500982,27.0726437936639,27.2089409277006,27.178668068929,27.1534339723613,27.1382905826503,27.1534339723613,26.98673553539,27.1483864201735,27.1635283437601,27.1534339723613,27.1433386236146,27.1382905826503,27.1887599981537,27.1433386236146,27.2190299285684,27.1382905826503,27.2139855500982,27.1180959740562,27.193805596602,27.2190299285684,27.2089409277006,27.1079972024379,27.1231449929837,27.1231449929837,27.052436459084,27.1281937673691,27.1534339723613,27.2139855500982,27.1685751630395,27.1180959740562,27.2593761790295,27.3198663256309,27.2038960613414,27.309787068249,27.2745020022695,27.2392050038562,27.2745020022695,27.1584812802121,27.2795434562661,27.2593761790295,27.2291179538628,27.2291179538628,27.3500982617396,27.3803214494867,27.4357079298451,27.3450602134443,27.3752848587436,27.1736217380844,27.2745020022695,27.4155707879898,27.340021922105,27.475970578825,27.5212475341273,27.3148268185636,27.3752848587436,27.2896256338382,27.2795434562661,27.0827459915085,27.1988509509866,27.193805596602,27.2946663574817,27.3198663256309,27.340021922105,27.3299446101592,27.3299446101592,27.3903939025862,27.2946663574817,27.3198663256309,27.2644183636851,27.234161600755,27.2240740631453,27.2593761790295,27.2089409277006,27.1635283437601,27.1433386236146,27.0978974522403,27.1029474496787,27.2240740631453,27.2644183636851,27.1887599981537,27.3299446101592,27.4306740081185,27.2593761790295,27.2139855500982,27.2190299285684,27.2492910788209,27.2593761790295,27.2845846667777,27.1584812802121,27.1281937673691,27.1231449929837,27.2089409277006,27.340021922105,27.3450602134443,27.2845846667777,27.2240740631453,27.309787068249,27.2644183636851,27.2190299285684,27.2795434562661,27.3349833876879,27.3954297650103,27.3249055894848,27.4709385956355,27.3198663256309,27.3349833876879,27.4810023198492,27.7071805696107,27.8576951793018,27.7322813525865,27.5916394226271,27.5765594326333,27.6167679118797,27.6569609527223,27.5262770971775,27.6217928859212,27.506157393667,27.4910650755359,27.3450602134443,27.3752848587436,27.551421285667,27.6217928859212,27.5715322863604,27.5614772692013,27.5162177292145,27.6870956122065,27.6971385722891,27.5966656031286,27.6469141389248,27.6720293663216,27.7222417610001,27.5866130007331,27.7322813525865,27.7874819207868,27.6870956122065,27.7322813525865,27.7373007876777,27.651937666319,27.7071805696107,27.5866130007331,27.6770516890958,27.6921172126096,27.5765594326333,27.5313064183988,27.5463929314253,27.4960960902657,27.6217928859212,27.5463929314253,27.5866130007331,27.631842110463,27.5212475341273,27.651937666319,27.5866130007331,27.5866130007331,27.5916394226271,27.6770516890958,27.4910650755359,27.6268176187712,27.6268176187712,27.6217928859212,27.5815863374129,27.5463929314253,27.5715322863604,27.5363354978248,27.4709385956355,27.475970578825,27.4256398439229,27.4659063702468,27.4709385956355,27.3500982617396,27.355136067025,27.5011268629649,27.4407416091366,27.3450602134443,27.4709385956355,27.4206054372245,27.475970578825,27.4860338187415,27.4508082405489,27.4105358961847,27.4256398439229,27.4306740081185,27.3601736293342,27.4155707879898,27.4256398439229,27.6117426966131,27.6167679118797,27.6418903705064,27.5011268629649,27.5815863374129,27.5564493982478,27.5011268629649,27.4860338187415,27.5564493982478,27.6016915422711,27.6469141389248,27.5463929314253,27.506157393667,27.6619839981682,27.7021596912783,27.6217928859212,27.7373007876777,27.7573761241401,27.7222417610001,27.6167679118797,27.6971385722891,27.5111876824057,27.5665048985609,27.5363354978248,27.4960960902657,27.4709385956355,27.4810023198492,27.4457750460266,27.385357797423,27.4659063702468,27.3954297650103,27.3349833876879,27.4004653847288,27.3349833876879,27.2392050038562,27.1635283437601,27.1837141556074,27.3047470746531,27.3500982617396
27.0423313217998,27.0170641889031,26.9968460680691,27.0776950150114,27.0726437936639,26.9412259836521,26.9462835831678,27.0069556191484,27.0827459915085,27.1029474496787,27.0877967231895,27.0877967231895,27.1180959740562,27.2291179538628,27.2291179538628,27.1988509509866,27.1534339723613,27.1180959740562,27.1079972024379,27.178668068929,27.1332422972466,27.0019009662915,27.0069556191484,27.0423313217998,27.1281937673691,27.1180959740562,27.0877967231895,27.1837141556074,27.1685751630395,27.1988509509866,27.1584812802121,27.1736217380844,27.1079972024379,27.1887599981537,27.2089409277006,27.0928472100887,27.0827459915085,27.0928472100887,27.057488660176,27.052436459084,27.1079972024379,27.1231449929837,27.04738401297,27.0827459915085,27.1736217380844,27.2896256338382,27.4055007617757,27.2038960613414,27.1988509509866,27.385357797423,27.2644183636851,27.2543337507527,27.1483864201735,27.2644183636851,27.1887599981537,27.193805596602,27.057488660176,27.1837141556074,27.309787068249,27.4810023198492,27.4508082405489,27.3903939025862,27.5614772692013,27.4004653847288,27.2644183636851,27.2291179538628,27.5212475341273,27.2896256338382,27.5866130007331,27.5463929314253,27.3954297650103,27.2392050038562,27.1837141556074,27.0928472100887,27.2139855500982,27.1887599981537,27.309787068249,27.3148268185636,27.3198663256309,27.3198663256309,27.3249055894848,27.3198663256309,27.4055007617757,27.2644183636851,27.2694603047538,27.0675923274317,27.193805596602,27.2139855500982,27.2291179538628,27.1635283437601,27.2543337507527,27.1534339723613,27.2694603047538,27.2139855500982,27.0675923274317,27.2896256338382,27.3349833876879,27.2644183636851,27.2392050038562,27.2240740631453,27.2644183636851,27.1837141556074,27.1736217380844,27.1483864201735,27.2946663574817,27.2240740631453,27.1635283437601,27.340021922105,27.2997068377419,27.3500982617396,27.3148268185636,27.1837141556074,27.234161600755,27.193805596602,27.2845846667777,27.1887599981537,27.2392050038562,27.3047470746531,27.3652109487011,27.3249055894848,27.4960960902657,27.4004653847288,27.5866130007331,27.6117426966131,27.6469141389248,27.6268176187712,27.631842110463,27.6820737710463,27.6067172400882,27.5162177292145,27.5815863374129,27.5715322863604,27.4105358961847,27.3249055894848,27.4608739026253,27.5212475341273,27.5463929314253,27.475970578825,27.5916394226271,27.6870956122065,27.6720293663216,27.7172216044382,27.6670068026902,27.6870956122065,27.6469141389248,27.6569609527223,27.6368663610303,27.7473389366228,27.7021596912783,27.6469141389248,27.6870956122065,27.7674123504958,27.6067172400882,27.631842110463,27.7021596912783,27.6921172126096,27.651937666319,27.5715322863604,27.4810023198492,27.4608739026253,27.5212475341273,27.4709385956355,27.5916394226271,27.551421285667,27.5262770971775,27.7172216044382,27.7322813525865,27.6418903705064,27.6016915422711,27.6469141389248,27.5111876824057,27.4558411927372,27.5665048985609,27.5765594326333,27.6016915422711,27.6720293663216,27.5916394226271,27.5111876824057,27.5313064183988,27.5564493982478,27.5111876824057,27.4659063702468,27.4709385956355,27.4105358961847,27.4357079298451,27.4105358961847,27.4055007617757,27.4206054372245,27.4357079298451,27.3903939025862,27.4306740081185,27.4055007617757,27.4558411927372,27.4457750460266,27.4407416091366,27.4457750460266,27.2795434562661,27.5815863374129,27.3500982617396,27.4457750460266,27.3702480251596,27.6619839981682,27.6569609527223,27.5363354978248,27.5162177292145,27.5916394226271,27.551421285667,27.6418903705064,27.5866130007331,27.7272616770383,27.7674123504958,27.6921172126096,27.7623943574465,27.6418903705064,27.7573761241401,27.631842110463,27.651937666319,27.7473389366228,27.7071805696107,27.777447615956,27.7021596912783,27.6921172126096,27.6217928859212,27.6268176187712,27.5665048985609,27.5212475341273,27.5463929314253,27.475970578825,27.3803214494867,27.5162177292145,27.3601736293342,27.4256398439229,27.4457750460266,27.3803214494867,27.4960960902657,27.4608739026253,27.3652109487011,27.2694603047538,27.2745020022695,27.2543337507527
27.0978974522403,27.0120100266741,26.951340936939,26.9614549073863,27.1483864201735,27.0271717776083,27.1281937673691,27.0877967231895,27.0877967231895,27.0675923274317,27.0827459915085,27.1029474496787,27.1130467105523,27.1635283437601,27.1635283437601,27.037278385539,27.0322252041533,27.1130467105523,27.1534339723613,27.1988509509866,27.2038960613414,27.1837141556074,27.0221181058697,27.1332422972466,27.1231449929837,27.0877967231895,27.1281937673691,27.178668068929,27.1433386236146,27.1332422972466,27.1433386236146,27.1281937673691,27.234161600755,27.1887599981537,27.0877967231895,27.1837141556074,26.9159342987002,27.0675923274317,27.234161600755,27.0423313217998,27.057488660176,27.1180959740562,27.037278385539,27.1180959740562,27.2190299285684,27.1837141556074,27.2946663574817,27.2089409277006,27.1685751630395,27.3249055894848,27.3349833876879,27.2038960613414,27.1483864201735,27.2190299285684,27.1635283437601,27.3148268185636,27.193805596602,27.4155707879898,27.2795434562661,27.3954297650103,27.475970578825,27.5363354978248,27.3249055894848,27.3249055894848,27.3148268185636,27.2946663574817,27.234161600755,27.3803214494867,27.4709385956355,27.355136067025,27.385357797423,27.2240740631453,27.2190299285684,27.2139855500982,27.2442481632001,27.1837141556074,27.3249055894848,27.2946663574817,27.2997068377419,27.340021922105,27.4055007617757,27.4055007617757,27.2694603047538,27.0877967231895,27.2038960613414,27.1837141556074,27.2240740631453,27.2038960613414,27.1130467105523,27.2492910788209,27.1029474496787,27.0978974522403,27.2190299285684,27.2795434562661,27.3249055894848,27.4810023198492,27.3047470746531,27.2795434562661,27.2644183636851,27.2392050038562,27.234161600755,27.2392050038562,27.3299446101592,27.2392050038562,27.2644183636851,27.1534339723613,27.1332422972466,27.2442481632001,27.2795434562661,27.1534339723613,27.3752848587436,27.2745020022695,27.1988509509866,27.2492910788209,27.2946663574817,27.2139855500982,27.3954297650103,27.355136067025,27.2997068377419,27.3198663256309,27.4860338187415,27.5011268629649,27.5363354978248,27.5966656031286,27.6016915422711,27.631842110463,27.7172216044382,27.6167679118797,27.6016915422711,27.5011268629649,27.6016915422711,27.6067172400882,27.5966656031286,27.475970578825,27.4306740081185,27.4357079298451,27.4004653847288,27.4659063702468,27.5313064183988,27.7473389366228,27.7373007876777,27.7222417610001,27.6217928859212,27.6368663610303,27.6670068026902,27.5715322863604,27.5564493982478,27.5363354978248,27.5916394226271,27.6670068026902,27.6770516890958,27.8025315774346,27.6921172126096,27.7523576505433,27.6770516890958,27.5765594326333,27.5765594326333,27.5715322863604,27.5715322863604,27.5212475341273,27.6167679118797,27.4810023198492,27.5715322863604,27.5463929314253,27.551421285667,27.5665048985609,27.6720293663216,27.6469141389248,27.6368663610303,27.4810023198492,27.5866130007331,27.4709385956355,27.5866130007331,27.475970578825,27.5011268629649,27.4306740081185,27.5313064183988,27.6016915422711,27.5564493982478,27.4960960902657,27.506157393667,27.4960960902657,27.4608739026253,27.475970578825,27.3652109487011,27.4659063702468,27.4709385956355,27.385357797423,27.4357079298451,27.4306740081185,27.4155707879898,27.4508082405489,27.3903939025862,27.3500982617396,27.4457750460266,27.4155707879898,27.4457750460266,27.4558411927372,27.4709385956355,27.4960960902657,27.4659063702468,27.6670068026902,27.6016915422711,27.651937666319,27.6820737710463,27.5463929314253,27.5212475341273,27.6870956122065,27.5463929314253,27.6670068026902,27.7373007876777,27.7724301033211,27.5966656031286,27.5665048985609,27.7473389366228,27.6368663610303,27.6016915422711,27.7222417610001,27.6067172400882,27.6921172126096,27.6016915422711,27.6469141389248,27.5916394226271,27.5815863374129,27.4608739026253,27.5111876824057,27.4457750460266,27.5463929314253,27.5262770971775,27.5212475341273,27.4608739026253,27.5111876824057,27.4004653847288,27.4105358961847,27.4155707879898,27.4055007617757,27.2089409277006,27.3299446101592,27.1685751630395,27.2240740631453
26.9209931274554,26.9311100472495,26.9260517102937,26.8703937679424,26.8754548115045,26.9968460680691,26.9917909244467,26.9968460680691,26.9614549073863,26.951340936939,27.0776950150114,27.052436459084,26.9614549073863,26.9209931274554,27.0322252041533,27.0877967231895,26.9260517102937,27.0170641889031,27.1382905826503,27.1079972024379,27.0827459915085,27.0827459915085,27.0776950150114,27.0271717776083,27.04738401297,27.1433386236146,27.1079972024379,27.0928472100887,27.0928472100887,27.0827459915085,27.1988509509866,27.0877967231895,27.1988509509866,27.0827459915085,27.0827459915085,27.0776950150114,27.0726437936639,27.0069556191484,27.0170641889031,27.1029474496787,27.0322252041533,27.037278385539,27.1180959740562,27.0675923274317,27.1887599981537,27.1685751630395,27.309787068249,27.309787068249,27.309787068249,27.309787068249,27.4105358961847,27.2795434562661,27.1029474496787,27.1584812802121,27.1231449929837,27.1382905826503,27.340021922105,27.1837141556074,27.3500982617396,27.4659063702468,27.4810023198492,27.475970578825,27.4457750460266,27.3652109487011,27.3299446101592,27.1584812802121,27.1584812802121,27.2745020022695,27.2089409277006,27.2896256338382,27.3601736293342,27.3652109487011,27.3601736293342,26.98673553539,27.1685751630395,27.1635283437601,27.1635283437601,27.0675923274317,27.3148268185636,27.385357797423,27.4357079298451,27.4709385956355,27.3450602134443,27.2442481632001,27.2593761790295,27.1382905826503,27.057488660176,27.1079972024379,27.1736217380844,27.178668068929,27.2442481632001,27.1382905826503,27.1988509509866,27.1433386236146,27.2442481632001,27.1635283437601,27.1685751630395,27.3047470746531,27.1887599981537,27.1887599981537,27.1887599981537,27.3198663256309,27.3198663256309,27.234161600755,27.2392050038562,27.2139855500982,27.3047470746531,27.2694603047538,27.1736217380844,27.2896256338382,27.2745020022695,27.2089409277006,27.2139855500982,27.2694603047538,27.2442481632001,27.3500982617396,27.1483864201735,27.1736217380844,27.3652109487011,27.3702480251596,27.4960960902657,27.5011268629649,27.5212475341273,27.5262770971775,27.4407416091366,27.5363354978248,27.4810023198492,27.4910650755359,27.4457750460266,27.5212475341273,27.475970578825,27.5564493982478,27.4960960902657,27.309787068249,27.4206054372245,27.4206054372245,27.3601736293342,27.5162177292145,27.4105358961847,27.3803214494867,27.5313064183988,27.5363354978248,27.6167679118797,27.5614772692013,27.5262770971775,27.5665048985609,27.6418903705064,27.6418903705064,27.6770516890958,27.6418903705064,27.8075476496238,27.7975152652541,27.7172216044382,27.6770516890958,27.7071805696107,27.651937666319,27.5765594326333,27.4810023198492,27.3450602134443,27.4810023198492,27.4810023198492,27.4860338187415,27.6469141389248,27.5363354978248,27.5111876824057,27.6619839981682,27.5262770971775,27.5262770971775,27.6167679118797,27.475970578825,27.4810023198492,27.4960960902657,27.475970578825,27.4457750460266,27.5715322863604,27.4407416091366,27.651937666319,27.6217928859212,27.5564493982478,27.3903939025862,27.4659063702468,27.4508082405489,27.4659063702468,27.4608739026253,27.5111876824057,27.3702480251596,27.385357797423,27.3752848587436,27.355136067025,27.3148268185636,27.4004653847288,27.4659063702468,27.4004653847288,27.3903939025862,27.4155707879898,27.4407416091366,27.4860338187415,27.3601736293342,27.4659063702468,27.4608739026253,27.6619839981682,27.5916394226271,27.6167679118797,27.6670068026902,27.6670068026902,27.6670068026902,27.5463929314253,27.6720293663216,27.6217928859212,27.6770516890958,27.7071805696107,27.5866130007331,27.6117426966131,27.7473389366228,27.6418903705064,27.7373007876777,27.631842110463,27.6418903705064,27.7021596912783,27.7874819207868,27.7122012073196,27.7674123504958,27.551421285667,27.5715322863604,27.4810023198492,27.4810023198492,27.475970578825,27.5363354978248,27.4457750460266,27.4659063702468,27.3652109487011,27.3752848587436,27.4206054372245,27.4105358961847,27.4256398439229,27.4407416091366,27.2291179538628,27.178668068929,27.1635283437601,27.2593761790295
