V1,V2,V3,V4,V5,V6,V7,V8,V9,V10,V11,V12,V13,V14,V15,V16,V17,V18,V19,V20,V21,V22,V23,V24,V25,V26,V27,V28,V29,V30,V31,V32,V33,V34,V35,V36,V37,V38,V39,V40,V41,V42,V43,V44,V45,V46,V47,V48,V49,V50,V51,V52,V53,V54,V55,V56,V57,V58,V59,V60,V61,V62,V63,V64,V65,V66,V67,V68,V69,V70,V71,V72,V73,V74,V75,V76,V77,V78,V79,V80,V81,V82,V83,V84,V85,V86,V87,V88,V89,V90,V91,V92,V93,V94,V95,V96,V97,V98,V99,V100,V101,V102,V103,V104,V105,V106,V107,V108,V109,V110,V111,V112,V113,V114,V115,V116,V117,V118,V119,V120,V121,V122,V123,V124,V125,V126,V127,V128,V129,V130,V131,V132,V133,V134,V135,V136,V137,V138,V139,V140,V141,V142,V143,V144,V145,V146,V147,V148,V149,V150,V151,V152,V153,V154,V155,V156,V157,V158,V159,V160,V161,V162,V163,V164,V165,V166,V167,V168,V169,V170,V171,V172,V173,V174,V175,V176,V177,V178,V179,V180,V181,V182,V183,V184,V185,V186,V187,V188,V189,V190,V191,V192,V193,V194,V195,V196,V197,V198,V199,V200,V201,V202,V203,V204,V205,V206,V207,V208,V209,V210,V211,V212,V213,V214,V215,V216,V217,V218,V219,V220,V221,V222,V223,V224,V225,V226,V227,V228,V229,V230,V231,V232,V233,V234,V235,V236,V237,V238,V239,V240
29.5881305700507,29.3906625985796,29.6078572246797,29.6522288391912,29.6226498173448,29.7507663035967,29.8688911556633,29.8590524129916,29.6078572246797,29.5979943542878,29.6226498173448,29.6226498173448,29.5930625764153,29.2126271720896,29.217576634222,29.5782658717225,29.8000008936581,29.5979943542878,29.5634671097716,29.7409166564112,29.7507663035967,29.4153661581674,29.4054854233555,29.5289286601073,29.3807795666623,29.3610107447515,29.3610107447515,29.5091873682112,29.5091873682112,29.4301855384466,29.1878763976491,28.9251623196095,28.8457241736917,28.7562848918599,29.1284509661644,29.1284509661644,29.0342925281775,29.0541223101622,29.3362945434113,29.4746312891203,29.3461817140249,29.4943789947374,29.55360012514,29.55360012514,29.8590524129916,30.0409225268145,30.1783484729875,30.0605656241719,30.0556551883126,30.2371912968375,30.1047493983729,30.251896949001,30.4526720961226,30.3743655749854,30.6530720169788,30.6481886624036,30.2813021944153,30.094932359983,29.8492127629486,30.2224836239616,30.5651376391053,30.4331008277436,30.1930622128441,29.9180712669515,29.6768717503746,29.4598181030883,29.671943624202,29.6078572246797,29.7704628680627,29.6620866878218,29.5979943542878,29.5486662897325,29.6620866878218,29.8885659198648,30.1636327091878,30.2715013432821,30.2273864061603,30.1391019363398,30.7165354344988,30.6530720169788,30.4184200315594,30.4037372245722,30.5406986345341,29.977057507944,29.4153661581674,29.7556907859056,30.1734434433101,30.1341951065232,29.8738101868109,29.9917989785445,29.9475684607986,29.977057507944,29.9082370574946,29.8787289912069,29.4993153482952,29.4943789947374,29.4054854233555,29.4104259055781,29.2522164072173,29.4104259055781,29.5634671097716,29.4104259055781,29.173023160837,29.0640358097506,29.0689922118039,29.227474865981,29.4301855384466,29.4252459745708,29.3066275082174,29.3264064524046,29.3956037698873,29.3511249542619,29.5338634107745,29.5289286601073,29.6226498173448,29.775386440627,29.7704628680627,29.5387979325806,29.1977774003059,29.3165174407562,29.2126271720896,29.1135894037099,28.8457241736917,28.8755204676278,28.8953800028402,28.9598977684891,28.7811367266903,28.6816943046293,28.607051009488,28.646867332668,28.7264549750173,28.7761668270904,28.9251623196095,29.370895615469,29.1482631431937,28.8904154684503,28.6966166352573,28.9102722087998,28.9648590453057,28.9350878965987,29.1185434893225,29.242320482823,29.242320482823,29.1284509661644,29.0987257577298,29.5042514727762,29.6965819756635,29.6226498173448,29.667015270028,29.977057507944,29.6571578775531,29.3956037698873,29.4548799158045,29.7212146309145,29.8098450842037,29.9131542754777,29.8098450842037,29.7409166564112,29.8098450842037,29.7261404787557,29.7310660989319,29.977057507944,29.9819715575531,30.0851144200226,30.0900235027141,30.094932359983,29.8984019418799,29.7803097858312,29.5881305700507,29.5782658717225,29.6916547611904,29.6078572246797,29.5289286601073,29.5387979325806,29.5930625764153,29.7704628680627,29.6177191814719,29.4993153482952,29.5091873682112,29.5190584720663,29.5190584720663,29.4104259055781,29.227474865981,29.1284509661644,29.2225258655088,29.083860027377,29.1135894037099,29.083860027377,28.9003443043406,28.8159194843254,28.8258553140296,28.9102722087998,28.8357902104004,28.9946218259274,29.1482631431937,29.257164023458,29.2720054887278,29.242320482823,29.3313506129726,29.1383575173713,29.3214620616761,29.2126271720896,29.2076774790804,29.1829255497865,29.2027275551628,29.2917908821956,29.2373721746069,29.1433104459398,29.0293345027462,29.019417755741,28.8407573086651,28.8506908055119,28.8457241736917,28.6518433175642,28.6269610479519,28.5871372152255,28.5124270015936,28.4725599092219,28.5174093287365,28.607051009488,28.327915175609,28.2630099036222,28.327915175609,28.4625907807171,28.4625907807171,28.4077437165986,28.223048297154,28.223048297154,28.1580782977234,28.0830630023446,27.982959239327,27.8225944265762,27.9679354426974,27.8677218086608,27.8075476496238,27.6820737710463,27.6921172126096,27.6217928859212,27.6921172126096,27.4910650755359
29.4203061811547,29.5486662897325,29.5634671097716,29.671943624202,29.7212146309145,29.9131542754777,29.7803097858312,29.7606150407326,29.7162885553777,29.6374403552393,29.5733331796973,29.3659532950663,29.242320482823,29.1433104459398,29.1829255497865,29.4993153482952,29.6226498173448,29.7803097858312,29.8934840441875,29.6867273188382,29.4104259055781,29.3214620616761,29.3807795666623,29.4598181030883,29.3461817140249,29.3560679644938,29.3610107447515,29.3362945434113,29.217576634222,29.4351248728131,29.1829255497865,28.9251623196095,28.8953800028402,28.9102722087998,28.8804857008759,28.8506908055119,28.8506908055119,29.1581678438823,29.2818986463425,29.4696937897153,29.3115725896136,29.4598181030883,29.4746312891203,29.55360012514,29.7113622521147,29.8295307397771,29.9229880319466,30.1047493983729,30.1341951065232,30.1145655354327,30.2616995948902,30.3988425085929,30.5553627050914,30.5455868806973,30.4477796139247,30.3743655749854,30.1636327091878,30.0556551883126,30.3988425085929,30.2666005812584,30.2911021485288,30.3253949273354,30.0654758344281,29.7458415937754,29.6768717503746,29.5042514727762,29.5042514727762,29.4845056002677,29.785232903706,29.7212146309145,29.7458415937754,29.972143232219,29.8295307397771,29.9082370574946,30.2028702487351,30.2420934053758,30.1783484729875,30.40863171704,30.8579727982129,30.80434603868,30.5749116829746,30.6237685583967,30.5309214741276,30.1440085410342,29.7556907859056,29.7507663035967,29.972143232219,29.9475684607986,29.7064357210951,29.9475684607986,30.0065384149177,29.9917989785445,30.0065384149177,29.6965819756635,29.6078572246797,29.5141230346309,29.4746312891203,29.4301855384466,29.257164023458,29.5437322255563,29.6867273188382,29.5634671097716,29.0689922118039,29.0342925281775,29.103680537945,29.217576634222,29.4252459745708,29.3313506129726,29.3758377059907,29.2522164072173,29.3412382437518,29.370895615469,29.5289286601073,29.5042514727762,29.7556907859056,29.8098450842037,29.8000008936581,29.5979943542878,29.5338634107745,29.5338634107745,29.3807795666623,29.103680537945,29.0491652125642,28.8904154684503,28.8804857008759,28.6518433175642,28.5223914205637,28.6319379709646,28.5672196631112,28.6866686490532,28.6717449129776,28.6518433175642,28.7761668270904,29.0937707459177,29.1581678438823,28.8556572041575,28.930125224438,28.98470182842,29.0689922118039,29.2769521827709,29.0937707459177,29.2621114091025,29.1581678438823,29.1234973434636,29.1680716196875,29.3066275082174,29.5437322255563,29.6374403552393,29.5486662897325,29.6965819756635,29.7458415937754,29.370895615469,29.6571578775531,29.6571578775531,29.8492127629486,30.0360111882413,30.001625495435,29.9819715575531,29.8688911556633,29.8344515860316,29.7310660989319,29.9426528277437,29.8787289912069,29.844292597587,29.7606150407326,29.785232903706,30.2273864061603,29.967228730348,29.6423700780649,29.5831983351633,29.6029259036991,29.5979943542878,29.4993153482952,29.5979943542878,29.5437322255563,29.6127883172604,29.5634671097716,29.5141230346309,29.5190584720663,29.5141230346309,29.4647560610483,29.2522164072173,29.1581678438823,29.0739483820717,29.0689922118039,29.083860027377,29.044207883055,29.019417755741,28.9549362591941,28.8258553140296,28.7513138236853,28.7413709858727,28.8705550013636,28.9598977684891,29.019417755741,29.2522164072173,29.2027275551628,29.1234973434636,29.2917908821956,29.2868448794737,29.1284509661644,29.1135894037099,29.0987257577298,29.1680716196875,29.2769521827709,29.3214620616761,29.2126271720896,29.1383575173713,29.0243762452778,28.9598977684891,28.9350878965987,28.8059827210337,28.7363992161709,28.5572594772178,28.61202887113,28.4526207095317,28.4526207095317,28.5024616412321,28.482528095304,28.4576058629756,28.4326777380859,28.5672196631112,28.3927804716586,28.4625907807171,28.4077437165986,28.482528095304,28.3927804716586,28.1780733411736,28.0580460022081,27.9178405871461,27.9028074670123,27.8426534379831,27.8426534379831,27.9378813982687,27.8977959483549,27.7975152652541,27.7122012073196,27.7373007876777,27.6619839981682,27.5715322863604
29.5684002590573,29.4203061811547,29.5881305700507,29.6177191814719,29.6226498173448,29.8688911556633,29.9426528277437,29.9524838675562,29.8639718977337,29.9033196129721,29.5289286601073,29.1185434893225,29.1383575173713,29.2373721746069,29.4598181030883,29.4795685592941,29.6078572246797,29.8246096664975,29.8344515860316,29.4203061811547,29.217576634222,29.1383575173713,29.1433104459398,29.4301855384466,29.1680716196875,29.1433104459398,28.9003443043406,29.0541223101622,29.0045408944048,28.9698200896756,29.3264064524046,28.930125224438,28.7363992161709,28.666769865686,28.7811367266903,28.7910758250633,28.8059827210337,29.1878763976491,29.1928270144785,29.3807795666623,29.4647560610483,29.4598181030883,29.4400639777012,29.4054854233555,29.4696937897153,29.5831983351633,29.7655390681081,29.9180712669515,29.8541327014066,29.8984019418799,30.1292880515541,30.4184200315594,30.6970122213627,30.7409344645536,30.3890524059812,30.1243807714027,30.05074452682,29.8098450842037,30.3939475690725,30.3841570192894,30.4869132231383,30.4379939797648,30.1783484729875,29.9524838675562,29.6817996485765,29.5684002590573,29.5190584720663,29.4845056002677,29.6522288391912,29.977057507944,30.0065384149177,29.972143232219,29.8147668387412,29.844292597587,30.0212758178786,30.1440085410342,30.251896949001,30.251896949001,30.6237685583967,30.7214156836447,30.4673482035432,30.3988425085929,30.5406986345341,30.2469952894203,29.8541327014066,29.9573990480468,30.0998409918593,29.967228730348,29.9426528277437,29.9328208826212,30.1881578577246,30.1489149206362,30.045833639664,29.9819715575531,29.967228730348,29.7507663035967,29.8787289912069,29.7162885553777,29.785232903706,29.6571578775531,29.5338634107745,29.4153661581674,29.0689922118039,29.0541223101622,28.9499745173891,29.0689922118039,29.3807795666623,29.2967366545395,29.3264064524046,29.3313506129726,29.2967366545395,29.5091873682112,29.5437322255563,29.6374403552393,29.775386440627,29.8984019418799,29.9623140023007,29.8492127629486,29.7458415937754,29.7310660989319,29.5437322255563,29.3165174407562,29.1135894037099,28.9003443043406,28.8904154684503,28.6319379709646,28.61202887113,28.6020729131087,28.5024616412321,28.8705550013636,28.8556572041575,28.7314272125631,28.646867332668,29.0888155024772,28.9946218259274,28.8705550013636,28.8308228788658,28.7960450239002,29.0689922118039,29.2076774790804,29.0888155024772,29.0937707459177,29.0987257577298,29.217576634222,29.3807795666623,29.3807795666623,29.5091873682112,29.5190584720663,29.4993153482952,29.785232903706,29.6522288391912,29.6620866878218,29.6768717503746,30.0114511084659,29.9082370574946,30.0409225268145,30.0802051118783,30.0851144200226,29.9475684607986,29.7606150407326,29.5042514727762,29.4301855384466,29.5042514727762,29.3659532950663,29.1680716196875,29.4351248728131,29.6177191814719,29.7212146309145,29.7212146309145,29.6768717503746,29.6965819756635,29.5585337318094,29.4301855384466,29.4894424120718,29.449941499166,29.4894424120718,29.5585337318094,29.4845056002677,29.5782658717225,29.5091873682112,29.4351248728131,29.3313506129726,29.2076774790804,29.019417755741,29.0937707459177,29.0739483820717,28.9747809016303,28.940050336123,28.940050336123,28.8804857008759,28.8755204676278,28.8705550013636,28.7314272125631,28.8109512193939,28.9201991820813,29.1185434893225,29.0243762452778,29.0144590341043,29.2225258655088,29.0689922118039,29.0789043205857,29.1482631431937,29.2670585641821,29.1878763976491,29.2621114091025,29.2769521827709,29.1532156091641,29.0144590341043,28.930125224438,28.9995814762791,28.8109512193939,28.7861063926706,28.61202887113,28.3378970521235,28.347877982722,28.3578579676639,28.4625907807171,28.5174093287365,28.4526207095317,28.4576058629756,28.4675754627885,28.3977684560513,28.4775441200496,28.4775441200496,28.4426496954073,28.3179323529188,28.2130555239183,28.3029563442362,28.0830630023446,28.0380281127715,27.7975152652541,27.8977959483549,27.8276095391327,27.837639044803,27.8326244118639,27.7373007876777,27.7071805696107,27.7272616770383,27.5564493982478,27.5564493982478
29.5289286601073,29.5881305700507,29.5930625764153,29.8196883661623,29.977057507944,29.5979943542878,30.1783484729875,29.977057507944,29.8590524129916,29.9623140023007,29.671943624202,29.2522164072173,29.173023160837,29.5091873682112,29.5930625764153,29.5930625764153,29.6325104041979,29.5486662897325,29.5190584720663,29.3115725896136,29.0689922118039,28.9995814762791,29.2720054887278,29.1928270144785,28.8953800028402,28.607051009488,28.8904154684503,29.1631198473796,29.0293345027462,29.0541223101622,29.1581678438823,29.0640358097506,28.8010139892131,28.7015902771012,28.5323548983997,28.7612557262559,28.9053083729833,29.0541223101622,29.23242363567,29.4252459745708,29.5634671097716,29.2621114091025,29.2818986463425,29.385721197515,29.4252459745708,29.7409166564112,29.6817996485765,29.7803097858312,29.8590524129916,29.8492127629486,30.1194732660389,30.1194732660389,30.251896949001,30.3841570192894,30.6433050857922,30.3449858725725,30.0065384149177,29.8246096664975,30.0802051118783,30.4037372245722,30.2960017892775,30.3596767307832,30.2420934053758,30.1292880515541,30.1341951065232,29.8885659198648,29.6423700780649,29.4993153482952,29.6423700780649,29.9573990480468,29.9377369683613,29.6571578775531,29.5091873682112,29.6472995727053,29.9082370574946,30.2469952894203,29.9377369683613,30.2616995948902,30.3449858725725,30.6042284760713,30.4233138536706,30.3547800018646,30.4966943947684,30.3792614089673,30.1341951065232,30.1292880515541,30.4135259860258,30.2960017892775,30.2911021485288,30.0065384149177,30.1881578577246,30.001625495435,29.9377369683613,29.8934840441875,29.8787289912069,29.7261404787557,29.8738101868109,29.6374403552393,29.6226498173448,29.5141230346309,29.0739483820717,29.2472685603494,28.9499745173891,29.0590791758805,28.9350878965987,29.0888155024772,29.1482631431937,29.1284509661644,29.2076774790804,29.4054854233555,29.370895615469,29.5387979325806,29.5437322255563,29.5141230346309,29.6275802249099,29.7606150407326,29.7803097858312,29.9180712669515,29.6522288391912,29.5881305700507,29.6226498173448,29.4301855384466,29.3016821965364,28.9003443043406,28.5323548983997,28.4526207095317,28.5522790316995,28.497478607949,28.6916427592519,29.1977774003059,29.400544711469,29.257164023458,28.9053083729833,29.1631198473796,28.98470182842,28.6916427592519,28.8357902104004,28.8258553140296,28.7214825035015,28.7165097979839,28.8953800028402,28.8705550013636,28.9450125430426,29.2076774790804,29.3906625985796,29.385721197515,29.5338634107745,29.5881305700507,29.8000008936581,29.6620866878218,29.6522288391912,29.7655390681081,29.8246096664975,29.795078457589,29.7359914914735,29.6768717503746,29.8246096664975,30.1047493983729,30.0654758344281,29.8738101868109,29.4153661581674,29.1680716196875,29.173023160837,29.3313506129726,29.4252459745708,29.1680716196875,29.4203061811547,29.6374403552393,29.6965819756635,29.6916547611904,29.6620866878218,29.8049231025195,29.6177191814719,29.6029259036991,29.6965819756635,29.4647560610483,29.449941499166,29.4845056002677,29.6029259036991,29.5289286601073,29.5979943542878,29.3560679644938,29.227474865981,29.257164023458,29.0937707459177,29.227474865981,29.1284509661644,28.9350878965987,28.8606233696602,28.7015902771012,28.8606233696602,28.6866686490532,28.7015902771012,28.7811367266903,28.7463425217002,28.7960450239002,28.7960450239002,28.9102722087998,28.9797414812012,29.0987257577298,29.1928270144785,29.0689922118039,29.2720054887278,29.2522164072173,29.2373721746069,29.0293345027462,29.1284509661644,29.23242363567,29.0243762452778,28.8904154684503,28.7314272125631,28.7562848918599,28.6568190680113,28.537336284473,28.3378970521235,28.2979638679726,28.4326777380859,28.332906232122,28.5572594772178,28.537336284473,28.4127309928177,28.3877922511433,28.3778151016153,28.3927804716586,28.4476353203531,28.4576058629756,28.2130555239183,28.2030618015135,28.1030723156867,28.0230121922066,28.0079941248089,27.9428910032239,27.8576951793018,27.7373007876777,27.837639044803,27.7373007876777,27.8075476496238,27.7021596912783,27.5665048985609,27.5866130007331
29.7409166564112,29.5239936805482,29.5881305700507,29.8344515860316,29.9819715575531,29.967228730348,29.967228730348,29.7507663035967,29.6620866878218,29.7458415937754,29.5437322255563,29.3115725896136,29.1928270144785,29.4795685592941,29.7803097858312,29.6768717503746,29.6472995727053,29.55360012514,29.5881305700507,29.242320482823,28.9946218259274,29.1433104459398,29.083860027377,28.9896619433183,29.1928270144785,29.1482631431937,29.1977774003059,29.0739483820717,29.1185434893225,29.0640358097506,28.9102722087998,29.0541223101622,28.940050336123,28.6916427592519,28.6418911132907,28.7065636848157,28.9896619433183,29.2027275551628,29.3264064524046,29.3758377059907,29.3560679644938,29.3165174407562,29.242320482823,29.3511249542619,29.5634671097716,29.927904570493,30.0605656241719,30.5064746746021,30.3351908478087,30.2862022835847,30.1881578577246,30.1391019363398,30.2126773856944,30.7409344645536,31.0965316297901,30.6384212871151,30.1685381887201,29.9229880319466,29.9524838675562,30.3009012058606,30.2862022835847,30.1930622128441,30.1538210751758,30.2813021944153,30.094932359983,30.1391019363398,29.8934840441875,29.7212146309145,29.8738101868109,30.0409225268145,29.8787289912069,29.6817996485765,29.5338634107745,29.7015089622882,29.8098450842037,29.9180712669515,29.9967123499873,30.1783484729875,30.3302929995506,30.5358101656873,30.6042284760713,30.3694695173139,30.5993428998119,30.3841570192894,30.2469952894203,30.1783484729875,30.5309214741276,30.4135259860258,30.5260325598254,30.2862022835847,30.2616995948902,30.045833639664,30.05074452682,30.0605656241719,30.0802051118783,29.9524838675562,30.001625495435,29.7015089622882,29.6965819756635,29.5091873682112,29.0590791758805,29.1532156091641,29.217576634222,29.0541223101622,28.9350878965987,28.9350878965987,29.0541223101622,29.019417755741,29.044207883055,29.3313506129726,29.4894424120718,29.4993153482952,29.4993153482952,29.55360012514,29.7113622521147,29.927904570493,29.9131542754777,29.9131542754777,29.7359914914735,29.775386440627,29.7015089622882,29.6226498173448,29.4450028531419,29.103680537945,28.607051009488,28.5074444391028,28.4326777380859,28.5273732771074,28.6966166352573,28.9797414812012,29.173023160837,29.257164023458,28.9003443043406,29.0045408944048,29.1977774003059,28.9896619433183,28.8308228788658,28.6866686490532,28.7761668270904,28.7662263269051,28.8556572041575,28.9102722087998,29.1680716196875,29.3906625985796,29.5387979325806,29.6177191814719,29.5585337318094,29.5091873682112,29.5585337318094,29.5437322255563,29.6078572246797,29.5091873682112,29.5338634107745,29.7606150407326,29.6768717503746,29.3165174407562,29.4548799158045,29.8049231025195,29.9917989785445,29.8836475688813,29.5684002590573,29.0293345027462,29.009500080336,29.3313506129726,29.2769521827709,29.1631198473796,29.173023160837,29.4252459745708,29.5930625764153,29.5979943542878,29.6817996485765,29.7409166564112,29.667015270028,29.6571578775531,29.5684002590573,29.4203061811547,29.4153661581674,29.4548799158045,29.6029259036991,29.6078572246797,29.6965819756635,29.5042514727762,29.3610107447515,29.4351248728131,29.3511249542619,29.3659532950663,29.103680537945,29.0045408944048,28.9003443043406,28.6966166352573,28.8854507011395,28.7115368584326,28.7413709858727,28.7662263269051,28.7562848918599,28.6916427592519,28.8755204676278,28.7910758250633,28.8804857008759,28.8804857008759,29.0045408944048,29.1680716196875,29.1779744708596,29.23242363567,29.2225258655088,29.0144590341043,29.1234973434636,29.2076774790804,28.8159194843254,28.7413709858727,28.5622396876777,28.537336284473,28.4875118350172,28.3378970521235,28.3578579676639,28.4227048373089,28.4675754627885,28.3179323529188,28.4675754627885,28.3927804716586,28.3778151016153,28.2480260793404,28.3927804716586,28.5273732771074,28.4426496954073,28.5423174353593,28.2480260793404,28.332906232122,27.9679354426974,28.0680535169536,27.9479003691149,27.8276095391327,27.8426534379831,27.9278614710339,27.8276095391327,27.6117426966131,27.506157393667,27.7724301033211,27.6117426966131,27.5363354978248
29.6522288391912,29.3758377059907,29.5289286601073,29.7409166564112,29.972143232219,29.8738101868109,29.5930625764153,29.6374403552393,29.5091873682112,29.7458415937754,29.7113622521147,29.1185434893225,29.0987257577298,29.385721197515,29.785232903706,29.9475684607986,29.6768717503746,29.5338634107745,29.3511249542619,29.2818986463425,29.1631198473796,29.0888155024772,28.8159194843254,28.8705550013636,29.2027275551628,29.1977774003059,29.1135894037099,28.9747809016303,29.3016821965364,29.23242363567,29.0689922118039,28.8804857008759,29.0541223101622,28.8159194843254,28.6816943046293,28.6717449129776,28.9053083729833,29.0342925281775,29.4104259055781,29.4104259055781,29.4252459745708,29.3758377059907,29.257164023458,29.3807795666623,29.667015270028,29.7803097858312,29.9033196129721,30.197966343171,30.5113644801692,30.2862022835847,30.2322889637756,30.2077739295662,30.7360551016191,30.6384212871151,30.8628466329089,30.4575643551052,29.9131542754777,29.6374403552393,29.775386440627,30.3890524059812,30.4037372245722,30.2666005812584,30.1783484729875,30.1538210751758,30.3106993666494,30.5846848369351,30.5846848369351,30.1636327091878,30.2028702487351,30.2126773856944,30.0261878338035,29.6472995727053,29.6078572246797,29.5585337318094,29.6571578775531,29.9819715575531,29.9917989785445,30.2322889637756,30.1194732660389,30.2862022835847,30.3743655749854,30.0409225268145,30.1194732660389,30.158727004683,30.1194732660389,30.1292880515541,30.1341951065232,30.1734434433101,30.2273864061603,30.1685381887201,30.1685381887201,30.2813021944153,30.0703858191111,30.05074452682,29.9131542754777,29.9426528277437,30.0998409918593,29.8295307397771,29.844292597587,29.7162885553777,29.6620866878218,29.3906625985796,29.1234973434636,29.1234973434636,29.0789043205857,29.2076774790804,28.9995814762791,28.9995814762791,28.8953800028402,29.217576634222,29.400544711469,29.400544711469,29.5042514727762,29.5486662897325,29.671943624202,29.7507663035967,29.7704628680627,29.927904570493,29.8836475688813,29.775386440627,29.6127883172604,29.4450028531419,29.667015270028,29.2967366545395,28.7165097979839,28.5821581795757,28.5273732771074,28.6269610479519,28.666769865686,28.9450125430426,29.0243762452778,28.9797414812012,29.0045408944048,29.0739483820717,29.3313506129726,29.1977774003059,28.9450125430426,28.915235811822,28.8059827210337,28.940050336123,28.9946218259274,28.7711966938393,29.0491652125642,29.3758377059907,29.4400639777012,29.5733331796973,29.385721197515,29.4894424120718,29.3758377059907,29.3956037698873,29.4351248728131,29.4104259055781,29.6127883172604,29.7803097858312,29.775386440627,29.5387979325806,29.671943624202,29.8639718977337,30.1538210751758,30.1636327091878,29.8295307397771,29.3313506129726,29.173023160837,29.3214620616761,29.1680716196875,29.2720054887278,29.23242363567,29.1631198473796,29.4301855384466,29.5782658717225,29.6029259036991,29.4647560610483,29.5782658717225,29.5733331796973,29.6029259036991,29.449941499166,29.4351248728131,29.4450028531419,29.5289286601073,29.5338634107745,29.4203061811547,29.3610107447515,29.5289286601073,29.3758377059907,29.0689922118039,29.0739483820717,29.0045408944048,28.8904154684503,28.6617945840412,28.7513138236853,28.8407573086651,28.7861063926706,28.7065636848157,28.6020729131087,28.5024616412321,28.6020729131087,28.6816943046293,28.7015902771012,28.8208875158601,28.8854507011395,28.9350878965987,29.1135894037099,29.019417755741,29.019417755741,29.0640358097506,29.0491652125642,29.2621114091025,29.1086350865945,28.930125224438,28.6916427592519,28.5024616412321,28.5074444391028,28.5074444391028,28.3828037944729,28.3528680933838,28.2979638679726,28.342887635646,28.2829850186196,28.277991595206,28.3828037944729,28.1230778208426,28.2480260793404,28.1230778208426,28.332906232122,28.4476353203531,28.5423174353593,28.4376638346625,28.2380356778862,27.9779515459613,27.9078187463413,28.0130003858666,27.9579183838364,27.892784190336,27.8225944265762,27.7975152652541,27.777447615956,27.8476675914376,27.5916394226271,27.551421285667,27.5866130007331
29.6127883172604,29.7409166564112,29.7113622521147,29.8738101868109,29.9868853810766,29.5831983351633,29.5782658717225,29.6177191814719,29.5387979325806,29.5585337318094,29.6226498173448,29.1234973434636,29.1631198473796,29.5486662897325,29.8787289912069,29.8393722052915,29.3956037698873,29.2126271720896,29.3511249542619,29.2720054887278,29.0987257577298,28.940050336123,28.7264549750173,29.0689922118039,29.4400639777012,29.3264064524046,29.1433104459398,29.0640358097506,29.3511249542619,29.0689922118039,29.083860027377,29.0590791758805,28.8357902104004,29.0342925281775,28.8755204676278,29.019417755741,29.1482631431937,29.23242363567,29.3610107447515,29.385721197515,29.385721197515,29.4104259055781,29.3461817140249,29.4301855384466,29.4203061811547,29.671943624202,29.9819715575531,30.1194732660389,30.2960017892775,30.2126773856944,30.2862022835847,30.4428869084819,30.6481886624036,30.4526720961226,30.364573235923,30.1734434433101,29.7655390681081,29.6571578775531,29.9033196129721,30.2371912968375,30.3498830491376,30.1292880515541,30.1145655354327,29.9967123499873,30.3547800018646,30.5700247722933,30.4379939797648,30.1243807714027,30.001625495435,30.2273864061603,30.1440085410342,30.045833639664,29.6571578775531,29.449941499166,29.5881305700507,29.8049231025195,30.0998409918593,30.094932359983,30.1292880515541,30.2126773856944,30.0556551883126,29.8787289912069,29.9475684607986,30.094932359983,30.2028702487351,30.0114511084659,30.045833639664,30.1881578577246,30.0065384149177,29.9819715575531,30.0556551883126,30.2715013432821,30.2715013432821,30.1930622128441,30.045833639664,30.094932359983,30.0212758178786,29.927904570493,29.8541327014066,29.9475684607986,29.7409166564112,29.3165174407562,29.257164023458,29.3214620616761,29.217576634222,29.0640358097506,29.0937707459177,28.7264549750173,28.8258553140296,29.1532156091641,29.2027275551628,29.4845056002677,29.6127883172604,29.5486662897325,29.4795685592941,29.7507663035967,30.0998409918593,29.9573990480468,29.9475684607986,30.0703858191111,29.7310660989319,29.6226498173448,29.6965819756635,29.4450028531419,29.1234973434636,28.7264549750173,28.6966166352573,28.7662263269051,28.9896619433183,29.0243762452778,29.0045408944048,28.9251623196095,28.930125224438,29.009500080336,29.5190584720663,29.3560679644938,29.1977774003059,29.2967366545395,29.1829255497865,28.9350878965987,28.7463425217002,28.9102722087998,29.0640358097506,29.4696937897153,29.795078457589,29.7212146309145,29.7162885553777,29.5733331796973,29.3807795666623,29.3610107447515,29.1185434893225,29.5684002590573,29.5486662897325,29.7113622521147,29.7113622521147,29.844292597587,29.927904570493,30.2715013432821,30.305800398308,30.1734434433101,29.5979943542878,29.2076774790804,28.8904154684503,29.0045408944048,29.1928270144785,29.0541223101622,29.1532156091641,29.103680537945,29.1928270144785,29.2769521827709,29.5437322255563,29.5831983351633,29.4647560610483,29.3807795666623,29.2967366545395,29.3264064524046,29.4252459745708,29.5831983351633,29.4845056002677,29.5042514727762,29.4598181030883,29.400544711469,29.4993153482952,29.1829255497865,29.1779744708596,29.103680537945,28.9251623196095,28.8506908055119,28.8506908055119,28.8556572041575,28.9053083729833,28.7463425217002,28.7513138236853,28.8407573086651,28.6916427592519,28.5821581795757,28.6916427592519,28.5323548983997,28.61202887113,28.8159194843254,28.8208875158601,29.0293345027462,29.1284509661644,29.1135894037099,29.0789043205857,29.0640358097506,29.1928270144785,29.2076774790804,28.9450125430426,28.666769865686,28.5223914205637,28.5223914205637,28.4924953392214,28.2630099036222,28.3029563442362,28.3578579676639,28.3129405866768,28.2480260793404,28.2480260793404,28.2380356778862,28.0880656878123,28.1230778208426,28.3179323529188,28.4675754627885,28.497478607949,28.5423174353593,28.5124270015936,28.482528095304,28.3528680933838,28.1130755441568,28.0079941248089,27.837639044803,28.0079941248089,27.8075476496238,27.7674123504958,27.8677218086608,27.7724301033211,27.5916394226271,27.4407416091366,27.5765594326333
29.8196883661623,29.8787289912069,29.8492127629486,29.8541327014066,29.8590524129916,29.5042514727762,29.4598181030883,29.3362945434113,29.4746312891203,29.5831983351633,29.5239936805482,29.2076774790804,29.4746312891203,29.6571578775531,29.9623140023007,29.7655390681081,29.400544711469,29.3758377059907,29.2472685603494,29.2126271720896,28.9450125430426,28.7363992161709,28.8755204676278,29.2126271720896,29.4054854233555,29.3807795666623,29.217576634222,29.1829255497865,29.4400639777012,29.370895615469,29.4351248728131,29.083860027377,29.0392503216033,29.0689922118039,29.1234973434636,29.2522164072173,29.242320482823,29.1779744708596,29.2670585641821,29.3412382437518,29.4993153482952,29.6177191814719,29.4647560610483,29.4598181030883,29.6275802249099,29.8836475688813,29.9573990480468,29.8984019418799,30.1243807714027,30.3351908478087,30.1341951065232,30.0605656241719,30.1538210751758,30.0556551883126,29.9229880319466,30.0556551883126,29.7704628680627,29.7409166564112,29.7556907859056,30.2077739295662,30.1636327091878,30.1194732660389,29.977057507944,30.1832532777823,30.4526720961226,30.4428869084819,30.4722397930578,30.3204966311333,29.9917989785445,30.1440085410342,30.05074452682,30.0605656241719,29.6423700780649,29.6374403552393,29.6226498173448,29.667015270028,29.9131542754777,29.9917989785445,30.0065384149177,30.05074452682,30.0163635761093,29.8885659198648,29.9082370574946,30.2764018809912,30.4575643551052,30.2028702487351,30.1881578577246,30.2273864061603,30.1734434433101,30.1636327091878,30.1881578577246,30.6139989617178,30.4331008277436,30.4233138536706,30.0654758344281,29.8541327014066,29.927904570493,29.5684002590573,29.6078572246797,29.4795685592941,29.4795685592941,29.4696937897153,29.2225258655088,29.2126271720896,29.2373721746069,29.2720054887278,29.227474865981,28.9995814762791,28.9251623196095,29.1878763976491,29.4795685592941,29.5979943542878,29.7901557942818,29.5733331796973,29.5387979325806,29.55360012514,29.7901557942818,29.7901557942818,29.8196883661623,29.8787289912069,29.7901557942818,29.6965819756635,29.6522288391912,29.6029259036991,29.6127883172604,29.2917908821956,28.9648590453057,28.8457241736917,28.9102722087998,29.0144590341043,29.2472685603494,28.915235811822,28.8804857008759,28.9102722087998,29.3066275082174,29.2917908821956,29.3511249542619,29.3264064524046,29.0491652125642,29.0342925281775,28.9350878965987,28.940050336123,28.9896619433183,29.1284509661644,29.2868448794737,29.4054854233555,29.3659532950663,29.4301855384466,29.4746312891203,29.3758377059907,29.227474865981,29.227474865981,29.4153661581674,29.5338634107745,29.7606150407326,29.9623140023007,30.197966343171,30.1832532777823,30.305800398308,30.1783484729875,29.23242363567,28.8854507011395,28.8159194843254,28.8407573086651,29.2670585641821,29.2917908821956,29.1928270144785,29.3115725896136,29.3115725896136,29.2720054887278,29.4301855384466,29.4598181030883,29.4054854233555,29.3066275082174,29.1482631431937,29.1482631431937,29.257164023458,29.3264064524046,29.6325104041979,29.6817996485765,29.6817996485765,29.5881305700507,29.5141230346309,29.4104259055781,29.4943789947374,29.1234973434636,29.0689922118039,29.0640358097506,28.8357902104004,28.7662263269051,28.6966166352573,28.5074444391028,28.5472983510907,28.7363992161709,28.7513138236853,28.7513138236853,28.6219838903298,28.4775441200496,28.6219838903298,28.8208875158601,29.0045408944048,29.1928270144785,29.3115725896136,29.173023160837,29.0937707459177,29.0541223101622,29.019417755741,29.173023160837,29.0590791758805,28.9450125430426,28.7314272125631,28.5323548983997,28.5622396876777,28.482528095304,28.2480260793404,28.3778151016153,28.6020729131087,28.2480260793404,28.1280786023483,28.1130755441568,27.9679354426974,28.0880656878123,28.3129405866768,28.3029563442362,28.4924953392214,28.347877982722,28.482528095304,28.347877982722,28.1380794518489,28.1280786023483,27.9529094959747,27.9428910032239,27.8526815051994,27.8677218086608,27.7824648884334,27.7724301033211,27.8225944265762,27.5413643354891,27.6418903705064,27.5866130007331
29.7359914914735,29.9623140023007,29.8885659198648,29.8787289912069,29.7556907859056,29.4647560610483,29.1631198473796,29.227474865981,29.4746312891203,29.3412382437518,29.3362945434113,29.4400639777012,29.5979943542878,29.844292597587,29.9573990480468,29.6768717503746,29.6374403552393,29.5042514727762,29.23242363567,29.0789043205857,28.9450125430426,29.217576634222,29.083860027377,29.1581678438823,29.3214620616761,29.3115725896136,29.3362945434113,29.217576634222,29.4104259055781,29.6029259036991,29.7901557942818,29.7901557942818,29.3313506129726,29.4252459745708,29.370895615469,29.671943624202,29.5190584720663,29.3906625985796,29.3956037698873,29.5141230346309,29.2225258655088,29.3461817140249,29.4351248728131,29.4054854233555,29.5190584720663,29.667015270028,29.6620866878218,29.9426528277437,29.9819715575531,30.1145655354327,29.9180712669515,30.1341951065232,29.795078457589,29.795078457589,29.9475684607986,30.1881578577246,29.9131542754777,29.6867273188382,29.7704628680627,30.1930622128441,30.2028702487351,30.0703858191111,30.3009012058606,30.4722397930578,30.4379939797648,30.4526720961226,30.6872492844533,30.7555712245957,30.4624563909023,30.1538210751758,29.8984019418799,29.8541327014066,29.5881305700507,29.4598181030883,29.795078457589,29.6374403552393,29.6423700780649,29.6472995727053,29.8885659198648,29.8196883661623,29.8934840441875,29.8934840441875,30.1734434433101,30.4673482035432,30.2960017892775,30.0654758344281,29.8196883661623,29.9131542754777,30.1783484729875,30.2715013432821,30.3988425085929,30.4282074523887,30.2567983841477,30.0212758178786,29.8393722052915,29.7261404787557,29.6374403552393,29.4845056002677,29.3511249542619,29.3412382437518,29.4351248728131,29.3906625985796,29.4104259055781,29.2076774790804,29.3066275082174,29.227474865981,29.2225258655088,29.2225258655088,29.0888155024772,29.1878763976491,29.5190584720663,29.5634671097716,29.671943624202,29.3313506129726,29.4795685592941,29.5239936805482,29.7704628680627,29.7064357210951,29.6867273188382,29.7359914914735,29.8836475688813,29.8787289912069,29.7162885553777,29.671943624202,29.8098450842037,29.4845056002677,28.9598977684891,28.6269610479519,28.6816943046293,28.8804857008759,28.9995814762791,28.9946218259274,28.9251623196095,28.9102722087998,29.2769521827709,29.4795685592941,29.3362945434113,29.3412382437518,29.1779744708596,29.0789043205857,28.9598977684891,29.0243762452778,28.9251623196095,28.9350878965987,29.1532156091641,29.1532156091641,29.0541223101622,29.1284509661644,29.2126271720896,29.227474865981,29.1334043574566,29.370895615469,29.55360012514,29.5437322255563,29.6965819756635,29.7162885553777,29.8049231025195,29.8885659198648,29.9033196129721,29.7803097858312,29.2076774790804,28.8208875158601,28.8755204676278,28.9797414812012,29.2818986463425,29.4054854233555,29.3461817140249,29.1779744708596,29.1779744708596,29.1878763976491,29.4351248728131,29.6325104041979,29.4993153482952,29.2917908821956,29.1581678438823,29.103680537945,29.1928270144785,29.242320482823,29.4400639777012,29.5634671097716,29.6867273188382,29.5437322255563,29.2769521827709,29.0243762452778,28.9995814762791,28.8457241736917,28.8457241736917,28.9598977684891,28.7662263269051,28.8407573086651,28.8854507011395,28.607051009488,28.2979638679726,28.4276914056455,28.2979638679726,28.4526207095317,28.6816943046293,28.7513138236853,28.6518433175642,28.8606233696602,28.8109512193939,29.1482631431937,29.2769521827709,29.257164023458,29.1383575173713,29.0045408944048,29.0144590341043,29.1383575173713,29.0789043205857,28.9995814762791,28.666769865686,28.4177180330437,28.5522790316995,28.332906232122,28.4326777380859,28.2829850186196,28.4576058629756,28.3828037944729,28.4227048373089,28.2729979349236,27.9679354426974,28.1230778208426,28.223048297154,28.3129405866768,28.277991595206,28.327915175609,28.347877982722,28.3229238825521,28.228044327915,28.0830630023446,27.9378813982687,27.9328715542163,27.9378813982687,27.9579183838364,27.6971385722891,27.7874819207868,27.6569609527223,27.5866130007331,27.5463929314253,27.4256398439229
29.8738101868109,29.8639718977337,29.8787289912069,29.7556907859056,29.55360012514,29.2225258655088,29.019417755741,29.4548799158045,29.5042514727762,29.2818986463425,29.3313506129726,29.6078572246797,29.6965819756635,29.6620866878218,29.6965819756635,29.7015089622882,29.6571578775531,29.4153661581674,29.3758377059907,29.4795685592941,29.3807795666623,29.3511249542619,29.2967366545395,29.2472685603494,29.4400639777012,29.242320482823,29.2472685603494,29.2225258655088,29.4054854233555,29.7261404787557,29.9082370574946,29.8196883661623,29.6965819756635,29.5684002590573,29.8295307397771,29.8196883661623,29.6768717503746,29.8836475688813,29.5338634107745,29.7113622521147,29.3264064524046,29.3264064524046,29.55360012514,29.5387979325806,29.1631198473796,29.7606150407326,29.9475684607986,30.1145655354327,30.4037372245722,30.3694695173139,30.05074452682,30.0752955782511,29.8393722052915,29.5585337318094,29.9033196129721,29.9426528277437,29.9229880319466,29.5782658717225,29.7803097858312,30.4233138536706,30.1292880515541,30.158727004683,30.3694695173139,30.5260325598254,30.5651376391053,30.9505379372001,30.7750838052991,30.6384212871151,30.5895710802732,30.05074452682,29.8000008936581,29.7064357210951,29.6965819756635,29.671943624202,29.6965819756635,29.785232903706,29.4400639777012,29.6374403552393,29.4845056002677,29.775386440627,30.0605656241719,30.4918039204427,30.2960017892775,30.2911021485288,30.2126773856944,29.927904570493,29.8196883661623,30.2077739295662,30.3204966311333,30.5260325598254,30.1930622128441,30.0851144200226,30.094932359983,29.8836475688813,29.8836475688813,29.7261404787557,29.6965819756635,29.6127883172604,29.4894424120718,29.4647560610483,29.5289286601073,29.5634671097716,29.4450028531419,29.4746312891203,29.5141230346309,29.3758377059907,29.3264064524046,29.1383575173713,29.1185434893225,29.3659532950663,29.3906625985796,29.5190584720663,29.4598181030883,29.449941499166,29.385721197515,29.5338634107745,29.5486662897325,29.6965819756635,29.6867273188382,29.8934840441875,29.972143232219,29.9573990480468,29.8295307397771,29.8196883661623,29.9229880319466,29.7064357210951,28.9747809016303,28.7363992161709,28.7264549750173,29.1581678438823,29.1581678438823,29.0987257577298,29.0541223101622,28.9698200896756,29.1581678438823,29.1878763976491,29.1829255497865,29.1829255497865,29.3362945434113,29.1185434893225,29.0392503216033,28.9450125430426,28.9201991820813,28.9003443043406,29.0541223101622,29.1284509661644,29.0243762452778,29.0541223101622,29.23242363567,29.173023160837,29.217576634222,29.2225258655088,29.5338634107745,29.5387979325806,29.7113622521147,29.795078457589,29.5979943542878,29.8049231025195,29.7212146309145,29.6916547611904,29.2076774790804,29.0342925281775,28.915235811822,28.9251623196095,29.0739483820717,29.4203061811547,29.449941499166,29.4548799158045,29.3016821965364,29.0888155024772,29.2967366545395,29.5289286601073,29.6078572246797,29.6029259036991,29.5091873682112,29.3610107447515,29.3362945434113,29.3362945434113,29.3264064524046,29.4153661581674,29.4301855384466,29.4252459745708,29.2769521827709,29.1185434893225,29.0144590341043,28.8357902104004,28.9598977684891,28.5721994035508,28.7165097979839,28.8606233696602,28.8655893020517,28.6966166352573,28.61202887113,28.537336284473,28.4476353203531,28.6020729131087,28.7314272125631,28.9251623196095,29.0392503216033,29.044207883055,29.0392503216033,29.1086350865945,29.2027275551628,29.2225258655088,29.2027275551628,29.2076774790804,29.1977774003059,29.1185434893225,29.1680716196875,28.9747809016303,28.7513138236853,28.7065636848157,28.5423174353593,28.3129405866768,28.4376638346625,28.3628476055947,28.4227048373089,28.6717449129776,28.5074444391028,28.4476353203531,28.4476353203531,28.2729979349236,28.2480260793404,28.2729979349236,28.3778151016153,28.497478607949,28.2729979349236,28.3378970521235,28.218052029166,28.0730569169481,28.1380794518489,28.0780600787342,27.9679354426974,27.7975152652541,27.7272616770383,27.7172216044382,27.6619839981682,27.6720293663216,27.631842110463,27.6720293663216
29.5979943542878,29.4746312891203,29.4400639777012,29.3115725896136,29.3115725896136,28.98470182842,29.0640358097506,29.3560679644938,29.3906625985796,29.1779744708596,29.3313506129726,29.8000008936581,29.7803097858312,29.3016821965364,29.5782658717225,29.4104259055781,29.4400639777012,29.4845056002677,29.7064357210951,29.6522288391912,29.385721197515,29.2373721746069,29.257164023458,29.2126271720896,29.2720054887278,29.1680716196875,29.1680716196875,29.1680716196875,29.1878763976491,29.4252459745708,29.8639718977337,29.8098450842037,29.6423700780649,29.5338634107745,29.8688911556633,29.8393722052915,29.8098450842037,29.8000008936581,29.5338634107745,29.385721197515,29.4054854233555,29.3165174407562,29.5338634107745,29.5042514727762,29.5141230346309,29.8000008936581,30.045833639664,30.2371912968375,30.6139989617178,30.3596767307832,30.3302929995506,29.9131542754777,29.671943624202,29.6768717503746,29.8000008936581,29.9131542754777,29.9917989785445,29.6867273188382,30.1881578577246,30.6677207487799,30.305800398308,30.109657579554,30.2764018809912,30.4918039204427,30.8725936400776,31.2228997729714,30.5749116829746,30.1685381887201,30.1047493983729,29.9082370574946,29.775386440627,29.6867273188382,29.6867273188382,29.671943624202,29.449941499166,29.6472995727053,29.8147668387412,29.785232903706,29.785232903706,30.0654758344281,30.2616995948902,30.3009012058606,30.0998409918593,30.2862022835847,30.2862022835847,30.1047493983729,30.2273864061603,30.1391019363398,30.0556551883126,30.3498830491376,30.3351908478087,30.2567983841477,30.0998409918593,29.8492127629486,29.8393722052915,29.7113622521147,29.7409166564112,29.6325104041979,29.6768717503746,29.5684002590573,29.5585337318094,29.4943789947374,29.55360012514,29.667015270028,29.6522288391912,29.370895615469,29.4746312891203,29.3362945434113,29.1234973434636,29.4993153482952,29.55360012514,29.5387979325806,29.6127883172604,29.5437322255563,29.4301855384466,29.3807795666623,29.5684002590573,29.5782658717225,29.7409166564112,29.8738101868109,30.1194732660389,29.8934840441875,29.6817996485765,29.8590524129916,29.9623140023007,29.7803097858312,29.5585337318094,28.9747809016303,28.7711966938393,29.0789043205857,29.1631198473796,29.2720054887278,29.2818986463425,29.1928270144785,29.1433104459398,29.0987257577298,29.1928270144785,29.3412382437518,29.4301855384466,29.3313506129726,28.9549362591941,28.9549362591941,28.9102722087998,28.9201991820813,29.1680716196875,28.9747809016303,28.9499745173891,29.0144590341043,29.1185434893225,29.1433104459398,29.227474865981,29.2769521827709,29.2670585641821,29.2720054887278,29.3362945434113,29.4696937897153,29.4351248728131,29.3560679644938,29.6226498173448,29.6275802249099,29.2917908821956,29.1779744708596,28.8904154684503,28.930125224438,29.0045408944048,29.23242363567,29.3115725896136,29.3214620616761,29.3115725896136,29.103680537945,29.3165174407562,29.5387979325806,29.5289286601073,29.5634671097716,29.3758377059907,29.3214620616761,29.3412382437518,29.3610107447515,29.385721197515,29.3313506129726,29.4153661581674,29.5091873682112,29.2472685603494,29.1135894037099,28.98470182842,28.7015902771012,28.7115368584326,28.5472983510907,28.5423174353593,28.5572594772178,28.8208875158601,28.6518433175642,28.4675754627885,28.2979638679726,28.5423174353593,28.4875118350172,28.7463425217002,29.173023160837,29.1680716196875,29.1284509661644,29.1234973434636,29.0789043205857,29.1878763976491,29.1086350865945,29.1234973434636,28.930125224438,28.9747809016303,29.0987257577298,29.2126271720896,28.9995814762791,28.6916427592519,28.5472983510907,28.332906232122,28.228044327915,28.4625907807171,28.5024616412321,28.3778151016153,28.5074444391028,28.4276914056455,28.607051009488,28.4227048373089,28.3628476055947,28.4027562043539,28.2630099036222,28.1230778208426,28.1380794518489,28.2130555239183,28.3129405866768,28.1580782977234,27.9729436137625,27.9579183838364,27.8777474797793,27.982959239327,27.6720293663216,27.8977959483549,27.7423199823454,27.812563481855,27.5313064183988,27.7021596912783,27.6368663610303
29.4054854233555,29.1680716196875,28.9003443043406,29.0987257577298,29.0739483820717,29.0739483820717,28.9102722087998,28.8804857008759,29.0888155024772,29.044207883055,29.009500080336,29.3214620616761,29.2917908821956,29.1383575173713,28.9995814762791,29.2917908821956,29.2868448794737,29.6078572246797,29.6522288391912,29.5831983351633,29.257164023458,29.103680537945,29.0342925281775,29.0293345027462,29.2868448794737,29.1532156091641,29.1482631431937,29.3115725896136,29.3165174407562,29.3214620616761,29.23242363567,29.4301855384466,29.4400639777012,29.671943624202,30.0310996239144,30.0998409918593,30.0065384149177,29.8885659198648,29.6620866878218,29.3906625985796,29.4548799158045,29.2225258655088,29.5585337318094,30.0212758178786,30.0605656241719,29.9623140023007,29.7704628680627,29.9623140023007,30.0998409918593,30.0851144200226,30.109657579554,29.9573990480468,29.972143232219,29.9426528277437,29.8738101868109,29.6817996485765,29.8590524129916,29.9229880319466,30.0900235027141,30.197966343171,29.9868853810766,29.9377369683613,30.1243807714027,30.4966943947684,30.8628466329089,30.8677202468541,30.3939475690725,29.9426528277437,29.7212146309145,29.6325104041979,29.8639718977337,29.9082370574946,29.6768717503746,29.4351248728131,29.5239936805482,29.8295307397771,29.8295307397771,29.6374403552393,29.8787289912069,30.2126773856944,30.3302929995506,30.2126773856944,30.1881578577246,30.1930622128441,30.1832532777823,30.5406986345341,30.5358101656873,30.5309214741276,29.927904570493,30.0163635761093,30.2224836239616,30.158727004683,30.0556551883126,29.8688911556633,29.8836475688813,29.7704628680627,29.5733331796973,29.5733331796973,29.7458415937754,29.4400639777012,29.55360012514,29.4301855384466,29.3066275082174,29.400544711469,29.4400639777012,29.3610107447515,29.3264064524046,29.4153661581674,29.1532156091641,29.1631198473796,29.3461817140249,29.3511249542619,29.5387979325806,29.5437322255563,29.4153661581674,29.6325104041979,29.8295307397771,29.7015089622882,29.5782658717225,29.7458415937754,29.8688911556633,29.977057507944,29.795078457589,29.6965819756635,30.001625495435,29.7064357210951,29.5141230346309,29.173023160837,28.6816943046293,28.9747809016303,29.1482631431937,29.2818986463425,29.2868448794737,29.385721197515,29.0888155024772,29.257164023458,29.1878763976491,29.3560679644938,29.3412382437518,29.2621114091025,29.0342925281775,28.9995814762791,28.930125224438,28.9350878965987,29.1185434893225,29.044207883055,29.044207883055,29.1334043574566,29.0541223101622,29.2373721746069,29.0342925281775,29.0541223101622,28.9797414812012,29.0541223101622,29.2818986463425,29.5881305700507,29.4943789947374,29.449941499166,29.4845056002677,29.4203061811547,29.1878763976491,29.0590791758805,29.0491652125642,28.9450125430426,29.0342925281775,28.9896619433183,29.1532156091641,29.3264064524046,29.1680716196875,29.1383575173713,29.0640358097506,29.1680716196875,29.257164023458,29.1829255497865,29.1779744708596,29.0293345027462,29.1928270144785,29.4054854233555,29.3659532950663,29.4301855384466,29.2621114091025,29.2769521827709,29.2373721746069,28.940050336123,28.9201991820813,28.5672196631112,28.5821581795757,28.5622396876777,28.5622396876777,28.6319379709646,28.7115368584326,28.6369146594003,28.607051009488,28.3927804716586,28.4077437165986,28.3828037944729,28.4675754627885,28.9450125430426,29.0293345027462,29.173023160837,29.23242363567,29.227474865981,29.1383575173713,29.0590791758805,28.9896619433183,28.9995814762791,28.8705550013636,28.9797414812012,28.98470182842,28.9549362591941,28.7513138236853,28.5672196631112,28.3977684560513,28.2879782051969,28.258015532538,28.3927804716586,28.3628476055947,28.537336284473,28.4276914056455,28.4426496954073,28.5024616412321,28.4476353203531,28.5771789090283,28.5024616412321,28.3778151016153,28.253020924455,28.1430795199092,28.2380356778862,28.2680040377398,28.0730569169481,28.1880694376433,27.9779515459613,27.7523576505433,27.6469141389248,27.7724301033211,27.7523576505433,27.6720293663216,27.5614772692013,27.631842110463,27.5916394226271
29.1086350865945,29.1086350865945,28.9003443043406,29.0888155024772,29.3362945434113,29.0789043205857,28.7910758250633,28.7910758250633,29.009500080336,28.8755204676278,28.7065636848157,29.1086350865945,29.2967366545395,29.1234973434636,28.98470182842,29.0491652125642,29.3362945434113,29.3264064524046,29.4696937897153,29.5338634107745,29.385721197515,29.2621114091025,29.1284509661644,28.9053083729833,29.0144590341043,29.3066275082174,29.3115725896136,29.3659532950663,29.4696937897153,29.2670585641821,29.217576634222,29.400544711469,29.5486662897325,29.6768717503746,29.795078457589,29.9917989785445,30.1440085410342,29.7064357210951,29.7606150407326,29.5585337318094,29.7704628680627,29.8295307397771,30.1194732660389,29.8196883661623,29.9229880319466,29.9573990480468,29.8147668387412,29.7113622521147,29.785232903706,29.7507663035967,29.6472995727053,29.7803097858312,30.1194732660389,30.094932359983,29.8492127629486,29.6226498173448,29.8246096664975,29.795078457589,29.8787289912069,29.977057507944,29.9623140023007,29.7409166564112,30.0212758178786,30.1832532777823,30.3155981109145,30.4575643551052,30.5749116829746,30.0556551883126,29.7409166564112,29.6867273188382,30.0310996239144,30.109657579554,29.8836475688813,29.5486662897325,29.6472995727053,29.6472995727053,29.6423700780649,29.5634671097716,29.9033196129721,30.3204966311333,30.3155981109145,30.2322889637756,30.2028702487351,29.9229880319466,29.927904570493,30.251896949001,30.3106993666494,30.6677207487799,30.4282074523887,30.0556551883126,29.795078457589,30.001625495435,29.8787289912069,29.8688911556633,29.785232903706,29.5338634107745,29.385721197515,29.5979943542878,29.8590524129916,29.5733331796973,29.3906625985796,29.2720054887278,29.1532156091641,28.9499745173891,29.1433104459398,29.0045408944048,29.1334043574566,29.2076774790804,29.0392503216033,29.1185434893225,29.257164023458,29.217576634222,29.3659532950663,29.3560679644938,29.227474865981,29.6127883172604,29.5930625764153,29.7655390681081,29.6423700780649,29.6325104041979,29.7655390681081,29.7310660989319,29.7901557942818,29.844292597587,30.109657579554,29.7606150407326,29.5437322255563,29.0789043205857,28.7711966938393,28.9648590453057,29.1680716196875,29.2522164072173,29.227474865981,29.3956037698873,29.0888155024772,28.9698200896756,29.1878763976491,29.3264064524046,29.4548799158045,29.3412382437518,29.0789043205857,29.2076774790804,29.0342925281775,29.1928270144785,29.1829255497865,29.0541223101622,29.103680537945,28.9698200896756,29.0342925281775,29.0045408944048,29.044207883055,28.98470182842,28.9995814762791,29.1779744708596,29.4894424120718,29.7704628680627,29.7310660989319,29.7064357210951,29.5930625764153,29.4153661581674,29.1977774003059,29.1631198473796,29.0541223101622,28.9598977684891,29.0392503216033,28.8953800028402,29.1532156091641,29.3066275082174,29.4301855384466,29.2027275551628,29.1135894037099,28.915235811822,28.8556572041575,28.930125224438,28.8904154684503,28.8059827210337,28.7115368584326,29.0789043205857,29.3659532950663,29.4696937897153,29.3906625985796,29.3066275082174,29.1086350865945,28.9747809016303,28.7165097979839,28.5771789090283,28.7413709858727,28.8159194843254,28.7065636848157,28.6269610479519,28.7065636848157,28.6418911132907,28.5771789090283,28.3528680933838,28.607051009488,28.2929711549704,28.6816943046293,28.9251623196095,29.0789043205857,29.1829255497865,29.2126271720896,29.2373721746069,29.2373721746069,29.1433104459398,29.1532156091641,29.1234973434636,29.0392503216033,28.9598977684891,28.8804857008759,28.9102722087998,28.7463425217002,28.7314272125631,28.4276914056455,28.342887635646,28.2879782051969,28.2829850186196,28.2380356778862,28.4227048373089,28.4077437165986,28.537336284473,28.6319379709646,28.5223914205637,28.5323548983997,28.4177180330437,28.4875118350172,28.3977684560513,28.258015532538,28.2729979349236,28.2480260793404,27.9979808867536,27.9879666938923,27.9479003691149,27.9028074670123,27.8627086137778,27.7724301033211,27.7071805696107,27.631842110463,27.6971385722891,27.6820737710463,27.8276095391327
29.0243762452778,29.1631198473796,29.103680537945,29.0640358097506,29.2076774790804,28.8953800028402,28.6816943046293,29.0789043205857,29.3610107447515,29.103680537945,28.7513138236853,29.1334043574566,29.2967366545395,29.1383575173713,29.1383575173713,29.2472685603494,29.3560679644938,29.3066275082174,29.5141230346309,29.6620866878218,29.5190584720663,29.4993153482952,29.2917908821956,29.217576634222,29.3115725896136,29.2670585641821,29.3264064524046,29.4696937897153,29.4894424120718,29.4598181030883,29.3906625985796,29.5141230346309,29.5979943542878,29.8098450842037,29.7606150407326,29.9475684607986,29.9328208826212,29.8541327014066,29.6127883172604,29.7359914914735,29.8393722052915,29.8295307397771,29.785232903706,29.7310660989319,29.9623140023007,29.9623140023007,29.8295307397771,29.5831983351633,29.7556907859056,29.5585337318094,29.7655390681081,29.6867273188382,29.9377369683613,29.8492127629486,29.8049231025195,29.7901557942818,29.8639718977337,29.977057507944,29.7901557942818,29.6325104041979,29.6867273188382,29.8688911556633,30.0851144200226,30.0752955782511,30.3009012058606,30.6481886624036,30.5602502833811,29.9967123499873,29.7113622521147,29.8984019418799,29.795078457589,29.8147668387412,29.8738101868109,29.667015270028,29.795078457589,29.6522288391912,29.4993153482952,29.6423700780649,29.785232903706,29.967228730348,29.977057507944,30.158727004683,30.109657579554,30.1881578577246,30.2764018809912,30.2616995948902,30.0360111882413,30.6628380601376,30.4771311594754,29.6374403552393,29.6817996485765,29.6325104041979,29.4400639777012,29.3560679644938,29.4351248728131,29.2818986463425,29.3906625985796,29.6867273188382,30.1243807714027,29.844292597587,29.671943624202,29.5782658717225,29.3461817140249,29.1234973434636,29.242320482823,29.009500080336,29.009500080336,29.0144590341043,29.0243762452778,29.1234973434636,29.2225258655088,29.2967366545395,29.3511249542619,29.4351248728131,29.6177191814719,29.5831983351633,29.6275802249099,29.6078572246797,29.6029259036991,29.6472995727053,29.7507663035967,29.8787289912069,29.8000008936581,29.8984019418799,30.0752955782511,29.8590524129916,29.5486662897325,29.0789043205857,28.7811367266903,28.9698200896756,29.2720054887278,29.4301855384466,29.4696937897153,29.2917908821956,29.083860027377,28.9053083729833,29.1829255497865,29.5141230346309,29.5141230346309,29.2472685603494,29.083860027377,29.044207883055,28.9797414812012,29.083860027377,29.0739483820717,29.044207883055,28.9450125430426,28.9896619433183,28.940050336123,28.9499745173891,28.8804857008759,28.9053083729833,28.9648590453057,29.1086350865945,29.4400639777012,29.6768717503746,29.8147668387412,29.6522288391912,29.5634671097716,29.1977774003059,29.0491652125642,29.1532156091641,29.1532156091641,29.1631198473796,29.0491652125642,29.0491652125642,29.0739483820717,29.1532156091641,29.1581678438823,29.4104259055781,29.3511249542619,29.1433104459398,28.8010139892131,28.9251623196095,29.044207883055,29.0392503216033,28.9201991820813,28.940050336123,29.2126271720896,29.3511249542619,29.3659532950663,29.2967366545395,29.1631198473796,28.8109512193939,28.5223914205637,28.4276914056455,28.4227048373089,28.5423174353593,28.5522790316995,28.7811367266903,28.915235811822,28.8606233696602,28.6866686490532,28.7463425217002,28.7314272125631,28.5323548983997,28.6219838903298,28.8208875158601,29.0392503216033,29.1878763976491,29.1383575173713,29.1433104459398,29.1383575173713,29.1383575173713,29.2522164072173,29.1135894037099,29.0739483820717,29.0937707459177,28.8953800028402,28.8308228788658,28.7115368584326,28.5821581795757,28.5721994035508,28.5522790316995,28.4177180330437,28.3877922511433,28.3678370072086,28.253020924455,28.4227048373089,28.4725599092219,28.4725599092219,28.5821581795757,28.4426496954073,28.4077437165986,28.4725599092219,28.3678370072086,28.3378970521235,28.5423174353593,28.253020924455,28.048037534235,27.962927032733,27.9278614710339,28.0130003858666,28.0830630023446,27.8877721929225,27.7423199823454,27.6921172126096,27.7674123504958,27.7021596912783,27.5765594326333
29.1779744708596,29.1532156091641,29.1482631431937,29.0689922118039,29.2225258655088,29.083860027377,28.8705550013636,29.2126271720896,29.3758377059907,29.103680537945,28.9896619433183,29.1383575173713,29.3066275082174,29.3016821965364,29.2917908821956,29.4203061811547,29.5338634107745,29.4054854233555,29.4252459745708,29.2818986463425,29.4203061811547,29.4993153482952,29.2126271720896,29.3066275082174,29.449941499166,29.3066275082174,29.4203061811547,29.4993153482952,29.4696937897153,29.5930625764153,29.8295307397771,29.6423700780649,30.045833639664,29.967228730348,29.7310660989319,29.7901557942818,29.967228730348,29.8492127629486,29.6768717503746,29.6029259036991,29.927904570493,29.8393722052915,29.6127883172604,29.8246096664975,29.972143232219,30.0851144200226,29.967228730348,29.7409166564112,29.6571578775531,29.7803097858312,29.7458415937754,29.5684002590573,29.6374403552393,29.6226498173448,29.6226498173448,29.6620866878218,29.9377369683613,29.9967123499873,29.5979943542878,29.5979943542878,29.6127883172604,29.7556907859056,30.0802051118783,30.0360111882413,30.3939475690725,30.2911021485288,29.9033196129721,29.7064357210951,29.7803097858312,29.8934840441875,29.7310660989319,29.8590524129916,29.967228730348,29.8590524129916,29.6127883172604,29.4894424120718,29.6571578775531,29.6374403552393,29.6522288391912,29.8738101868109,30.0360111882413,30.1538210751758,30.2666005812584,30.1881578577246,30.2862022835847,30.1047493983729,29.9377369683613,30.5406986345341,30.4331008277436,29.7409166564112,29.5831983351633,29.2670585641821,29.1928270144785,29.1135894037099,29.4054854233555,29.3560679644938,29.5930625764153,29.8541327014066,29.8541327014066,29.8492127629486,29.667015270028,29.4153661581674,29.2967366545395,29.0987257577298,29.009500080336,29.019417755741,29.0789043205857,29.009500080336,28.8854507011395,28.8904154684503,29.2720054887278,29.3659532950663,29.2472685603494,29.3610107447515,29.2621114091025,29.2967366545395,29.3807795666623,29.5733331796973,29.671943624202,29.7704628680627,29.9524838675562,30.0998409918593,29.972143232219,29.9573990480468,30.0752955782511,29.972143232219,29.9033196129721,29.55360012514,29.257164023458,29.2967366545395,29.4795685592941,29.6029259036991,29.6127883172604,29.5930625764153,29.2769521827709,29.0937707459177,29.5289286601073,29.6620866878218,29.5486662897325,29.3758377059907,29.0689922118039,29.1977774003059,28.9797414812012,28.9896619433183,29.0689922118039,29.1680716196875,29.0689922118039,29.0342925281775,29.0243762452778,28.930125224438,28.9747809016303,28.8506908055119,29.044207883055,29.0739483820717,29.0590791758805,29.4153661581674,29.6867273188382,29.8098450842037,29.4647560610483,29.1779744708596,28.9598977684891,29.0491652125642,28.9797414812012,29.1482631431937,28.9797414812012,28.9896619433183,28.8606233696602,28.9797414812012,28.9450125430426,29.0491652125642,29.1680716196875,29.1086350865945,28.9350878965987,29.0144590341043,29.083860027377,29.2027275551628,29.103680537945,29.0689922118039,29.2225258655088,29.2373721746069,29.23242363567,29.3362945434113,29.1185434893225,28.7165097979839,28.5423174353593,28.3129405866768,28.342887635646,28.4775441200496,28.5771789090283,28.7463425217002,29.1532156091641,29.1482631431937,28.9102722087998,28.8804857008759,28.8308228788658,28.8655893020517,28.8258553140296,28.8804857008759,29.009500080336,29.1680716196875,29.1928270144785,28.9995814762791,28.9598977684891,28.9350878965987,29.019417755741,29.1284509661644,28.9747809016303,28.9648590453057,28.7513138236853,28.8655893020517,28.4426496954073,28.372826172538,28.4227048373089,28.3927804716586,28.4276914056455,28.3628476055947,28.4625907807171,28.2729979349236,28.3029563442362,28.2330401214815,28.4675754627885,28.2430309971616,28.497478607949,28.2729979349236,28.342887635646,28.4177180330437,28.3528680933838,28.2979638679726,28.2979638679726,27.9729436137625,27.9979808867536,27.9178405871461,27.9228511486881,27.7975152652541,27.7523576505433,27.7824648884334,27.7071805696107,27.6971385722891,27.5765594326333,27.6067172400882
29.2027275551628,29.0888155024772,29.0789043205857,29.3115725896136,29.242320482823,29.2076774790804,29.1383575173713,29.2126271720896,29.0293345027462,29.1185434893225,29.2373721746069,29.3906625985796,29.7015089622882,29.5684002590573,29.4993153482952,29.4647560610483,29.4351248728131,29.3807795666623,29.400544711469,29.242320482823,29.4301855384466,29.4153661581674,29.217576634222,29.3511249542619,29.3066275082174,29.2917908821956,29.227474865981,29.3066275082174,29.4598181030883,29.775386440627,29.9426528277437,30.05074452682,30.1538210751758,30.2224836239616,30.3792614089673,30.3351908478087,30.1685381887201,30.045833639664,29.8590524129916,29.6620866878218,29.7655390681081,29.8492127629486,29.7704628680627,29.9819715575531,30.0802051118783,30.3106993666494,30.3596767307832,29.9180712669515,29.9377369683613,29.7655390681081,29.5585337318094,29.7212146309145,29.9623140023007,29.9033196129721,29.9426528277437,30.3743655749854,29.8934840441875,29.6029259036991,29.785232903706,29.6078572246797,29.4450028531419,29.8492127629486,29.9082370574946,29.9524838675562,30.158727004683,29.9524838675562,29.5585337318094,29.927904570493,29.977057507944,30.0360111882413,29.9426528277437,30.2126773856944,30.094932359983,29.8590524129916,29.6423700780649,29.6571578775531,29.5979943542878,29.671943624202,29.927904570493,29.844292597587,30.0654758344281,30.0752955782511,30.1832532777823,30.2813021944153,30.1930622128441,30.3351908478087,30.3449858725725,30.2715013432821,30.3400884721394,29.8393722052915,29.3214620616761,29.3906625985796,29.3758377059907,29.3214620616761,29.4104259055781,29.3560679644938,29.5881305700507,29.667015270028,29.6571578775531,29.55360012514,29.3115725896136,29.2967366545395,29.3758377059907,29.2967366545395,29.0590791758805,29.009500080336,29.0293345027462,29.1135894037099,28.8904154684503,29.1779744708596,29.2818986463425,29.2126271720896,29.3313506129726,29.2373721746069,29.3016821965364,29.370895615469,29.3659532950663,29.370895615469,29.5091873682112,29.7064357210951,29.9475684607986,30.3547800018646,30.3253949273354,30.1734434433101,30.2371912968375,30.2224836239616,30.2175806171496,30.045833639664,29.5733331796973,29.3016821965364,29.4647560610483,29.6226498173448,29.8049231025195,29.7556907859056,29.6127883172604,29.5289286601073,29.7803097858312,29.6768717503746,29.6965819756635,29.4301855384466,29.083860027377,29.0689922118039,29.0888155024772,29.0789043205857,29.1631198473796,29.103680537945,29.083860027377,29.2621114091025,29.217576634222,29.0640358097506,29.0739483820717,29.0689922118039,29.0342925281775,29.1185434893225,29.2621114091025,29.5437322255563,29.671943624202,29.5831983351633,29.4153661581674,29.0392503216033,28.940050336123,29.0293345027462,28.9797414812012,29.0342925281775,28.9946218259274,28.8556572041575,29.1631198473796,29.0789043205857,29.1779744708596,29.173023160837,29.2621114091025,29.1185434893225,29.0392503216033,29.1284509661644,29.2522164072173,29.3461817140249,29.5042514727762,29.2225258655088,29.23242363567,29.1334043574566,29.1383575173713,28.940050336123,29.0392503216033,28.7065636848157,28.4875118350172,28.5273732771074,28.4476353203531,28.4077437165986,28.7314272125631,28.6717449129776,28.915235811822,29.1779744708596,29.1334043574566,29.2917908821956,29.1532156091641,28.9102722087998,28.8755204676278,29.0590791758805,29.1779744708596,29.2225258655088,29.1878763976491,29.0937707459177,29.0144590341043,29.019417755741,29.1581678438823,29.0342925281775,29.1086350865945,29.0392503216033,28.9102722087998,28.8109512193939,28.5821581795757,28.4625907807171,28.3678370072086,28.347877982722,28.3877922511433,28.4576058629756,28.5174093287365,28.5771789090283,28.3079485837934,28.5323548983997,28.5323548983997,28.5024616412321,28.482528095304,28.3578579676639,28.3129405866768,28.4177180330437,28.3927804716586,28.3578579676639,28.2979638679726,28.1280786023483,28.0180064083215,28.0130003858666,27.8476675914376,27.9529094959747,27.8827599560813,27.6820737710463,27.6870956122065,27.7071805696107,27.5765594326333,27.5765594326333
29.3659532950663,29.0541223101622,29.3610107447515,29.4993153482952,29.3956037698873,29.6078572246797,29.3956037698873,29.1532156091641,29.0392503216033,29.103680537945,29.1086350865945,29.370895615469,29.6374403552393,29.4450028531419,29.4450028531419,29.4301855384466,29.2373721746069,29.3165174407562,29.3956037698873,29.4054854233555,29.4647560610483,29.4647560610483,29.2967366545395,29.4598181030883,29.5042514727762,29.2967366545395,29.1680716196875,29.2818986463425,29.449941499166,29.6522288391912,30.0605656241719,30.2028702487351,30.3204966311333,30.3694695173139,30.1783484729875,30.1685381887201,29.8787289912069,29.8836475688813,29.7409166564112,29.7458415937754,29.7015089622882,29.5930625764153,29.5831983351633,29.7803097858312,29.5289286601073,29.8393722052915,29.9623140023007,29.8295307397771,29.7803097858312,29.5437322255563,29.6078572246797,29.6275802249099,30.045833639664,30.1636327091878,30.2960017892775,30.0409225268145,29.5684002590573,29.775386440627,30.0802051118783,29.844292597587,29.7704628680627,29.8098450842037,29.8492127629486,29.9819715575531,29.967228730348,29.6226498173448,29.6472995727053,29.8934840441875,29.9623140023007,29.967228730348,29.8541327014066,30.0605656241719,30.251896949001,30.0703858191111,29.8049231025195,29.6078572246797,29.5338634107745,29.6571578775531,29.8246096664975,29.9328208826212,30.0703858191111,30.0900235027141,30.2813021944153,30.1881578577246,30.2371912968375,30.6286530234468,30.4869132231383,30.2616995948902,30.3400884721394,30.1881578577246,29.5239936805482,29.5190584720663,29.3758377059907,29.1829255497865,29.3807795666623,29.2967366545395,29.2769521827709,29.6177191814719,29.5930625764153,29.3560679644938,29.23242363567,29.0689922118039,29.3313506129726,29.4795685592941,29.3313506129726,29.103680537945,28.9350878965987,29.1383575173713,29.1878763976491,29.0590791758805,29.1433104459398,29.2720054887278,29.257164023458,29.370895615469,29.2670585641821,29.2670585641821,29.1878763976491,29.217576634222,29.3610107447515,29.5239936805482,29.7803097858312,30.0654758344281,30.158727004683,30.0998409918593,30.2126773856944,30.0802051118783,30.0900235027141,30.0605656241719,29.5733331796973,29.2917908821956,29.3313506129726,29.5979943542878,29.785232903706,29.7655390681081,29.7162885553777,29.7162885553777,29.795078457589,29.6965819756635,29.4696937897153,29.3461817140249,29.0392503216033,29.0640358097506,29.0640358097506,29.0789043205857,29.083860027377,29.1532156091641,29.103680537945,29.1680716196875,29.044207883055,28.8705550013636,29.0243762452778,29.1878763976491,29.1977774003059,29.103680537945,29.385721197515,29.5634671097716,29.6867273188382,29.8098450842037,29.5979943542878,29.0541223101622,28.9201991820813,29.217576634222,29.1482631431937,28.9648590453057,28.9747809016303,29.019417755741,29.044207883055,29.1334043574566,29.0640358097506,29.0045408944048,28.9549362591941,29.1135894037099,28.8010139892131,28.8258553140296,29.0144590341043,29.2621114091025,29.4400639777012,29.3066275082174,29.242320482823,29.1482631431937,29.1334043574566,28.9201991820813,28.8953800028402,28.7065636848157,28.7065636848157,28.7165097979839,28.5721994035508,28.8407573086651,28.7562848918599,28.9102722087998,28.9201991820813,29.1383575173713,28.9598977684891,29.227474865981,29.227474865981,29.019417755741,28.8904154684503,29.0888155024772,29.3165174407562,29.4203061811547,29.6325104041979,29.5733331796973,29.5782658717225,29.2472685603494,29.2225258655088,29.2126271720896,29.400544711469,29.2720054887278,29.1086350865945,29.0541223101622,28.8953800028402,28.6319379709646,28.332906232122,28.2929711549704,28.3877922511433,28.5074444391028,28.5273732771074,28.6170064980665,28.61202887113,28.7413709858727,28.7065636848157,28.6966166352573,28.5771789090283,28.5721994035508,28.5921160160095,28.5771789090283,28.4426496954073,28.3528680933838,28.347877982722,28.3079485837934,28.1680762946208,28.043032942706,27.8827599560813,27.7874819207868,27.812563481855,27.6971385722891,27.7623943574465,27.8225944265762,27.7071805696107,27.6117426966131
29.1631198473796,29.1135894037099,29.1631198473796,29.5289286601073,29.8590524129916,30.1930622128441,29.4943789947374,29.083860027377,28.8109512193939,29.083860027377,29.242320482823,29.7261404787557,29.7212146309145,29.4746312891203,29.4104259055781,29.4400639777012,29.2522164072173,29.3956037698873,29.3956037698873,29.3511249542619,29.4351248728131,29.4548799158045,29.4548799158045,29.4845056002677,29.3758377059907,29.3016821965364,29.2373721746069,29.227474865981,29.2225258655088,29.5091873682112,29.6472995727053,29.8049231025195,30.197966343171,29.7409166564112,29.7507663035967,29.8738101868109,29.5486662897325,29.5486662897325,29.5437322255563,29.5387979325806,29.5239936805482,29.8984019418799,29.7655390681081,29.8590524129916,30.0851144200226,29.9868853810766,29.972143232219,30.0802051118783,29.8147668387412,29.5437322255563,29.5634671097716,29.7704628680627,30.0654758344281,30.094932359983,30.0261878338035,29.6078572246797,29.8688911556633,30.5309214741276,30.3596767307832,29.9180712669515,30.0900235027141,30.2175806171496,30.0802051118783,29.8688911556633,29.8049231025195,29.6423700780649,29.7310660989319,29.8738101868109,30.0752955782511,29.7015089622882,29.7359914914735,29.8196883661623,30.1145655354327,30.0802051118783,29.8984019418799,29.6620866878218,29.4993153482952,29.449941499166,29.7803097858312,29.7507663035967,29.7803097858312,29.967228730348,30.0556551883126,29.9524838675562,30.0752955782511,30.4966943947684,30.5993428998119,30.3400884721394,30.1685381887201,30.1783484729875,29.6620866878218,29.5141230346309,29.3560679644938,28.9698200896756,29.1135894037099,29.1433104459398,28.9797414812012,29.1532156091641,29.1779744708596,29.173023160837,29.2720054887278,29.4252459745708,29.5634671097716,29.5585337318094,29.5338634107745,29.3659532950663,29.2917908821956,29.3461817140249,29.3412382437518,29.2818986463425,29.449941499166,29.4647560610483,29.4301855384466,29.449941499166,29.4696937897153,29.2225258655088,29.0491652125642,29.3511249542619,29.4104259055781,29.5042514727762,29.6867273188382,29.8492127629486,30.109657579554,30.3253949273354,30.3155981109145,30.3204966311333,30.2126773856944,30.2028702487351,29.8541327014066,29.400544711469,29.4400639777012,29.7704628680627,29.795078457589,30.0114511084659,30.2175806171496,29.5930625764153,29.5190584720663,29.4598181030883,29.4351248728131,29.1928270144785,29.2027275551628,28.9251623196095,29.0739483820717,29.2076774790804,29.2621114091025,29.1234973434636,29.0987257577298,29.103680537945,29.0987257577298,28.8854507011395,29.009500080336,29.1829255497865,29.2472685603494,29.370895615469,29.5979943542878,29.8000008936581,29.8098450842037,29.6817996485765,29.6867273188382,29.4301855384466,29.2522164072173,29.044207883055,29.0491652125642,29.0491652125642,29.0243762452778,28.940050336123,28.8556572041575,29.0541223101622,28.9946218259274,28.9499745173891,29.0888155024772,29.257164023458,28.9747809016303,28.8208875158601,28.9350878965987,29.217576634222,29.2967366545395,29.2720054887278,29.242320482823,29.1334043574566,28.8904154684503,29.1334043574566,28.930125224438,28.9053083729833,28.8407573086651,28.8904154684503,28.8953800028402,28.9797414812012,28.98470182842,29.2868448794737,29.2967366545395,29.4252459745708,29.257164023458,29.1334043574566,29.1334043574566,28.9102722087998,28.8854507011395,28.8804857008759,29.0789043205857,28.8407573086651,29.1779744708596,29.3066275082174,29.3956037698873,29.2917908821956,29.4054854233555,29.4104259055781,29.4647560610483,29.400544711469,29.5338634107745,29.2868448794737,29.1829255497865,29.1680716196875,28.8953800028402,28.8010139892131,28.497478607949,28.3977684560513,28.6816943046293,28.61202887113,28.6966166352573,28.9102722087998,28.7065636848157,28.7314272125631,28.6418911132907,28.4725599092219,28.5124270015936,28.347877982722,28.5771789090283,28.4227048373089,28.342887635646,28.3179323529188,28.1030723156867,28.0079941248089,27.9929739096901,28.0230121922066,27.8225944265762,27.6870956122065,27.7975152652541,27.6770516890958,27.8075476496238,27.8476675914376
29.3165174407562,29.2967366545395,29.3313506129726,29.5930625764153,30.0556551883126,29.9524838675562,29.4894424120718,29.1829255497865,29.3659532950663,29.6127883172604,29.7310660989319,29.4598181030883,29.3016821965364,29.2670585641821,29.4450028531419,29.5486662897325,29.5437322255563,29.5486662897325,29.3906625985796,29.2373721746069,29.400544711469,29.4943789947374,29.6029259036991,29.4845056002677,29.3115725896136,29.1234973434636,29.1185434893225,29.23242363567,29.2126271720896,29.1977774003059,29.2076774790804,29.5733331796973,29.8049231025195,29.385721197515,29.3906625985796,29.4548799158045,29.3560679644938,29.3659532950663,29.5387979325806,29.4351248728131,29.3165174407562,29.6620866878218,29.7409166564112,29.9623140023007,29.972143232219,29.8885659198648,30.0998409918593,30.1292880515541,29.785232903706,29.5486662897325,29.6571578775531,30.4379939797648,30.1832532777823,29.8738101868109,29.5141230346309,29.4400639777012,29.8984019418799,30.1440085410342,29.9082370574946,29.9082370574946,29.7359914914735,29.6374403552393,29.5831983351633,29.6275802249099,29.7458415937754,29.6275802249099,29.7458415937754,30.2764018809912,30.0998409918593,30.0703858191111,29.7655390681081,29.8246096664975,30.3400884721394,30.2224836239616,30.0998409918593,29.9573990480468,29.6472995727053,29.4845056002677,29.5042514727762,29.6916547611904,29.7359914914735,29.8344515860316,29.967228730348,29.967228730348,30.0900235027141,30.3449858725725,30.5895710802732,30.0605656241719,29.9377369683613,30.094932359983,29.9033196129721,29.795078457589,29.795078457589,29.449941499166,29.0789043205857,29.1086350865945,28.8655893020517,28.8506908055119,29.0789043205857,29.1532156091641,29.3461817140249,29.3511249542619,29.4054854233555,29.2621114091025,29.3461817140249,29.4153661581674,29.4301855384466,29.5289286601073,29.4548799158045,29.4301855384466,29.4647560610483,29.6226498173448,29.6423700780649,29.785232903706,29.9180712669515,29.5634671097716,29.3659532950663,29.5338634107745,29.4993153482952,29.400544711469,29.5684002590573,29.6768717503746,29.8295307397771,29.8049231025195,30.0605656241719,30.1636327091878,29.8984019418799,29.7359914914735,29.5387979325806,29.1977774003059,29.217576634222,29.7803097858312,29.967228730348,30.2469952894203,29.977057507944,29.6472995727053,29.5289286601073,29.5684002590573,29.4400639777012,29.3461817140249,29.1680716196875,29.0689922118039,29.0590791758805,29.2868448794737,29.449941499166,29.3115725896136,29.1234973434636,29.0937707459177,29.1334043574566,29.0045408944048,29.0689922118039,29.3956037698873,29.1234973434636,29.1829255497865,29.3807795666623,29.6620866878218,29.9033196129721,29.6620866878218,29.4252459745708,29.2967366545395,29.1334043574566,29.4252459745708,29.3115725896136,29.1829255497865,28.9499745173891,28.9003443043406,28.9102722087998,28.9350878965987,29.0739483820717,28.9995814762791,29.0491652125642,29.103680537945,29.103680537945,29.0987257577298,29.0144590341043,29.0243762452778,29.2472685603494,29.400544711469,29.2373721746069,28.9549362591941,28.9102722087998,28.9598977684891,28.7115368584326,28.7065636848157,28.537336284473,28.9053083729833,29.0541223101622,29.1977774003059,29.2670585641821,29.0243762452778,29.2818986463425,29.1284509661644,29.3511249542619,29.3313506129726,29.23242363567,29.0987257577298,29.0045408944048,29.083860027377,29.083860027377,28.8308228788658,29.0888155024772,29.0342925281775,29.2868448794737,29.1234973434636,29.217576634222,29.0987257577298,29.1631198473796,29.217576634222,29.0937707459177,28.9053083729833,28.9053083729833,28.8556572041575,28.8953800028402,29.0243762452778,28.8953800028402,28.8109512193939,28.5323548983997,28.7065636848157,28.6319379709646,28.6966166352573,28.5970945819598,28.5323548983997,28.5124270015936,28.372826172538,28.4227048373089,28.4625907807171,28.5273732771074,28.3129405866768,28.3877922511433,28.0880656878123,28.0930681351701,27.9979808867536,27.8526815051994,27.8677218086608,27.7975152652541,27.7975152652541,27.7975152652541,27.7322813525865,27.6268176187712,27.7021596912783
29.4054854233555,29.3016821965364,29.4696937897153,29.7606150407326,30.0556551883126,29.8984019418799,29.4647560610483,29.2225258655088,29.1928270144785,29.6768717503746,29.671943624202,29.4795685592941,29.3461817140249,29.4351248728131,29.4696937897153,29.5289286601073,29.3956037698873,29.3511249542619,29.2472685603494,29.3906625985796,29.5585337318094,29.5141230346309,29.5141230346309,29.385721197515,29.4943789947374,29.1433104459398,29.0144590341043,29.1086350865945,28.9102722087998,29.0888155024772,29.3313506129726,29.5091873682112,29.5486662897325,29.3906625985796,29.4598181030883,29.4548799158045,29.2967366545395,29.5437322255563,29.7901557942818,29.5338634107745,29.2818986463425,29.5239936805482,30.2813021944153,30.0998409918593,29.9475684607986,29.9524838675562,30.364573235923,30.4428869084819,30.1292880515541,29.6374403552393,29.6177191814719,29.927904570493,29.7803097858312,29.4845056002677,29.400544711469,29.8246096664975,29.927904570493,29.9033196129721,29.8590524129916,29.8541327014066,29.7064357210951,29.9328208826212,29.8196883661623,29.4845056002677,29.4696937897153,29.7458415937754,29.9967123499873,30.251896949001,30.2764018809912,30.0752955782511,29.8738101868109,30.0802051118783,30.5651376391053,30.4037372245722,30.1440085410342,29.9819715575531,30.158727004683,29.967228730348,29.8934840441875,29.7212146309145,29.6472995727053,29.8688911556633,30.0851144200226,29.7458415937754,30.0998409918593,30.5993428998119,30.80434603868,30.3400884721394,29.667015270028,30.0261878338035,30.001625495435,29.6127883172604,29.5338634107745,29.385721197515,29.1086350865945,29.1334043574566,29.1234973434636,28.9896619433183,28.8506908055119,29.019417755741,29.2472685603494,29.2670585641821,29.2621114091025,28.8059827210337,29.5289286601073,29.6571578775531,29.6620866878218,29.6768717503746,29.3066275082174,29.4400639777012,29.370895615469,29.8836475688813,29.8885659198648,29.9475684607986,29.8787289912069,29.5091873682112,29.3066275082174,29.4301855384466,29.4845056002677,29.4845056002677,29.5289286601073,29.449941499166,29.5091873682112,29.5437322255563,29.8246096664975,29.967228730348,29.7409166564112,29.5684002590573,29.257164023458,29.044207883055,29.2670585641821,29.4301855384466,29.8000008936581,30.2764018809912,29.9967123499873,29.5881305700507,29.8147668387412,29.6867273188382,29.5190584720663,29.4400639777012,29.3214620616761,29.1977774003059,29.103680537945,29.3066275082174,29.4450028531419,29.3906625985796,29.2373721746069,29.0987257577298,29.0342925281775,29.1581678438823,29.1581678438823,29.1532156091641,28.8953800028402,29.1631198473796,29.2720054887278,29.5289286601073,29.6817996485765,29.671943624202,29.671943624202,29.4301855384466,29.1433104459398,29.3659532950663,29.1878763976491,28.9053083729833,28.8208875158601,28.8804857008759,28.8010139892131,28.9053083729833,29.0789043205857,29.0987257577298,29.0491652125642,28.8308228788658,28.8109512193939,29.0144590341043,29.0144590341043,29.0144590341043,29.083860027377,29.1581678438823,29.1284509661644,29.1878763976491,29.1977774003059,28.8457241736917,28.6816943046293,28.4227048373089,28.5622396876777,28.7165097979839,28.8953800028402,29.2076774790804,29.2472685603494,29.5141230346309,29.385721197515,29.2472685603494,29.1928270144785,29.227474865981,29.227474865981,29.2818986463425,29.257164023458,29.083860027377,28.9003443043406,28.8407573086651,29.0937707459177,29.173023160837,29.217576634222,29.0987257577298,29.1680716196875,29.0888155024772,29.0987257577298,29.1234973434636,29.0937707459177,28.8457241736917,28.7065636848157,28.5472983510907,28.4576058629756,28.2630099036222,28.4077437165986,28.8953800028402,28.8904154684503,28.8010139892131,28.7811367266903,28.5721994035508,28.482528095304,28.4127309928177,28.4576058629756,28.4376638346625,28.3628476055947,28.497478607949,28.4476353203531,28.3378970521235,28.2879782051969,28.0980703444506,28.0930681351701,28.1030723156867,27.8777474797793,27.9929739096901,27.7975152652541,27.6770516890958,27.8175790741614,27.7874819207868,27.651937666319,27.5916394226271
29.3461817140249,29.4400639777012,29.9623140023007,29.9033196129721,29.775386440627,29.6029259036991,29.5239936805482,29.6127883172604,29.4943789947374,30.0065384149177,29.7704628680627,29.7458415937754,29.449941499166,29.775386440627,29.4598181030883,29.449941499166,29.227474865981,29.1878763976491,29.2670585641821,29.3906625985796,29.370895615469,29.400544711469,29.5190584720663,29.5930625764153,29.4252459745708,29.227474865981,29.0243762452778,29.0144590341043,28.9251623196095,29.217576634222,29.3956037698873,29.4104259055781,29.5239936805482,29.4301855384466,29.2670585641821,29.6620866878218,29.5239936805482,29.5437322255563,29.6275802249099,29.6029259036991,29.8000008936581,30.7116549637269,31.3976271792789,30.7555712245957,30.2813021944153,30.3792614089673,30.6481886624036,30.4722397930578,30.109657579554,29.6571578775531,29.5831983351633,29.7212146309145,29.844292597587,29.6423700780649,29.5782658717225,29.6916547611904,29.6423700780649,29.844292597587,29.7556907859056,29.5239936805482,29.6127883172604,29.6916547611904,29.7507663035967,29.5091873682112,29.5979943542878,29.6817996485765,29.4450028531419,29.6620866878218,29.9917989785445,29.9328208826212,29.671943624202,29.9623140023007,30.3449858725725,30.2911021485288,29.972143232219,29.8738101868109,29.8885659198648,29.967228730348,29.6817996485765,29.6374403552393,29.6127883172604,29.9082370574946,30.0998409918593,30.0752955782511,30.2666005812584,30.5993428998119,30.5993428998119,30.5944571012223,30.0752955782511,30.0163635761093,30.2322889637756,29.8787289912069,29.5190584720663,29.4153661581674,29.3560679644938,29.385721197515,29.3807795666623,29.1829255497865,29.1383575173713,29.2522164072173,29.257164023458,29.1234973434636,29.2818986463425,29.2868448794737,29.2472685603494,29.5289286601073,29.6522288391912,29.9819715575531,29.7803097858312,29.449941499166,29.3758377059907,29.4795685592941,29.6374403552393,29.4252459745708,29.6127883172604,29.4795685592941,29.0937707459177,29.3066275082174,29.6374403552393,29.4795685592941,29.385721197515,29.3264064524046,29.4598181030883,29.5239936805482,29.5387979325806,29.8049231025195,29.8196883661623,29.5634671097716,29.3264064524046,29.0689922118039,29.2373721746069,29.3610107447515,29.9573990480468,30.1832532777823,30.0163635761093,29.9524838675562,30.045833639664,29.9180712669515,29.5831983351633,29.4598181030883,29.3214620616761,29.1928270144785,29.0045408944048,29.3461817140249,29.3807795666623,29.257164023458,29.173023160837,29.0937707459177,29.0789043205857,29.1779744708596,29.2225258655088,28.98470182842,28.9797414812012,28.9896619433183,29.0937707459177,29.3214620616761,29.5387979325806,29.5437322255563,29.4894424120718,29.6127883172604,29.667015270028,29.785232903706,29.5684002590573,29.0789043205857,29.044207883055,28.930125224438,29.0590791758805,29.0640358097506,29.173023160837,29.3066275082174,29.5387979325806,29.0987257577298,28.8258553140296,28.8606233696602,29.009500080336,29.0342925281775,29.1581678438823,29.1680716196875,29.1284509661644,28.7910758250633,29.2373721746069,29.1086350865945,29.0045408944048,28.7214825035015,28.8755204676278,29.009500080336,28.9598977684891,29.0789043205857,29.2373721746069,29.2472685603494,29.5091873682112,29.4894424120718,29.2126271720896,29.23242363567,29.0888155024772,29.1433104459398,29.2818986463425,29.1482631431937,29.0789043205857,28.9549362591941,28.8606233696602,28.9499745173891,29.0987257577298,29.1086350865945,29.1135894037099,28.930125224438,29.0987257577298,29.2027275551628,29.0342925281775,28.8457241736917,28.6816943046293,28.5074444391028,28.4426496954073,28.277991595206,28.332906232122,28.2829850186196,28.4177180330437,28.7861063926706,29.1581678438823,28.8258553140296,28.6319379709646,28.4875118350172,28.3927804716586,28.4227048373089,28.4526207095317,28.4675754627885,28.4576058629756,28.4526207095317,28.2729979349236,28.0930681351701,28.1030723156867,28.0079941248089,27.9679354426974,27.9729436137625,27.7975152652541,27.9879666938923,27.7724301033211,27.777447615956,27.7272616770383,27.4659063702468
29.5239936805482,29.8787289912069,30.1930622128441,29.7507663035967,29.385721197515,29.3807795666623,29.7507663035967,29.6029259036991,29.6226498173448,29.6325104041979,29.7803097858312,29.5486662897325,29.4943789947374,29.6423700780649,29.4548799158045,29.400544711469,29.1779744708596,29.0789043205857,29.257164023458,29.0937707459177,29.4153661581674,29.4104259055781,29.4450028531419,29.4548799158045,29.3412382437518,29.3511249542619,29.2126271720896,28.9549362591941,28.8755204676278,29.0293345027462,29.3165174407562,29.4301855384466,29.7162885553777,29.5042514727762,29.4746312891203,29.5091873682112,29.6078572246797,29.55360012514,29.7310660989319,29.8049231025195,30.1047493983729,30.1047493983729,29.7507663035967,29.7162885553777,29.6472995727053,29.8885659198648,29.9524838675562,30.1047493983729,29.927904570493,29.6965819756635,29.5782658717225,29.7113622521147,29.9623140023007,29.6472995727053,29.4746312891203,29.4203061811547,29.449941499166,29.6423700780649,29.7162885553777,29.4203061811547,29.3016821965364,29.7064357210951,30.0556551883126,29.6965819756635,29.5930625764153,29.7113622521147,29.4598181030883,29.4943789947374,29.8590524129916,29.6965819756635,29.4696937897153,29.667015270028,29.8393722052915,29.967228730348,29.8098450842037,29.8738101868109,29.9573990480468,30.0114511084659,29.667015270028,29.6817996485765,30.0752955782511,30.2616995948902,30.2666005812584,30.0703858191111,30.0900235027141,30.1243807714027,30.109657579554,30.3792614089673,30.1832532777823,29.9917989785445,30.0114511084659,29.7901557942818,29.6325104041979,29.7113622521147,29.55360012514,29.3807795666623,29.5387979325806,29.55360012514,29.257164023458,29.4104259055781,29.2670585641821,29.0491652125642,29.1185434893225,29.2769521827709,29.3758377059907,29.4548799158045,29.55360012514,29.9033196129721,29.6817996485765,29.4548799158045,29.217576634222,29.217576634222,29.3610107447515,29.4153661581674,29.4203061811547,29.370895615469,29.3362945434113,29.3610107447515,29.5782658717225,29.4301855384466,29.4400639777012,29.4746312891203,29.4104259055781,29.4301855384466,29.4301855384466,29.667015270028,29.7507663035967,29.5091873682112,29.3214620616761,29.1680716196875,29.4301855384466,29.6029259036991,30.3743655749854,30.3792614089673,29.9082370574946,29.8984019418799,29.9868853810766,29.9033196129721,29.977057507944,29.6867273188382,29.3264064524046,29.173023160837,29.1631198473796,29.3214620616761,29.1482631431937,29.1482631431937,29.1185434893225,29.044207883055,29.0689922118039,29.2076774790804,29.227474865981,28.9598977684891,28.8804857008759,28.8208875158601,28.9896619433183,29.044207883055,29.1631198473796,29.3214620616761,29.5042514727762,29.3313506129726,29.3461817140249,29.5387979325806,29.3016821965364,29.019417755741,29.0491652125642,29.0045408944048,28.8804857008759,29.1482631431937,29.1977774003059,29.1234973434636,29.1284509661644,29.0144590341043,28.6020729131087,28.7662263269051,28.9450125430426,28.8755204676278,28.8059827210337,28.8159194843254,28.8159194843254,28.6966166352573,28.8407573086651,28.9251623196095,29.1977774003059,29.019417755741,28.9946218259274,29.0541223101622,28.8308228788658,28.8308228788658,28.9499745173891,28.9003443043406,29.1928270144785,29.1779744708596,29.3264064524046,29.0541223101622,29.0689922118039,28.8953800028402,29.0541223101622,28.8705550013636,28.940050336123,28.940050336123,28.8606233696602,28.9499745173891,29.0987257577298,29.1334043574566,29.0590791758805,28.9251623196095,29.0640358097506,28.9896619433183,29.0888155024772,28.9995814762791,28.7463425217002,28.342887635646,28.342887635646,28.3229238825521,28.277991595206,28.2630099036222,28.0680535169536,28.3528680933838,28.5970945819598,28.7910758250633,28.8308228788658,28.6269610479519,28.6369146594003,28.482528095304,28.3877922511433,28.3578579676639,28.2380356778862,28.347877982722,28.2430309971616,28.0980703444506,28.0029876251156,28.0029876251156,27.9929739096901,27.8677218086608,27.9529094959747,27.777447615956,27.7674123504958,27.7172216044382,27.6670068026902,27.5564493982478
29.9475684607986,30.3009012058606,30.1930622128441,29.5239936805482,29.1234973434636,29.370895615469,29.7113622521147,29.6275802249099,29.6325104041979,29.3807795666623,29.5141230346309,29.3610107447515,29.2373721746069,29.4203061811547,29.6325104041979,29.6325104041979,29.173023160837,29.0789043205857,29.1482631431937,29.5733331796973,29.5289286601073,29.671943624202,29.667015270028,29.4400639777012,29.2720054887278,29.227474865981,29.385721197515,29.1334043574566,28.9499745173891,29.1680716196875,29.3412382437518,29.5733331796973,29.8098450842037,29.8787289912069,29.6965819756635,29.8541327014066,29.8639718977337,29.6226498173448,29.8147668387412,29.6275802249099,29.9082370574946,29.6965819756635,29.4203061811547,29.6374403552393,29.9524838675562,30.4771311594754,30.4771311594754,30.2273864061603,30.2616995948902,29.7162885553777,29.6472995727053,29.7606150407326,29.5930625764153,29.4054854233555,29.370895615469,29.4696937897153,29.8147668387412,29.7704628680627,29.7261404787557,29.5979943542878,29.4301855384466,29.6226498173448,29.7556907859056,29.5979943542878,29.4993153482952,29.3264064524046,29.3264064524046,29.5387979325806,29.8541327014066,29.8147668387412,29.3560679644938,29.4400639777012,29.7556907859056,29.4993153482952,29.5881305700507,29.8246096664975,29.7409166564112,29.5190584720663,29.6078572246797,29.7507663035967,30.094932359983,30.2862022835847,30.0851144200226,29.9180712669515,29.8688911556633,30.0310996239144,30.2960017892775,30.197966343171,30.1832532777823,29.9328208826212,29.9524838675562,30.0065384149177,30.158727004683,30.001625495435,29.8934840441875,29.7359914914735,29.7113622521147,29.6275802249099,29.4104259055781,29.5979943542878,29.55360012514,29.0739483820717,29.2472685603494,29.3659532950663,29.3956037698873,29.2076774790804,29.4054854233555,29.7655390681081,29.5239936805482,29.2769521827709,28.8953800028402,29.0937707459177,29.370895615469,29.3906625985796,29.3461817140249,29.3610107447515,29.1135894037099,29.4252459745708,29.6078572246797,29.5239936805482,29.3362945434113,29.4993153482952,29.6867273188382,29.5437322255563,29.5782658717225,29.5387979325806,29.5486662897325,29.5338634107745,29.5042514727762,29.4203061811547,29.8098450842037,29.8000008936581,30.2126773856944,30.1391019363398,29.8000008936581,29.967228730348,30.0654758344281,30.0310996239144,30.1734434433101,29.9573990480468,29.4548799158045,29.2818986463425,29.2868448794737,29.2621114091025,29.0640358097506,29.2225258655088,29.0590791758805,29.0342925281775,28.9946218259274,29.009500080336,29.1135894037099,29.009500080336,28.9053083729833,28.8606233696602,28.8010139892131,28.8655893020517,28.9797414812012,29.1185434893225,29.4795685592941,29.5239936805482,29.5091873682112,29.6768717503746,29.4746312891203,29.1482631431937,29.0888155024772,29.1928270144785,29.0243762452778,29.2373721746069,29.3362945434113,29.242320482823,29.0293345027462,28.8655893020517,28.61202887113,28.61202887113,28.7562848918599,28.8407573086651,28.8010139892131,28.666769865686,28.7264549750173,28.6717449129776,28.6966166352573,29.0342925281775,29.227474865981,29.2076774790804,29.1532156091641,29.1878763976491,28.915235811822,28.9053083729833,28.9598977684891,28.9201991820813,28.9797414812012,29.0789043205857,29.1680716196875,29.2818986463425,29.2967366545395,29.2720054887278,28.9797414812012,28.8606233696602,28.9003443043406,28.8854507011395,28.9549362591941,28.9598977684891,29.1631198473796,29.0342925281775,29.2225258655088,29.2225258655088,29.217576634222,29.2027275551628,29.1334043574566,29.0392503216033,28.8556572041575,28.5771789090283,28.482528095304,28.3778151016153,28.3628476055947,28.3079485837934,28.2729979349236,28.3129405866768,28.3079485837934,28.4526207095317,28.5771789090283,28.646867332668,28.6269610479519,28.8357902104004,28.5124270015936,28.372826172538,28.1730749366739,28.1380794518489,28.1930671296786,27.9428910032239,28.0029876251156,28.0180064083215,27.8025315774346,27.9579183838364,27.8276095391327,27.7423199823454,27.7724301033211,27.7122012073196,27.5614772692013,27.551421285667
30.3009012058606,30.1243807714027,29.5338634107745,29.1334043574566,29.2225258655088,29.3214620616761,29.5634671097716,29.5979943542878,29.4203061811547,29.4054854233555,29.4104259055781,29.227474865981,29.1532156091641,29.2472685603494,29.4746312891203,29.3758377059907,29.2818986463425,29.0888155024772,29.173023160837,29.2720054887278,29.6127883172604,29.7310660989319,29.7162885553777,29.6374403552393,29.3066275082174,29.4400639777012,29.3214620616761,29.2522164072173,29.2472685603494,29.4647560610483,29.4746312891203,29.7310660989319,29.7261404787557,30.0261878338035,30.0212758178786,29.8098450842037,29.6423700780649,29.6029259036991,29.55360012514,29.6423700780649,29.7901557942818,29.6177191814719,29.8787289912069,30.4869132231383,30.4771311594754,30.2813021944153,30.109657579554,30.158727004683,30.0310996239144,29.55360012514,29.385721197515,29.5634671097716,29.4252459745708,29.2670585641821,29.3906625985796,29.7310660989319,29.7359914914735,29.9967123499873,30.001625495435,29.6571578775531,29.4993153482952,29.5338634107745,29.7655390681081,29.8147668387412,29.5881305700507,29.6325104041979,29.4153661581674,29.5289286601073,29.8639718977337,29.8098450842037,29.4400639777012,29.5634671097716,29.4894424120718,29.370895615469,29.4252459745708,29.6522288391912,29.5585337318094,29.6472995727053,29.7359914914735,29.6571578775531,29.5239936805482,29.370895615469,29.7261404787557,29.7704628680627,29.8639718977337,30.1685381887201,30.4771311594754,30.3302929995506,30.2469952894203,29.9819715575531,29.8098450842037,29.6472995727053,29.9967123499873,29.8836475688813,29.5733331796973,29.3659532950663,29.6325104041979,29.6768717503746,29.5831983351633,29.8787289912069,29.671943624202,29.227474865981,29.1284509661644,29.5091873682112,29.3906625985796,29.3807795666623,29.385721197515,29.5634671097716,29.3313506129726,29.1878763976491,28.9946218259274,28.9946218259274,29.4153661581674,29.5585337318094,29.2373721746069,29.1185434893225,29.2373721746069,29.5042514727762,29.5782658717225,29.4696937897153,29.5239936805482,29.6374403552393,29.775386440627,29.6325104041979,29.5930625764153,29.8147668387412,29.7556907859056,29.6325104041979,29.5190584720663,29.5042514727762,29.8639718977337,29.8639718977337,30.1930622128441,30.0310996239144,29.8000008936581,29.927904570493,29.9868853810766,29.8246096664975,29.9377369683613,29.7015089622882,29.4894424120718,29.2868448794737,29.2868448794737,29.385721197515,29.3313506129726,29.385721197515,29.217576634222,29.1829255497865,28.9648590453057,29.0144590341043,28.9896619433183,29.0888155024772,28.9499745173891,28.9896619433183,28.8506908055119,28.8556572041575,28.8556572041575,29.0789043205857,29.3264064524046,29.5338634107745,29.5733331796973,29.6078572246797,29.6226498173448,29.4598181030883,29.242320482823,29.257164023458,29.2720054887278,29.3362945434113,29.400544711469,29.2522164072173,29.1284509661644,28.9201991820813,28.8655893020517,28.9648590453057,28.7562848918599,28.7910758250633,28.6617945840412,28.7165097979839,28.6916427592519,28.6966166352573,28.8208875158601,28.9350878965987,29.0045408944048,29.1680716196875,29.3362945434113,29.3115725896136,28.9896619433183,29.0640358097506,29.0293345027462,28.9102722087998,28.8208875158601,28.9053083729833,28.9201991820813,28.9549362591941,28.915235811822,29.0739483820717,29.0689922118039,28.9003443043406,28.940050336123,28.9896619433183,29.23242363567,29.3016821965364,29.4943789947374,29.257164023458,29.385721197515,29.3610107447515,29.3313506129726,29.227474865981,29.1928270144785,29.103680537945,29.0689922118039,28.8755204676278,28.666769865686,28.666769865686,28.5871372152255,28.6966166352573,28.5672196631112,28.5672196631112,28.2979638679726,28.3029563442362,28.3528680933838,28.4077437165986,28.4625907807171,28.61202887113,28.5522790316995,28.4476353203531,28.2030618015135,28.1330791460061,28.1380794518489,28.0029876251156,28.0079941248089,27.9879666938923,27.9228511486881,27.8526815051994,27.837639044803,27.7874819207868,27.7222417610001,27.7623943574465,27.5564493982478,27.6268176187712
29.5387979325806,28.9648590453057,29.1482631431937,29.4696937897153,29.3511249542619,29.1928270144785,29.1581678438823,29.4301855384466,29.3610107447515,29.3659532950663,29.1829255497865,29.1680716196875,29.173023160837,29.1433104459398,29.385721197515,29.5782658717225,29.3956037698873,29.4795685592941,29.173023160837,29.2769521827709,29.4450028531419,29.5387979325806,29.4845056002677,29.4203061811547,29.242320482823,29.2967366545395,29.6472995727053,29.8000008936581,29.844292597587,29.8541327014066,29.8492127629486,30.109657579554,30.0998409918593,29.7015089622882,29.3511249542619,29.5091873682112,29.3412382437518,29.3461817140249,29.4647560610483,29.6325104041979,29.8836475688813,29.7901557942818,29.9328208826212,30.1047493983729,30.2960017892775,30.3009012058606,30.0556551883126,29.8196883661623,29.6817996485765,29.55360012514,29.2967366545395,29.4351248728131,29.7655390681081,29.4598181030883,29.5338634107745,29.9082370574946,29.9131542754777,29.7409166564112,29.7064357210951,29.6029259036991,29.5338634107745,29.5585337318094,29.6522288391912,29.5634671097716,29.5585337318094,29.8196883661623,29.8393722052915,29.8196883661623,29.8836475688813,29.7901557942818,29.7409166564112,29.6226498173448,29.3016821965364,29.3610107447515,29.4351248728131,29.6916547611904,29.7409166564112,29.9180712669515,29.9033196129721,29.5881305700507,29.2868448794737,29.1383575173713,29.3165174407562,29.5091873682112,29.844292597587,30.1489149206362,30.3743655749854,30.3449858725725,30.40863171704,30.2960017892775,30.1440085410342,29.671943624202,29.7556907859056,29.8639718977337,29.7212146309145,29.7113622521147,29.7606150407326,29.8541327014066,30.0703858191111,30.0752955782511,29.8934840441875,29.3956037698873,29.3313506129726,29.3906625985796,29.55360012514,29.4548799158045,29.4054854233555,29.227474865981,29.1878763976491,29.2917908821956,29.0590791758805,28.8755204676278,29.1878763976491,29.400544711469,29.1878763976491,29.3511249542619,29.5141230346309,29.5486662897325,29.4993153482952,29.5782658717225,29.6226498173448,29.5979943542878,29.6226498173448,29.4795685592941,29.6522288391912,29.6522288391912,29.6325104041979,29.5634671097716,29.4943789947374,29.6177191814719,29.8738101868109,30.0114511084659,30.2224836239616,29.972143232219,29.795078457589,29.7803097858312,29.785232903706,29.6472995727053,29.6817996485765,29.400544711469,29.400544711469,29.3956037698873,29.671943624202,29.4993153482952,29.385721197515,29.4104259055781,29.2126271720896,29.1977774003059,29.083860027377,28.9797414812012,29.083860027377,29.0937707459177,29.2868448794737,29.0987257577298,28.9946218259274,28.9003443043406,28.9201991820813,28.9648590453057,29.0888155024772,29.217576634222,29.5486662897325,29.6423700780649,29.6867273188382,29.4647560610483,29.3115725896136,29.3906625985796,29.3610107447515,29.1284509661644,29.1185434893225,29.0243762452778,28.8655893020517,28.9995814762791,28.8755204676278,28.8705550013636,28.8904154684503,28.8010139892131,28.8357902104004,28.5273732771074,28.6020729131087,28.5970945819598,28.8308228788658,29.0243762452778,29.0293345027462,29.0243762452778,29.1234973434636,29.0392503216033,29.0293345027462,29.1482631431937,29.3362945434113,29.019417755741,28.9549362591941,29.0045408944048,28.6866686490532,28.6866686490532,28.8705550013636,28.8258553140296,28.8308228788658,28.7662263269051,28.940050336123,28.9747809016303,29.3066275082174,29.671943624202,29.5634671097716,29.4054854233555,29.4054854233555,29.3659532950663,29.1334043574566,29.23242363567,29.083860027377,29.1928270144785,29.1779744708596,29.0640358097506,29.103680537945,29.0541223101622,28.9102722087998,28.7015902771012,28.7065636848157,28.7413709858727,28.5672196631112,28.4426496954073,28.3528680933838,28.4426496954073,28.61202887113,28.5672196631112,28.5771789090283,28.4675754627885,28.2630099036222,28.1930671296786,28.0130003858666,28.0130003858666,27.9529094959747,27.9378813982687,27.9529094959747,27.837639044803,27.7824648884334,27.8025315774346,27.7272616770383,27.777447615956,27.6770516890958,27.7724301033211
29.103680537945,28.9053083729833,29.217576634222,29.2917908821956,29.0541223101622,29.0640358097506,29.0937707459177,29.0590791758805,29.3362945434113,29.5585337318094,29.6177191814719,29.3659532950663,29.1779744708596,29.242320482823,29.4894424120718,29.6127883172604,29.5141230346309,29.4795685592941,29.173023160837,29.0689922118039,29.1680716196875,29.3313506129726,29.1433104459398,29.1086350865945,29.2670585641821,29.8836475688813,29.8098450842037,29.8147668387412,29.6817996485765,29.6325104041979,29.8738101868109,30.3792614089673,30.0802051118783,29.6571578775531,29.4054854233555,29.3560679644938,29.2373721746069,29.173023160837,29.242320482823,29.6127883172604,29.9033196129721,29.927904570493,29.7655390681081,29.785232903706,30.0851144200226,29.8492127629486,29.5930625764153,29.667015270028,29.55360012514,29.4153661581674,29.2670585641821,29.3016821965364,29.4301855384466,29.2917908821956,29.3610107447515,29.671943624202,29.8984019418799,30.001625495435,30.0065384149177,29.7359914914735,29.7162885553777,29.6620866878218,29.7606150407326,29.4894424120718,29.6423700780649,29.927904570493,30.5162540628758,30.1930622128441,29.8836475688813,29.9229880319466,29.977057507944,29.6325104041979,29.3560679644938,29.3165174407562,29.4252459745708,29.6177191814719,29.6916547611904,29.8196883661623,29.5930625764153,29.3115725896136,29.1334043574566,28.9350878965987,29.0491652125642,29.3165174407562,29.667015270028,29.9328208826212,30.251896949001,30.2322889637756,30.2764018809912,30.3498830491376,30.2862022835847,29.9573990480468,29.6571578775531,29.7803097858312,29.8590524129916,29.5733331796973,29.671943624202,30.045833639664,30.2960017892775,30.1636327091878,29.927904570493,29.4993153482952,29.1284509661644,29.4054854233555,29.400544711469,29.5831983351633,29.5831983351633,29.3165174407562,29.103680537945,29.0590791758805,29.1928270144785,28.9946218259274,29.173023160837,29.3511249542619,29.1433104459398,29.5387979325806,29.55360012514,29.5684002590573,29.5782658717225,29.7261404787557,29.7261404787557,29.6571578775531,29.8147668387412,29.6423700780649,29.6275802249099,29.5634671097716,29.6029259036991,29.5585337318094,29.6916547611904,29.6620866878218,29.844292597587,29.9917989785445,30.0310996239144,29.785232903706,29.785232903706,29.667015270028,29.6817996485765,29.667015270028,29.6423700780649,29.5190584720663,29.4153661581674,29.7162885553777,29.7409166564112,29.4203061811547,29.2621114091025,29.3362945434113,29.23242363567,29.1631198473796,29.2522164072173,29.1234973434636,28.98470182842,29.1680716196875,29.1779744708596,29.1878763976491,28.930125224438,28.7165097979839,28.7165097979839,28.9747809016303,28.9003443043406,29.257164023458,29.6078572246797,29.6620866878218,29.6374403552393,29.4795685592941,29.2720054887278,29.3461817140249,29.1086350865945,29.3758377059907,29.1234973434636,28.8506908055119,28.6418911132907,28.6816943046293,28.8854507011395,28.8804857008759,28.7562848918599,28.7861063926706,28.6966166352573,28.6617945840412,28.7711966938393,28.6418911132907,28.7711966938393,28.8208875158601,29.0243762452778,29.0640358097506,29.1631198473796,29.0590791758805,29.1532156091641,29.0541223101622,29.2126271720896,29.1234973434636,28.98470182842,28.8804857008759,28.9499745173891,28.7115368584326,28.6369146594003,28.7910758250633,28.8705550013636,28.8208875158601,28.8506908055119,28.8854507011395,28.7960450239002,28.9896619433183,29.0144590341043,29.257164023458,29.3362945434113,29.1482631431937,29.019417755741,29.1334043574566,29.1433104459398,29.1284509661644,29.0541223101622,28.9946218259274,29.0491652125642,28.940050336123,28.8506908055119,28.915235811822,28.8059827210337,28.6966166352573,28.666769865686,28.646867332668,28.372826172538,28.3229238825521,28.4127309928177,28.5871372152255,28.5622396876777,28.4376638346625,28.3079485837934,28.277991595206,27.9979808867536,28.0180064083215,27.9929739096901,27.8727347639835,27.9278614710339,27.7623943574465,27.7975152652541,27.7924987130493,27.7222417610001,27.7874819207868,27.6368663610303,27.631842110463
29.1086350865945,29.1631198473796,29.2076774790804,29.2967366545395,29.1532156091641,29.2076774790804,29.2472685603494,29.2818986463425,29.2027275551628,29.370895615469,29.55360012514,29.4104259055781,29.1631198473796,29.1680716196875,29.2373721746069,29.449941499166,30.0212758178786,29.8000008936581,29.2868448794737,29.0937707459177,29.1829255497865,29.2818986463425,29.083860027377,29.3610107447515,29.9033196129721,29.8688911556633,29.8738101868109,29.7310660989319,29.6275802249099,29.4993153482952,29.6472995727053,30.2175806171496,30.1194732660389,29.5042514727762,29.1977774003059,29.1878763976491,29.1680716196875,29.1631198473796,29.2769521827709,29.6472995727053,30.1341951065232,29.7015089622882,29.4598181030883,29.4598181030883,29.6226498173448,29.8393722052915,30.5993428998119,30.2420934053758,30.0310996239144,29.667015270028,29.6571578775531,29.5387979325806,29.3807795666623,29.3461817140249,29.8787289912069,29.5733331796973,29.9229880319466,30.0163635761093,29.8541327014066,29.7901557942818,29.785232903706,29.8295307397771,29.7803097858312,29.8000008936581,29.5486662897325,29.8196883661623,30.2077739295662,29.967228730348,30.0409225268145,29.8639718977337,29.6275802249099,29.671943624202,29.3461817140249,29.4203061811547,29.4301855384466,29.667015270028,29.8246096664975,29.7113622521147,29.671943624202,29.4746312891203,29.2076774790804,28.9251623196095,29.0739483820717,29.044207883055,29.3165174407562,29.6029259036991,30.045833639664,30.1538210751758,30.2469952894203,30.2960017892775,30.1243807714027,29.8738101868109,29.6127883172604,29.5437322255563,29.8492127629486,29.671943624202,29.8590524129916,30.2862022835847,30.3939475690725,30.5162540628758,30.05074452682,29.4845056002677,29.227474865981,29.400544711469,29.370895615469,29.5190584720663,29.5387979325806,29.2027275551628,29.1433104459398,29.1135894037099,29.1532156091641,29.1383575173713,29.1779744708596,29.227474865981,29.2225258655088,29.5239936805482,29.6522288391912,29.6571578775531,29.4845056002677,29.6522288391912,29.7212146309145,29.6522288391912,29.6571578775531,29.4993153482952,29.3461817140249,29.3560679644938,29.5289286601073,29.5585337318094,29.5881305700507,29.844292597587,29.9819715575531,30.197966343171,29.8295307397771,29.7655390681081,29.977057507944,29.6472995727053,29.6522288391912,29.7507663035967,29.7064357210951,29.5338634107745,29.6472995727053,29.9033196129721,29.8147668387412,29.5141230346309,29.3461817140249,29.5190584720663,29.3264064524046,29.1383575173713,29.2472685603494,29.1928270144785,29.0739483820717,29.1779744708596,29.1779744708596,29.1878763976491,29.0243762452778,28.7562848918599,28.8904154684503,28.8953800028402,29.019417755741,29.227474865981,29.5338634107745,29.3461817140249,29.3906625985796,29.3214620616761,29.227474865981,29.370895615469,29.2670585641821,29.2472685603494,29.2076774790804,28.7562848918599,28.7214825035015,28.6418911132907,28.7612557262559,28.8010139892131,28.8059827210337,28.8804857008759,28.8357902104004,29.0293345027462,29.0243762452778,28.930125224438,28.8258553140296,28.8010139892131,28.9797414812012,29.0392503216033,28.9450125430426,28.9499745173891,29.0739483820717,29.0243762452778,29.0541223101622,29.0888155024772,29.0144590341043,29.1135894037099,28.9350878965987,28.8606233696602,28.7065636848157,28.7065636848157,28.8059827210337,28.930125224438,28.8159194843254,28.9053083729833,28.98470182842,28.915235811822,29.0144590341043,28.9995814762791,29.0789043205857,29.0987257577298,29.1284509661644,29.103680537945,29.019417755741,29.1086350865945,29.1680716196875,29.0590791758805,28.9350878965987,28.9946218259274,28.9549362591941,28.8258553140296,28.8556572041575,28.8208875158601,28.7960450239002,28.5871372152255,28.4775441200496,28.4775441200496,28.5074444391028,28.5622396876777,28.537336284473,28.5522790316995,28.4426496954073,28.1880694376433,28.0130003858666,28.1630774149815,27.962927032733,27.9679354426974,28.0079941248089,27.8677218086608,27.9078187463413,27.7975152652541,27.7924987130493,27.777447615956,27.777447615956,27.812563481855
29.5585337318094,29.3412382437518,29.1334043574566,28.9747809016303,29.2769521827709,29.3165174407562,29.1829255497865,29.1482631431937,29.044207883055,29.103680537945,29.3412382437518,29.4104259055781,29.1878763976491,29.1878763976491,29.4203061811547,29.5387979325806,30.0163635761093,29.9229880319466,29.4746312891203,29.6127883172604,29.5585337318094,29.5634671097716,29.6571578775531,29.6522288391912,29.1878763976491,29.5733331796973,29.7409166564112,29.5930625764153,29.3511249542619,29.1383575173713,29.2868448794737,29.5091873682112,29.7507663035967,29.3313506129726,29.0541223101622,29.0789043205857,29.1878763976491,29.1779744708596,29.2670585641821,29.6571578775531,29.6571578775531,29.3016821965364,29.3165174407562,29.3016821965364,29.6177191814719,30.2666005812584,30.3547800018646,30.2273864061603,29.8836475688813,29.7310660989319,29.7310660989319,29.5338634107745,29.3165174407562,29.2868448794737,29.671943624202,29.7556907859056,29.6916547611904,29.7310660989319,29.9868853810766,30.0900235027141,30.0163635761093,29.785232903706,29.6226498173448,29.5585337318094,29.5486662897325,29.795078457589,29.8147668387412,30.001625495435,30.045833639664,29.8688911556633,29.5684002590573,29.6522288391912,29.3610107447515,29.795078457589,30.0261878338035,29.8541327014066,29.8738101868109,30.0409225268145,29.785232903706,29.6472995727053,29.4845056002677,29.4943789947374,29.4845056002677,28.9797414812012,28.7761668270904,29.4450028531419,30.158727004683,30.4184200315594,30.3106993666494,30.2960017892775,29.9475684607986,29.7310660989319,29.7409166564112,29.5782658717225,29.8836475688813,29.7655390681081,29.8984019418799,30.1881578577246,30.2862022835847,30.1489149206362,30.0163635761093,29.7409166564112,29.2967366545395,29.5979943542878,29.8393722052915,29.6965819756635,29.671943624202,29.3362945434113,29.2076774790804,29.1977774003059,29.1631198473796,29.1185434893225,29.2670585641821,29.1779744708596,29.3016821965364,29.4252459745708,29.6522288391912,29.5338634107745,29.5190584720663,29.8147668387412,29.7113622521147,29.6177191814719,29.7409166564112,29.5042514727762,29.4845056002677,29.2769521827709,29.5239936805482,29.6275802249099,29.6127883172604,29.7409166564112,29.7310660989319,29.844292597587,29.5585337318094,29.4647560610483,29.6423700780649,29.671943624202,29.5782658717225,29.671943624202,29.6916547611904,29.6620866878218,29.5733331796973,29.5782658717225,29.5437322255563,29.2670585641821,29.2670585641821,29.4400639777012,29.5881305700507,29.4301855384466,29.4696937897153,29.4598181030883,29.2522164072173,29.2027275551628,29.3956037698873,29.4845056002677,28.9648590453057,28.9102722087998,28.7562848918599,28.940050336123,29.1135894037099,29.2720054887278,29.370895615469,29.2670585641821,29.103680537945,29.2720054887278,29.370895615469,29.4252459745708,29.3165174407562,29.3066275082174,29.1581678438823,28.8010139892131,28.646867332668,28.7264549750173,28.7513138236853,28.8109512193939,28.8059827210337,28.8854507011395,29.0392503216033,29.2472685603494,29.2373721746069,29.217576634222,28.9201991820813,28.646867332668,28.6816943046293,29.0144590341043,29.0342925281775,29.1433104459398,29.044207883055,29.1135894037099,29.0689922118039,29.0293345027462,28.8506908055119,28.9549362591941,29.009500080336,28.9747809016303,29.0987257577298,28.9995814762791,28.9698200896756,28.9450125430426,28.9648590453057,29.0045408944048,28.98470182842,28.9995814762791,28.98470182842,29.0144590341043,28.98470182842,28.98470182842,29.1086350865945,29.1234973434636,29.1135894037099,28.9598977684891,28.9598977684891,28.9598977684891,28.8258553140296,29.019417755741,28.9549362591941,28.8159194843254,28.7065636848157,28.8059827210337,28.7165097979839,28.5921160160095,28.4576058629756,28.2979638679726,28.4924953392214,28.4276914056455,28.5223914205637,28.4576058629756,28.2430309971616,28.2929711549704,28.1680762946208,28.0680535169536,27.9979808867536,27.9378813982687,28.0180064083215,27.9278614710339,27.8025315774346,27.8075476496238,27.7824648884334,27.777447615956,27.6469141389248,27.777447615956
29.6965819756635,29.2917908821956,29.1878763976491,29.2818986463425,29.2769521827709,29.2720054887278,29.3066275082174,29.4400639777012,29.3610107447515,29.1185434893225,29.3264064524046,29.4104259055781,29.4647560610483,29.3906625985796,29.2126271720896,29.4795685592941,29.5684002590573,29.8049231025195,30.1292880515541,30.2911021485288,30.0261878338035,29.785232903706,29.5387979325806,29.0987257577298,28.9201991820813,29.23242363567,29.385721197515,29.4993153482952,29.3115725896136,29.0144590341043,28.9995814762791,29.4104259055781,29.785232903706,29.4746312891203,29.1482631431937,29.1581678438823,29.3165174407562,29.370895615469,29.3758377059907,29.3560679644938,29.0590791758805,29.23242363567,29.23242363567,29.0144590341043,29.2225258655088,29.667015270028,29.9377369683613,30.0409225268145,29.8787289912069,29.7606150407326,29.6620866878218,29.1135894037099,29.1135894037099,29.8196883661623,30.5553627050914,29.8984019418799,29.6867273188382,29.7803097858312,29.6817996485765,30.0556551883126,30.094932359983,29.7704628680627,29.4104259055781,29.55360012514,29.6423700780649,29.795078457589,29.8344515860316,29.977057507944,29.7606150407326,29.7556907859056,29.4647560610483,29.5387979325806,29.6029259036991,29.6127883172604,29.8492127629486,29.8049231025195,29.9082370574946,30.2616995948902,29.8295307397771,29.6867273188382,29.8688911556633,29.5733331796973,29.2027275551628,28.8953800028402,28.8258553140296,29.5190584720663,30.045833639664,29.9475684607986,29.775386440627,29.7310660989319,29.7261404787557,29.5486662897325,29.7310660989319,29.4795685592941,29.6620866878218,29.8295307397771,30.05074452682,30.05074452682,30.0261878338035,30.045833639664,30.1292880515541,30.0998409918593,30.5455868806973,30.3988425085929,29.6620866878218,29.6522288391912,29.8590524129916,29.7015089622882,29.7261404787557,29.5831983351633,29.3610107447515,29.257164023458,29.2967366545395,29.1928270144785,29.1878763976491,29.2868448794737,29.6423700780649,29.8049231025195,29.7212146309145,29.7409166564112,29.7409166564112,29.6325104041979,29.6226498173448,29.4548799158045,29.4845056002677,29.6127883172604,29.6127883172604,29.775386440627,29.8295307397771,30.0900235027141,29.8639718977337,29.7015089622882,29.3560679644938,29.3165174407562,29.7162885553777,29.6522288391912,29.6029259036991,29.7113622521147,29.6965819756635,29.7212146309145,29.7556907859056,29.6423700780649,29.5387979325806,29.4252459745708,29.2720054887278,29.4351248728131,29.6620866878218,29.4598181030883,29.5141230346309,29.5684002590573,29.5881305700507,29.4203061811547,29.3016821965364,29.2225258655088,29.2225258655088,28.8258553140296,28.9251623196095,28.9003443043406,29.0045408944048,29.2720054887278,29.3066275082174,29.1532156091641,29.0243762452778,29.1680716196875,29.3066275082174,29.217576634222,29.3165174407562,29.2126271720896,28.7115368584326,28.7015902771012,28.7910758250633,28.6717449129776,28.7662263269051,28.9102722087998,28.8705550013636,28.9450125430426,29.0590791758805,28.8953800028402,29.2472685603494,29.370895615469,29.019417755741,28.7612557262559,28.7314272125631,28.9102722087998,28.9648590453057,28.9450125430426,29.0689922118039,28.9648590453057,29.0640358097506,29.0541223101622,28.9698200896756,28.8506908055119,28.8506908055119,29.019417755741,28.8705550013636,28.8159194843254,28.9549362591941,29.2818986463425,29.4351248728131,29.3016821965364,29.0144590341043,28.9946218259274,28.9995814762791,28.9648590453057,28.9995814762791,28.98470182842,29.2769521827709,29.3659532950663,29.217576634222,28.8953800028402,28.8556572041575,28.8159194843254,28.6269610479519,28.6518433175642,28.6916427592519,28.8804857008759,28.8407573086651,28.8159194843254,28.8208875158601,28.7015902771012,28.5223914205637,28.4426496954073,28.4875118350172,28.4675754627885,28.4326777380859,28.3977684560513,28.3678370072086,28.1930671296786,28.1980645842911,28.1530789428139,28.048037534235,27.9529094959747,27.9228511486881,27.9278614710339,27.8727347639835,27.7924987130493,27.7824648884334,27.777447615956,27.777447615956,27.777447615956
29.1928270144785,29.2126271720896,29.3264064524046,29.2720054887278,29.4696937897153,29.1383575173713,29.1631198473796,29.55360012514,29.4795685592941,29.5881305700507,29.4548799158045,29.4351248728131,29.5979943542878,29.5831983351633,29.5733331796973,29.5782658717225,29.5289286601073,29.8738101868109,30.3155981109145,29.9328208826212,29.785232903706,29.3066275082174,29.1532156091641,29.4450028531419,28.9648590453057,28.9648590453057,29.2868448794737,29.370895615469,29.400544711469,29.1631198473796,28.9896619433183,29.5437322255563,29.6916547611904,29.4943789947374,29.217576634222,29.2818986463425,29.5042514727762,29.5141230346309,29.2720054887278,28.7811367266903,28.7612557262559,28.9995814762791,29.0045408944048,29.4351248728131,29.3956037698873,29.8984019418799,30.05074452682,30.0605656241719,29.9082370574946,29.4450028531419,29.1334043574566,29.0590791758805,29.667015270028,30.5260325598254,30.094932359983,29.7113622521147,29.8295307397771,29.8344515860316,29.7458415937754,29.9623140023007,29.9229880319466,29.5930625764153,29.4104259055781,29.5190584720663,29.7901557942818,30.3498830491376,30.2126773856944,29.9868853810766,29.8492127629486,29.8196883661623,29.6916547611904,29.6817996485765,29.6867273188382,30.2126773856944,30.0261878338035,30.0212758178786,29.9967123499873,30.2028702487351,29.844292597587,29.8000008936581,30.1930622128441,30.1538210751758,29.6275802249099,29.1878763976491,28.7264549750173,29.2373721746069,29.5190584720663,29.6620866878218,29.9180712669515,29.967228730348,29.6275802249099,29.2917908821956,29.5387979325806,29.6916547611904,29.667015270028,30.1538210751758,30.2862022835847,29.8836475688813,30.094932359983,30.1783484729875,30.0998409918593,30.5700247722933,30.6872492844533,30.2616995948902,29.9868853810766,29.8541327014066,29.9377369683613,29.9623140023007,29.9180712669515,29.927904570493,29.4647560610483,29.4548799158045,29.2917908821956,29.3016821965364,29.1779744708596,29.3115725896136,29.7113622521147,29.8639718977337,29.8295307397771,29.8196883661623,29.7212146309145,29.9131542754777,29.7212146309145,29.4795685592941,29.2868448794737,29.4894424120718,29.7901557942818,29.927904570493,30.094932359983,29.9573990480468,29.8295307397771,29.6423700780649,29.4153661581674,29.5634671097716,29.5684002590573,29.6571578775531,29.8492127629486,30.0261878338035,29.8541327014066,29.8000008936581,29.5782658717225,29.5042514727762,29.3906625985796,29.4054854233555,29.3807795666623,29.7261404787557,29.9180712669515,29.6817996485765,29.5930625764153,29.5634671097716,29.4943789947374,29.6029259036991,29.3016821965364,29.2126271720896,29.0392503216033,29.0392503216033,28.8655893020517,28.940050336123,29.0987257577298,29.1135894037099,29.3659532950663,29.2818986463425,29.2670585641821,29.1383575173713,29.242320482823,29.1829255497865,29.3165174407562,29.1878763976491,28.9003443043406,28.7015902771012,28.7861063926706,28.7910758250633,28.8804857008759,28.7363992161709,28.8854507011395,28.9450125430426,29.1135894037099,29.0293345027462,29.0293345027462,29.019417755741,28.9201991820813,28.7711966938393,28.7612557262559,28.915235811822,29.103680537945,29.1185434893225,28.930125224438,28.9648590453057,29.1185434893225,29.0888155024772,29.009500080336,29.0144590341043,28.9201991820813,28.9499745173891,28.8854507011395,28.7363992161709,28.8159194843254,28.8109512193939,29.0342925281775,29.1532156091641,29.2373721746069,29.0392503216033,28.98470182842,28.9946218259274,29.0987257577298,28.9946218259274,29.257164023458,29.1829255497865,29.3659532950663,29.3214620616761,29.0491652125642,28.8804857008759,28.7015902771012,28.6418911132907,28.4127309928177,28.7711966938393,28.8705550013636,28.8357902104004,28.8208875158601,28.8655893020517,28.7165097979839,28.7015902771012,28.5672196631112,28.332906232122,28.4077437165986,28.332906232122,28.3079485837934,28.2979638679726,28.1030723156867,28.1630774149815,28.1280786023483,28.0980703444506,28.0580460022081,27.9378813982687,27.8175790741614,27.7674123504958,27.892784190336,27.777447615956,27.8276095391327,27.6569609527223
29.1135894037099,29.2769521827709,29.2670585641821,29.2522164072173,29.1135894037099,29.1284509661644,29.2621114091025,29.4153661581674,29.5437322255563,29.4252459745708,29.3066275082174,29.1234973434636,29.2720054887278,29.2670585641821,29.2126271720896,29.227474865981,29.3165174407562,29.5831983351633,29.8295307397771,29.7507663035967,29.4598181030883,29.019417755741,29.227474865981,29.5979943542878,29.0392503216033,28.940050336123,29.1829255497865,29.2917908821956,29.8000008936581,29.3659532950663,29.4548799158045,29.4598181030883,29.5585337318094,29.7310660989319,29.6965819756635,29.4252459745708,29.4795685592941,29.4696937897153,28.9102722087998,28.9102722087998,29.1234973434636,28.9201991820813,29.1135894037099,29.5190584720663,29.6325104041979,29.8984019418799,29.9475684607986,29.967228730348,29.6620866878218,29.4203061811547,28.9648590453057,29.4351248728131,30.0851144200226,30.094932359983,29.9967123499873,29.6817996485765,30.001625495435,30.0703858191111,29.4993153482952,29.667015270028,29.7064357210951,29.6472995727053,29.4696937897153,29.5387979325806,29.977057507944,30.3498830491376,30.05074452682,30.1685381887201,29.9868853810766,29.4400639777012,29.400544711469,29.5634671097716,29.6867273188382,29.9131542754777,29.8049231025195,29.8787289912069,29.8836475688813,30.0310996239144,30.0409225268145,30.0261878338035,30.2420934053758,30.1636327091878,29.7015089622882,29.3807795666623,28.98470182842,29.1680716196875,29.3758377059907,29.6275802249099,29.667015270028,29.7113622521147,29.671943624202,29.5634671097716,29.5387979325806,29.9524838675562,30.0556551883126,30.3302929995506,30.2616995948902,30.2371912968375,30.0900235027141,30.251896949001,30.094932359983,30.0114511084659,29.8738101868109,29.8049231025195,29.8246096664975,29.785232903706,29.5634671097716,29.9131542754777,29.7704628680627,29.7901557942818,29.5733331796973,29.2621114091025,29.1878763976491,29.083860027377,29.1779744708596,29.1334043574566,29.4153661581674,29.8688911556633,30.2224836239616,29.9868853810766,30.094932359983,29.9082370574946,29.7901557942818,29.7556907859056,29.4993153482952,29.4894424120718,29.7458415937754,30.1636327091878,30.1783484729875,29.9426528277437,29.5831983351633,29.5782658717225,29.5634671097716,30.0261878338035,30.0212758178786,29.667015270028,29.8787289912069,29.7606150407326,29.6472995727053,29.6965819756635,29.5733331796973,29.2868448794737,29.2769521827709,29.1829255497865,29.449941499166,29.6916547611904,29.5684002590573,29.5831983351633,29.4598181030883,29.5979943542878,29.6127883172604,29.4795685592941,29.2522164072173,29.3362945434113,29.0590791758805,29.0392503216033,28.9499745173891,28.940050336123,29.009500080336,29.0640358097506,29.1234973434636,29.3659532950663,29.2967366545395,29.1482631431937,29.0590791758805,29.1185434893225,29.1779744708596,29.1383575173713,29.0937707459177,28.8258553140296,28.6966166352573,28.915235811822,28.7413709858727,29.044207883055,29.019417755741,29.0243762452778,29.0243762452778,29.0937707459177,29.1433104459398,29.1086350865945,28.8953800028402,28.8357902104004,29.1135894037099,29.0987257577298,29.0590791758805,29.1977774003059,29.1334043574566,29.0640358097506,29.0689922118039,29.019417755741,28.8854507011395,28.9797414812012,29.0689922118039,29.0342925281775,28.8904154684503,28.7413709858727,28.7612557262559,28.9201991820813,28.9499745173891,28.8357902104004,28.930125224438,28.9747809016303,28.9102722087998,28.98470182842,28.9946218259274,28.9598977684891,28.9499745173891,29.1334043574566,29.2373721746069,29.1482631431937,29.23242363567,29.1482631431937,29.009500080336,28.8953800028402,28.6617945840412,28.6816943046293,28.8606233696602,28.8904154684503,28.8308228788658,28.8010139892131,28.7513138236853,28.5323548983997,28.5124270015936,28.4675754627885,28.5323548983997,28.4924953392214,28.3778151016153,28.3029563442362,28.1280786023483,28.0680535169536,28.0280177375547,27.9479003691149,27.9228511486881,27.9428910032239,27.9328715542163,27.8426534379831,27.7874819207868,27.7924987130493,27.7975152652541,27.8025315774346
29.1383575173713,29.1086350865945,29.1977774003059,29.1284509661644,29.0937707459177,29.019417755741,29.0590791758805,29.2720054887278,29.4943789947374,29.1977774003059,29.3016821965364,29.4104259055781,29.1284509661644,28.930125224438,29.2076774790804,29.2720054887278,29.2769521827709,29.2769521827709,29.4647560610483,29.8196883661623,29.4598181030883,29.1433104459398,29.23242363567,29.4696937897153,29.1928270144785,28.9549362591941,29.1779744708596,29.370895615469,29.6916547611904,29.5881305700507,29.5289286601073,29.55360012514,29.5930625764153,29.9180712669515,29.977057507944,29.967228730348,29.4943789947374,29.0144590341043,28.9450125430426,29.1383575173713,28.930125224438,28.930125224438,29.1532156091641,29.5190584720663,29.7162885553777,29.5585337318094,30.0360111882413,30.3009012058606,30.2469952894203,30.0360111882413,29.4894424120718,29.8984019418799,31.0186929451471,30.7018933571882,30.094932359983,30.0163635761093,30.0752955782511,29.9967123499873,29.7015089622882,29.9819715575531,30.0212758178786,29.9328208826212,29.7015089622882,29.8344515860316,30.2420934053758,29.9917989785445,29.9131542754777,29.7704628680627,29.5634671097716,29.2917908821956,29.5486662897325,29.7162885553777,29.7212146309145,29.8885659198648,29.8836475688813,29.6867273188382,30.0163635761093,30.2960017892775,30.2322889637756,30.2469952894203,30.305800398308,30.2224836239616,29.9426528277437,29.7212146309145,29.7162885553777,29.5733331796973,29.4153661581674,29.4746312891203,29.5141230346309,29.5091873682112,29.3016821965364,29.5289286601073,29.6472995727053,29.8246096664975,30.2715013432821,30.305800398308,30.2862022835847,30.3155981109145,30.2371912968375,30.3498830491376,30.4624563909023,29.9229880319466,29.5141230346309,29.3412382437518,29.6916547611904,29.8246096664975,29.4845056002677,29.8049231025195,29.5634671097716,29.5634671097716,29.7162885553777,29.2522164072173,29.1680716196875,28.98470182842,29.103680537945,29.5437322255563,29.7556907859056,30.2273864061603,30.5455868806973,29.9967123499873,29.7409166564112,29.7310660989319,29.844292597587,29.7310660989319,29.4894424120718,29.5881305700507,29.9426528277437,30.197966343171,30.1832532777823,29.8000008936581,29.6177191814719,29.5585337318094,29.6522288391912,30.2273864061603,30.05074452682,29.8738101868109,29.8639718977337,29.400544711469,29.6325104041979,29.6127883172604,29.3906625985796,29.2818986463425,29.2769521827709,29.3906625985796,29.5486662897325,29.7015089622882,29.6127883172604,29.6817996485765,29.4845056002677,29.449941499166,29.3214620616761,29.2076774790804,28.9598977684891,28.9053083729833,28.8258553140296,28.8407573086651,28.7811367266903,28.98470182842,28.9797414812012,28.9102722087998,28.9995814762791,29.0888155024772,29.1135894037099,29.1581678438823,29.0342925281775,29.0541223101622,29.1482631431937,29.1680716196875,29.0888155024772,28.8258553140296,28.8506908055119,28.8258553140296,28.98470182842,29.1581678438823,29.0640358097506,28.9946218259274,29.0342925281775,28.9450125430426,29.0243762452778,29.0144590341043,29.0342925281775,28.9350878965987,29.1878763976491,29.2917908821956,29.5437322255563,29.449941499166,29.1977774003059,29.0541223101622,28.9747809016303,28.9549362591941,29.044207883055,29.0640358097506,28.9499745173891,28.9598977684891,28.9797414812012,28.9698200896756,28.9102722087998,28.9201991820813,29.0342925281775,28.9549362591941,28.9549362591941,29.0342925281775,28.915235811822,28.9499745173891,29.1135894037099,28.9102722087998,28.8407573086651,29.1928270144785,29.0987257577298,28.9648590453057,29.044207883055,29.0243762452778,29.1433104459398,29.1383575173713,28.8953800028402,28.8357902104004,28.7065636848157,28.7214825035015,28.7513138236853,28.7761668270904,28.7065636848157,28.4875118350172,28.4526207095317,28.3029563442362,28.3179323529188,28.332906232122,28.3129405866768,28.3229238825521,28.1830715081525,28.14807935022,28.043032942706,28.1180768014564,28.0830630023446,27.9679354426974,27.8977959483549,27.8877721929225,27.7975152652541,27.8426534379831,27.6870956122065,27.777447615956
29.1581678438823,28.9102722087998,29.1185434893225,29.3511249542619,28.8854507011395,28.8904154684503,29.0342925281775,29.6325104041979,29.6472995727053,29.6571578775531,29.8000008936581,29.3016821965364,29.4598181030883,29.0789043205857,29.1878763976491,29.2472685603494,29.2670585641821,29.4450028531419,29.6620866878218,29.844292597587,29.8196883661623,29.3313506129726,29.55360012514,29.4647560610483,29.4548799158045,29.0937707459177,29.2818986463425,29.3610107447515,29.5091873682112,29.4943789947374,29.5782658717225,29.7409166564112,29.4795685592941,29.6127883172604,29.5930625764153,29.4746312891203,29.3214620616761,29.3115725896136,29.1482631431937,29.1284509661644,28.9747809016303,28.9598977684891,29.2670585641821,29.5190584720663,29.5239936805482,29.5782658717225,29.6522288391912,30.0065384149177,30.1538210751758,29.927904570493,29.8295307397771,29.972143232219,30.5504749042066,30.7067742712998,30.7262957111938,30.4673482035432,29.8688911556633,29.667015270028,29.8639718977337,29.8639718977337,30.0605656241719,30.0114511084659,29.6275802249099,29.7803097858312,29.972143232219,29.972143232219,29.6916547611904,29.5091873682112,29.4104259055781,29.3906625985796,29.7458415937754,29.7162885553777,29.6571578775531,30.3351908478087,30.3204966311333,29.8295307397771,30.2175806171496,30.2715013432821,30.2616995948902,30.3155981109145,30.0163635761093,29.972143232219,29.7359914914735,29.7261404787557,29.7113622521147,29.5338634107745,29.667015270028,29.775386440627,29.844292597587,29.4993153482952,29.5042514727762,29.5387979325806,29.6965819756635,29.8246096664975,30.2666005812584,30.2764018809912,30.5211434227513,30.4575643551052,30.5406986345341,30.3400884721394,30.2273864061603,30.0654758344281,29.5486662897325,29.3461817140249,29.4845056002677,29.6817996485765,29.5141230346309,29.6916547611904,29.6916547611904,29.5486662897325,29.4696937897153,29.4598181030883,29.3412382437518,29.103680537945,29.1928270144785,29.3610107447515,29.6916547611904,30.3939475690725,30.3155981109145,29.8688911556633,29.7901557942818,29.9917989785445,30.2224836239616,29.8393722052915,29.6177191814719,29.8196883661623,30.2862022835847,30.05074452682,30.05074452682,29.7113622521147,29.55360012514,29.6522288391912,29.8196883661623,29.9524838675562,29.8984019418799,29.8787289912069,29.6374403552393,29.3659532950663,29.6078572246797,29.4252459745708,29.2720054887278,29.1482631431937,29.2769521827709,29.3956037698873,29.7113622521147,29.667015270028,29.5486662897325,29.4943789947374,29.4153661581674,29.4153661581674,29.2670585641821,29.0640358097506,29.0243762452778,29.044207883055,28.8655893020517,28.9946218259274,28.9053083729833,28.8804857008759,28.9549362591941,29.0243762452778,29.0689922118039,29.1185434893225,29.1234973434636,29.2126271720896,29.0342925281775,28.8755204676278,28.8655893020517,29.0739483820717,29.0243762452778,28.9102722087998,29.009500080336,29.0045408944048,29.217576634222,29.217576634222,29.227474865981,29.044207883055,28.940050336123,28.8159194843254,28.6518433175642,28.7612557262559,28.9053083729833,29.0590791758805,29.1433104459398,29.0590791758805,29.4647560610483,29.8295307397771,29.4153661581674,29.0491652125642,29.0293345027462,28.8854507011395,28.9698200896756,29.0987257577298,29.1433104459398,29.1284509661644,29.0045408944048,29.0144590341043,29.009500080336,28.8457241736917,28.8208875158601,28.7711966938393,28.8258553140296,29.1284509661644,29.0392503216033,29.0491652125642,29.0689922118039,28.8953800028402,28.9896619433183,29.0888155024772,29.1433104459398,29.1086350865945,28.8705550013636,28.8705550013636,29.0243762452778,29.1383575173713,28.8755204676278,28.8109512193939,28.607051009488,28.7463425217002,28.7314272125631,28.7811367266903,28.646867332668,28.6617945840412,28.4924953392214,28.3778151016153,28.4227048373089,28.342887635646,28.3179323529188,28.063049878718,28.063049878718,28.0830630023446,28.0530418873914,27.9529094959747,27.8526815051994,27.9378813982687,27.9378813982687,27.9028074670123,27.777447615956,27.777447615956,27.777447615956,27.6117426966131
29.5930625764153,28.9102722087998,29.4746312891203,29.3511249542619,28.9053083729833,29.044207883055,29.2472685603494,29.6916547611904,29.785232903706,29.7704628680627,29.8836475688813,30.3498830491376,30.3596767307832,29.6522288391912,29.1234973434636,29.1928270144785,29.4450028531419,29.5881305700507,29.775386440627,29.9475684607986,30.1047493983729,29.8738101868109,29.967228730348,30.109657579554,29.785232903706,29.3412382437518,29.1779744708596,29.6620866878218,29.55360012514,29.5782658717225,29.9180712669515,29.5831983351633,29.3214620616761,29.4845056002677,29.8196883661623,29.7458415937754,29.4696937897153,29.4598181030883,29.3115725896136,29.217576634222,29.23242363567,29.009500080336,29.23242363567,29.3906625985796,29.5684002590573,29.5486662897325,29.6374403552393,29.9377369683613,30.0163635761093,30.001625495435,30.109657579554,29.9819715575531,30.1685381887201,30.7409344645536,30.7409344645536,30.3498830491376,30.2567983841477,30.3498830491376,30.1489149206362,30.3302929995506,30.2911021485288,29.927904570493,29.6423700780649,29.8984019418799,29.9426528277437,29.6817996485765,29.5733331796973,29.3758377059907,29.3115725896136,29.4104259055781,29.7359914914735,29.7261404787557,29.7606150407326,30.2420934053758,30.4428869084819,30.2813021944153,29.9377369683613,30.2273864061603,30.1832532777823,30.2371912968375,30.4673482035432,30.0310996239144,29.967228730348,30.0261878338035,29.8787289912069,29.5831983351633,29.6965819756635,29.6472995727053,29.6817996485765,29.4943789947374,29.5831983351633,29.4153661581674,29.667015270028,30.094932359983,30.4575643551052,30.0654758344281,30.2666005812584,30.3302929995506,30.2616995948902,30.158727004683,30.0114511084659,29.785232903706,29.5042514727762,29.400544711469,29.4301855384466,29.5141230346309,29.5239936805482,29.5684002590573,29.6867273188382,29.3807795666623,29.4400639777012,29.4548799158045,29.173023160837,28.9995814762791,29.1631198473796,29.6522288391912,30.1832532777823,30.305800398308,30.0163635761093,29.8590524129916,29.7655390681081,29.8344515860316,29.9377369683613,29.8541327014066,29.7113622521147,30.197966343171,30.0703858191111,29.6867273188382,29.6078572246797,29.8738101868109,29.7162885553777,29.977057507944,30.1538210751758,30.2420934053758,29.9573990480468,29.7655390681081,29.4301855384466,29.5979943542878,29.7556907859056,29.385721197515,29.2720054887278,29.2769521827709,29.3758377059907,29.5782658717225,29.9868853810766,29.5831983351633,29.5979943542878,29.6817996485765,29.4598181030883,29.4301855384466,29.370895615469,29.2027275551628,29.0789043205857,29.2225258655088,29.0739483820717,29.044207883055,28.9499745173891,29.019417755741,29.0541223101622,29.0739483820717,29.083860027377,29.1086350865945,29.1928270144785,29.1928270144785,28.915235811822,28.8953800028402,28.8804857008759,29.0243762452778,28.9648590453057,28.9698200896756,29.2472685603494,29.55360012514,29.1383575173713,28.9797414812012,29.0739483820717,29.1234973434636,29.0987257577298,28.8109512193939,28.6966166352573,28.7562848918599,28.7662263269051,28.9648590453057,28.9598977684891,29.1135894037099,29.3016821965364,29.4647560610483,29.3016821965364,29.019417755741,29.0342925281775,29.0392503216033,29.1284509661644,29.1185434893225,29.0689922118039,29.1581678438823,29.1680716196875,29.1433104459398,29.2818986463425,29.0888155024772,29.0243762452778,28.9499745173891,28.8804857008759,28.9499745173891,29.0789043205857,29.2027275551628,29.173023160837,28.9598977684891,28.9053083729833,28.9102722087998,29.1334043574566,29.009500080336,28.9648590453057,28.8854507011395,28.8655893020517,29.009500080336,29.0243762452778,28.6966166352573,28.8109512193939,28.7363992161709,28.8010139892131,28.7662263269051,28.7910758250633,28.6966166352573,28.5821581795757,28.4875118350172,28.4476353203531,28.3229238825521,28.4376638346625,28.3977684560513,28.3029563442362,28.1080740489112,28.0780600787342,28.0380281127715,28.1130755441568,27.9428910032239,27.8827599560813,27.8877721929225,27.7924987130493,27.7573761241401,27.7674123504958,27.7373007876777
29.7113622521147,29.1680716196875,29.3412382437518,29.1433104459398,29.1383575173713,28.9201991820813,29.2126271720896,29.217576634222,29.5486662897325,29.6423700780649,30.5749116829746,31.3394161088585,31.0186929451471,29.8885659198648,29.2917908821956,29.2917908821956,29.3016821965364,29.4450028531419,29.7310660989319,30.4477796139247,30.3792614089673,29.9377369683613,30.2077739295662,29.927904570493,29.4993153482952,29.5239936805482,29.3659532950663,29.5634671097716,29.3610107447515,29.7606150407326,29.5634671097716,29.3313506129726,29.4845056002677,29.671943624202,29.844292597587,29.7359914914735,30.0360111882413,29.7458415937754,29.3115725896136,29.2967366545395,29.4845056002677,29.6522288391912,29.5289286601073,29.4598181030883,29.7359914914735,29.795078457589,29.6374403552393,29.6275802249099,29.927904570493,30.1194732660389,30.1194732660389,29.9917989785445,29.9819715575531,30.5553627050914,30.4624563909023,30.0605656241719,30.0163635761093,30.0261878338035,30.2469952894203,30.045833639664,29.6965819756635,29.4894424120718,29.4153661581674,29.5042514727762,29.4845056002677,29.4696937897153,29.4795685592941,29.400544711469,29.2670585641821,29.4943789947374,29.6374403552393,29.5387979325806,29.5091873682112,29.795078457589,29.9377369683613,29.8639718977337,29.7556907859056,29.927904570493,30.2224836239616,30.7945928455984,30.7945928455984,30.4233138536706,30.1930622128441,30.001625495435,30.0163635761093,29.844292597587,29.6522288391912,29.6275802249099,29.8147668387412,29.5190584720663,29.5042514727762,29.4845056002677,29.8984019418799,30.6677207487799,30.4379939797648,29.844292597587,29.9229880319466,30.05074452682,29.977057507944,30.0261878338035,29.8295307397771,29.449941499166,29.4943789947374,29.4894424120718,29.1433104459398,29.0888155024772,29.3412382437518,29.5831983351633,29.4845056002677,29.103680537945,29.2967366545395,29.2720054887278,29.1482631431937,29.1433104459398,29.3560679644938,30.001625495435,30.7604497017866,30.5651376391053,30.2616995948902,30.2028702487351,29.8049231025195,29.4746312891203,29.4696937897153,29.4696937897153,29.8295307397771,29.9475684607986,29.6029259036991,29.4252459745708,29.4795685592941,29.671943624202,29.671943624202,29.7015089622882,29.7310660989319,29.9328208826212,29.8688911556633,30.0703858191111,30.1881578577246,29.9917989785445,29.7507663035967,29.6867273188382,29.8196883661623,30.0556551883126,30.0851144200226,30.2715013432821,30.094932359983,30.001625495435,30.2126773856944,30.0114511084659,29.7015089622882,29.4598181030883,29.449941499166,29.0987257577298,29.0888155024772,29.0987257577298,29.0689922118039,29.0689922118039,28.9549362591941,28.9003443043406,28.8357902104004,29.0342925281775,29.0888155024772,28.9450125430426,28.940050336123,28.8953800028402,28.8506908055119,28.8010139892131,28.8308228788658,28.9053083729833,28.8705550013636,28.9797414812012,29.242320482823,29.2027275551628,29.1284509661644,28.9747809016303,28.9896619433183,29.0541223101622,29.0541223101622,28.7363992161709,28.7115368584326,28.6319379709646,28.6269610479519,28.61202887113,28.5921160160095,28.9450125430426,28.9450125430426,29.1334043574566,29.019417755741,28.940050336123,28.8357902104004,28.9102722087998,28.9995814762791,29.0789043205857,29.0293345027462,28.9946218259274,29.0293345027462,29.0144590341043,29.0045408944048,29.0590791758805,28.7562848918599,29.0590791758805,29.2076774790804,29.217576634222,29.2126271720896,29.1482631431937,29.2126271720896,29.0590791758805,28.9549362591941,28.9350878965987,28.8109512193939,28.8655893020517,28.8457241736917,28.8407573086651,28.8308228788658,28.8556572041575,28.8904154684503,28.7314272125631,28.607051009488,28.5871372152255,28.6269610479519,28.6568190680113,28.6170064980665,28.4924953392214,28.4625907807171,28.3877922511433,28.223048297154,28.2080587813783,28.218052029166,28.1730749366739,28.2130555239183,28.0930681351701,27.9679354426974,27.9929739096901,27.8977959483549,27.9479003691149,27.812563481855,27.7573761241401,27.8075476496238,27.8576951793018,27.7373007876777,27.6117426966131
30.2175806171496,29.7310660989319,29.6029259036991,29.5881305700507,28.9102722087998,29.1086350865945,29.1135894037099,29.217576634222,29.4598181030883,29.671943624202,30.0065384149177,30.5602502833811,30.5602502833811,30.1440085410342,29.6522288391912,29.4548799158045,29.1680716196875,29.3165174407562,29.7556907859056,29.9524838675562,29.9426528277437,30.0998409918593,29.9377369683613,29.5091873682112,29.5141230346309,29.5289286601073,29.5585337318094,29.3758377059907,29.5486662897325,29.55360012514,29.4894424120718,29.9917989785445,29.927904570493,30.197966343171,29.8393722052915,29.7507663035967,29.6325104041979,29.5190584720663,29.5831983351633,29.7458415937754,29.7162885553777,29.8787289912069,29.4993153482952,29.7359914914735,30.0802051118783,30.094932359983,29.7064357210951,29.9377369683613,30.4282074523887,30.7604497017866,30.2616995948902,29.8295307397771,29.7064357210951,30.1636327091878,30.3449858725725,30.2273864061603,30.5553627050914,30.6188838711635,30.7897159173343,30.6286530234468,30.3596767307832,30.364573235923,29.4845056002677,29.4301855384466,29.4450028531419,29.2967366545395,29.5684002590573,29.5733331796973,29.5684002590573,29.8000008936581,29.4993153482952,29.6029259036991,29.6275802249099,29.5091873682112,29.5634671097716,29.6916547611904,29.6817996485765,29.7556907859056,30.1341951065232,30.6139989617178,30.8823397644757,30.7458136060084,30.2469952894203,30.1685381887201,30.0114511084659,29.7507663035967,29.5733331796973,29.4598181030883,29.8393722052915,29.6127883172604,29.4696937897153,29.5338634107745,29.9623140023007,29.7064357210951,29.4845056002677,29.4795685592941,29.4598181030883,29.7113622521147,29.785232903706,29.927904570493,29.9917989785445,29.8196883661623,29.8344515860316,29.5881305700507,29.3066275082174,29.0987257577298,29.3412382437518,29.3362945434113,29.4351248728131,29.019417755741,29.3313506129726,29.3165174407562,29.3115725896136,29.3362945434113,29.7556907859056,30.6042284760713,30.7653279576147,30.0409225268145,29.9033196129721,29.7901557942818,29.7162885553777,29.6571578775531,29.6620866878218,29.6472995727053,29.8295307397771,29.6768717503746,29.4795685592941,29.4845056002677,29.6916547611904,29.785232903706,30.05074452682,30.1538210751758,30.158727004683,30.2469952894203,30.0703858191111,30.2077739295662,29.8196883661623,29.7901557942818,30.2862022835847,30.5260325598254,30.2911021485288,30.1391019363398,29.967228730348,29.8196883661623,29.5881305700507,29.449941499166,29.4548799158045,29.4548799158045,29.6522288391912,29.6472995727053,29.6916547611904,29.23242363567,29.0689922118039,29.083860027377,29.2818986463425,29.1086350865945,29.0144590341043,29.0144590341043,28.8655893020517,29.083860027377,28.9896619433183,28.9549362591941,28.9648590453057,28.9698200896756,28.915235811822,28.8705550013636,28.8059827210337,28.9698200896756,28.9598977684891,28.9747809016303,28.9946218259274,28.9896619433183,28.9747809016303,29.0937707459177,28.9747809016303,28.9598977684891,28.9598977684891,28.9201991820813,28.8109512193939,28.6617945840412,28.3977684560513,28.2630099036222,28.347877982722,28.61202887113,28.8159194843254,28.9102722087998,28.8208875158601,29.0937707459177,28.9251623196095,28.9251623196095,28.8556572041575,28.8755204676278,28.9995814762791,28.8705550013636,28.8804857008759,29.009500080336,29.1433104459398,29.0987257577298,28.8208875158601,28.7761668270904,28.7761668270904,28.7761668270904,29.2126271720896,29.3362945434113,29.4845056002677,29.3758377059907,29.4351248728131,29.0144590341043,29.009500080336,28.9102722087998,28.9549362591941,28.8308228788658,28.8357902104004,28.7562848918599,28.8059827210337,28.6418911132907,28.8059827210337,28.7264549750173,28.7711966938393,28.8208875158601,28.7513138236853,28.5821581795757,28.3578579676639,28.4526207095317,28.3229238825521,28.2080587813783,28.3129405866768,28.2630099036222,28.1230778208426,28.1230778208426,28.1380794518489,28.0930681351701,28.0830630023446,27.9479003691149,27.9729436137625,27.8476675914376,27.7824648884334,27.7975152652541,27.837639044803,27.651937666319
30.5504749042066,30.3939475690725,29.8492127629486,29.2225258655088,29.1086350865945,29.7015089622882,29.5782658717225,29.5042514727762,29.5930625764153,29.55360012514,29.7261404787557,29.8147668387412,30.0114511084659,30.1685381887201,29.8590524129916,29.5338634107745,29.5042514727762,29.8049231025195,29.7064357210951,29.7458415937754,29.7507663035967,29.7655390681081,30.0703858191111,29.8098450842037,29.5239936805482,29.7113622521147,29.7704628680627,29.55360012514,29.449941499166,29.5190584720663,29.8639718977337,30.0556551883126,30.2420934053758,30.2322889637756,29.972143232219,29.5190584720663,29.7409166564112,29.7458415937754,29.5881305700507,29.5190584720663,29.4746312891203,29.4647560610483,29.5289286601073,29.5387979325806,29.7409166564112,29.7212146309145,29.5979943542878,29.3956037698873,29.7901557942818,29.977057507944,29.775386440627,29.8639718977337,29.8541327014066,29.7113622521147,29.844292597587,29.7261404787557,30.1783484729875,30.2224836239616,30.3694695173139,30.4037372245722,30.2273864061603,29.671943624202,29.6472995727053,29.6374403552393,29.4252459745708,29.5239936805482,29.5782658717225,29.8393722052915,29.7507663035967,29.5733331796973,29.5684002590573,29.795078457589,29.8000008936581,29.8049231025195,29.775386440627,29.7113622521147,29.7606150407326,30.0654758344281,29.927904570493,30.2764018809912,30.7604497017866,30.4184200315594,30.1685381887201,30.2175806171496,29.8295307397771,29.4548799158045,29.3560679644938,28.915235811822,29.4548799158045,29.5930625764153,29.4845056002677,29.5387979325806,29.449941499166,29.2967366545395,29.083860027377,29.0789043205857,29.0243762452778,29.2769521827709,29.2917908821956,29.8000008936581,29.8344515860316,29.6423700780649,29.8492127629486,29.5190584720663,29.2126271720896,29.0243762452778,29.0987257577298,29.0937707459177,29.4696937897153,29.3906625985796,29.3313506129726,29.8885659198648,29.8639718977337,29.7655390681081,30.1685381887201,30.2715013432821,30.1734434433101,29.7359914914735,29.5486662897325,30.045833639664,29.7556907859056,29.8049231025195,29.8098450842037,30.2273864061603,30.2175806171496,29.6867273188382,29.8393722052915,30.3596767307832,30.6481886624036,31.0478890402397,30.8579727982129,30.305800398308,29.9328208826212,30.0703858191111,30.0261878338035,29.9573990480468,29.6029259036991,29.3313506129726,29.2769521827709,29.2720054887278,29.1482631431937,29.4054854233555,29.4894424120718,29.4104259055781,29.3758377059907,29.1779744708596,29.2472685603494,29.2720054887278,29.2522164072173,29.4400639777012,29.449941499166,29.2670585641821,29.0342925281775,28.9648590453057,28.9598977684891,29.0342925281775,29.0689922118039,29.0541223101622,29.009500080336,29.083860027377,29.0789043205857,29.0888155024772,29.0937707459177,29.1779744708596,28.9797414812012,28.9995814762791,28.9797414812012,28.9350878965987,28.9350878965987,28.8854507011395,28.930125224438,28.9598977684891,28.9549362591941,28.9797414812012,29.242320482823,28.9698200896756,28.940050336123,28.9648590453057,28.8159194843254,28.7165097979839,28.5821581795757,28.4576058629756,28.4576058629756,28.666769865686,28.9499745173891,28.9350878965987,28.6966166352573,28.7214825035015,29.0392503216033,28.9896619433183,29.0293345027462,29.0045408944048,29.0293345027462,29.0342925281775,29.1383575173713,29.0590791758805,28.9995814762791,29.0541223101622,28.9946218259274,28.7562848918599,28.6866686490532,28.7910758250633,28.9350878965987,29.217576634222,29.2818986463425,29.3214620616761,29.4203061811547,29.4301855384466,29.4301855384466,29.1928270144785,28.9995814762791,28.9995814762791,28.8457241736917,28.8407573086651,28.930125224438,28.7562848918599,28.7065636848157,28.8109512193939,28.8059827210337,28.8407573086651,28.8258553140296,28.6617945840412,28.4426496954073,28.4276914056455,28.4326777380859,28.0980703444506,28.2380356778862,28.2480260793404,28.1230778208426,28.1580782977234,28.0280177375547,28.043032942706,27.9729436137625,27.9328715542163,27.9128297863749,27.8426534379831,27.812563481855,27.7071805696107,27.7924987130493,27.7373007876777
30.05074452682,30.1489149206362,29.4943789947374,28.98470182842,29.6522288391912,30.4037372245722,30.0065384149177,30.0409225268145,29.9328208826212,29.667015270028,29.6768717503746,29.8295307397771,29.8147668387412,29.9033196129721,29.785232903706,29.3758377059907,29.5634671097716,29.8344515860316,30.3547800018646,30.3596767307832,29.9426528277437,31.1305683887244,31.5672306803568,30.5553627050914,30.6481886624036,30.6433050857922,29.9033196129721,29.5634671097716,29.5239936805482,29.8738101868109,30.1440085410342,30.2420934053758,30.0654758344281,30.0900235027141,29.7704628680627,29.6029259036991,29.9033196129721,29.9033196129721,29.6916547611904,29.5782658717225,29.3165174407562,29.0243762452778,29.5042514727762,29.5091873682112,29.5634671097716,29.4696937897153,29.5930625764153,29.5437322255563,29.5239936805482,29.6226498173448,29.844292597587,29.7606150407326,29.6226498173448,29.7113622521147,29.5387979325806,29.5930625764153,29.7261404787557,29.7261404787557,29.6275802249099,29.6029259036991,29.6127883172604,29.667015270028,29.6817996485765,29.5190584720663,29.4647560610483,29.6275802249099,29.785232903706,29.5585337318094,29.5486662897325,29.5881305700507,29.5190584720663,29.6325104041979,29.9082370574946,29.7359914914735,29.6177191814719,29.5831983351633,30.197966343171,30.1881578577246,29.8049231025195,30.0261878338035,30.6335372663431,30.4379939797648,30.4379939797648,29.967228730348,29.671943624202,29.3758377059907,29.009500080336,28.7910758250633,28.9549362591941,29.2868448794737,28.915235811822,29.1977774003059,29.0937707459177,29.0392503216033,28.8755204676278,29.0739483820717,29.2373721746069,29.2126271720896,29.2027275551628,29.217576634222,29.2621114091025,29.4203061811547,29.977057507944,29.9573990480468,29.0689922118039,29.0888155024772,29.3412382437518,29.4450028531419,29.844292597587,29.7803097858312,29.6916547611904,29.671943624202,29.5930625764153,29.5091873682112,30.05074452682,29.8885659198648,29.775386440627,29.6965819756635,29.7310660989319,30.3596767307832,30.1930622128441,29.9819715575531,30.2273864061603,30.2764018809912,30.4135259860258,30.1194732660389,29.7162885553777,29.9229880319466,29.6768717503746,29.844292597587,29.7261404787557,29.5634671097716,29.4252459745708,29.5684002590573,29.5684002590573,29.5437322255563,29.4598181030883,29.2868448794737,29.2670585641821,29.1482631431937,29.0392503216033,29.1433104459398,29.1680716196875,29.4746312891203,29.4647560610483,29.5141230346309,29.5239936805482,29.6078572246797,29.5239936805482,29.6965819756635,29.7803097858312,29.5190584720663,29.1878763976491,29.0789043205857,29.0789043205857,29.0541223101622,29.2126271720896,29.0640358097506,28.9946218259274,29.083860027377,29.0888155024772,29.0590791758805,28.9995814762791,28.9797414812012,29.044207883055,28.9995814762791,28.9598977684891,28.9251623196095,29.0342925281775,29.173023160837,29.1977774003059,28.8655893020517,28.9797414812012,28.9698200896756,29.1383575173713,29.1086350865945,29.1135894037099,28.7761668270904,28.7015902771012,28.5223914205637,28.4426496954073,28.4675754627885,28.4875118350172,28.7513138236853,28.8059827210337,28.8953800028402,28.8357902104004,29.0243762452778,28.9053083729833,28.8655893020517,28.8953800028402,29.1878763976491,29.1829255497865,29.0045408944048,29.1631198473796,29.019417755741,28.9946218259274,28.8258553140296,28.7910758250633,28.6319379709646,28.4924953392214,28.666769865686,28.9598977684891,29.083860027377,29.3264064524046,29.3115725896136,29.2818986463425,29.2868448794737,29.2076774790804,29.1581678438823,29.2027275551628,29.0342925281775,28.9251623196095,28.9450125430426,28.8357902104004,28.7065636848157,28.8457241736917,28.8308228788658,28.9698200896756,28.7960450239002,28.7910758250633,28.7065636848157,28.6518433175642,28.5672196631112,28.5522790316995,28.537336284473,28.2729979349236,28.1330791460061,28.253020924455,27.9679354426974,28.1380794518489,28.0880656878123,27.9479003691149,27.9328715542163,27.7824648884334,27.9479003691149,27.7373007876777,27.8326244118639,27.6368663610303,27.631842110463
30.0900235027141,30.1489149206362,30.0556551883126,29.6472995727053,30.0360111882413,30.1047493983729,30.3792614089673,31.0381578874506,31.0332919815086,30.5064746746021,29.9082370574946,29.8787289912069,29.8049231025195,29.6029259036991,29.5239936805482,29.370895615469,29.3066275082174,29.7704628680627,30.0114511084659,29.785232903706,30.1440085410342,31.1305683887244,31.5187996648599,30.9164442514054,30.7897159173343,30.1881578577246,29.9623140023007,29.7162885553777,29.8836475688813,29.8787289912069,29.8393722052915,29.844292597587,29.8934840441875,29.9377369683613,29.6522288391912,29.6127883172604,29.9082370574946,29.7655390681081,29.7901557942818,29.6029259036991,29.1779744708596,29.3165174407562,29.6768717503746,29.55360012514,29.5437322255563,29.4548799158045,29.3758377059907,29.3906625985796,29.5437322255563,29.5190584720663,29.6916547611904,29.6325104041979,29.4696937897153,29.5141230346309,29.6029259036991,29.5437322255563,29.4203061811547,29.4845056002677,29.242320482823,29.3115725896136,29.1284509661644,29.4548799158045,29.4696937897153,29.2769521827709,29.2225258655088,29.3165174407562,29.775386440627,29.8934840441875,29.8787289912069,30.001625495435,29.5486662897325,29.6620866878218,29.8836475688813,29.5733331796973,29.8639718977337,30.4820223028257,30.0654758344281,29.7606150407326,29.8393722052915,29.9917989785445,30.4477796139247,30.6335372663431,30.6726032155034,29.8984019418799,29.671943624202,29.4795685592941,28.930125224438,28.4924953392214,28.7363992161709,29.5437322255563,29.3165174407562,29.2670585641821,28.7513138236853,28.7314272125631,28.6816943046293,28.8804857008759,29.1977774003059,28.9003443043406,29.3165174407562,29.227474865981,28.8854507011395,28.9549362591941,29.4598181030883,29.9426528277437,29.3906625985796,29.4450028531419,30.2567983841477,30.1685381887201,29.967228730348,29.8590524129916,29.5042514727762,29.4400639777012,29.3313506129726,29.3956037698873,29.7803097858312,29.8934840441875,29.7015089622882,29.5881305700507,29.5930625764153,30.1832532777823,30.1881578577246,29.7310660989319,29.8147668387412,29.7458415937754,29.9180712669515,29.7113622521147,29.3214620616761,29.2967366545395,29.1532156091641,29.5782658717225,29.6867273188382,29.5634671097716,29.3610107447515,29.370895615469,29.4203061811547,29.4548799158045,29.1334043574566,28.9499745173891,29.0789043205857,29.1383575173713,29.1631198473796,29.0689922118039,28.8208875158601,29.1532156091641,29.5141230346309,29.6177191814719,29.3906625985796,29.385721197515,29.5239936805482,29.5141230346309,29.5831983351633,29.449941499166,29.2868448794737,29.0739483820717,28.9896619433183,29.0144590341043,29.0689922118039,29.0491652125642,29.0293345027462,29.1234973434636,29.2769521827709,29.2868448794737,29.1086350865945,29.1631198473796,29.257164023458,28.9648590453057,28.940050336123,28.930125224438,29.044207883055,29.1779744708596,29.0987257577298,28.8506908055119,28.7612557262559,28.7612557262559,29.0888155024772,29.1631198473796,29.019417755741,28.7662263269051,28.676719725948,28.4875118350172,28.332906232122,28.3778151016153,28.7214825035015,28.9102722087998,28.7960450239002,28.7264549750173,28.9053083729833,28.9003443043406,28.8208875158601,28.8258553140296,28.9201991820813,28.9797414812012,29.0243762452778,29.0243762452778,28.940050336123,29.019417755741,28.8258553140296,28.7562848918599,28.6966166352573,28.5970945819598,28.6418911132907,28.7513138236853,28.8854507011395,28.9946218259274,29.2076774790804,29.1185434893225,29.2126271720896,29.2967366545395,29.2868448794737,29.173023160837,28.9995814762791,29.0739483820717,29.0789043205857,29.0739483820717,29.1334043574566,28.9648590453057,28.940050336123,28.940050336123,28.8258553140296,28.7811367266903,28.8357902104004,28.7264549750173,28.5472983510907,28.5572594772178,28.5472983510907,28.4725599092219,28.5423174353593,28.342887635646,28.2130555239183,27.9228511486881,28.0029876251156,27.982959239327,27.9979808867536,27.9529094959747,27.9328715542163,27.7975152652541,27.777447615956,27.7473389366228,27.5715322863604,27.7322813525865
30.4966943947684,30.3155981109145,30.305800398308,30.2175806171496,30.4233138536706,30.4722397930578,30.5358101656873,30.7750838052991,30.8579727982129,30.7848387678825,30.7409344645536,30.6237685583967,30.3596767307832,29.9180712669515,29.785232903706,29.6177191814719,29.3165174407562,29.4153661581674,29.3659532950663,29.5289286601073,29.9377369683613,30.1243807714027,30.1832532777823,30.1881578577246,29.6226498173448,29.4845056002677,29.6768717503746,29.7507663035967,29.7212146309145,29.7409166564112,29.7556907859056,29.7261404787557,29.8147668387412,29.6472995727053,29.6029259036991,29.775386440627,29.7803097858312,29.5881305700507,29.5733331796973,29.1829255497865,29.2769521827709,29.5338634107745,29.4993153482952,29.8393722052915,29.8590524129916,29.6423700780649,29.3956037698873,29.4301855384466,29.6325104041979,29.5289286601073,29.3807795666623,29.4894424120718,29.4203061811547,29.4598181030883,29.9377369683613,29.4301855384466,29.2967366545395,29.2917908821956,29.2670585641821,29.2621114091025,29.2769521827709,29.2917908821956,29.3264064524046,29.1135894037099,29.2076774790804,29.3016821965364,30.109657579554,30.5602502833811,29.7409166564112,29.6127883172604,29.6127883172604,29.667015270028,29.6374403552393,29.8098450842037,30.0556551883126,30.05074452682,29.8541327014066,30.197966343171,30.1930622128441,30.0900235027141,30.5797983711788,30.6091138300302,30.7653279576147,30.1783484729875,29.8393722052915,29.4845056002677,28.940050336123,28.9946218259274,29.3362945434113,29.7064357210951,29.7261404787557,29.257164023458,28.7562848918599,28.666769865686,28.7811367266903,29.0789043205857,29.257164023458,28.9201991820813,29.4894424120718,29.8590524129916,29.5634671097716,29.2670585641821,29.1234973434636,29.4548799158045,29.7064357210951,29.8639718977337,30.1636327091878,30.0163635761093,29.8590524129916,29.8541327014066,29.4351248728131,29.2818986463425,29.0144590341043,28.7811367266903,29.0342925281775,29.6620866878218,29.5091873682112,29.2720054887278,29.1482631431937,29.4696937897153,29.4104259055781,29.2917908821956,29.4845056002677,29.7015089622882,29.9229880319466,29.8147668387412,29.5684002590573,29.3956037698873,29.5684002590573,29.671943624202,29.6965819756635,29.5684002590573,29.5289286601073,29.4943789947374,29.3511249542619,29.4696937897153,29.4301855384466,28.9499745173891,28.8159194843254,28.9102722087998,28.930125224438,29.1581678438823,29.1433104459398,29.5091873682112,29.6768717503746,29.5190584720663,29.4104259055781,29.3313506129726,29.449941499166,29.449941499166,29.449941499166,29.1928270144785,29.2621114091025,29.0045408944048,29.0243762452778,28.8705550013636,29.1581678438823,29.0640358097506,29.009500080336,29.0739483820717,29.2126271720896,29.2373721746069,29.2522164072173,29.1680716196875,29.2373721746069,29.242320482823,28.7513138236853,28.8208875158601,29.0045408944048,29.0491652125642,29.0987257577298,28.8804857008759,28.9350878965987,28.915235811822,29.1334043574566,29.1631198473796,29.1433104459398,28.7861063926706,28.7811367266903,28.5672196631112,28.5522790316995,28.6916427592519,28.9201991820813,28.9251623196095,28.8010139892131,28.646867332668,28.5572594772178,28.8457241736917,28.8308228788658,28.8804857008759,28.8953800028402,28.9598977684891,28.9450125430426,28.8755204676278,28.9499745173891,28.8556572041575,28.8357902104004,28.7960450239002,28.6717449129776,28.7811367266903,28.7811367266903,28.7861063926706,28.8904154684503,28.9251623196095,29.1532156091641,29.1135894037099,29.1334043574566,29.1334043574566,29.1433104459398,29.2027275551628,29.1383575173713,29.1532156091641,28.7960450239002,28.9797414812012,28.8010139892131,28.940050336123,28.98470182842,28.9698200896756,29.0937707459177,28.9598977684891,28.6568190680113,28.6617945840412,28.5672196631112,28.5323548983997,28.4625907807171,28.2929711549704,28.2929711549704,28.2879782051969,28.0780600787342,28.0079941248089,27.9529094959747,27.9879666938923,28.1380794518489,27.9679354426974,27.7824648884334,27.7824648884334,27.8576951793018,27.6820737710463,27.7222417610001,27.6921172126096
30.7360551016191,30.7458136060084,30.2028702487351,29.8246096664975,30.0703858191111,30.0261878338035,29.8492127629486,29.967228730348,30.0556551883126,30.1685381887201,30.3400884721394,30.3449858725725,30.1341951065232,29.8984019418799,29.6177191814719,29.5881305700507,29.3214620616761,29.1135894037099,29.3560679644938,30.0802051118783,30.8092223035559,30.7262957111938,30.0802051118783,29.927904570493,29.3313506129726,29.2621114091025,29.6916547611904,29.8934840441875,30.0065384149177,29.8688911556633,29.844292597587,29.7015089622882,29.6522288391912,29.6817996485765,29.7162885553777,29.7507663035967,29.5831983351633,29.4647560610483,29.5634671097716,29.2769521827709,29.5437322255563,29.5141230346309,29.5338634107745,29.8639718977337,29.8590524129916,29.6374403552393,29.6177191814719,29.5782658717225,29.3758377059907,29.4301855384466,29.6620866878218,29.6078572246797,29.5585337318094,29.449941499166,29.5042514727762,29.3807795666623,29.6620866878218,29.775386440627,29.6571578775531,29.2720054887278,29.3016821965364,29.3511249542619,29.8541327014066,29.6078572246797,29.3461817140249,29.7704628680627,30.2911021485288,31.1013946817791,29.8590524129916,29.5289286601073,29.4993153482952,29.667015270028,29.7606150407326,29.8787289912069,29.9917989785445,30.0605656241719,30.3155981109145,30.8433499693289,30.0703858191111,30.0163635761093,30.4428869084819,30.7653279576147,30.7458136060084,30.364573235923,30.001625495435,29.8246096664975,29.3362945434113,29.3362945434113,29.1234973434636,29.3511249542619,29.7458415937754,29.55360012514,29.5239936805482,29.5733331796973,29.7310660989319,29.7556907859056,30.0654758344281,29.927904570493,30.0212758178786,30.0802051118783,29.9967123499873,29.8492127629486,29.7803097858312,29.667015270028,29.8590524129916,30.0310996239144,30.0703858191111,30.0114511084659,29.3362945434113,29.5091873682112,29.3313506129726,29.1185434893225,28.8953800028402,28.5672196631112,28.8755204676278,29.5091873682112,29.3659532950663,29.1829255497865,29.257164023458,29.5782658717225,29.4054854233555,29.4104259055781,29.3906625985796,29.7409166564112,29.7113622521147,29.6472995727053,29.3610107447515,29.5486662897325,29.5782658717225,29.7261404787557,29.8246096664975,29.7064357210951,29.3956037698873,29.4548799158045,29.4054854233555,29.3016821965364,29.2126271720896,29.103680537945,29.103680537945,28.9350878965987,29.0640358097506,29.1284509661644,29.0293345027462,29.5190584720663,29.7655390681081,29.5684002590573,29.5585337318094,29.2720054887278,29.2818986463425,29.1928270144785,29.2769521827709,29.2027275551628,29.1482631431937,29.0045408944048,28.9995814762791,28.9698200896756,29.0392503216033,29.1482631431937,29.1334043574566,29.1284509661644,29.2818986463425,29.3115725896136,29.257164023458,29.2720054887278,29.2818986463425,29.242320482823,28.9598977684891,28.9251623196095,29.083860027377,29.1135894037099,29.0590791758805,29.0739483820717,29.0987257577298,29.0342925281775,29.009500080336,29.0640358097506,29.1878763976491,29.0590791758805,28.7065636848157,28.7811367266903,29.0392503216033,29.0937707459177,28.98470182842,28.9102722087998,28.7761668270904,28.6319379709646,28.5423174353593,28.676719725948,28.8059827210337,28.8854507011395,28.9648590453057,28.9053083729833,28.9102722087998,28.8854507011395,28.9499745173891,29.0144590341043,28.9747809016303,28.8755204676278,28.8804857008759,28.8109512193939,28.8705550013636,28.8804857008759,28.7960450239002,28.9499745173891,29.1779744708596,29.173023160837,29.1581678438823,29.1779744708596,29.1977774003059,29.1334043574566,29.1234973434636,29.2670585641821,29.1086350865945,29.044207883055,29.0045408944048,28.940050336123,28.9350878965987,28.8109512193939,28.9698200896756,28.9450125430426,28.8109512193939,28.8457241736917,28.7463425217002,28.5622396876777,28.4725599092219,28.3528680933838,28.3578579676639,28.277991595206,28.0730569169481,28.0930681351701,28.0680535169536,28.1030723156867,28.1280786023483,27.9729436137625,28.1330791460061,28.14807935022,27.8276095391327,27.8025315774346,27.8276095391327,27.8426534379831
30.9894889364131,31.3102988085076,31.1208446966917,30.5358101656873,30.4184200315594,30.0212758178786,29.4252459745708,29.5190584720663,29.5289286601073,29.6522288391912,29.667015270028,29.8049231025195,29.5930625764153,29.400544711469,29.2373721746069,29.3412382437518,29.1185434893225,28.8407573086651,29.4203061811547,29.7261404787557,30.1391019363398,30.0752955782511,29.5239936805482,29.3214620616761,29.3412382437518,29.3412382437518,29.6817996485765,30.0114511084659,30.2273864061603,29.7655390681081,29.7310660989319,29.3560679644938,29.3610107447515,29.5387979325806,29.7261404787557,29.9573990480468,29.7704628680627,29.5881305700507,29.2818986463425,29.5091873682112,29.3659532950663,29.8344515860316,29.7064357210951,29.8984019418799,29.9426528277437,29.8147668387412,29.6029259036991,29.4845056002677,29.3115725896136,29.3313506129726,29.5338634107745,29.6374403552393,29.5733331796973,29.2917908821956,29.2917908821956,29.4845056002677,29.785232903706,29.5338634107745,29.2720054887278,29.4400639777012,29.6916547611904,29.6817996485765,29.7803097858312,29.5239936805482,29.6226498173448,30.2813021944153,30.5700247722933,31.1062575144351,30.05074452682,29.8541327014066,29.5190584720663,29.6620866878218,29.5437322255563,29.785232903706,29.8836475688813,29.9377369683613,30.4722397930578,30.4771311594754,30.4184200315594,30.6139989617178,31.0576193144282,31.0770772279264,30.5358101656873,30.5406986345341,30.2371912968375,30.001625495435,30.1341951065232,29.8196883661623,30.0605656241719,30.0212758178786,30.0703858191111,30.0605656241719,30.0310996239144,29.7458415937754,29.9131542754777,29.9229880319466,29.671943624202,29.5289286601073,29.5239936805482,29.9328208826212,29.8393722052915,29.257164023458,28.9350878965987,28.7363992161709,29.1581678438823,29.6078572246797,29.8688911556633,30.0703858191111,29.6965819756635,29.5190584720663,29.6472995727053,29.3313506129726,28.8606233696602,28.5622396876777,28.7761668270904,29.4943789947374,29.385721197515,29.1284509661644,29.385721197515,29.6127883172604,29.6127883172604,29.400544711469,29.4351248728131,29.5338634107745,29.385721197515,29.5190584720663,29.55360012514,29.5684002590573,29.5239936805482,29.3066275082174,29.5091873682112,29.8147668387412,29.6620866878218,29.3807795666623,29.3362945434113,29.0491652125642,28.9201991820813,28.9102722087998,28.930125224438,29.4153661581674,29.3807795666623,29.4153661581674,29.1383575173713,29.385721197515,29.5881305700507,29.6472995727053,29.3214620616761,29.4746312891203,29.2769521827709,29.2670585641821,29.1433104459398,29.1334043574566,29.0689922118039,29.044207883055,29.1631198473796,29.173023160837,29.2670585641821,29.2868448794737,29.1532156091641,29.23242363567,29.1680716196875,29.1433104459398,29.1581678438823,29.2373721746069,29.1234973434636,29.1185434893225,29.0689922118039,29.083860027377,29.2967366545395,29.1928270144785,29.257164023458,29.3165174407562,29.4647560610483,29.1928270144785,29.2868448794737,29.257164023458,29.2373721746069,29.4104259055781,29.5437322255563,29.2027275551628,29.0243762452778,28.7910758250633,28.6916427592519,28.7662263269051,28.7711966938393,28.6916427592519,28.7513138236853,28.8804857008759,28.9549362591941,28.9450125430426,29.1284509661644,28.9450125430426,28.940050336123,29.044207883055,28.9251623196095,28.9201991820813,28.8705550013636,28.8755204676278,29.0045408944048,28.8308228788658,28.8109512193939,28.9201991820813,28.8059827210337,28.9201991820813,28.9896619433183,29.1383575173713,29.1532156091641,29.1977774003059,29.0987257577298,29.1334043574566,28.9598977684891,29.0392503216033,29.0739483820717,28.9499745173891,29.019417755741,28.9499745173891,28.9549362591941,28.9598977684891,29.0739483820717,28.9350878965987,28.9251623196095,28.7562848918599,28.7910758250633,28.8208875158601,28.6369146594003,28.327915175609,28.1280786023483,28.2879782051969,28.2879782051969,28.0980703444506,28.1330791460061,28.0130003858666,28.0180064083215,28.0380281127715,27.9278614710339,27.892784190336,27.8225944265762,27.8526815051994,27.812563481855,27.6921172126096
30.7262957111938,31.1597342058889,31.4364171494488,31.4024766868113,31.1111201277866,30.5749116829746,29.7310660989319,29.3659532950663,29.2126271720896,29.1383575173713,29.3066275082174,29.3906625985796,29.5486662897325,29.5782658717225,29.5684002590573,29.2621114091025,29.1135894037099,28.9797414812012,29.2373721746069,29.9426528277437,30.657955149547,30.1440085410342,29.795078457589,29.4450028531419,29.4054854233555,29.6867273188382,30.3400884721394,31.0284258558301,30.5846848369351,29.7064357210951,29.7162885553777,29.5782658717225,29.5338634107745,29.6029259036991,29.5091873682112,29.7803097858312,29.6078572246797,29.4746312891203,29.6226498173448,29.385721197515,29.4054854233555,30.0360111882413,30.3106993666494,30.0703858191111,29.7015089622882,29.5782658717225,29.4845056002677,29.3115725896136,29.3214620616761,29.4696937897153,29.4943789947374,29.7113622521147,29.5831983351633,29.4943789947374,29.2967366545395,29.4845056002677,29.4054854233555,29.4696937897153,29.7704628680627,29.795078457589,29.775386440627,29.8295307397771,29.5881305700507,29.5338634107745,29.6177191814719,29.9426528277437,30.2960017892775,30.7214156836447,29.9917989785445,29.671943624202,29.5930625764153,29.3807795666623,29.400544711469,29.6078572246797,29.8000008936581,29.9917989785445,30.8092223035559,32.0455335761601,31.6301586234154,31.3345637704578,30.8579727982129,30.3841570192894,30.2273864061603,30.3694695173139,30.5309214741276,30.7750838052991,30.6188838711635,30.0261878338035,30.1783484729875,29.9868853810766,29.8147668387412,29.6916547611904,29.5437322255563,29.3412382437518,29.2670585641821,29.3066275082174,29.5585337318094,29.3906625985796,29.2769521827709,29.2769521827709,29.1383575173713,28.9499745173891,28.7711966938393,28.6717449129776,29.2967366545395,29.5091873682112,29.4993153482952,30.2666005812584,29.775386440627,29.1086350865945,29.8984019418799,29.6325104041979,29.1185434893225,28.7711966938393,28.6568190680113,29.257164023458,29.4548799158045,29.1977774003059,29.2126271720896,29.400544711469,29.3956037698873,29.8000008936581,29.9623140023007,29.7901557942818,29.7113622521147,29.5585337318094,29.5585337318094,29.5831983351633,29.5190584720663,29.5289286601073,29.370895615469,29.8049231025195,29.9131542754777,29.4696937897153,29.2670585641821,28.9648590453057,28.9350878965987,28.9102722087998,28.915235811822,29.083860027377,29.1383575173713,29.3956037698873,29.2027275551628,29.23242363567,29.3758377059907,29.5782658717225,29.7606150407326,29.7310660989319,29.4400639777012,29.257164023458,29.1433104459398,29.217576634222,29.1878763976491,29.2225258655088,29.2818986463425,29.3511249542619,29.4894424120718,29.3807795666623,29.2868448794737,29.2769521827709,29.3165174407562,29.242320482823,29.2522164072173,29.242320482823,29.1185434893225,28.8159194843254,28.8109512193939,29.0293345027462,29.2472685603494,29.083860027377,29.2027275551628,29.1086350865945,29.2522164072173,29.400544711469,29.5684002590573,29.6571578775531,29.5437322255563,29.217576634222,29.1086350865945,29.0689922118039,28.9995814762791,28.7761668270904,28.7711966938393,28.8705550013636,28.940050336123,28.8953800028402,28.9053083729833,28.930125224438,29.1234973434636,28.9946218259274,29.0243762452778,28.98470182842,29.0640358097506,29.0739483820717,28.9797414812012,28.9251623196095,28.8854507011395,28.9995814762791,28.8208875158601,28.7861063926706,28.9896619433183,28.9896619433183,28.9201991820813,28.915235811822,28.98470182842,28.9797414812012,29.009500080336,29.1185434893225,29.0491652125642,29.083860027377,28.940050336123,28.8556572041575,28.9450125430426,29.2076774790804,29.0888155024772,28.940050336123,28.9499745173891,28.9350878965987,28.9450125430426,28.915235811822,28.9350878965987,28.9350878965987,28.8059827210337,28.8407573086651,28.6568190680113,28.5672196631112,28.347877982722,28.2979638679726,28.327915175609,28.0980703444506,28.0980703444506,28.0930681351701,28.0880656878123,28.043032942706,27.892784190336,27.8877721929225,27.8827599560813,27.7824648884334,27.7874819207868,27.8576951793018
29.7409166564112,29.9819715575531,30.3694695173139,31.3976271792789,31.43156916424,31.392777454158,31.1062575144351,30.0851144200226,29.4153661581674,29.2126271720896,29.1482631431937,29.2522164072173,29.2670585641821,29.5585337318094,29.3461817140249,29.103680537945,29.103680537945,29.2225258655088,29.400544711469,30.5211434227513,30.7214156836447,30.7458136060084,30.4331008277436,30.2469952894203,30.2469952894203,30.984620831804,30.8823397644757,30.2420934053758,30.0654758344281,29.8738101868109,29.4301855384466,29.4943789947374,29.4894424120718,29.6472995727053,29.6127883172604,29.7261404787557,29.6423700780649,29.6275802249099,30.0409225268145,30.0409225268145,29.7556907859056,29.7901557942818,30.3302929995506,30.0556551883126,29.55360012514,29.785232903706,29.9573990480468,29.4943789947374,29.3610107447515,29.400544711469,29.6374403552393,29.7261404787557,29.5881305700507,29.4450028531419,29.5437322255563,29.5684002590573,29.5387979325806,29.6768717503746,29.6768717503746,29.7064357210951,29.8147668387412,29.9377369683613,29.9377369683613,29.8147668387412,29.6127883172604,29.5387979325806,29.6916547611904,30.1341951065232,30.364573235923,29.8000008936581,29.5634671097716,29.6177191814719,29.3610107447515,29.5338634107745,29.9917989785445,30.4331008277436,31.5865970202502,31.0673487102469,30.9894889364131,30.6970122213627,30.6530720169788,30.1489149206362,29.9524838675562,30.2322889637756,30.4526720961226,30.3939475690725,29.9967123499873,29.9033196129721,29.9377369683613,30.1391019363398,30.0556551883126,29.6916547611904,29.9229880319466,29.7507663035967,29.3264064524046,29.2868448794737,29.7162885553777,29.5141230346309,29.242320482823,28.9450125430426,28.9450125430426,28.940050336123,29.2769521827709,29.2522164072173,29.242320482823,29.242320482823,29.5979943542878,29.6867273188382,29.8934840441875,29.5289286601073,29.7212146309145,29.4993153482952,29.1433104459398,28.8655893020517,28.6518433175642,29.0888155024772,29.5930625764153,29.4153661581674,29.23242363567,29.55360012514,29.6374403552393,29.8000008936581,30.1145655354327,30.2813021944153,29.972143232219,29.5585337318094,29.1779744708596,29.3610107447515,29.3264064524046,29.3659532950663,29.370895615469,29.370895615469,29.6472995727053,29.6472995727053,29.5782658717225,29.173023160837,29.2522164072173,28.9251623196095,28.7861063926706,28.915235811822,28.8258553140296,28.9946218259274,29.1631198473796,29.1334043574566,29.3807795666623,29.4845056002677,29.5042514727762,29.4993153482952,29.4548799158045,29.2967366545395,29.3362945434113,29.3412382437518,29.2967366545395,29.3214620616761,29.227474865981,29.3412382437518,29.2868448794737,29.257164023458,28.9946218259274,28.9946218259274,29.0392503216033,29.0640358097506,29.1383575173713,29.1433104459398,28.8854507011395,28.7910758250633,28.7811367266903,28.8308228788658,28.8457241736917,29.0541223101622,29.0987257577298,29.1086350865945,29.227474865981,29.3807795666623,29.4104259055781,29.4153661581674,29.2126271720896,29.1234973434636,28.9251623196095,28.6916427592519,28.7115368584326,28.7015902771012,28.8258553140296,29.009500080336,28.9698200896756,29.009500080336,28.7314272125631,28.8904154684503,28.8854507011395,28.8705550013636,28.9648590453057,28.7612557262559,28.7761668270904,29.019417755741,29.2076774790804,28.940050336123,28.8705550013636,28.8506908055119,28.8953800028402,28.8258553140296,28.9450125430426,29.1581678438823,29.1433104459398,28.940050336123,28.9648590453057,29.0243762452778,28.940050336123,29.083860027377,28.930125224438,28.8953800028402,28.7910758250633,28.6866686490532,28.8655893020517,28.9946218259274,29.0392503216033,29.0937707459177,28.9797414812012,28.8953800028402,28.8904154684503,28.9201991820813,28.9251623196095,28.8258553140296,28.8705550013636,28.930125224438,28.7363992161709,28.6020729131087,28.4027562043539,28.342887635646,28.2630099036222,28.048037534235,28.1080740489112,28.1430795199092,28.1130755441568,27.982959239327,28.0230121922066,27.9428910032239,27.7924987130493,27.812563481855,27.7824648884334,27.6670068026902
29.4104259055781,29.4104259055781,29.6522288391912,29.9917989785445,30.8530987427369,31.2763187007373,31.697886311578,31.2811736565213,30.1881578577246,29.8246096664975,29.2621114091025,29.0590791758805,29.1433104459398,29.400544711469,29.242320482823,29.0987257577298,29.1433104459398,29.2225258655088,29.8787289912069,30.1440085410342,30.4673482035432,30.5406986345341,30.4428869084819,30.6726032155034,31.789734809328,31.3636745324836,30.5944571012223,30.0998409918593,29.8738101868109,29.8246096664975,29.6768717503746,29.3115725896136,29.4845056002677,29.4845056002677,29.7015089622882,29.6620866878218,29.7901557942818,29.9131542754777,29.9082370574946,29.9377369683613,29.7310660989319,29.6916547611904,29.4153661581674,29.4153661581674,29.7359914914735,30.3449858725725,30.3400884721394,29.671943624202,29.4548799158045,29.5289286601073,29.8984019418799,29.9917989785445,29.5881305700507,29.4943789947374,29.2917908821956,29.4301855384466,29.5437322255563,29.5486662897325,29.4548799158045,29.55360012514,29.8098450842037,29.8196883661623,29.6226498173448,29.5930625764153,29.6472995727053,29.400544711469,29.5733331796973,30.2077739295662,30.3449858725725,30.0900235027141,30.0114511084659,30.3694695173139,30.197966343171,29.6916547611904,30.0114511084659,30.1930622128441,31.0624841221194,30.3449858725725,30.0703858191111,29.785232903706,30.3694695173139,30.0605656241719,29.8147668387412,29.9475684607986,30.045833639664,29.9328208826212,29.6867273188382,29.7310660989319,29.6817996485765,29.9180712669515,30.1194732660389,30.045833639664,30.05074452682,29.775386440627,29.2868448794737,29.2225258655088,29.1185434893225,28.9102722087998,28.7562848918599,29.0144590341043,29.4696937897153,29.2027275551628,29.23242363567,29.6768717503746,29.7507663035967,29.7015089622882,29.5585337318094,29.6226498173448,30.1391019363398,29.8492127629486,29.9180712669515,29.795078457589,29.3956037698873,29.1482631431937,28.8457241736917,29.0937707459177,29.4351248728131,29.3115725896136,29.3313506129726,29.3807795666623,29.3362945434113,29.4598181030883,29.4894424120718,29.9917989785445,30.2715013432821,29.7064357210951,29.3560679644938,29.173023160837,29.3362945434113,29.5190584720663,29.3016821965364,29.3560679644938,29.4252459745708,29.7359914914735,29.7458415937754,29.7507663035967,29.2670585641821,28.8258553140296,28.6816943046293,28.6568190680113,28.6568190680113,28.7463425217002,28.9747809016303,29.1631198473796,29.1284509661644,29.1631198473796,29.0888155024772,29.1234973434636,29.3659532950663,29.3610107447515,29.3659532950663,29.3313506129726,29.1334043574566,29.2126271720896,29.2027275551628,29.1234973434636,29.4894424120718,29.2868448794737,29.009500080336,29.0045408944048,29.1383575173713,29.0541223101622,29.0689922118039,28.8159194843254,28.6866686490532,28.646867332668,28.8159194843254,28.8556572041575,28.8357902104004,29.0342925281775,29.0590791758805,29.103680537945,29.0987257577298,29.3807795666623,29.4301855384466,29.257164023458,28.8904154684503,28.7015902771012,28.7015902771012,28.8457241736917,28.8258553140296,28.9499745173891,28.8755204676278,29.1680716196875,28.9648590453057,28.7165097979839,28.7662263269051,28.7413709858727,28.9698200896756,28.8854507011395,28.915235811822,29.0243762452778,28.9201991820813,29.0590791758805,29.0590791758805,28.9499745173891,28.9053083729833,28.8506908055119,28.6816943046293,28.5074444391028,28.8407573086651,29.1631198473796,29.2670585641821,29.1532156091641,29.083860027377,29.0640358097506,28.8755204676278,29.009500080336,28.7662263269051,28.7463425217002,28.607051009488,28.607051009488,28.5970945819598,28.5921160160095,29.0689922118039,28.9450125430426,28.9251623196095,28.9648590453057,28.9549362591941,28.7662263269051,28.6916427592519,28.7861063926706,28.8208875158601,28.7513138236853,28.7861063926706,28.7165097979839,28.3828037944729,28.372826172538,28.2879782051969,28.1880694376433,28.063049878718,28.1030723156867,28.0230121922066,28.0180064083215,28.043032942706,27.777447615956,27.8526815051994,27.7523576505433,27.7674123504958,27.7071805696107
29.019417755741,29.0144590341043,29.1977774003059,29.3906625985796,29.667015270028,30.1685381887201,30.8140983473607,31.0868048676973,30.8530987427369,30.7165354344988,30.0605656241719,29.3956037698873,28.8407573086651,29.2621114091025,29.3214620616761,29.173023160837,29.103680537945,29.6423700780649,30.1391019363398,30.251896949001,30.2371912968375,30.2322889637756,30.1783484729875,31.3151522369855,32.3247761194908,31.5284876020929,30.4428869084819,30.1881578577246,29.7064357210951,29.6916547611904,29.5387979325806,29.2868448794737,29.2818986463425,29.1086350865945,29.257164023458,29.2472685603494,29.4746312891203,29.671943624202,29.9131542754777,29.795078457589,29.6916547611904,29.3560679644938,29.2522164072173,29.4203061811547,30.2322889637756,30.7897159173343,30.0409225268145,29.6423700780649,29.6472995727053,29.7409166564112,29.9819715575531,29.8393722052915,29.2967366545395,29.3214620616761,29.5979943542878,29.5585337318094,29.8541327014066,29.8541327014066,29.4054854233555,29.4450028531419,29.785232903706,29.4153661581674,29.3066275082174,29.1829255497865,29.4795685592941,29.400544711469,29.6916547611904,30.6139989617178,30.2911021485288,29.9967123499873,29.671943624202,30.4820223028257,30.4771311594754,30.2175806171496,30.4428869084819,30.4282074523887,31.013826160085,30.8092223035559,30.1685381887201,30.1292880515541,30.4135259860258,30.1391019363398,29.844292597587,30.3547800018646,30.4820223028257,29.8738101868109,29.6965819756635,29.6325104041979,29.4153661581674,29.7359914914735,29.5289286601073,29.7162885553777,29.4943789947374,29.1135894037099,28.8208875158601,28.8208875158601,29.103680537945,28.9450125430426,29.242320482823,29.8295307397771,29.6965819756635,29.2967366545395,29.3313506129726,29.7803097858312,29.8836475688813,29.8984019418799,29.7261404787557,29.6275802249099,29.785232903706,29.7162885553777,29.972143232219,30.0654758344281,30.0360111882413,29.7113622521147,29.3560679644938,29.3610107447515,29.5881305700507,29.5634671097716,29.4301855384466,29.3264064524046,29.4351248728131,29.4203061811547,29.4153661581674,29.5042514727762,30.1145655354327,29.8393722052915,29.6374403552393,29.6325104041979,29.5239936805482,29.5190584720663,29.1631198473796,29.1779744708596,29.23242363567,29.4450028531419,29.4351248728131,29.5239936805482,29.449941499166,29.2670585641821,28.9896619433183,28.7612557262559,28.537336284473,28.7662263269051,28.8655893020517,29.1334043574566,28.8506908055119,28.9598977684891,29.1680716196875,29.3807795666623,29.4598181030883,29.4993153482952,29.5091873682112,29.3264064524046,29.0689922118039,29.1829255497865,29.083860027377,28.9698200896756,29.0987257577298,29.0937707459177,28.8457241736917,28.8010139892131,28.7562848918599,28.8407573086651,28.7413709858727,28.8755204676278,28.8705550013636,28.8159194843254,28.7015902771012,28.7761668270904,28.9102722087998,28.940050336123,29.1135894037099,28.9946218259274,29.0739483820717,28.8755204676278,29.0739483820717,28.8904154684503,28.8804857008759,28.4625907807171,28.5572594772178,28.7065636848157,28.8804857008759,28.9648590453057,29.009500080336,28.8059827210337,28.676719725948,28.7115368584326,28.7711966938393,28.7363992161709,28.5921160160095,28.7960450239002,28.7413709858727,28.940050336123,29.1185434893225,29.2027275551628,29.2373721746069,29.083860027377,28.9946218259274,28.8457241736917,28.8258553140296,28.8357902104004,28.8308228788658,29.009500080336,29.0491652125642,29.083860027377,29.083860027377,28.8904154684503,28.8655893020517,28.9450125430426,28.8705550013636,28.7463425217002,28.6269610479519,28.3877922511433,28.497478607949,28.5921160160095,28.8357902104004,29.0689922118039,28.9648590453057,28.930125224438,28.8556572041575,28.6170064980665,28.6319379709646,28.8159194843254,28.7811367266903,28.8308228788658,28.7910758250633,28.7264549750173,28.5921160160095,28.3678370072086,28.2380356778862,28.0530418873914,28.048037534235,28.0180064083215,28.0330230443987,27.8727347639835,27.9028074670123,27.8225944265762,27.7724301033211,27.8526815051994,27.7573761241401,27.7975152652541
29.2126271720896,29.2076774790804,29.0243762452778,29.0491652125642,29.3313506129726,29.55360012514,29.8590524129916,30.158727004683,30.6139989617178,31.2131843997659,31.2957372143541,30.4526720961226,29.5782658717225,29.3906625985796,29.667015270028,29.7458415937754,29.6472995727053,29.8541327014066,30.8579727982129,31.3879275114203,30.4820223028257,30.158727004683,30.5406986345341,30.9651462128213,31.1451522831412,30.8433499693289,30.3841570192894,30.0654758344281,29.7064357210951,29.4795685592941,29.4400639777012,29.5387979325806,29.1135894037099,28.8854507011395,28.9995814762791,28.9995814762791,29.1680716196875,29.23242363567,29.449941499166,29.5831983351633,29.5733331796973,29.55360012514,29.2472685603494,29.2126271720896,29.5387979325806,30.0851144200226,30.0752955782511,29.8000008936581,29.6817996485765,29.844292597587,29.4647560610483,29.2472685603494,29.2670585641821,29.4845056002677,29.6127883172604,29.8196883661623,30.3351908478087,29.7556907859056,29.4450028531419,29.8000008936581,29.977057507944,29.0689922118039,28.9797414812012,28.98470182842,29.7064357210951,29.6817996485765,29.6423700780649,30.40863171704,30.0998409918593,29.775386440627,29.8295307397771,30.2567983841477,30.7945928455984,30.2764018809912,30.197966343171,30.2028702487351,30.7994695527038,30.6970122213627,30.3351908478087,30.0409225268145,30.3106993666494,29.9180712669515,29.844292597587,30.4820223028257,30.3449858725725,29.6177191814719,29.7458415937754,29.7310660989319,29.4845056002677,29.4943789947374,29.5338634107745,29.775386440627,29.5634671097716,29.1779744708596,29.0144590341043,28.7413709858727,29.795078457589,30.1881578577246,29.7556907859056,29.7655390681081,29.9819715575531,29.7261404787557,29.6325104041979,30.0851144200226,30.0654758344281,29.9033196129721,29.7212146309145,29.5486662897325,29.8738101868109,29.9967123499873,29.7704628680627,29.7901557942818,29.8541327014066,30.1881578577246,29.7901557942818,29.2076774790804,29.3560679644938,29.3362945434113,29.4351248728131,29.449941499166,29.4203061811547,29.3016821965364,29.4203061811547,29.4894424120718,29.7113622521147,30.2469952894203,29.7064357210951,29.3264064524046,29.6275802249099,29.5289286601073,29.5190584720663,29.4845056002677,29.5831983351633,29.7556907859056,29.173023160837,29.1135894037099,29.009500080336,29.019417755741,29.2670585641821,29.2027275551628,29.0293345027462,29.0144590341043,28.8953800028402,28.7960450239002,28.7662263269051,28.8308228788658,29.1680716196875,29.2720054887278,29.385721197515,29.5239936805482,29.5091873682112,29.4104259055781,29.0937707459177,29.103680537945,29.0590791758805,28.7960450239002,28.7960450239002,29.009500080336,29.009500080336,29.0342925281775,28.7811367266903,28.6617945840412,28.8804857008759,28.98470182842,29.0541223101622,28.9995814762791,28.7165097979839,28.7761668270904,28.8705550013636,29.0392503216033,29.0937707459177,29.0789043205857,29.0640358097506,29.0491652125642,28.8258553140296,28.7065636848157,28.7761668270904,28.7115368584326,28.7811367266903,28.6966166352573,28.6966166352573,28.5522790316995,28.7562848918599,28.7612557262559,28.6916427592519,28.5522790316995,28.6717449129776,28.5672196631112,28.7562848918599,28.7910758250633,28.8705550013636,28.9003443043406,29.009500080336,29.0590791758805,29.0789043205857,28.9698200896756,29.2472685603494,29.009500080336,29.0293345027462,28.8457241736917,28.8208875158601,28.7910758250633,28.8457241736917,28.9648590453057,28.98470182842,28.8705550013636,29.0293345027462,29.0342925281775,28.8705550013636,28.7413709858727,28.7513138236853,28.4775441200496,28.3378970521235,28.6219838903298,28.6319379709646,29.019417755741,29.0392503216033,28.8854507011395,28.8109512193939,28.6418911132907,28.6568190680113,28.6568190680113,28.7363992161709,28.7811367266903,28.8705550013636,28.7910758250633,28.6020729131087,28.4675754627885,28.3179323529188,28.2829850186196,28.1530789428139,28.2130555239183,27.9378813982687,28.0130003858666,27.9579183838364,27.812563481855,27.7924987130493,27.7473389366228,27.7322813525865,27.7122012073196
29.23242363567,29.4104259055781,29.6768717503746,29.4400639777012,29.2868448794737,29.4795685592941,29.6374403552393,29.6374403552393,30.0605656241719,30.305800398308,30.9115728433701,30.9115728433701,30.7311755171756,30.5358101656873,30.3988425085929,29.7606150407326,29.6374403552393,29.9180712669515,30.7165354344988,30.7409344645536,30.1341951065232,29.8836475688813,30.1538210751758,30.1538210751758,30.2420934053758,30.0310996239144,30.2175806171496,30.4379939797648,29.9377369683613,29.7212146309145,29.5289286601073,29.3511249542619,29.2769521827709,29.3610107447515,29.1284509661644,29.1135894037099,29.1532156091641,29.2373721746069,29.4598181030883,29.4696937897153,29.4252459745708,29.3066275082174,29.2027275551628,28.7761668270904,28.7662263269051,30.1685381887201,30.5504749042066,29.972143232219,29.8246096664975,29.6029259036991,29.1779744708596,29.2076774790804,29.4993153482952,29.2670585641821,29.4795685592941,29.6374403552393,29.7655390681081,29.5387979325806,29.8344515860316,29.6374403552393,29.8541327014066,29.385721197515,29.2373721746069,29.2472685603494,29.5042514727762,29.6275802249099,29.4845056002677,29.6275802249099,29.927904570493,29.5190584720663,29.7458415937754,30.2616995948902,30.3890524059812,30.1881578577246,30.1636327091878,30.0752955782511,30.1881578577246,30.094932359983,30.2028702487351,30.0114511084659,29.775386440627,29.795078457589,29.8934840441875,29.8787289912069,29.9131542754777,29.8590524129916,29.667015270028,29.5141230346309,29.4153661581674,29.5239936805482,29.9524838675562,29.9819715575531,29.5634671097716,29.5684002590573,29.3214620616761,29.4548799158045,30.3988425085929,30.5749116829746,30.4722397930578,30.2764018809912,30.2028702487351,29.9131542754777,29.7261404787557,29.8934840441875,29.9426528277437,29.9131542754777,30.0605656241719,29.7310660989319,29.8934840441875,29.7212146309145,29.7655390681081,29.9131542754777,29.9426528277437,30.4282074523887,30.4282074523887,29.7113622521147,29.4450028531419,29.1779744708596,29.3264064524046,29.4301855384466,29.3758377059907,29.449941499166,29.3906625985796,29.1829255497865,29.4746312891203,29.8885659198648,29.8787289912069,29.3016821965364,29.173023160837,29.2522164072173,29.1680716196875,29.0789043205857,29.2373721746069,29.4450028531419,29.1433104459398,29.1383575173713,29.3016821965364,29.1482631431937,29.1334043574566,29.1135894037099,28.9797414812012,28.7761668270904,28.9946218259274,29.2373721746069,29.1284509661644,28.930125224438,28.9549362591941,29.0491652125642,29.5387979325806,29.5634671097716,29.3906625985796,29.217576634222,29.083860027377,29.083860027377,29.0293345027462,28.7264549750173,28.7214825035015,28.930125224438,28.9102722087998,28.8308228788658,28.7363992161709,28.7811367266903,28.8357902104004,28.8755204676278,28.9549362591941,29.019417755741,28.7711966938393,28.7811367266903,28.8705550013636,29.0888155024772,29.083860027377,29.0689922118039,29.0937707459177,28.98470182842,28.8208875158601,28.8159194843254,28.8804857008759,28.8407573086651,28.8109512193939,28.6916427592519,28.7264549750173,28.7910758250633,28.7363992161709,28.7513138236853,28.5921160160095,28.5970945819598,28.5622396876777,28.5622396876777,28.7165097979839,28.6816943046293,28.7463425217002,28.8953800028402,28.9201991820813,29.2027275551628,29.1234973434636,29.2522164072173,29.0888155024772,29.0045408944048,28.8308228788658,28.7165097979839,28.8308228788658,28.8655893020517,28.8755204676278,28.8804857008759,28.940050336123,28.8606233696602,29.019417755741,28.9896619433183,29.0491652125642,28.8804857008759,28.7165097979839,28.5223914205637,28.3977684560513,28.6269610479519,28.5174093287365,28.8308228788658,28.8854507011395,28.8407573086651,28.8308228788658,28.646867332668,28.8010139892131,28.7015902771012,28.6966166352573,28.8556572041575,28.7910758250633,28.6568190680113,28.7015902771012,28.676719725948,28.6219838903298,28.2979638679726,28.1980645842911,28.048037534235,28.0530418873914,28.0180064083215,27.9178405871461,27.8576951793018,27.7322813525865,27.7322813525865,27.7674123504958,27.8476675914376
29.3313506129726,29.4104259055781,29.8295307397771,29.6472995727053,29.6571578775531,29.7064357210951,29.3461817140249,29.5437322255563,29.5289286601073,29.7556907859056,30.1145655354327,30.5944571012223,31.0819411575361,31.4024766868113,31.0770772279264,30.7458136060084,30.1440085410342,29.7458415937754,29.9082370574946,29.8590524129916,29.8049231025195,29.8098450842037,29.7458415937754,29.7409166564112,29.6275802249099,29.8147668387412,30.0360111882413,30.4184200315594,30.2126773856944,30.094932359983,29.8590524129916,29.4252459745708,29.3906625985796,29.6965819756635,29.4450028531419,29.1532156091641,28.9648590453057,29.2225258655088,29.4252459745708,29.4548799158045,29.2373721746069,29.4252459745708,29.0045408944048,28.3029563442362,28.5423174353593,29.9475684607986,30.6286530234468,30.0114511084659,29.8196883661623,29.4301855384466,29.5486662897325,29.7310660989319,29.7458415937754,29.6177191814719,29.5338634107745,29.5831983351633,29.6817996485765,29.6817996485765,29.6472995727053,29.7901557942818,29.8147668387412,30.0310996239144,30.0310996239144,29.7606150407326,29.4845056002677,29.4746312891203,29.4795685592941,29.5684002590573,29.7310660989319,29.7162885553777,29.6423700780649,29.9967123499873,30.2666005812584,30.251896949001,30.1734434433101,30.2224836239616,29.8639718977337,29.6374403552393,29.6423700780649,29.7359914914735,29.8147668387412,30.0900235027141,30.1930622128441,29.8885659198648,29.6867273188382,29.4993153482952,29.6571578775531,29.3412382437518,29.1977774003059,29.7803097858312,30.0752955782511,29.8049231025195,29.7606150407326,29.7458415937754,29.6522288391912,29.6817996485765,30.094932359983,30.4673482035432,30.6774854603372,30.6774854603372,30.2764018809912,29.6472995727053,29.4845056002677,29.671943624202,29.6571578775531,29.6029259036991,29.5141230346309,29.7901557942818,29.7507663035967,29.7113622521147,29.8787289912069,30.2911021485288,30.0654758344281,30.7409344645536,30.3743655749854,29.9377369683613,29.5782658717225,29.3313506129726,29.3115725896136,29.4548799158045,29.5486662897325,29.4598181030883,29.3165174407562,29.3016821965364,29.3807795666623,29.7015089622882,29.8639718977337,29.2522164072173,29.2522164072173,29.23242363567,29.2522164072173,29.257164023458,29.4450028531419,29.6177191814719,29.3016821965364,29.257164023458,29.1482631431937,29.2522164072173,28.9549362591941,29.0937707459177,28.9797414812012,29.1433104459398,28.9698200896756,28.9995814762791,28.8655893020517,28.7711966938393,28.8953800028402,29.1284509661644,29.2720054887278,29.3016821965364,29.1928270144785,29.4054854233555,29.1185434893225,29.1135894037099,29.0689922118039,28.8407573086651,28.8159194843254,28.7264549750173,28.7513138236853,28.9251623196095,28.9251623196095,29.0689922118039,29.044207883055,29.0342925281775,28.98470182842,29.0987257577298,28.9251623196095,28.940050336123,28.9598977684891,28.940050336123,29.0293345027462,29.0789043205857,29.2076774790804,29.2027275551628,28.9350878965987,28.8953800028402,28.9549362591941,28.9797414812012,28.8208875158601,28.8755204676278,28.9797414812012,29.1135894037099,28.9946218259274,28.6418911132907,28.5522790316995,28.5970945819598,28.5074444391028,28.5771789090283,28.7761668270904,28.8357902104004,28.7761668270904,28.7861063926706,28.8804857008759,28.9251623196095,28.9698200896756,29.2720054887278,29.23242363567,29.103680537945,28.7861063926706,28.7463425217002,28.8258553140296,28.8457241736917,28.8953800028402,28.8705550013636,29.0789043205857,29.019417755741,29.019417755741,28.9499745173891,28.9995814762791,28.7612557262559,28.646867332668,28.3828037944729,28.4675754627885,28.5074444391028,28.7264549750173,28.8457241736917,28.9648590453057,28.8854507011395,28.8904154684503,28.8258553140296,28.7413709858727,28.7811367266903,28.6916427592519,28.7811367266903,28.8506908055119,28.6866686490532,28.6717449129776,28.7264549750173,28.5921160160095,28.4276914056455,28.2979638679726,28.1130755441568,28.0530418873914,27.962927032733,27.8175790741614,27.9028074670123,27.962927032733,27.7272616770383,27.8326244118639,27.7222417610001
29.3115725896136,29.2225258655088,29.5190584720663,29.9328208826212,29.7556907859056,29.5042514727762,29.3659532950663,29.6275802249099,29.5831983351633,29.5684002590573,29.5733331796973,29.8049231025195,30.109657579554,30.7604497017866,30.9992244856698,31.2083263851684,30.6335372663431,30.5700247722933,30.0900235027141,29.8885659198648,29.5930625764153,29.5091873682112,29.5091873682112,29.4203061811547,29.8688911556633,30.0310996239144,29.7162885553777,29.8295307397771,29.5930625764153,29.6620866878218,29.6768717503746,29.6029259036991,29.5091873682112,29.7113622521147,29.5733331796973,29.2720054887278,29.1482631431937,29.3165174407562,29.4943789947374,29.2967366545395,29.4301855384466,29.3115725896136,28.8059827210337,28.4326777380859,28.7711966938393,29.1928270144785,30.6237685583967,30.0752955782511,29.3214620616761,29.4252459745708,29.7064357210951,29.4943789947374,29.8836475688813,29.972143232219,30.1194732660389,29.9917989785445,29.977057507944,29.7458415937754,30.0802051118783,30.0802051118783,29.9967123499873,29.8295307397771,30.2126773856944,30.2420934053758,29.775386440627,29.3906625985796,29.4943789947374,29.5190584720663,29.5091873682112,29.5486662897325,29.5338634107745,29.9082370574946,30.1881578577246,30.2224836239616,30.045833639664,30.1783484729875,30.0605656241719,29.795078457589,29.400544711469,30.4771311594754,30.1930622128441,30.109657579554,29.7507663035967,29.8196883661623,29.671943624202,29.3362945434113,29.4845056002677,29.8885659198648,29.7704628680627,29.9426528277437,29.9377369683613,29.667015270028,29.8196883661623,29.9082370574946,29.8836475688813,29.6472995727053,29.977057507944,30.3351908478087,30.7409344645536,30.9797525071693,30.4771311594754,29.9229880319466,29.8934840441875,29.7212146309145,29.6078572246797,29.7409166564112,29.7310660989319,29.7113622521147,29.8049231025195,29.6571578775531,29.6522288391912,29.8934840441875,30.3400884721394,30.848224466452,30.5651376391053,30.4282074523887,30.2273864061603,29.5190584720663,29.4203061811547,29.5684002590573,29.5881305700507,29.400544711469,29.370895615469,29.400544711469,29.2818986463425,29.400544711469,29.5437322255563,29.4746312891203,29.4647560610483,29.3066275082174,29.2076774790804,29.2769521827709,29.1779744708596,29.4400639777012,29.2225258655088,29.1383575173713,29.1779744708596,29.0987257577298,28.9648590453057,28.9499745173891,29.0640358097506,29.1284509661644,28.9797414812012,28.940050336123,28.9053083729833,29.1581678438823,29.1532156091641,29.2818986463425,29.1185434893225,29.103680537945,29.103680537945,29.103680537945,29.0987257577298,29.2472685603494,29.0888155024772,28.7513138236853,28.7115368584326,28.7363992161709,28.915235811822,28.9598977684891,29.0888155024772,29.1482631431937,29.217576634222,29.0739483820717,28.9648590453057,28.7413709858727,28.7662263269051,28.5472983510907,28.7811367266903,28.8457241736917,29.103680537945,29.0640358097506,29.0937707459177,28.9698200896756,28.7960450239002,28.7612557262559,28.8357902104004,28.940050336123,29.1135894037099,29.0937707459177,28.8357902104004,28.7612557262559,28.5522790316995,28.676719725948,28.497478607949,28.4924953392214,28.5074444391028,28.5821581795757,28.5921160160095,28.7463425217002,28.8655893020517,28.8457241736917,28.9450125430426,29.0144590341043,28.8705550013636,28.9201991820813,29.1135894037099,29.2522164072173,29.019417755741,28.8308228788658,28.7562848918599,28.8904154684503,28.8904154684503,28.8804857008759,29.103680537945,29.0937707459177,29.0144590341043,28.9450125430426,28.9698200896756,28.8854507011395,28.7662263269051,28.6418911132907,28.4775441200496,28.6568190680113,28.6369146594003,28.676719725948,28.6866686490532,28.8854507011395,28.9053083729833,28.8109512193939,28.7363992161709,28.8457241736917,28.8010139892131,28.7662263269051,28.7612557262559,28.7264549750173,28.676719725948,28.6717449129776,28.6418911132907,28.4027562043539,28.4276914056455,28.2879782051969,28.0580460022081,28.043032942706,27.9078187463413,28.0280177375547,27.7272616770383,27.8276095391327,27.7473389366228,27.7824648884334
29.2621114091025,29.2720054887278,29.2818986463425,29.2720054887278,29.2917908821956,29.5289286601073,29.6374403552393,29.9033196129721,29.8295307397771,29.3659532950663,29.5437322255563,29.385721197515,29.5141230346309,29.5190584720663,29.8639718977337,30.109657579554,30.2175806171496,30.305800398308,30.9602770077943,30.9261864062111,29.9082370574946,29.6177191814719,29.6226498173448,29.8787289912069,30.2077739295662,30.2126773856944,29.8344515860316,29.4696937897153,29.4746312891203,29.3560679644938,29.4845056002677,29.5042514727762,29.4894424120718,29.5091873682112,29.7655390681081,29.4598181030883,29.1532156091641,29.3264064524046,29.8295307397771,29.9967123499873,29.6423700780649,29.3313506129726,29.0888155024772,28.7960450239002,29.0987257577298,29.55360012514,29.6965819756635,29.6127883172604,29.3115725896136,29.5634671097716,29.8688911556633,29.8787289912069,29.6177191814719,29.5930625764153,29.6127883172604,29.7409166564112,29.9819715575531,30.1685381887201,30.0163635761093,29.8492127629486,29.8885659198648,30.0703858191111,30.9505379372001,31.1645944087902,30.045833639664,29.4598181030883,29.4894424120718,29.4894424120718,29.3758377059907,29.3313506129726,29.3214620616761,29.8836475688813,30.0212758178786,30.001625495435,30.3988425085929,30.1783484729875,29.8295307397771,29.9082370574946,30.1734434433101,30.305800398308,29.7359914914735,29.9131542754777,29.7803097858312,29.7162885553777,29.6768717503746,29.4993153482952,29.6522288391912,30.0851144200226,30.0802051118783,29.977057507944,29.9426528277437,29.9180712669515,30.2175806171496,29.9819715575531,29.9131542754777,29.775386440627,30.2273864061603,30.305800398308,30.5602502833811,30.4673482035432,30.3155981109145,29.8984019418799,29.7113622521147,29.5042514727762,29.3412382437518,29.3313506129726,29.6867273188382,29.8000008936581,30.2028702487351,29.7409166564112,29.6522288391912,29.785232903706,29.9328208826212,30.2126773856944,30.7360551016191,30.7555712245957,29.927904570493,29.4598181030883,29.5782658717225,29.4894424120718,29.5585337318094,29.449941499166,29.3956037698873,29.1977774003059,29.173023160837,29.400544711469,29.3610107447515,29.6965819756635,29.4696937897153,29.385721197515,29.0789043205857,28.9201991820813,29.0541223101622,29.3066275082174,29.1829255497865,29.3115725896136,29.3511249542619,29.1135894037099,29.242320482823,29.0689922118039,29.2373721746069,29.1086350865945,29.0392503216033,28.7910758250633,28.7413709858727,28.9747809016303,29.2373721746069,28.9896619433183,28.7960450239002,28.8308228788658,28.9995814762791,28.98470182842,28.9747809016303,29.0689922118039,28.9698200896756,28.7314272125631,28.8208875158601,28.8407573086651,29.0640358097506,29.083860027377,29.0640358097506,29.0541223101622,29.009500080336,28.9896619433183,28.8804857008759,28.7513138236853,28.7264549750173,28.5522790316995,28.6518433175642,28.7861063926706,28.7910758250633,28.9896619433183,29.019417755741,28.8606233696602,28.9053083729833,28.930125224438,29.0392503216033,29.3115725896136,29.3511249542619,29.257164023458,29.103680537945,28.666769865686,28.5771789090283,28.5921160160095,28.537336284473,28.6369146594003,28.61202887113,28.6219838903298,28.5721994035508,28.5721994035508,28.7761668270904,28.8705550013636,28.9995814762791,29.0392503216033,29.0491652125642,29.1482631431937,29.0689922118039,29.1631198473796,29.0888155024772,28.8904154684503,29.1284509661644,29.0541223101622,29.242320482823,29.1135894037099,28.98470182842,29.0789043205857,29.0541223101622,28.9201991820813,28.8755204676278,28.9102722087998,28.7065636848157,28.676719725948,28.5522790316995,28.6369146594003,28.7264549750173,28.7115368584326,28.7314272125631,28.7910758250633,28.7711966938393,28.7165097979839,28.7711966938393,28.7861063926706,28.8109512193939,28.7861063926706,28.8506908055119,28.7314272125631,28.7015902771012,28.7711966938393,28.6219838903298,28.6369146594003,28.4526207095317,28.2080587813783,28.0680535169536,28.0780600787342,27.9078187463413,27.8727347639835,27.8225944265762,27.7423199823454,27.8526815051994,27.7071805696107
29.4993153482952,29.2472685603494,28.8606233696602,28.9251623196095,28.9251623196095,29.2917908821956,29.9229880319466,30.0310996239144,29.8295307397771,29.3659532950663,29.3412382437518,29.5042514727762,29.6177191814719,29.3956037698873,29.3956037698873,29.5042514727762,29.4104259055781,29.5042514727762,30.0752955782511,30.1194732660389,30.1292880515541,30.3596767307832,30.5211434227513,31.1354299059856,30.6872492844533,30.3400884721394,30.2028702487351,29.8393722052915,29.667015270028,29.2522164072173,29.2670585641821,29.5338634107745,29.5930625764153,29.6571578775531,29.2522164072173,29.257164023458,29.1532156091641,29.4647560610483,29.8000008936581,30.2077739295662,29.8196883661623,29.2522164072173,28.9598977684891,28.8904154684503,29.4153661581674,29.6522288391912,29.4203061811547,29.9573990480468,29.8738101868109,29.7803097858312,29.7704628680627,29.7310660989319,29.6029259036991,29.3807795666623,29.3758377059907,29.4746312891203,29.7606150407326,29.7409166564112,29.9033196129721,29.9524838675562,30.251896949001,30.0065384149177,30.4575643551052,30.9505379372001,29.9967123499873,29.3214620616761,29.3461817140249,29.3610107447515,29.1135894037099,28.9747809016303,28.9946218259274,29.3264064524046,29.5338634107745,29.7901557942818,29.9475684607986,30.5895710802732,30.2764018809912,29.8934840441875,30.1636327091878,30.0605656241719,29.967228730348,29.9819715575531,29.7261404787557,29.7212146309145,29.7310660989319,29.6867273188382,29.4203061811547,29.2670585641821,29.4203061811547,29.5831983351633,29.8344515860316,30.1881578577246,30.2764018809912,29.7704628680627,29.6325104041979,29.7803097858312,30.3253949273354,30.6823674833107,30.4184200315594,29.9131542754777,29.8934840441875,30.0114511084659,30.1734434433101,29.3461817140249,29.0590791758805,29.1185434893225,29.5684002590573,29.5239936805482,29.8836475688813,29.7310660989319,29.8196883661623,29.6620866878218,29.6325104041979,29.6916547611904,30.0703858191111,30.1440085410342,30.1047493983729,29.8738101868109,29.7064357210951,29.5585337318094,29.1581678438823,29.2027275551628,29.3313506129726,29.2472685603494,29.2818986463425,29.4647560610483,29.257164023458,29.5239936805482,29.5338634107745,29.3412382437518,29.2522164072173,28.9102722087998,28.8357902104004,29.242320482823,29.257164023458,29.2967366545395,29.3264064524046,28.9598977684891,29.0342925281775,29.083860027377,28.9102722087998,28.9896619433183,29.2373721746069,28.9350878965987,28.6170064980665,28.8556572041575,28.9896619433183,28.6219838903298,28.915235811822,28.8506908055119,28.7811367266903,29.0888155024772,29.0342925281775,29.1086350865945,28.8457241736917,28.6866686490532,28.8357902104004,29.0590791758805,29.3016821965364,29.0739483820717,29.227474865981,29.0491652125642,29.0045408944048,29.0541223101622,28.9946218259274,28.8953800028402,28.8457241736917,28.6717449129776,28.6568190680113,28.7264549750173,29.0243762452778,29.1185434893225,29.2670585641821,29.2967366545395,29.2967366545395,29.0293345027462,28.940050336123,28.915235811822,28.8357902104004,29.1234973434636,28.9946218259274,28.7513138236853,28.5921160160095,28.6319379709646,28.6269610479519,28.7065636848157,28.6966166352573,28.7264549750173,28.8010139892131,28.7761668270904,28.9995814762791,28.9499745173891,28.9053083729833,28.98470182842,28.7463425217002,28.6269610479519,28.7711966938393,29.0888155024772,28.915235811822,29.019417755741,28.8953800028402,28.8407573086651,28.8705550013636,29.1234973434636,29.3165174407562,29.3165174407562,29.0590791758805,28.9003443043406,28.9003443043406,28.8357902104004,28.8059827210337,28.6966166352573,28.537336284473,28.6319379709646,28.5423174353593,28.6219838903298,28.6269610479519,28.7363992161709,28.607051009488,28.6219838903298,28.6170064980665,28.8258553140296,28.8308228788658,28.7562848918599,28.7413709858727,28.8556572041575,28.7165097979839,28.7761668270904,28.6319379709646,28.6219838903298,28.5821581795757,28.2380356778862,28.1830715081525,27.9579183838364,27.9178405871461,27.9028074670123,27.8426534379831,27.7473389366228,27.7222417610001,27.7824648884334
29.5387979325806,29.0293345027462,28.9251623196095,28.7662263269051,28.7612557262559,28.9201991820813,29.2917908821956,29.6275802249099,29.6029259036991,29.6226498173448,29.2522164072173,29.4104259055781,29.671943624202,29.5733331796973,29.400544711469,29.2670585641821,29.2373721746069,29.2670585641821,29.3461817140249,29.3362945434113,29.5239936805482,30.0752955782511,30.7214156836447,31.0868048676973,30.8677202468541,30.2028702487351,30.7262957111938,30.158727004683,30.4966943947684,29.8738101868109,29.8049231025195,29.3264064524046,29.3016821965364,29.0541223101622,29.0144590341043,29.0144590341043,29.1581678438823,29.2076774790804,29.1284509661644,29.1977774003059,29.6472995727053,29.1878763976491,28.7960450239002,28.8010139892131,29.55360012514,29.6571578775531,29.55360012514,29.8688911556633,29.8147668387412,29.9623140023007,29.7409166564112,29.7803097858312,29.8885659198648,29.6127883172604,29.5141230346309,29.6275802249099,29.5437322255563,29.5289286601073,29.8590524129916,29.6472995727053,29.7212146309145,30.001625495435,30.2469952894203,31.0916683584391,30.2616995948902,29.4696937897153,29.2967366545395,29.3560679644938,29.4252459745708,30.0752955782511,30.3449858725725,29.8639718977337,29.5190584720663,29.3362945434113,29.6275802249099,30.5846848369351,30.7067742712998,30.1145655354327,29.7803097858312,29.9131542754777,30.1538210751758,29.9131542754777,29.9475684607986,29.9180712669515,29.6522288391912,29.5239936805482,29.4746312891203,29.3313506129726,29.6275802249099,30.0065384149177,29.9868853810766,29.8836475688813,30.2077739295662,29.9328208826212,29.6817996485765,29.6177191814719,30.0163635761093,30.3106993666494,30.1194732660389,29.9033196129721,29.8836475688813,29.8885659198648,29.8787289912069,29.2027275551628,28.940050336123,29.103680537945,29.3313506129726,29.5634671097716,29.7212146309145,29.5585337318094,29.6817996485765,29.9082370574946,29.7655390681081,30.0703858191111,30.197966343171,30.1783484729875,30.1194732660389,29.7359914914735,29.4795685592941,29.5437322255563,29.3807795666623,29.6817996485765,29.972143232219,29.6325104041979,29.6472995727053,29.5486662897325,29.5239936805482,29.2472685603494,29.5338634107745,29.5387979325806,29.2868448794737,28.6816943046293,28.7314272125631,28.7761668270904,28.9598977684891,29.242320482823,29.4400639777012,28.8506908055119,28.8854507011395,28.8407573086651,28.940050336123,29.449941499166,29.4301855384466,29.2225258655088,28.8258553140296,29.1185434893225,28.9549362591941,28.6269610479519,28.8109512193939,28.8755204676278,28.9946218259274,29.1185434893225,29.227474865981,29.2225258655088,29.0243762452778,28.8755204676278,29.0491652125642,29.1433104459398,29.227474865981,29.2917908821956,28.9499745173891,28.9896619433183,28.8705550013636,28.9747809016303,28.9946218259274,28.8705550013636,28.7761668270904,28.7662263269051,28.646867332668,28.8059827210337,28.8010139892131,29.083860027377,29.3807795666623,29.1383575173713,29.2373721746069,29.0888155024772,29.0541223101622,29.1234973434636,28.9896619433183,29.1234973434636,28.9698200896756,28.8109512193939,28.8208875158601,28.8208875158601,28.8606233696602,28.8407573086651,28.7264549750173,28.7761668270904,28.7960450239002,28.9450125430426,28.9350878965987,28.9053083729833,29.0342925281775,28.9549362591941,28.7513138236853,28.6319379709646,28.9549362591941,28.9450125430426,29.019417755741,29.0689922118039,28.8953800028402,28.915235811822,29.1185434893225,29.019417755741,29.0937707459177,28.9648590453057,29.0590791758805,28.9350878965987,28.9053083729833,28.7910758250633,28.6966166352573,28.61202887113,28.6418911132907,28.6369146594003,28.6916427592519,28.6319379709646,28.7165097979839,28.6319379709646,28.7214825035015,28.7562848918599,28.7015902771012,28.7463425217002,28.8109512193939,28.7115368584326,28.7214825035015,28.7861063926706,28.8159194843254,28.7612557262559,28.666769865686,28.5871372152255,28.4326777380859,28.228044327915,28.1030723156867,28.0580460022081,27.8877721929225,27.8526815051994,27.7573761241401,27.7623943574465,27.7573761241401,27.6569609527223
29.6522288391912,29.227474865981,28.8059827210337,28.7910758250633,28.7513138236853,28.8407573086651,28.7960450239002,29.083860027377,29.3659532950663,29.6374403552393,29.6078572246797,29.5831983351633,29.6177191814719,29.7162885553777,29.2720054887278,29.1878763976491,29.1185434893225,29.1135894037099,29.1779744708596,29.0243762452778,29.4351248728131,30.0752955782511,29.7901557942818,29.6226498173448,29.967228730348,29.972143232219,29.8196883661623,30.1145655354327,30.001625495435,30.3890524059812,30.8628466329089,30.3841570192894,29.5585337318094,29.0590791758805,29.0243762452778,29.019417755741,29.1135894037099,29.1086350865945,28.9797414812012,29.1977774003059,29.3956037698873,29.3412382437518,28.9053083729833,28.9549362591941,29.103680537945,29.1185434893225,29.5486662897325,29.6965819756635,29.927904570493,29.8984019418799,29.8590524129916,29.785232903706,30.3498830491376,29.9475684607986,29.9229880319466,29.6374403552393,29.6423700780649,29.5141230346309,29.5042514727762,29.5387979325806,29.3066275082174,29.4943789947374,30.251896949001,30.3596767307832,30.2616995948902,29.6571578775531,29.3560679644938,29.3560679644938,29.8787289912069,30.6384212871151,30.0261878338035,29.795078457589,29.5141230346309,29.0392503216033,29.1383575173713,30.1292880515541,30.6970122213627,30.1292880515541,29.9033196129721,29.3758377059907,29.9180712669515,30.109657579554,30.1292880515541,30.3009012058606,29.8885659198648,29.4252459745708,29.3412382437518,29.5486662897325,29.3461817140249,29.6522288391912,29.9475684607986,29.400544711469,29.6423700780649,29.6620866878218,29.3758377059907,29.4894424120718,29.7310660989319,29.7606150407326,29.775386440627,29.7655390681081,29.7655390681081,29.6226498173448,29.6374403552393,29.5831983351633,29.2472685603494,29.3115725896136,29.3659532950663,29.7606150407326,29.4153661581674,29.5684002590573,29.5733331796973,29.55360012514,29.6571578775531,29.7606150407326,29.5684002590573,29.671943624202,29.6325104041979,29.7212146309145,29.5437322255563,29.5190584720663,29.6127883172604,29.4598181030883,29.5091873682112,29.3115725896136,29.4548799158045,29.4647560610483,29.4696937897153,29.242320482823,29.173023160837,29.3659532950663,29.2818986463425,28.9201991820813,28.8357902104004,28.9995814762791,29.3461817140249,29.1631198473796,29.3461817140249,29.1135894037099,28.8804857008759,28.5771789090283,28.9251623196095,29.2917908821956,29.4548799158045,29.4104259055781,28.9053083729833,29.23242363567,29.242320482823,29.0045408944048,29.2126271720896,29.044207883055,28.930125224438,29.2225258655088,29.4696937897153,29.3906625985796,29.2522164072173,29.2522164072173,29.0739483820717,29.0342925281775,29.2126271720896,29.2027275551628,29.0243762452778,28.9549362591941,28.9499745173891,29.0045408944048,29.1383575173713,29.0293345027462,28.8655893020517,28.8308228788658,28.9450125430426,28.9450125430426,28.9698200896756,29.0937707459177,29.0491652125642,29.044207883055,29.103680537945,29.0491652125642,28.940050336123,28.9053083729833,28.9946218259274,29.1135894037099,28.930125224438,28.8854507011395,28.7861063926706,28.8059827210337,28.8059827210337,28.8109512193939,28.915235811822,28.930125224438,28.7910758250633,28.98470182842,28.9201991820813,29.0541223101622,29.0342925281775,28.9499745173891,28.8059827210337,28.7910758250633,28.9201991820813,28.8953800028402,29.044207883055,29.2917908821956,29.23242363567,29.0590791758805,28.9251623196095,28.9102722087998,28.9797414812012,28.9598977684891,28.9698200896756,28.8953800028402,28.8407573086651,28.8109512193939,28.7612557262559,28.7761668270904,28.666769865686,28.8705550013636,28.7115368584326,28.7065636848157,28.6170064980665,28.6020729131087,28.7015902771012,28.7612557262559,28.7214825035015,28.8059827210337,28.7861063926706,28.7463425217002,28.8109512193939,28.8010139892131,28.6518433175642,28.5323548983997,28.5522790316995,28.6170064980665,28.4775441200496,28.228044327915,28.0380281127715,27.9579183838364,27.9028074670123,27.8627086137778,27.8075476496238,27.8727347639835,27.7122012073196,27.7373007876777
29.3956037698873,29.1284509661644,28.9747809016303,28.9251623196095,28.8407573086651,28.8854507011395,28.7612557262559,29.0045408944048,29.0590791758805,29.5338634107745,29.4943789947374,29.4993153482952,29.6325104041979,29.6817996485765,29.4252459745708,29.1383575173713,29.1779744708596,29.1928270144785,28.9747809016303,29.1135894037099,29.4054854233555,29.8344515860316,29.8541327014066,29.6423700780649,29.5634671097716,29.4647560610483,29.3906625985796,29.6620866878218,29.6916547611904,29.9819715575531,30.6872492844533,30.7165354344988,30.2813021944153,29.5684002590573,29.0144590341043,29.1928270144785,29.242320482823,28.98470182842,29.1185434893225,29.1482631431937,29.1234973434636,29.2769521827709,28.9896619433183,29.083860027377,29.1532156091641,28.9995814762791,29.4203061811547,29.9033196129721,29.9131542754777,29.9131542754777,30.3302929995506,30.2028702487351,30.1685381887201,30.109657579554,29.9377369683613,29.5831983351633,29.4252459745708,29.4993153482952,29.2670585641821,29.1135894037099,29.2027275551628,29.1829255497865,29.7507663035967,29.972143232219,29.9868853810766,30.7555712245957,30.4820223028257,30.501584646145,30.4966943947684,30.0998409918593,30.2371912968375,29.6325104041979,29.5042514727762,29.400544711469,29.6226498173448,29.8246096664975,30.4184200315594,29.9917989785445,29.4104259055781,29.5782658717225,29.927904570493,30.1194732660389,30.1489149206362,30.1341951065232,29.8295307397771,29.0739483820717,29.3610107447515,29.5782658717225,29.4153661581674,29.6472995727053,29.9229880319466,29.6522288391912,29.4943789947374,29.5634671097716,29.6423700780649,29.7606150407326,29.6127883172604,29.6127883172604,29.8984019418799,30.0065384149177,30.05074452682,29.8836475688813,29.7507663035967,29.7359914914735,29.6867273188382,29.55360012514,29.5881305700507,29.5831983351633,29.4647560610483,29.6817996485765,29.5881305700507,29.5831983351633,29.7409166564112,29.6275802249099,29.4548799158045,29.667015270028,30.0851144200226,29.8590524129916,29.8639718977337,29.5338634107745,29.5190584720663,29.5585337318094,29.3511249542619,29.2769521827709,29.3214620616761,29.2917908821956,29.4647560610483,29.242320482823,28.8804857008759,28.8556572041575,29.3807795666623,29.385721197515,28.9698200896756,29.103680537945,29.370895615469,29.2967366545395,29.1383575173713,28.8854507011395,28.4725599092219,28.5572594772178,28.7761668270904,28.8208875158601,28.9698200896756,29.1383575173713,28.7562848918599,28.9896619433183,28.9698200896756,29.0392503216033,29.1086350865945,28.940050336123,29.4153661581674,29.3511249542619,29.449941499166,29.257164023458,29.242320482823,29.3214620616761,29.1482631431937,29.0342925281775,29.242320482823,29.1532156091641,29.173023160837,28.9003443043406,29.0144590341043,29.019417755741,28.8357902104004,29.0342925281775,28.8953800028402,29.0739483820717,28.8457241736917,28.9598977684891,29.0243762452778,28.9797414812012,28.9549362591941,28.9499745173891,28.9003443043406,29.0590791758805,28.9003443043406,28.7463425217002,28.5522790316995,28.9499745173891,29.019417755741,28.7463425217002,28.7363992161709,28.7264549750173,28.7314272125631,28.8208875158601,28.9549362591941,28.9201991820813,28.9102722087998,29.0590791758805,29.009500080336,28.9450125430426,28.8556572041575,28.940050336123,28.7910758250633,28.7861063926706,28.8854507011395,28.8854507011395,29.1135894037099,29.2373721746069,29.2472685603494,29.1928270144785,28.9648590453057,28.8407573086651,28.8606233696602,28.7861063926706,28.8705550013636,28.8109512193939,28.6568190680113,28.666769865686,28.8407573086651,28.7015902771012,28.7612557262559,28.8606233696602,28.9598977684891,28.8755204676278,28.9747809016303,28.8506908055119,28.7314272125631,28.6916427592519,28.6518433175642,28.61202887113,28.7811367266903,28.7562848918599,28.8010139892131,28.8109512193939,28.666769865686,28.5771789090283,28.4924953392214,28.5622396876777,28.4924953392214,28.4576058629756,28.0980703444506,28.0130003858666,27.9378813982687,27.8526815051994,27.837639044803,27.9178405871461,27.6921172126096,27.6720293663216
29.2720054887278,29.1383575173713,29.0342925281775,28.9003443043406,28.915235811822,28.7811367266903,28.7761668270904,29.0045408944048,29.0392503216033,29.1532156091641,29.2720054887278,29.449941499166,29.3956037698873,30.0065384149177,29.8984019418799,29.4943789947374,29.1928270144785,29.1878763976491,28.9499745173891,29.1581678438823,29.0789043205857,29.1482631431937,29.5979943542878,29.9623140023007,29.6817996485765,29.4795685592941,29.5289286601073,29.3906625985796,29.2621114091025,29.1680716196875,29.4795685592941,29.795078457589,30.0802051118783,29.7655390681081,29.5684002590573,29.7409166564112,29.6768717503746,29.2670585641821,29.1383575173713,29.23242363567,28.9747809016303,28.8109512193939,28.7811367266903,28.9350878965987,28.9053083729833,28.9946218259274,29.3165174407562,29.6275802249099,29.7359914914735,30.1243807714027,30.3302929995506,30.0752955782511,29.9426528277437,29.8738101868109,29.5338634107745,29.257164023458,29.5338634107745,29.3560679644938,29.3659532950663,29.2076774790804,29.2076774790804,29.1433104459398,29.3956037698873,30.05074452682,30.2469952894203,30.6433050857922,30.7360551016191,29.6571578775531,29.7803097858312,30.2715013432821,29.795078457589,29.9819715575531,30.3498830491376,30.1832532777823,29.7901557942818,30.1047493983729,30.7945928455984,30.2764018809912,29.5634671097716,29.5437322255563,29.9475684607986,30.0163635761093,30.1341951065232,30.045833639664,29.8344515860316,29.2967366545395,29.3362945434113,29.8147668387412,29.8098450842037,29.977057507944,29.9426528277437,29.7458415937754,29.7458415937754,29.7359914914735,29.8885659198648,30.0114511084659,29.8885659198648,29.9328208826212,30.0261878338035,29.9082370574946,29.6374403552393,29.4746312891203,29.6423700780649,29.3807795666623,29.4696937897153,29.6522288391912,29.5881305700507,29.4696937897153,29.4351248728131,29.4301855384466,29.6817996485765,29.671943624202,29.6817996485765,29.671943624202,29.5437322255563,29.4351248728131,29.5387979325806,29.667015270028,29.8885659198648,29.8492127629486,29.4993153482952,29.1581678438823,28.9053083729833,29.1086350865945,29.0045408944048,29.2769521827709,29.2522164072173,29.0392503216033,29.3461817140249,29.3264064524046,29.5733331796973,29.7015089622882,29.1086350865945,29.0937707459177,29.1680716196875,29.103680537945,29.0342925281775,28.8010139892131,28.5522790316995,28.8407573086651,28.8904154684503,28.61202887113,28.7612557262559,29.1680716196875,28.7513138236853,28.8109512193939,28.940050336123,29.0392503216033,29.3956037698873,29.55360012514,29.7162885553777,29.3906625985796,29.2917908821956,29.1977774003059,29.1284509661644,28.8953800028402,28.8308228788658,28.8854507011395,29.217576634222,29.2225258655088,29.4647560610483,29.2076774790804,29.217576634222,29.2225258655088,29.009500080336,28.9201991820813,29.0491652125642,28.9698200896756,28.8854507011395,28.9995814762791,28.7115368584326,28.7264549750173,28.7214825035015,28.915235811822,29.103680537945,29.0590791758805,28.9450125430426,28.7015902771012,28.7065636848157,28.8407573086651,28.9797414812012,28.8109512193939,28.6916427592519,28.7264549750173,28.666769865686,28.7363992161709,28.9598977684891,28.98470182842,28.9450125430426,28.9003443043406,28.9102722087998,28.915235811822,29.009500080336,28.9350878965987,28.7314272125631,28.7363992161709,28.8059827210337,28.7861063926706,28.9350878965987,29.0640358097506,29.2472685603494,29.103680537945,29.0392503216033,28.9251623196095,28.9003443043406,28.8308228788658,28.8208875158601,28.7861063926706,28.7562848918599,28.6617945840412,28.4775441200496,28.7115368584326,28.7811367266903,28.7562848918599,28.8109512193939,28.9648590453057,28.9747809016303,29.009500080336,29.0144590341043,29.019417755741,29.0144590341043,28.9102722087998,28.8904154684503,28.7960450239002,28.7861063926706,28.6966166352573,28.8705550013636,28.537336284473,28.666769865686,28.5423174353593,28.61202887113,28.347877982722,28.1980645842911,28.0180064083215,27.8977959483549,27.812563481855,27.7874819207868,27.8175790741614,27.6921172126096,27.6016915422711
29.2373721746069,29.242320482823,29.242320482823,29.2076774790804,29.1334043574566,28.9648590453057,29.1433104459398,28.9995814762791,29.0045408944048,29.1185434893225,29.5289286601073,29.6078572246797,29.8098450842037,30.4575643551052,30.2077739295662,29.4894424120718,29.1779744708596,28.8606233696602,29.0491652125642,29.3165174407562,29.3313506129726,29.1433104459398,29.1680716196875,29.4351248728131,29.6768717503746,29.671943624202,29.6867273188382,29.4647560610483,29.5634671097716,29.4153661581674,29.2868448794737,29.3264064524046,29.3115725896136,29.3412382437518,29.3560679644938,29.6522288391912,29.9967123499873,29.7556907859056,29.6768717503746,29.4252459745708,29.2769521827709,29.1185434893225,28.98470182842,28.9946218259274,29.3956037698873,29.385721197515,29.7606150407326,29.8295307397771,29.8147668387412,30.045833639664,30.2371912968375,30.0409225268145,29.9967123499873,29.6029259036991,29.3610107447515,29.3659532950663,29.5930625764153,29.370895615469,29.4252459745708,29.3461817140249,29.2720054887278,29.55360012514,30.40863171704,30.657955149547,30.1636327091878,30.3449858725725,30.6384212871151,30.4624563909023,30.2567983841477,29.9131542754777,30.2813021944153,29.7113622521147,29.4894424120718,29.6226498173448,29.785232903706,30.1047493983729,30.2862022835847,30.109657579554,29.8787289912069,29.5782658717225,29.7064357210951,30.0360111882413,30.2813021944153,30.0802051118783,29.9475684607986,29.8147668387412,29.6325104041979,29.8688911556633,29.8836475688813,30.1440085410342,30.3204966311333,30.305800398308,30.0163635761093,29.7359914914735,29.8984019418799,30.6042284760713,30.7702059921091,30.2028702487351,30.0163635761093,29.9033196129721,29.977057507944,29.7162885553777,29.8639718977337,29.4450028531419,29.5338634107745,29.6965819756635,29.7704628680627,29.7458415937754,29.6127883172604,30.0556551883126,29.8836475688813,29.8885659198648,29.7359914914735,29.4696937897153,29.2769521827709,29.3807795666623,29.6620866878218,29.5437322255563,29.6522288391912,29.5733331796973,29.6571578775531,29.6522288391912,29.3758377059907,29.2027275551628,29.0392503216033,29.0243762452778,28.8357902104004,28.8556572041575,29.0342925281775,29.1680716196875,29.3461817140249,29.8590524129916,29.5881305700507,29.5684002590573,29.5091873682112,29.400544711469,29.009500080336,28.7910758250633,28.6866686490532,28.7065636848157,28.8308228788658,28.6369146594003,28.6219838903298,29.1086350865945,29.242320482823,29.1185434893225,29.217576634222,29.5387979325806,29.8196883661623,29.9229880319466,29.7655390681081,29.5979943542878,29.2967366545395,29.1829255497865,29.083860027377,29.1878763976491,29.1334043574566,29.1532156091641,29.4301855384466,29.2917908821956,29.3560679644938,29.23242363567,29.3066275082174,29.1928270144785,29.2917908821956,29.370895615469,29.2670585641821,29.2373721746069,28.9946218259274,29.0144590341043,28.7214825035015,28.7264549750173,29.083860027377,28.9450125430426,29.217576634222,29.1185434893225,28.7910758250633,29.044207883055,28.8308228788658,29.2027275551628,29.3214620616761,28.9747809016303,28.7513138236853,28.6966166352573,28.7761668270904,28.7662263269051,28.7115368584326,29.009500080336,29.0293345027462,28.8357902104004,28.7711966938393,28.8506908055119,28.8457241736917,28.9350878965987,28.9648590453057,28.8258553140296,28.7761668270904,28.666769865686,28.8059827210337,28.9201991820813,29.217576634222,29.2027275551628,29.0342925281775,28.98470182842,28.940050336123,28.8059827210337,28.7513138236853,28.7861063926706,28.8208875158601,28.8308228788658,28.7662263269051,28.6816943046293,28.8606233696602,28.8506908055119,28.666769865686,28.7811367266903,28.9648590453057,29.0243762452778,29.0293345027462,29.0045408944048,29.0491652125642,29.0045408944048,28.930125224438,28.8258553140296,28.9102722087998,28.9102722087998,28.9102722087998,28.8059827210337,28.7413709858727,28.5970945819598,28.5174093287365,28.4576058629756,28.2929711549704,28.14807935022,27.9779515459613,27.9879666938923,27.7423199823454,27.7122012073196,27.8025315774346,27.6670068026902
29.3264064524046,29.0392503216033,28.8159194843254,29.173023160837,29.2027275551628,29.1284509661644,29.0144590341043,29.0491652125642,29.1532156091641,29.5141230346309,29.5091873682112,29.6177191814719,29.7655390681081,30.3155981109145,30.5162540628758,29.5733331796973,29.0640358097506,29.0739483820717,29.103680537945,29.3906625985796,29.6620866878218,29.6423700780649,29.1433104459398,29.2670585641821,29.4450028531419,29.9819715575531,29.927904570493,29.5585337318094,29.671943624202,29.5486662897325,29.3016821965364,29.0640358097506,29.103680537945,29.0045408944048,28.98470182842,29.1185434893225,29.0789043205857,29.1135894037099,28.9549362591941,28.9598977684891,29.2670585641821,29.5338634107745,29.0342925281775,29.103680537945,29.3066275082174,29.3362945434113,29.8000008936581,30.0998409918593,30.0900235027141,30.1047493983729,30.0998409918593,29.8147668387412,29.9967123499873,29.8344515860316,29.5634671097716,29.4647560610483,29.385721197515,29.2917908821956,29.3066275082174,29.3313506129726,29.4943789947374,30.2764018809912,30.3988425085929,30.0556551883126,29.6916547611904,29.9131542754777,30.1440085410342,30.0703858191111,29.5141230346309,29.6768717503746,29.3807795666623,29.173023160837,29.5042514727762,30.1194732660389,29.967228730348,29.5831983351633,29.55360012514,29.8639718977337,30.2715013432821,29.8738101868109,29.5930625764153,29.4795685592941,29.9082370574946,29.9082370574946,29.6472995727053,29.8246096664975,29.9917989785445,30.1292880515541,29.8344515860316,29.9475684607986,30.2175806171496,30.4037372245722,30.2175806171496,30.0556551883126,29.7212146309145,29.8787289912069,30.4379939797648,30.0261878338035,29.7458415937754,29.8688911556633,29.967228730348,29.7507663035967,29.6965819756635,29.6374403552393,29.3807795666623,29.5486662897325,29.6916547611904,29.7458415937754,29.8098450842037,30.05074452682,30.1341951065232,29.8787289912069,29.6275802249099,29.2720054887278,29.3610107447515,29.2522164072173,29.1631198473796,29.4104259055781,29.6522288391912,29.6571578775531,29.6571578775531,29.8639718977337,30.2273864061603,29.6620866878218,29.2917908821956,28.8308228788658,29.0045408944048,29.1680716196875,29.257164023458,29.3016821965364,29.1433104459398,29.3264064524046,29.9573990480468,29.8049231025195,29.449941499166,29.3659532950663,29.1284509661644,28.9450125430426,28.6617945840412,28.7861063926706,28.6966166352573,28.7910758250633,29.1135894037099,29.0590791758805,29.0491652125642,29.3313506129726,29.5881305700507,29.5387979325806,29.4104259055781,29.2076774790804,29.1928270144785,29.3362945434113,29.3313506129726,29.4252459745708,29.2076774790804,29.1433104459398,29.0243762452778,29.0342925281775,29.2868448794737,29.4153661581674,29.4054854233555,29.2472685603494,29.385721197515,29.400544711469,29.3906625985796,29.2373721746069,29.103680537945,29.2225258655088,29.0937707459177,29.0392503216033,28.98470182842,28.7960450239002,29.1779744708596,29.2621114091025,29.2621114091025,29.2225258655088,28.9896619433183,29.0640358097506,29.103680537945,29.242320482823,29.1779744708596,28.98470182842,28.8457241736917,28.7214825035015,28.7463425217002,28.8258553140296,28.6966166352573,28.5472983510907,28.8556572041575,28.98470182842,28.915235811822,28.8308228788658,28.9251623196095,28.8606233696602,28.8208875158601,28.9053083729833,28.7910758250633,28.8159194843254,28.8407573086651,29.0144590341043,29.103680537945,29.044207883055,29.103680537945,28.915235811822,28.9648590453057,28.9102722087998,29.0342925281775,28.8059827210337,28.6617945840412,28.8258553140296,28.9003443043406,28.676719725948,28.915235811822,28.8010139892131,28.7761668270904,28.8059827210337,29.0045408944048,28.8804857008759,28.9995814762791,29.0243762452778,29.0392503216033,29.0293345027462,29.0045408944048,28.9995814762791,28.7910758250633,28.8208875158601,28.8059827210337,28.9003443043406,28.7513138236853,28.61202887113,28.5423174353593,28.3578579676639,28.3778151016153,27.9879666938923,28.1080740489112,27.9779515459613,27.9228511486881,27.8576951793018,27.8075476496238,27.7373007876777
29.6127883172604,29.4203061811547,29.5831983351633,29.4351248728131,29.4400639777012,29.0392503216033,29.0491652125642,28.9648590453057,29.1433104459398,29.3115725896136,29.3066275082174,29.5141230346309,29.7655390681081,30.1881578577246,30.0605656241719,29.7310660989319,29.0144590341043,29.242320482823,29.2225258655088,29.0689922118039,29.3461817140249,29.6127883172604,29.6620866878218,29.6226498173448,29.9082370574946,29.6965819756635,29.9328208826212,29.5782658717225,29.6127883172604,29.4696937897153,29.2126271720896,28.9549362591941,28.98470182842,28.7711966938393,29.0937707459177,28.9747809016303,28.9350878965987,28.9350878965987,28.7165097979839,28.7413709858727,29.1234973434636,29.972143232219,29.4104259055781,29.4104259055781,29.227474865981,29.227474865981,29.1779744708596,29.4894424120718,30.0998409918593,30.2420934053758,29.8344515860316,29.671943624202,29.8246096664975,29.9131542754777,29.9082370574946,29.4598181030883,29.2076774790804,28.9499745173891,29.3511249542619,29.9819715575531,30.1881578577246,29.9868853810766,29.775386440627,29.6522288391912,29.7015089622882,29.6817996485765,29.6817996485765,29.8196883661623,30.0212758178786,29.8049231025195,29.370895615469,29.370895615469,29.7310660989319,29.9623140023007,29.4845056002677,29.1928270144785,29.1928270144785,29.5634671097716,29.7606150407326,29.4647560610483,29.4598181030883,29.5387979325806,29.7655390681081,29.6522288391912,29.6522288391912,29.6325104041979,29.8147668387412,29.8393722052915,29.55360012514,29.927904570493,30.1881578577246,30.3106993666494,30.2273864061603,29.8787289912069,29.7162885553777,29.7507663035967,29.4795685592941,29.7162885553777,29.972143232219,29.9131542754777,29.977057507944,29.6522288391912,29.6571578775531,29.8836475688813,29.4845056002677,29.370895615469,29.5782658717225,29.3758377059907,29.6423700780649,29.8984019418799,30.0998409918593,29.6620866878218,29.5141230346309,29.3906625985796,29.385721197515,29.5338634107745,29.7704628680627,29.7507663035967,29.5782658717225,29.4104259055781,29.5190584720663,29.6571578775531,29.8246096664975,29.6916547611904,29.217576634222,28.6816943046293,29.1680716196875,29.400544711469,29.2126271720896,29.103680537945,28.8010139892131,28.9201991820813,29.775386440627,29.5979943542878,29.795078457589,29.5930625764153,29.3807795666623,29.0045408944048,28.9251623196095,28.8059827210337,28.8705550013636,28.8655893020517,29.0491652125642,29.0541223101622,29.3362945434113,29.4943789947374,29.385721197515,29.4696937897153,29.3264064524046,29.2769521827709,29.3461817140249,29.4252459745708,29.3610107447515,29.2670585641821,29.1977774003059,29.1234973434636,29.0392503216033,29.044207883055,29.1086350865945,29.1829255497865,29.2868448794737,29.3659532950663,29.4153661581674,29.4104259055781,29.1977774003059,29.4054854233555,29.1334043574566,29.0888155024772,29.1234973434636,28.940050336123,28.8556572041575,28.7960450239002,28.930125224438,28.9648590453057,29.0590791758805,28.9549362591941,28.8606233696602,28.7264549750173,28.8804857008759,29.1581678438823,29.0491652125642,28.8258553140296,28.9053083729833,28.6219838903298,28.6518433175642,28.6219838903298,28.5771789090283,28.6269610479519,28.6717449129776,28.915235811822,28.9648590453057,28.8804857008759,28.8606233696602,28.7513138236853,28.7214825035015,28.6568190680113,28.7413709858727,28.9251623196095,28.9350878965987,29.0491652125642,29.0640358097506,28.9896619433183,28.9053083729833,29.0640358097506,29.0987257577298,29.0342925281775,28.930125224438,28.8556572041575,28.8457241736917,28.7662263269051,28.9102722087998,28.9251623196095,28.7711966938393,28.8755204676278,28.7612557262559,28.7761668270904,28.7910758250633,28.8258553140296,28.8854507011395,28.9201991820813,28.7463425217002,28.7761668270904,28.8258553140296,28.7811367266903,28.7861063926706,28.8357902104004,28.7711966938393,28.8258553140296,28.5871372152255,28.7562848918599,28.4526207095317,28.2380356778862,28.2080587813783,28.1180768014564,27.9729436137625,27.9979808867536,27.8677218086608,27.8576951793018,27.7172216044382,27.6921172126096
30.3890524059812,30.305800398308,30.2322889637756,29.785232903706,29.8393722052915,30.0114511084659,29.3511249542619,28.9995814762791,28.9747809016303,29.1135894037099,29.3066275082174,29.3165174407562,29.3511249542619,29.7556907859056,29.8787289912069,29.7162885553777,29.4054854233555,29.227474865981,29.0590791758805,29.0491652125642,29.1482631431937,29.5042514727762,29.8000008936581,29.8541327014066,29.775386440627,29.6817996485765,29.5782658717225,29.5684002590573,29.7064357210951,29.3560679644938,29.1680716196875,28.8407573086651,28.9747809016303,29.0293345027462,29.5387979325806,29.1086350865945,29.1234973434636,28.930125224438,28.7513138236853,28.9549362591941,29.1185434893225,29.972143232219,29.7212146309145,29.5634671097716,29.5585337318094,29.8246096664975,29.785232903706,29.5733331796973,29.8738101868109,29.9819715575531,30.1685381887201,30.1047493983729,30.251896949001,30.1538210751758,30.0900235027141,29.8344515860316,29.4400639777012,29.671943624202,30.0752955782511,29.8639718977337,29.8098450842037,29.8196883661623,29.5881305700507,29.7015089622882,29.7803097858312,29.671943624202,29.55360012514,29.8787289912069,30.1391019363398,30.1391019363398,29.3758377059907,29.7162885553777,29.9573990480468,29.9475684607986,29.3956037698873,29.0640358097506,29.5437322255563,29.6275802249099,29.4351248728131,29.4647560610483,29.5387979325806,29.5782658717225,29.9328208826212,30.0703858191111,29.9131542754777,29.5585337318094,29.5585337318094,29.5585337318094,29.5585337318094,29.9917989785445,29.967228730348,30.0114511084659,30.4037372245722,29.8738101868109,29.5141230346309,29.7212146309145,29.8738101868109,29.6472995727053,29.844292597587,29.6374403552393,29.5042514727762,29.5091873682112,29.5239936805482,29.7064357210951,29.5387979325806,29.5585337318094,29.7507663035967,29.7507663035967,29.6522288391912,29.8196883661623,30.0900235027141,29.8246096664975,29.5979943542878,29.5091873682112,29.8738101868109,29.7704628680627,29.8885659198648,30.1047493983729,30.0900235027141,29.8049231025195,29.7162885553777,29.6472995727053,29.2769521827709,29.5387979325806,29.257164023458,29.3956037698873,29.2126271720896,29.242320482823,29.0392503216033,29.0144590341043,29.1185434893225,29.4548799158045,29.7803097858312,29.55360012514,29.4746312891203,29.5437322255563,29.5733331796973,29.400544711469,29.5782658717225,29.55360012514,29.3115725896136,29.1383575173713,29.2818986463425,29.2917908821956,29.5042514727762,29.370895615469,29.400544711469,29.449941499166,29.4548799158045,29.6768717503746,29.7212146309145,29.7113622521147,29.5634671097716,29.1977774003059,29.0937707459177,29.1185434893225,29.0640358097506,29.1234973434636,29.103680537945,29.3264064524046,29.4104259055781,29.3659532950663,29.4746312891203,29.4746312891203,29.2472685603494,29.1829255497865,29.217576634222,29.1928270144785,29.1928270144785,29.2126271720896,29.0541223101622,28.9201991820813,28.9003443043406,28.9350878965987,29.0293345027462,28.9995814762791,29.1234973434636,29.0045408944048,29.1334043574566,28.9648590453057,28.9648590453057,28.8606233696602,28.8606233696602,28.6717449129776,28.7612557262559,28.8407573086651,28.5771789090283,28.4775441200496,28.7960450239002,29.0987257577298,29.1234973434636,28.9747809016303,28.9896619433183,28.8407573086651,28.8457241736917,28.7115368584326,28.7910758250633,28.7314272125631,28.9201991820813,29.0491652125642,29.1086350865945,29.2522164072173,29.1284509661644,29.1234973434636,29.1482631431937,29.0293345027462,29.0392503216033,29.0144590341043,28.9549362591941,28.8854507011395,28.9896619433183,28.8407573086651,28.9201991820813,28.7861063926706,28.7960450239002,28.666769865686,28.7711966938393,28.7662263269051,28.7612557262559,28.8208875158601,28.9053083729833,28.8755204676278,28.7413709858727,28.8556572041575,28.7861063926706,28.8655893020517,28.8109512193939,28.7761668270904,28.6966166352573,28.6369146594003,28.4376638346625,28.372826172538,28.2330401214815,28.0980703444506,28.1380794518489,27.9729436137625,27.8526815051994,27.777447615956,27.7272616770383,27.7222417610001
30.0114511084659,29.6571578775531,29.5733331796973,29.5782658717225,29.6620866878218,29.9180712669515,29.5930625764153,29.1928270144785,29.0640358097506,29.1482631431937,29.1581678438823,28.9003443043406,28.930125224438,29.3807795666623,29.5733331796973,29.400544711469,29.5239936805482,29.0689922118039,29.0937707459177,29.1482631431937,29.2720054887278,29.3560679644938,29.385721197515,29.4696937897153,29.6275802249099,29.8787289912069,29.5733331796973,29.4548799158045,29.4252459745708,29.2472685603494,29.0987257577298,29.1086350865945,28.98470182842,29.1086350865945,29.4746312891203,29.1135894037099,28.9797414812012,28.9499745173891,28.9251623196095,29.083860027377,29.2917908821956,29.8295307397771,30.0752955782511,29.9623140023007,29.5486662897325,29.4104259055781,29.5634671097716,29.5634671097716,29.8590524129916,29.972143232219,29.7162885553777,29.7064357210951,29.667015270028,29.7901557942818,29.9131542754777,29.9033196129721,29.8688911556633,29.5042514727762,29.4153661581674,29.400544711469,29.6374403552393,29.6423700780649,29.7704628680627,29.6374403552393,29.8393722052915,30.1341951065232,30.2813021944153,30.6091138300302,30.0065384149177,30.2666005812584,30.3498830491376,29.9180712669515,29.967228730348,29.5979943542878,29.4301855384466,29.3906625985796,29.667015270028,29.5486662897325,29.5387979325806,29.4400639777012,29.4647560610483,29.4746312891203,30.0654758344281,30.1783484729875,30.0900235027141,29.6965819756635,29.5634671097716,29.5831983351633,29.6916547611904,29.5930625764153,29.5881305700507,29.6817996485765,29.9328208826212,29.9082370574946,29.3956037698873,29.6325104041979,29.7212146309145,29.8344515860316,29.4993153482952,29.6275802249099,29.3610107447515,29.5239936805482,29.6325104041979,29.4993153482952,29.5585337318094,29.6325104041979,29.449941499166,29.4598181030883,29.8688911556633,30.0703858191111,29.8295307397771,29.8984019418799,29.6522288391912,29.5930625764153,29.6226498173448,29.5979943542878,29.5338634107745,29.6029259036991,29.7507663035967,29.6226498173448,29.4845056002677,29.2522164072173,28.8804857008759,29.2818986463425,29.7803097858312,29.4104259055781,29.2818986463425,29.2670585641821,29.2670585641821,29.242320482823,29.0937707459177,29.044207883055,29.4795685592941,29.4845056002677,29.1135894037099,29.2373721746069,29.3956037698873,29.1680716196875,29.1680716196875,29.1334043574566,29.1680716196875,28.8159194843254,29.0590791758805,29.3412382437518,29.2769521827709,29.3362945434113,29.385721197515,29.5782658717225,29.5782658717225,29.6916547611904,29.5881305700507,29.5387979325806,29.5141230346309,29.4400639777012,29.1977774003059,29.0689922118039,29.1977774003059,28.9598977684891,28.9549362591941,29.23242363567,29.2720054887278,29.23242363567,29.0987257577298,29.1680716196875,29.217576634222,29.2126271720896,29.1829255497865,29.0293345027462,29.1581678438823,29.0590791758805,29.0293345027462,29.044207883055,28.930125224438,29.0987257577298,29.019417755741,29.1234973434636,29.1928270144785,29.0640358097506,28.98470182842,29.1234973434636,28.9648590453057,29.0045408944048,28.8606233696602,28.6617945840412,28.7413709858727,28.7662263269051,28.7761668270904,28.5771789090283,28.7214825035015,29.0640358097506,28.9598977684891,28.915235811822,28.915235811822,28.8357902104004,28.8804857008759,28.7861063926706,28.7562848918599,28.8109512193939,28.9102722087998,28.9053083729833,28.9995814762791,29.009500080336,29.0590791758805,28.9747809016303,29.1433104459398,29.1680716196875,29.1284509661644,29.0293345027462,28.8854507011395,28.8755204676278,28.7861063926706,28.7513138236853,28.7513138236853,28.7811367266903,28.7761668270904,28.7811367266903,28.5821581795757,28.7612557262559,28.8556572041575,28.9251623196095,28.9102722087998,28.7413709858727,28.61202887113,28.5970945819598,28.7811367266903,28.8407573086651,28.8109512193939,28.7861063926706,28.5522790316995,28.5223914205637,28.3578579676639,28.1380794518489,28.1580782977234,27.9579183838364,28.0680535169536,27.9579183838364,27.9228511486881,27.8827599560813,27.8677218086608,27.5966656031286
29.4153661581674,29.5634671097716,29.4203061811547,29.3214620616761,29.2076774790804,29.23242363567,29.5831983351633,29.2126271720896,29.0789043205857,29.1977774003059,28.8804857008759,28.8953800028402,28.9251623196095,29.3313506129726,29.2917908821956,29.217576634222,29.227474865981,29.4153661581674,29.4598181030883,29.2621114091025,29.257164023458,29.2472685603494,29.2621114091025,29.2670585641821,29.242320482823,29.2126271720896,29.3165174407562,29.173023160837,29.4054854233555,29.4548799158045,29.23242363567,29.0937707459177,28.8308228788658,29.1086350865945,29.2769521827709,28.8258553140296,28.7811367266903,28.8606233696602,29.0888155024772,29.2917908821956,29.0739483820717,29.5387979325806,29.9967123499873,30.0851144200226,30.2715013432821,29.5486662897325,29.2225258655088,29.3956037698873,29.8590524129916,29.9229880319466,29.6275802249099,29.6029259036991,30.2862022835847,30.2911021485288,29.9967123499873,29.8787289912069,29.8639718977337,29.6226498173448,29.9475684607986,29.3659532950663,29.370895615469,29.55360012514,29.6325104041979,29.667015270028,29.977057507944,30.3400884721394,30.6139989617178,30.0212758178786,29.8590524129916,30.7458136060084,30.5846848369351,29.9328208826212,30.0703858191111,29.7409166564112,29.8000008936581,29.5387979325806,29.55360012514,30.1145655354327,30.40863171704,29.9229880319466,29.8984019418799,29.775386440627,29.7409166564112,30.0654758344281,30.3694695173139,30.3351908478087,30.0998409918593,30.0998409918593,29.7261404787557,29.6768717503746,29.8196883661623,30.1391019363398,29.977057507944,29.9868853810766,29.8738101868109,29.8885659198648,29.8984019418799,29.8688911556633,29.8000008936581,29.3264064524046,29.1334043574566,29.55360012514,30.0900235027141,29.9819715575531,29.9573990480468,29.8934840441875,29.671943624202,29.7015089622882,29.8295307397771,29.8590524129916,29.8098450842037,29.795078457589,29.5930625764153,29.6620866878218,29.6078572246797,29.400544711469,29.5782658717225,29.5930625764153,29.5042514727762,29.3313506129726,28.9698200896756,28.9450125430426,28.98470182842,29.4153661581674,29.8147668387412,29.7409166564112,29.4104259055781,29.1433104459398,29.0392503216033,29.1581678438823,29.103680537945,29.103680537945,29.227474865981,29.0293345027462,28.9797414812012,29.0144590341043,29.3956037698873,29.785232903706,29.3906625985796,29.1581678438823,29.1284509661644,28.8159194843254,28.7015902771012,28.915235811822,29.1482631431937,29.3264064524046,29.5486662897325,29.6620866878218,29.667015270028,29.7409166564112,29.8098450842037,29.6522288391912,29.5684002590573,29.4943789947374,29.4203061811547,29.3956037698873,29.2472685603494,29.0789043205857,29.0888155024772,29.2027275551628,29.009500080336,29.227474865981,29.2818986463425,29.3016821965364,29.2225258655088,29.3165174407562,29.217576634222,29.019417755741,28.9201991820813,28.9201991820813,29.0342925281775,28.9201991820813,29.0392503216033,29.0342925281775,29.0789043205857,29.1433104459398,29.1383575173713,28.9698200896756,28.9896619433183,28.9648590453057,28.9350878965987,28.9747809016303,28.98470182842,28.8854507011395,28.7513138236853,28.8407573086651,28.7413709858727,28.5721994035508,28.8059827210337,28.930125224438,29.009500080336,28.930125224438,28.9102722087998,28.9003443043406,28.8407573086651,28.9003443043406,28.8308228788658,28.7960450239002,28.7811367266903,28.8953800028402,28.9797414812012,29.0491652125642,28.9251623196095,28.9747809016303,28.9648590453057,29.1383575173713,28.9896619433183,29.0144590341043,28.8606233696602,28.8159194843254,28.7960450239002,28.6717449129776,28.6269610479519,28.7165097979839,28.6269610479519,28.5771789090283,28.646867332668,28.6717449129776,28.6568190680113,28.7513138236853,28.7562848918599,28.8109512193939,28.5921160160095,28.5721994035508,28.5572594772178,28.6916427592519,28.7761668270904,28.6816943046293,28.61202887113,28.3927804716586,28.327915175609,28.1530789428139,28.0930681351701,28.0180064083215,27.9929739096901,27.837639044803,27.8426534379831,27.8476675914376,27.6268176187712,27.6820737710463
29.2818986463425,29.2818986463425,29.1581678438823,29.1631198473796,29.0144590341043,28.8159194843254,28.9896619433183,29.3412382437518,29.1234973434636,29.1878763976491,28.9499745173891,28.9350878965987,29.1086350865945,29.4894424120718,29.3610107447515,29.0739483820717,29.2027275551628,29.3115725896136,29.6817996485765,29.3560679644938,29.5239936805482,29.4845056002677,29.5141230346309,29.4894424120718,29.3016821965364,29.2769521827709,29.0293345027462,28.9896619433183,29.0590791758805,29.3461817140249,29.4400639777012,29.4795685592941,29.0888155024772,29.2621114091025,29.1135894037099,28.915235811822,28.9698200896756,29.0541223101622,29.0937707459177,29.2917908821956,29.2917908821956,29.5437322255563,30.0360111882413,29.9180712669515,29.8196883661623,29.3214620616761,29.3165174407562,29.2472685603494,29.3511249542619,29.3906625985796,29.7064357210951,30.4771311594754,31.2423278962263,31.2617525234662,31.0235595103858,30.1881578577246,30.001625495435,29.967228730348,29.8098450842037,29.5585337318094,29.4054854233555,29.8295307397771,30.501584646145,30.5846848369351,30.9700151977068,30.7409344645536,30.2469952894203,30.2567983841477,30.0556551883126,30.7653279576147,30.4526720961226,29.8934840441875,29.5338634107745,29.6571578775531,29.7015089622882,29.9033196129721,29.9082370574946,29.9229880319466,29.8984019418799,30.1636327091878,30.3009012058606,29.7359914914735,29.7261404787557,30.0851144200226,30.2126773856944,30.5064746746021,30.2371912968375,29.8246096664975,29.7261404787557,29.7212146309145,29.7162885553777,30.045833639664,29.8147668387412,29.7359914914735,29.7803097858312,29.6325104041979,29.6522288391912,30.0310996239144,29.7359914914735,29.4104259055781,29.1284509661644,29.4993153482952,29.795078457589,30.1489149206362,30.1145655354327,29.7507663035967,29.7901557942818,29.7064357210951,29.6620866878218,29.6374403552393,29.8098450842037,29.6620866878218,29.667015270028,29.6472995727053,29.7704628680627,29.671943624202,29.9229880319466,29.7655390681081,29.5930625764153,29.5634671097716,29.2027275551628,29.2225258655088,29.0392503216033,29.1779744708596,29.4746312891203,29.9967123499873,29.6423700780649,29.5289286601073,29.4746312891203,29.3758377059907,29.242320482823,28.9698200896756,28.9598977684891,28.9648590453057,29.0937707459177,29.217576634222,29.4203061811547,29.7458415937754,29.3362945434113,29.2076774790804,29.385721197515,29.1433104459398,28.9201991820813,28.8357902104004,28.9201991820813,28.915235811822,29.3214620616761,29.775386440627,29.7704628680627,29.795078457589,29.6522288391912,29.5831983351633,29.7113622521147,29.5930625764153,29.5831983351633,29.3956037698873,29.3610107447515,29.1779744708596,29.1433104459398,29.1977774003059,29.3115725896136,29.3511249542619,29.2621114091025,29.4203061811547,29.3461817140249,29.3264064524046,29.3362945434113,28.9995814762791,28.9995814762791,28.8953800028402,28.8904154684503,28.940050336123,29.0342925281775,28.9598977684891,29.1135894037099,28.9747809016303,29.009500080336,28.8854507011395,29.0293345027462,28.9598977684891,29.0590791758805,29.1383575173713,28.98470182842,28.9549362591941,28.8705550013636,28.8953800028402,28.7363992161709,28.5522790316995,28.6269610479519,28.7413709858727,28.8606233696602,29.0541223101622,29.0144590341043,28.8109512193939,28.6717449129776,28.7811367266903,28.8010139892131,28.8804857008759,28.7711966938393,28.9549362591941,28.915235811822,28.9450125430426,28.9747809016303,28.8506908055119,29.0541223101622,28.9698200896756,29.009500080336,29.1086350865945,28.9053083729833,28.8755204676278,28.7363992161709,28.7612557262559,28.6219838903298,28.6020729131087,28.3129405866768,28.372826172538,28.5771789090283,28.5970945819598,28.5323548983997,28.6568190680113,28.6866686490532,28.9549362591941,28.915235811822,28.6866686490532,28.5572594772178,28.6966166352573,28.7115368584326,28.6717449129776,28.5771789090283,28.4027562043539,28.2829850186196,28.0880656878123,28.1530789428139,28.0180064083215,27.8526815051994,27.8526815051994,27.7272616770383,27.8576951793018,27.7373007876777,27.7122012073196
29.2917908821956,29.0590791758805,28.9946218259274,28.7861063926706,28.7513138236853,28.7910758250633,28.8059827210337,29.0392503216033,29.1234973434636,29.1334043574566,29.1482631431937,28.9499745173891,28.9549362591941,29.3362945434113,29.1631198473796,29.0541223101622,29.044207883055,29.1581678438823,29.4894424120718,29.8196883661623,29.8049231025195,29.8541327014066,30.0360111882413,29.5239936805482,29.2868448794737,28.9053083729833,28.7910758250633,28.8059827210337,28.7612557262559,28.98470182842,29.3313506129726,29.173023160837,29.3807795666623,29.3066275082174,29.103680537945,28.8655893020517,28.9648590453057,28.9698200896756,29.0739483820717,29.370895615469,29.3906625985796,29.5437322255563,29.6374403552393,29.8984019418799,29.6916547611904,29.3016821965364,29.2818986463425,29.4252459745708,29.4153661581674,29.6078572246797,29.844292597587,30.0163635761093,30.6042284760713,30.3449858725725,30.0065384149177,29.9524838675562,30.4526720961226,30.7262957111938,29.9623140023007,29.5634671097716,29.785232903706,29.8196883661623,29.927904570493,29.9819715575531,30.094932359983,30.0360111882413,30.2126773856944,29.5979943542878,29.449941499166,30.4624563909023,30.2420934053758,29.8934840441875,29.6423700780649,29.5239936805482,29.7261404787557,30.05074452682,29.5979943542878,29.8934840441875,29.9131542754777,29.9033196129721,29.8147668387412,29.6867273188382,29.7556907859056,29.8688911556633,29.7556907859056,29.9967123499873,30.0851144200226,29.7901557942818,29.9131542754777,29.7212146309145,29.9623140023007,29.8049231025195,29.7261404787557,29.4400639777012,29.217576634222,29.103680537945,29.3115725896136,29.4104259055781,29.1532156091641,28.9450125430426,29.0144590341043,29.4943789947374,29.7655390681081,29.9917989785445,29.972143232219,29.972143232219,30.0310996239144,30.1391019363398,30.1341951065232,29.9475684607986,29.8541327014066,29.9180712669515,29.8984019418799,29.6177191814719,29.5831983351633,29.5091873682112,29.671943624202,29.3758377059907,29.4993153482952,29.5881305700507,29.3313506129726,29.2720054887278,29.3362945434113,29.3264064524046,29.370895615469,29.6768717503746,29.785232903706,29.4696937897153,29.4647560610483,29.0243762452778,28.9350878965987,29.0541223101622,29.2472685603494,29.2522164072173,29.3165174407562,29.2522164072173,29.083860027377,29.4153661581674,29.103680537945,28.98470182842,29.1878763976491,29.3807795666623,29.2076774790804,28.9499745173891,28.8854507011395,29.0293345027462,29.2472685603494,29.6029259036991,29.6177191814719,29.5585337318094,29.3956037698873,29.6374403552393,29.6522288391912,29.370895615469,29.3758377059907,29.5141230346309,29.4647560610483,29.2126271720896,29.2076774790804,28.930125224438,29.0342925281775,29.1086350865945,29.1185434893225,29.1135894037099,28.8506908055119,28.8953800028402,28.9003443043406,28.9450125430426,28.8755204676278,28.9003443043406,28.9003443043406,29.0888155024772,29.1829255497865,29.1878763976491,29.1779744708596,29.1779744708596,29.2720054887278,29.0590791758805,28.9698200896756,29.019417755741,29.227474865981,29.217576634222,29.1284509661644,28.9499745173891,28.7612557262559,28.7363992161709,28.6170064980665,28.5223914205637,28.5672196631112,28.7264549750173,28.915235811822,28.9598977684891,28.915235811822,28.6916427592519,28.6568190680113,28.7413709858727,28.7363992161709,28.8804857008759,28.8755204676278,28.8755204676278,28.9747809016303,28.8258553140296,28.9896619433183,28.9698200896756,28.9995814762791,29.0640358097506,28.9797414812012,28.9251623196095,29.0392503216033,28.9747809016303,28.5622396876777,28.6717449129776,28.7761668270904,28.7861063926706,28.5921160160095,28.3628476055947,28.61202887113,28.6269610479519,28.61202887113,28.5821581795757,28.6717449129776,28.666769865686,28.676719725948,28.6418911132907,28.4227048373089,28.5423174353593,28.5273732771074,28.6518433175642,28.497478607949,28.4576058629756,28.342887635646,28.1580782977234,28.0930681351701,27.8476675914376,27.8476675914376,27.7674123504958,27.812563481855,27.8175790741614,27.5363354978248,27.6870956122065
29.7261404787557,29.2373721746069,29.1334043574566,28.8357902104004,28.6170064980665,28.7960450239002,28.9251623196095,28.7761668270904,29.1383575173713,29.1928270144785,28.9350878965987,28.940050336123,28.9698200896756,29.0392503216033,29.2818986463425,29.385721197515,29.3165174407562,29.1829255497865,29.6472995727053,29.8049231025195,29.5338634107745,29.4054854233555,29.6571578775531,29.2769521827709,29.1977774003059,29.009500080336,28.8159194843254,28.8208875158601,29.0937707459177,28.98470182842,29.1829255497865,29.1383575173713,29.2126271720896,29.5141230346309,29.2868448794737,28.9598977684891,29.0491652125642,29.1086350865945,29.227474865981,29.1928270144785,29.3807795666623,29.5782658717225,29.5930625764153,30.0556551883126,29.9082370574946,29.671943624202,29.5289286601073,29.3758377059907,29.7015089622882,30.1881578577246,30.0114511084659,29.9868853810766,30.4869132231383,30.2028702487351,29.8639718977337,29.9917989785445,29.8344515860316,30.3449858725725,30.3498830491376,30.3547800018646,30.0409225268145,29.5979943542878,29.8098450842037,29.8000008936581,29.6029259036991,30.05074452682,30.4331008277436,29.6078572246797,29.4450028531419,30.0851144200226,30.0998409918593,29.6472995727053,29.3066275082174,29.7261404787557,29.9819715575531,30.045833639664,30.0065384149177,30.0409225268145,29.9573990480468,29.8787289912069,29.8246096664975,29.5239936805482,29.6472995727053,29.4647560610483,29.5585337318094,29.5486662897325,29.9967123499873,30.1292880515541,29.9917989785445,29.6620866878218,29.6177191814719,29.4696937897153,29.8000008936581,29.8196883661623,29.4104259055781,29.2076774790804,29.4104259055781,29.4153661581674,28.98470182842,29.0937707459177,29.3412382437518,29.5141230346309,29.7064357210951,29.8393722052915,29.775386440627,29.6522288391912,29.7901557942818,29.967228730348,29.972143232219,29.9573990480468,29.8344515860316,29.7704628680627,29.8393722052915,29.6768717503746,29.5930625764153,29.3807795666623,29.4301855384466,29.7655390681081,29.5930625764153,29.5289286601073,29.3610107447515,29.1977774003059,29.1086350865945,29.3659532950663,29.2076774790804,29.3313506129726,29.9917989785445,29.8295307397771,29.2373721746069,28.8655893020517,28.7960450239002,28.8904154684503,29.4746312891203,29.6571578775531,29.6423700780649,29.2670585641821,29.0045408944048,29.2670585641821,29.23242363567,28.9747809016303,29.0987257577298,29.1581678438823,29.3560679644938,29.5289286601073,29.3362945434113,29.103680537945,29.1433104459398,29.3313506129726,29.775386440627,29.3659532950663,29.2868448794737,29.3906625985796,29.3659532950663,29.3807795666623,29.4153661581674,29.5042514727762,29.3758377059907,29.2027275551628,29.1878763976491,29.242320482823,29.0293345027462,29.0590791758805,28.9995814762791,28.9598977684891,28.940050336123,28.9201991820813,28.8705550013636,29.0045408944048,29.0045408944048,28.9946218259274,29.0937707459177,29.1928270144785,29.1928270144785,29.0293345027462,28.9450125430426,28.9499745173891,28.9747809016303,29.0342925281775,29.1977774003059,29.400544711469,29.2967366545395,29.173023160837,28.9995814762791,28.9946218259274,28.9102722087998,28.6219838903298,28.6219838903298,28.61202887113,28.6170064980665,28.6269610479519,28.9499745173891,28.8407573086651,28.9251623196095,28.8407573086651,28.7214825035015,28.8904154684503,28.7960450239002,28.8705550013636,28.8904154684503,28.9003443043406,28.9896619433183,28.9698200896756,28.98470182842,28.9995814762791,29.1680716196875,29.3115725896136,29.1234973434636,29.044207883055,28.9350878965987,29.0243762452778,28.9549362591941,28.7662263269051,28.676719725948,28.8308228788658,28.8407573086651,28.61202887113,28.5970945819598,28.5921160160095,28.607051009488,28.646867332668,28.8854507011395,28.8655893020517,28.9698200896756,28.8258553140296,28.7214825035015,28.5672196631112,28.6319379709646,28.7513138236853,28.5921160160095,28.4875118350172,28.1780733411736,28.0780600787342,28.0730569169481,27.9529094959747,27.8627086137778,27.8977959483549,27.8677218086608,27.7222417610001,27.7222417610001,27.7975152652541
29.400544711469,29.6374403552393,29.0590791758805,28.9797414812012,28.9946218259274,28.8109512193939,28.8407573086651,28.8407573086651,28.9946218259274,28.8506908055119,28.7711966938393,28.930125224438,29.019417755741,29.0342925281775,29.1779744708596,29.385721197515,29.1581678438823,29.2225258655088,29.4795685592941,29.6275802249099,29.3560679644938,29.4054854233555,29.3511249542619,29.1581678438823,29.1581678438823,29.0689922118039,28.6568190680113,28.930125224438,28.9598977684891,28.8159194843254,29.103680537945,29.1878763976491,29.1680716196875,29.0491652125642,29.1284509661644,29.2225258655088,29.0342925281775,29.019417755741,28.9946218259274,29.1829255497865,29.3659532950663,29.6325104041979,29.5979943542878,29.6226498173448,29.844292597587,29.4746312891203,29.5387979325806,29.6916547611904,29.8984019418799,29.9033196129721,29.6620866878218,29.7704628680627,30.2126773856944,30.2273864061603,30.0065384149177,30.0065384149177,29.9967123499873,30.0261878338035,30.4037372245722,30.3302929995506,30.0065384149177,30.2666005812584,29.795078457589,29.5437322255563,29.4351248728131,29.4795685592941,29.6226498173448,29.4400639777012,28.9003443043406,29.3511249542619,30.2764018809912,29.9868853810766,29.8738101868109,29.972143232219,30.6726032155034,30.4184200315594,30.1881578577246,30.1341951065232,29.9377369683613,29.7704628680627,29.7606150407326,29.4943789947374,29.5831983351633,29.5091873682112,29.370895615469,29.5585337318094,29.9868853810766,29.8098450842037,29.7359914914735,29.6226498173448,30.0261878338035,29.967228730348,29.8590524129916,29.7606150407326,29.5979943542878,29.217576634222,29.1878763976491,29.4054854233555,30.0409225268145,30.158727004683,29.9082370574946,29.7113622521147,29.6571578775531,29.6472995727053,29.6325104041979,29.4845056002677,29.4943789947374,29.4450028531419,29.795078457589,29.7655390681081,30.0900235027141,29.6620866878218,29.8196883661623,29.6916547611904,29.8393722052915,29.385721197515,29.4351248728131,29.4845056002677,29.4351248728131,29.4894424120718,29.4104259055781,29.1631198473796,29.0739483820717,29.2769521827709,29.3313506129726,29.3560679644938,29.7606150407326,29.9967123499873,29.5733331796973,28.9648590453057,29.1135894037099,29.1928270144785,29.667015270028,29.9180712669515,29.4203061811547,29.400544711469,29.257164023458,29.2868448794737,29.2670585641821,28.7165097979839,28.7065636848157,28.9053083729833,29.0739483820717,29.227474865981,29.3659532950663,29.103680537945,29.2027275551628,29.0937707459177,29.5684002590573,29.55360012514,29.2076774790804,29.217576634222,29.3362945434113,29.3362945434113,29.5091873682112,29.5930625764153,29.5585337318094,29.5684002590573,29.4153661581674,29.3956037698873,29.2126271720896,29.1928270144785,29.1928270144785,29.0293345027462,28.9201991820813,28.9698200896756,29.0640358097506,29.009500080336,29.1878763976491,29.0689922118039,29.2472685603494,29.3511249542619,29.3016821965364,29.1878763976491,28.7612557262559,28.676719725948,28.5970945819598,28.7711966938393,29.0293345027462,29.1532156091641,29.0144590341043,28.98470182842,28.9946218259274,28.915235811822,28.7513138236853,28.6816943046293,28.7314272125631,28.7513138236853,28.6170064980665,28.6170064980665,28.6617945840412,28.7960450239002,28.8705550013636,28.8804857008759,28.8208875158601,28.7761668270904,28.7562848918599,28.7413709858727,28.7562848918599,28.8606233696602,28.8506908055119,28.8457241736917,28.940050336123,28.9797414812012,29.1234973434636,29.1631198473796,29.0739483820717,28.9995814762791,28.9102722087998,29.0045408944048,29.0144590341043,28.7662263269051,28.7363992161709,28.6966166352573,28.6966166352573,28.6269610479519,28.4775441200496,28.4725599092219,28.3678370072086,28.4725599092219,28.5572594772178,28.7214825035015,28.8705550013636,28.8804857008759,28.8159194843254,28.8457241736917,28.6966166352573,28.6269610479519,28.5174093287365,28.3778151016153,28.342887635646,28.0880656878123,28.0930681351701,27.9028074670123,27.8526815051994,27.8526815051994,27.8576951793018,27.8025315774346,27.6971385722891,27.5463929314253
29.4450028531419,29.5979943542878,29.4894424120718,29.044207883055,29.2720054887278,28.9450125430426,28.9549362591941,29.009500080336,29.217576634222,28.7463425217002,28.9201991820813,28.9350878965987,29.009500080336,28.9598977684891,29.0590791758805,29.0689922118039,29.1234973434636,29.2868448794737,29.5930625764153,29.3264064524046,29.4943789947374,29.5239936805482,29.0491652125642,29.009500080336,29.3066275082174,28.9797414812012,28.8308228788658,28.7363992161709,28.8059827210337,28.9648590453057,29.103680537945,29.5387979325806,29.4252459745708,29.1135894037099,29.1779744708596,29.2027275551628,29.1680716196875,29.0293345027462,29.2818986463425,29.257164023458,29.1185434893225,29.4746312891203,29.3461817140249,29.4993153482952,29.844292597587,29.6177191814719,29.6029259036991,29.7359914914735,29.6325104041979,29.6275802249099,29.7113622521147,29.7212146309145,30.0163635761093,30.3743655749854,30.6237685583967,30.1734434433101,30.0556551883126,30.045833639664,30.364573235923,30.0310996239144,30.158727004683,30.1145655354327,29.9475684607986,29.5930625764153,29.1086350865945,29.1878763976491,29.083860027377,29.4252459745708,29.7704628680627,29.6177191814719,30.6628380601376,30.2862022835847,30.80434603868,30.6823674833107,30.8969572963862,30.5700247722933,30.6970122213627,30.197966343171,29.9475684607986,29.8246096664975,29.5042514727762,29.5289286601073,29.7901557942818,29.5733331796973,29.3758377059907,29.2670585641821,29.8049231025195,29.8098450842037,29.9573990480468,29.844292597587,30.1440085410342,30.3694695173139,30.1391019363398,29.8639718977337,29.5091873682112,29.4054854233555,29.4104259055781,29.6078572246797,29.8541327014066,29.5190584720663,29.4845056002677,29.370895615469,29.449941499166,29.3264064524046,29.3511249542619,29.3956037698873,29.3511249542619,29.6423700780649,29.4845056002677,29.3115725896136,29.8639718977337,29.8738101868109,29.8295307397771,29.6965819756635,30.0703858191111,29.8787289912069,29.8541327014066,29.7704628680627,29.7064357210951,29.7803097858312,29.8000008936581,29.4153661581674,29.009500080336,29.257164023458,29.23242363567,29.400544711469,29.3313506129726,29.8492127629486,30.2028702487351,29.7556907859056,29.1334043574566,29.5239936805482,29.4943789947374,29.1581678438823,28.915235811822,28.8208875158601,28.8208875158601,29.2720054887278,29.7409166564112,29.23242363567,28.9598977684891,28.8953800028402,29.0689922118039,29.2126271720896,29.2225258655088,29.3016821965364,29.4548799158045,29.4894424120718,29.6768717503746,29.8836475688813,29.6817996485765,29.4993153482952,29.5289286601073,29.5141230346309,29.4746312891203,29.4450028531419,29.5091873682112,29.4795685592941,29.4301855384466,29.385721197515,29.385721197515,29.242320482823,29.257164023458,29.1135894037099,29.1185434893225,29.2225258655088,29.0987257577298,29.1928270144785,29.2917908821956,29.2225258655088,29.3066275082174,29.2027275551628,29.2126271720896,29.2720054887278,29.0541223101622,28.7662263269051,28.7861063926706,29.0144590341043,29.044207883055,29.3066275082174,29.0541223101622,28.9350878965987,28.9598977684891,28.8357902104004,28.8953800028402,28.8655893020517,28.8655893020517,28.7413709858727,28.7165097979839,28.7562848918599,28.8010139892131,28.646867332668,28.8606233696602,28.7463425217002,28.7612557262559,28.7463425217002,28.7910758250633,28.8010139892131,28.7910758250633,28.7711966938393,28.8357902104004,28.8457241736917,29.1680716196875,29.0739483820717,29.009500080336,29.0293345027462,28.9896619433183,28.9896619433183,28.9747809016303,28.8457241736917,28.8308228788658,28.8407573086651,28.8010139892131,28.5921160160095,28.7115368584326,28.7363992161709,28.6020729131087,28.4476353203531,28.3678370072086,28.5472983510907,28.5771789090283,28.497478607949,28.7612557262559,28.7910758250633,28.6219838903298,28.8457241736917,28.8407573086651,28.7463425217002,28.7165097979839,28.5024616412321,28.1630774149815,28.1130755441568,28.0380281127715,27.9679354426974,28.0530418873914,27.8777474797793,27.8326244118639,27.7975152652541,27.6870956122065,27.6921172126096
29.7310660989319,29.4696937897153,29.6226498173448,29.4301855384466,29.1581678438823,29.1631198473796,29.1631198473796,29.1779744708596,29.3659532950663,29.0640358097506,28.9450125430426,28.7314272125631,29.1829255497865,29.2670585641821,29.0640358097506,29.083860027377,29.2769521827709,29.2917908821956,29.5042514727762,29.400544711469,29.5042514727762,29.3610107447515,29.3511249542619,29.2868448794737,29.0342925281775,29.019417755741,28.8556572041575,28.8357902104004,28.8556572041575,29.103680537945,29.0987257577298,29.4301855384466,29.4301855384466,29.2076774790804,29.3313506129726,29.3313506129726,28.9698200896756,29.3906625985796,29.4104259055781,29.019417755741,29.2225258655088,29.1135894037099,29.1135894037099,29.3362945434113,29.6078572246797,29.7359914914735,29.6127883172604,29.7162885553777,29.4943789947374,29.6325104041979,29.7064357210951,29.4598181030883,29.7212146309145,30.158727004683,30.1832532777823,30.1832532777823,30.1783484729875,29.7803097858312,29.8738101868109,30.3841570192894,30.8238497718738,30.1685381887201,29.775386440627,29.6029259036991,29.4696937897153,29.2126271720896,29.2373721746069,29.4203061811547,30.0360111882413,29.9377369683613,31.1208446966917,30.3547800018646,30.80434603868,30.5602502833811,30.2960017892775,29.9524838675562,30.40863171704,29.9524838675562,29.8295307397771,29.8393722052915,29.7212146309145,29.4598181030883,29.8000008936581,29.9623140023007,29.55360012514,29.3758377059907,29.6177191814719,29.972143232219,29.8196883661623,29.8492127629486,30.0261878338035,30.4379939797648,30.4624563909023,30.4624563909023,30.1145655354327,29.9131542754777,29.9180712669515,30.1930622128441,30.1440085410342,29.5091873682112,29.3610107447515,29.2917908821956,29.4943789947374,29.1185434893225,29.2868448794737,29.3214620616761,29.242320482823,29.4746312891203,29.4746312891203,29.4746312891203,29.6817996485765,29.9082370574946,29.8934840441875,29.8590524129916,29.8836475688813,29.8196883661623,29.7212146309145,29.671943624202,29.775386440627,29.6522288391912,29.3758377059907,29.3115725896136,29.2670585641821,29.2472685603494,29.3956037698873,29.6275802249099,29.785232903706,29.967228730348,29.8196883661623,29.9328208826212,30.3106993666494,29.6325104041979,29.1680716196875,29.0491652125642,29.103680537945,28.9499745173891,28.8159194843254,29.083860027377,29.7409166564112,29.8885659198648,29.6177191814719,29.5190584720663,29.1581678438823,29.2076774790804,29.3758377059907,29.3758377059907,29.4795685592941,29.6768717503746,29.5585337318094,29.4845056002677,29.4943789947374,29.5338634107745,29.5289286601073,29.5338634107745,29.6423700780649,29.4845056002677,29.2225258655088,29.2225258655088,28.9946218259274,28.9698200896756,28.98470182842,29.227474865981,29.1680716196875,29.242320482823,29.2225258655088,29.2720054887278,29.4104259055781,29.4153661581674,29.5782658717225,29.5831983351633,29.4104259055781,29.3115725896136,29.2076774790804,29.3412382437518,29.3214620616761,29.4054854233555,29.4153661581674,29.3906625985796,29.4993153482952,29.6029259036991,29.4845056002677,29.1878763976491,28.9698200896756,28.7264549750173,28.7363992161709,28.7165097979839,28.7761668270904,28.7065636848157,28.7314272125631,29.0541223101622,28.9896619433183,29.0640358097506,29.1581678438823,29.009500080336,29.0293345027462,28.8705550013636,28.9598977684891,28.9549362591941,29.0243762452778,28.9648590453057,29.0243762452778,29.019417755741,28.9003443043406,28.8854507011395,29.0888155024772,28.9946218259274,29.0739483820717,28.8258553140296,28.7513138236853,28.9201991820813,28.8208875158601,28.8606233696602,28.7165097979839,28.7015902771012,28.7165097979839,28.7363992161709,28.8159194843254,28.6617945840412,28.6170064980665,28.6418911132907,28.7065636848157,28.6866686490532,28.7612557262559,28.8407573086651,28.7711966938393,28.7562848918599,28.6617945840412,28.7513138236853,28.5074444391028,28.497478607949,28.1630774149815,28.1730749366739,28.1530789428139,27.892784190336,27.9378813982687,27.8827599560813,27.8476675914376,27.7874819207868,27.8175790741614,27.6921172126096
29.3610107447515,29.3659532950663,29.385721197515,29.385721197515,29.449941499166,29.2818986463425,29.3214620616761,29.4647560610483,29.173023160837,28.9549362591941,28.7314272125631,28.8457241736917,29.0640358097506,28.9598977684891,28.930125224438,29.0640358097506,29.3461817140249,29.23242363567,29.2967366545395,29.4054854233555,29.400544711469,29.7606150407326,29.9082370574946,29.6177191814719,29.1581678438823,28.6717449129776,28.6518433175642,28.9003443043406,29.4894424120718,29.1185434893225,28.9648590453057,29.2868448794737,29.4746312891203,29.6127883172604,29.7606150407326,29.6226498173448,29.1631198473796,29.4104259055781,29.4054854233555,29.2818986463425,28.9598977684891,28.8059827210337,29.2373721746069,29.5042514727762,29.5289286601073,29.9573990480468,29.9573990480468,29.6325104041979,29.3560679644938,29.2076774790804,29.3560679644938,29.6374403552393,29.9377369683613,30.001625495435,29.972143232219,30.2028702487351,30.0360111882413,29.5486662897325,29.8590524129916,30.1636327091878,30.3939475690725,29.8590524129916,29.4450028531419,29.4696937897153,29.3511249542619,29.8147668387412,29.6127883172604,29.2076774790804,29.5141230346309,30.158727004683,30.9651462128213,30.2911021485288,29.972143232219,30.2960017892775,30.197966343171,29.5634671097716,29.9426528277437,29.5239936805482,29.2621114091025,29.5881305700507,29.8196883661623,30.1145655354327,29.8098450842037,29.8049231025195,29.6965819756635,29.4894424120718,29.7507663035967,29.8344515860316,29.7113622521147,29.6817996485765,29.6571578775531,29.6867273188382,29.4795685592941,29.2126271720896,29.385721197515,29.227474865981,28.9499745173891,28.9499745173891,29.3412382437518,29.23242363567,29.2373721746069,29.3511249542619,29.6374403552393,29.2225258655088,29.4054854233555,29.5387979325806,29.3362945434113,29.0888155024772,29.217576634222,29.5141230346309,29.6867273188382,29.6177191814719,29.8590524129916,29.6078572246797,29.6620866878218,29.7556907859056,29.5930625764153,29.5042514727762,29.6916547611904,29.5387979325806,29.927904570493,30.0703858191111,29.6029259036991,29.6275802249099,29.8984019418799,29.9131542754777,30.3743655749854,30.5553627050914,30.3155981109145,30.0114511084659,29.9623140023007,30.1881578577246,29.6522288391912,28.9549362591941,28.9450125430426,28.9450125430426,29.0937707459177,29.2868448794737,29.4746312891203,29.2225258655088,28.9598977684891,29.1631198473796,29.4054854233555,29.400544711469,29.6522288391912,29.1928270144785,29.2027275551628,29.1135894037099,29.1334043574566,29.2769521827709,29.3906625985796,29.5239936805482,29.5881305700507,29.6177191814719,29.2917908821956,29.8344515860316,29.6522288391912,29.1482631431937,28.9698200896756,28.9747809016303,28.9797414812012,28.98470182842,29.1631198473796,29.2373721746069,29.2967366545395,29.2472685603494,29.2818986463425,29.4104259055781,29.3659532950663,29.3313506129726,29.0590791758805,29.3066275082174,29.083860027377,29.2126271720896,29.2373721746069,29.3214620616761,29.3115725896136,29.370895615469,29.4104259055781,29.5190584720663,29.4845056002677,29.5486662897325,29.1928270144785,28.915235811822,28.9648590453057,28.7463425217002,28.7413709858727,28.6418911132907,28.6617945840412,28.8804857008759,29.0491652125642,29.2868448794737,29.0888155024772,29.1334043574566,29.2126271720896,28.9747809016303,28.9698200896756,28.9549362591941,29.0243762452778,29.0342925281775,29.1383575173713,29.1433104459398,29.0541223101622,29.0392503216033,28.9003443043406,28.9747809016303,28.9698200896756,28.7065636848157,28.5423174353593,28.8159194843254,28.7314272125631,28.7015902771012,28.8059827210337,28.7065636848157,28.7065636848157,28.7015902771012,28.7861063926706,28.7115368584326,28.7314272125631,28.7711966938393,28.6816943046293,28.7015902771012,28.646867332668,28.8258553140296,28.6866686490532,28.7662263269051,28.7612557262559,28.6369146594003,28.3528680933838,28.332906232122,28.3179323529188,27.9979808867536,27.9128297863749,27.8727347639835,28.0180064083215,27.8326244118639,27.812563481855,27.7322813525865,27.7523576505433,27.6569609527223
29.4943789947374,29.0987257577298,28.9648590453057,29.400544711469,29.6226498173448,29.4795685592941,29.0045408944048,29.1482631431937,28.9747809016303,28.8407573086651,28.9549362591941,29.0937707459177,28.940050336123,28.8109512193939,28.9598977684891,29.2868448794737,29.3807795666623,29.2769521827709,29.2076774790804,29.4746312891203,29.4696937897153,29.5141230346309,29.9917989785445,29.8000008936581,29.257164023458,28.9946218259274,28.8705550013636,28.9896619433183,29.242320482823,29.2670585641821,29.2818986463425,29.6522288391912,29.775386440627,29.4993153482952,29.4450028531419,29.6916547611904,29.4252459745708,29.3313506129726,29.3906625985796,29.3115725896136,29.1234973434636,29.2967366545395,29.4746312891203,29.6423700780649,29.7064357210951,29.8492127629486,29.8492127629486,29.2917908821956,29.2967366545395,29.2076774790804,29.4548799158045,29.6867273188382,30.2273864061603,30.109657579554,30.1194732660389,29.9229880319466,29.6817996485765,29.4104259055781,29.2967366545395,29.8049231025195,29.9917989785445,29.5141230346309,29.3956037698873,29.2818986463425,29.1581678438823,29.4104259055781,29.8049231025195,29.7606150407326,29.5733331796973,29.9426528277437,30.7458136060084,30.6139989617178,30.2960017892775,29.9328208826212,29.8246096664975,29.6867273188382,29.8344515860316,29.3461817140249,29.2621114091025,29.7409166564112,30.109657579554,29.5782658717225,29.7212146309145,29.5881305700507,29.6226498173448,29.3956037698873,29.5930625764153,29.8393722052915,29.9475684607986,29.8393722052915,29.9328208826212,29.6374403552393,29.0937707459177,29.1829255497865,29.9229880319466,29.6177191814719,28.9499745173891,28.9499745173891,29.2126271720896,29.0342925281775,29.2027275551628,29.5733331796973,29.4203061811547,29.0739483820717,29.0789043205857,29.3165174407562,29.4450028531419,29.2225258655088,29.0689922118039,29.4993153482952,29.6571578775531,29.6029259036991,29.5289286601073,29.7901557942818,29.5289286601073,29.7359914914735,29.7310660989319,29.5387979325806,29.5930625764153,29.3511249542619,29.4104259055781,29.2967366545395,29.1383575173713,29.242320482823,29.4203061811547,29.6423700780649,29.785232903706,30.0556551883126,29.8049231025195,29.785232903706,29.6965819756635,29.5289286601073,29.6472995727053,29.3659532950663,29.0789043205857,29.0789043205857,29.1928270144785,29.2126271720896,29.3165174407562,29.4746312891203,29.2868448794737,29.103680537945,29.4104259055781,29.3758377059907,29.6768717503746,29.4351248728131,29.2076774790804,29.0888155024772,29.1928270144785,29.370895615469,29.7015089622882,29.5338634107745,29.7409166564112,29.6423700780649,29.5930625764153,29.5782658717225,29.5979943542878,29.4696937897153,29.227474865981,29.2076774790804,29.1433104459398,29.1185434893225,29.217576634222,29.2670585641821,29.23242363567,29.1977774003059,29.2373721746069,29.1928270144785,29.217576634222,29.2917908821956,29.3362945434113,29.2076774790804,29.2126271720896,29.0590791758805,29.0937707459177,29.2769521827709,29.0789043205857,29.4104259055781,29.5042514727762,29.4252459745708,29.217576634222,29.1135894037099,29.0640358097506,28.9499745173891,28.9053083729833,28.8953800028402,28.7413709858727,28.8755204676278,28.940050336123,28.9499745173891,29.2868448794737,29.2818986463425,29.2720054887278,29.1284509661644,29.1779744708596,29.1433104459398,29.1135894037099,29.1482631431937,29.1631198473796,29.173023160837,29.1135894037099,29.1284509661644,28.9251623196095,28.8556572041575,28.9350878965987,28.940050336123,29.0293345027462,28.7513138236853,28.7065636848157,28.7711966938393,28.7214825035015,28.8109512193939,28.8705550013636,28.7861063926706,28.5921160160095,28.7065636848157,28.5970945819598,28.7264549750173,28.7413709858727,28.6369146594003,28.7264549750173,28.7214825035015,28.8010139892131,28.6816943046293,28.7065636848157,28.7015902771012,28.7065636848157,28.6020729131087,28.347877982722,28.2630099036222,28.1680762946208,28.0730569169481,27.8827599560813,27.8677218086608,28.0029876251156,27.8175790741614,27.8175790741614,27.812563481855,27.6670068026902,27.7071805696107
29.3659532950663,29.3115725896136,28.9747809016303,28.8258553140296,29.3016821965364,29.6127883172604,28.9797414812012,28.8804857008759,28.9549362591941,29.0342925281775,28.8755204676278,29.2967366545395,29.173023160837,29.0541223101622,29.3511249542619,29.9033196129721,29.1928270144785,29.173023160837,29.3214620616761,29.3264064524046,29.3066275082174,29.5585337318094,29.7015089622882,29.6965819756635,29.4993153482952,29.23242363567,28.8854507011395,28.9747809016303,29.5486662897325,30.0900235027141,29.6226498173448,29.3313506129726,29.5190584720663,29.3511249542619,29.5091873682112,29.9426528277437,29.7606150407326,29.3461817140249,29.1234973434636,28.9797414812012,28.9747809016303,28.9003443043406,29.1383575173713,29.2967366545395,29.5387979325806,29.6867273188382,29.8590524129916,29.1581678438823,29.0590791758805,29.0640358097506,29.1928270144785,29.4351248728131,29.7606150407326,29.9229880319466,29.9475684607986,29.5190584720663,29.5289286601073,29.55360012514,29.5585337318094,29.927904570493,29.7113622521147,29.3016821965364,29.3906625985796,29.4943789947374,29.4054854233555,29.4104259055781,29.7113622521147,29.9180712669515,29.7901557942818,30.0310996239144,31.0186929451471,30.9018293658896,30.3547800018646,30.0409225268145,30.0065384149177,30.1783484729875,30.1930622128441,29.671943624202,29.385721197515,30.2175806171496,29.7212146309145,29.5585337318094,29.9328208826212,29.927904570493,30.0851144200226,29.9377369683613,29.9426528277437,30.2371912968375,29.9426528277437,29.8246096664975,30.0163635761093,29.6275802249099,28.915235811822,28.8457241736917,29.1433104459398,29.3906625985796,29.242320482823,29.1581678438823,28.9698200896756,28.8506908055119,28.8556572041575,29.1234973434636,29.0243762452778,28.9201991820813,29.0243762452778,29.1779744708596,29.3214620616761,29.3016821965364,29.2720054887278,29.4203061811547,29.9819715575531,29.5831983351633,29.5338634107745,29.7064357210951,29.5190584720663,29.5437322255563,29.7409166564112,29.5091873682112,29.5289286601073,29.3412382437518,28.9946218259274,29.242320482823,29.3264064524046,29.3214620616761,29.1185434893225,29.2472685603494,29.5387979325806,29.6620866878218,29.7901557942818,29.5338634107745,29.0541223101622,29.2522164072173,29.7212146309145,29.5141230346309,29.0789043205857,28.9102722087998,29.2373721746069,29.1234973434636,29.2868448794737,29.667015270028,29.3165174407562,29.3362945434113,29.4104259055781,29.5733331796973,29.5733331796973,29.8049231025195,29.3758377059907,29.1631198473796,29.1334043574566,29.3758377059907,29.8000008936581,29.8344515860316,29.8541327014066,29.8541327014066,29.5930625764153,29.55360012514,29.6127883172604,29.3214620616761,29.23242363567,29.3214620616761,29.3659532950663,29.5289286601073,29.5585337318094,29.5141230346309,29.4054854233555,29.227474865981,29.1829255497865,29.1878763976491,29.2917908821956,29.0342925281775,29.0243762452778,29.0045408944048,29.0392503216033,29.1977774003059,29.0392503216033,29.0491652125642,29.2126271720896,29.2917908821956,29.5979943542878,29.7261404787557,29.5733331796973,29.1878763976491,29.083860027377,29.1878763976491,29.019417755741,28.9450125430426,28.8606233696602,28.7562848918599,28.7463425217002,29.083860027377,29.3313506129726,29.7113622521147,29.5289286601073,29.2373721746069,29.1680716196875,29.1334043574566,29.1532156091641,29.2917908821956,29.1977774003059,29.2720054887278,29.2621114091025,29.0789043205857,29.044207883055,28.9698200896756,28.9251623196095,29.009500080336,29.044207883055,29.019417755741,28.8904154684503,28.8159194843254,28.7363992161709,28.8804857008759,28.8059827210337,28.676719725948,28.6916427592519,28.7314272125631,28.6916427592519,28.7015902771012,28.7463425217002,28.6369146594003,28.8159194843254,28.7662263269051,28.8357902104004,28.8655893020517,28.5970945819598,28.6219838903298,28.4875118350172,28.4725599092219,28.3828037944729,28.332906232122,28.0079941248089,28.253020924455,28.0180064083215,28.0280177375547,28.0230121922066,28.0330230443987,27.8977959483549,27.8576951793018,27.8075476496238,27.7423199823454
29.9524838675562,29.5486662897325,29.2225258655088,29.0640358097506,29.0640358097506,29.2967366545395,29.019417755741,29.0640358097506,29.2670585641821,29.103680537945,29.0739483820717,29.3313506129726,29.3461817140249,29.3412382437518,29.5437322255563,29.8196883661623,29.370895615469,29.0243762452778,29.2769521827709,29.3511249542619,29.3906625985796,29.6867273188382,30.2960017892775,29.9131542754777,29.2621114091025,28.9350878965987,29.1482631431937,29.2522164072173,29.5239936805482,30.0310996239144,30.0163635761093,29.6620866878218,29.6127883172604,29.5042514727762,29.7212146309145,30.0310996239144,29.6817996485765,29.3066275082174,29.1185434893225,28.8506908055119,28.7960450239002,28.9350878965987,29.1284509661644,29.2868448794737,29.5437322255563,30.045833639664,29.9377369683613,29.5141230346309,28.9003443043406,29.1234973434636,29.1383575173713,29.0937707459177,29.242320482823,29.6078572246797,29.4845056002677,29.4104259055781,29.5585337318094,29.0937707459177,29.2621114091025,29.5585337318094,29.5091873682112,29.5338634107745,29.4993153482952,29.4943789947374,29.4943789947374,29.2670585641821,29.4153661581674,30.1685381887201,30.3106993666494,30.0310996239144,30.364573235923,30.7506925260126,30.3449858725725,29.8344515860316,29.8196883661623,29.8295307397771,29.7704628680627,29.4993153482952,29.400544711469,29.9623140023007,29.5486662897325,29.5437322255563,29.9426528277437,30.2813021944153,30.2616995948902,30.2862022835847,30.4673482035432,30.0802051118783,29.7162885553777,29.7310660989319,29.7310660989319,29.5141230346309,29.1284509661644,29.083860027377,29.3758377059907,29.7556907859056,29.3758377059907,28.7065636848157,28.8258553140296,29.217576634222,29.0045408944048,29.1334043574566,28.9946218259274,28.9450125430426,28.9797414812012,28.98470182842,29.1135894037099,29.4104259055781,29.103680537945,29.217576634222,29.7212146309145,29.6472995727053,29.6817996485765,29.8492127629486,29.4450028531419,29.5338634107745,29.6029259036991,28.9797414812012,29.0888155024772,29.083860027377,28.8059827210337,28.8159194843254,28.9549362591941,29.1680716196875,29.1482631431937,29.0937707459177,29.3758377059907,29.2621114091025,29.3115725896136,29.5239936805482,29.5930625764153,29.5289286601073,29.4548799158045,29.6817996485765,29.1086350865945,28.8010139892131,28.9450125430426,29.2472685603494,29.2126271720896,29.2373721746069,29.4153661581674,29.3313506129726,29.1928270144785,29.3956037698873,29.8049231025195,29.8098450842037,29.3412382437518,29.1234973434636,29.0739483820717,29.0590791758805,29.1680716196875,29.2818986463425,29.2868448794737,29.2818986463425,29.2868448794737,29.257164023458,29.2720054887278,29.2967366545395,29.3016821965364,29.1977774003059,29.1433104459398,29.2917908821956,29.449941499166,29.4548799158045,29.2917908821956,29.1928270144785,29.2670585641821,29.2225258655088,29.3560679644938,29.1829255497865,28.9053083729833,29.0144590341043,29.2868448794737,29.2472685603494,29.2225258655088,29.23242363567,29.1928270144785,29.1284509661644,29.2522164072173,29.2076774790804,29.2769521827709,29.2225258655088,29.1829255497865,29.0739483820717,29.1878763976491,29.2126271720896,28.8854507011395,28.7711966938393,28.9598977684891,28.940050336123,28.8904154684503,29.0640358097506,29.1086350865945,29.0789043205857,29.009500080336,29.0739483820717,29.009500080336,29.242320482823,29.2720054887278,29.242320482823,29.2670585641821,29.1482631431937,29.0144590341043,28.9102722087998,28.9797414812012,28.915235811822,28.9648590453057,28.9251623196095,28.8159194843254,28.8109512193939,28.7214825035015,28.7811367266903,28.8010139892131,28.8208875158601,28.7015902771012,28.7165097979839,28.7463425217002,28.7015902771012,28.7413709858727,28.8506908055119,28.6369146594003,28.8059827210337,28.8208875158601,28.9450125430426,28.7960450239002,28.5572594772178,28.7214825035015,28.6617945840412,28.5721994035508,28.2630099036222,28.1730749366739,28.0230121922066,28.0130003858666,27.892784190336,27.9479003691149,27.9178405871461,27.8476675914376,27.7423199823454,27.6770516890958,27.9328715542163
30.1341951065232,30.2175806171496,29.55360012514,29.1135894037099,29.019417755741,28.9201991820813,28.9201991820813,28.9747809016303,29.3758377059907,29.242320482823,29.2769521827709,29.4301855384466,29.4894424120718,29.3461817140249,29.5634671097716,29.8147668387412,29.2126271720896,29.1185434893225,29.3016821965364,29.8393722052915,29.9426528277437,29.9573990480468,29.6867273188382,29.1086350865945,29.1829255497865,29.2076774790804,29.1086350865945,28.7662263269051,28.8655893020517,29.8934840441875,29.8984019418799,30.0261878338035,29.8787289912069,29.6916547611904,29.671943624202,29.795078457589,29.7655390681081,29.2621114091025,28.8457241736917,28.7413709858727,28.5921160160095,28.7861063926706,28.8308228788658,29.1433104459398,29.5289286601073,29.8295307397771,29.7015089622882,29.7803097858312,29.0541223101622,29.044207883055,29.1383575173713,28.9747809016303,29.1532156091641,29.4351248728131,29.2373721746069,29.1581678438823,29.5239936805482,28.9896619433183,29.1284509661644,29.5585337318094,29.2818986463425,29.7704628680627,29.4993153482952,29.2818986463425,29.2720054887278,29.2225258655088,29.257164023458,30.0360111882413,30.5749116829746,29.6867273188382,30.305800398308,30.5504749042066,29.9033196129721,30.094932359983,30.0654758344281,29.8147668387412,29.4993153482952,29.667015270028,29.6275802249099,29.5239936805482,29.400544711469,29.2769521827709,29.9573990480468,30.1881578577246,29.9573990480468,29.9475684607986,30.0802051118783,29.4203061811547,29.5338634107745,29.7261404787557,29.7310660989319,29.3016821965364,29.0293345027462,29.5042514727762,29.5091873682112,29.2621114091025,29.0937707459177,28.8059827210337,29.1680716196875,29.671943624202,29.1878763976491,29.044207883055,28.8904154684503,28.8804857008759,28.9896619433183,28.9053083729833,28.8953800028402,29.2720054887278,29.6965819756635,29.23242363567,29.3659532950663,29.6768717503746,29.671943624202,29.5634671097716,29.257164023458,29.55360012514,29.55360012514,28.9747809016303,29.0937707459177,28.9946218259274,28.8159194843254,28.8804857008759,28.9747809016303,29.1086350865945,29.449941499166,29.6127883172604,29.3214620616761,29.0491652125642,29.044207883055,28.9995814762791,29.3165174407562,29.2126271720896,29.2027275551628,29.3807795666623,29.5141230346309,29.0243762452778,28.8109512193939,28.7314272125631,28.9747809016303,29.3016821965364,29.7162885553777,29.385721197515,29.1581678438823,28.8953800028402,29.23242363567,29.8098450842037,29.795078457589,29.4993153482952,29.1433104459398,29.2769521827709,29.2769521827709,29.2720054887278,29.3214620616761,29.1433104459398,29.2225258655088,29.4943789947374,29.2076774790804,29.0590791758805,29.1284509661644,29.2818986463425,29.4301855384466,29.4301855384466,29.2027275551628,29.0888155024772,29.2126271720896,29.2621114091025,29.3264064524046,29.4203061811547,29.2967366545395,29.2670585641821,28.940050336123,28.9350878965987,29.4054854233555,29.2027275551628,29.242320482823,29.2076774790804,29.1977774003059,29.019417755741,29.044207883055,29.2670585641821,29.0293345027462,29.0491652125642,29.044207883055,28.8904154684503,29.1680716196875,29.1977774003059,29.0739483820717,28.8357902104004,28.7761668270904,28.9350878965987,29.0640358097506,29.1433104459398,29.0789043205857,29.0392503216033,28.9995814762791,28.9549362591941,29.0243762452778,28.9797414812012,29.257164023458,29.2126271720896,29.2670585641821,29.1779744708596,29.0144590341043,28.9251623196095,28.9251623196095,28.9251623196095,28.9598977684891,28.9896619433183,28.9003443043406,28.7314272125631,28.8407573086651,28.7413709858727,28.8506908055119,28.7413709858727,28.6219838903298,28.7065636848157,28.666769865686,28.676719725948,28.666769865686,28.7115368584326,28.7065636848157,28.7115368584326,28.7662263269051,28.7115368584326,28.6518433175642,28.5323548983997,28.5273732771074,28.6219838903298,28.7612557262559,28.3778151016153,28.332906232122,27.9929739096901,27.9729436137625,27.9178405871461,27.892784190336,27.8977959483549,27.837639044803,27.8526815051994,27.7724301033211,27.6670068026902
29.7064357210951,30.5211434227513,30.1243807714027,29.217576634222,28.915235811822,28.9499745173891,28.9251623196095,28.5024616412321,28.6369146594003,29.1779744708596,29.242320482823,29.5042514727762,29.9180712669515,29.8147668387412,29.9082370574946,29.5091873682112,29.23242363567,29.1829255497865,29.385721197515,29.4203061811547,29.5979943542878,29.3214620616761,28.9251623196095,29.1829255497865,29.1185434893225,29.2818986463425,29.1135894037099,28.8506908055119,28.8655893020517,29.3165174407562,29.4746312891203,29.4301855384466,29.667015270028,30.3498830491376,29.671943624202,29.6177191814719,29.6275802249099,29.0144590341043,28.9747809016303,28.9251623196095,28.7612557262559,28.7910758250633,28.8755204676278,29.2373721746069,29.5782658717225,29.3165174407562,29.257164023458,29.8147668387412,29.3016821965364,29.3362945434113,29.1532156091641,29.0590791758805,29.0392503216033,28.9995814762791,29.1581678438823,29.2868448794737,29.5289286601073,29.5091873682112,29.2818986463425,29.2720054887278,29.2027275551628,29.1383575173713,28.9995814762791,29.2818986463425,29.2720054887278,29.2670585641821,29.400544711469,30.0212758178786,30.3694695173139,29.6817996485765,29.4301855384466,30.1636327091878,29.795078457589,30.2028702487351,30.1489149206362,30.0360111882413,29.3807795666623,29.4153661581674,29.5881305700507,29.671943624202,29.3066275082174,29.3016821965364,29.5831983351633,29.8984019418799,29.9524838675562,29.7162885553777,29.7458415937754,29.5437322255563,29.7409166564112,29.6768717503746,29.173023160837,29.3066275082174,29.0590791758805,29.2769521827709,29.7901557942818,29.4696937897153,29.2076774790804,29.0342925281775,29.1086350865945,29.2126271720896,29.1185434893225,28.930125224438,28.8655893020517,28.6866686490532,28.8854507011395,29.0045408944048,28.9946218259274,29.1779744708596,29.217576634222,29.0392503216033,29.2720054887278,29.4054854233555,29.4301855384466,29.4450028531419,29.2670585641821,29.6078572246797,29.7261404787557,29.1977774003059,29.0937707459177,28.7960450239002,28.5074444391028,28.6219838903298,28.7861063926706,28.7711966938393,28.8308228788658,29.2027275551628,29.0888155024772,28.940050336123,28.930125224438,28.7910758250633,29.3659532950663,29.4598181030883,29.217576634222,29.4351248728131,30.2175806171496,29.6472995727053,29.1581678438823,29.1532156091641,29.0689922118039,28.9003443043406,29.0987257577298,29.4054854233555,29.0987257577298,28.8904154684503,28.9053083729833,29.083860027377,29.6127883172604,29.4795685592941,29.4548799158045,29.5437322255563,29.5239936805482,29.5239936805482,29.5141230346309,29.3214620616761,29.0739483820717,29.1234973434636,29.1581678438823,29.0293345027462,29.0789043205857,29.1680716196875,29.2670585641821,29.2225258655088,29.2126271720896,29.3461817140249,29.1433104459398,29.1383575173713,29.1185434893225,29.1185434893225,29.0689922118039,29.019417755741,28.9499745173891,28.9896619433183,29.1878763976491,29.2522164072173,29.1284509661644,29.2522164072173,29.257164023458,29.1334043574566,28.915235811822,29.257164023458,29.1234973434636,29.1878763976491,29.1631198473796,28.8854507011395,28.8854507011395,29.0342925281775,29.2027275551628,29.0243762452778,28.8655893020517,28.8854507011395,28.8854507011395,29.044207883055,29.2967366545395,29.0144590341043,29.0293345027462,28.8904154684503,28.7214825035015,28.9003443043406,29.019417755741,29.217576634222,29.1581678438823,29.1977774003059,28.9350878965987,29.0342925281775,28.9995814762791,28.9896619433183,28.9896619433183,28.9251623196095,28.9946218259274,29.044207883055,28.9896619433183,29.019417755741,28.8357902104004,28.6319379709646,28.537336284473,28.5273732771074,28.5323548983997,28.5970945819598,28.5622396876777,28.6916427592519,28.6717449129776,28.7761668270904,28.7811367266903,28.8258553140296,28.6617945840412,28.482528095304,28.4326777380859,28.5024616412321,28.6369146594003,28.6617945840412,28.327915175609,28.14807935022,27.9929739096901,27.9779515459613,27.892784190336,27.9228511486881,27.9879666938923,27.8175790741614,27.7523576505433,27.7824648884334
29.370895615469,30.6091138300302,30.4331008277436,29.6275802249099,28.9698200896756,28.9797414812012,29.1532156091641,28.8308228788658,28.5970945819598,28.9747809016303,29.1928270144785,29.5684002590573,29.8246096664975,29.5733331796973,29.5733331796973,29.5782658717225,29.1433104459398,29.0888155024772,29.1086350865945,29.2720054887278,29.370895615469,29.2522164072173,29.1977774003059,29.217576634222,29.1779744708596,29.1234973434636,29.3264064524046,29.083860027377,29.1135894037099,29.0739483820717,28.9698200896756,29.1284509661644,29.4943789947374,30.0163635761093,29.9033196129721,29.7606150407326,29.3906625985796,29.0640358097506,29.1581678438823,29.083860027377,28.7761668270904,28.8357902104004,29.1433104459398,29.5733331796973,29.5634671097716,29.0888155024772,29.0045408944048,29.3511249542619,29.7064357210951,29.3115725896136,29.3165174407562,29.2769521827709,29.1581678438823,29.0045408944048,29.4746312891203,29.4450028531419,29.7310660989319,29.7212146309145,29.2769521827709,29.1532156091641,28.9450125430426,29.1532156091641,29.4153661581674,29.4696937897153,29.9426528277437,30.0261878338035,29.8098450842037,29.6325104041979,30.1881578577246,30.1685381887201,29.8885659198648,29.9229880319466,30.0409225268145,30.094932359983,30.0409225268145,30.001625495435,29.4894424120718,29.4746312891203,30.001625495435,29.8344515860316,29.173023160837,28.9450125430426,29.3016821965364,29.55360012514,30.1881578577246,30.197966343171,30.1538210751758,29.7409166564112,29.9082370574946,29.6620866878218,29.1779744708596,29.2670585641821,29.2917908821956,29.0243762452778,29.4252459745708,29.400544711469,29.400544711469,29.019417755741,29.1829255497865,29.227474865981,29.1532156091641,29.1284509661644,28.8606233696602,28.9102722087998,29.370895615469,29.2126271720896,28.98470182842,28.9946218259274,29.2225258655088,29.1086350865945,29.0987257577298,29.3610107447515,29.4548799158045,29.4943789947374,29.4252459745708,29.5782658717225,29.8639718977337,29.5338634107745,29.1928270144785,29.0888155024772,28.8010139892131,28.7015902771012,28.8904154684503,28.9946218259274,29.0689922118039,29.2818986463425,29.2868448794737,29.083860027377,28.7910758250633,28.7960450239002,29.1284509661644,29.4647560610483,29.2720054887278,29.1878763976491,29.1779744708596,29.0491652125642,29.044207883055,29.385721197515,29.4894424120718,29.227474865981,29.0243762452778,29.2818986463425,29.400544711469,29.400544711469,29.1977774003059,29.0888155024772,29.2769521827709,29.6078572246797,29.7064357210951,29.370895615469,29.3560679644938,29.3610107447515,29.4845056002677,29.2818986463425,29.1581678438823,29.0739483820717,29.0888155024772,29.3066275082174,29.227474865981,29.1631198473796,29.2027275551628,29.044207883055,29.0937707459177,29.1779744708596,29.1135894037099,29.1284509661644,28.9251623196095,28.9896619433183,28.9251623196095,28.8705550013636,28.8258553140296,28.7960450239002,28.9797414812012,29.4104259055781,29.5338634107745,29.400544711469,29.23242363567,29.2621114091025,29.2818986463425,29.3115725896136,29.3016821965364,29.2868448794737,29.2522164072173,29.1433104459398,28.9003443043406,28.9450125430426,28.9648590453057,29.2076774790804,29.0789043205857,29.0243762452778,29.1086350865945,29.0789043205857,29.0243762452778,29.103680537945,28.9450125430426,28.940050336123,28.8953800028402,28.8606233696602,28.9747809016303,28.9747809016303,29.1680716196875,29.1581678438823,29.1185434893225,29.0789043205857,29.0144590341043,29.0987257577298,29.009500080336,29.0342925281775,29.0342925281775,29.0144590341043,29.2225258655088,29.3560679644938,29.0937707459177,28.98470182842,28.7662263269051,28.7662263269051,28.5223914205637,28.6269610479519,28.7612557262559,28.6866686490532,28.6219838903298,28.7612557262559,28.7115368584326,28.7811367266903,28.5771789090283,28.607051009488,28.482528095304,28.5223914205637,28.8010139892131,28.6319379709646,28.327915175609,28.4027562043539,28.14807935022,28.0880656878123,27.9679354426974,27.9128297863749,27.8476675914376,27.8727347639835,27.8175790741614,27.7473389366228
29.1977774003059,30.2175806171496,30.5846848369351,30.2273864061603,29.4153661581674,29.2126271720896,29.0987257577298,29.2472685603494,28.8407573086651,28.8506908055119,29.1334043574566,29.1383575173713,29.7409166564112,29.6768717503746,29.5782658717225,29.9475684607986,29.3511249542619,29.2769521827709,29.2621114091025,29.4252459745708,29.3659532950663,29.4104259055781,30.0261878338035,29.6078572246797,29.1086350865945,29.1581678438823,29.0640358097506,28.9450125430426,29.103680537945,29.1234973434636,28.9698200896756,29.1433104459398,29.2373721746069,29.5042514727762,29.9082370574946,30.001625495435,29.7212146309145,29.8787289912069,29.9868853810766,29.4301855384466,29.2868448794737,29.5091873682112,29.5930625764153,29.7113622521147,29.4746312891203,29.242320482823,29.2967366545395,29.7113622521147,30.5064746746021,30.6286530234468,29.8049231025195,29.2720054887278,29.0293345027462,29.1532156091641,29.4153661581674,29.5239936805482,29.8246096664975,29.4696937897153,28.9946218259274,29.2621114091025,28.9450125430426,29.2670585641821,29.4301855384466,29.4351248728131,29.5979943542878,29.7901557942818,29.7704628680627,29.9328208826212,30.4526720961226,30.3351908478087,30.5602502833811,30.7214156836447,29.9819715575531,30.848224466452,30.7116549637269,30.2322889637756,29.8492127629486,29.6522288391912,29.8098450842037,29.4696937897153,29.3560679644938,29.0243762452778,29.2027275551628,29.7655390681081,30.1832532777823,30.045833639664,29.9131542754777,29.5338634107745,30.1930622128441,29.6374403552393,29.3313506129726,29.3214620616761,29.2670585641821,29.1977774003059,29.0689922118039,29.0243762452778,29.0144590341043,28.9598977684891,29.2126271720896,29.1878763976491,29.0640358097506,29.0987257577298,28.8904154684503,28.9797414812012,28.9102722087998,29.1334043574566,28.9946218259274,28.98470182842,28.9946218259274,29.103680537945,29.217576634222,29.3758377059907,29.5831983351633,29.4795685592941,29.2967366545395,29.4301855384466,29.8295307397771,29.4993153482952,29.2126271720896,28.8804857008759,28.676719725948,28.8208875158601,29.1234973434636,29.2373721746069,29.0590791758805,29.4400639777012,29.6226498173448,29.173023160837,29.0293345027462,28.9102722087998,29.1581678438823,29.4647560610483,29.6275802249099,29.3807795666623,29.4943789947374,29.5782658717225,29.6078572246797,29.400544711469,29.5239936805482,29.3906625985796,29.0293345027462,29.1383575173713,29.4153661581674,29.5239936805482,29.6522288391912,29.5881305700507,29.3461817140249,29.3758377059907,29.7015089622882,29.5289286601073,29.3560679644938,29.1185434893225,29.3115725896136,29.5239936805482,29.4943789947374,29.3560679644938,29.4795685592941,29.7162885553777,29.4548799158045,29.227474865981,29.0392503216033,28.940050336123,29.0293345027462,29.1433104459398,29.1680716196875,29.0541223101622,29.1482631431937,29.1532156091641,28.9251623196095,28.7662263269051,28.7960450239002,29.0293345027462,29.3956037698873,29.8984019418799,29.8787289912069,29.5387979325806,29.7310660989319,29.3115725896136,29.019417755741,29.1680716196875,29.3461817140249,29.3313506129726,29.009500080336,28.9251623196095,28.98470182842,28.98470182842,28.9747809016303,28.98470182842,28.915235811822,29.0392503216033,29.0689922118039,29.0541223101622,29.1135894037099,29.1482631431937,29.009500080336,28.9201991820813,28.915235811822,28.8606233696602,29.1977774003059,29.1878763976491,29.1928270144785,29.3313506129726,29.242320482823,29.173023160837,29.1234973434636,29.1482631431937,29.217576634222,29.2225258655088,29.2126271720896,29.0640358097506,29.0789043205857,29.2967366545395,29.0937707459177,28.9747809016303,28.9797414812012,28.9698200896756,28.9450125430426,28.930125224438,28.930125224438,28.7314272125631,28.6717449129776,28.8258553140296,28.7513138236853,28.9201991820813,28.8407573086651,28.61202887113,28.4625907807171,28.537336284473,28.8407573086651,28.8556572041575,28.5024616412321,28.347877982722,28.0930681351701,28.1030723156867,27.8426534379831,27.9579183838364,27.8827599560813,27.8175790741614,27.8075476496238,27.7523576505433
28.6717449129776,29.3560679644938,30.5944571012223,30.6286530234468,30.0654758344281,29.1234973434636,29.1977774003059,29.0789043205857,28.9450125430426,28.8755204676278,28.9747809016303,29.3165174407562,29.5437322255563,29.7901557942818,29.7113622521147,29.5684002590573,29.5684002590573,29.2917908821956,29.4301855384466,29.5979943542878,29.8393722052915,29.8492127629486,29.6423700780649,29.3115725896136,29.0590791758805,28.930125224438,28.930125224438,29.1135894037099,29.0888155024772,28.9896619433183,28.8208875158601,29.1135894037099,29.2126271720896,29.7556907859056,30.4673482035432,29.8787289912069,29.4993153482952,29.2027275551628,29.3956037698873,29.385721197515,29.242320482823,29.3412382437518,29.3758377059907,29.7064357210951,29.7261404787557,29.400544711469,29.385721197515,30.0261878338035,30.9894889364131,31.5962788911772,30.6530720169788,30.3400884721394,29.4054854233555,29.4450028531419,29.4054854233555,29.1234973434636,29.0491652125642,29.5042514727762,29.3313506129726,29.4746312891203,29.6226498173448,29.23242363567,29.4351248728131,29.4153661581674,29.3511249542619,29.7458415937754,29.7359914914735,29.8738101868109,30.7945928455984,30.5406986345341,29.9917989785445,30.1930622128441,29.9180712669515,30.5602502833811,30.7262957111938,30.5162540628758,29.9524838675562,30.0605656241719,29.8590524129916,29.3511249542619,29.7113622521147,29.370895615469,29.55360012514,29.671943624202,29.8688911556633,29.6522288391912,29.9475684607986,30.0163635761093,30.05074452682,29.7409166564112,29.5239936805482,29.5289286601073,29.257164023458,29.0789043205857,29.2126271720896,28.7711966938393,28.9102722087998,28.9102722087998,28.930125224438,29.0491652125642,28.9797414812012,28.940050336123,29.0045408944048,28.9549362591941,29.1532156091641,28.98470182842,28.9995814762791,28.8755204676278,28.7662263269051,28.7463425217002,29.083860027377,29.2868448794737,29.3956037698873,29.4400639777012,29.0491652125642,29.2967366545395,29.8246096664975,29.5338634107745,29.1928270144785,28.8953800028402,28.5423174353593,28.8258553140296,29.3066275082174,29.3115725896136,29.103680537945,29.2126271720896,29.3807795666623,29.5338634107745,29.3313506129726,29.0491652125642,29.1482631431937,29.3362945434113,29.775386440627,29.6374403552393,30.0605656241719,29.6423700780649,29.083860027377,29.0491652125642,29.5239936805482,29.5585337318094,29.3066275082174,29.1532156091641,29.4795685592941,29.55360012514,29.4795685592941,29.3659532950663,29.5486662897325,29.5733331796973,29.5387979325806,29.5239936805482,29.5634671097716,29.1829255497865,29.1383575173713,29.1928270144785,29.4598181030883,29.7261404787557,29.5881305700507,29.5733331796973,29.4548799158045,29.4993153482952,29.4598181030883,29.2126271720896,29.2621114091025,29.0342925281775,29.23242363567,29.1284509661644,28.9995814762791,29.173023160837,28.930125224438,28.9995814762791,28.6916427592519,28.7960450239002,29.5338634107745,29.9131542754777,29.8934840441875,29.667015270028,29.5338634107745,29.5338634107745,29.217576634222,28.8556572041575,28.9549362591941,29.2621114091025,29.3659532950663,29.2126271720896,28.9598977684891,29.0045408944048,28.9450125430426,28.8457241736917,29.0491652125642,28.930125224438,29.0739483820717,29.1631198473796,29.1433104459398,29.0243762452778,28.9648590453057,28.9450125430426,28.7115368584326,28.6816943046293,29.0590791758805,29.3016821965364,29.2126271720896,29.2126271720896,29.1977774003059,29.2621114091025,29.2769521827709,29.2076774790804,29.242320482823,29.257164023458,29.23242363567,29.4054854233555,29.3560679644938,29.3659532950663,29.2472685603494,29.2472685603494,29.1284509661644,29.1284509661644,29.1433104459398,29.1334043574566,28.9698200896756,28.9251623196095,28.9102722087998,28.8010139892131,28.9102722087998,28.8804857008759,28.8457241736917,28.5871372152255,28.5223914205637,28.6916427592519,28.8755204676278,29.0987257577298,28.5622396876777,28.4077437165986,28.0880656878123,28.1430795199092,28.0930681351701,27.9128297863749,27.812563481855,27.8075476496238,27.8075476496238,27.8225944265762
28.5721994035508,28.6617945840412,29.4993153482952,30.6872492844533,30.3009012058606,29.3956037698873,29.1234973434636,29.1334043574566,29.2472685603494,29.1581678438823,28.9747809016303,29.083860027377,29.7803097858312,29.9377369683613,29.7704628680627,29.3659532950663,29.4252459745708,29.3659532950663,29.7507663035967,29.9573990480468,29.5979943542878,29.3956037698873,29.4993153482952,29.3214620616761,28.9350878965987,28.930125224438,29.0987257577298,29.2076774790804,29.1532156091641,29.0243762452778,29.1383575173713,29.227474865981,29.5239936805482,29.5733331796973,29.8738101868109,29.5684002590573,29.0987257577298,29.0987257577298,29.3956037698873,29.5684002590573,29.2076774790804,28.9896619433183,29.1829255497865,29.3412382437518,29.370895615469,28.98470182842,29.2027275551628,29.5437322255563,30.2911021485288,31.6011195019845,31.5527036512639,31.392777454158,29.9229880319466,29.4301855384466,29.3264064524046,28.940050336123,28.930125224438,29.5486662897325,29.3511249542619,29.3511249542619,29.6620866878218,29.5634671097716,29.3016821965364,29.3560679644938,29.3758377059907,29.4647560610483,29.6029259036991,29.7261404787557,30.4820223028257,30.6872492844533,30.2764018809912,30.2813021944153,29.9475684607986,29.7606150407326,29.7606150407326,29.9868853810766,29.9819715575531,29.5091873682112,29.7901557942818,29.6620866878218,30.1243807714027,30.2960017892775,30.0360111882413,30.0065384149177,30.7165354344988,30.5406986345341,30.0065384149177,29.9180712669515,29.9082370574946,29.1977774003059,29.3313506129726,29.5733331796973,29.3313506129726,29.2076774790804,29.0590791758805,29.0342925281775,28.9102722087998,28.8208875158601,28.8953800028402,29.0045408944048,28.8854507011395,29.009500080336,28.98470182842,28.9648590453057,29.0342925281775,29.0392503216033,29.0888155024772,28.9995814762791,28.8755204676278,28.8804857008759,28.9946218259274,29.2126271720896,29.3165174407562,29.227474865981,29.2967366545395,29.5684002590573,29.8688911556633,29.2967366545395,28.8904154684503,28.6369146594003,28.5472983510907,28.7314272125631,28.9499745173891,29.0392503216033,29.1383575173713,29.3511249542619,29.103680537945,29.242320482823,29.5387979325806,29.400544711469,29.0491652125642,29.0739483820717,29.6472995727053,29.7803097858312,29.6374403552393,29.242320482823,28.7711966938393,29.0541223101622,29.1829255497865,29.2126271720896,29.370895615469,29.0342925281775,29.2670585641821,29.5190584720663,29.5091873682112,29.1234973434636,29.257164023458,29.3115725896136,29.257164023458,29.2868448794737,29.4598181030883,29.5684002590573,29.5486662897325,29.4598181030883,29.2126271720896,29.3264064524046,29.4647560610483,29.5979943542878,29.4746312891203,29.4598181030883,29.4548799158045,29.2472685603494,29.1334043574566,29.083860027377,29.0243762452778,29.0541223101622,29.0590791758805,29.1829255497865,29.2373721746069,29.2126271720896,29.083860027377,29.1878763976491,29.5338634107745,29.7261404787557,29.4054854233555,29.370895615469,29.4054854233555,29.2818986463425,29.1334043574566,28.7363992161709,28.8556572041575,28.8953800028402,29.1234973434636,29.2522164072173,29.2225258655088,28.8904154684503,28.9053083729833,28.9499745173891,28.8159194843254,29.0491652125642,28.9946218259274,29.0689922118039,29.1680716196875,29.0045408944048,29.019417755741,28.8953800028402,28.9350878965987,28.8109512193939,29.242320482823,30.1341951065232,29.4400639777012,29.23242363567,29.242320482823,29.2225258655088,29.2868448794737,29.8049231025195,29.8147668387412,29.4351248728131,29.2917908821956,29.8344515860316,30.094932359983,29.6423700780649,29.4054854233555,29.3461817140249,29.2670585641821,29.4696937897153,29.4696937897153,29.1284509661644,28.930125224438,28.9350878965987,28.8953800028402,28.7513138236853,28.7065636848157,28.6816943046293,28.7761668270904,28.6020729131087,28.6170064980665,28.6717449129776,28.9251623196095,28.9499745173891,28.676719725948,28.4276914056455,28.1580782977234,28.0930681351701,28.0880656878123,27.8827599560813,27.9228511486881,27.9178405871461,27.7724301033211,27.812563481855
28.5672196631112,28.5672196631112,29.173023160837,30.0703858191111,30.6237685583967,29.8492127629486,29.4054854233555,29.4351248728131,29.3758377059907,29.2126271720896,29.2076774790804,28.9648590453057,29.4153661581674,30.0261878338035,29.8000008936581,29.7803097858312,29.7458415937754,29.6374403552393,29.4252459745708,29.4203061811547,29.3758377059907,29.217576634222,29.5387979325806,29.5930625764153,29.103680537945,28.9350878965987,29.0888155024772,29.1234973434636,29.217576634222,29.1334043574566,29.1482631431937,29.4696937897153,29.4993153482952,29.2818986463425,29.1928270144785,29.5930625764153,29.4993153482952,29.2522164072173,29.5338634107745,29.7261404787557,29.1631198473796,29.0342925281775,29.2225258655088,29.0243762452778,29.044207883055,28.9549362591941,29.2769521827709,29.5042514727762,29.8984019418799,30.9700151977068,31.3491201318989,32.425704846047,30.3988425085929,29.370895615469,29.3115725896136,29.4203061811547,28.9698200896756,29.2967366545395,29.23242363567,29.1383575173713,29.5782658717225,29.5831983351633,29.4301855384466,29.4548799158045,29.370895615469,29.2868448794737,29.3412382437518,29.7901557942818,30.1440085410342,31.1208446966917,31.1743141577429,30.7506925260126,30.3302929995506,29.7655390681081,29.7606150407326,30.1832532777823,29.6374403552393,29.4351248728131,29.6078572246797,30.0360111882413,30.0900235027141,30.05074452682,30.1734434433101,29.8738101868109,30.2862022835847,29.6078572246797,29.775386440627,29.785232903706,30.5260325598254,29.5141230346309,29.3115725896136,29.5289286601073,29.5486662897325,29.0541223101622,28.915235811822,29.0541223101622,29.1581678438823,29.1433104459398,29.1383575173713,28.9747809016303,28.9747809016303,29.173023160837,28.9896619433183,29.1680716196875,29.0590791758805,29.0293345027462,29.0590791758805,28.8804857008759,29.0739483820717,28.8804857008759,28.8804857008759,29.0491652125642,29.2076774790804,29.1185434893225,29.1334043574566,29.6768717503746,29.4993153482952,29.3016821965364,28.9698200896756,28.8953800028402,28.666769865686,28.6518433175642,28.6816943046293,28.8159194843254,29.1631198473796,29.55360012514,29.2472685603494,29.23242363567,29.8590524129916,30.0163635761093,29.3264064524046,29.3165174407562,29.4696937897153,29.6522288391912,29.1680716196875,28.9698200896756,28.676719725948,29.009500080336,29.4054854233555,29.8246096664975,29.8590524129916,29.671943624202,29.2670585641821,29.3214620616761,29.1284509661644,29.1234973434636,29.1284509661644,29.3659532950663,29.2818986463425,29.1878763976491,29.1928270144785,29.2027275551628,29.5437322255563,29.4400639777012,29.1581678438823,28.940050336123,29.3362945434113,29.4746312891203,29.4351248728131,29.3016821965364,29.217576634222,29.2076774790804,29.2720054887278,29.1878763976491,28.9946218259274,29.0243762452778,28.9797414812012,29.1135894037099,29.1779744708596,29.1334043574566,29.1433104459398,29.400544711469,29.5437322255563,29.6325104041979,29.7359914914735,29.5387979325806,29.5486662897325,29.5289286601073,29.2522164072173,29.1284509661644,29.083860027377,29.1433104459398,29.083860027377,29.1086350865945,29.2522164072173,28.98470182842,28.8258553140296,29.0342925281775,28.9499745173891,29.044207883055,29.0987257577298,29.1779744708596,29.2225258655088,29.1284509661644,28.9201991820813,28.8755204676278,28.8804857008759,28.8953800028402,29.3807795666623,30.0556551883126,29.6275802249099,29.3807795666623,29.2027275551628,29.019417755741,29.2076774790804,30.4477796139247,32.3343924077173,31.3782269729805,29.785232903706,29.7606150407326,30.2077739295662,29.6374403552393,29.4548799158045,29.385721197515,29.3362945434113,29.3264064524046,29.4746312891203,29.173023160837,28.9698200896756,28.9450125430426,28.8804857008759,28.8109512193939,28.8655893020517,28.7413709858727,28.8258553140296,28.6170064980665,28.4526207095317,28.7065636848157,28.6717449129776,28.8556572041575,28.9053083729833,28.5672196631112,28.1630774149815,28.0530418873914,27.982959239327,27.9078187463413,27.9579183838364,27.8175790741614,27.8326244118639,27.812563481855
28.7264549750173,28.6319379709646,28.7612557262559,29.0640358097506,30.109657579554,30.3743655749854,29.8590524129916,29.4054854233555,29.4203061811547,29.370895615469,29.2472685603494,29.1680716196875,28.9797414812012,29.7409166564112,29.8196883661623,29.6029259036991,29.6965819756635,29.1977774003059,29.1928270144785,29.3956037698873,29.3461817140249,29.1433104459398,29.1334043574566,29.5881305700507,29.6472995727053,29.2225258655088,29.0342925281775,29.044207883055,29.103680537945,29.0243762452778,29.0342925281775,29.1383575173713,29.2076774790804,29.8541327014066,29.3511249542619,29.6078572246797,29.3659532950663,29.217576634222,29.3165174407562,29.7064357210951,29.5979943542878,29.1680716196875,29.23242363567,28.8854507011395,28.9598977684891,28.9797414812012,29.3807795666623,29.5585337318094,30.2616995948902,30.4918039204427,31.9394261091838,31.9104697084063,29.9082370574946,29.1581678438823,29.3412382437518,29.4845056002677,28.9549362591941,28.98470182842,29.0243762452778,29.0243762452778,29.4647560610483,29.4054854233555,29.2621114091025,29.3906625985796,29.217576634222,29.3659532950663,29.5091873682112,29.8295307397771,30.4135259860258,30.5797983711788,31.0284258558301,30.7799613972138,30.7604497017866,30.5309214741276,29.972143232219,30.2911021485288,29.6423700780649,29.5881305700507,29.6423700780649,30.2764018809912,30.4673482035432,30.3400884721394,30.3155981109145,29.5486662897325,29.5486662897325,29.785232903706,29.8344515860316,30.0654758344281,30.9700151977068,29.6177191814719,29.23242363567,29.3066275082174,29.3115725896136,29.2917908821956,29.0689922118039,28.9102722087998,29.1334043574566,29.1284509661644,29.1532156091641,29.0689922118039,29.083860027377,29.1532156091641,29.0640358097506,29.0590791758805,28.9499745173891,29.0590791758805,29.3511249542619,29.1977774003059,29.1581678438823,29.0342925281775,29.0342925281775,29.3214620616761,29.044207883055,28.8357902104004,29.019417755741,29.8738101868109,29.3066275082174,28.8407573086651,28.9350878965987,29.083860027377,28.8655893020517,28.8655893020517,28.6717449129776,28.8059827210337,29.217576634222,29.1086350865945,28.9499745173891,29.4252459745708,29.972143232219,29.6571578775531,29.217576634222,29.3115725896136,29.3115725896136,29.7803097858312,29.6620866878218,29.1680716196875,28.9102722087998,28.9896619433183,29.3511249542619,29.3313506129726,29.6423700780649,29.7359914914735,29.2769521827709,29.3412382437518,29.1284509661644,29.173023160837,29.1779744708596,29.2818986463425,29.5042514727762,29.3412382437518,29.1433104459398,29.0888155024772,29.1185434893225,29.1482631431937,29.1185434893225,29.1135894037099,29.3659532950663,29.449941499166,29.3511249542619,29.2027275551628,29.1135894037099,29.044207883055,29.257164023458,29.5684002590573,29.242320482823,29.1532156091641,28.9747809016303,29.009500080336,28.9102722087998,28.9598977684891,29.1334043574566,29.227474865981,29.7261404787557,29.9131542754777,29.671943624202,29.7162885553777,30.1292880515541,29.8984019418799,29.9180712669515,29.6423700780649,29.449941499166,29.3956037698873,29.1086350865945,29.103680537945,29.1482631431937,29.1631198473796,29.019417755741,29.103680537945,29.0739483820717,29.0987257577298,29.0640358097506,29.2373721746069,29.227474865981,29.2373721746069,29.2126271720896,29.0937707459177,28.9251623196095,28.9053083729833,29.3115725896136,29.9967123499873,29.5831983351633,29.2027275551628,29.0987257577298,29.009500080336,29.0243762452778,29.3906625985796,31.1937510290531,31.9442514252714,30.6774854603372,29.9967123499873,29.9524838675562,29.6423700780649,29.4845056002677,29.1928270144785,28.9995814762791,28.98470182842,29.1829255497865,29.1532156091641,29.1532156091641,28.9499745173891,28.930125224438,28.8804857008759,28.8655893020517,28.7214825035015,28.6966166352573,28.9053083729833,28.676719725948,28.6568190680113,28.6717449129776,28.8208875158601,28.7314272125631,28.5771789090283,28.4426496954073,28.0880656878123,28.0880656878123,27.9128297863749,27.9178405871461,27.7724301033211,27.6167679118797,27.6268176187712
28.5622396876777,28.5672196631112,28.6170064980665,28.9053083729833,29.1185434893225,30.1243807714027,30.4966943947684,29.8738101868109,29.4400639777012,29.2126271720896,29.1928270144785,29.2670585641821,29.4993153482952,29.6916547611904,29.3610107447515,29.8787289912069,29.8049231025195,29.4153661581674,29.1977774003059,29.0937707459177,29.242320482823,29.103680537945,29.2027275551628,29.217576634222,29.6325104041979,29.8787289912069,29.7507663035967,29.1482631431937,29.1383575173713,29.0293345027462,29.019417755741,29.019417755741,29.3412382437518,29.4845056002677,29.385721197515,29.370895615469,29.2621114091025,29.257164023458,29.2621114091025,29.4696937897153,29.7162885553777,29.3412382437518,29.2621114091025,29.0392503216033,28.7711966938393,28.8755204676278,29.3511249542619,29.3659532950663,29.4894424120718,29.5831983351633,29.7901557942818,29.6472995727053,29.4104259055781,29.3313506129726,29.4696937897153,29.7606150407326,29.5289286601073,29.2621114091025,29.3659532950663,29.3807795666623,29.4104259055781,29.5684002590573,29.3758377059907,29.4153661581674,29.6325104041979,29.5486662897325,29.3758377059907,29.4943789947374,29.9328208826212,30.9018293658896,30.5749116829746,30.7458136060084,30.7702059921091,30.5749116829746,30.158727004683,29.7655390681081,29.972143232219,29.7015089622882,30.3988425085929,30.4037372245722,30.5797983711788,30.4918039204427,30.7458136060084,30.2175806171496,29.8492127629486,30.0360111882413,29.967228730348,30.2960017892775,30.7458136060084,29.3165174407562,29.2720054887278,29.2225258655088,29.2522164072173,29.400544711469,29.4548799158045,29.0541223101622,29.3461817140249,29.1631198473796,29.3016821965364,29.2967366545395,29.1779744708596,29.2472685603494,29.3956037698873,29.4104259055781,29.1829255497865,29.2027275551628,29.2126271720896,29.1532156091641,29.242320482823,29.7015089622882,29.5881305700507,29.23242363567,29.1234973434636,28.98470182842,29.8295307397771,29.8836475688813,29.7606150407326,29.3066275082174,29.2522164072173,29.2818986463425,29.3560679644938,28.8109512193939,28.6916427592519,28.9350878965987,29.2670585641821,29.2621114091025,28.940050336123,28.7711966938393,29.0392503216033,29.4351248728131,29.9082370574946,30.0163635761093,29.6571578775531,29.8246096664975,29.844292597587,29.9868853810766,30.0310996239144,30.1881578577246,29.7704628680627,29.3461817140249,29.4400639777012,29.5190584720663,29.5141230346309,29.2621114091025,29.1086350865945,29.1135894037099,29.3511249542619,29.1482631431937,29.1779744708596,29.449941499166,29.5684002590573,29.1977774003059,29.0491652125642,29.0392503216033,29.1135894037099,29.4450028531419,29.4301855384466,29.385721197515,29.4054854233555,29.227474865981,29.227474865981,29.1928270144785,29.019417755741,29.2621114091025,29.1829255497865,29.242320482823,29.2126271720896,29.1532156091641,29.1482631431937,29.0789043205857,29.1086350865945,29.019417755741,29.4054854233555,29.6177191814719,29.5930625764153,29.671943624202,29.667015270028,29.6965819756635,29.8541327014066,29.8590524129916,29.8688911556633,29.4845056002677,29.1680716196875,29.1581678438823,29.2621114091025,29.3214620616761,29.0640358097506,28.98470182842,29.0590791758805,29.0987257577298,29.0937707459177,29.0987257577298,29.083860027377,29.103680537945,29.227474865981,29.0937707459177,29.2027275551628,29.2917908821956,29.3066275082174,29.5881305700507,29.3511249542619,29.103680537945,28.9995814762791,28.9598977684891,28.9549362591941,29.0541223101622,29.4795685592941,30.2028702487351,30.0163635761093,29.8738101868109,29.6522288391912,29.4301855384466,29.242320482823,28.9995814762791,28.98470182842,29.1284509661644,29.1086350865945,29.1928270144785,29.1433104459398,29.1631198473796,29.1234973434636,29.1234973434636,28.9946218259274,29.0045408944048,28.8655893020517,28.9102722087998,29.009500080336,29.0689922118039,28.8606233696602,28.8308228788658,28.7264549750173,28.6418911132907,28.6816943046293,28.6418911132907,28.4625907807171,28.3029563442362,28.063049878718,27.9228511486881,27.6117426966131,27.6268176187712
28.5572594772178,28.9003443043406,28.7811367266903,28.5921160160095,28.8109512193939,29.1829255497865,29.671943624202,29.967228730348,29.9180712669515,29.6177191814719,29.6571578775531,29.8836475688813,29.0491652125642,29.1532156091641,29.0491652125642,29.6817996485765,30.3106993666494,29.8344515860316,29.5190584720663,29.1779744708596,28.9995814762791,28.9350878965987,28.9896619433183,28.9450125430426,28.9946218259274,29.3906625985796,29.6817996485765,29.242320482823,29.1532156091641,29.1631198473796,29.242320482823,29.1383575173713,29.1234973434636,29.242320482823,29.4351248728131,29.257164023458,29.257164023458,29.0689922118039,29.0491652125642,29.2225258655088,29.3560679644938,29.3659532950663,29.3264064524046,29.3807795666623,29.2126271720896,28.9896619433183,29.1928270144785,29.0888155024772,29.0987257577298,29.083860027377,29.23242363567,29.4894424120718,29.4795685592941,29.1234973434636,29.4746312891203,29.6177191814719,29.3560679644938,29.3610107447515,29.4252459745708,29.5831983351633,29.4153661581674,29.400544711469,29.3066275082174,29.2769521827709,29.1779744708596,29.2076774790804,29.242320482823,29.6325104041979,29.5338634107745,30.3155981109145,30.1391019363398,30.6823674833107,30.5797983711788,30.1391019363398,30.4282074523887,29.3659532950663,29.5585337318094,30.4477796139247,31.1354299059856,30.3890524059812,30.4869132231383,30.0114511084659,30.2224836239616,30.5309214741276,30.5406986345341,30.3302929995506,30.0703858191111,29.977057507944,30.2175806171496,29.7212146309145,29.1631198473796,29.1185434893225,29.1135894037099,29.3560679644938,29.4845056002677,29.4746312891203,29.3560679644938,29.3412382437518,29.3659532950663,29.2027275551628,29.0243762452778,29.242320482823,29.1779744708596,29.0937707459177,29.083860027377,29.1631198473796,29.242320482823,29.0144590341043,29.400544711469,29.5782658717225,29.3313506129726,29.2373721746069,29.3461817140249,29.6768717503746,29.9426528277437,29.7556907859056,29.6571578775531,29.2076774790804,29.5141230346309,29.5684002590573,29.4252459745708,29.0689922118039,28.8159194843254,29.1185434893225,29.5782658717225,29.3165174407562,28.9549362591941,28.9499745173891,28.7761668270904,28.9797414812012,29.5387979325806,29.8393722052915,29.9524838675562,30.4526720961226,30.158727004683,30.5895710802732,30.5797983711788,30.9115728433701,30.4282074523887,30.0310996239144,29.4104259055781,29.3115725896136,29.2769521827709,29.3758377059907,29.3560679644938,29.2868448794737,29.1433104459398,29.1680716196875,28.9747809016303,29.0739483820717,29.3165174407562,29.3412382437518,29.4894424120718,29.2769521827709,29.0987257577298,29.4054854233555,29.4400639777012,29.4795685592941,29.5486662897325,29.3956037698873,29.217576634222,29.0739483820717,28.8606233696602,29.009500080336,29.23242363567,29.3659532950663,29.6325104041979,29.4795685592941,29.3461817140249,29.3165174407562,29.2027275551628,29.3115725896136,29.6078572246797,29.785232903706,29.6029259036991,29.4054854233555,29.3511249542619,29.6177191814719,29.4351248728131,29.5289286601073,29.6423700780649,29.5338634107745,29.1482631431937,28.9598977684891,28.8159194843254,29.1383575173713,28.930125224438,28.9102722087998,28.6866686490532,29.0342925281775,29.217576634222,29.2076774790804,28.8804857008759,29.1086350865945,29.0789043205857,29.1334043574566,29.217576634222,29.1581678438823,29.2027275551628,29.1532156091641,29.3165174407562,29.1383575173713,29.044207883055,29.3165174407562,29.1878763976491,29.1977774003059,29.2818986463425,29.3807795666623,29.4746312891203,29.5881305700507,29.4054854233555,29.2472685603494,29.0045408944048,28.9896619433183,28.9797414812012,28.8953800028402,28.9648590453057,29.1631198473796,28.8854507011395,28.98470182842,28.8010139892131,28.8804857008759,28.8705550013636,28.8059827210337,28.9995814762791,28.9995814762791,29.0144590341043,28.9598977684891,28.7761668270904,28.6219838903298,28.5921160160095,28.4526207095317,28.258015532538,28.2630099036222,28.2829850186196,28.1880694376433,28.0580460022081,28.0280177375547,27.7874819207868,27.6268176187712
28.5472983510907,29.0392503216033,29.1433104459398,28.7363992161709,28.7413709858727,28.7960450239002,29.0541223101622,29.370895615469,29.4351248728131,29.6916547611904,30.3694695173139,29.6275802249099,29.044207883055,29.0243762452778,28.9251623196095,29.0491652125642,29.6127883172604,30.1194732660389,29.9573990480468,29.5684002590573,29.1928270144785,28.7662263269051,28.7761668270904,28.7811367266903,28.9747809016303,29.385721197515,29.5881305700507,29.5831983351633,29.2967366545395,29.9131542754777,29.5881305700507,29.370895615469,29.3610107447515,29.1581678438823,29.0689922118039,28.915235811822,28.9102722087998,28.7761668270904,28.8953800028402,28.9499745173891,29.3560679644938,29.0342925281775,29.1878763976491,29.4548799158045,29.3807795666623,29.1185434893225,29.2027275551628,29.2720054887278,29.3264064524046,29.1928270144785,29.1977774003059,29.1928270144785,29.4351248728131,29.3511249542619,29.6177191814719,29.9377369683613,29.5881305700507,29.1185434893225,29.0491652125642,29.2373721746069,29.400544711469,29.4153661581674,29.4203061811547,29.23242363567,29.370895615469,29.2917908821956,29.257164023458,30.158727004683,29.8000008936581,30.3253949273354,30.6237685583967,30.2911021485288,29.9967123499873,29.9967123499873,31.0576193144282,30.1145655354327,30.4037372245722,30.3988425085929,30.2911021485288,29.8049231025195,30.4331008277436,29.9229880319466,30.1734434433101,30.5895710802732,30.251896949001,30.1930622128441,30.3106993666494,29.9819715575531,29.8738101868109,29.7162885553777,29.3956037698873,29.0243762452778,29.0243762452778,29.227474865981,29.3758377059907,29.3461817140249,29.3758377059907,29.4104259055781,29.3313506129726,29.3412382437518,29.0689922118039,29.0293345027462,29.0888155024772,29.0937707459177,29.3066275082174,28.9598977684891,28.940050336123,28.940050336123,29.1482631431937,29.4845056002677,29.2472685603494,29.1284509661644,29.4746312891203,30.0851144200226,29.9426528277437,29.5141230346309,29.5141230346309,29.3610107447515,29.8147668387412,29.8147668387412,29.5733331796973,29.4351248728131,29.257164023458,28.8506908055119,29.1284509661644,29.2769521827709,29.1234973434636,29.1532156091641,28.7363992161709,28.7761668270904,29.4894424120718,30.1243807714027,30.0851144200226,29.7655390681081,30.2960017892775,30.4135259860258,30.2911021485288,30.2567983841477,29.8688911556633,29.7359914914735,29.370895615469,29.2472685603494,29.257164023458,29.5141230346309,29.8787289912069,29.7507663035967,29.3313506129726,29.1135894037099,29.1185434893225,29.0689922118039,29.2373721746069,29.5930625764153,29.5387979325806,29.5387979325806,29.6127883172604,29.6522288391912,29.3659532950663,29.370895615469,29.4104259055781,29.385721197515,29.23242363567,29.2126271720896,29.1532156091641,29.1631198473796,29.1878763976491,29.4845056002677,29.4845056002677,29.5190584720663,29.4647560610483,29.2126271720896,29.2027275551628,29.3016821965364,29.5930625764153,29.7261404787557,29.5881305700507,29.3659532950663,29.3758377059907,29.3758377059907,29.0789043205857,29.3560679644938,29.083860027377,29.2868448794737,29.370895615469,29.0789043205857,28.666769865686,28.9201991820813,28.9450125430426,28.8308228788658,28.7761668270904,28.8506908055119,29.1086350865945,29.227474865981,28.9201991820813,28.915235811822,28.930125224438,29.0888155024772,29.0739483820717,29.0541223101622,29.083860027377,29.0293345027462,29.1829255497865,29.1631198473796,29.0987257577298,29.1779744708596,29.3313506129726,29.3313506129726,29.3362945434113,29.4746312891203,29.4548799158045,29.785232903706,29.7655390681081,29.5141230346309,29.2126271720896,28.9896619433183,29.23242363567,29.227474865981,29.2126271720896,29.1284509661644,28.9648590453057,28.9350878965987,28.9698200896756,28.9053083729833,28.8655893020517,28.6916427592519,28.6966166352573,28.7015902771012,28.6916427592519,28.7861063926706,28.7065636848157,28.6717449129776,28.5721994035508,28.2330401214815,28.253020924455,28.1680762946208,27.9879666938923,28.0580460022081,27.9979808867536,27.8476675914376,27.7874819207868,27.7322813525865
28.5472983510907,28.8556572041575,29.1334043574566,29.1086350865945,28.8109512193939,28.7910758250633,29.2225258655088,28.98470182842,29.1086350865945,29.3214620616761,30.5113644801692,30.0261878338035,29.2027275551628,29.009500080336,28.8407573086651,28.9350878965987,28.8655893020517,29.3610107447515,29.7556907859056,29.5782658717225,29.5042514727762,29.0937707459177,28.8705550013636,29.2917908821956,29.0888155024772,28.9698200896756,28.98470182842,29.23242363567,29.5881305700507,29.7556907859056,29.5782658717225,29.3610107447515,29.1779744708596,29.0739483820717,29.1185434893225,28.98470182842,28.6966166352573,28.6369146594003,28.9450125430426,29.173023160837,29.1680716196875,29.0243762452778,29.1135894037099,29.044207883055,29.1433104459398,29.1383575173713,29.23242363567,29.173023160837,29.1631198473796,29.23242363567,29.2225258655088,29.103680537945,29.2621114091025,29.3560679644938,29.6078572246797,29.3560679644938,29.449941499166,29.1284509661644,28.8506908055119,28.9598977684891,29.3610107447515,29.242320482823,29.2225258655088,29.0888155024772,29.3511249542619,29.4203061811547,29.7359914914735,30.6872492844533,29.6423700780649,29.5486662897325,30.3694695173139,30.5553627050914,30.2862022835847,30.9700151977068,30.4673482035432,30.9992244856698,30.9018293658896,29.8393722052915,30.1930622128441,30.2028702487351,30.7311755171756,30.7506925260126,30.3841570192894,30.6530720169788,30.9115728433701,30.9261864062111,30.4233138536706,30.2322889637756,30.4233138536706,29.9131542754777,29.7359914914735,29.5091873682112,29.0789043205857,29.23242363567,29.5042514727762,29.0937707459177,29.3560679644938,29.3264064524046,29.2621114091025,29.1779744708596,29.0789043205857,29.0739483820717,29.083860027377,29.449941499166,29.3066275082174,28.9598977684891,28.8010139892131,28.8357902104004,29.4598181030883,29.7113622521147,29.972143232219,29.7409166564112,30.7067742712998,30.1685381887201,30.0851144200226,29.370895615469,29.5190584720663,29.3659532950663,29.7015089622882,29.6965819756635,29.7015089622882,29.8295307397771,29.9868853810766,29.3659532950663,29.3313506129726,29.1482631431937,29.1532156091641,29.370895615469,29.3362945434113,29.1532156091641,29.3412382437518,29.5387979325806,29.5782658717225,29.5684002590573,29.8590524129916,30.3841570192894,30.2911021485288,30.0212758178786,29.8688911556633,29.9131542754777,29.4548799158045,29.227474865981,29.5042514727762,29.55360012514,29.5091873682112,29.3758377059907,29.3264064524046,29.1829255497865,29.083860027377,29.0541223101622,28.9995814762791,29.4598181030883,29.5190584720663,29.4548799158045,29.2670585641821,29.4845056002677,29.667015270028,29.5387979325806,29.3906625985796,29.5437322255563,29.2225258655088,29.1779744708596,29.217576634222,29.2917908821956,29.1284509661644,29.2818986463425,29.3511249542619,29.3461817140249,29.2670585641821,29.083860027377,29.1185434893225,29.3214620616761,29.5881305700507,29.7409166564112,29.8590524129916,29.7409166564112,29.667015270028,29.2076774790804,28.8506908055119,28.8258553140296,29.0640358097506,29.0888155024772,29.2076774790804,29.2818986463425,28.9995814762791,28.9946218259274,29.0987257577298,28.930125224438,28.7214825035015,28.9251623196095,29.0045408944048,29.227474865981,29.1433104459398,29.2373721746069,29.242320482823,29.2670585641821,29.1185434893225,29.2373721746069,29.1928270144785,29.2917908821956,29.1482631431937,29.1631198473796,29.1482631431937,29.1878763976491,29.3511249542619,29.2670585641821,29.3362945434113,29.4548799158045,29.3560679644938,29.8000008936581,29.6768717503746,29.5387979325806,29.400544711469,29.4795685592941,29.2967366545395,29.400544711469,29.5042514727762,29.2670585641821,29.1829255497865,29.0392503216033,28.8357902104004,28.8854507011395,28.8109512193939,28.7910758250633,28.9350878965987,28.8159194843254,28.6866686490532,28.6866686490532,28.6866686490532,28.6866686490532,28.4127309928177,28.2480260793404,28.0680535169536,28.1630774149815,27.9879666938923,27.9328715542163,27.9028074670123,27.9028074670123,27.8225944265762,27.812563481855
28.6816943046293,28.8606233696602,29.2769521827709,29.1581678438823,29.1532156091641,29.0937707459177,29.1086350865945,28.9499745173891,29.1234973434636,29.1135894037099,30.2813021944153,30.7311755171756,29.2027275551628,28.8258553140296,28.5921160160095,28.6816943046293,28.5871372152255,28.7363992161709,29.2027275551628,29.7606150407326,29.3956037698873,29.3758377059907,29.1928270144785,29.1977774003059,28.8010139892131,28.5771789090283,28.8159194843254,28.8655893020517,29.1482631431937,29.370895615469,29.7606150407326,29.4054854233555,29.1334043574566,29.227474865981,29.257164023458,29.1185434893225,28.9102722087998,29.0342925281775,29.2818986463425,29.3016821965364,29.1334043574566,29.009500080336,29.0590791758805,29.173023160837,28.9499745173891,28.8357902104004,29.0789043205857,28.9251623196095,28.8506908055119,29.1680716196875,29.2126271720896,29.1284509661644,29.1185434893225,29.2126271720896,29.257164023458,28.9797414812012,29.1284509661644,29.019417755741,29.0144590341043,29.23242363567,29.9033196129721,29.385721197515,29.3807795666623,29.370895615469,29.3758377059907,29.5979943542878,29.9623140023007,30.8823397644757,30.2715013432821,29.3313506129726,30.4575643551052,31.2714635266525,30.80434603868,30.7409344645536,30.4624563909023,30.7458136060084,30.2371912968375,29.8246096664975,30.3106993666494,30.305800398308,29.6127883172604,29.967228730348,30.1734434433101,30.5113644801692,30.6628380601376,30.5797983711788,30.5406986345341,30.4282074523887,30.5455868806973,30.001625495435,29.8344515860316,29.5437322255563,29.0888155024772,29.3313506129726,29.23242363567,29.1086350865945,29.1977774003059,29.1928270144785,29.2670585641821,29.4153661581674,29.2373721746069,29.0789043205857,29.3906625985796,29.5486662897325,29.55360012514,29.1135894037099,28.5871372152255,28.5024616412321,28.8755204676278,29.5831983351633,30.0703858191111,30.7604497017866,30.0851144200226,29.7064357210951,29.2670585641821,28.9896619433183,29.257164023458,29.1135894037099,29.3659532950663,29.55360012514,29.5486662897325,29.5733331796973,29.7064357210951,29.8393722052915,29.9623140023007,29.4252459745708,28.9946218259274,29.5141230346309,29.5437322255563,29.3511249542619,29.7655390681081,29.8934840441875,29.5634671097716,29.4845056002677,29.5091873682112,29.967228730348,30.0556551883126,30.251896949001,30.6335372663431,30.2666005812584,29.7359914914735,29.5733331796973,29.1185434893225,29.23242363567,29.3165174407562,29.3214620616761,29.4104259055781,29.5881305700507,29.3165174407562,29.083860027377,29.0640358097506,29.0590791758805,29.1977774003059,29.3214620616761,29.4795685592941,29.4943789947374,29.4993153482952,29.6817996485765,29.671943624202,29.6768717503746,29.3313506129726,29.2472685603494,29.217576634222,29.3066275082174,29.1334043574566,29.257164023458,29.2621114091025,29.0937707459177,29.2522164072173,29.2373721746069,29.3165174407562,29.5782658717225,29.8541327014066,29.8738101868109,29.7409166564112,29.6423700780649,29.5782658717225,29.2126271720896,28.8506908055119,29.0590791758805,29.1334043574566,29.0987257577298,29.2027275551628,29.2868448794737,28.9797414812012,28.6269610479519,28.9747809016303,29.173023160837,28.9598977684891,28.9499745173891,28.9251623196095,28.9499745173891,29.1383575173713,29.257164023458,29.385721197515,29.2818986463425,29.3758377059907,29.3016821965364,29.2472685603494,29.2967366545395,29.1928270144785,29.1086350865945,29.2126271720896,29.227474865981,29.1878763976491,29.3313506129726,29.449941499166,29.370895615469,29.4301855384466,29.8147668387412,29.667015270028,29.3313506129726,29.3214620616761,29.3610107447515,29.4153661581674,29.4746312891203,29.4598181030883,29.3165174407562,29.0640358097506,28.9797414812012,28.8556572041575,28.8606233696602,28.8506908055119,28.7761668270904,28.9053083729833,28.8606233696602,28.8755204676278,28.6916427592519,28.5721994035508,28.4276914056455,28.4127309928177,28.3378970521235,28.1730749366739,28.0780600787342,27.9579183838364,27.982959239327,27.8777474797793,27.9028074670123,27.812563481855,27.7874819207868
28.9251623196095,29.1581678438823,29.2818986463425,29.0888155024772,29.1185434893225,29.3313506129726,29.0541223101622,29.2621114091025,29.1482631431937,29.1135894037099,29.6571578775531,30.7311755171756,29.8836475688813,28.7960450239002,28.7314272125631,28.7264549750173,28.5921160160095,28.5124270015936,28.8953800028402,29.4795685592941,29.4746312891203,28.940050336123,29.0937707459177,29.083860027377,28.9499745173891,28.8010139892131,28.8109512193939,28.8059827210337,28.7264549750173,29.217576634222,29.55360012514,29.7803097858312,29.3560679644938,29.1433104459398,29.0937707459177,29.1135894037099,29.2522164072173,29.2967366545395,29.2769521827709,29.1631198473796,29.1334043574566,28.9946218259274,29.044207883055,29.2076774790804,29.217576634222,28.8854507011395,29.0541223101622,28.9102722087998,28.9102722087998,29.0689922118039,29.019417755741,29.3906625985796,29.1334043574566,29.0045408944048,28.8457241736917,28.482528095304,28.6319379709646,28.666769865686,29.0491652125642,29.227474865981,29.4054854233555,29.4450028531419,29.3511249542619,29.3659532950663,29.3066275082174,29.3758377059907,29.7212146309145,30.0703858191111,30.80434603868,30.0212758178786,30.1440085410342,31.3005912972204,30.7311755171756,29.8590524129916,30.8920850063356,30.9018293658896,30.0605656241719,30.305800398308,30.5455868806973,30.2175806171496,29.8098450842037,30.5797983711788,30.5602502833811,30.9261864062111,30.6628380601376,30.1538210751758,30.5700247722933,30.3253949273354,30.4282074523887,30.0556551883126,29.5486662897325,29.2967366545395,29.0937707459177,29.3165174407562,29.2670585641821,29.4054854233555,29.257164023458,29.103680537945,29.0789043205857,29.4054854233555,29.2076774790804,29.55360012514,29.55360012514,29.671943624202,29.6768717503746,29.23242363567,28.8606233696602,28.9549362591941,29.1185434893225,29.9573990480468,30.3890524059812,30.5162540628758,29.2769521827709,29.0243762452778,28.8606233696602,28.6916427592519,28.8556572041575,28.9946218259274,28.9995814762791,29.019417755741,29.3412382437518,29.5733331796973,29.7704628680627,29.6571578775531,29.5831983351633,29.4054854233555,29.2720054887278,29.2027275551628,29.1977774003059,29.4104259055781,29.795078457589,29.8836475688813,30.0851144200226,29.5831983351633,29.3165174407562,29.5979943542878,29.7359914914735,30.1489149206362,29.9868853810766,30.0212758178786,29.8000008936581,29.9524838675562,29.7409166564112,29.242320482823,29.0243762452778,29.0293345027462,29.449941499166,29.5930625764153,29.3264064524046,29.1829255497865,29.1829255497865,29.1829255497865,29.4696937897153,29.5091873682112,29.5338634107745,29.4993153482952,29.3214620616761,29.4104259055781,29.6965819756635,29.671943624202,29.5190584720663,29.4301855384466,29.2373721746069,29.23242363567,29.23242363567,29.2818986463425,29.217576634222,29.1532156091641,29.2126271720896,29.2126271720896,29.2076774790804,29.5042514727762,29.7261404787557,29.775386440627,29.9180712669515,29.8738101868109,29.6325104041979,29.3362945434113,29.0541223101622,29.0590791758805,28.8755204676278,28.8258553140296,28.8109512193939,29.1234973434636,29.4450028531419,28.9896619433183,28.9251623196095,29.4252459745708,29.4400639777012,29.1433104459398,29.1284509661644,29.1284509661644,29.1433104459398,29.1433104459398,29.3362945434113,29.2868448794737,29.2967366545395,29.3610107447515,29.257164023458,29.1977774003059,29.257164023458,29.2472685603494,29.257164023458,29.370895615469,29.4450028531419,29.4203061811547,29.4845056002677,29.6423700780649,29.6423700780649,29.7606150407326,29.671943624202,29.4351248728131,29.3264064524046,29.370895615469,29.4301855384466,29.4894424120718,29.3956037698873,29.3115725896136,29.2225258655088,29.0590791758805,28.8655893020517,28.8308228788658,28.7910758250633,28.8109512193939,28.8854507011395,28.8854507011395,28.6916427592519,28.6617945840412,28.4526207095317,28.4227048373089,28.2080587813783,28.0980703444506,28.0880656878123,28.063049878718,28.0330230443987,28.043032942706,27.8827599560813,27.892784190336,27.8326244118639,27.8175790741614
28.8755204676278,29.1135894037099,28.7910758250633,28.7015902771012,29.0739483820717,29.23242363567,29.0987257577298,29.2917908821956,29.3016821965364,29.1482631431937,29.1829255497865,30.0065384149177,30.9115728433701,29.5634671097716,28.9896619433183,28.9102722087998,28.7015902771012,28.5970945819598,28.7463425217002,29.1878763976491,29.6226498173448,29.2720054887278,29.0937707459177,29.0789043205857,28.8010139892131,28.7910758250633,28.7015902771012,28.666769865686,28.8010139892131,29.0739483820717,29.4054854233555,30.1194732660389,29.8590524129916,29.1135894037099,28.9698200896756,29.1135894037099,28.9350878965987,29.1334043574566,28.8953800028402,28.9598977684891,29.0888155024772,28.9598977684891,28.7363992161709,29.0392503216033,29.1482631431937,29.3758377059907,29.0937707459177,29.0789043205857,28.915235811822,29.1779744708596,29.2027275551628,29.1581678438823,29.0392503216033,28.9053083729833,28.7015902771012,28.6568190680113,28.7115368584326,28.8457241736917,28.8258553140296,28.9946218259274,29.3066275082174,29.3511249542619,29.3659532950663,29.3511249542619,29.4746312891203,29.4054854233555,29.3610107447515,29.8147668387412,30.3596767307832,30.5211434227513,30.5358101656873,31.5478608749066,30.2911021485288,29.2818986463425,29.9229880319466,30.4331008277436,29.9868853810766,30.3890524059812,29.977057507944,29.9082370574946,29.9082370574946,30.2420934053758,30.7897159173343,30.6677207487799,30.8092223035559,30.7945928455984,30.5651376391053,30.0851144200226,30.05074452682,30.045833639664,29.5585337318094,29.3066275082174,29.3362945434113,29.4696937897153,29.4993153482952,29.4054854233555,29.2472685603494,29.0888155024772,28.9450125430426,29.2967366545395,29.2868448794737,29.2868448794737,29.4252459745708,29.5585337318094,29.6817996485765,29.0689922118039,28.8606233696602,29.6177191814719,29.9131542754777,29.9082370574946,29.5881305700507,29.967228730348,29.019417755741,28.7811367266903,28.6319379709646,28.5921160160095,28.6617945840412,28.8556572041575,29.0937707459177,28.9747809016303,29.1680716196875,29.5486662897325,29.5289286601073,29.5486662897325,29.3956037698873,29.4696937897153,29.6472995727053,29.6275802249099,29.4252459745708,29.3214620616761,29.3313506129726,29.5437322255563,29.977057507944,29.6620866878218,29.1185434893225,29.3165174407562,29.7556907859056,29.9917989785445,29.8541327014066,29.7310660989319,29.5585337318094,29.5190584720663,29.5387979325806,29.2868448794737,29.009500080336,29.0888155024772,29.2126271720896,29.4598181030883,29.4696937897153,29.1284509661644,29.044207883055,29.1928270144785,29.5338634107745,29.775386440627,29.8049231025195,29.6571578775531,29.5091873682112,29.4252459745708,29.4993153482952,29.7901557942818,29.8000008936581,29.4746312891203,29.4104259055781,29.1482631431937,28.940050336123,28.9747809016303,29.217576634222,29.1185434893225,29.0739483820717,29.0640358097506,29.2373721746069,29.4351248728131,29.7458415937754,29.6817996485765,29.7458415937754,29.8738101868109,29.7409166564112,29.3362945434113,28.9896619433183,28.9499745173891,29.0144590341043,28.9003443043406,28.5124270015936,28.8655893020517,29.1284509661644,29.400544711469,28.9053083729833,29.1977774003059,29.1680716196875,29.3264064524046,29.257164023458,29.1532156091641,29.1977774003059,29.3511249542619,29.385721197515,29.2769521827709,29.385721197515,29.3956037698873,29.2076774790804,29.2868448794737,29.3115725896136,29.2472685603494,29.2868448794737,29.3066275082174,29.4696937897153,29.7162885553777,29.6325104041979,29.3412382437518,29.4400639777012,29.4203061811547,29.6571578775531,29.5979943542878,29.449941499166,29.4548799158045,29.6226498173448,29.6177191814719,29.4301855384466,29.4400639777012,29.3906625985796,29.0590791758805,28.8705550013636,28.8804857008759,28.9003443043406,28.8407573086651,28.8755204676278,28.8655893020517,28.8755204676278,28.4326777380859,28.4725599092219,28.2829850186196,28.2380356778862,28.1080740489112,28.1930671296786,28.1930671296786,28.0380281127715,27.9879666938923,27.9979808867536,27.8476675914376,27.8426534379831,27.8175790741614
29.0689922118039,28.8854507011395,28.537336284473,28.6518433175642,29.1482631431937,29.0590791758805,28.9201991820813,29.0342925281775,28.9350878965987,29.1532156091641,28.98470182842,29.2818986463425,30.2224836239616,30.8969572963862,29.5634671097716,28.9053083729833,28.7363992161709,28.5970945819598,28.915235811822,29.1829255497865,29.4795685592941,29.7704628680627,29.4894424120718,29.2670585641821,29.0888155024772,28.9201991820813,28.8258553140296,28.6418911132907,28.7761668270904,28.7214825035015,29.0937707459177,29.4104259055781,29.7556907859056,29.2027275551628,29.0045408944048,29.1135894037099,28.9598977684891,28.930125224438,28.9598977684891,29.2126271720896,29.4943789947374,29.2076774790804,29.0590791758805,29.1185434893225,29.2126271720896,29.3807795666623,29.2126271720896,29.0590791758805,29.083860027377,29.2027275551628,29.3313506129726,29.2472685603494,29.0342925281775,28.8606233696602,28.6916427592519,28.5721994035508,28.7910758250633,28.8904154684503,28.6717449129776,28.8457241736917,29.1234973434636,29.3807795666623,29.6127883172604,29.5782658717225,29.8393722052915,29.227474865981,29.3659532950663,29.7310660989319,30.1734434433101,30.109657579554,30.1341951065232,31.1062575144351,29.4450028531419,29.3461817140249,29.449941499166,30.2911021485288,30.3155981109145,29.6867273188382,30.109657579554,30.5846848369351,30.3400884721394,30.2469952894203,30.6042284760713,30.0114511084659,30.094932359983,30.3204966311333,29.5733331796973,29.5585337318094,29.6965819756635,30.3351908478087,29.8196883661623,29.8098450842037,29.7310660989319,29.5190584720663,29.7064357210951,29.6472995727053,29.3956037698873,29.1829255497865,29.2027275551628,29.2769521827709,29.0937707459177,29.0045408944048,29.2868448794737,29.5881305700507,29.5585337318094,29.257164023458,29.1284509661644,29.7803097858312,29.6472995727053,29.1135894037099,29.0144590341043,29.5881305700507,29.044207883055,28.6170064980665,28.5970945819598,28.4775441200496,28.676719725948,28.8655893020517,29.083860027377,29.1631198473796,29.5782658717225,29.5831983351633,29.6078572246797,29.5042514727762,29.4351248728131,29.4400639777012,29.9524838675562,30.0802051118783,29.6177191814719,29.5881305700507,29.2670585641821,29.1779744708596,29.4450028531419,29.7162885553777,29.4104259055781,29.4647560610483,29.6522288391912,30.158727004683,29.7162885553777,29.785232903706,29.5930625764153,29.2621114091025,29.4696937897153,29.6275802249099,29.5733331796973,29.3807795666623,29.1680716196875,29.2076774790804,29.449941499166,29.3016821965364,29.2027275551628,29.2076774790804,29.5141230346309,29.4548799158045,29.55360012514,29.6965819756635,29.5733331796973,29.4400639777012,29.4450028531419,29.8147668387412,29.967228730348,29.795078457589,29.6423700780649,29.2373721746069,29.1581678438823,29.0144590341043,29.0987257577298,29.0888155024772,29.2027275551628,29.3066275082174,29.3313506129726,29.3560679644938,29.6325104041979,29.8541327014066,30.0409225268145,29.9131542754777,30.2126773856944,29.6867273188382,29.2373721746069,29.0342925281775,29.009500080336,29.019417755741,28.7314272125631,28.7115368584326,29.1284509661644,29.3659532950663,29.4104259055781,29.3412382437518,29.173023160837,29.3362945434113,29.3461817140249,29.3214620616761,29.3214620616761,29.2720054887278,29.3115725896136,29.3659532950663,29.3066275082174,29.1928270144785,29.1878763976491,29.2076774790804,29.3362945434113,29.3214620616761,29.385721197515,29.2126271720896,29.4647560610483,29.5042514727762,29.6325104041979,29.7507663035967,29.5042514727762,29.2967366545395,29.3412382437518,29.2917908821956,29.4647560610483,29.5585337318094,29.3214620616761,29.3807795666623,29.3807795666623,29.5930625764153,29.257164023458,29.1680716196875,29.1383575173713,28.8904154684503,28.7960450239002,28.8506908055119,28.7165097979839,28.6269610479519,28.7015902771012,28.5423174353593,28.2879782051969,28.3927804716586,28.1830715081525,28.4027562043539,28.1030723156867,28.2480260793404,28.0780600787342,27.9979808867536,27.9729436137625,27.982959239327,27.9328715542163,27.812563481855
28.8854507011395,28.6568190680113,28.4526207095317,28.6617945840412,29.0689922118039,28.8457241736917,28.8059827210337,28.7513138236853,28.5821581795757,28.676719725948,28.8308228788658,28.9946218259274,29.1829255497865,30.2126773856944,30.9359276795236,29.4203061811547,28.7413709858727,28.6319379709646,28.676719725948,29.009500080336,29.5289286601073,29.9524838675562,29.9426528277437,29.2720054887278,29.2967366545395,29.1234973434636,28.7861063926706,28.7711966938393,28.7463425217002,28.676719725948,28.940050336123,29.0888155024772,29.103680537945,29.7162885553777,29.3461817140249,28.9698200896756,28.8308228788658,28.9102722087998,29.019417755741,29.3115725896136,29.3214620616761,29.4252459745708,29.1284509661644,29.1581678438823,29.3659532950663,29.1433104459398,29.0243762452778,29.0144590341043,28.9648590453057,29.0640358097506,29.2720054887278,29.0144590341043,28.7861063926706,28.4526207095317,28.537336284473,28.6369146594003,28.7165097979839,28.6617945840412,28.7811367266903,29.019417755741,29.173023160837,29.3016821965364,29.3956037698873,29.5881305700507,29.5684002590573,29.3511249542619,29.4647560610483,29.8049231025195,29.8836475688813,29.8196883661623,30.0703858191111,30.1440085410342,29.385721197515,29.4104259055781,29.5289286601073,30.0409225268145,30.2911021485288,30.4331008277436,31.0916683584391,30.6286530234468,30.0703858191111,29.6571578775531,30.251896949001,29.7458415937754,29.7507663035967,30.2567983841477,29.6029259036991,29.5979943542878,29.6768717503746,29.7556907859056,29.8049231025195,29.7113622521147,29.5437322255563,29.2670585641821,29.4598181030883,29.7113622521147,29.4400639777012,29.3956037698873,29.385721197515,29.0739483820717,29.0739483820717,29.0590791758805,29.1581678438823,29.1532156091641,29.2818986463425,29.1383575173713,29.3016821965364,29.5486662897325,29.5634671097716,29.0689922118039,28.8407573086651,29.4647560610483,29.044207883055,28.7662263269051,28.8159194843254,28.6717449129776,28.666769865686,28.9450125430426,29.1581678438823,29.385721197515,29.7359914914735,29.2373721746069,29.1383575173713,29.4301855384466,29.6571578775531,29.4351248728131,29.4301855384466,29.9819715575531,29.6374403552393,29.6078572246797,29.449941499166,29.257164023458,29.5239936805482,29.6423700780649,29.6325104041979,29.4845056002677,29.7507663035967,29.7704628680627,29.7162885553777,29.5190584720663,29.6965819756635,29.2769521827709,29.2769521827709,29.3511249542619,29.3659532950663,29.4795685592941,29.400544711469,29.2868448794737,29.1878763976491,29.1977774003059,29.1433104459398,29.4450028531419,29.4696937897153,29.242320482823,29.2769521827709,29.3659532950663,29.2967366545395,29.2720054887278,29.4252459745708,29.5831983351633,29.4795685592941,29.400544711469,29.4845056002677,29.4301855384466,29.3610107447515,29.2076774790804,29.2126271720896,29.2225258655088,29.257164023458,29.3758377059907,29.4795685592941,29.5437322255563,29.6423700780649,29.8836475688813,29.8590524129916,29.8393722052915,29.9082370574946,29.8984019418799,29.385721197515,29.0243762452778,28.9102722087998,29.0243762452778,28.8804857008759,28.7165097979839,28.9797414812012,29.3214620616761,28.9797414812012,28.9350878965987,29.2225258655088,29.4795685592941,29.5782658717225,29.4548799158045,29.242320482823,29.3659532950663,29.4153661581674,29.2917908821956,28.9896619433183,28.9946218259274,29.0045408944048,29.1928270144785,29.2027275551628,29.4795685592941,29.5979943542878,29.3412382437518,29.4845056002677,29.4993153482952,29.5141230346309,29.449941499166,29.2917908821956,29.3264064524046,29.4548799158045,29.7113622521147,29.8049231025195,29.6620866878218,29.7803097858312,29.3610107447515,29.2373721746069,29.23242363567,29.1928270144785,29.2076774790804,29.0739483820717,28.8655893020517,28.8606233696602,28.8407573086651,28.7065636848157,28.7264549750173,28.5472983510907,28.4376638346625,28.2480260793404,28.3678370072086,28.0930681351701,28.2080587813783,28.2330401214815,28.0130003858666,28.0230121922066,28.063049878718,28.0029876251156,27.9529094959747,27.9178405871461,27.8175790741614
28.9003443043406,28.676719725948,28.7413709858727,29.0987257577298,28.8904154684503,28.7960450239002,28.6966166352573,28.6518433175642,28.4476353203531,28.646867332668,28.7065636848157,28.7612557262559,28.8407573086651,29.3461817140249,30.8677202468541,30.0998409918593,28.8457241736917,28.8109512193939,28.9450125430426,29.0045408944048,29.0045408944048,29.4746312891203,29.667015270028,29.5042514727762,29.1878763976491,29.3461817140249,29.0392503216033,28.8953800028402,28.676719725948,28.5672196631112,28.6617945840412,29.1482631431937,29.1482631431937,29.6127883172604,29.7212146309145,29.3461817140249,29.2868448794737,29.2126271720896,28.8407573086651,29.1135894037099,29.0739483820717,29.4104259055781,29.0541223101622,29.0491652125642,29.0689922118039,28.930125224438,28.8755204676278,28.6717449129776,28.6916427592519,28.8208875158601,28.8208875158601,28.7612557262559,28.6020729131087,28.3778151016153,28.5970945819598,28.5223914205637,28.6617945840412,28.6219838903298,28.7960450239002,29.173023160837,29.3412382437518,29.3165174407562,29.5634671097716,29.5486662897325,29.5239936805482,29.6374403552393,29.5585337318094,29.5437322255563,29.8147668387412,29.5782658717225,29.8196883661623,30.3302929995506,30.0605656241719,29.4795685592941,29.8000008936581,30.0310996239144,29.8738101868109,29.8393722052915,29.9229880319466,30.2224836239616,29.7359914914735,29.5437322255563,29.8934840441875,30.0261878338035,30.0261878338035,29.7507663035967,29.5042514727762,28.9698200896756,29.2076774790804,29.385721197515,29.6768717503746,29.4894424120718,29.3560679644938,29.1284509661644,29.4993153482952,29.7113622521147,29.4598181030883,29.6226498173448,29.2373721746069,28.9053083729833,28.7761668270904,28.9251623196095,29.1532156091641,28.8854507011395,28.915235811822,28.9102722087998,28.915235811822,29.0342925281775,29.1284509661644,28.8755204676278,28.5970945819598,28.9946218259274,29.3758377059907,29.044207883055,28.7711966938393,28.7662263269051,28.7165097979839,28.940050336123,29.1433104459398,29.3066275082174,29.5387979325806,29.1680716196875,29.0541223101622,29.4746312891203,29.173023160837,29.0937707459177,29.1135894037099,29.3066275082174,29.6226498173448,29.7655390681081,29.5930625764153,29.5042514727762,29.4598181030883,29.5338634107745,29.7409166564112,29.4598181030883,29.370895615469,29.3461817140249,29.6472995727053,29.6867273188382,29.6226498173448,29.2126271720896,28.9598977684891,29.173023160837,28.9598977684891,29.1334043574566,29.3659532950663,29.0888155024772,28.9102722087998,28.915235811822,29.0541223101622,29.2769521827709,29.5486662897325,29.5091873682112,29.0987257577298,29.0392503216033,29.227474865981,29.5881305700507,29.2670585641821,29.1334043574566,29.2868448794737,29.2868448794737,29.3807795666623,29.1928270144785,29.1631198473796,29.1680716196875,29.1779744708596,29.1631198473796,29.1977774003059,29.3461817140249,29.6029259036991,29.6374403552393,29.8836475688813,30.045833639664,29.9131542754777,29.7359914914735,29.9082370574946,29.8934840441875,29.3956037698873,29.1433104459398,29.0243762452778,29.0243762452778,28.98470182842,28.8606233696602,28.9946218259274,29.1482631431937,29.2670585641821,29.1284509661644,29.1135894037099,29.2621114091025,29.4746312891203,29.4548799158045,29.4153661581674,29.2076774790804,29.2670585641821,29.1829255497865,28.98470182842,28.8457241736917,28.98470182842,29.044207883055,29.173023160837,29.2720054887278,29.4845056002677,29.5289286601073,29.6571578775531,29.6325104041979,29.5387979325806,29.370895615469,29.5042514727762,29.4351248728131,29.4400639777012,29.3115725896136,29.795078457589,29.795078457589,29.6029259036991,29.4301855384466,29.3412382437518,29.227474865981,29.1284509661644,29.0888155024772,28.8904154684503,28.8109512193939,28.666769865686,28.7960450239002,28.607051009488,28.5522790316995,28.3828037944729,28.332906232122,28.218052029166,28.0830630023446,28.1580782977234,28.1830715081525,28.0530418873914,28.063049878718,27.9028074670123,27.9729436137625,27.8175790741614,27.8175790741614,27.812563481855,27.8225944265762
28.9896619433183,28.9251623196095,28.8804857008759,29.2818986463425,28.7811367266903,28.7015902771012,28.7662263269051,28.5821581795757,28.4576058629756,28.5124270015936,28.7214825035015,28.7811367266903,28.7662263269051,29.103680537945,29.3412382437518,29.8639718977337,29.3313506129726,28.8407573086651,29.3461817140249,29.0243762452778,28.9549362591941,28.8357902104004,28.9053083729833,29.1234973434636,29.6472995727053,29.400544711469,29.2818986463425,28.8904154684503,28.7761668270904,28.5024616412321,28.7562848918599,28.9598977684891,29.3956037698873,29.7261404787557,29.5979943542878,29.7113622521147,29.6127883172604,29.1829255497865,28.98470182842,29.3362945434113,28.9896619433183,28.9896619433183,29.0937707459177,28.9350878965987,29.1532156091641,28.8854507011395,28.7264549750173,28.646867332668,28.7761668270904,28.7662263269051,28.6418911132907,28.7214825035015,28.6916427592519,28.6269610479519,28.7662263269051,28.9598977684891,28.6966166352573,28.7861063926706,29.044207883055,29.3560679644938,29.3412382437518,29.6620866878218,30.4722397930578,29.5930625764153,29.083860027377,29.2225258655088,29.400544711469,29.5042514727762,29.4548799158045,29.4746312891203,30.1538210751758,30.3302929995506,30.0310996239144,29.6522288391912,29.775386440627,30.2764018809912,29.7655390681081,29.217576634222,29.55360012514,30.0605656241719,29.9819715575531,29.4203061811547,30.0802051118783,29.6522288391912,29.6374403552393,29.4548799158045,29.23242363567,29.103680537945,29.3313506129726,29.3560679644938,29.7015089622882,29.3807795666623,29.3560679644938,29.2373721746069,29.4450028531419,29.4203061811547,29.3412382437518,29.2670585641821,29.3016821965364,28.9251623196095,28.7761668270904,28.7363992161709,28.6966166352573,28.7861063926706,29.0392503216033,28.9102722087998,28.9102722087998,28.9053083729833,28.9896619433183,29.0392503216033,28.9896619433183,29.0342925281775,29.3659532950663,29.0937707459177,28.8606233696602,28.7513138236853,28.6816943046293,28.9350878965987,29.23242363567,29.3412382437518,29.5141230346309,29.3362945434113,29.0342925281775,29.0541223101622,28.8208875158601,28.7960450239002,29.0789043205857,29.2670585641821,29.2818986463425,29.4795685592941,29.4696937897153,29.3461817140249,29.7015089622882,29.6029259036991,29.785232903706,29.6472995727053,29.6226498173448,29.4647560610483,29.4746312891203,29.7015089622882,29.4054854233555,29.2818986463425,28.8705550013636,28.9797414812012,28.9698200896756,28.8506908055119,28.9896619433183,29.2917908821956,29.1829255497865,28.9995814762791,29.173023160837,29.2076774790804,29.1433104459398,29.2670585641821,29.3807795666623,29.2225258655088,29.217576634222,29.4252459745708,29.370895615469,29.227474865981,29.0541223101622,29.044207883055,29.2621114091025,29.2225258655088,29.1383575173713,29.0541223101622,29.2076774790804,29.2076774790804,29.0987257577298,29.2868448794737,29.3560679644938,29.6374403552393,29.7901557942818,30.0310996239144,29.972143232219,29.9328208826212,29.7261404787557,29.7704628680627,29.400544711469,29.019417755741,28.9995814762791,28.9896619433183,28.9350878965987,28.8755204676278,29.1482631431937,29.3066275082174,29.1383575173713,29.2769521827709,29.2076774790804,29.2472685603494,29.3412382437518,29.4301855384466,29.55360012514,29.4153661581674,29.4153661581674,29.1779744708596,28.9797414812012,29.0243762452778,28.9896619433183,29.2126271720896,29.2868448794737,29.2917908821956,29.257164023458,29.5585337318094,29.5190584720663,29.2967366545395,29.4450028531419,29.4252459745708,29.2868448794737,29.6374403552393,29.5486662897325,29.5042514727762,29.4400639777012,29.5486662897325,29.7113622521147,29.4301855384466,29.3066275082174,29.3115725896136,29.1086350865945,28.9896619433183,28.8407573086651,28.8804857008759,28.8159194843254,28.6319379709646,28.5124270015936,28.5273732771074,28.3828037944729,28.3778151016153,28.0980703444506,28.223048297154,28.1230778208426,28.1330791460061,28.228044327915,28.0780600787342,27.9979808867536,28.0530418873914,27.9278614710339,27.8426534379831,27.8225944265762,27.8025315774346
28.7711966938393,28.7015902771012,29.0045408944048,28.8059827210337,28.7314272125631,28.5970945819598,28.5921160160095,28.5174093287365,28.4675754627885,28.5124270015936,28.6568190680113,28.9747809016303,29.1878763976491,29.103680537945,28.8655893020517,29.785232903706,30.1489149206362,29.0293345027462,29.1383575173713,29.5387979325806,28.9747809016303,28.7711966938393,28.6418911132907,28.8556572041575,29.2670585641821,29.7162885553777,28.9648590453057,29.2720054887278,28.9350878965987,28.8705550013636,28.915235811822,29.1234973434636,29.3560679644938,29.3758377059907,29.4894424120718,29.3659532950663,29.23242363567,29.2027275551628,29.4746312891203,29.5831983351633,29.385721197515,29.2373721746069,29.0789043205857,28.9053083729833,28.9201991820813,28.9003443043406,28.6369146594003,28.7214825035015,28.7165097979839,28.5174093287365,28.8059827210337,28.9499745173891,28.6816943046293,28.607051009488,28.9350878965987,29.0392503216033,29.044207883055,29.0590791758805,29.2027275551628,29.1135894037099,29.3511249542619,30.094932359983,30.0998409918593,29.7655390681081,29.3807795666623,29.3412382437518,28.9698200896756,29.217576634222,29.2373721746069,29.1433104459398,29.6029259036991,30.0310996239144,29.972143232219,29.6522288391912,30.3106993666494,30.1243807714027,29.7704628680627,29.0640358097506,29.23242363567,29.7458415937754,30.2960017892775,30.0409225268145,29.9082370574946,29.7556907859056,29.4104259055781,29.3956037698873,29.1433104459398,29.2670585641821,29.7507663035967,29.6275802249099,29.55360012514,29.5585337318094,29.449941499166,29.370895615469,29.5733331796973,29.3511249542619,29.5486662897325,29.4104259055781,29.4054854233555,29.1532156091641,28.6717449129776,28.8010139892131,28.6269610479519,28.5771789090283,28.6617945840412,28.6717449129776,28.9003443043406,29.0789043205857,28.8606233696602,28.9003443043406,28.9648590453057,28.9797414812012,29.3313506129726,28.8010139892131,28.7612557262559,28.8258553140296,28.930125224438,29.0789043205857,29.4598181030883,30.2567983841477,29.9819715575531,29.5042514727762,29.1433104459398,28.9946218259274,28.6966166352573,28.6966166352573,29.0144590341043,29.3165174407562,29.2917908821956,29.2225258655088,28.9598977684891,28.9549362591941,29.257164023458,29.3066275082174,29.6423700780649,29.8000008936581,29.977057507944,29.8147668387412,29.5091873682112,29.6177191814719,29.3956037698873,29.1977774003059,28.9549362591941,28.7761668270904,28.9747809016303,28.9053083729833,28.9797414812012,29.0243762452778,29.3165174407562,29.0888155024772,28.8705550013636,29.0888155024772,29.0392503216033,29.1878763976491,29.0937707459177,29.3461817140249,29.2126271720896,29.1284509661644,29.1185434893225,29.1977774003059,29.0937707459177,29.1135894037099,29.1234973434636,29.242320482823,29.2373721746069,29.0293345027462,29.1680716196875,29.2076774790804,29.1581678438823,29.3461817140249,29.6177191814719,29.977057507944,29.8590524129916,29.8738101868109,29.8934840441875,29.8049231025195,29.7507663035967,29.7606150407326,29.4351248728131,29.009500080336,28.9946218259274,29.103680537945,28.9995814762791,28.940050336123,29.0689922118039,29.2076774790804,29.1185434893225,29.3165174407562,29.1334043574566,28.9946218259274,29.1433104459398,29.3659532950663,29.23242363567,29.3956037698873,29.400544711469,29.3066275082174,29.1284509661644,28.7811367266903,28.8407573086651,29.0293345027462,29.1878763976491,29.4054854233555,29.8541327014066,29.3461817140249,29.3115725896136,29.257164023458,29.3610107447515,29.4993153482952,29.4795685592941,29.775386440627,29.7655390681081,29.5684002590573,29.370895615469,29.3659532950663,29.3560679644938,29.4203061811547,29.4351248728131,29.3412382437518,29.3758377059907,29.0590791758805,28.8755204676278,28.8159194843254,28.7761668270904,28.8010139892131,28.6866686490532,28.5124270015936,28.3778151016153,28.2979638679726,28.1230778208426,28.1430795199092,28.0780600787342,28.1430795199092,28.2080587813783,28.0580460022081,28.043032942706,27.982959239327,27.7623943574465,27.8526815051994,27.8326244118639,27.8075476496238
28.5572594772178,28.3877922511433,28.7711966938393,28.7264549750173,28.6319379709646,28.4576058629756,28.4526207095317,28.666769865686,28.4526207095317,28.5472983510907,28.7513138236853,28.8457241736917,28.7861063926706,28.8606233696602,28.8755204676278,29.2225258655088,30.2764018809912,29.6472995727053,29.1383575173713,29.4301855384466,29.4301855384466,28.6916427592519,28.7165097979839,28.646867332668,28.9053083729833,29.4153661581674,29.0987257577298,28.9102722087998,29.0888155024772,29.257164023458,29.7409166564112,29.6620866878218,29.3511249542619,29.6423700780649,29.3066275082174,29.2522164072173,29.2027275551628,29.2126271720896,29.3906625985796,29.8000008936581,29.1135894037099,29.0987257577298,29.242320482823,28.9003443043406,28.9350878965987,28.8159194843254,28.6319379709646,28.5223914205637,28.6369146594003,28.7314272125631,28.9053083729833,28.8010139892131,28.7413709858727,28.6866686490532,28.9251623196095,29.0293345027462,29.3758377059907,29.9180712669515,29.4647560610483,29.227474865981,29.3758377059907,29.671943624202,29.4104259055781,29.5190584720663,29.3214620616761,29.0987257577298,28.8804857008759,29.242320482823,29.5634671097716,29.4548799158045,29.7606150407326,29.844292597587,29.8492127629486,30.1194732660389,30.364573235923,29.6472995727053,29.7704628680627,29.4351248728131,29.217576634222,29.4301855384466,29.8885659198648,29.9082370574946,30.0409225268145,29.7556907859056,29.6620866878218,29.4400639777012,29.3807795666623,29.4548799158045,29.2472685603494,29.009500080336,29.3461817140249,29.2621114091025,29.449941499166,29.5437322255563,29.6965819756635,29.4400639777012,29.3016821965364,29.2917908821956,29.1878763976491,29.1433104459398,28.7960450239002,28.5921160160095,28.4775441200496,28.253020924455,28.1180768014564,28.2829850186196,28.4227048373089,29.019417755741,28.930125224438,28.9499745173891,29.0045408944048,28.6617945840412,29.0392503216033,29.23242363567,29.0144590341043,28.7910758250633,28.930125224438,29.0987257577298,29.4203061811547,30.2567983841477,29.8590524129916,29.5091873682112,29.370895615469,29.1482631431937,28.930125224438,28.940050336123,28.8357902104004,28.9053083729833,29.083860027377,28.8804857008759,28.8655893020517,29.0045408944048,29.2076774790804,29.370895615469,29.6522288391912,29.9180712669515,29.972143232219,29.9524838675562,29.775386440627,29.4993153482952,29.4104259055781,29.23242363567,29.1977774003059,28.9251623196095,29.1532156091641,29.1482631431937,28.8953800028402,28.9598977684891,28.8804857008759,29.0045408944048,28.8705550013636,29.0144590341043,29.2621114091025,29.1433104459398,29.0987257577298,29.3313506129726,29.6817996485765,29.6522288391912,29.6226498173448,29.3412382437518,29.2373721746069,29.2769521827709,29.0987257577298,29.1977774003059,29.1433104459398,29.0590791758805,29.1581678438823,29.1977774003059,29.3165174407562,29.4993153482952,29.6325104041979,29.6275802249099,29.8934840441875,29.9623140023007,29.9426528277437,29.6916547611904,29.7212146309145,29.7606150407326,29.6226498173448,29.400544711469,29.1581678438823,29.3610107447515,29.1284509661644,28.98470182842,29.0045408944048,29.3412382437518,29.1532156091641,29.3560679644938,29.1383575173713,29.0789043205857,29.0987257577298,29.1284509661644,29.3214620616761,29.3115725896136,29.5239936805482,29.4153661581674,29.400544711469,29.1680716196875,28.9350878965987,29.0739483820717,29.2027275551628,29.4104259055781,29.5831983351633,29.9623140023007,29.671943624202,29.6620866878218,29.4598181030883,29.8738101868109,29.775386440627,29.6522288391912,29.7655390681081,29.977057507944,29.7655390681081,29.4301855384466,29.4548799158045,29.4351248728131,29.3115725896136,29.4894424120718,29.2522164072173,29.0689922118039,28.9797414812012,28.8904154684503,28.7711966938393,28.6916427592519,28.6816943046293,28.5323548983997,28.2879782051969,28.1080740489112,28.14807935022,28.1380794518489,28.1030723156867,28.2080587813783,28.0980703444506,28.0530418873914,27.962927032733,27.9729436137625,28.0930681351701,27.7924987130493,27.892784190336,27.7824648884334
28.6966166352573,28.5423174353593,28.5672196631112,28.8059827210337,28.8506908055119,28.6418911132907,28.4576058629756,28.482528095304,28.6717449129776,28.7363992161709,28.666769865686,28.5871372152255,28.7910758250633,28.8506908055119,28.7711966938393,29.0243762452778,29.400544711469,30.1440085410342,29.1086350865945,29.6423700780649,29.9377369683613,29.3610107447515,28.9995814762791,29.0689922118039,29.4153661581674,29.1334043574566,29.0888155024772,28.98470182842,28.9549362591941,29.3115725896136,29.2472685603494,29.2076774790804,29.3659532950663,29.3758377059907,29.0590791758805,29.227474865981,29.242320482823,29.1977774003059,29.3264064524046,29.370895615469,29.3313506129726,28.9896619433183,29.3659532950663,29.2225258655088,29.385721197515,28.930125224438,28.6269610479519,28.7960450239002,28.8854507011395,29.009500080336,28.9648590453057,28.8904154684503,29.0045408944048,29.242320482823,29.0739483820717,29.2522164072173,29.5733331796973,29.5782658717225,29.2373721746069,29.0392503216033,29.0689922118039,29.3313506129726,29.3956037698873,29.5684002590573,29.3264064524046,29.1086350865945,28.940050336123,29.23242363567,29.5486662897325,29.5387979325806,29.6226498173448,29.4993153482952,29.9917989785445,30.251896949001,30.2666005812584,30.0654758344281,29.449941499166,29.55360012514,29.0590791758805,29.785232903706,30.7702059921091,30.2273864061603,30.2028702487351,30.0409225268145,30.1930622128441,29.7606150407326,29.4054854233555,29.6522288391912,29.3610107447515,29.1334043574566,29.009500080336,29.2373721746069,29.3659532950663,29.4252459745708,29.4054854233555,29.4450028531419,29.1334043574566,29.1433104459398,29.1284509661644,29.173023160837,29.0144590341043,28.5024616412321,28.3828037944729,28.2480260793404,28.0380281127715,27.982959239327,28.0380281127715,28.9648590453057,28.9499745173891,29.0789043205857,29.019417755741,28.8159194843254,28.9549362591941,28.9201991820813,28.9450125430426,28.7861063926706,28.8556572041575,28.940050336123,29.0937707459177,29.4993153482952,29.1284509661644,29.3511249542619,29.3412382437518,28.8258553140296,28.9698200896756,29.4993153482952,29.0144590341043,29.0987257577298,29.019417755741,29.0987257577298,29.227474865981,29.3066275082174,29.5881305700507,29.6029259036991,29.785232903706,29.9082370574946,30.2224836239616,30.0752955782511,29.844292597587,29.5042514727762,29.2126271720896,29.2027275551628,29.2076774790804,29.1532156091641,29.1878763976491,29.3511249542619,29.1631198473796,28.9995814762791,28.9946218259274,29.217576634222,29.4203061811547,29.3264064524046,29.217576634222,29.2076774790804,29.2076774790804,29.2126271720896,29.6916547611904,29.6817996485765,29.6325104041979,29.6571578775531,29.3511249542619,29.1829255497865,29.103680537945,29.103680537945,29.1086350865945,29.0640358097506,29.103680537945,29.1086350865945,29.2076774790804,29.4943789947374,29.4993153482952,29.6226498173448,29.7803097858312,29.7261404787557,29.9524838675562,29.8885659198648,29.5930625764153,29.6916547611904,29.6078572246797,29.4647560610483,29.3165174407562,29.4400639777012,29.3511249542619,29.1383575173713,29.227474865981,29.5930625764153,29.3165174407562,29.3610107447515,29.257164023458,29.1433104459398,29.1185434893225,29.1829255497865,29.3115725896136,29.5239936805482,29.3165174407562,29.3214620616761,29.3659532950663,29.3313506129726,29.1829255497865,29.3461817140249,29.3758377059907,29.3511249542619,29.3362945434113,29.8934840441875,29.5733331796973,29.4696937897153,29.3807795666623,29.6620866878218,30.0654758344281,29.7704628680627,29.7507663035967,29.4746312891203,29.5684002590573,29.5239936805482,29.385721197515,29.3659532950663,29.400544711469,29.7212146309145,29.5387979325806,29.4845056002677,29.1779744708596,28.8804857008759,28.7314272125631,28.7463425217002,28.6866686490532,28.497478607949,28.3628476055947,28.2430309971616,28.3029563442362,28.0830630023446,28.1630774149815,28.1330791460061,28.1580782977234,28.048037534235,28.0780600787342,27.9879666938923,27.9529094959747,28.043032942706,27.7975152652541,27.7874819207868
28.5423174353593,28.5572594772178,28.3778151016153,28.7065636848157,28.8010139892131,28.8457241736917,28.5921160160095,28.3179323529188,28.5871372152255,28.676719725948,28.4725599092219,28.4576058629756,28.6866686490532,28.5522790316995,28.5572594772178,28.6717449129776,28.8556572041575,29.5239936805482,29.4153661581674,29.1829255497865,29.6374403552393,29.4252459745708,29.044207883055,29.019417755741,29.0739483820717,28.8804857008759,28.9053083729833,28.9648590453057,29.0045408944048,29.173023160837,29.0293345027462,28.9797414812012,28.9747809016303,29.4845056002677,29.0739483820717,29.1977774003059,29.3560679644938,29.019417755741,28.9946218259274,28.9946218259274,29.3016821965364,29.2868448794737,29.009500080336,28.8357902104004,29.0392503216033,29.1532156091641,29.2225258655088,29.2818986463425,28.8953800028402,29.0640358097506,29.217576634222,29.0789043205857,29.1878763976491,29.0888155024772,28.9201991820813,28.9102722087998,29.0689922118039,29.1878763976491,29.0541223101622,29.0590791758805,29.3560679644938,29.4450028531419,29.55360012514,29.5585337318094,29.4746312891203,29.5634671097716,29.4696937897153,29.23242363567,29.5585337318094,29.5930625764153,29.4400639777012,29.217576634222,30.0114511084659,30.4477796139247,30.3792614089673,29.9475684607986,30.4966943947684,29.9131542754777,29.8934840441875,30.6628380601376,30.0998409918593,29.8984019418799,30.4037372245722,30.2469952894203,30.197966343171,29.5634671097716,29.4746312891203,29.5733331796973,29.217576634222,29.0491652125642,29.0144590341043,28.9102722087998,28.9747809016303,29.2225258655088,29.4894424120718,29.2917908821956,29.217576634222,29.3115725896136,29.2522164072173,29.0293345027462,28.7612557262559,28.5572594772178,28.1830715081525,28.1430795199092,27.9228511486881,27.9128297863749,27.9579183838364,28.646867332668,28.8308228788658,29.1532156091641,29.0293345027462,29.0144590341043,29.257164023458,29.2076774790804,28.9350878965987,28.7214825035015,28.7413709858727,28.8705550013636,28.9995814762791,29.2769521827709,28.8655893020517,28.8953800028402,28.8953800028402,28.9648590453057,28.8308228788658,29.1334043574566,29.2126271720896,29.1532156091641,29.2868448794737,29.2621114091025,29.2621114091025,29.1977774003059,29.4351248728131,29.4351248728131,29.4450028531419,29.9082370574946,29.9917989785445,29.9819715575531,29.7655390681081,29.4054854233555,29.1878763976491,29.2621114091025,29.3412382437518,29.2126271720896,29.1532156091641,29.1829255497865,29.1631198473796,29.0045408944048,28.9797414812012,28.9648590453057,29.1977774003059,29.083860027377,29.4400639777012,29.2126271720896,29.217576634222,29.217576634222,29.3906625985796,29.400544711469,29.2373721746069,29.3115725896136,29.217576634222,29.3214620616761,29.1779744708596,29.0987257577298,29.1086350865945,29.2373721746069,29.3264064524046,29.23242363567,29.3362945434113,29.6325104041979,29.6226498173448,29.5091873682112,29.7606150407326,29.7261404787557,29.7458415937754,29.7113622521147,29.5239936805482,29.5190584720663,29.3412382437518,29.3412382437518,29.3362945434113,29.370895615469,29.1334043574566,28.9350878965987,28.9747809016303,29.400544711469,29.4054854233555,29.4153661581674,29.1234973434636,28.9499745173891,29.23242363567,29.0987257577298,29.1185434893225,29.3659532950663,29.3115725896136,29.2621114091025,29.2126271720896,29.0491652125642,29.2472685603494,29.3016821965364,29.4301855384466,29.4054854233555,29.3362945434113,30.1489149206362,29.5881305700507,29.3807795666623,29.3016821965364,29.667015270028,29.7803097858312,29.5141230346309,29.2621114091025,29.257164023458,29.3758377059907,29.4993153482952,29.5634671097716,29.3659532950663,29.1878763976491,29.3214620616761,29.4746312891203,29.4845056002677,29.1779744708596,28.9053083729833,28.6916427592519,28.6418911132907,28.8308228788658,28.5821581795757,28.2929711549704,28.2829850186196,28.1030723156867,28.1180768014564,28.1030723156867,28.0930681351701,28.0130003858666,27.982959239327,28.0230121922066,27.837639044803,27.9879666938923,27.837639044803,27.6670068026902,27.7975152652541
28.3828037944729,28.3828037944729,28.3828037944729,28.5522790316995,28.8159194843254,29.0541223101622,28.9747809016303,28.5273732771074,28.7513138236853,28.4725599092219,28.5223914205637,28.4875118350172,28.5871372152255,28.5771789090283,28.5273732771074,28.4227048373089,28.6418911132907,29.2670585641821,29.2769521827709,28.9797414812012,29.4301855384466,29.2076774790804,29.1234973434636,28.8506908055119,28.8109512193939,28.8258553140296,28.9003443043406,29.2868448794737,29.7458415937754,29.3511249542619,29.0541223101622,28.6269610479519,28.8904154684503,29.3461817140249,28.9102722087998,28.915235811822,29.1680716196875,29.2720054887278,28.9995814762791,28.9995814762791,29.217576634222,29.3016821965364,28.9995814762791,28.8556572041575,28.7761668270904,28.8606233696602,29.1086350865945,28.9946218259274,29.0144590341043,29.2027275551628,29.3461817140249,29.1928270144785,29.2027275551628,29.0937707459177,28.9797414812012,28.940050336123,29.0689922118039,29.2917908821956,29.3066275082174,29.1779744708596,29.3165174407562,29.4252459745708,29.2967366545395,29.6177191814719,29.4795685592941,29.5634671097716,29.6916547611904,29.5289286601073,29.242320482823,29.4845056002677,29.3659532950663,29.3115725896136,30.251896949001,30.3694695173139,29.6817996485765,29.9819715575531,30.657955149547,30.1489149206362,30.0998409918593,30.2469952894203,29.9917989785445,29.3511249542619,29.8934840441875,29.6965819756635,29.9426528277437,29.7015089622882,29.5930625764153,29.7803097858312,29.1631198473796,29.23242363567,28.9946218259274,28.9003443043406,28.8655893020517,29.0491652125642,29.217576634222,29.2769521827709,29.0937707459177,28.9896619433183,28.98470182842,28.8010139892131,28.8258553140296,28.7761668270904,28.5273732771074,28.1730749366739,27.9228511486881,28.1380794518489,28.3229238825521,28.7115368584326,28.9251623196095,28.9003443043406,29.0144590341043,28.8457241736917,29.0144590341043,29.5289286601073,29.2769521827709,28.9201991820813,28.6916427592519,29.0293345027462,29.0937707459177,29.0640358097506,29.0144590341043,28.8804857008759,28.7264549750173,28.7861063926706,28.8854507011395,29.0739483820717,29.2621114091025,29.2373721746069,29.103680537945,29.1433104459398,29.103680537945,29.5733331796973,29.7409166564112,29.6817996485765,29.5930625764153,29.9967123499873,29.977057507944,30.1391019363398,29.8492127629486,29.1433104459398,28.9747809016303,29.1433104459398,29.4993153482952,29.370895615469,29.2818986463425,29.3066275082174,29.1284509661644,29.1284509661644,29.044207883055,29.083860027377,29.0937707459177,29.1086350865945,29.1086350865945,29.2917908821956,29.2076774790804,29.4795685592941,29.4696937897153,29.5881305700507,29.0888155024772,29.0541223101622,29.1433104459398,29.2670585641821,29.23242363567,29.2472685603494,29.1086350865945,29.3165174407562,29.7704628680627,29.6522288391912,29.8541327014066,29.5190584720663,29.6817996485765,29.6177191814719,29.7556907859056,29.8639718977337,29.9328208826212,29.844292597587,29.7015089622882,29.5091873682112,29.2917908821956,29.3165174407562,29.2967366545395,29.3461817140249,29.3115725896136,29.2472685603494,29.2967366545395,29.2225258655088,29.3906625985796,29.5979943542878,29.3956037698873,29.0888155024772,29.1829255497865,29.1334043574566,29.2027275551628,29.4301855384466,29.5338634107745,29.400544711469,29.1532156091641,29.1631198473796,29.2225258655088,29.2076774790804,29.400544711469,29.4301855384466,29.6029259036991,30.3988425085929,29.7507663035967,29.5239936805482,29.3115725896136,29.7606150407326,29.671943624202,29.5091873682112,29.2621114091025,29.1631198473796,29.1482631431937,29.2621114091025,29.2769521827709,29.2670585641821,29.2818986463425,29.2868448794737,29.1779744708596,29.4894424120718,29.3016821965364,29.0640358097506,28.8655893020517,28.7513138236853,28.7861063926706,28.5821581795757,28.4725599092219,28.3129405866768,28.0780600787342,28.0730569169481,28.0780600787342,28.1180768014564,28.0830630023446,28.0780600787342,27.9479003691149,27.8426534379831,27.8276095391327,27.8476675914376,27.8476675914376,27.7924987130493
28.7264549750173,28.7463425217002,28.8755204676278,28.8457241736917,28.8506908055119,29.2472685603494,29.0342925281775,28.9698200896756,28.7612557262559,28.4775441200496,28.6219838903298,28.666769865686,28.6369146594003,28.537336284473,28.6518433175642,28.6966166352573,28.6369146594003,28.9797414812012,29.2670585641821,28.9598977684891,29.1334043574566,29.2027275551628,28.8556572041575,29.083860027377,28.8159194843254,28.6369146594003,28.6369146594003,29.019417755741,29.7409166564112,29.3906625985796,29.2373721746069,28.9797414812012,28.8854507011395,29.2670585641821,29.3906625985796,28.8556572041575,29.0293345027462,29.3412382437518,29.1135894037099,28.8457241736917,28.8904154684503,28.8357902104004,29.1878763976491,29.3214620616761,28.8159194843254,28.8308228788658,29.0987257577298,29.5042514727762,29.4400639777012,29.1977774003059,29.0293345027462,29.0243762452778,29.6522288391912,29.2225258655088,29.3214620616761,29.2225258655088,29.370895615469,29.2076774790804,29.0789043205857,29.3214620616761,29.449941499166,29.4301855384466,29.3165174407562,29.4351248728131,29.5979943542878,29.6472995727053,29.55360012514,29.4894424120718,29.449941499166,29.242320482823,29.2126271720896,29.3560679644938,29.8147668387412,29.4993153482952,29.8738101868109,30.6286530234468,30.4869132231383,30.4966943947684,30.3694695173139,30.1145655354327,29.7064357210951,29.7212146309145,30.3547800018646,29.972143232219,30.045833639664,29.9917989785445,29.8787289912069,29.5831983351633,29.2868448794737,29.2472685603494,29.0243762452778,28.9003443043406,28.9499745173891,29.0789043205857,28.9450125430426,29.0590791758805,29.2868448794737,29.227474865981,28.7612557262559,28.4675754627885,28.8109512193939,28.4127309928177,28.228044327915,28.1580782977234,28.2380356778862,28.3927804716586,28.4077437165986,28.6568190680113,28.7214825035015,28.7314272125631,28.8357902104004,28.7811367266903,28.8705550013636,28.9995814762791,29.23242363567,29.0293345027462,28.6269610479519,28.9797414812012,29.009500080336,28.9350878965987,29.0541223101622,28.8556572041575,28.8854507011395,28.8854507011395,29.4400639777012,29.5930625764153,29.2027275551628,29.103680537945,28.9946218259274,29.23242363567,29.4153661581674,29.4104259055781,29.8393722052915,29.844292597587,30.0605656241719,29.927904570493,30.1341951065232,30.3400884721394,29.7162885553777,29.257164023458,29.1482631431937,28.9747809016303,29.3066275082174,29.6177191814719,29.3560679644938,29.1532156091641,29.1135894037099,29.2769521827709,29.1532156091641,29.0937707459177,29.083860027377,29.0888155024772,29.1829255497865,29.3560679644938,29.4647560610483,29.3214620616761,28.9797414812012,29.2076774790804,29.2225258655088,29.103680537945,29.2126271720896,29.449941499166,29.3659532950663,29.5486662897325,29.8787289912069,29.6571578775531,30.0163635761093,30.1538210751758,29.9180712669515,29.5141230346309,29.4252459745708,29.667015270028,29.8885659198648,29.8492127629486,29.9573990480468,29.8344515860316,29.9328208826212,29.5486662897325,29.400544711469,29.5141230346309,29.6571578775531,29.4400639777012,29.5190584720663,29.2373721746069,28.9549362591941,29.227474865981,29.4400639777012,29.6127883172604,29.6029259036991,29.2967366545395,29.4845056002677,29.1680716196875,29.1878763976491,29.5042514727762,29.5042514727762,29.5091873682112,29.1532156091641,29.0640358097506,29.1631198473796,29.217576634222,29.2917908821956,29.3115725896136,29.4845056002677,30.2813021944153,29.7458415937754,29.4351248728131,29.4450028531419,29.9475684607986,29.7409166564112,29.6916547611904,29.5190584720663,29.4647560610483,29.1135894037099,28.98470182842,28.98470182842,28.9747809016303,29.0739483820717,28.9648590453057,28.915235811822,29.1977774003059,29.1928270144785,29.2522164072173,29.0541223101622,28.8308228788658,28.646867332668,28.61202887113,28.3977684560513,28.2829850186196,28.223048297154,28.1230778208426,28.2729979349236,28.2380356778862,28.1030723156867,28.0680535169536,28.0530418873914,28.0730569169481,28.0029876251156,27.8677218086608,27.8526815051994,27.7975152652541
28.930125224438,28.9549362591941,29.1878763976491,29.3659532950663,29.4598181030883,29.6472995727053,29.6029259036991,29.4647560610483,29.0541223101622,28.8010139892131,28.8208875158601,28.7711966938393,28.6369146594003,28.5522790316995,28.7463425217002,28.646867332668,28.6219838903298,29.0739483820717,29.257164023458,29.4548799158045,28.9747809016303,29.1185434893225,28.9003443043406,29.1334043574566,29.0392503216033,28.6418911132907,28.5622396876777,28.7960450239002,28.9946218259274,29.4104259055781,29.1383575173713,29.4301855384466,29.0987257577298,29.0342925281775,29.2670585641821,29.4054854233555,29.3066275082174,29.3511249542619,29.3511249542619,29.0144590341043,28.8357902104004,28.7065636848157,29.0045408944048,29.3016821965364,29.4351248728131,29.4598181030883,29.5239936805482,29.4696937897153,29.242320482823,29.0640358097506,29.1680716196875,29.1928270144785,29.173023160837,29.2621114091025,29.2720054887278,29.0888155024772,29.1334043574566,29.2720054887278,29.1631198473796,29.2670585641821,29.242320482823,29.4351248728131,29.4894424120718,29.4993153482952,29.4598181030883,29.1829255497865,29.1928270144785,29.2225258655088,28.9946218259274,28.8755204676278,29.4647560610483,29.3906625985796,29.7064357210951,29.8295307397771,29.8688911556633,30.7799613972138,30.5553627050914,30.5455868806973,31.2957372143541,30.501584646145,29.7212146309145,29.8492127629486,30.1145655354327,30.4722397930578,30.2322889637756,29.8246096664975,29.8049231025195,29.8000008936581,29.3362945434113,29.0590791758805,28.9698200896756,28.9797414812012,29.019417755741,29.0342925281775,29.1234973434636,29.5486662897325,29.5585337318094,29.2868448794737,28.8407573086651,28.8258553140296,28.8258553140296,28.9598977684891,28.5323548983997,28.0280177375547,28.253020924455,28.4326777380859,28.6020729131087,29.3264064524046,29.1680716196875,29.1433104459398,28.8655893020517,28.7363992161709,28.9995814762791,29.0541223101622,29.2818986463425,29.671943624202,29.4598181030883,29.4746312891203,29.0144590341043,28.8556572041575,29.0739483820717,29.0392503216033,28.8655893020517,28.8059827210337,28.9896619433183,29.4450028531419,29.3016821965364,28.98470182842,29.0342925281775,29.1135894037099,29.385721197515,29.449941499166,29.8295307397771,29.7409166564112,29.785232903706,29.8196883661623,30.0851144200226,30.5064746746021,30.1489149206362,29.7704628680627,29.5634671097716,29.3560679644938,29.3461817140249,29.5684002590573,29.4894424120718,29.3461817140249,28.98470182842,29.1086350865945,29.1086350865945,29.1532156091641,29.2472685603494,29.1482631431937,29.2126271720896,29.3115725896136,28.9896619433183,28.9648590453057,28.9896619433183,29.0392503216033,29.0243762452778,29.2472685603494,29.2621114091025,29.3214620616761,29.3956037698873,29.400544711469,29.6177191814719,29.5338634107745,30.0212758178786,29.8590524129916,29.667015270028,29.370895615469,29.4993153482952,29.7113622521147,29.5585337318094,29.7064357210951,29.671943624202,29.7901557942818,29.7901557942818,29.55360012514,29.6571578775531,29.6472995727053,29.5190584720663,29.8492127629486,29.8541327014066,29.5338634107745,29.1977774003059,29.2126271720896,29.4400639777012,29.4104259055781,29.217576634222,29.2225258655088,29.2621114091025,29.2917908821956,29.2720054887278,29.2769521827709,29.3511249542619,29.3412382437518,29.0342925281775,28.8755204676278,28.8904154684503,29.0491652125642,29.2720054887278,29.1532156091641,29.4696937897153,30.045833639664,29.8000008936581,29.6078572246797,30.0114511084659,29.9967123499873,29.7064357210951,29.6177191814719,29.8246096664975,29.5437322255563,29.3659532950663,29.257164023458,28.98470182842,29.0541223101622,29.0293345027462,29.0541223101622,28.940050336123,28.9350878965987,28.8655893020517,28.7910758250633,29.0590791758805,28.8755204676278,28.6269610479519,28.6219838903298,28.327915175609,28.2130555239183,28.1830715081525,28.1830715081525,28.0880656878123,28.043032942706,28.253020924455,28.0029876251156,27.9879666938923,28.0880656878123,27.8627086137778,27.8576951793018,27.8526815051994,27.7724301033211
28.6170064980665,28.9549362591941,29.3807795666623,29.5387979325806,29.3560679644938,29.5338634107745,29.6472995727053,29.6423700780649,28.9450125430426,28.8059827210337,28.8010139892131,28.9251623196095,28.7264549750173,28.5721994035508,28.537336284473,28.5572594772178,28.7513138236853,29.0789043205857,29.2621114091025,29.3264064524046,29.0392503216033,28.8109512193939,28.8953800028402,28.940050336123,28.9003443043406,28.8606233696602,28.5622396876777,28.5472983510907,28.5522790316995,28.98470182842,29.4252459745708,29.173023160837,29.7458415937754,29.3016821965364,28.8953800028402,29.1631198473796,29.1928270144785,29.019417755741,29.1878763976491,29.0789043205857,28.8208875158601,28.8159194843254,29.3807795666623,29.2720054887278,29.2522164072173,29.4993153482952,29.2720054887278,29.1086350865945,29.103680537945,29.1284509661644,29.370895615469,29.370895615469,29.1928270144785,29.23242363567,29.3412382437518,29.217576634222,29.0293345027462,28.7910758250633,28.7910758250633,28.7314272125631,28.7910758250633,29.1581678438823,29.4943789947374,29.4894424120718,29.1680716196875,29.1680716196875,29.173023160837,29.3807795666623,29.4153661581674,29.1482631431937,30.2077739295662,29.8541327014066,29.9917989785445,30.6335372663431,30.5504749042066,30.3792614089673,30.7262957111938,31.286028394033,30.7702059921091,30.3694695173139,30.5162540628758,29.5831983351633,29.2225258655088,30.2420934053758,30.1734434433101,30.1685381887201,29.671943624202,29.8196883661623,29.5684002590573,29.3362945434113,28.9797414812012,28.9698200896756,28.8854507011395,28.7015902771012,28.8705550013636,28.8407573086651,29.0342925281775,28.8457241736917,28.7314272125631,28.940050336123,28.482528095304,28.4675754627885,28.4127309928177,28.0079941248089,28.0079941248089,28.327915175609,28.8407573086651,29.1433104459398,29.0243762452778,29.0541223101622,28.8854507011395,28.9598977684891,28.9946218259274,28.8854507011395,29.2868448794737,30.0163635761093,30.197966343171,29.785232903706,29.2472685603494,29.1284509661644,29.3115725896136,29.227474865981,29.2472685603494,29.0293345027462,28.8705550013636,29.4400639777012,29.3066275082174,28.9946218259274,29.1482631431937,29.1482631431937,29.242320482823,29.449941499166,29.7162885553777,29.6965819756635,29.7015089622882,30.1145655354327,30.1145655354327,30.0065384149177,30.0654758344281,30.2273864061603,30.2273864061603,29.8492127629486,29.5782658717225,29.257164023458,29.2472685603494,29.4104259055781,29.23242363567,29.1086350865945,29.1433104459398,29.2126271720896,29.0937707459177,28.930125224438,28.9797414812012,28.9251623196095,29.0491652125642,28.8059827210337,28.9598977684891,29.019417755741,28.8953800028402,28.9499745173891,29.2621114091025,29.2522164072173,29.3511249542619,29.3906625985796,29.6522288391912,29.5289286601073,29.8885659198648,29.6472995727053,29.4943789947374,29.3758377059907,29.6275802249099,29.7359914914735,29.8098450842037,29.7409166564112,29.5239936805482,29.7556907859056,29.8000008936581,29.6867273188382,29.4845056002677,29.4153661581674,29.4252459745708,29.3807795666623,29.5190584720663,29.6620866878218,29.5387979325806,29.227474865981,29.4301855384466,29.2126271720896,29.227474865981,28.98470182842,29.083860027377,29.2868448794737,29.2917908821956,29.2917908821956,29.1482631431937,29.1482631431937,28.9598977684891,28.8357902104004,29.009500080336,29.2126271720896,29.3264064524046,29.3511249542619,29.7901557942818,29.8639718977337,29.795078457589,29.927904570493,30.3939475690725,29.8098450842037,29.6325104041979,29.6127883172604,29.5437322255563,29.5042514727762,29.5486662897325,29.385721197515,29.1433104459398,29.0342925281775,29.103680537945,29.0293345027462,28.930125224438,28.8804857008759,28.8308228788658,28.5771789090283,28.7015902771012,28.7015902771012,28.6717449129776,28.4426496954073,28.3927804716586,28.1780733411736,28.223048297154,28.2330401214815,28.0530418873914,28.2030618015135,28.223048297154,28.063049878718,27.9479003691149,28.0730569169481,27.8276095391327,27.8225944265762,27.7322813525865,27.6870956122065
28.7065636848157,28.9995814762791,29.5387979325806,29.4450028531419,29.3807795666623,29.2373721746069,29.242320482823,28.9053083729833,29.0541223101622,29.2126271720896,29.257164023458,29.1135894037099,28.8854507011395,28.607051009488,28.6518433175642,28.7711966938393,28.9797414812012,28.8904154684503,28.9946218259274,29.3659532950663,29.2967366545395,28.9450125430426,28.8556572041575,28.8258553140296,28.6816943046293,28.6170064980665,28.7811367266903,28.6319379709646,28.6170064980665,28.6916427592519,29.1878763976491,29.6325104041979,29.6423700780649,30.1145655354327,29.4746312891203,29.1532156091641,29.4795685592941,28.9102722087998,28.9102722087998,29.0293345027462,28.8109512193939,29.667015270028,29.8541327014066,29.2670585641821,29.2769521827709,29.4153661581674,29.5239936805482,29.4647560610483,29.3906625985796,29.5634671097716,29.6965819756635,29.5091873682112,29.5091873682112,29.3659532950663,29.3264064524046,29.0689922118039,28.8904154684503,28.930125224438,28.9896619433183,28.9698200896756,29.009500080336,29.242320482823,29.4696937897153,29.8000008936581,29.671943624202,29.6522288391912,29.6374403552393,29.6325104041979,30.0114511084659,30.197966343171,29.9033196129721,30.2666005812584,30.7799613972138,31.6543519446639,30.2813021944153,30.1636327091878,29.8295307397771,30.1832532777823,30.1685381887201,29.3560679644938,29.6571578775531,29.7310660989319,29.2769521827709,29.4696937897153,29.8246096664975,30.3498830491376,30.1685381887201,30.1636327091878,30.0114511084659,29.4993153482952,29.1383575173713,28.9549362591941,28.8357902104004,28.5572594772178,28.4077437165986,28.5074444391028,28.5472983510907,28.7214825035015,28.4675754627885,28.5323548983997,28.4476353203531,28.218052029166,28.1030723156867,28.063049878718,27.9328715542163,28.1780733411736,28.5921160160095,28.8407573086651,28.940050336123,29.009500080336,28.7314272125631,28.8755204676278,28.9450125430426,28.9995814762791,29.4696937897153,29.7162885553777,29.4746312891203,29.7310660989319,29.2373721746069,29.2522164072173,29.3214620616761,28.9648590453057,28.9896619433183,28.8407573086651,28.940050336123,29.4104259055781,29.217576634222,28.9053083729833,29.257164023458,29.1482631431937,29.2967366545395,29.2522164072173,29.449941499166,29.7803097858312,29.9819715575531,30.1243807714027,30.2567983841477,30.1440085410342,29.9229880319466,30.109657579554,30.0065384149177,29.7310660989319,29.671943624202,29.4845056002677,29.370895615469,29.3362945434113,29.4054854233555,29.4104259055781,29.3461817140249,29.6423700780649,29.2818986463425,28.9747809016303,28.7612557262559,28.7513138236853,29.083860027377,29.0243762452778,28.9251623196095,29.0590791758805,28.9797414812012,29.0689922118039,29.3313506129726,29.1482631431937,29.3560679644938,29.5190584720663,29.7556907859056,29.8098450842037,29.8836475688813,29.8000008936581,29.9229880319466,29.6620866878218,29.4647560610483,29.844292597587,29.9623140023007,30.1440085410342,29.8590524129916,29.9131542754777,29.8934840441875,29.795078457589,29.6325104041979,29.4153661581674,29.370895615469,29.3906625985796,29.5289286601073,29.6423700780649,29.6127883172604,29.5141230346309,29.671943624202,29.4351248728131,29.3115725896136,29.2373721746069,29.0937707459177,29.083860027377,29.3264064524046,29.3165174407562,29.1532156091641,29.019417755741,28.8904154684503,28.9946218259274,29.0243762452778,29.2472685603494,29.2076774790804,29.5684002590573,30.5553627050914,30.7653279576147,30.2420934053758,29.6325104041979,29.4696937897153,29.7261404787557,29.9967123499873,29.775386440627,29.667015270028,29.5141230346309,29.5190584720663,29.5387979325806,29.3461817140249,29.227474865981,29.3313506129726,29.3264064524046,29.3264064524046,29.0541223101622,28.8705550013636,28.6816943046293,28.8208875158601,28.6866686490532,28.6219838903298,28.3977684560513,28.4027562043539,28.332906232122,28.332906232122,28.2130555239183,28.2879782051969,28.3029563442362,28.253020924455,28.2130555239183,28.0780600787342,28.0230121922066,28.0029876251156,27.8877721929225,27.9879666938923,27.8526815051994
28.497478607949,28.6269610479519,29.2472685603494,29.6817996485765,29.227474865981,29.0937707459177,28.6717449129776,28.6717449129776,28.7811367266903,29.1581678438823,28.9499745173891,28.9251623196095,28.7015902771012,28.5174093287365,28.5871372152255,28.7264549750173,28.7314272125631,28.9797414812012,28.9251623196095,29.2522164072173,29.2818986463425,29.2670585641821,28.7811367266903,28.5871372152255,28.5024616412321,28.5721994035508,28.8308228788658,28.6617945840412,28.5522790316995,28.6319379709646,28.7761668270904,29.1928270144785,30.2126773856944,29.8885659198648,29.775386440627,29.3115725896136,29.4351248728131,29.5881305700507,29.6522288391912,29.3610107447515,29.844292597587,29.795078457589,29.8492127629486,29.6275802249099,29.3115725896136,29.4647560610483,29.667015270028,29.385721197515,29.4894424120718,29.5141230346309,29.6472995727053,29.3511249542619,29.1680716196875,29.1977774003059,29.1779744708596,28.8457241736917,28.9201991820813,29.083860027377,28.7562848918599,28.7662263269051,29.1334043574566,29.1532156091641,29.370895615469,29.671943624202,29.400544711469,29.3906625985796,29.6029259036991,29.6275802249099,29.5486662897325,29.3906625985796,29.9328208826212,29.8590524129916,29.3066275082174,29.8098450842037,29.7162885553777,30.0556551883126,29.4450028531419,29.8196883661623,30.3547800018646,29.1680716196875,28.7562848918599,29.6768717503746,29.9377369683613,29.7212146309145,29.4696937897153,29.8344515860316,30.3498830491376,30.1685381887201,29.8295307397771,29.3362945434113,29.103680537945,28.9350878965987,28.8804857008759,28.6916427592519,28.6866686490532,28.8705550013636,28.5622396876777,28.7562848918599,28.5871372152255,28.4326777380859,28.4576058629756,28.2380356778862,28.0830630023446,28.1880694376433,28.0180064083215,28.0530418873914,28.4625907807171,28.8109512193939,29.4845056002677,29.9524838675562,29.8098450842037,29.1977774003059,28.9102722087998,28.8953800028402,29.2076774790804,29.2373721746069,29.1185434893225,29.5387979325806,29.1086350865945,29.3906625985796,29.4647560610483,28.8407573086651,28.8258553140296,28.9946218259274,28.8457241736917,29.2868448794737,29.0293345027462,28.9648590453057,29.2967366545395,29.3066275082174,29.23242363567,29.1383575173713,29.4647560610483,29.9131542754777,30.0998409918593,29.972143232219,29.8196883661623,29.9524838675562,29.8295307397771,29.8541327014066,29.9573990480468,29.785232903706,29.8590524129916,29.6867273188382,29.4400639777012,29.4746312891203,29.3016821965364,29.4153661581674,29.2076774790804,29.1977774003059,29.1878763976491,28.9053083729833,28.7662263269051,28.7463425217002,28.9450125430426,29.0937707459177,29.0789043205857,29.0987257577298,29.1878763976491,29.385721197515,29.227474865981,29.1532156091641,29.3461817140249,29.449941499166,29.6325104041979,29.6571578775531,29.795078457589,30.0114511084659,29.785232903706,29.7803097858312,29.9229880319466,30.0212758178786,30.0360111882413,29.7655390681081,29.8344515860316,29.9131542754777,29.775386440627,29.8049231025195,29.6029259036991,29.3659532950663,29.1779744708596,29.2076774790804,29.6374403552393,29.4696937897153,29.5239936805482,29.7212146309145,29.6472995727053,29.5091873682112,29.2769521827709,29.2126271720896,29.0590791758805,28.9797414812012,29.1631198473796,29.1532156091641,28.9896619433183,28.7960450239002,28.7662263269051,28.8556572041575,28.9698200896756,29.1631198473796,29.0541223101622,29.0293345027462,29.1779744708596,29.4400639777012,29.7458415937754,29.5733331796973,29.5782658717225,29.2225258655088,29.6029259036991,30.0114511084659,30.1538210751758,29.9524838675562,29.5042514727762,29.4993153482952,29.5387979325806,29.4104259055781,29.242320482823,29.1977774003059,29.2027275551628,29.257164023458,29.1086350865945,28.7115368584326,28.8705550013636,28.6916427592519,28.537336284473,28.3877922511433,28.2630099036222,28.253020924455,28.2330401214815,28.0980703444506,28.223048297154,28.2380356778862,28.1880694376433,28.0230121922066,27.8777474797793,28.0079941248089,27.837639044803,27.8025315774346,27.8627086137778,27.7071805696107
28.4924953392214,28.6319379709646,28.9598977684891,29.5338634107745,29.2225258655088,28.5174093287365,28.5273732771074,28.5174093287365,28.7811367266903,28.7115368584326,28.7960450239002,28.6916427592519,28.6916427592519,28.5771789090283,28.5771789090283,28.5273732771074,28.7314272125631,28.8755204676278,28.7214825035015,28.9251623196095,29.2670585641821,29.3165174407562,29.0590791758805,28.7015902771012,28.4875118350172,28.6269610479519,28.7165097979839,28.8655893020517,28.7165097979839,28.61202887113,28.7363992161709,28.98470182842,29.1135894037099,29.5190584720663,29.6127883172604,29.3313506129726,29.0342925281775,29.5831983351633,29.1779744708596,28.8407573086651,29.257164023458,29.1581678438823,29.217576634222,29.8492127629486,29.4943789947374,29.844292597587,29.3807795666623,29.4548799158045,29.6571578775531,29.6571578775531,29.55360012514,29.1631198473796,29.044207883055,29.173023160837,28.8755204676278,28.7910758250633,28.7861063926706,28.7811367266903,28.6170064980665,28.5921160160095,28.915235811822,29.3758377059907,29.4943789947374,29.4943789947374,29.3807795666623,29.4351248728131,29.6226498173448,29.5338634107745,29.6325104041979,29.3807795666623,29.5831983351633,29.1878763976491,29.667015270028,30.001625495435,30.05074452682,29.4647560610483,29.1631198473796,29.3956037698873,30.3351908478087,28.9995814762791,28.4326777380859,29.2917908821956,30.7848387678825,29.795078457589,29.2917908821956,29.5831983351633,29.8393722052915,30.1930622128441,29.8393722052915,29.1234973434636,29.0293345027462,29.3214620616761,29.5190584720663,29.3066275082174,28.940050336123,28.8755204676278,28.9896619433183,28.8059827210337,28.5124270015936,28.1830715081525,28.3578579676639,28.4725599092219,28.7115368584326,28.482528095304,28.1130755441568,28.1230778208426,28.2979638679726,28.4376638346625,28.8506908055119,29.1433104459398,29.1433104459398,28.9201991820813,29.1977774003059,29.1185434893225,29.009500080336,28.8953800028402,29.0590791758805,29.4746312891203,29.5831983351633,29.9377369683613,29.8984019418799,29.2225258655088,29.2472685603494,29.667015270028,29.0243762452778,29.019417755741,29.009500080336,29.0937707459177,29.103680537945,29.1433104459398,29.0590791758805,29.1482631431937,29.6522288391912,30.251896949001,30.4184200315594,30.0752955782511,29.4548799158045,29.5881305700507,29.8541327014066,29.7901557942818,30.094932359983,29.9328208826212,29.927904570493,29.6472995727053,29.3313506129726,29.3313506129726,29.1977774003059,29.3362945434113,29.083860027377,28.9946218259274,28.9549362591941,28.9747809016303,28.7314272125631,28.7513138236853,29.3461817140249,29.1482631431937,29.3412382437518,29.4153661581674,29.1878763976491,29.3313506129726,29.6177191814719,29.6325104041979,29.5338634107745,29.6374403552393,30.4037372245722,30.4966943947684,30.3449858725725,30.4331008277436,30.3302929995506,30.001625495435,29.9819715575531,29.7606150407326,29.8393722052915,29.7901557942818,30.1783484729875,30.0556551883126,29.8885659198648,29.7261404787557,29.6867273188382,29.4943789947374,29.1928270144785,29.1829255497865,29.4104259055781,29.5091873682112,29.5239936805482,29.5338634107745,29.5486662897325,29.4746312891203,29.4104259055781,29.3412382437518,29.1878763976491,29.1383575173713,29.0590791758805,29.0689922118039,29.0937707459177,28.8059827210337,28.7662263269051,28.7662263269051,28.8159194843254,29.1680716196875,29.0739483820717,29.009500080336,29.173023160837,29.2522164072173,29.3115725896136,29.2472685603494,29.2225258655088,29.3313506129726,29.242320482823,29.3412382437518,29.7704628680627,29.6768717503746,29.5387979325806,29.5141230346309,29.4203061811547,29.4203061811547,29.3165174407562,29.3264064524046,29.3165174407562,29.3362945434113,29.3412382437518,29.0144590341043,29.1433104459398,29.1284509661644,28.6866686490532,28.3927804716586,28.3628476055947,28.2979638679726,28.2380356778862,28.1930671296786,28.2030618015135,28.218052029166,28.0930681351701,28.0730569169481,27.9378813982687,27.9128297863749,27.9328715542163,27.9378813982687,27.8476675914376,27.7021596912783
28.6966166352573,28.9797414812012,28.9648590453057,28.9499745173891,28.5074444391028,28.6568190680113,28.3578579676639,28.5423174353593,28.3678370072086,28.4326777380859,28.5273732771074,28.5423174353593,28.6916427592519,28.5921160160095,28.5074444391028,28.4625907807171,28.7115368584326,28.7214825035015,28.4675754627885,28.7165097979839,28.940050336123,29.1135894037099,28.940050336123,28.9053083729833,28.607051009488,28.5223914205637,28.5821581795757,28.7314272125631,28.7214825035015,28.61202887113,28.7214825035015,28.7015902771012,28.9995814762791,29.3362945434113,29.1135894037099,29.7901557942818,29.1234973434636,29.0392503216033,29.4845056002677,29.0243762452778,28.915235811822,29.0888155024772,28.9995814762791,29.0739483820717,29.2472685603494,29.0689922118039,29.3461817140249,29.5585337318094,29.844292597587,29.4746312891203,29.1680716196875,29.1532156091641,29.1532156091641,29.1234973434636,29.009500080336,28.9201991820813,29.0590791758805,28.8904154684503,28.8705550013636,28.9549362591941,29.1433104459398,29.6867273188382,29.8246096664975,29.8393722052915,29.8098450842037,29.667015270028,29.4696937897153,29.671943624202,29.55360012514,30.1243807714027,29.385721197515,28.8357902104004,29.7409166564112,30.3155981109145,29.8098450842037,29.385721197515,28.9946218259274,29.1779744708596,29.8049231025195,29.6522288391912,28.7562848918599,28.7562848918599,30.6481886624036,30.0900235027141,29.6177191814719,29.8049231025195,29.8246096664975,29.4054854233555,28.9648590453057,29.5239936805482,29.242320482823,29.5289286601073,29.7113622521147,29.5141230346309,28.8705550013636,28.7165097979839,28.7363992161709,28.7811367266903,28.4526207095317,28.1930671296786,28.4725599092219,29.2621114091025,29.6078572246797,29.2720054887278,28.607051009488,28.1180768014564,28.0530418873914,28.4326777380859,28.5223914205637,28.8159194843254,28.8208875158601,28.8457241736917,28.8854507011395,29.1135894037099,28.7761668270904,28.7910758250633,29.1135894037099,29.3610107447515,29.3906625985796,30.1292880515541,30.0212758178786,29.8000008936581,29.5338634107745,29.55360012514,29.2621114091025,29.2472685603494,29.2472685603494,29.2621114091025,29.3659532950663,29.3610107447515,29.7409166564112,29.9082370574946,29.9573990480468,30.1341951065232,30.251896949001,30.1489149206362,30.001625495435,29.671943624202,29.5289286601073,29.785232903706,29.8934840441875,29.6423700780649,29.9131542754777,29.7704628680627,29.3956037698873,29.4795685592941,29.4845056002677,29.3362945434113,29.1779744708596,29.0491652125642,28.9698200896756,29.1135894037099,28.930125224438,28.98470182842,29.0243762452778,29.0987257577298,29.1086350865945,29.3313506129726,29.6374403552393,29.9131542754777,30.0605656241719,29.6325104041979,29.6275802249099,29.7409166564112,29.8934840441875,29.667015270028,29.5979943542878,29.775386440627,29.5733331796973,30.0163635761093,30.0998409918593,29.7359914914735,29.7359914914735,29.5091873682112,29.8147668387412,30.05074452682,29.9131542754777,29.6768717503746,29.5979943542878,29.4845056002677,29.1631198473796,28.9747809016303,29.1928270144785,29.400544711469,29.3264064524046,29.4104259055781,29.6127883172604,29.3906625985796,29.2076774790804,28.9797414812012,29.2027275551628,29.1334043574566,28.98470182842,28.9201991820813,28.8953800028402,28.8854507011395,28.8854507011395,28.7811367266903,28.7662263269051,28.7811367266903,28.8606233696602,29.4252459745708,29.227474865981,29.1631198473796,29.227474865981,29.1532156091641,29.1581678438823,29.0640358097506,29.0541223101622,29.0640358097506,29.3115725896136,29.3412382437518,29.400544711469,29.3956037698873,29.5239936805482,29.3659532950663,29.1383575173713,29.1383575173713,29.0293345027462,29.2522164072173,29.3511249542619,29.3807795666623,29.3511249542619,29.1383575173713,28.8705550013636,28.666769865686,28.3678370072086,28.2680040377398,28.2080587813783,28.1680762946208,28.1730749366739,28.0580460022081,28.043032942706,28.0330230443987,28.048037534235,27.9328715542163,27.9579183838364,27.7473389366228,27.7874819207868,27.7373007876777
28.8109512193939,28.9896619433183,28.6418911132907,28.9053083729833,28.930125224438,28.6617945840412,28.5174093287365,28.3927804716586,28.5024616412321,28.6816943046293,28.5572594772178,28.4276914056455,28.5423174353593,28.7065636848157,28.61202887113,28.7015902771012,28.646867332668,28.8506908055119,28.7264549750173,28.4775441200496,28.646867332668,28.7115368584326,28.940050336123,28.8457241736917,28.8159194843254,28.6816943046293,28.7065636848157,28.5721994035508,28.7264549750173,28.6717449129776,28.6866686490532,28.7413709858727,28.8755204676278,28.7910758250633,29.1482631431937,29.5190584720663,29.4450028531419,29.5239936805482,29.3362945434113,29.2522164072173,29.019417755741,29.0144590341043,29.3906625985796,29.2373721746069,29.4104259055781,29.227474865981,29.55360012514,29.4993153482952,29.5091873682112,29.5486662897325,29.3214620616761,29.2868448794737,29.3906625985796,29.4054854233555,29.4450028531419,29.7261404787557,29.5190584720663,29.2818986463425,29.083860027377,29.2967366545395,29.3956037698873,29.4993153482952,29.7162885553777,29.8639718977337,29.6423700780649,29.4351248728131,29.4598181030883,29.2522164072173,29.3758377059907,29.4993153482952,29.0491652125642,28.666769865686,29.844292597587,29.9426528277437,29.3066275082174,29.3659532950663,29.2917908821956,29.3016821965364,29.8049231025195,29.9524838675562,29.5042514727762,29.6571578775531,30.7458136060084,29.8295307397771,29.7901557942818,29.3906625985796,29.8492127629486,29.217576634222,28.915235811822,29.0243762452778,28.915235811822,29.6620866878218,29.7113622521147,29.9623140023007,28.7513138236853,28.646867332668,28.7761668270904,28.7363992161709,28.5572594772178,28.2829850186196,28.3029563442362,29.242320482823,29.4845056002677,29.1581678438823,28.61202887113,28.1380794518489,27.8627086137778,28.0930681351701,28.2680040377398,28.607051009488,28.7711966938393,28.8804857008759,29.2373721746069,29.6029259036991,28.8804857008759,28.8159194843254,28.9102722087998,29.4598181030883,29.775386440627,30.1685381887201,30.3547800018646,30.2420934053758,30.3498830491376,29.8492127629486,29.6029259036991,29.3115725896136,29.4993153482952,29.2621114091025,29.242320482823,29.5684002590573,29.7556907859056,29.7606150407326,29.9868853810766,30.158727004683,30.3400884721394,30.2175806171496,30.4184200315594,30.2322889637756,29.5486662897325,29.4400639777012,29.5091873682112,29.5585337318094,29.7359914914735,29.5881305700507,29.3066275082174,29.217576634222,29.4153661581674,29.1928270144785,29.1829255497865,28.9995814762791,28.7363992161709,28.9102722087998,29.0987257577298,29.0293345027462,29.083860027377,29.103680537945,28.930125224438,29.5881305700507,29.9524838675562,29.5585337318094,29.7556907859056,29.6127883172604,29.7507663035967,29.5881305700507,29.4400639777012,29.3758377059907,29.4845056002677,29.3758377059907,29.785232903706,29.7409166564112,29.8492127629486,29.6374403552393,29.6226498173448,29.8787289912069,29.7606150407326,29.5831983351633,29.671943624202,29.8541327014066,29.7310660989319,29.4993153482952,29.2126271720896,29.1928270144785,29.2769521827709,29.4400639777012,29.4054854233555,29.3362945434113,29.5091873682112,29.3906625985796,29.3758377059907,29.2126271720896,29.257164023458,29.242320482823,28.9747809016303,28.8208875158601,28.8655893020517,28.8010139892131,28.8953800028402,28.940050336123,28.8258553140296,28.7811367266903,28.9797414812012,29.795078457589,29.3906625985796,29.400544711469,29.23242363567,29.1086350865945,29.1383575173713,28.9896619433183,28.8556572041575,29.0045408944048,29.0689922118039,29.3362945434113,29.5141230346309,29.3264064524046,29.2967366545395,29.3659532950663,29.2818986463425,29.1284509661644,29.1779744708596,29.2621114091025,29.2670585641821,29.2868448794737,29.2670585641821,29.23242363567,29.083860027377,28.6269610479519,28.3927804716586,28.2630099036222,28.3079485837934,28.1830715081525,28.1730749366739,28.0880656878123,28.0780600787342,28.0029876251156,28.0580460022081,27.9228511486881,27.8877721929225,27.8777474797793,27.8777474797793,27.8727347639835
28.7662263269051,28.6568190680113,28.7165097979839,28.9201991820813,28.7513138236853,28.7662263269051,28.5024616412321,28.5423174353593,28.3778151016153,28.4476353203531,28.4326777380859,28.5323548983997,28.7015902771012,28.646867332668,28.6568190680113,28.7363992161709,28.6170064980665,28.5472983510907,28.482528095304,28.4376638346625,28.3927804716586,28.676719725948,28.8308228788658,29.0640358097506,28.9053083729833,28.8804857008759,28.8059827210337,28.8755204676278,28.9102722087998,28.8109512193939,28.7662263269051,28.8159194843254,28.8407573086651,29.23242363567,29.083860027377,29.2769521827709,29.5831983351633,29.449941499166,29.3313506129726,29.2373721746069,29.0541223101622,29.0937707459177,29.5239936805482,29.4252459745708,29.4450028531419,29.2522164072173,29.4400639777012,29.2917908821956,29.4598181030883,29.5437322255563,29.5486662897325,29.5387979325806,29.8738101868109,30.05074452682,30.0752955782511,29.8836475688813,29.5289286601073,29.3807795666623,29.1928270144785,29.23242363567,29.385721197515,29.4894424120718,29.6472995727053,30.1145655354327,29.4845056002677,29.2126271720896,29.3461817140249,29.4795685592941,29.7359914914735,29.1779744708596,29.1383575173713,28.666769865686,29.775386440627,30.1243807714027,29.2076774790804,29.1829255497865,29.4894424120718,29.8246096664975,29.4894424120718,29.4054854233555,30.5211434227513,31.169454392732,31.169454392732,30.3743655749854,30.109657579554,30.1391019363398,30.158727004683,29.7359914914735,29.1284509661644,29.0243762452778,28.8457241736917,29.3906625985796,29.5091873682112,29.6472995727053,28.98470182842,28.6518433175642,28.4924953392214,28.5821581795757,28.4576058629756,28.2729979349236,28.1930671296786,29.0342925281775,29.3956037698873,29.5881305700507,28.7015902771012,28.1580782977234,27.8627086137778,27.9979808867536,28.2380356778862,28.4326777380859,28.6418911132907,28.9896619433183,29.4450028531419,29.7409166564112,29.3412382437518,29.1631198473796,29.009500080336,30.2813021944153,30.2077739295662,30.2420934053758,30.1391019363398,30.0114511084659,30.364573235923,29.795078457589,29.3610107447515,29.0987257577298,29.3610107447515,29.5585337318094,29.844292597587,29.8787289912069,29.8295307397771,29.9573990480468,29.7261404787557,29.7556907859056,30.1636327091878,30.364573235923,30.4673482035432,30.4331008277436,29.4351248728131,29.3412382437518,29.4795685592941,29.55360012514,29.6472995727053,29.5141230346309,29.5091873682112,29.1977774003059,29.4400639777012,29.4795685592941,29.4647560610483,28.9797414812012,28.8705550013636,28.9896619433183,29.0590791758805,29.083860027377,29.1383575173713,29.1829255497865,29.2076774790804,29.5979943542878,30.2126773856944,30.0163635761093,29.6867273188382,29.8393722052915,29.9917989785445,29.6965819756635,29.6226498173448,29.5239936805482,29.2126271720896,29.385721197515,29.3560679644938,30.0310996239144,29.7556907859056,30.0310996239144,30.0261878338035,29.8196883661623,29.7606150407326,29.6226498173448,29.667015270028,29.7261404787557,29.7113622521147,29.55360012514,29.370895615469,29.3214620616761,29.2027275551628,29.23242363567,29.3906625985796,29.5634671097716,29.4647560610483,29.3906625985796,29.2076774790804,29.1581678438823,29.1680716196875,29.0243762452778,29.1383575173713,28.8059827210337,28.4875118350172,28.61202887113,28.8159194843254,28.9102722087998,29.0739483820717,29.1334043574566,29.3362945434113,30.0605656241719,29.6275802249099,29.6275802249099,29.2522164072173,29.3412382437518,29.3362945434113,28.9995814762791,28.8556572041575,28.7513138236853,29.0640358097506,29.3610107447515,29.5239936805482,29.5239936805482,29.3313506129726,29.1532156091641,29.1383575173713,29.1482631431937,29.1433104459398,29.0590791758805,29.1581678438823,29.2917908821956,29.1878763976491,29.2818986463425,29.0689922118039,28.666769865686,28.4775441200496,28.4027562043539,28.2080587813783,28.2430309971616,28.1630774149815,28.258015532538,28.0880656878123,28.1730749366739,28.048037534235,28.0330230443987,27.9078187463413,27.8877721929225,27.8777474797793,27.8627086137778
28.7513138236853,28.8755204676278,28.6518433175642,28.6717449129776,28.6170064980665,28.607051009488,28.4924953392214,28.3877922511433,28.2130555239183,28.2030618015135,28.332906232122,28.5672196631112,28.5423174353593,28.4526207095317,28.5871372152255,28.7363992161709,28.4675754627885,28.5024616412321,28.253020924455,28.2680040377398,28.332906232122,28.372826172538,28.7165097979839,28.8308228788658,28.7165097979839,28.8308228788658,28.8059827210337,28.8705550013636,29.1185434893225,28.8159194843254,28.930125224438,28.9450125430426,28.940050336123,29.1135894037099,29.5091873682112,29.8393722052915,30.1440085410342,29.9623140023007,29.785232903706,29.6620866878218,29.1383575173713,29.1829255497865,29.257164023458,29.7212146309145,29.5289286601073,29.4351248728131,29.2076774790804,29.3313506129726,29.1680716196875,29.2868448794737,29.2967366545395,29.4795685592941,29.6867273188382,30.0310996239144,30.0605656241719,29.9131542754777,29.7113622521147,29.3906625985796,29.2720054887278,29.2917908821956,29.5141230346309,29.257164023458,29.4795685592941,29.7359914914735,29.4746312891203,29.2126271720896,29.1581678438823,29.4153661581674,29.6916547611904,29.1779744708596,28.676719725948,28.7562848918599,29.7064357210951,29.8196883661623,28.9648590453057,29.0590791758805,29.7162885553777,29.3066275082174,29.173023160837,30.0752955782511,29.5091873682112,29.6571578775531,29.4894424120718,30.3253949273354,30.1734434433101,29.9377369683613,29.8492127629486,29.5979943542878,29.5782658717225,29.3461817140249,29.4203061811547,30.0851144200226,29.7162885553777,29.2373721746069,29.4993153482952,29.4104259055781,28.5721994035508,28.61202887113,28.497478607949,28.2130555239183,28.5024616412321,29.2373721746069,29.23242363567,28.8804857008759,28.2630099036222,28.1780733411736,28.228044327915,27.9479003691149,28.1980645842911,28.3179323529188,28.5721994035508,28.9499745173891,29.1631198473796,28.940050336123,28.9003443043406,28.9995814762791,28.9946218259274,29.9475684607986,30.1930622128441,30.1391019363398,29.775386440627,29.4548799158045,29.9868853810766,29.8295307397771,29.967228730348,29.55360012514,29.3659532950663,29.3610107447515,29.5239936805482,29.5831983351633,30.1047493983729,30.3302929995506,30.2371912968375,29.4845056002677,29.967228730348,29.9819715575531,29.9033196129721,30.0065384149177,29.2868448794737,28.8854507011395,29.1433104459398,29.6325104041979,29.5881305700507,29.6226498173448,29.1383575173713,28.9797414812012,29.3115725896136,29.0293345027462,29.0144590341043,28.9797414812012,28.8904154684503,28.9549362591941,29.0590791758805,29.1086350865945,29.0689922118039,29.2027275551628,29.6029259036991,29.8393722052915,30.045833639664,29.9623140023007,29.7803097858312,29.6127883172604,29.6177191814719,29.6325104041979,29.7162885553777,29.5387979325806,29.3511249542619,29.370895615469,29.1433104459398,30.0212758178786,30.0900235027141,29.8492127629486,29.7212146309145,29.370895615469,29.3956037698873,29.6423700780649,29.8344515860316,29.6768717503746,29.7162885553777,29.6374403552393,29.4746312891203,29.227474865981,29.1581678438823,29.1284509661644,29.3214620616761,29.370895615469,29.5387979325806,29.3412382437518,29.2076774790804,29.009500080336,29.1135894037099,28.8755204676278,28.9648590453057,28.8308228788658,28.5871372152255,28.4625907807171,28.7513138236853,29.0392503216033,29.3560679644938,29.0541223101622,29.1433104459398,29.3511249542619,29.6423700780649,29.9917989785445,29.4153661581674,29.3906625985796,29.370895615469,28.9946218259274,29.0342925281775,29.083860027377,29.083860027377,29.4351248728131,29.3758377059907,29.3511249542619,29.3807795666623,29.2917908821956,29.1383575173713,28.9102722087998,28.940050336123,28.9350878965987,29.019417755741,29.1680716196875,29.173023160837,29.0392503216033,29.0342925281775,28.666769865686,28.4426496954073,28.3578579676639,28.258015532538,28.1630774149815,28.228044327915,28.1780733411736,28.1080740489112,28.0680535169536,27.9178405871461,27.9979808867536,27.8526815051994,27.7924987130493,27.8476675914376,27.7423199823454
28.7115368584326,28.676719725948,28.6518433175642,28.7761668270904,28.7711966938393,28.8457241736917,28.8159194843254,28.332906232122,28.1730749366739,28.327915175609,28.3977684560513,28.6319379709646,28.6020729131087,28.4476353203531,28.5074444391028,28.3828037944729,28.4177180330437,28.2330401214815,28.4775441200496,28.3678370072086,28.2480260793404,28.4376638346625,28.6518433175642,28.8308228788658,29.009500080336,29.3412382437518,29.1234973434636,28.8854507011395,29.0640358097506,28.940050336123,29.257164023458,28.7363992161709,28.7413709858727,28.930125224438,29.5141230346309,29.8098450842037,29.8344515860316,30.2371912968375,29.9573990480468,29.8344515860316,29.449941499166,29.173023160837,29.0888155024772,29.3264064524046,29.5387979325806,29.5239936805482,29.5190584720663,29.3115725896136,29.1086350865945,29.2967366545395,29.4450028531419,29.2917908821956,29.5585337318094,29.8787289912069,29.8738101868109,29.7162885553777,29.7507663035967,29.4351248728131,29.4400639777012,29.257164023458,29.5042514727762,29.400544711469,29.2373721746069,29.5733331796973,29.3956037698873,29.257164023458,29.1334043574566,29.2522164072173,29.3066275082174,29.1185434893225,28.5572594772178,28.7811367266903,29.6226498173448,29.6078572246797,28.9648590453057,29.385721197515,29.6768717503746,29.3906625985796,30.0752955782511,29.1631198473796,28.8208875158601,28.6418911132907,28.7711966938393,29.5634671097716,29.7113622521147,29.9524838675562,29.4054854233555,29.5782658717225,29.0689922118039,29.2670585641821,29.1829255497865,29.3511249542619,29.3511249542619,28.8258553140296,29.7704628680627,29.7556907859056,28.9698200896756,28.7015902771012,28.5721994035508,28.2829850186196,28.4725599092219,28.9003443043406,28.7513138236853,28.3628476055947,28.3628476055947,28.048037534235,28.0330230443987,27.892784190336,28.2130555239183,28.5472983510907,28.5921160160095,28.5672196631112,28.8258553140296,28.7612557262559,28.7861063926706,28.7861063926706,28.8904154684503,29.55360012514,29.9180712669515,29.972143232219,30.2960017892775,29.6522288391912,29.3214620616761,29.370895615469,30.0802051118783,30.045833639664,29.5042514727762,29.2472685603494,29.23242363567,29.5239936805482,29.9967123499873,29.9377369683613,30.0900235027141,29.7409166564112,29.7556907859056,29.7409166564112,29.5733331796973,29.8196883661623,29.1928270144785,28.8308228788658,28.9648590453057,29.4993153482952,29.667015270028,29.3016821965364,28.9698200896756,28.9499745173891,28.8159194843254,28.8705550013636,28.8506908055119,28.8655893020517,28.8556572041575,29.1334043574566,29.2769521827709,29.019417755741,29.0689922118039,29.1977774003059,29.4795685592941,29.9377369683613,29.775386440627,29.5585337318094,29.4845056002677,29.3066275082174,29.4450028531419,29.5782658717225,29.5190584720663,29.4845056002677,29.2967366545395,29.2076774790804,29.370895615469,29.6472995727053,30.3596767307832,29.9819715575531,29.8492127629486,29.5684002590573,29.1086350865945,29.3906625985796,29.7113622521147,29.6423700780649,29.844292597587,29.7310660989319,29.2522164072173,28.98470182842,28.9350878965987,28.9797414812012,29.1334043574566,29.4400639777012,29.5437322255563,29.4252459745708,29.227474865981,28.9450125430426,28.9201991820813,28.8208875158601,29.103680537945,28.7513138236853,28.5921160160095,28.4775441200496,28.5970945819598,29.0144590341043,29.2670585641821,29.3511249542619,29.1284509661644,28.9003443043406,29.0144590341043,29.2917908821956,29.4203061811547,29.4252459745708,29.4054854233555,29.1284509661644,29.0739483820717,29.0392503216033,29.3610107447515,29.5979943542878,29.4450028531419,29.2472685603494,29.3956037698873,29.4153661581674,29.1383575173713,28.9648590453057,28.9102722087998,28.8854507011395,28.915235811822,29.0243762452778,29.083860027377,29.0243762452778,28.9450125430426,28.666769865686,28.4725599092219,28.4725599092219,28.2879782051969,28.253020924455,28.1730749366739,28.1680762946208,28.0730569169481,28.0029876251156,28.0680535169536,27.892784190336,27.8727347639835,27.8526815051994,27.837639044803,27.777447615956
28.9896619433183,28.9053083729833,28.8159194843254,28.8457241736917,28.9201991820813,28.8010139892131,28.6866686490532,28.4625907807171,28.372826172538,28.6020729131087,28.6966166352573,28.6319379709646,28.5672196631112,28.6219838903298,28.5174093287365,28.342887635646,28.3828037944729,28.4576058629756,28.4675754627885,28.5423174353593,28.5672196631112,28.497478607949,28.61202887113,28.8308228788658,29.1433104459398,29.0243762452778,28.6916427592519,28.8059827210337,28.8208875158601,28.8755204676278,28.8655893020517,28.7115368584326,28.6568190680113,28.7562848918599,28.9201991820813,29.0987257577298,29.2472685603494,29.4993153482952,29.6817996485765,29.6472995727053,29.7261404787557,29.1482631431937,29.044207883055,29.1829255497865,29.5239936805482,29.449941499166,29.3362945434113,29.23242363567,29.217576634222,29.3115725896136,29.4993153482952,29.3115725896136,29.3165174407562,29.3165174407562,29.6078572246797,29.55360012514,29.3511249542619,29.1779744708596,29.1779744708596,28.9102722087998,29.0789043205857,29.6817996485765,29.667015270028,29.7212146309145,29.2621114091025,29.1284509661644,28.9549362591941,28.9598977684891,29.0144590341043,28.7910758250633,28.482528095304,29.2076774790804,29.6226498173448,29.4795685592941,29.6374403552393,29.4153661581674,30.2862022835847,29.8738101868109,28.8258553140296,28.6617945840412,28.7662263269051,29.4795685592941,28.7861063926706,28.9450125430426,30.1685381887201,30.1194732660389,29.3362945434113,29.3362945434113,29.0541223101622,29.0739483820717,29.3165174407562,29.1532156091641,29.6226498173448,29.1482631431937,29.6916547611904,30.0212758178786,29.8049231025195,29.0342925281775,28.2680040377398,28.5124270015936,29.3412382437518,29.0243762452778,28.482528095304,28.497478607949,28.332906232122,28.14807935022,28.1380794518489,27.8877721929225,28.1980645842911,28.5821581795757,28.5522790316995,28.7811367266903,28.7960450239002,28.8258553140296,28.9350878965987,28.8208875158601,28.7711966938393,28.9598977684891,29.6522288391912,29.3956037698873,29.6472995727053,29.6472995727053,29.4548799158045,29.8344515860316,30.1930622128441,29.667015270028,29.8393722052915,29.5289286601073,29.0144590341043,29.5239936805482,29.9328208826212,29.9377369683613,29.5486662897325,29.977057507944,29.9623140023007,29.9426528277437,29.6374403552393,29.4400639777012,29.1135894037099,28.930125224438,29.1581678438823,29.2225258655088,29.2868448794737,29.2027275551628,29.009500080336,28.7910758250633,28.8755204676278,28.8059827210337,28.8357902104004,28.8755204676278,28.8606233696602,29.0689922118039,29.3115725896136,29.1185434893225,29.0987257577298,29.4450028531419,29.6029259036991,29.785232903706,29.7015089622882,29.6768717503746,29.7901557942818,29.5042514727762,29.5979943542878,29.9868853810766,29.6423700780649,29.3461817140249,29.3807795666623,29.1631198473796,29.385721197515,29.6522288391912,29.6867273188382,29.775386440627,29.9868853810766,30.0114511084659,29.9131542754777,29.7113622521147,29.8196883661623,29.7212146309145,29.7261404787557,29.6522288391912,29.5042514727762,29.242320482823,28.9698200896756,28.9698200896756,29.0937707459177,29.242320482823,29.3906625985796,29.4252459745708,29.0491652125642,28.9747809016303,28.8258553140296,28.9102722087998,28.9598977684891,28.8357902104004,28.7363992161709,28.7214825035015,28.676719725948,29.0491652125642,29.6078572246797,29.3610107447515,29.370895615469,29.0888155024772,28.8208875158601,29.0045408944048,29.1878763976491,29.5585337318094,29.6078572246797,29.2621114091025,29.0739483820717,29.1928270144785,29.5338634107745,29.5190584720663,29.3214620616761,29.242320482823,29.257164023458,29.3165174407562,29.1680716196875,28.9598977684891,28.8506908055119,28.930125224438,28.8755204676278,29.0293345027462,29.0491652125642,28.9251623196095,29.0541223101622,28.7513138236853,28.4875118350172,28.4576058629756,28.3378970521235,28.1680762946208,28.1730749366739,28.0880656878123,28.1130755441568,28.1330791460061,28.0580460022081,27.982959239327,28.0380281127715,27.8426534379831,27.7674123504958,27.7975152652541
28.7065636848157,28.8904154684503,28.8308228788658,28.7662263269051,28.6866686490532,28.8755204676278,28.6966166352573,28.5124270015936,28.6319379709646,29.0392503216033,28.8953800028402,28.6617945840412,28.537336284473,28.5074444391028,28.6568190680113,28.5871372152255,28.7662263269051,28.676719725948,28.5074444391028,28.4127309928177,28.4875118350172,28.5622396876777,28.7910758250633,28.9450125430426,28.8457241736917,28.8308228788658,28.7115368584326,28.666769865686,28.6717449129776,28.6816943046293,28.6866686490532,28.7811367266903,28.7115368584326,28.8059827210337,28.7314272125631,28.8804857008759,29.2720054887278,29.2868448794737,29.4598181030883,29.4845056002677,29.671943624202,29.6177191814719,29.1334043574566,29.0342925281775,29.3066275082174,29.3115725896136,29.4301855384466,29.1086350865945,29.3511249542619,29.257164023458,29.2373721746069,29.0689922118039,28.9251623196095,28.930125224438,29.1878763976491,29.4450028531419,29.3511249542619,29.1532156091641,28.9251623196095,29.1581678438823,29.1532156091641,29.4203061811547,29.257164023458,29.2967366545395,29.1383575173713,29.0144590341043,29.1135894037099,29.3906625985796,29.6177191814719,29.4104259055781,29.4203061811547,29.8000008936581,29.9967123499873,30.6530720169788,30.5260325598254,30.1292880515541,30.3302929995506,29.8787289912069,29.2225258655088,28.8010139892131,28.9549362591941,30.3009012058606,29.775386440627,28.9598977684891,29.9917989785445,29.9967123499873,29.8688911556633,29.8147668387412,29.5634671097716,29.2621114091025,29.2225258655088,29.3659532950663,29.6275802249099,29.4548799158045,30.0212758178786,30.3890524059812,30.3890524059812,29.4894424120718,28.7065636848157,28.6518433175642,29.0243762452778,28.915235811822,28.646867332668,28.7214825035015,28.6020729131087,28.4924953392214,28.607051009488,28.3877922511433,28.3927804716586,28.6916427592519,28.8159194843254,28.8159194843254,28.7065636848157,28.930125224438,28.9499745173891,28.9598977684891,28.7861063926706,28.8506908055119,29.4993153482952,29.6522288391912,29.5733331796973,29.785232903706,30.1734434433101,30.5504749042066,30.501584646145,30.0212758178786,29.6522288391912,29.7458415937754,29.1581678438823,29.0491652125642,29.5634671097716,29.5486662897325,29.5141230346309,29.8590524129916,29.9868853810766,29.8738101868109,29.9524838675562,29.6275802249099,29.1829255497865,28.6617945840412,28.9102722087998,29.1878763976491,29.1680716196875,29.217576634222,28.9648590453057,28.9102722087998,28.9053083729833,28.9251623196095,29.0243762452778,28.9201991820813,28.930125224438,29.0491652125642,29.227474865981,29.2472685603494,29.217576634222,29.4696937897153,29.5930625764153,29.5831983351633,29.5091873682112,29.5782658717225,29.400544711469,29.3906625985796,29.785232903706,30.2420934053758,29.9819715575531,29.7409166564112,29.3016821965364,29.1334043574566,29.5930625764153,29.5585337318094,29.5239936805482,29.5831983351633,29.7261404787557,29.7556907859056,29.5930625764153,29.6078572246797,29.8984019418799,29.8984019418799,29.6472995727053,29.5190584720663,29.385721197515,29.1482631431937,28.9053083729833,28.9003443043406,29.0987257577298,29.370895615469,29.4351248728131,29.5831983351633,29.227474865981,28.8010139892131,28.6319379709646,28.9698200896756,28.9698200896756,28.7165097979839,28.666769865686,28.7363992161709,28.8159194843254,29.0144590341043,29.1482631431937,29.2076774790804,29.5782658717225,29.3461817140249,29.1284509661644,29.103680537945,29.3165174407562,29.449941499166,29.6177191814719,29.3610107447515,29.1878763976491,29.257164023458,29.4301855384466,29.4696937897153,29.3362945434113,29.4104259055781,29.242320482823,29.2967366545395,29.2472685603494,28.9053083729833,28.9251623196095,28.915235811822,28.915235811822,28.9053083729833,29.0243762452778,28.9450125430426,28.9598977684891,28.7562848918599,28.5024616412321,28.372826172538,28.2080587813783,28.14807935022,28.1880694376433,28.1530789428139,28.1180768014564,28.0580460022081,27.9929739096901,28.0680535169536,27.9328715542163,27.8576951793018,27.8075476496238,27.7724301033211
28.6816943046293,28.8804857008759,28.8159194843254,28.7811367266903,28.5323548983997,28.8655893020517,29.0789043205857,28.4326777380859,29.0491652125642,29.5979943542878,29.0243762452778,28.7214825035015,28.5174093287365,28.4526207095317,28.7612557262559,28.6568190680113,29.0293345027462,28.8705550013636,28.7165097979839,28.6518433175642,28.7015902771012,28.6916427592519,28.5522790316995,28.7115368584326,28.6319379709646,28.5970945819598,28.61202887113,28.5472983510907,28.5423174353593,28.8606233696602,28.5572594772178,28.4077437165986,28.4276914056455,28.7363992161709,28.61202887113,28.676719725948,28.9499745173891,29.23242363567,29.1581678438823,29.1433104459398,29.3313506129726,29.5831983351633,29.55360012514,29.1829255497865,29.370895615469,29.5387979325806,29.5042514727762,29.3412382437518,29.4647560610483,29.3461817140249,28.9549362591941,28.9896619433183,28.930125224438,28.9201991820813,29.2126271720896,29.1383575173713,29.1135894037099,29.0293345027462,28.8258553140296,29.083860027377,28.9102722087998,29.1631198473796,29.1581678438823,28.8159194843254,29.0789043205857,28.9598977684891,29.0342925281775,29.370895615469,30.5553627050914,31.0673487102469,29.4301855384466,29.4104259055781,29.4301855384466,29.972143232219,29.5733331796973,29.3313506129726,29.2373721746069,29.6423700780649,29.4894424120718,29.019417755741,29.0888155024772,29.9131542754777,30.8140983473607,29.6275802249099,29.9868853810766,29.8590524129916,30.1047493983729,30.1636327091878,29.8492127629486,29.5239936805482,29.7556907859056,29.370895615469,29.1185434893225,29.0739483820717,29.667015270028,29.9377369683613,30.0851144200226,29.4845056002677,28.9003443043406,28.6418911132907,28.6966166352573,28.7413709858727,28.7165097979839,28.6418911132907,28.9003443043406,29.2818986463425,29.103680537945,29.0987257577298,28.8109512193939,28.6816943046293,28.7314272125631,28.8854507011395,28.9450125430426,28.9350878965987,28.8655893020517,28.8059827210337,28.7562848918599,29.0045408944048,30.0900235027141,29.9967123499873,29.4104259055781,29.400544711469,29.5881305700507,30.4918039204427,30.6091138300302,30.045833639664,29.0937707459177,29.0392503216033,28.9598977684891,28.8655893020517,29.242320482823,29.1334043574566,29.2967366545395,29.5190584720663,29.5190584720663,29.7655390681081,29.9328208826212,29.9180712669515,29.0045408944048,28.7811367266903,28.9350878965987,29.3165174407562,29.3511249542619,28.9499745173891,29.0144590341043,28.8953800028402,28.7065636848157,28.7065636848157,28.930125224438,28.9201991820813,28.8953800028402,29.0491652125642,29.2917908821956,29.4647560610483,29.257164023458,29.2917908821956,29.4450028531419,29.4351248728131,29.4746312891203,29.4548799158045,29.3165174407562,29.4351248728131,29.4548799158045,29.9524838675562,29.972143232219,29.8246096664975,29.6275802249099,29.7015089622882,29.8000008936581,29.6275802249099,29.6374403552393,29.5831983351633,29.8246096664975,29.7803097858312,29.6127883172604,29.7261404787557,30.05074452682,30.0654758344281,29.8934840441875,29.5141230346309,29.2522164072173,29.019417755741,28.7761668270904,28.9499745173891,29.173023160837,29.4301855384466,29.4845056002677,29.5881305700507,29.3066275082174,28.9698200896756,28.9896619433183,28.9251623196095,28.9102722087998,28.6518433175642,28.7115368584326,28.676719725948,28.7314272125631,28.915235811822,29.1383575173713,29.0342925281775,29.1977774003059,29.103680537945,29.1680716196875,29.667015270028,29.7556907859056,29.5782658717225,29.5091873682112,29.1878763976491,29.3560679644938,29.2076774790804,29.5881305700507,29.4696937897153,29.5239936805482,29.4548799158045,29.4647560610483,29.217576634222,29.0689922118039,29.0144590341043,28.8854507011395,28.8606233696602,28.8407573086651,28.7960450239002,28.8755204676278,28.8606233696602,28.9598977684891,28.940050336123,28.5821581795757,28.3778151016153,28.1280786023483,28.0830630023446,28.0780600787342,28.1980645842911,28.1980645842911,27.9979808867536,27.8777474797793,27.9979808867536,27.8225944265762,27.9128297863749,27.8075476496238,27.8326244118639
28.7513138236853,28.6518433175642,28.7214825035015,28.61202887113,28.6568190680113,29.0342925281775,29.044207883055,28.8953800028402,29.0392503216033,29.2225258655088,29.257164023458,28.6269610479519,28.4227048373089,28.6717449129776,28.7811367266903,29.1185434893225,29.0392503216033,29.1532156091641,28.9053083729833,29.0293345027462,29.0491652125642,28.7960450239002,28.4376638346625,28.5223914205637,28.5871372152255,28.9201991820813,28.9201991820813,28.666769865686,28.5323548983997,29.1086350865945,28.7861063926706,28.4376638346625,28.4177180330437,28.61202887113,28.6020729131087,28.5821581795757,28.7065636848157,29.019417755741,28.9450125430426,29.1135894037099,29.2917908821956,29.2868448794737,29.4351248728131,29.4301855384466,29.5979943542878,29.2868448794737,29.1334043574566,29.7556907859056,29.5091873682112,29.2868448794737,29.0392503216033,28.9747809016303,29.0640358097506,29.1779744708596,29.1680716196875,29.0342925281775,29.019417755741,28.8506908055119,28.7562848918599,28.7413709858727,28.6617945840412,28.9003443043406,28.9946218259274,28.9450125430426,29.019417755741,28.8258553140296,28.9201991820813,29.1185434893225,29.775386440627,31.3248584397525,30.1832532777823,28.6617945840412,29.7015089622882,32.0551745731177,31.8621918687855,30.7994695527038,30.3253949273354,29.5585337318094,29.5091873682112,29.23242363567,29.0937707459177,29.2720054887278,30.3009012058606,30.3009012058606,30.001625495435,29.972143232219,30.2911021485288,30.2960017892775,30.0310996239144,29.6374403552393,29.6275802249099,29.2818986463425,29.1383575173713,28.8705550013636,29.2670585641821,29.2818986463425,29.4845056002677,29.3659532950663,28.9350878965987,28.6319379709646,28.4725599092219,28.4775441200496,28.4875118350172,28.4875118350172,28.8556572041575,29.7359914914735,29.227474865981,28.7513138236853,28.6020729131087,28.6916427592519,28.7513138236853,28.9598977684891,29.009500080336,28.7811367266903,28.7314272125631,28.98470182842,28.9896619433183,29.0789043205857,29.4943789947374,29.4845056002677,29.2818986463425,29.2027275551628,29.5091873682112,30.1734434433101,30.3694695173139,30.0163635761093,29.0491652125642,28.9053083729833,28.9251623196095,28.8606233696602,28.940050336123,29.1334043574566,29.2472685603494,29.667015270028,29.4104259055781,29.4795685592941,29.4301855384466,29.8196883661623,29.1135894037099,28.6966166352573,28.7811367266903,29.2769521827709,29.2967366545395,29.0739483820717,28.9350878965987,28.9648590453057,28.9450125430426,28.9995814762791,28.9350878965987,29.0243762452778,29.2076774790804,29.3115725896136,29.3313506129726,29.0888155024772,29.1878763976491,29.1829255497865,29.2670585641821,29.4104259055781,29.5684002590573,29.4845056002677,29.5042514727762,29.449941499166,29.385721197515,30.2077739295662,30.0261878338035,29.7162885553777,29.6226498173448,29.5437322255563,29.5831983351633,29.4153661581674,29.4647560610483,29.5042514727762,29.7015089622882,29.9033196129721,29.6078572246797,29.7113622521147,29.8984019418799,29.5289286601073,29.6177191814719,29.5881305700507,29.242320482823,28.940050336123,28.7662263269051,28.9003443043406,29.103680537945,29.3807795666623,29.6029259036991,29.4104259055781,29.23242363567,29.1482631431937,28.9995814762791,28.9747809016303,28.9102722087998,28.5771789090283,28.4027562043539,28.5223914205637,28.7214825035015,28.915235811822,29.2027275551628,29.4598181030883,29.3906625985796,29.667015270028,29.8738101868109,29.8738101868109,29.9967123499873,29.6571578775531,29.5585337318094,29.5585337318094,29.3906625985796,29.2126271720896,29.5387979325806,29.3511249542619,29.55360012514,29.6768717503746,29.4598181030883,29.2472685603494,29.009500080336,28.9450125430426,28.8258553140296,28.7811367266903,28.6319379709646,28.6170064980665,28.8953800028402,28.930125224438,28.915235811822,28.9648590453057,28.6717449129776,28.3877922511433,28.1980645842911,28.1180768014564,28.0380281127715,28.1130755441568,27.9879666938923,27.9979808867536,27.9428910032239,27.9428910032239,27.9028074670123,27.9078187463413,27.7272616770383,27.7222417610001
28.8109512193939,28.7910758250633,28.646867332668,28.5323548983997,28.5672196631112,28.8556572041575,29.4301855384466,29.6423700780649,29.5387979325806,29.400544711469,29.0243762452778,28.676719725948,28.5074444391028,28.6219838903298,28.5970945819598,28.7314272125631,29.0293345027462,28.9896619433183,29.0342925281775,29.3016821965364,29.217576634222,28.9648590453057,28.6717449129776,28.482528095304,28.6816943046293,29.173023160837,29.2917908821956,28.8655893020517,28.8109512193939,28.9201991820813,28.8506908055119,28.5522790316995,28.4376638346625,28.676719725948,28.4625907807171,28.6568190680113,28.8159194843254,28.9995814762791,29.1086350865945,29.1086350865945,29.0888155024772,29.0987257577298,29.3066275082174,29.3214620616761,29.2818986463425,29.2818986463425,29.3066275082174,29.5042514727762,29.4943789947374,29.7310660989319,29.3115725896136,29.2225258655088,29.1086350865945,29.1581678438823,29.2076774790804,29.009500080336,29.0689922118039,28.8308228788658,28.5672196631112,28.4526207095317,28.4875118350172,28.8059827210337,28.8904154684503,28.9995814762791,29.0045408944048,28.8407573086651,28.8308228788658,28.9698200896756,29.3362945434113,29.7704628680627,30.5260325598254,29.6325104041979,31.4848850513474,31.1548737839995,29.5486662897325,29.7409166564112,29.967228730348,30.3253949273354,30.0703858191111,29.785232903706,29.9917989785445,29.23242363567,29.019417755741,30.40863171704,29.9180712669515,29.4153661581674,30.2960017892775,30.1783484729875,30.0409225268145,29.6226498173448,29.1433104459398,28.9499745173891,28.8010139892131,28.6617945840412,28.8705550013636,28.8258553140296,28.8357902104004,29.3956037698873,28.8407573086651,29.0541223101622,29.3264064524046,28.7214825035015,28.4725599092219,28.5921160160095,28.4875118350172,28.9102722087998,28.915235811822,28.5871372152255,28.5672196631112,28.607051009488,28.6269610479519,28.61202887113,28.8357902104004,28.6966166352573,28.666769865686,29.009500080336,29.1581678438823,29.2720054887278,29.2917908821956,29.6916547611904,29.3016821965364,29.2917908821956,29.3807795666623,29.7310660989319,29.9623140023007,29.1383575173713,29.3461817140249,29.370895615469,28.7562848918599,28.6020729131087,28.6219838903298,28.8556572041575,29.103680537945,29.5091873682112,29.5091873682112,29.6177191814719,29.4104259055781,29.4894424120718,29.3362945434113,29.019417755741,28.8854507011395,29.1383575173713,29.3412382437518,28.98470182842,28.8109512193939,28.8010139892131,28.9549362591941,28.8407573086651,29.019417755741,29.2225258655088,29.4203061811547,29.370895615469,29.4104259055781,29.1928270144785,29.3461817140249,29.2769521827709,29.3214620616761,29.4746312891203,29.7556907859056,29.385721197515,29.5141230346309,29.5141230346309,29.400544711469,29.4351248728131,29.6916547611904,29.7212146309145,29.449941499166,29.4598181030883,29.3412382437518,29.4845056002677,29.3412382437518,29.2818986463425,29.5141230346309,29.6817996485765,29.844292597587,29.8541327014066,29.9033196129721,29.6078572246797,29.6916547611904,29.5684002590573,29.257164023458,29.0491652125642,28.8506908055119,28.9003443043406,28.940050336123,29.0689922118039,29.1383575173713,29.3066275082174,29.55360012514,29.3066275082174,29.0789043205857,29.1086350865945,28.9995814762791,28.7165097979839,28.4276914056455,28.3578579676639,28.646867332668,28.7115368584326,29.2076774790804,29.5634671097716,29.9180712669515,29.8738101868109,30.3841570192894,29.8639718977337,29.5831983351633,29.5141230346309,29.4696937897153,29.667015270028,29.5387979325806,29.3659532950663,29.4203061811547,29.4203061811547,29.3807795666623,29.4647560610483,29.4894424120718,29.242320482823,29.009500080336,28.8854507011395,28.8705550013636,28.7811367266903,28.8357902104004,28.9549362591941,28.8953800028402,28.9102722087998,28.9350878965987,28.9251623196095,28.7811367266903,28.7662263269051,28.3678370072086,28.1880694376433,28.1830715081525,28.0830630023446,27.9879666938923,28.0830630023446,28.1030723156867,27.9178405871461,27.9328715542163,27.9178405871461,27.8526815051994,27.812563481855
29.0541223101622,28.8357902104004,28.6518433175642,28.4077437165986,28.3628476055947,28.8904154684503,29.0937707459177,29.5387979325806,29.5387979325806,29.5387979325806,29.1234973434636,28.7910758250633,28.6418911132907,28.646867332668,28.5970945819598,28.6170064980665,28.7115368584326,28.7413709858727,28.9549362591941,29.227474865981,29.4746312891203,29.2076774790804,28.8606233696602,28.5721994035508,28.8854507011395,29.0144590341043,29.5091873682112,29.5190584720663,28.9102722087998,28.7463425217002,28.8208875158601,28.8109512193939,28.7910758250633,28.6617945840412,28.7065636848157,28.98470182842,29.1829255497865,29.1135894037099,29.1284509661644,29.0789043205857,29.0888155024772,28.9350878965987,29.2076774790804,29.2868448794737,29.1928270144785,29.2917908821956,29.1532156091641,29.2967366545395,29.3758377059907,29.4400639777012,29.4795685592941,29.1185434893225,29.0937707459177,29.2621114091025,29.3214620616761,29.1383575173713,29.0144590341043,28.8258553140296,28.8010139892131,28.7562848918599,28.7115368584326,28.7711966938393,28.8556572041575,28.8904154684503,29.0590791758805,28.9102722087998,29.2472685603494,29.1234973434636,29.3511249542619,29.6029259036991,30.2813021944153,31.1840330310874,30.9310571530394,29.2769521827709,28.9053083729833,29.1433104459398,28.9053083729833,28.9003443043406,29.1135894037099,29.4993153482952,29.6275802249099,29.2670585641821,29.23242363567,29.7556907859056,30.3596767307832,30.4575643551052,30.0605656241719,30.1636327091878,29.8688911556633,29.6078572246797,29.044207883055,28.7165097979839,28.7314272125631,28.7363992161709,28.8556572041575,28.8059827210337,28.7314272125631,29.2818986463425,29.0045408944048,29.8393722052915,29.7507663035967,28.8755204676278,28.4625907807171,28.3528680933838,28.4576058629756,28.6020729131087,28.7761668270904,28.5423174353593,28.4326777380859,28.646867332668,28.6717449129776,28.7761668270904,29.0342925281775,28.7811367266903,28.7761668270904,28.7612557262559,28.9598977684891,29.1334043574566,29.0789043205857,29.1779744708596,29.5979943542878,29.8000008936581,29.9917989785445,30.1440085410342,30.0163635761093,29.3313506129726,29.6423700780649,29.3461817140249,28.8059827210337,28.6816943046293,28.5970945819598,28.8556572041575,28.9499745173891,29.257164023458,29.6226498173448,29.6275802249099,29.8393722052915,29.7162885553777,29.6177191814719,29.6127883172604,29.0293345027462,28.8904154684503,29.3313506129726,29.0590791758805,28.9053083729833,28.8208875158601,28.9896619433183,29.1086350865945,29.385721197515,29.4400639777012,29.2917908821956,29.385721197515,29.2917908821956,29.3412382437518,29.370895615469,29.3659532950663,29.2769521827709,29.7064357210951,29.7409166564112,29.5141230346309,29.2373721746069,29.3511249542619,29.1532156091641,29.3956037698873,29.4153661581674,29.3313506129726,29.0789043205857,29.3461817140249,29.0689922118039,29.1977774003059,29.1779744708596,29.2818986463425,29.4795685592941,29.4647560610483,29.6867273188382,29.8984019418799,29.8688911556633,29.8344515860316,29.7015089622882,29.6768717503746,29.257164023458,28.9102722087998,28.9102722087998,28.7214825035015,28.8606233696602,28.9201991820813,28.9648590453057,29.1334043574566,29.1383575173713,29.3016821965364,29.1928270144785,28.9648590453057,28.7463425217002,28.5622396876777,28.4476353203531,28.3927804716586,28.5522790316995,28.7861063926706,29.1234973434636,29.227474865981,29.9229880319466,30.0998409918593,30.3939475690725,30.0310996239144,29.6325104041979,29.3362945434113,29.3362945434113,29.4598181030883,29.4598181030883,29.3906625985796,29.1977774003059,29.2225258655088,29.4548799158045,29.2621114091025,29.3264064524046,29.2522164072173,29.1631198473796,29.0144590341043,28.8904154684503,28.9797414812012,28.8357902104004,28.9946218259274,28.9201991820813,28.9648590453057,28.8804857008759,28.7612557262559,28.5472983510907,28.5472983510907,28.3828037944729,28.342887635646,28.3678370072086,28.2030618015135,28.1080740489112,28.1030723156867,28.0880656878123,28.1330791460061,28.048037534235,27.982959239327,27.9078187463413,27.8977959483549
29.8295307397771,29.1334043574566,28.6568190680113,28.6568190680113,28.3877922511433,28.6717449129776,28.915235811822,29.2522164072173,28.9598977684891,29.1135894037099,29.1532156091641,29.0293345027462,28.7761668270904,28.5771789090283,28.6020729131087,28.8655893020517,28.5970945819598,28.607051009488,28.7513138236853,29.4450028531419,29.3956037698873,29.2076774790804,29.0045408944048,28.9896619433183,28.9995814762791,29.2670585641821,29.1680716196875,29.972143232219,29.3511249542619,28.9003443043406,29.1284509661644,28.9896619433183,28.7811367266903,28.8953800028402,28.9549362591941,29.4845056002677,29.3461817140249,29.103680537945,28.7910758250633,28.8109512193939,28.9946218259274,29.242320482823,29.3560679644938,29.4450028531419,29.257164023458,29.009500080336,28.8258553140296,29.0590791758805,29.0342925281775,29.0640358097506,29.2967366545395,29.3610107447515,29.217576634222,29.1631198473796,29.1383575173713,29.2621114091025,29.0045408944048,29.0144590341043,28.9201991820813,28.9549362591941,28.9201991820813,28.8904154684503,28.8904154684503,29.083860027377,29.1086350865945,28.9350878965987,29.0491652125642,29.0937707459177,29.1185434893225,29.6127883172604,29.6226498173448,31.4945760258868,29.7655390681081,29.0392503216033,28.8606233696602,29.0144590341043,29.3214620616761,29.3214620616761,29.7064357210951,29.4301855384466,29.257164023458,30.094932359983,30.0998409918593,30.4722397930578,31.3685255637321,31.0965316297901,30.3743655749854,30.2960017892775,29.9917989785445,29.6275802249099,29.6078572246797,29.0144590341043,28.6418911132907,28.646867332668,28.8953800028402,28.8606233696602,28.7413709858727,28.5970945819598,28.7463425217002,29.6522288391912,29.4696937897153,28.8308228788658,28.5174093287365,28.4725599092219,28.5174093287365,28.5721994035508,28.676719725948,28.646867332668,28.6020729131087,28.7214825035015,28.7960450239002,28.8159194843254,28.8407573086651,28.7960450239002,28.7065636848157,28.6866686490532,29.400544711469,29.1977774003059,28.8457241736917,29.2670585641821,29.967228730348,29.8049231025195,30.4037372245722,30.5504749042066,30.197966343171,29.6029259036991,29.7655390681081,29.449941499166,28.9698200896756,28.8308228788658,28.7612557262559,28.7960450239002,28.8655893020517,29.1829255497865,29.2967366545395,29.2670585641821,29.8590524129916,29.4943789947374,29.4894424120718,29.6817996485765,29.3165174407562,29.083860027377,29.2818986463425,29.0888155024772,28.9896619433183,28.9995814762791,29.217576634222,29.257164023458,29.4351248728131,29.4450028531419,29.3362945434113,29.3758377059907,29.2126271720896,29.1680716196875,29.3610107447515,29.1135894037099,29.1135894037099,29.9180712669515,29.9377369683613,29.6916547611904,29.5289286601073,29.257164023458,29.2868448794737,29.2621114091025,29.2720054887278,28.9499745173891,29.009500080336,28.9598977684891,29.0045408944048,28.8755204676278,28.9896619433183,29.0789043205857,29.1878763976491,29.4450028531419,29.6916547611904,29.6127883172604,29.5881305700507,29.6965819756635,29.6226498173448,29.6965819756635,29.2769521827709,29.0739483820717,28.915235811822,28.9102722087998,28.8407573086651,28.6866686490532,28.8059827210337,29.1383575173713,29.257164023458,29.257164023458,28.9598977684891,28.8407573086651,28.7065636848157,28.5472983510907,28.3927804716586,28.6020729131087,28.7015902771012,28.8308228788658,28.8606233696602,29.1185434893225,30.0802051118783,30.2911021485288,30.9602770077943,30.5309214741276,29.6522288391912,29.3956037698873,29.227474865981,29.3412382437518,29.2522164072173,29.4351248728131,29.2769521827709,29.2373721746069,29.3659532950663,29.3214620616761,29.2373721746069,29.1532156091641,29.1234973434636,29.0144590341043,29.0293345027462,29.044207883055,28.8904154684503,28.9747809016303,29.0293345027462,29.0789043205857,28.9698200896756,28.8705550013636,28.5472983510907,28.5472983510907,28.3628476055947,28.277991595206,28.2130555239183,28.2130555239183,28.1980645842911,28.048037534235,28.0079941248089,28.0280177375547,28.0530418873914,27.8276095391327,27.8727347639835,27.9228511486881
30.4575643551052,29.55360012514,28.6369146594003,28.5522790316995,28.3877922511433,28.607051009488,28.5323548983997,28.5223914205637,28.6966166352573,28.6219838903298,28.646867332668,28.8010139892131,28.8109512193939,28.6966166352573,28.607051009488,28.5921160160095,28.607051009488,28.6020729131087,28.7463425217002,28.9102722087998,29.2126271720896,29.1532156091641,28.9896619433183,28.8854507011395,28.98470182842,29.0689922118039,29.044207883055,29.5091873682112,29.6571578775531,28.9350878965987,29.1383575173713,28.8258553140296,28.8308228788658,28.8854507011395,29.1878763976491,29.1779744708596,29.2225258655088,28.98470182842,28.5572594772178,28.6816943046293,28.6717449129776,28.8705550013636,29.1234973434636,29.3610107447515,29.4647560610483,29.4746312891203,29.2373721746069,29.4894424120718,29.1284509661644,28.7662263269051,28.9499745173891,29.3115725896136,29.4795685592941,29.227474865981,29.0243762452778,28.98470182842,28.9003443043406,28.9698200896756,28.7811367266903,28.7612557262559,28.9450125430426,28.9499745173891,28.9450125430426,29.1581678438823,28.9102722087998,28.8258553140296,29.1234973434636,28.9350878965987,28.7711966938393,28.9251623196095,29.4548799158045,30.5064746746021,30.2469952894203,29.6275802249099,29.6177191814719,29.3313506129726,29.23242363567,29.6325104041979,30.6042284760713,30.6042284760713,30.8238497718738,30.094932359983,29.0293345027462,29.227474865981,30.3890524059812,30.8092223035559,30.305800398308,29.9819715575531,30.0851144200226,30.2224836239616,29.8246096664975,28.8506908055119,28.3378970521235,28.2729979349236,28.7363992161709,28.7363992161709,28.8407573086651,28.666769865686,28.8258553140296,29.3115725896136,29.0789043205857,28.8208875158601,28.4526207095317,28.4426496954073,28.4725599092219,28.4526207095317,28.7612557262559,28.8010139892131,28.61202887113,28.7612557262559,28.7861063926706,28.7562848918599,28.7761668270904,28.7761668270904,28.9598977684891,28.9499745173891,29.0045408944048,29.3560679644938,28.9995814762791,29.1532156091641,29.7113622521147,29.6029259036991,30.2175806171496,30.3106993666494,30.3841570192894,29.8147668387412,29.7803097858312,29.7409166564112,28.9698200896756,28.7015902771012,28.7811367266903,28.7861063926706,29.019417755741,29.2720054887278,29.3461817140249,29.2868448794737,29.3511249542619,29.1532156091641,29.3016821965364,29.3362945434113,29.1779744708596,29.1482631431937,29.1631198473796,29.1631198473796,29.173023160837,29.23242363567,29.2967366545395,29.257164023458,29.3610107447515,29.7015089622882,29.4548799158045,29.2621114091025,29.0937707459177,29.1383575173713,29.1185434893225,29.1086350865945,28.9896619433183,29.5042514727762,29.6423700780649,29.2967366545395,29.2076774790804,29.1234973434636,29.1185434893225,29.1482631431937,29.1977774003059,29.0987257577298,29.0243762452778,28.9499745173891,28.6816943046293,28.6617945840412,28.8904154684503,28.8854507011395,28.98470182842,29.1383575173713,29.3807795666623,29.844292597587,29.5831983351633,29.8196883661623,29.7113622521147,29.4252459745708,29.4351248728131,29.1532156091641,28.8804857008759,28.9598977684891,28.9747809016303,28.7115368584326,28.6717449129776,29.0293345027462,29.083860027377,28.98470182842,28.7513138236853,28.8010139892131,28.5323548983997,28.3628476055947,28.3578579676639,28.4625907807171,28.7214825035015,28.7115368584326,28.8953800028402,28.9499745173891,29.1234973434636,29.4795685592941,29.8738101868109,30.305800398308,30.1292880515541,29.6817996485765,29.671943624202,29.3758377059907,29.2868448794737,29.4647560610483,29.1532156091641,29.0739483820717,29.1135894037099,29.2522164072173,29.0590791758805,29.0144590341043,29.0491652125642,28.9896619433183,29.0888155024772,29.0392503216033,29.0590791758805,28.8357902104004,28.9350878965987,28.9549362591941,28.8854507011395,28.8208875158601,28.6866686490532,28.4276914056455,28.2979638679726,28.2130555239183,28.2330401214815,28.253020924455,28.1380794518489,28.0029876251156,28.0180064083215,28.0530418873914,27.9178405871461,27.8827599560813,27.837639044803,27.7824648884334
30.7848387678825,30.05074452682,28.6418911132907,28.3877922511433,28.3828037944729,28.6269610479519,28.5622396876777,28.5223914205637,28.4227048373089,28.7612557262559,28.7214825035015,28.7513138236853,28.6866686490532,28.676719725948,28.6866686490532,28.61202887113,28.6369146594003,28.6020729131087,28.7413709858727,28.6170064980665,28.8904154684503,28.9102722087998,28.8506908055119,28.9102722087998,28.9698200896756,28.9648590453057,28.915235811822,28.9995814762791,29.5387979325806,29.2967366545395,28.930125224438,28.8258553140296,28.8109512193939,29.173023160837,29.173023160837,29.0590791758805,28.940050336123,28.7910758250633,28.7910758250633,28.7363992161709,29.0640358097506,28.9201991820813,29.1433104459398,29.1532156091641,29.4696937897153,29.4647560610483,29.5831983351633,29.5733331796973,29.5387979325806,28.940050336123,28.9549362591941,29.0789043205857,29.1234973434636,29.1532156091641,29.1631198473796,29.3511249542619,29.1383575173713,28.9350878965987,29.0392503216033,28.930125224438,28.8854507011395,28.7662263269051,28.940050336123,28.8556572041575,28.7165097979839,28.8953800028402,29.1878763976491,29.0689922118039,29.0541223101622,29.9377369683613,30.2126773856944,29.6571578775531,30.40863171704,28.666769865686,28.4725599092219,29.0640358097506,29.6325104041979,28.9251623196095,29.4696937897153,29.8295307397771,29.4894424120718,29.1135894037099,28.5124270015936,28.8258553140296,29.9180712669515,31.3782269729805,30.1832532777823,30.1489149206362,30.3890524059812,29.8049231025195,29.2818986463425,28.9053083729833,28.3079485837934,28.3179323529188,28.8655893020517,28.7811367266903,28.7711966938393,28.4775441200496,28.8109512193939,29.4598181030883,29.0888155024772,28.8606233696602,28.8208875158601,28.5622396876777,28.5771789090283,28.4376638346625,28.5223914205637,28.6020729131087,28.607051009488,28.6866686490532,28.7314272125631,28.7513138236853,28.7165097979839,28.8010139892131,28.9499745173891,29.0243762452778,29.3214620616761,29.9868853810766,29.9623140023007,29.400544711469,29.5091873682112,30.0900235027141,29.972143232219,29.9917989785445,30.0900235027141,29.8196883661623,29.6029259036991,29.2868448794737,28.8506908055119,28.9797414812012,29.1631198473796,29.0937707459177,29.0541223101622,29.1185434893225,29.1284509661644,29.2917908821956,28.9946218259274,29.0689922118039,29.257164023458,29.2917908821956,28.9896619433183,29.1482631431937,29.2373721746069,29.4795685592941,29.3610107447515,29.3461817140249,28.9747809016303,29.0987257577298,29.103680537945,29.217576634222,29.2027275551628,29.2126271720896,29.0937707459177,29.1829255497865,29.2472685603494,29.2225258655088,29.1977774003059,29.3560679644938,29.1829255497865,29.083860027377,28.8705550013636,28.8804857008759,28.7861063926706,29.0491652125642,29.1482631431937,28.930125224438,29.0243762452778,28.8357902104004,28.6020729131087,28.537336284473,28.666769865686,29.0243762452778,28.9896619433183,29.1532156091641,29.3560679644938,29.4894424120718,29.972143232219,30.0310996239144,29.9524838675562,29.5881305700507,29.4450028531419,29.449941499166,29.1482631431937,29.083860027377,28.7861063926706,28.6816943046293,28.7960450239002,28.8407573086651,28.9995814762791,29.0590791758805,28.8407573086651,28.6717449129776,28.5472983510907,28.5472983510907,28.607051009488,28.6568190680113,28.6916427592519,28.6418911132907,28.940050336123,28.8556572041575,28.8953800028402,28.9946218259274,29.5042514727762,29.8049231025195,29.9917989785445,29.8639718977337,29.6817996485765,29.3362945434113,29.3560679644938,29.4153661581674,29.2621114091025,28.9995814762791,28.9053083729833,29.0144590341043,29.0987257577298,29.0342925281775,28.9499745173891,28.9053083729833,29.0640358097506,29.0789043205857,29.0243762452778,28.8457241736917,28.9450125430426,28.9598977684891,28.9549362591941,28.7363992161709,28.7214825035015,28.5522790316995,28.3628476055947,28.3029563442362,28.2130555239183,28.1930671296786,28.0530418873914,28.1430795199092,28.063049878718,28.0580460022081,27.9328715542163,27.8977959483549,27.8326244118639,27.8526815051994
30.5064746746021,29.8541327014066,28.915235811822,28.4924953392214,28.5970945819598,29.0243762452778,28.7811367266903,28.5821581795757,28.6219838903298,28.9053083729833,28.6617945840412,28.5970945819598,28.6319379709646,28.6966166352573,28.6269610479519,28.6717449129776,28.7214825035015,28.6568190680113,28.5124270015936,28.7264549750173,28.6170064980665,28.8506908055119,28.9053083729833,28.8407573086651,28.8755204676278,28.8854507011395,28.8556572041575,28.8705550013636,28.9946218259274,29.385721197515,29.3807795666623,28.9797414812012,29.0739483820717,29.4203061811547,28.8854507011395,28.7314272125631,28.7314272125631,28.8655893020517,28.666769865686,28.7910758250633,29.2126271720896,29.449941499166,28.9648590453057,29.1284509661644,29.217576634222,29.449941499166,29.3461817140249,29.2621114091025,29.2522164072173,28.8854507011395,28.7662263269051,28.9053083729833,29.1581678438823,29.1234973434636,29.3560679644938,30.0703858191111,29.2373721746069,28.940050336123,28.9350878965987,28.9251623196095,29.0689922118039,29.0392503216033,28.8556572041575,28.8804857008759,28.6617945840412,28.9648590453057,29.2818986463425,29.1284509661644,29.4795685592941,29.785232903706,30.05074452682,29.9377369683613,30.1292880515541,29.5684002590573,28.8258553140296,29.6620866878218,29.0987257577298,29.1284509661644,28.9598977684891,28.8655893020517,29.0640358097506,28.6916427592519,28.3678370072086,28.8854507011395,30.1292880515541,31.392777454158,30.7018933571882,30.2862022835847,30.2764018809912,29.5338634107745,29.217576634222,28.5024616412321,28.3179323529188,28.4476353203531,28.5572594772178,28.4526207095317,28.3229238825521,28.4625907807171,28.4675754627885,29.2818986463425,29.4795685592941,28.9201991820813,28.6219838903298,28.607051009488,28.5124270015936,28.5223914205637,28.5423174353593,28.5921160160095,28.7115368584326,28.61202887113,28.7214825035015,28.7861063926706,29.1482631431937,28.9350878965987,29.3956037698873,29.0144590341043,29.5141230346309,29.7261404787557,29.9229880319466,29.7507663035967,29.8049231025195,30.5113644801692,30.5113644801692,30.3890524059812,30.5211434227513,30.2077739295662,29.449941499166,29.449941499166,29.0144590341043,28.9995814762791,29.2621114091025,29.1631198473796,28.930125224438,28.9053083729833,28.9201991820813,29.1086350865945,29.1928270144785,29.3807795666623,29.5042514727762,29.4696937897153,29.0144590341043,29.257164023458,29.6127883172604,29.7655390681081,29.385721197515,29.227474865981,29.1135894037099,29.23242363567,28.9350878965987,29.1878763976491,29.3412382437518,29.2818986463425,29.2621114091025,29.1086350865945,29.0937707459177,29.0293345027462,29.1482631431937,29.2670585641821,29.2670585641821,29.2027275551628,28.9896619433183,29.0739483820717,28.8804857008759,28.8854507011395,29.173023160837,28.9201991820813,29.0392503216033,28.7562848918599,28.5522790316995,28.5821581795757,28.5622396876777,28.7413709858727,28.9797414812012,29.103680537945,29.400544711469,29.5930625764153,30.0261878338035,29.9524838675562,29.7212146309145,29.400544711469,29.4450028531419,29.3807795666623,29.2522164072173,29.1234973434636,28.9450125430426,28.9648590453057,28.98470182842,29.0789043205857,29.0888155024772,28.8953800028402,28.8059827210337,28.7761668270904,28.666769865686,28.61202887113,28.6617945840412,28.7065636848157,28.8755204676278,28.8506908055119,28.9003443043406,28.9450125430426,28.8904154684503,29.1631198473796,29.2917908821956,29.6078572246797,29.8147668387412,29.6867273188382,29.4647560610483,29.400544711469,29.2818986463425,29.4054854233555,29.0987257577298,28.9102722087998,29.1234973434636,29.0640358097506,29.1284509661644,28.8904154684503,28.8953800028402,29.0541223101622,28.98470182842,28.9499745173891,28.7413709858727,28.9003443043406,29.019417755741,28.9747809016303,28.9499745173891,28.7662263269051,28.5472983510907,28.607051009488,28.4326777380859,28.3079485837934,28.1730749366739,28.0730569169481,28.0730569169481,28.0730569169481,28.063049878718,27.9729436137625,27.9779515459613,27.8827599560813,27.8877721929225,27.8576951793018
29.7162885553777,29.400544711469,28.8655893020517,28.607051009488,28.258015532538,28.6269610479519,28.7463425217002,28.9747809016303,29.5486662897325,28.8755204676278,28.6369146594003,28.5771789090283,28.3877922511433,28.5721994035508,28.7115368584326,28.7165097979839,28.5024616412321,28.4675754627885,28.5223914205637,28.5124270015936,28.6020729131087,28.9102722087998,28.8308228788658,28.9003443043406,28.7761668270904,28.6369146594003,28.5821581795757,28.7711966938393,28.7214825035015,28.9499745173891,29.1779744708596,29.3906625985796,29.2373721746069,28.8109512193939,28.8655893020517,28.7363992161709,28.7463425217002,28.7811367266903,28.7761668270904,28.8010139892131,29.2027275551628,28.9797414812012,28.7662263269051,29.1631198473796,28.98470182842,29.242320482823,29.0689922118039,28.8457241736917,29.0789043205857,28.7513138236853,28.676719725948,28.7314272125631,28.9946218259274,28.9350878965987,29.103680537945,29.1581678438823,29.1334043574566,28.9350878965987,28.6219838903298,28.5124270015936,28.940050336123,28.9450125430426,28.940050336123,28.9549362591941,28.9499745173891,29.0541223101622,29.103680537945,29.3214620616761,30.197966343171,30.2420934053758,30.8774668126085,31.1305683887244,29.9623140023007,30.2224836239616,29.844292597587,28.9648590453057,29.4252459745708,29.4301855384466,29.0789043205857,28.7264549750173,28.8755204676278,28.7264549750173,28.4177180330437,29.044207883055,29.4450028531419,30.4135259860258,30.3890524059812,30.6286530234468,30.1440085410342,29.5091873682112,29.2868448794737,28.5024616412321,28.3778151016153,28.7015902771012,28.4675754627885,28.2330401214815,28.2480260793404,28.2380356778862,28.5721994035508,28.7513138236853,29.0987257577298,29.1185434893225,28.8357902104004,28.9648590453057,28.7513138236853,28.6020729131087,28.5223914205637,28.7115368584326,28.6916427592519,28.8010139892131,28.7562848918599,28.930125224438,29.0392503216033,28.7811367266903,29.1433104459398,28.8606233696602,29.4301855384466,29.5091873682112,29.8984019418799,30.1489149206362,29.7704628680627,30.3155981109145,30.3890524059812,30.3939475690725,30.3939475690725,29.6275802249099,29.2225258655088,29.6571578775531,29.449941499166,29.0888155024772,29.1532156091641,29.2868448794737,28.9201991820813,28.7214825035015,28.7264549750173,28.8357902104004,28.9797414812012,29.2373721746069,29.3066275082174,29.4993153482952,29.3016821965364,29.4450028531419,29.5684002590573,29.8393722052915,29.7606150407326,29.4746312891203,29.1532156091641,29.1779744708596,28.7861063926706,29.083860027377,29.5585337318094,29.2621114091025,29.1878763976491,29.257164023458,29.0144590341043,28.9995814762791,29.23242363567,29.3560679644938,29.8196883661623,29.3016821965364,29.0888155024772,28.9251623196095,28.7861063926706,28.7711966938393,29.103680537945,28.9102722087998,28.8705550013636,29.0491652125642,28.6568190680113,28.5622396876777,28.6319379709646,28.5572594772178,28.6916427592519,28.9598977684891,29.1977774003059,29.5437322255563,29.977057507944,29.785232903706,29.5634671097716,29.242320482823,29.2472685603494,29.1383575173713,29.0590791758805,29.1383575173713,29.0888155024772,29.227474865981,29.1086350865945,29.103680537945,28.9946218259274,29.2126271720896,29.2373721746069,29.1135894037099,28.9499745173891,28.6617945840412,28.6568190680113,28.7165097979839,28.8506908055119,28.8457241736917,28.9896619433183,28.9201991820813,28.98470182842,28.9747809016303,29.0937707459177,29.3016821965364,29.3115725896136,29.1185434893225,29.0789043205857,29.1680716196875,29.3511249542619,29.3412382437518,29.2522164072173,28.9102722087998,29.1234973434636,29.0491652125642,28.8953800028402,28.9499745173891,28.8854507011395,28.9350878965987,29.0789043205857,28.8506908055119,28.8159194843254,28.7811367266903,28.8804857008759,28.9450125430426,29.0342925281775,28.940050336123,28.4675754627885,28.4127309928177,28.3229238825521,28.3877922511433,28.1680762946208,28.1380794518489,28.1330791460061,27.962927032733,27.9929739096901,28.14807935022,28.0079941248089,27.9178405871461,27.8476675914376,27.8526815051994
29.400544711469,29.217576634222,28.9053083729833,28.5323548983997,28.3927804716586,28.3678370072086,28.6269610479519,28.9053083729833,29.3264064524046,29.7113622521147,28.6319379709646,28.3877922511433,28.3877922511433,28.4675754627885,28.5821581795757,28.5572594772178,28.5522790316995,28.4725599092219,28.6717449129776,28.7960450239002,28.6816943046293,28.8904154684503,28.7761668270904,28.666769865686,28.646867332668,28.5223914205637,28.8010139892131,28.9251623196095,28.9201991820813,28.9201991820813,28.9896619433183,28.9747809016303,29.1829255497865,29.0689922118039,29.0689922118039,29.2522164072173,28.9350878965987,28.8606233696602,28.6369146594003,28.6418911132907,28.7761668270904,28.607051009488,29.1829255497865,29.1135894037099,29.083860027377,29.0888155024772,28.8357902104004,28.7513138236853,28.7612557262559,28.8407573086651,28.8059827210337,28.8953800028402,29.2472685603494,29.0689922118039,28.9698200896756,28.9946218259274,29.0541223101622,28.8606233696602,28.5921160160095,28.8457241736917,28.6269610479519,28.6617945840412,28.9698200896756,28.9797414812012,29.2868448794737,29.4203061811547,29.3313506129726,29.55360012514,29.795078457589,30.109657579554,29.972143232219,29.671943624202,29.6177191814719,30.4624563909023,29.6522288391912,28.9201991820813,28.9598977684891,29.3362945434113,29.449941499166,28.9648590453057,28.4376638346625,28.228044327915,28.1230778208426,29.044207883055,29.227474865981,29.9328208826212,30.3939475690725,30.3302929995506,29.844292597587,29.8590524129916,29.0144590341043,28.4675754627885,28.1730749366739,28.332906232122,28.2829850186196,28.2380356778862,28.1780733411736,28.0980703444506,28.8854507011395,28.6518433175642,29.0789043205857,29.4252459745708,29.0888155024772,29.2225258655088,28.9201991820813,28.5871372152255,28.4326777380859,28.7960450239002,28.8059827210337,28.8655893020517,28.9053083729833,28.915235811822,28.7015902771012,28.6866686490532,28.7861063926706,28.8854507011395,29.0293345027462,29.2076774790804,29.6768717503746,29.9623140023007,29.977057507944,29.8984019418799,29.7507663035967,29.7261404787557,30.109657579554,29.7359914914735,29.1532156091641,29.1680716196875,29.2076774790804,28.8953800028402,29.1234973434636,29.2818986463425,29.0590791758805,28.7861063926706,28.5472983510907,28.7513138236853,28.8258553140296,29.083860027377,29.1680716196875,29.23242363567,29.23242363567,29.5338634107745,29.4351248728131,29.6571578775531,29.8098450842037,29.5387979325806,29.3610107447515,29.2373721746069,29.083860027377,29.0541223101622,29.2076774790804,29.2720054887278,29.0937707459177,29.0888155024772,28.9747809016303,29.0392503216033,29.103680537945,29.3313506129726,29.5979943542878,29.2917908821956,29.2917908821956,29.0590791758805,29.0689922118039,29.0392503216033,29.370895615469,29.0342925281775,28.8804857008759,28.7711966938393,28.6568190680113,28.5672196631112,28.6717449129776,28.6219838903298,28.9003443043406,28.9450125430426,28.9995814762791,29.2769521827709,29.7261404787557,29.775386440627,29.5091873682112,29.242320482823,29.2472685603494,29.1185434893225,29.0541223101622,29.1383575173713,29.0144590341043,29.019417755741,29.1532156091641,29.083860027377,29.103680537945,29.242320482823,29.2472685603494,29.1185434893225,28.9598977684891,28.6219838903298,28.7910758250633,28.6916427592519,28.6717449129776,28.940050336123,28.9797414812012,29.0045408944048,29.2076774790804,29.083860027377,28.9797414812012,29.1284509661644,29.3066275082174,29.0640358097506,29.0739483820717,28.9549362591941,29.2472685603494,29.2522164072173,29.2225258655088,28.8953800028402,29.0243762452778,29.0541223101622,28.8953800028402,28.9003443043406,28.8606233696602,28.9350878965987,28.9450125430426,28.9450125430426,28.915235811822,28.9450125430426,29.0045408944048,28.9350878965987,28.9549362591941,29.0293345027462,28.8308228788658,28.5124270015936,28.3528680933838,28.2380356778862,28.1730749366739,28.1680762946208,28.1680762946208,27.9479003691149,28.0580460022081,27.9278614710339,27.8977959483549,28.0330230443987,27.962927032733,27.7573761241401
29.0243762452778,29.009500080336,28.6369146594003,28.277991595206,28.4725599092219,28.4576058629756,28.4924953392214,28.61202887113,28.9946218259274,29.1284509661644,28.7463425217002,28.482528095304,28.4775441200496,28.4476353203531,28.4177180330437,28.6418911132907,28.7115368584326,28.5970945819598,28.6219838903298,28.7463425217002,29.0045408944048,29.2621114091025,28.9797414812012,28.676719725948,28.6966166352573,28.8407573086651,28.8506908055119,28.8655893020517,28.7861063926706,28.6518433175642,28.676719725948,29.0045408944048,28.6617945840412,28.8705550013636,29.0243762452778,29.1878763976491,29.2917908821956,29.044207883055,28.9896619433183,28.7314272125631,28.8308228788658,28.7960450239002,29.0739483820717,29.1086350865945,29.1878763976491,28.9201991820813,28.8755204676278,28.8556572041575,28.9549362591941,28.7711966938393,29.0491652125642,29.2522164072173,29.400544711469,29.2621114091025,28.9797414812012,29.0045408944048,29.0640358097506,28.8705550013636,28.7015902771012,28.9598977684891,28.8457241736917,28.327915175609,28.2630099036222,29.103680537945,29.927904570493,30.3302929995506,30.3009012058606,30.4820223028257,30.9700151977068,32.0648147149671,30.9700151977068,29.2818986463425,29.4696937897153,30.6237685583967,30.40863171704,28.7910758250633,28.9450125430426,29.5979943542878,29.5930625764153,29.1779744708596,28.7115368584326,28.3628476055947,28.2430309971616,29.257164023458,29.3758377059907,29.3758377059907,30.1243807714027,29.8344515860316,29.9868853810766,29.4252459745708,29.1829255497865,28.5423174353593,28.2080587813783,28.1680762946208,28.1580782977234,28.332906232122,28.2030618015135,28.3678370072086,28.7513138236853,28.7413709858727,29.8098450842037,29.8098450842037,29.1779744708596,29.0243762452778,28.7314272125631,28.5572594772178,28.6269610479519,28.7264549750173,29.2076774790804,29.242320482823,29.1433104459398,28.9946218259274,28.7115368584326,28.9499745173891,29.1234973434636,29.0739483820717,29.2225258655088,29.5289286601073,29.6768717503746,29.5338634107745,29.9033196129721,30.2616995948902,29.6029259036991,29.7261404787557,29.8738101868109,29.7113622521147,29.0342925281775,28.8159194843254,28.7711966938393,28.8258553140296,28.9251623196095,29.0689922118039,28.8953800028402,28.6717449129776,28.8159194843254,28.940050336123,29.173023160837,29.1829255497865,29.1631198473796,29.1433104459398,29.1334043574566,29.2670585641821,29.449941499166,29.5585337318094,30.0900235027141,30.1047493983729,29.7261404787557,29.5141230346309,29.400544711469,29.1878763976491,29.2670585641821,29.4203061811547,29.2621114091025,29.227474865981,29.0739483820717,29.0342925281775,29.1829255497865,29.3066275082174,29.5634671097716,29.0144590341043,29.2670585641821,28.9797414812012,28.8556572041575,28.8904154684503,29.0293345027462,29.009500080336,28.8457241736917,28.5921160160095,28.7562848918599,28.5970945819598,28.7463425217002,28.9201991820813,29.1086350865945,29.103680537945,29.227474865981,29.0888155024772,29.3461817140249,29.9328208826212,29.6817996485765,29.3511249542619,29.1532156091641,29.0987257577298,29.019417755741,29.1185434893225,29.0293345027462,28.9797414812012,29.0888155024772,29.0293345027462,29.0789043205857,29.2225258655088,29.0937707459177,28.9499745173891,28.9450125430426,28.8258553140296,28.8308228788658,28.8258553140296,28.8308228788658,28.8357902104004,29.1284509661644,29.2868448794737,29.2225258655088,29.0888155024772,29.0342925281775,29.257164023458,29.3610107447515,29.257164023458,29.0888155024772,29.2917908821956,29.2670585641821,29.1532156091641,29.1234973434636,29.0987257577298,29.0987257577298,28.9053083729833,28.9053083729833,28.8904154684503,28.7711966938393,28.9350878965987,28.8953800028402,28.9648590453057,28.9648590453057,29.0937707459177,28.915235811822,28.8010139892131,28.9201991820813,28.8854507011395,28.8457241736917,28.5921160160095,28.3628476055947,28.258015532538,28.1530789428139,28.14807935022,28.0230121922066,28.1030723156867,27.9879666938923,28.043032942706,28.0029876251156,27.7975152652541,27.8576951793018,27.7623943574465
28.7910758250633,28.6717449129776,28.646867332668,28.6020729131087,28.5821581795757,28.2729979349236,28.1630774149815,28.607051009488,28.6269610479519,28.7513138236853,28.6319379709646,28.6020729131087,28.4027562043539,28.2480260793404,28.4526207095317,28.7115368584326,28.8109512193939,28.8109512193939,28.497478607949,28.607051009488,29.1829255497865,29.2967366545395,29.2720054887278,28.9549362591941,28.8357902104004,28.8755204676278,28.8308228788658,28.7165097979839,28.5472983510907,28.3628476055947,28.5024616412321,28.8556572041575,28.7612557262559,28.7463425217002,29.1234973434636,29.3066275082174,28.9698200896756,29.0144590341043,29.3165174407562,29.5585337318094,29.2225258655088,28.8556572041575,28.9698200896756,28.9995814762791,29.0789043205857,28.8655893020517,28.7463425217002,28.8457241736917,29.173023160837,29.3610107447515,29.0739483820717,29.0640358097506,29.1086350865945,29.227474865981,29.1631198473796,29.2769521827709,29.1928270144785,29.103680537945,29.1928270144785,28.8506908055119,28.666769865686,28.4875118350172,28.1630774149815,28.497478607949,29.5437322255563,30.6823674833107,30.8677202468541,30.2371912968375,30.4820223028257,31.5381746720332,30.1881578577246,28.8059827210337,29.667015270028,30.1341951065232,31.0527542871446,29.1086350865945,28.9201991820813,29.2373721746069,29.5979943542878,29.3659532950663,28.9995814762791,28.5871372152255,28.6170064980665,29.370895615469,29.6226498173448,29.8984019418799,30.0409225268145,29.1581678438823,29.2522164072173,29.3906625985796,28.9797414812012,28.3778151016153,28.1730749366739,28.1780733411736,28.1980645842911,28.1730749366739,28.1880694376433,28.5771789090283,28.5273732771074,28.5223914205637,29.2818986463425,29.6867273188382,29.0342925281775,28.7314272125631,28.5771789090283,28.5323548983997,28.537336284473,28.7363992161709,29.0293345027462,29.0937707459177,29.0144590341043,28.9450125430426,28.6170064980665,29.0739483820717,29.044207883055,29.0937707459177,29.3362945434113,29.3362945434113,29.3264064524046,29.3362945434113,29.5239936805482,29.9180712669515,29.4746312891203,29.5782658717225,29.2917908821956,29.2472685603494,28.9053083729833,29.2720054887278,28.9698200896756,28.7363992161709,28.7562848918599,29.1532156091641,28.7761668270904,28.8953800028402,29.0739483820717,28.98470182842,28.9698200896756,29.1234973434636,29.083860027377,29.1829255497865,29.3165174407562,29.6817996485765,29.5239936805482,29.6423700780649,29.8049231025195,30.2420934053758,30.1440085410342,30.0409225268145,29.6867273188382,29.5930625764153,29.55360012514,29.5387979325806,29.3066275082174,29.23242363567,29.1433104459398,29.2621114091025,29.3560679644938,29.2868448794737,29.2621114091025,29.044207883055,29.173023160837,28.7513138236853,28.7413709858727,28.8606233696602,29.1185434893225,29.0144590341043,28.8010139892131,28.7314272125631,28.666769865686,28.6617945840412,28.6269610479519,28.7960450239002,28.940050336123,29.0937707459177,29.0789043205857,29.2522164072173,29.3214620616761,29.7212146309145,29.9426528277437,29.3362945434113,29.3313506129726,29.083860027377,28.9598977684891,28.9995814762791,29.0392503216033,29.0541223101622,28.9251623196095,29.0491652125642,29.2472685603494,29.23242363567,28.9995814762791,29.0987257577298,29.0937707459177,28.940050336123,28.9797414812012,28.9499745173891,28.8258553140296,28.8208875158601,29.0144590341043,29.2126271720896,29.2076774790804,29.1631198473796,28.9896619433183,29.083860027377,29.1383575173713,29.2720054887278,29.103680537945,29.242320482823,29.3016821965364,29.2917908821956,29.3264064524046,29.227474865981,29.0689922118039,28.9896619433183,28.7811367266903,28.7861063926706,28.7811367266903,28.8755204676278,28.9201991820813,28.9698200896756,29.1185434893225,29.1779744708596,29.0789043205857,28.9251623196095,28.8705550013636,28.98470182842,28.9003443043406,28.6966166352573,28.4775441200496,28.2879782051969,28.2430309971616,28.1280786023483,28.0230121922066,27.9378813982687,27.9979808867536,28.0180064083215,27.892784190336,27.837639044803,27.8225944265762,27.8526815051994
28.7513138236853,28.607051009488,28.6319379709646,28.6020729131087,28.3877922511433,28.5024616412321,28.347877982722,28.5024616412321,28.6170064980665,28.6170064980665,28.5024616412321,28.4725599092219,28.9102722087998,28.6866686490532,28.5970945819598,28.8159194843254,28.6170064980665,28.5074444391028,28.8109512193939,28.8308228788658,29.0144590341043,29.385721197515,30.0114511084659,29.1977774003059,28.98470182842,28.915235811822,28.9698200896756,28.8804857008759,28.6369146594003,28.4875118350172,28.4924953392214,28.7612557262559,29.1532156091641,29.019417755741,29.1135894037099,29.0392503216033,28.9499745173891,29.1086350865945,28.9549362591941,29.7015089622882,29.5289286601073,29.0739483820717,29.0789043205857,29.3313506129726,29.1383575173713,29.0789043205857,29.083860027377,29.173023160837,29.1581678438823,29.385721197515,28.8606233696602,29.0293345027462,29.2670585641821,29.4203061811547,29.5585337318094,29.1135894037099,29.1680716196875,29.0937707459177,29.2621114091025,29.257164023458,29.0739483820717,28.8357902104004,29.0491652125642,29.5437322255563,29.7162885553777,29.8639718977337,29.385721197515,29.2868448794737,29.671943624202,29.8098450842037,31.2131843997659,29.2769521827709,29.8639718977337,30.0360111882413,31.1791737038519,29.671943624202,29.2225258655088,29.4696937897153,29.6029259036991,29.967228730348,29.8738101868109,29.7113622521147,29.3956037698873,29.9967123499873,30.6237685583967,30.4477796139247,30.0654758344281,29.6177191814719,29.3362945434113,29.3807795666623,28.8556572041575,28.277991595206,28.2480260793404,28.2480260793404,28.3378970521235,28.3079485837934,28.5074444391028,28.5821581795757,28.5273732771074,28.537336284473,28.6866686490532,28.9102722087998,28.9747809016303,28.9797414812012,28.5472983510907,28.537336284473,28.537336284473,28.6269610479519,28.8904154684503,28.930125224438,28.9201991820813,28.7761668270904,28.5921160160095,28.9350878965987,29.0293345027462,28.8159194843254,29.0937707459177,29.217576634222,29.0987257577298,29.3264064524046,29.6817996485765,29.4795685592941,29.3659532950663,29.4647560610483,29.4548799158045,29.1086350865945,28.9946218259274,29.23242363567,29.3264064524046,29.2917908821956,29.103680537945,29.2769521827709,28.9549362591941,28.9350878965987,28.7811367266903,29.0937707459177,29.2027275551628,29.4203061811547,29.4548799158045,29.6867273188382,29.7359914914735,29.4746312891203,29.4548799158045,29.4301855384466,29.6423700780649,29.7212146309145,29.844292597587,30.0851144200226,29.7310660989319,29.7409166564112,29.5437322255563,29.4943789947374,29.4548799158045,29.23242363567,29.4598181030883,29.3659532950663,29.3461817140249,29.2126271720896,29.0243762452778,28.98470182842,29.0491652125642,28.8953800028402,28.8556572041575,28.8755204676278,28.9003443043406,29.0045408944048,28.8904154684503,28.6170064980665,28.646867332668,28.6916427592519,28.9201991820813,28.8904154684503,28.930125224438,28.98470182842,29.0937707459177,29.257164023458,29.5042514727762,29.5979943542878,29.9229880319466,29.8147668387412,29.6177191814719,29.3511249542619,29.083860027377,28.940050336123,28.9251623196095,28.8457241736917,28.9698200896756,29.019417755741,29.0937707459177,29.1532156091641,28.8109512193939,28.7463425217002,29.1234973434636,29.019417755741,28.9896619433183,29.0243762452778,28.9549362591941,28.8804857008759,28.8109512193939,29.1829255497865,29.3115725896136,29.1532156091641,29.1878763976491,29.2225258655088,29.0590791758805,29.1878763976491,29.0689922118039,29.2769521827709,29.2868448794737,29.3313506129726,29.2621114091025,29.4548799158045,29.0640358097506,28.9102722087998,28.9946218259274,28.915235811822,28.8506908055119,29.044207883055,29.0491652125642,29.1284509661644,29.242320482823,29.1086350865945,28.9698200896756,28.915235811822,28.8655893020517,28.8705550013636,28.8755204676278,28.7363992161709,28.497478607949,28.258015532538,28.14807935022,28.1680762946208,28.0380281127715,28.0680535169536,28.0280177375547,27.9428910032239,27.9479003691149,27.9128297863749,27.837639044803,27.8526815051994
28.7562848918599,28.5423174353593,28.5024616412321,28.5672196631112,28.5024616412321,28.5074444391028,28.327915175609,28.4077437165986,28.4227048373089,28.3927804716586,28.3079485837934,28.5821581795757,28.930125224438,29.1135894037099,28.915235811822,28.7165097979839,28.5970945819598,28.6369146594003,28.8357902104004,29.009500080336,29.103680537945,29.3560679644938,29.5289286601073,29.2076774790804,28.8407573086651,28.676719725948,28.8755204676278,28.7363992161709,28.5871372152255,28.4875118350172,28.3678370072086,28.6418911132907,29.2818986463425,29.1135894037099,28.8755204676278,28.4476353203531,28.6966166352573,28.9549362591941,29.083860027377,28.8804857008759,29.0689922118039,29.083860027377,29.3016821965364,29.5239936805482,29.3412382437518,29.1680716196875,29.4746312891203,29.2225258655088,28.9450125430426,29.242320482823,29.0293345027462,28.666769865686,28.940050336123,29.173023160837,29.1779744708596,29.1284509661644,29.1185434893225,29.2818986463425,29.3758377059907,29.4054854233555,29.2027275551628,29.0789043205857,29.3956037698873,29.7212146309145,29.7212146309145,29.2868448794737,28.915235811822,28.7314272125631,29.0491652125642,28.9598977684891,29.8147668387412,31.0186929451471,30.1636327091878,31.0430235736846,31.3394161088585,29.6275802249099,29.3807795666623,29.6965819756635,30.3841570192894,29.9377369683613,29.9082370574946,30.0556551883126,29.5289286601073,29.8984019418799,30.657955149547,30.4526720961226,30.2764018809912,29.8098450842037,29.667015270028,29.55360012514,29.0342925281775,28.3927804716586,28.1430795199092,28.342887635646,28.6717449129776,28.6219838903298,28.915235811822,28.9598977684891,28.9946218259274,28.9201991820813,28.7463425217002,29.0144590341043,29.1878763976491,28.8755204676278,28.8457241736917,28.9251623196095,28.6418911132907,28.5423174353593,28.6966166352573,29.1482631431937,29.0045408944048,29.1680716196875,28.9648590453057,28.9499745173891,29.217576634222,29.103680537945,29.0590791758805,29.3016821965364,29.0987257577298,29.3313506129726,29.5930625764153,29.5239936805482,29.3066275082174,29.2967366545395,29.4351248728131,29.2818986463425,29.2621114091025,29.257164023458,29.6078572246797,29.5387979325806,29.3115725896136,29.5042514727762,29.2373721746069,29.2027275551628,29.1977774003059,29.1977774003059,29.400544711469,29.6571578775531,29.6916547611904,29.6916547611904,29.6226498173448,29.6768717503746,29.4203061811547,29.4400639777012,29.8098450842037,29.6423700780649,29.8836475688813,30.0802051118783,29.8934840441875,29.8738101868109,29.5289286601073,29.5437322255563,29.400544711469,29.103680537945,29.103680537945,29.3560679644938,29.3461817140249,29.1680716196875,29.173023160837,29.0342925281775,28.9698200896756,28.9747809016303,28.8556572041575,28.8357902104004,28.7960450239002,29.009500080336,28.8655893020517,28.6269610479519,28.6170064980665,28.7115368584326,29.0144590341043,28.9549362591941,28.7861063926706,28.940050336123,29.2472685603494,29.3659532950663,29.5979943542878,29.6177191814719,29.5979943542878,29.8147668387412,29.7606150407326,29.6078572246797,29.1829255497865,29.009500080336,28.8606233696602,28.7314272125631,28.8059827210337,28.940050336123,29.2522164072173,29.0541223101622,28.7662263269051,28.7165097979839,28.8705550013636,29.103680537945,28.9499745173891,29.0144590341043,29.1284509661644,29.019417755741,28.9598977684891,29.0689922118039,29.2027275551628,29.3016821965364,29.2126271720896,29.1482631431937,28.8854507011395,29.083860027377,28.915235811822,29.2868448794737,29.2917908821956,29.2472685603494,29.242320482823,29.3066275082174,29.0888155024772,28.7960450239002,28.7960450239002,28.930125224438,28.9003443043406,28.9251623196095,29.0640358097506,29.2076774790804,29.1185434893225,29.1135894037099,28.9698200896756,28.8953800028402,28.9003443043406,28.7910758250633,28.6369146594003,28.646867332668,28.4775441200496,28.3678370072086,28.1730749366739,28.2430309971616,28.0730569169481,28.0830630023446,27.9178405871461,28.0380281127715,27.892784190336,27.9128297863749,27.8276095391327,27.8576951793018
28.607051009488,28.3678370072086,28.4675754627885,28.342887635646,28.1630774149815,28.3528680933838,28.3129405866768,28.1430795199092,28.3029563442362,28.3528680933838,28.342887635646,28.7711966938393,28.7811367266903,29.0937707459177,29.2917908821956,28.940050336123,28.8308228788658,28.6816943046293,28.7811367266903,28.8904154684503,29.2522164072173,29.3165174407562,29.3511249542619,29.3214620616761,29.2076774790804,29.0888155024772,28.7711966938393,28.7214825035015,28.5124270015936,28.4526207095317,28.5024616412321,28.5174093287365,28.8357902104004,28.9549362591941,28.8804857008759,28.5472983510907,28.5871372152255,28.7612557262559,28.9450125430426,29.0739483820717,28.8854507011395,28.8010139892131,29.0789043205857,29.0937707459177,29.4696937897153,29.4696937897153,29.4746312891203,29.257164023458,29.019417755741,28.8804857008759,28.6518433175642,28.2480260793404,28.4177180330437,28.930125224438,28.930125224438,28.9896619433183,29.2472685603494,29.2670585641821,29.2670585641821,29.3807795666623,29.400544711469,29.2126271720896,29.1234973434636,29.2126271720896,29.1334043574566,28.8904154684503,28.6369146594003,28.7115368584326,28.8804857008759,28.6418911132907,29.044207883055,30.1145655354327,32.2766819396808,30.6139989617178,30.8092223035559,30.7702059921091,30.9359276795236,31.1743141577429,29.972143232219,30.158727004683,29.6374403552393,30.158727004683,29.6325104041979,30.0752955782511,30.657955149547,30.4428869084819,30.4331008277436,30.2028702487351,29.9623140023007,29.8196883661623,29.3016821965364,29.044207883055,28.8357902104004,28.8904154684503,28.607051009488,28.8457241736917,28.98470182842,29.5239936805482,29.6916547611904,29.370895615469,28.9251623196095,29.227474865981,29.217576634222,28.7811367266903,29.4795685592941,29.23242363567,28.7214825035015,28.6319379709646,28.7463425217002,29.2076774790804,29.173023160837,29.1532156091641,28.9499745173891,29.2225258655088,29.2225258655088,29.0689922118039,28.9053083729833,29.2225258655088,29.3610107447515,29.385721197515,29.0491652125642,29.0144590341043,29.1383575173713,29.1383575173713,29.1433104459398,29.2818986463425,29.2769521827709,29.5289286601073,29.7212146309145,29.7507663035967,29.8098450842037,29.2917908821956,29.1284509661644,29.0789043205857,29.4203061811547,29.6029259036991,29.671943624202,29.5585337318094,29.6226498173448,29.6817996485765,29.8344515860316,29.6472995727053,29.6472995727053,29.4894424120718,29.7803097858312,29.5042514727762,29.9033196129721,30.1243807714027,29.8984019418799,29.8885659198648,29.8984019418799,29.55360012514,29.4746312891203,29.2027275551628,29.23242363567,29.5634671097716,29.5782658717225,29.5634671097716,29.6867273188382,29.3560679644938,29.217576634222,29.2818986463425,29.2818986463425,29.2720054887278,28.8904154684503,29.0144590341043,28.9003443043406,28.666769865686,28.6170064980665,28.8010139892131,28.9946218259274,29.0888155024772,29.0590791758805,29.0739483820717,29.2472685603494,29.5141230346309,29.6965819756635,29.6078572246797,29.6029259036991,29.6472995727053,29.7310660989319,29.6275802249099,29.2472685603494,29.0243762452778,28.9450125430426,28.9251623196095,28.9102722087998,28.9499745173891,29.1086350865945,29.1680716196875,28.8059827210337,28.6319379709646,28.8457241736917,28.8655893020517,28.9995814762791,29.1234973434636,29.0342925281775,29.1284509661644,29.1631198473796,29.1581678438823,29.2027275551628,29.1829255497865,29.1928270144785,29.1878763976491,29.1928270144785,29.2769521827709,29.0888155024772,29.2818986463425,29.4696937897153,29.2868448794737,29.2225258655088,29.3758377059907,29.0590791758805,28.8506908055119,28.8159194843254,28.8606233696602,28.8258553140296,28.930125224438,29.0789043205857,29.1086350865945,29.1284509661644,29.1383575173713,29.0541223101622,28.9450125430426,28.8854507011395,28.8953800028402,28.9102722087998,28.7413709858727,28.4675754627885,28.4875118350172,28.2130555239183,28.1830715081525,28.14807935022,28.2130555239183,28.1430795199092,28.0930681351701,28.0079941248089,27.9929739096901,27.8777474797793,27.8276095391327
28.1580782977234,27.982959239327,27.982959239327,27.9228511486881,27.8175790741614,28.0079941248089,28.2030618015135,28.2680040377398,28.2680040377398,28.3528680933838,28.372826172538,28.4775441200496,28.8407573086651,29.1878763976491,29.1928270144785,28.940050336123,28.7662263269051,28.7363992161709,28.8556572041575,29.0937707459177,29.242320482823,29.2076774790804,29.2373721746069,29.227474865981,29.1383575173713,28.9747809016303,28.9598977684891,28.7264549750173,28.6319379709646,28.4476353203531,28.3578579676639,28.4675754627885,28.5273732771074,29.103680537945,28.9797414812012,28.4625907807171,28.4625907807171,28.4526207095317,28.2979638679726,28.7811367266903,28.8953800028402,28.6568190680113,28.7711966938393,28.9896619433183,29.1779744708596,29.4450028531419,29.1234973434636,29.083860027377,29.0888155024772,28.7761668270904,28.607051009488,28.1680762946208,28.646867332668,28.7413709858727,28.8059827210337,28.7363992161709,28.7513138236853,28.676719725948,28.7065636848157,29.1631198473796,29.1234973434636,29.044207883055,28.930125224438,28.8556572041575,28.7413709858727,28.4276914056455,28.6617945840412,28.7711966938393,28.6568190680113,29.0689922118039,28.6418911132907,28.9797414812012,30.8628466329089,31.0381578874506,30.4037372245722,30.8384752513387,30.9456680715749,31.0332919815086,30.6530720169788,29.5289286601073,29.4054854233555,29.9033196129721,30.0605656241719,30.4282074523887,30.045833639664,30.2911021485288,30.2224836239616,29.8196883661623,29.5634671097716,29.2917908821956,29.0789043205857,29.0541223101622,28.9450125430426,29.044207883055,28.940050336123,28.9003443043406,28.9549362591941,29.2670585641821,29.3807795666623,29.2522164072173,28.9797414812012,29.3560679644938,29.5091873682112,28.8606233696602,29.8393722052915,29.0491652125642,28.482528095304,28.4077437165986,28.5522790316995,29.1631198473796,29.0888155024772,28.9450125430426,28.8059827210337,29.1928270144785,29.1631198473796,29.217576634222,29.1878763976491,29.0590791758805,29.2769521827709,29.1482631431937,28.8159194843254,28.6816943046293,28.8457241736917,29.0689922118039,29.1185434893225,29.4351248728131,29.4153661581674,29.242320482823,29.5289286601073,29.7409166564112,29.9180712669515,29.1284509661644,28.8705550013636,29.0987257577298,29.3214620616761,29.5338634107745,29.5289286601073,29.4647560610483,29.5338634107745,29.5733331796973,29.5338634107745,29.55360012514,29.8590524129916,29.9967123499873,29.7704628680627,29.5585337318094,30.0114511084659,30.0261878338035,29.7655390681081,29.7556907859056,29.5881305700507,29.4054854233555,29.3807795666623,29.4845056002677,29.5091873682112,29.5733331796973,29.8393722052915,29.5684002590573,29.4746312891203,29.5634671097716,29.4894424120718,29.370895615469,29.3906625985796,29.3659532950663,28.9797414812012,28.9053083729833,28.8109512193939,28.5672196631112,28.5921160160095,28.8109512193939,28.8755204676278,29.0987257577298,29.019417755741,28.940050336123,29.103680537945,29.2621114091025,29.5190584720663,29.3906625985796,29.3165174407562,29.4696937897153,29.5486662897325,29.5486662897325,29.3906625985796,28.9648590453057,28.9251623196095,28.8357902104004,28.6816943046293,28.8159194843254,28.9747809016303,28.9499745173891,28.8655893020517,28.7015902771012,28.7115368584326,28.8407573086651,28.8904154684503,28.940050336123,29.1135894037099,29.1433104459398,29.009500080336,29.2126271720896,29.1928270144785,29.1928270144785,29.173023160837,29.083860027377,28.9450125430426,29.3362945434113,29.3461817140249,29.3412382437518,29.4400639777012,29.3362945434113,29.0987257577298,29.1532156091641,29.0689922118039,28.940050336123,28.8159194843254,28.8109512193939,28.8010139892131,28.8059827210337,28.9747809016303,29.044207883055,29.1284509661644,29.1482631431937,29.1779744708596,29.044207883055,28.9102722087998,28.8159194843254,28.7363992161709,28.6568190680113,28.4675754627885,28.3977684560513,28.1680762946208,28.14807935022,28.1880694376433,28.1430795199092,27.8827599560813,27.9779515459613,27.9979808867536,27.8426534379831,27.8576951793018,27.8326244118639
27.9979808867536,27.8627086137778,27.7523576505433,27.7423199823454,27.5966656031286,27.7674123504958,28.0730569169481,28.3378970521235,28.332906232122,28.5273732771074,28.3877922511433,28.646867332668,28.915235811822,29.0144590341043,28.7711966938393,28.7264549750173,28.6269610479519,28.8308228788658,29.1977774003059,29.2225258655088,29.1878763976491,29.2076774790804,29.0789043205857,29.0342925281775,29.0144590341043,28.9995814762791,28.940050336123,28.7960450239002,28.7115368584326,28.6617945840412,28.4576058629756,28.6568190680113,28.9499745173891,28.9598977684891,29.0243762452778,28.9549362591941,28.8457241736917,28.61202887113,28.4426496954073,28.5970945819598,29.0739483820717,28.7761668270904,28.7165097979839,28.9251623196095,28.9896619433183,29.1829255497865,29.1383575173713,29.1185434893225,29.0640358097506,28.9797414812012,28.8953800028402,28.6170064980665,28.6020729131087,29.019417755741,29.0144590341043,28.2030618015135,28.3578579676639,28.5572594772178,28.5423174353593,28.7513138236853,28.5672196631112,28.7363992161709,28.7413709858727,28.4775441200496,28.5124270015936,28.6717449129776,29.0541223101622,29.1680716196875,28.8804857008759,29.1631198473796,29.3165174407562,28.7413709858727,30.6237685583967,32.0166054524269,31.1645944087902,30.9018293658896,30.5358101656873,30.6237685583967,30.8677202468541,29.7015089622882,29.5684002590573,29.8836475688813,30.7848387678825,30.4135259860258,30.3890524059812,30.2567983841477,29.9868853810766,29.8246096664975,29.5831983351633,29.0937707459177,28.8407573086651,28.8655893020517,28.8854507011395,29.0541223101622,29.1135894037099,29.0342925281775,28.9549362591941,29.0541223101622,29.0144590341043,28.7165097979839,28.7910758250633,29.1284509661644,29.3906625985796,28.7612557262559,29.4598181030883,29.019417755741,28.537336284473,28.6369146594003,28.6816943046293,29.0739483820717,29.1581678438823,28.6418911132907,28.666769865686,29.1829255497865,29.2225258655088,29.2126271720896,29.083860027377,29.1383575173713,29.4795685592941,29.0739483820717,28.8755204676278,28.8556572041575,28.8606233696602,29.3115725896136,29.242320482823,29.4598181030883,29.4450028531419,29.2670585641821,29.3461817140249,29.4203061811547,29.5239936805482,29.4400639777012,29.1135894037099,29.1234973434636,29.1284509661644,29.5289286601073,29.3412382437518,29.1928270144785,29.449941499166,29.5239936805482,29.4746312891203,29.4746312891203,29.4993153482952,29.8246096664975,29.8590524129916,29.7064357210951,29.7064357210951,29.8934840441875,29.7507663035967,29.7359914914735,29.7015089622882,29.3906625985796,29.0491652125642,28.9995814762791,29.242320482823,29.5782658717225,29.5684002590573,29.5437322255563,29.5091873682112,29.7015089622882,29.6226498173448,29.6374403552393,29.6226498173448,29.6423700780649,29.2720054887278,29.3412382437518,29.083860027377,28.6866686490532,28.6020729131087,28.7811367266903,28.9946218259274,28.8953800028402,28.7264549750173,28.7662263269051,28.9648590453057,29.2818986463425,29.217576634222,29.3165174407562,29.2868448794737,29.1928270144785,29.227474865981,29.3906625985796,29.3906625985796,29.0590791758805,28.9499745173891,28.8010139892131,28.6717449129776,28.7960450239002,28.9450125430426,28.9698200896756,28.7264549750173,28.5622396876777,28.646867332668,28.915235811822,28.8506908055119,28.9946218259274,29.0888155024772,29.2670585641821,29.1581678438823,29.1532156091641,29.217576634222,29.2621114091025,29.173023160837,29.1878763976491,29.3906625985796,29.3560679644938,29.2917908821956,29.3313506129726,29.4696937897153,29.3610107447515,29.1631198473796,29.1185434893225,28.8854507011395,28.8606233696602,28.8457241736917,28.9053083729833,28.8953800028402,28.8010139892131,28.9102722087998,29.019417755741,29.1581678438823,29.1532156091641,29.0392503216033,29.0541223101622,28.915235811822,28.7513138236853,28.6518433175642,28.5672196631112,28.4625907807171,28.3628476055947,28.2330401214815,28.1080740489112,28.1680762946208,27.892784190336,28.0130003858666,27.9729436137625,27.9178405871461,27.8677218086608,27.8276095391327,27.8576951793018
27.9028074670123,27.837639044803,27.7523576505433,27.7423199823454,27.6217928859212,27.7473389366228,27.9428910032239,28.3179323529188,28.5273732771074,28.3578579676639,28.482528095304,28.9102722087998,29.0342925281775,28.8357902104004,28.6518433175642,28.4875118350172,28.7463425217002,28.9598977684891,28.9350878965987,28.9003443043406,29.1878763976491,29.0739483820717,28.915235811822,28.8705550013636,28.9698200896756,29.1878763976491,28.9995814762791,29.0739483820717,29.0739483820717,28.940050336123,28.9549362591941,29.1135894037099,29.1185434893225,28.9499745173891,28.9549362591941,28.9549362591941,28.9549362591941,28.6170064980665,28.5423174353593,28.7115368584326,29.2076774790804,28.915235811822,28.7861063926706,28.8854507011395,28.9350878965987,29.009500080336,29.1383575173713,29.1185434893225,29.0590791758805,29.0342925281775,29.0243762452778,28.7761668270904,28.7960450239002,29.1135894037099,29.0144590341043,28.3877922511433,28.5124270015936,28.3828037944729,28.332906232122,28.5672196631112,28.7413709858727,28.646867332668,28.4675754627885,28.5024616412321,28.7214825035015,28.8109512193939,29.019417755741,29.0144590341043,28.8953800028402,29.3066275082174,29.8590524129916,29.1977774003059,30.6188838711635,32.122637621163,31.0040919303753,31.1208446966917,29.8688911556633,30.8628466329089,30.6188838711635,30.3743655749854,30.2175806171496,30.6481886624036,30.7848387678825,30.4624563909023,29.8492127629486,30.0163635761093,30.2862022835847,29.8590524129916,29.6127883172604,28.940050336123,28.7314272125631,28.7264549750173,28.8059827210337,28.9201991820813,29.0392503216033,28.930125224438,28.9053083729833,28.8904154684503,28.9003443043406,28.9053083729833,28.6866686490532,28.6717449129776,28.9053083729833,29.0590791758805,29.2670585641821,29.019417755741,28.8457241736917,28.8208875158601,28.8556572041575,29.0689922118039,29.2967366545395,29.009500080336,29.0739483820717,29.0689922118039,29.1581678438823,29.257164023458,29.2720054887278,29.0937707459177,29.4153661581674,28.9201991820813,28.8953800028402,28.8854507011395,28.8755204676278,29.1334043574566,29.2373721746069,29.3165174407562,29.3016821965364,29.3560679644938,29.370895615469,29.2621114091025,29.1284509661644,29.1234973434636,28.9946218259274,29.0144590341043,29.0789043205857,29.3165174407562,29.5239936805482,29.3659532950663,29.3165174407562,29.4153661581674,29.6620866878218,29.6275802249099,29.7359914914735,29.8688911556633,29.6768717503746,29.4943789947374,29.5437322255563,29.7064357210951,29.6522288391912,29.7458415937754,29.6472995727053,29.55360012514,29.227474865981,28.8953800028402,28.9946218259274,29.3412382437518,29.5239936805482,29.3461817140249,29.2225258655088,29.5289286601073,29.7015089622882,29.785232903706,29.8000008936581,29.7162885553777,29.5437322255563,29.3758377059907,29.0789043205857,28.8109512193939,28.5970945819598,28.6717449129776,28.6568190680113,29.0045408944048,28.8953800028402,28.666769865686,29.0243762452778,29.0342925281775,29.3807795666623,29.2027275551628,29.1928270144785,29.217576634222,29.2720054887278,29.23242363567,29.2373721746069,29.0689922118039,28.8606233696602,28.8059827210337,28.6816943046293,28.9102722087998,29.009500080336,28.9797414812012,28.6966166352573,28.7463425217002,28.676719725948,28.7413709858727,28.7214825035015,28.8258553140296,29.0937707459177,29.2621114091025,29.2027275551628,29.2472685603494,29.257164023458,29.3906625985796,29.1284509661644,29.103680537945,29.385721197515,29.3906625985796,29.3511249542619,29.1878763976491,29.3115725896136,29.370895615469,29.2720054887278,29.3066275082174,29.0640358097506,29.0293345027462,29.0640358097506,29.2225258655088,29.0640358097506,28.9003443043406,28.8109512193939,28.8854507011395,29.1383575173713,29.227474865981,29.0541223101622,29.044207883055,28.8109512193939,28.7314272125631,28.7264549750173,28.7314272125631,28.537336284473,28.332906232122,28.2879782051969,28.2330401214815,28.0079941248089,28.0680535169536,28.0780600787342,27.9879666938923,27.9979808867536,27.8576951793018,27.9378813982687,27.7322813525865
27.6217928859212,27.6067172400882,27.7473389366228,27.7272616770383,27.7573761241401,27.9078187463413,27.6117426966131,28.0180064083215,28.2979638679726,28.332906232122,28.6617945840412,28.5223914205637,28.4675754627885,28.4675754627885,28.4775441200496,28.4476353203531,28.7513138236853,28.7363992161709,28.9896619433183,28.9053083729833,28.930125224438,28.9549362591941,28.9102722087998,28.8010139892131,28.7363992161709,29.019417755741,29.1829255497865,29.1878763976491,29.0739483820717,29.2769521827709,29.2818986463425,29.0789043205857,28.8705550013636,28.6418911132907,28.5721994035508,28.6269610479519,28.8357902104004,28.5273732771074,28.4326777380859,28.6170064980665,28.7612557262559,28.9747809016303,28.6916427592519,28.5074444391028,28.6866686490532,29.1383575173713,29.1334043574566,29.2027275551628,29.2720054887278,29.0640358097506,28.8655893020517,28.6020729131087,28.7662263269051,29.019417755741,28.7910758250633,28.277991595206,28.1630774149815,28.218052029166,28.2729979349236,28.482528095304,28.4326777380859,28.7015902771012,28.537336284473,28.1980645842911,28.7065636848157,28.7562848918599,28.8258553140296,28.7463425217002,28.7463425217002,29.227474865981,30.0900235027141,30.0900235027141,30.7750838052991,31.9201227001367,31.0040919303753,31.3248584397525,29.8688911556633,29.7359914914735,29.9475684607986,30.109657579554,30.6237685583967,30.1145655354327,30.2224836239616,30.3988425085929,29.55360012514,29.7359914914735,30.2273864061603,29.8984019418799,29.3511249542619,28.8506908055119,28.6269610479519,28.6319379709646,28.4027562043539,28.666769865686,28.8109512193939,28.8556572041575,28.9549362591941,28.8308228788658,28.7214825035015,28.7015902771012,28.6717449129776,28.607051009488,28.9499745173891,29.257164023458,29.4400639777012,29.1779744708596,28.9003443043406,29.0342925281775,28.9201991820813,28.8556572041575,29.0739483820717,28.8208875158601,29.0541223101622,29.0789043205857,29.2967366545395,29.2225258655088,29.1928270144785,28.9747809016303,28.9797414812012,28.7662263269051,28.8904154684503,28.8854507011395,28.8854507011395,29.1680716196875,29.3115725896136,29.2522164072173,29.4054854233555,29.242320482823,29.4993153482952,29.5091873682112,29.4153661581674,28.9946218259274,28.8556572041575,29.0491652125642,29.103680537945,29.227474865981,29.4696937897153,29.3758377059907,29.3659532950663,29.3264064524046,29.449941499166,29.4301855384466,29.8885659198648,29.972143232219,29.844292597587,29.6867273188382,29.6571578775531,29.6374403552393,29.7606150407326,29.927904570493,29.7655390681081,29.6817996485765,29.3511249542619,29.370895615469,29.3511249542619,29.4400639777012,29.3461817140249,29.1680716196875,29.1779744708596,29.3016821965364,29.4894424120718,29.6029259036991,29.6571578775531,29.4894424120718,29.5437322255563,29.4845056002677,29.0640358097506,28.7711966938393,28.61202887113,29.0045408944048,28.7662263269051,28.666769865686,28.666769865686,28.6617945840412,28.6966166352573,28.8506908055119,29.0293345027462,29.0789043205857,29.1383575173713,29.1631198473796,29.1779744708596,29.0243762452778,29.217576634222,29.0987257577298,28.9698200896756,28.8010139892131,28.8308228788658,28.8953800028402,28.9747809016303,28.8606233696602,28.7115368584326,28.6916427592519,28.7165097979839,28.5672196631112,28.6916427592519,28.7612557262559,28.915235811822,28.8308228788658,29.0491652125642,29.1581678438823,29.0987257577298,29.0987257577298,29.1928270144785,29.2027275551628,29.400544711469,29.2472685603494,29.1779744708596,28.9598977684891,29.1433104459398,29.0293345027462,29.1532156091641,29.0590791758805,29.0590791758805,29.0243762452778,29.0640358097506,29.0541223101622,29.0144590341043,28.8010139892131,28.8258553140296,28.8556572041575,28.8755204676278,29.0640358097506,29.0392503216033,28.8904154684503,28.7761668270904,28.7413709858727,28.8804857008759,28.7115368584326,28.482528095304,28.3029563442362,28.1630774149815,28.1430795199092,28.063049878718,28.0029876251156,28.0380281127715,27.9328715542163,27.8225944265762,27.8075476496238,27.8576951793018,27.7322813525865
27.5614772692013,27.7021596912783,27.8175790741614,27.9028074670123,28.0730569169481,28.0980703444506,27.6619839981682,27.9078187463413,28.0330230443987,28.3129405866768,28.646867332668,28.6617945840412,28.6170064980665,28.8308228788658,28.5970945819598,28.6219838903298,28.8705550013636,28.8854507011395,29.1284509661644,29.2076774790804,28.9102722087998,28.7413709858727,28.607051009488,28.6369146594003,28.6866686490532,28.6717449129776,29.0491652125642,29.6325104041979,29.4450028531419,29.4696937897153,29.0739483820717,29.0541223101622,28.8953800028402,28.8606233696602,28.6319379709646,28.5672196631112,28.8208875158601,28.5921160160095,28.7065636848157,28.7065636848157,28.6866686490532,28.7960450239002,28.8109512193939,28.7015902771012,28.9747809016303,29.3214620616761,29.2720054887278,29.1581678438823,29.2670585641821,29.0342925281775,28.8655893020517,29.400544711469,29.3264064524046,29.3758377059907,29.2967366545395,29.0243762452778,28.537336284473,28.8059827210337,28.940050336123,28.9698200896756,28.9201991820813,28.9598977684891,29.009500080336,28.7314272125631,28.8208875158601,29.1829255497865,29.019417755741,29.2868448794737,29.2027275551628,29.1185434893225,30.0900235027141,30.5846848369351,29.977057507944,30.5651376391053,31.140291204115,30.7214156836447,30.3596767307832,29.4845056002677,29.8688911556633,30.1832532777823,30.7604497017866,30.3694695173139,30.2224836239616,30.6335372663431,29.9426528277437,29.8196883661623,30.2960017892775,29.8934840441875,29.3956037698873,29.0541223101622,28.7363992161709,28.5423174353593,28.666769865686,28.8159194843254,28.9201991820813,28.9201991820813,28.7264549750173,28.7413709858727,28.6866686490532,28.8556572041575,29.0491652125642,28.9896619433183,29.083860027377,29.083860027377,29.2868448794737,29.2670585641821,29.1383575173713,29.2670585641821,29.1631198473796,29.1433104459398,29.2967366545395,29.4104259055781,29.217576634222,29.0293345027462,29.083860027377,28.98470182842,28.8755204676278,29.1631198473796,29.1631198473796,28.8854507011395,28.940050336123,28.7214825035015,29.1928270144785,29.5387979325806,29.7507663035967,29.5437322255563,29.5437322255563,29.6571578775531,29.7704628680627,29.5437322255563,29.5239936805482,29.1977774003059,29.0293345027462,28.9995814762791,29.0144590341043,29.257164023458,29.2769521827709,29.2917908821956,29.3214620616761,29.5091873682112,29.3906625985796,29.2126271720896,29.6423700780649,29.8688911556633,29.8836475688813,29.4795685592941,29.5684002590573,29.7556907859056,29.7556907859056,29.927904570493,29.927904570493,30.045833639664,29.3956037698873,29.3610107447515,29.7162885553777,29.6029259036991,29.449941499166,29.173023160837,29.227474865981,29.3214620616761,29.4548799158045,29.6817996485765,29.8295307397771,29.7162885553777,29.6127883172604,29.5437322255563,29.1631198473796,28.915235811822,28.9450125430426,29.0888155024772,29.0144590341043,28.6717449129776,28.666769865686,28.7711966938393,28.7761668270904,28.7910758250633,29.0243762452778,29.0640358097506,29.227474865981,29.2522164072173,29.2818986463425,29.1234973434636,29.1829255497865,29.0987257577298,28.9896619433183,28.98470182842,29.0590791758805,29.044207883055,28.9698200896756,28.8357902104004,28.7861063926706,28.7861063926706,28.7711966938393,28.607051009488,28.6369146594003,28.6369146594003,28.7413709858727,28.8854507011395,29.0392503216033,29.2720054887278,29.1779744708596,29.2670585641821,29.1829255497865,29.3807795666623,29.5733331796973,29.5733331796973,29.1977774003059,29.173023160837,29.1185434893225,28.9995814762791,29.0640358097506,29.044207883055,28.8755204676278,29.044207883055,29.0045408944048,28.9946218259274,28.8457241736917,28.930125224438,28.8606233696602,28.8407573086651,29.044207883055,29.0144590341043,29.0293345027462,28.8457241736917,28.9499745173891,28.8705550013636,28.8854507011395,28.7065636848157,28.6319379709646,28.2430309971616,28.277991595206,28.2879782051969,28.1080740489112,28.0680535169536,28.0130003858666,27.9479003691149,27.9479003691149,27.7874819207868,27.9028074670123,27.7523576505433
27.4206054372245,27.6670068026902,27.892784190336,27.9979808867536,27.8977959483549,27.7573761241401,27.6117426966131,27.7423199823454,27.8977959483549,28.4077437165986,28.4077437165986,28.5572594772178,28.676719725948,28.6518433175642,29.0342925281775,28.8357902104004,28.8755204676278,29.083860027377,29.400544711469,29.2076774790804,28.8804857008759,28.5572594772178,28.5423174353593,28.4127309928177,28.6717449129776,28.6518433175642,28.5323548983997,28.9102722087998,29.217576634222,29.6325104041979,29.6472995727053,29.6916547611904,29.3758377059907,29.2621114091025,28.8556572041575,28.8258553140296,28.5921160160095,28.537336284473,28.5472983510907,28.4227048373089,28.5472983510907,28.6020729131087,28.9450125430426,28.9896619433183,29.242320482823,29.2720054887278,29.2472685603494,29.0045408944048,29.1086350865945,29.0144590341043,29.1086350865945,29.4993153482952,29.3461817140249,29.4054854233555,29.671943624202,29.5634671097716,29.2027275551628,28.9251623196095,29.0590791758805,29.1086350865945,29.0987257577298,29.1581678438823,29.0640358097506,28.9251623196095,29.0342925281775,29.3115725896136,29.1433104459398,29.2621114091025,29.8541327014066,29.3758377059907,30.0900235027141,30.8628466329089,29.6817996485765,29.6423700780649,31.1305683887244,30.3694695173139,30.6286530234468,29.4845056002677,30.3547800018646,30.0556551883126,30.2224836239616,30.9359276795236,30.7262957111938,30.0703858191111,30.0654758344281,30.0998409918593,30.2911021485288,29.8196883661623,29.5782658717225,29.2076774790804,28.8655893020517,28.7662263269051,28.7363992161709,28.7861063926706,28.7562848918599,28.7910758250633,28.7513138236853,28.7214825035015,28.6966166352573,28.7165097979839,28.8506908055119,29.0987257577298,29.0293345027462,28.9499745173891,29.1234973434636,29.3165174407562,29.1334043574566,29.449941499166,29.5042514727762,29.1581678438823,29.2126271720896,29.3214620616761,29.0689922118039,28.9102722087998,28.8159194843254,29.1135894037099,29.3610107447515,29.8049231025195,29.4450028531419,29.4993153482952,29.1234973434636,28.915235811822,29.4054854233555,29.667015270028,29.9180712669515,29.8246096664975,29.7409166564112,29.5387979325806,29.3066275082174,29.7310660989319,29.1779744708596,29.019417755741,28.7363992161709,28.8655893020517,28.9598977684891,29.1284509661644,29.3560679644938,29.2818986463425,29.4054854233555,29.4598181030883,29.4252459745708,29.5486662897325,29.8246096664975,30.0114511084659,29.8738101868109,30.0212758178786,29.4647560610483,29.6029259036991,29.5831983351633,29.4548799158045,29.4548799158045,29.4598181030883,29.5684002590573,29.6768717503746,29.7507663035967,29.5141230346309,29.3214620616761,29.1631198473796,29.2670585641821,29.4351248728131,29.5387979325806,29.7162885553777,29.5486662897325,29.7212146309145,29.7113622521147,29.6177191814719,29.4400639777012,29.044207883055,29.019417755741,29.2027275551628,29.1928270144785,29.0392503216033,28.8506908055119,28.5174093287365,28.8556572041575,28.7612557262559,28.7314272125631,28.9896619433183,28.9995814762791,29.0491652125642,29.2670585641821,29.3115725896136,29.2621114091025,29.2621114091025,29.0590791758805,29.0888155024772,28.9598977684891,29.0243762452778,29.0144590341043,28.7115368584326,28.5074444391028,28.6916427592519,28.7463425217002,28.5721994035508,28.6219838903298,28.6369146594003,28.676719725948,28.7562848918599,28.7413709858727,29.1482631431937,29.0640358097506,29.2225258655088,29.217576634222,29.2670585641821,29.3956037698873,29.1433104459398,29.1334043574566,29.0640358097506,28.9102722087998,28.7165097979839,28.8606233696602,29.009500080336,29.0541223101622,29.2868448794737,29.1680716196875,28.915235811822,28.9003443043406,28.8258553140296,28.7513138236853,28.8904154684503,28.9648590453057,29.0293345027462,28.9648590453057,29.044207883055,28.8655893020517,28.7861063926706,28.7264549750173,28.6816943046293,28.5472983510907,28.2829850186196,28.1580782977234,28.1530789428139,28.1330791460061,27.9579183838364,27.9328715542163,27.9428910032239,27.9378813982687,27.7824648884334,27.8627086137778,27.7423199823454
27.6670068026902,27.6921172126096,27.8777474797793,27.8977959483549,27.7573761241401,27.4709385956355,27.6820737710463,27.7473389366228,27.8677218086608,28.3029563442362,28.6418911132907,28.4027562043539,28.61202887113,28.61202887113,28.8755204676278,28.7015902771012,28.7711966938393,28.8755204676278,29.0888155024772,28.9896619433183,28.9102722087998,28.7662263269051,28.3628476055947,28.6170064980665,28.7314272125631,28.7065636848157,28.6269610479519,28.607051009488,29.1086350865945,29.2720054887278,29.5289286601073,29.173023160837,29.3115725896136,29.2720054887278,29.3214620616761,29.0491652125642,28.8407573086651,28.4675754627885,28.4426496954073,28.4924953392214,28.6568190680113,28.6966166352573,28.7910758250633,29.1928270144785,29.1532156091641,29.2967366545395,29.2670585641821,28.9747809016303,28.9946218259274,28.940050336123,29.1086350865945,29.5437322255563,29.2769521827709,29.2868448794737,29.5486662897325,29.8196883661623,29.5486662897325,29.0987257577298,28.8059827210337,28.915235811822,28.98470182842,29.23242363567,29.2522164072173,29.044207883055,29.3264064524046,29.3412382437518,29.173023160837,29.1185434893225,29.5782658717225,29.7803097858312,30.3400884721394,30.6921308637942,29.7606150407326,29.9573990480468,30.5211434227513,31.0040919303753,31.013826160085,30.3792614089673,30.4331008277436,29.6768717503746,29.795078457589,30.5406986345341,31.1937510290531,30.2224836239616,30.3351908478087,30.2616995948902,30.2420934053758,29.7015089622882,29.3956037698873,29.0739483820717,28.8258553140296,28.8556572041575,28.666769865686,28.8755204676278,28.8804857008759,28.61202887113,28.666769865686,28.666769865686,28.8308228788658,28.9797414812012,28.9450125430426,28.9648590453057,29.227474865981,29.1334043574566,29.0342925281775,28.8655893020517,29.044207883055,29.449941499166,29.55360012514,29.6916547611904,29.5387979325806,29.1581678438823,28.7562848918599,28.7413709858727,28.8059827210337,28.915235811822,29.7261404787557,30.4526720961226,29.5289286601073,29.4943789947374,29.6325104041979,29.4943789947374,29.370895615469,29.370895615469,29.8984019418799,30.0851144200226,29.7655390681081,29.5979943542878,29.5437322255563,29.5782658717225,29.3066275082174,29.173023160837,28.7314272125631,28.930125224438,29.0144590341043,29.257164023458,29.3807795666623,29.4548799158045,29.4400639777012,29.6029259036991,29.400544711469,29.4203061811547,29.5387979325806,29.7803097858312,29.6965819756635,29.7015089622882,29.5437322255563,29.4647560610483,29.2720054887278,29.3560679644938,29.4598181030883,29.3066275082174,29.5239936805482,29.4795685592941,29.7261404787557,29.775386440627,29.9328208826212,29.927904570493,29.8344515860316,29.6127883172604,29.3956037698873,29.5684002590573,29.6817996485765,29.6916547611904,29.775386440627,29.7606150407326,29.5042514727762,29.1680716196875,28.7562848918599,28.7960450239002,29.2027275551628,29.1928270144785,29.0342925281775,28.9995814762791,29.0045408944048,28.8755204676278,28.98470182842,28.7662263269051,28.8755204676278,29.1383575173713,29.1383575173713,29.2769521827709,29.370895615469,29.2373721746069,29.2126271720896,29.1234973434636,29.2126271720896,28.9698200896756,29.0045408944048,28.7513138236853,28.4127309928177,28.4476353203531,28.7711966938393,28.7662263269051,28.7314272125631,28.7513138236853,28.6319379709646,28.7413709858727,28.6916427592519,28.7711966938393,28.8904154684503,29.173023160837,29.0243762452778,29.1334043574566,29.1532156091641,28.9450125430426,29.0392503216033,28.98470182842,29.0491652125642,28.8904154684503,28.8606233696602,29.1779744708596,29.173023160837,29.3115725896136,29.2522164072173,29.242320482823,28.915235811822,28.8159194843254,28.6916427592519,28.6866686490532,28.8159194843254,28.9201991820813,28.8556572041575,28.8556572041575,28.9698200896756,29.0045408944048,28.8407573086651,28.7214825035015,28.5572594772178,28.2879782051969,28.2729979349236,28.1580782977234,28.1430795199092,28.1380794518489,27.982959239327,27.9328715542163,27.8877721929225,27.8777474797793,27.7473389366228,27.7373007876777
27.6921172126096,27.5413643354891,27.8977959483549,27.6720293663216,27.6770516890958,27.6117426966131,27.6569609527223,27.7322813525865,27.9428910032239,28.5821581795757,28.8159194843254,28.7314272125631,28.7314272125631,28.8109512193939,28.8655893020517,28.5871372152255,28.5672196631112,28.497478607949,28.8655893020517,28.8705550013636,28.7612557262559,28.8556572041575,28.6219838903298,28.5423174353593,28.5970945819598,28.8258553140296,28.5024616412321,28.4576058629756,28.4875118350172,28.8357902104004,29.1631198473796,29.4203061811547,29.2917908821956,29.3214620616761,29.0392503216033,28.8308228788658,28.8357902104004,28.5821581795757,28.5522790316995,28.5921160160095,28.5323548983997,28.5721994035508,28.6916427592519,28.8109512193939,29.0243762452778,28.9995814762791,28.9598977684891,28.9995814762791,28.8953800028402,28.8755204676278,28.9946218259274,29.2027275551628,29.1383575173713,29.1482631431937,28.8357902104004,29.2769521827709,29.9426528277437,29.385721197515,28.8953800028402,29.1334043574566,29.2621114091025,29.3659532950663,29.2225258655088,29.217576634222,29.6620866878218,29.8688911556633,29.8934840441875,29.6472995727053,29.3511249542619,29.8000008936581,30.2175806171496,30.3400884721394,29.3807795666623,29.9524838675562,30.3596767307832,31.5430178818391,30.7945928455984,31.3733763772217,30.045833639664,29.9967123499873,30.0703858191111,30.2420934053758,30.8092223035559,30.3694695173139,30.1440085410342,29.9131542754777,29.6177191814719,29.2818986463425,28.8556572041575,28.7811367266903,28.8258553140296,28.8904154684503,28.7960450239002,28.6219838903298,28.7363992161709,28.7314272125631,28.8705550013636,28.9201991820813,28.9450125430426,29.0144590341043,28.940050336123,29.1878763976491,29.3313506129726,29.0739483820717,28.7960450239002,28.8556572041575,29.3313506129726,29.449941499166,29.55360012514,29.6916547611904,29.1928270144785,29.1086350865945,28.9995814762791,28.6568190680113,28.5572594772178,28.8208875158601,30.0212758178786,30.4673482035432,29.9082370574946,29.7655390681081,29.6325104041979,29.5733331796973,29.8246096664975,29.9328208826212,29.7803097858312,29.972143232219,29.8295307397771,29.6325104041979,29.5387979325806,29.5979943542878,29.9475684607986,29.2720054887278,28.9995814762791,28.9102722087998,28.915235811822,29.1334043574566,29.3956037698873,29.5979943542878,29.449941499166,29.3066275082174,29.3758377059907,29.5190584720663,29.4153661581674,29.6029259036991,29.7606150407326,29.7310660989319,29.4795685592941,29.4252459745708,29.0640358097506,29.0144590341043,29.0789043205857,29.2027275551628,29.400544711469,29.2769521827709,29.3956037698873,29.5831983351633,29.449941499166,29.1532156091641,29.4746312891203,29.785232903706,29.6029259036991,29.3906625985796,29.4054854233555,29.3461817140249,29.4153661581674,29.5831983351633,29.2769521827709,28.8953800028402,28.7363992161709,28.7711966938393,28.8010139892131,28.8010139892131,28.8705550013636,28.9896619433183,28.8755204676278,28.9747809016303,28.98470182842,28.7910758250633,28.7960450239002,28.8059827210337,28.9201991820813,29.1334043574566,29.1234973434636,29.103680537945,29.0491652125642,28.9797414812012,29.0491652125642,29.1482631431937,28.8258553140296,28.7662263269051,28.482528095304,28.4027562043539,28.5821581795757,28.5871372152255,28.5970945819598,28.6269610479519,28.6269610479519,28.5921160160095,28.6269610479519,28.6319379709646,28.8854507011395,29.0045408944048,29.0045408944048,28.9698200896756,28.9598977684891,28.7612557262559,28.7115368584326,28.7065636848157,28.8854507011395,28.8854507011395,28.9896619433183,29.0293345027462,29.1234973434636,29.173023160837,29.1234973434636,29.1680716196875,28.98470182842,28.8010139892131,28.7761668270904,28.6369146594003,28.7910758250633,28.8208875158601,28.930125224438,28.8357902104004,28.7761668270904,28.915235811822,28.6717449129776,28.5323548983997,28.5223914205637,28.2829850186196,28.2630099036222,28.1580782977234,28.043032942706,27.9328715542163,27.7874819207868,27.9028074670123,27.9328715542163,27.7272616770383,27.7573761241401,27.7322813525865
27.7322813525865,27.7071805696107,27.7573761241401,27.7924987130493,27.8777474797793,27.651937666319,27.8727347639835,27.7172216044382,28.1330791460061,28.7662263269051,29.0293345027462,29.0342925281775,28.9648590453057,28.8208875158601,28.8655893020517,28.8953800028402,28.7761668270904,28.6966166352573,28.6866686490532,28.5921160160095,28.7015902771012,28.7711966938393,28.7165097979839,28.6916427592519,28.676719725948,28.6568190680113,28.6916427592519,28.5024616412321,28.2929711549704,28.8208875158601,29.4894424120718,29.5831983351633,29.4301855384466,29.1977774003059,28.9896619433183,28.7413709858727,28.7413709858727,28.7413709858727,28.5472983510907,28.6717449129776,28.537336284473,28.497478607949,28.482528095304,28.6518433175642,28.8159194843254,28.8258553140296,28.8606233696602,28.8258553140296,28.8109512193939,28.8159194843254,29.3511249542619,29.2967366545395,28.8854507011395,29.1631198473796,29.1631198473796,28.646867332668,29.9868853810766,30.0212758178786,29.2917908821956,29.2621114091025,29.3659532950663,29.3165174407562,29.083860027377,29.173023160837,29.6522288391912,29.9524838675562,30.3009012058606,30.3106993666494,29.8295307397771,29.6029259036991,30.1047493983729,29.9623140023007,29.3066275082174,29.785232903706,29.9573990480468,30.8920850063356,30.9018293658896,31.7123938811286,31.2034681518696,30.4135259860258,29.9328208826212,30.1292880515541,30.2273864061603,30.251896949001,29.9917989785445,29.8541327014066,29.6226498173448,29.4943789947374,29.0789043205857,28.9549362591941,28.8010139892131,28.8059827210337,28.6916427592519,28.5871372152255,28.7662263269051,28.8804857008759,29.009500080336,29.3066275082174,29.3066275082174,29.0293345027462,28.9450125430426,29.1433104459398,29.103680537945,28.9251623196095,28.8556572041575,28.8407573086651,29.0491652125642,29.0739483820717,29.5733331796973,29.5634671097716,29.173023160837,28.8705550013636,28.6816943046293,28.666769865686,28.5522790316995,28.7363992161709,29.3412382437518,29.5338634107745,29.5338634107745,29.3560679644938,29.5091873682112,29.3906625985796,29.6817996485765,30.0360111882413,29.7556907859056,29.9868853810766,29.5979943542878,29.4647560610483,29.6127883172604,29.55360012514,29.449941499166,29.5831983351633,29.009500080336,29.1829255497865,29.0342925281775,29.1532156091641,28.9698200896756,29.1383575173713,29.370895615469,29.370895615469,29.1532156091641,29.5190584720663,29.8787289912069,29.6127883172604,29.7162885553777,29.6916547611904,29.5684002590573,29.4894424120718,29.227474865981,29.0144590341043,29.0888155024772,29.3115725896136,29.5881305700507,29.2720054887278,29.1086350865945,29.1234973434636,29.3906625985796,29.1135894037099,29.1482631431937,29.400544711469,29.3906625985796,29.370895615469,29.2076774790804,29.2522164072173,29.257164023458,29.1234973434636,29.0640358097506,29.019417755741,28.8010139892131,28.7413709858727,28.8208875158601,28.9499745173891,28.8755204676278,28.8556572041575,28.8655893020517,28.8953800028402,28.9003443043406,28.8159194843254,28.8357902104004,28.8357902104004,28.8705550013636,28.9102722087998,28.9896619433183,28.8755204676278,28.9747809016303,28.9747809016303,28.940050336123,29.0243762452778,28.98470182842,29.0045408944048,28.5273732771074,28.4725599092219,28.6269610479519,28.5323548983997,28.4576058629756,28.4526207095317,28.4576058629756,28.61202887113,28.482528095304,28.6319379709646,28.7513138236853,28.9995814762791,28.8606233696602,28.7264549750173,28.8407573086651,28.9201991820813,28.7214825035015,28.7214825035015,28.8407573086651,28.7214825035015,28.9598977684891,29.083860027377,29.1631198473796,29.1433104459398,29.1185434893225,29.083860027377,28.9450125430426,28.8953800028402,28.7910758250633,28.7612557262559,28.7711966938393,28.7761668270904,28.9946218259274,28.8010139892131,28.6518433175642,28.7811367266903,28.676719725948,28.5672196631112,28.3229238825521,28.1680762946208,28.1630774149815,28.1030723156867,28.048037534235,28.0180064083215,27.9328715542163,27.9328715542163,27.9028074670123,27.8877721929225,27.7322813525865,27.7573761241401
27.7623943574465,27.8977959483549,27.9278614710339,27.9278614710339,27.8977959483549,27.8877721929225,27.9929739096901,28.482528095304,29.019417755741,29.2076774790804,29.0293345027462,28.9350878965987,28.7314272125631,28.4675754627885,28.5970945819598,28.7165097979839,28.8904154684503,28.7463425217002,28.6020729131087,28.5174093287365,28.7065636848157,28.7761668270904,28.7015902771012,28.8407573086651,28.6816943046293,28.7761668270904,28.8308228788658,28.7065636848157,28.4625907807171,28.8854507011395,29.3511249542619,29.5684002590573,29.4153661581674,29.3214620616761,28.9053083729833,28.9797414812012,28.8953800028402,28.7662263269051,28.61202887113,28.6418911132907,28.646867332668,28.4625907807171,28.4526207095317,28.5273732771074,28.5273732771074,28.646867332668,28.7165097979839,28.6617945840412,28.8010139892131,29.1433104459398,30.2862022835847,31.2666081342383,29.3165174407562,29.103680537945,29.9131542754777,29.2621114091025,29.2868448794737,30.5993428998119,29.977057507944,29.671943624202,29.370895615469,29.1383575173713,28.9698200896756,29.3313506129726,29.7409166564112,30.1341951065232,30.2322889637756,29.8295307397771,29.8787289912069,29.4993153482952,29.7064357210951,29.9573990480468,29.5239936805482,29.9573990480468,30.1930622128441,30.5700247722933,30.8774668126085,31.8959886111763,31.0673487102469,29.967228730348,29.6275802249099,30.251896949001,30.3988425085929,30.2567983841477,30.2715013432821,30.2616995948902,29.8885659198648,29.8049231025195,29.2670585641821,28.9053083729833,28.8010139892131,28.6816943046293,28.6319379709646,28.8010139892131,28.7811367266903,28.8755204676278,28.7662263269051,28.9201991820813,29.0342925281775,29.1977774003059,28.9251623196095,29.0243762452778,28.7264549750173,28.6816943046293,28.676719725948,28.6568190680113,28.7513138236853,28.9598977684891,29.4301855384466,29.1977774003059,28.9549362591941,28.6966166352573,28.7015902771012,28.930125224438,28.8804857008759,28.7363992161709,28.8059827210337,29.1185434893225,29.2769521827709,29.2967366545395,29.7606150407326,29.5387979325806,29.7162885553777,29.8246096664975,29.4795685592941,29.7015089622882,29.4548799158045,29.3659532950663,29.4795685592941,29.3956037698873,29.2670585641821,29.5881305700507,29.4203061811547,28.915235811822,29.0144590341043,28.8854507011395,28.8357902104004,29.1086350865945,29.370895615469,29.5387979325806,29.400544711469,29.5289286601073,29.9131542754777,29.9131542754777,29.7212146309145,29.6029259036991,29.5930625764153,29.4943789947374,29.5042514727762,29.2522164072173,29.3066275082174,29.5831983351633,29.6226498173448,29.2225258655088,29.0392503216033,29.044207883055,29.0144590341043,29.1334043574566,29.0045408944048,28.98470182842,29.0789043205857,29.370895615469,29.0937707459177,29.1928270144785,29.2522164072173,28.9598977684891,28.9450125430426,28.7562848918599,28.7612557262559,28.8854507011395,28.8854507011395,28.930125224438,28.8904154684503,28.9003443043406,28.8705550013636,28.8457241736917,28.9747809016303,28.9598977684891,29.019417755741,28.8506908055119,28.9102722087998,28.8655893020517,28.9995814762791,28.940050336123,28.8755204676278,28.9350878965987,29.1135894037099,28.9549362591941,29.0293345027462,29.044207883055,28.6418911132907,28.4675754627885,28.6170064980665,28.4625907807171,28.607051009488,28.4476353203531,28.5970945819598,28.6966166352573,28.5921160160095,28.6219838903298,28.4924953392214,28.676719725948,28.8506908055119,28.8606233696602,28.8953800028402,28.8308228788658,28.8457241736917,28.8953800028402,28.8506908055119,28.9698200896756,28.9995814762791,28.9499745173891,29.0144590341043,29.0937707459177,28.9350878965987,28.9797414812012,28.8506908055119,28.8655893020517,28.8953800028402,29.009500080336,28.930125224438,28.6568190680113,28.8258553140296,28.8804857008759,28.8109512193939,28.7960450239002,28.6816943046293,28.5024616412321,28.497478607949,28.2829850186196,28.2430309971616,28.1130755441568,28.048037534235,28.0980703444506,27.9428910032239,27.9979808867536,27.8727347639835,27.8677218086608,27.8576951793018,27.7674123504958
27.7724301033211,28.1130755441568,28.0230121922066,28.1030723156867,27.892784190336,27.9529094959747,28.1930671296786,28.4875118350172,29.0243762452778,29.2027275551628,28.7065636848157,28.482528095304,28.4725599092219,28.3678370072086,28.4725599092219,28.537336284473,28.7562848918599,28.7463425217002,28.646867332668,28.6369146594003,28.5323548983997,28.7413709858727,28.6816943046293,28.6916427592519,28.7463425217002,28.8159194843254,29.0392503216033,28.8159194843254,28.7015902771012,28.8159194843254,29.1185434893225,29.2917908821956,29.2868448794737,28.9102722087998,28.8258553140296,28.915235811822,29.019417755741,28.7314272125631,28.7314272125631,28.6269610479519,28.5423174353593,28.4476353203531,28.4476353203531,28.4675754627885,28.4326777380859,28.3528680933838,28.4924953392214,28.6020729131087,28.7363992161709,28.7811367266903,29.6029259036991,31.392777454158,31.1013946817791,29.173023160837,29.7261404787557,29.7212146309145,28.8804857008759,30.4477796139247,30.7458136060084,30.3449858725725,29.8639718977337,29.8492127629486,29.9328208826212,30.5846848369351,31.5430178818391,31.1062575144351,30.2862022835847,29.7458415937754,29.4943789947374,29.3461817140249,30.6481886624036,30.1832532777823,29.7655390681081,29.8295307397771,29.8590524129916,30.3400884721394,31.2034681518696,31.446112467811,31.4897306471418,29.9328208826212,29.1779744708596,30.9115728433701,30.4526720961226,30.0310996239144,30.3939475690725,30.1292880515541,30.0605656241719,29.6177191814719,29.3214620616761,28.8457241736917,28.7314272125631,28.61202887113,28.5672196631112,28.3828037944729,28.5124270015936,28.8655893020517,28.9747809016303,28.9747809016303,28.8854507011395,28.8010139892131,28.8457241736917,28.9053083729833,29.0689922118039,28.8705550013636,28.8506908055119,29.1631198473796,28.8556572041575,28.6269610479519,28.7761668270904,28.537336284473,28.6966166352573,28.7662263269051,28.7165097979839,28.98470182842,29.044207883055,29.0937707459177,28.8457241736917,29.0293345027462,28.9102722087998,29.1482631431937,29.449941499166,29.6423700780649,29.3758377059907,29.8147668387412,29.5979943542878,29.4598181030883,29.3412382437518,29.3659532950663,29.400544711469,29.2522164072173,29.5042514727762,29.7359914914735,29.5486662897325,28.8506908055119,28.7214825035015,28.8506908055119,28.8904154684503,29.1977774003059,29.4054854233555,29.3560679644938,29.3906625985796,29.7113622521147,29.6965819756635,29.671943624202,29.7556907859056,29.5979943542878,29.4252459745708,29.4993153482952,29.6965819756635,29.8098450842037,29.6965819756635,29.242320482823,29.173023160837,29.2818986463425,29.0392503216033,28.8606233696602,28.8705550013636,29.044207883055,28.8655893020517,28.7513138236853,28.9003443043406,29.1680716196875,29.0937707459177,29.1878763976491,29.0640358097506,28.8953800028402,28.940050336123,28.7861063926706,28.5622396876777,28.7314272125631,28.7612557262559,28.9450125430426,28.8357902104004,28.8308228788658,28.7711966938393,28.666769865686,28.8010139892131,28.8705550013636,28.9350878965987,28.8357902104004,28.9201991820813,28.9102722087998,28.9102722087998,28.9251623196095,28.9698200896756,28.8705550013636,28.9995814762791,28.940050336123,28.9995814762791,28.9747809016303,28.7214825035015,28.7015902771012,28.7015902771012,28.7214825035015,28.7065636848157,28.537336284473,28.607051009488,28.7612557262559,28.7413709858727,28.6717449129776,28.4177180330437,28.5572594772178,28.61202887113,28.7165097979839,28.8457241736917,29.009500080336,28.8953800028402,29.0541223101622,29.019417755741,29.0243762452778,29.0342925281775,29.1631198473796,28.9995814762791,28.9053083729833,28.9201991820813,28.9201991820813,29.0640358097506,28.9350878965987,28.9797414812012,28.9450125430426,28.9499745173891,28.8308228788658,28.7015902771012,28.8159194843254,28.8059827210337,28.9201991820813,28.7711966938393,28.5970945819598,28.4526207095317,28.2729979349236,28.1780733411736,28.1980645842911,28.063049878718,28.1130755441568,28.1130755441568,28.0980703444506,27.8677218086608,28.0380281127715,27.892784190336,27.837639044803
27.9278614710339,27.9128297863749,28.1130755441568,28.1630774149815,28.2829850186196,28.228044327915,28.1030723156867,28.258015532538,28.5871372152255,28.7513138236853,28.5771789090283,28.4526207095317,28.3628476055947,28.4127309928177,28.497478607949,28.5223914205637,28.6319379709646,28.8953800028402,28.7065636848157,28.3628476055947,28.5572594772178,28.6269610479519,28.6617945840412,28.8506908055119,28.7314272125631,28.6219838903298,29.044207883055,28.8258553140296,28.8159194843254,28.9201991820813,29.1581678438823,29.227474865981,29.1829255497865,28.940050336123,29.0590791758805,29.1928270144785,28.9251623196095,29.1779744708596,28.607051009488,28.6269610479519,28.5672196631112,28.5273732771074,28.5672196631112,28.5323548983997,28.5672196631112,28.5970945819598,28.9598977684891,28.9747809016303,28.7513138236853,29.009500080336,29.2868448794737,30.2764018809912,31.7655716955528,30.1685381887201,29.5042514727762,29.5634671097716,29.1680716196875,30.305800398308,30.9164442514054,30.6139989617178,31.3588232834475,31.4945760258868,31.982846237395,31.2228997729714,31.2228997729714,30.501584646145,31.1208446966917,30.6237685583967,29.6522288391912,30.6286530234468,31.5430178818391,29.7507663035967,29.6423700780649,29.5585337318094,29.7901557942818,29.9917989785445,30.2028702487351,31.6495137127074,31.4751932084967,31.2520406467337,31.2568966943074,30.9067012148745,30.6726032155034,30.4526720961226,30.0360111882413,30.3792614089673,30.2420934053758,29.3264064524046,29.3264064524046,29.0045408944048,28.8109512193939,28.7711966938393,28.5672196631112,28.61202887113,28.482528095304,28.8606233696602,29.1928270144785,29.1829255497865,29.0144590341043,29.1878763976491,29.4943789947374,29.3016821965364,29.3115725896136,29.5979943542878,29.7359914914735,29.8738101868109,29.083860027377,28.6916427592519,28.6418911132907,28.537336284473,28.7015902771012,28.8804857008759,28.7811367266903,29.044207883055,29.2225258655088,29.2720054887278,29.0293345027462,29.083860027377,28.8556572041575,29.0888155024772,29.2373721746069,29.6472995727053,29.6029259036991,29.7606150407326,29.7507663035967,29.775386440627,29.3362945434113,29.6226498173448,29.8098450842037,29.5831983351633,29.4943789947374,29.4894424120718,29.0888155024772,29.0541223101622,28.7363992161709,28.940050336123,29.1334043574566,29.227474865981,29.3560679644938,29.3758377059907,29.3560679644938,29.7064357210951,29.9819715575531,29.9917989785445,29.667015270028,29.6620866878218,29.7015089622882,29.4598181030883,29.4746312891203,29.4746312891203,29.5733331796973,29.5733331796973,29.257164023458,29.1482631431937,28.8655893020517,28.7861063926706,28.6219838903298,28.6369146594003,28.7214825035015,28.7562848918599,28.7960450239002,28.940050336123,29.083860027377,29.2076774790804,29.019417755741,28.9450125430426,28.8357902104004,28.8457241736917,28.7662263269051,28.7562848918599,28.6816943046293,28.8457241736917,28.8705550013636,28.7662263269051,28.8606233696602,28.8109512193939,28.8258553140296,28.8755204676278,28.9598977684891,28.930125224438,28.9797414812012,28.9995814762791,28.930125224438,28.9003443043406,29.1482631431937,28.9797414812012,28.8655893020517,28.9201991820813,28.9648590453057,28.9201991820813,29.044207883055,28.915235811822,28.7413709858727,28.9003443043406,28.8506908055119,28.6966166352573,28.7811367266903,28.7811367266903,28.7513138236853,28.7314272125631,28.5522790316995,28.3927804716586,28.5921160160095,28.8208875158601,28.8804857008759,28.9946218259274,28.940050336123,29.1482631431937,29.2373721746069,29.2522164072173,29.1532156091641,29.0689922118039,29.083860027377,29.1631198473796,28.8854507011395,28.8655893020517,29.0293345027462,28.98470182842,28.9350878965987,29.0491652125642,29.0640358097506,28.7811367266903,28.7612557262559,28.8904154684503,28.8655893020517,28.8457241736917,28.676719725948,28.5024616412321,28.3778151016153,28.3927804716586,28.2330401214815,28.1930671296786,28.1580782977234,28.0880656878123,28.0029876251156,27.9929739096901,27.9128297863749,28.0130003858666,27.8526815051994,27.892784190336
28.0380281127715,28.1130755441568,28.218052029166,28.1080740489112,28.2430309971616,28.4526207095317,28.1780733411736,28.1330791460061,28.1980645842911,28.372826172538,28.5771789090283,28.2630099036222,28.1430795199092,28.372826172538,28.3778151016153,28.4725599092219,28.4376638346625,28.3578579676639,28.6518433175642,28.4875118350172,28.5572594772178,28.4924953392214,28.7363992161709,28.8208875158601,28.7264549750173,28.7363992161709,28.930125224438,28.7662263269051,28.7363992161709,28.7811367266903,28.98470182842,28.915235811822,29.1284509661644,29.0491652125642,29.1334043574566,28.9648590453057,28.9201991820813,28.8457241736917,28.7214825035015,28.7214825035015,28.4875118350172,28.5572594772178,28.6617945840412,28.5821581795757,28.4625907807171,28.5921160160095,28.8904154684503,28.940050336123,28.61202887113,28.7413709858727,29.1631198473796,29.5930625764153,30.8823397644757,31.1013946817791,29.9131542754777,29.4252459745708,29.0392503216033,29.4054854233555,29.977057507944,30.1292880515541,30.0802051118783,30.1930622128441,30.6384212871151,30.7214156836447,30.9456680715749,31.2083263851684,30.6384212871151,31.1548737839995,31.140291204115,31.9876696247545,30.0212758178786,29.7162885553777,29.7162885553777,29.5634671097716,29.927904570493,29.7606150407326,30.6188838711635,30.9505379372001,30.3792614089673,30.4771311594754,30.8920850063356,30.80434603868,30.2862022835847,29.7359914914735,30.1783484729875,30.6042284760713,30.6091138300302,30.001625495435,29.5141230346309,29.3807795666623,28.9946218259274,28.5472983510907,28.5472983510907,28.6219838903298,28.6369146594003,28.9350878965987,29.4351248728131,29.5782658717225,29.3956037698873,29.5437322255563,29.7704628680627,29.6965819756635,29.5289286601073,29.5782658717225,29.6965819756635,29.8196883661623,29.2373721746069,29.2225258655088,28.8953800028402,28.5871372152255,28.6717449129776,28.7761668270904,29.3758377059907,29.9082370574946,29.4993153482952,29.3412382437518,29.173023160837,29.1878763976491,29.009500080336,29.0987257577298,29.2225258655088,29.370895615469,29.4795685592941,29.7606150407326,29.449941499166,29.6571578775531,29.6522288391912,29.8639718977337,30.109657579554,29.7212146309145,29.8590524129916,29.7212146309145,29.0888155024772,29.1185434893225,28.7811367266903,29.227474865981,28.9946218259274,29.23242363567,29.4598181030883,29.449941499166,29.2225258655088,29.5486662897325,29.7064357210951,29.9868853810766,29.8344515860316,29.8688911556633,29.6423700780649,29.4548799158045,29.3214620616761,29.2769521827709,29.5486662897325,29.6916547611904,29.667015270028,29.3906625985796,28.7662263269051,28.7662263269051,28.6568190680113,28.4725599092219,28.5472983510907,28.6219838903298,28.5921160160095,28.7910758250633,28.7115368584326,28.8556572041575,28.8258553140296,28.8208875158601,28.7264549750173,28.7314272125631,28.7115368584326,28.7264549750173,28.7264549750173,28.676719725948,28.9251623196095,28.8606233696602,28.8407573086651,28.9102722087998,28.9995814762791,29.083860027377,29.0392503216033,28.9995814762791,28.9698200896756,29.0045408944048,28.9549362591941,28.9003443043406,29.0144590341043,28.9598977684891,29.0243762452778,28.9747809016303,29.0243762452778,29.009500080336,28.9499745173891,29.0045408944048,28.9102722087998,29.0144590341043,28.9003443043406,28.8705550013636,28.9003443043406,28.8953800028402,28.7413709858727,28.7562848918599,28.5821581795757,28.3977684560513,28.5622396876777,28.676719725948,28.9598977684891,28.940050336123,29.0045408944048,29.083860027377,29.0541223101622,29.1482631431937,29.3758377059907,29.0987257577298,29.1433104459398,29.0888155024772,29.083860027377,28.9896619433183,28.9549362591941,28.915235811822,29.0144590341043,29.2670585641821,29.0590791758805,28.9102722087998,28.8357902104004,28.8655893020517,28.8208875158601,28.8606233696602,28.6816943046293,28.5273732771074,28.3129405866768,28.228044327915,28.1930671296786,28.2080587813783,28.0730569169481,28.0780600787342,27.9378813982687,28.0180064083215,27.9929739096901,27.8426534379831,27.9128297863749,27.8677218086608
28.0180064083215,28.2829850186196,28.6966166352573,28.5323548983997,28.1080740489112,28.2480260793404,28.1980645842911,28.0230121922066,28.1830715081525,28.3678370072086,28.5771789090283,28.4625907807171,28.2480260793404,28.3927804716586,28.4326777380859,28.5124270015936,28.3578579676639,28.3977684560513,28.6418911132907,28.7562848918599,28.7513138236853,28.6518433175642,28.5174093287365,28.5970945819598,28.5970945819598,28.6369146594003,28.7314272125631,28.9450125430426,28.915235811822,29.0789043205857,28.7960450239002,28.7463425217002,28.9450125430426,28.8904154684503,28.8407573086651,28.6219838903298,28.6319379709646,28.6966166352573,28.6568190680113,28.6219838903298,28.5821581795757,28.5871372152255,28.5970945819598,28.7562848918599,28.4027562043539,28.5921160160095,29.0689922118039,28.9053083729833,28.7662263269051,28.7811367266903,29.0541223101622,29.0689922118039,29.5042514727762,30.5406986345341,29.9868853810766,29.5091873682112,29.0392503216033,29.5190584720663,29.6916547611904,29.400544711469,29.1433104459398,29.671943624202,30.3009012058606,31.1062575144351,31.9731988200718,31.1937510290531,30.2420934053758,30.6384212871151,31.2811736565213,30.0556551883126,29.3807795666623,29.7162885553777,29.7261404787557,29.7704628680627,29.6127883172604,30.094932359983,31.0819411575361,31.0819411575361,30.3792614089673,30.1881578577246,29.5782658717225,30.4869132231383,30.1930622128441,29.2720054887278,29.3511249542619,30.4477796139247,30.3351908478087,30.2126773856944,29.7704628680627,29.5190584720663,28.7363992161709,28.4924953392214,28.61202887113,28.5970945819598,28.6020729131087,28.8407573086651,29.0888155024772,29.1383575173713,29.2769521827709,29.3906625985796,29.7015089622882,29.4351248728131,29.3066275082174,29.55360012514,29.6768717503746,29.5437322255563,29.6374403552393,29.6620866878218,29.5338634107745,29.1977774003059,28.6816943046293,28.8010139892131,29.1977774003059,29.4104259055781,29.671943624202,29.3412382437518,29.2027275551628,29.242320482823,29.2769521827709,29.2027275551628,29.2621114091025,29.1878763976491,29.2027275551628,29.4054854233555,29.6374403552393,29.4943789947374,29.6571578775531,29.9033196129721,29.8295307397771,29.8344515860316,29.7359914914735,29.5486662897325,29.3511249542619,29.1482631431937,29.1185434893225,29.227474865981,28.940050336123,29.1433104459398,29.1977774003059,29.2818986463425,29.4400639777012,29.5881305700507,29.6275802249099,29.8492127629486,29.8885659198648,29.8885659198648,29.9033196129721,29.6916547611904,29.3956037698873,29.5733331796973,29.671943624202,29.8934840441875,29.7803097858312,29.3659532950663,29.0491652125642,29.0739483820717,28.7861063926706,28.6020729131087,28.497478607949,28.5622396876777,28.5572594772178,28.7115368584326,28.6916427592519,28.5622396876777,28.5522790316995,28.7065636848157,28.6269610479519,28.7214825035015,28.6518433175642,28.6170064980665,28.6269610479519,28.6617945840412,28.8357902104004,28.9797414812012,28.7662263269051,28.7363992161709,28.8556572041575,28.9350878965987,28.98470182842,28.9648590453057,28.9499745173891,28.9251623196095,28.8357902104004,28.7264549750173,28.915235811822,28.8804857008759,28.9598977684891,29.0243762452778,29.0243762452778,29.1234973434636,28.940050336123,28.8904154684503,28.8606233696602,28.9003443043406,28.9499745173891,28.8755204676278,28.9797414812012,28.8655893020517,28.8109512193939,28.6369146594003,28.5771789090283,28.5771789090283,28.5672196631112,28.5672196631112,28.8755204676278,28.7711966938393,28.8804857008759,29.1433104459398,29.1532156091641,29.242320482823,29.2472685603494,29.0789043205857,29.1334043574566,29.1234973434636,29.1135894037099,29.0739483820717,28.9747809016303,29.083860027377,28.940050336123,29.0689922118039,29.0590791758805,28.9251623196095,28.8208875158601,28.9499745173891,28.915235811822,28.915235811822,28.7115368584326,28.5721994035508,28.4127309928177,28.277991595206,28.1280786023483,28.1430795199092,28.1230778208426,28.0280177375547,27.9979808867536,27.9779515459613,27.9579183838364,27.8777474797793,27.8827599560813,27.777447615956
28.1530789428139,28.3079485837934,28.6866686490532,28.607051009488,28.4276914056455,28.0580460022081,28.0980703444506,28.0930681351701,28.4526207095317,28.4526207095317,28.347877982722,28.3029563442362,28.258015532538,28.3129405866768,28.4476353203531,28.4276914056455,28.4376638346625,28.3977684560513,28.5174093287365,28.6319379709646,28.7065636848157,28.6866686490532,28.4725599092219,28.7115368584326,28.607051009488,28.666769865686,28.9003443043406,29.0392503216033,29.0888155024772,28.9003443043406,28.8059827210337,28.7363992161709,28.7861063926706,28.9747809016303,28.5323548983997,28.5721994035508,28.5871372152255,28.5771789090283,28.5771789090283,28.5821581795757,28.6568190680113,28.7910758250633,28.8705550013636,28.8059827210337,28.607051009488,28.6319379709646,28.9251623196095,28.7612557262559,28.8953800028402,28.9251623196095,28.9251623196095,29.0392503216033,29.0590791758805,29.044207883055,29.5979943542878,29.4153661581674,29.257164023458,30.0998409918593,29.3758377059907,28.9549362591941,29.1433104459398,29.3066275082174,29.6177191814719,30.8774668126085,32.0840924342254,31.7993985475037,30.6188838711635,29.972143232219,31.0430235736846,30.4526720961226,29.3511249542619,29.5042514727762,29.5634671097716,29.5684002590573,29.977057507944,30.0752955782511,30.8530987427369,30.6237685583967,30.6091138300302,30.1783484729875,29.4746312891203,30.001625495435,30.3792614089673,29.9623140023007,29.3511249542619,30.2666005812584,29.9426528277437,29.795078457589,29.7556907859056,29.8147668387412,29.0888155024772,28.7413709858727,28.676719725948,28.6269610479519,28.4775441200496,28.6369146594003,28.8159194843254,28.8606233696602,29.0987257577298,29.2818986463425,29.3066275082174,29.1086350865945,29.3313506129726,29.5387979325806,29.55360012514,29.5437322255563,29.5979943542878,29.6965819756635,29.4746312891203,29.3165174407562,28.9201991820813,29.009500080336,29.0144590341043,29.2720054887278,29.4746312891203,29.2967366545395,29.173023160837,29.217576634222,29.4598181030883,29.4450028531419,29.3214620616761,29.3610107447515,29.2818986463425,29.3016821965364,29.3016821965364,29.4647560610483,29.2868448794737,29.5486662897325,29.8393722052915,29.6226498173448,29.5881305700507,29.7113622521147,29.5684002590573,29.5338634107745,29.5239936805482,29.3956037698873,29.3115725896136,29.4104259055781,29.2769521827709,29.4548799158045,29.6226498173448,29.6768717503746,29.7359914914735,29.6768717503746,29.671943624202,29.5338634107745,29.5437322255563,29.5387979325806,29.5782658717225,29.5881305700507,29.785232903706,29.8639718977337,29.7901557942818,29.7901557942818,29.3412382437518,29.3461817140249,29.0689922118039,28.7711966938393,28.4924953392214,28.5472983510907,28.6319379709646,28.6916427592519,28.5672196631112,28.4476353203531,28.5771789090283,28.4875118350172,28.5821581795757,28.6219838903298,28.4675754627885,28.4625907807171,28.5223914205637,28.7065636848157,28.8258553140296,28.8208875158601,28.7314272125631,28.7214825035015,28.8506908055119,28.9648590453057,28.9698200896756,28.8804857008759,28.7264549750173,28.6916427592519,28.6816943046293,28.7214825035015,28.8457241736917,28.8606233696602,28.7413709858727,28.9350878965987,28.9499745173891,29.0789043205857,28.8904154684503,29.0045408944048,28.8705550013636,28.7861063926706,28.9350878965987,28.9995814762791,28.8308228788658,28.7314272125631,28.61202887113,28.5821581795757,28.5572594772178,28.6568190680113,28.5771789090283,28.6418911132907,28.7214825035015,28.8755204676278,28.8953800028402,29.1433104459398,29.1631198473796,29.0739483820717,29.2225258655088,29.242320482823,29.0987257577298,29.3313506129726,29.2621114091025,29.1086350865945,29.0590791758805,29.0640358097506,29.0293345027462,29.0689922118039,28.9350878965987,29.0590791758805,29.0689922118039,29.1433104459398,28.9053083729833,28.9747809016303,28.5721994035508,28.6219838903298,28.3528680933838,28.253020924455,28.2630099036222,28.1580782977234,28.2330401214815,28.0079941248089,27.9228511486881,27.9679354426974,27.9679354426974,27.8827599560813,27.8777474797793,27.7573761241401
28.1380794518489,28.277991595206,28.4526207095317,28.6866686490532,28.2480260793404,28.0780600787342,28.1180768014564,28.4127309928177,28.3927804716586,28.4326777380859,28.2829850186196,28.3129405866768,28.277991595206,28.277991595206,28.5572594772178,28.3578579676639,28.3877922511433,28.4027562043539,28.5472983510907,28.5921160160095,28.6418911132907,28.5223914205637,28.4426496954073,28.5672196631112,28.7413709858727,29.2027275551628,29.1977774003059,28.930125224438,28.8258553140296,28.9747809016303,28.9053083729833,29.0293345027462,29.2967366545395,29.23242363567,28.607051009488,28.6418911132907,28.7711966938393,28.666769865686,28.7562848918599,28.7761668270904,28.8407573086651,29.1383575173713,29.1383575173713,28.7711966938393,28.9102722087998,28.9549362591941,28.7264549750173,28.8506908055119,28.9251623196095,28.7513138236853,28.8059827210337,29.1680716196875,28.930125224438,28.8457241736917,29.4993153482952,29.9917989785445,30.2862022835847,29.9967123499873,29.044207883055,28.9698200896756,29.0640358097506,28.6816943046293,29.1433104459398,31.3394161088585,31.1159825218625,30.4624563909023,31.5381746720332,30.4771311594754,30.1489149206362,30.3939475690725,30.2028702487351,29.4746312891203,29.4351248728131,29.795078457589,30.1832532777823,29.5979943542878,30.0703858191111,30.40863171704,30.5162540628758,29.785232903706,29.6768717503746,30.158727004683,29.8344515860316,30.6970122213627,30.9748839624798,30.3547800018646,30.3694695173139,30.2911021485288,30.3547800018646,29.6374403552393,29.1383575173713,28.915235811822,28.8804857008759,28.7214825035015,28.6866686490532,28.6916427592519,29.0937707459177,29.3115725896136,29.0987257577298,29.385721197515,29.3165174407562,29.2967366545395,29.3511249542619,29.4104259055781,29.3412382437518,29.6571578775531,29.5585337318094,29.370895615469,29.2126271720896,29.0392503216033,28.9946218259274,29.1977774003059,29.1977774003059,29.2720054887278,29.3511249542619,29.4104259055781,29.3560679644938,29.3511249542619,29.449941499166,29.3659532950663,29.4598181030883,29.4054854233555,29.3362945434113,29.4548799158045,29.3214620616761,29.3264064524046,29.3066275082174,29.3313506129726,29.8590524129916,29.8541327014066,29.7458415937754,29.8541327014066,29.7162885553777,29.7704628680627,29.6817996485765,29.6226498173448,29.6423700780649,29.4746312891203,29.4301855384466,29.7458415937754,29.7212146309145,29.5634671097716,29.8639718977337,29.667015270028,29.6522288391912,29.6620866878218,29.3758377059907,29.3214620616761,29.3412382437518,29.3659532950663,29.6078572246797,29.7556907859056,29.6916547611904,29.6226498173448,29.4301855384466,29.4943789947374,29.1532156091641,28.7015902771012,28.5423174353593,28.5273732771074,28.5124270015936,28.4675754627885,28.537336284473,28.4625907807171,28.4775441200496,28.537336284473,28.4725599092219,28.5423174353593,28.4177180330437,28.4725599092219,28.4775441200496,28.4924953392214,28.5622396876777,28.5074444391028,28.7165097979839,28.9053083729833,28.7015902771012,28.7015902771012,28.5572594772178,28.6717449129776,28.6269610479519,28.6966166352573,28.6020729131087,28.7115368584326,28.8357902104004,28.8953800028402,28.98470182842,29.0590791758805,29.083860027377,29.0987257577298,29.009500080336,29.019417755741,28.8904154684503,28.8755204676278,28.8357902104004,28.9797414812012,28.7015902771012,28.6816943046293,28.8407573086651,28.7115368584326,28.6219838903298,28.5721994035508,28.7761668270904,28.7513138236853,28.8208875158601,28.7861063926706,28.8804857008759,28.9896619433183,29.2472685603494,29.227474865981,29.1779744708596,29.1928270144785,29.2621114091025,29.1631198473796,29.1433104459398,29.0789043205857,29.173023160837,29.0789043205857,29.1482631431937,29.0789043205857,29.0640358097506,29.103680537945,29.1334043574566,29.1383575173713,28.9549362591941,28.930125224438,28.7463425217002,28.4326777380859,28.3877922511433,28.3229238825521,28.1980645842911,28.1630774149815,28.1180768014564,28.0780600787342,28.0930681351701,27.982959239327,27.8677218086608,27.892784190336,27.9679354426974,27.8677218086608
28.1880694376433,28.1630774149815,28.2130555239183,28.0330230443987,28.0780600787342,28.043032942706,28.3029563442362,28.223048297154,28.4127309928177,28.3378970521235,28.2979638679726,28.253020924455,28.1780733411736,28.2879782051969,28.5572594772178,28.607051009488,28.537336284473,28.5323548983997,28.4027562043539,28.5970945819598,28.6916427592519,28.5821581795757,28.482528095304,28.4725599092219,28.7463425217002,28.7910758250633,28.8904154684503,28.9251623196095,28.8953800028402,28.9201991820813,29.044207883055,29.0342925281775,29.2076774790804,29.1928270144785,28.9003443043406,28.940050336123,29.1234973434636,28.646867332668,28.5871372152255,28.9698200896756,29.0045408944048,29.0243762452778,29.1135894037099,29.103680537945,29.1977774003059,29.044207883055,29.0293345027462,28.8705550013636,28.6170064980665,28.930125224438,29.1482631431937,29.3412382437518,29.2522164072173,28.8804857008759,29.8098450842037,29.3165174407562,30.2273864061603,29.5141230346309,28.8159194843254,28.646867332668,28.6518433175642,28.6418911132907,30.364573235923,30.0851144200226,29.23242363567,29.23242363567,30.0851144200226,30.6921308637942,29.8344515860316,30.6823674833107,30.2322889637756,29.8246096664975,29.3362945434113,29.5782658717225,30.2175806171496,30.197966343171,30.0654758344281,30.2764018809912,30.2960017892775,30.0605656241719,30.3841570192894,30.2813021944153,29.370895615469,30.158727004683,31.1645944087902,30.2960017892775,30.4673482035432,29.7409166564112,29.8836475688813,29.4450028531419,29.1433104459398,28.9896619433183,28.9499745173891,28.8606233696602,28.6717449129776,28.4276914056455,28.8705550013636,29.3807795666623,29.0689922118039,29.1086350865945,29.400544711469,29.3016821965364,29.3115725896136,29.3264064524046,29.5979943542878,29.8787289912069,29.8492127629486,29.4795685592941,29.2126271720896,29.1928270144785,29.3264064524046,29.0392503216033,29.3560679644938,29.4252459745708,29.5930625764153,29.370895615469,29.1779744708596,29.1284509661644,29.7704628680627,29.4203061811547,29.3610107447515,29.2818986463425,29.1829255497865,29.2472685603494,29.2027275551628,29.1631198473796,29.1829255497865,29.1977774003059,29.5091873682112,29.8590524129916,29.8541327014066,29.8541327014066,29.4301855384466,29.5733331796973,29.7162885553777,29.6522288391912,29.6078572246797,29.5387979325806,29.5486662897325,29.4450028531419,29.4252459745708,29.6078572246797,29.5782658717225,29.5733331796973,29.7803097858312,29.6916547611904,29.5289286601073,29.1383575173713,29.1581678438823,29.3412382437518,29.5881305700507,29.5239936805482,29.449941499166,29.2225258655088,29.2225258655088,29.3807795666623,29.2373721746069,28.8705550013636,28.6966166352573,28.7015902771012,28.537336284473,28.4276914056455,28.6966166352573,28.5622396876777,28.4426496954073,28.4576058629756,28.4326777380859,28.3778151016153,28.4276914056455,28.3628476055947,28.3578579676639,28.3179323529188,28.5024616412321,28.5124270015936,28.5273732771074,28.7115368584326,28.6916427592519,28.666769865686,28.5721994035508,28.6518433175642,28.5423174353593,28.646867332668,28.7065636848157,28.7214825035015,28.8407573086651,28.9747809016303,29.0045408944048,29.0342925281775,29.0392503216033,29.0144590341043,29.1086350865945,29.103680537945,29.0541223101622,29.0640358097506,28.9549362591941,28.940050336123,28.8606233696602,28.7513138236853,28.8059827210337,28.7363992161709,28.7413709858727,28.6617945840412,28.7612557262559,28.7811367266903,28.8953800028402,28.8357902104004,28.646867332668,28.7562848918599,28.98470182842,29.1086350865945,29.1878763976491,29.1433104459398,29.257164023458,29.2027275551628,29.1779744708596,29.1680716196875,29.0491652125642,29.0937707459177,29.0789043205857,29.1234973434636,29.1135894037099,29.0590791758805,29.0640358097506,28.9698200896756,29.0144590341043,29.0045408944048,28.7463425217002,28.5622396876777,28.3678370072086,28.2030618015135,28.0980703444506,28.0680535169536,28.0880656878123,28.0230121922066,28.0130003858666,27.9929739096901,27.8827599560813,27.8426534379831,27.7874819207868,27.892784190336
28.332906232122,28.253020924455,28.2480260793404,28.228044327915,28.0680535169536,28.277991595206,28.1530789428139,28.4027562043539,28.332906232122,28.3578579676639,28.2130555239183,28.1130755441568,28.1180768014564,28.2879782051969,28.3628476055947,28.7214825035015,28.5423174353593,28.5423174353593,28.4526207095317,28.5821581795757,28.6418911132907,28.5921160160095,28.5871372152255,28.5024616412321,28.7662263269051,28.8953800028402,29.0937707459177,29.0293345027462,29.0293345027462,29.2720054887278,29.4153661581674,29.5239936805482,29.5289286601073,28.9499745173891,28.940050336123,28.9053083729833,29.1284509661644,28.7811367266903,28.7861063926706,28.6319379709646,28.8208875158601,29.1135894037099,28.9896619433183,29.2027275551628,29.4696937897153,29.5585337318094,29.3560679644938,29.4153661581674,29.4400639777012,30.0065384149177,30.2126773856944,30.2420934053758,30.2273864061603,29.3313506129726,29.5141230346309,29.55360012514,29.8000008936581,30.3351908478087,29.257164023458,28.4875118350172,28.5074444391028,30.364573235923,30.7994695527038,28.8258553140296,28.6269610479519,29.0342925281775,29.0342925281775,29.6571578775531,29.7212146309145,29.8492127629486,30.5797983711788,30.4379939797648,29.775386440627,29.785232903706,30.8872124957083,29.8836475688813,30.0654758344281,30.1194732660389,30.1440085410342,30.0703858191111,31.1791737038519,30.5895710802732,29.2522164072173,29.967228730348,30.8238497718738,30.2911021485288,29.9917989785445,29.449941499166,29.8000008936581,29.4301855384466,29.1928270144785,29.1680716196875,29.1433104459398,29.0045408944048,28.8854507011395,28.6219838903298,28.7413709858727,29.009500080336,29.1433104459398,29.2917908821956,29.1185434893225,29.4203061811547,29.2868448794737,29.3362945434113,29.671943624202,29.6472995727053,29.7507663035967,29.4943789947374,29.400544711469,29.1878763976491,29.4598181030883,29.400544711469,29.5930625764153,29.3511249542619,29.6127883172604,29.4894424120718,29.1631198473796,29.1680716196875,29.671943624202,29.6472995727053,29.227474865981,29.449941499166,29.449941499166,29.2522164072173,29.2621114091025,29.2670585641821,29.1928270144785,29.1433104459398,29.3511249542619,29.5585337318094,29.5979943542878,29.8541327014066,29.5782658717225,29.2621114091025,29.4400639777012,29.6423700780649,29.6571578775531,29.6275802249099,29.5091873682112,29.5387979325806,29.5733331796973,29.227474865981,29.4647560610483,29.3610107447515,29.667015270028,29.6620866878218,29.385721197515,29.1086350865945,28.9598977684891,29.1581678438823,29.4894424120718,29.3956037698873,29.217576634222,29.0987257577298,29.0541223101622,29.2818986463425,29.2720054887278,28.7761668270904,28.7015902771012,28.5323548983997,28.5273732771074,28.7065636848157,28.5423174353593,28.5522790316995,28.4326777380859,28.3778151016153,28.3927804716586,28.3927804716586,28.342887635646,28.3877922511433,28.3678370072086,28.4576058629756,28.5024616412321,28.4426496954073,28.5124270015936,28.4775441200496,28.6617945840412,28.666769865686,28.5472983510907,28.646867332668,28.5273732771074,28.5223914205637,28.666769865686,28.8208875158601,28.8407573086651,29.009500080336,29.0342925281775,29.009500080336,29.0243762452778,28.930125224438,28.9797414812012,29.0689922118039,28.9549362591941,29.0689922118039,29.083860027377,28.9499745173891,28.940050336123,28.8506908055119,29.0789043205857,28.7761668270904,28.6170064980665,28.6966166352573,28.7910758250633,28.9102722087998,28.9003443043406,28.676719725948,28.7612557262559,28.7612557262559,28.9350878965987,29.0342925281775,29.0888155024772,29.1334043574566,29.1977774003059,29.1482631431937,29.2621114091025,29.173023160837,29.0541223101622,29.083860027377,29.0739483820717,29.0640358097506,29.0987257577298,29.1234973434636,28.9499745173891,28.9995814762791,29.0045408944048,28.8457241736917,28.7562848918599,28.61202887113,28.3877922511433,28.327915175609,28.332906232122,28.1880694376433,28.1030723156867,28.1430795199092,28.1330791460061,27.962927032733,27.8727347639835,27.9378813982687,27.8727347639835,27.892784190336
28.5024616412321,28.5124270015936,28.4775441200496,28.332906232122,28.2829850186196,28.2729979349236,28.2380356778862,28.2480260793404,28.253020924455,28.2480260793404,28.2380356778862,28.0780600787342,28.2929711549704,28.2729979349236,28.2829850186196,28.5323548983997,28.5472983510907,28.5223914205637,28.4227048373089,28.332906232122,28.342887635646,28.3628476055947,28.6269610479519,28.7662263269051,28.9648590453057,29.0689922118039,29.1977774003059,29.0888155024772,29.0541223101622,29.2917908821956,29.5141230346309,29.5239936805482,29.385721197515,29.5091873682112,29.217576634222,28.5572594772178,28.8208875158601,29.3412382437518,28.9698200896756,28.7662263269051,28.646867332668,28.8159194843254,29.1086350865945,29.2225258655088,29.7409166564112,29.6817996485765,29.5486662897325,29.3560679644938,29.8393722052915,30.1930622128441,30.251896949001,30.1832532777823,30.2224836239616,29.5881305700507,29.0987257577298,29.5979943542878,29.3956037698873,29.8196883661623,30.1685381887201,29.4203061811547,30.6188838711635,30.9164442514054,29.1928270144785,28.482528095304,28.5223914205637,28.7612557262559,28.5024616412321,28.7363992161709,29.2373721746069,29.5042514727762,30.251896949001,30.6091138300302,30.6139989617178,31.2326142717151,30.4331008277436,29.667015270028,30.4526720961226,30.3400884721394,29.8885659198648,30.3743655749854,31.4800392384751,30.3890524059812,29.9917989785445,29.8639718977337,30.0360111882413,30.1881578577246,30.4918039204427,29.927904570493,29.8492127629486,29.1928270144785,29.1779744708596,29.1977774003059,29.242320482823,28.8357902104004,28.7363992161709,28.4326777380859,28.6369146594003,28.6319379709646,29.0888155024772,29.4104259055781,29.385721197515,29.3906625985796,29.4252459745708,29.7458415937754,29.5141230346309,29.4548799158045,29.4894424120718,29.2818986463425,29.3115725896136,29.23242363567,29.2621114091025,29.2472685603494,29.5042514727762,29.3016821965364,29.3511249542619,29.4252459745708,29.1284509661644,29.1779744708596,29.9033196129721,29.6127883172604,29.4104259055781,29.4203061811547,29.4450028531419,29.3165174407562,29.3214620616761,29.217576634222,29.1829255497865,29.3313506129726,29.3758377059907,29.385721197515,29.4252459745708,29.5979943542878,29.6029259036991,29.019417755741,29.0144590341043,29.4548799158045,29.4993153482952,29.5930625764153,29.6275802249099,29.7507663035967,29.7556907859056,29.6177191814719,29.3016821965364,29.173023160837,29.3362945434113,29.2818986463425,29.1334043574566,29.3264064524046,29.1829255497865,29.1680716196875,29.4993153482952,29.5141230346309,29.217576634222,29.0293345027462,29.1185434893225,29.0937707459177,29.0243762452778,28.6916427592519,28.5970945819598,28.6020729131087,28.537336284473,28.5871372152255,28.6866686490532,28.4077437165986,28.2680040377398,28.3927804716586,28.3778151016153,28.3778151016153,28.372826172538,28.3778151016153,28.4675754627885,28.5423174353593,28.5821581795757,28.4276914056455,28.482528095304,28.5024616412321,28.6319379709646,28.6170064980665,28.6170064980665,28.646867332668,28.5472983510907,28.676719725948,28.7513138236853,28.7314272125631,28.8407573086651,28.9102722087998,28.940050336123,28.9946218259274,29.019417755741,28.9896619433183,29.009500080336,29.0144590341043,29.0045408944048,28.9251623196095,28.9747809016303,28.940050336123,28.930125224438,28.9251623196095,28.8407573086651,28.7662263269051,28.6518433175642,28.7861063926706,28.7960450239002,28.9053083729833,28.8904154684503,28.915235811822,28.7711966938393,28.7761668270904,28.8059827210337,28.8804857008759,29.0689922118039,29.1680716196875,29.173023160837,29.1532156091641,29.1928270144785,29.1234973434636,29.1135894037099,29.0789043205857,29.0491652125642,28.9350878965987,28.9747809016303,29.0144590341043,29.0987257577298,28.9648590453057,28.9003443043406,28.8109512193939,28.6219838903298,28.5124270015936,28.4127309928177,28.332906232122,28.2130555239183,28.0830630023446,28.1880694376433,28.1580782977234,28.0530418873914,27.962927032733,27.8727347639835,27.9078187463413,27.8526815051994,27.9078187463413
28.4476353203531,28.8407573086651,28.7214825035015,28.327915175609,28.3079485837934,28.2380356778862,28.1980645842911,28.2680040377398,28.4077437165986,28.1930671296786,28.3129405866768,28.2480260793404,28.2879782051969,28.1580782977234,28.4775441200496,28.5572594772178,28.537336284473,28.4875118350172,28.327915175609,28.3079485837934,28.2080587813783,28.4476353203531,28.7662263269051,28.9350878965987,29.0491652125642,29.1878763976491,29.1631198473796,29.2720054887278,29.0987257577298,29.1928270144785,29.4548799158045,29.0888155024772,28.98470182842,29.217576634222,29.1383575173713,28.930125224438,28.9003443043406,29.3412382437518,29.1532156091641,28.6916427592519,28.7463425217002,28.8010139892131,28.9251623196095,29.0987257577298,29.6620866878218,29.7359914914735,30.1047493983729,29.5782658717225,29.7507663035967,29.9573990480468,29.7458415937754,29.8344515860316,29.8295307397771,29.0937707459177,28.8457241736917,29.3313506129726,29.3511249542619,29.4943789947374,30.4233138536706,31.1888921394784,30.2666005812584,29.6029259036991,28.6269610479519,28.4227048373089,28.7413709858727,28.3029563442362,28.3029563442362,28.5174093287365,28.8010139892131,29.3807795666623,30.2371912968375,30.6091138300302,30.7994695527038,31.0040919303753,30.2469952894203,30.4282074523887,30.2567983841477,30.4820223028257,30.1489149206362,30.501584646145,31.0819411575361,30.6042284760713,30.4918039204427,29.4104259055781,29.9377369683613,30.0802051118783,29.5979943542878,29.8049231025195,29.449941499166,29.400544711469,29.4054854233555,29.2967366545395,29.1532156091641,29.3214620616761,28.9995814762791,28.6568190680113,28.8606233696602,28.8606233696602,28.9797414812012,29.3313506129726,29.5239936805482,29.4450028531419,29.4647560610483,29.7359914914735,29.55360012514,29.5190584720663,29.5289286601073,29.2868448794737,29.1284509661644,29.1532156091641,29.1284509661644,29.0987257577298,29.4301855384466,29.3264064524046,29.4054854233555,29.3906625985796,29.1928270144785,29.1334043574566,29.5141230346309,29.6374403552393,29.5042514727762,29.6571578775531,29.3165174407562,29.23242363567,29.0640358097506,29.1829255497865,29.0392503216033,29.1482631431937,29.1482631431937,29.2818986463425,29.5684002590573,29.5881305700507,29.5831983351633,29.0144590341043,29.019417755741,29.0144590341043,29.5486662897325,29.6374403552393,29.6226498173448,29.6325104041979,29.8393722052915,29.6571578775531,29.6620866878218,29.4696937897153,29.3511249542619,29.4203061811547,29.4993153482952,29.6522288391912,29.6127883172604,29.5437322255563,29.4252459745708,29.4104259055781,29.5239936805482,29.4993153482952,29.385721197515,29.0243762452778,28.7960450239002,28.6816943046293,28.646867332668,28.6418911132907,28.607051009488,28.7115368584326,28.5821581795757,28.497478607949,28.5024616412321,28.3578579676639,28.4127309928177,28.6418911132907,28.7264549750173,28.6219838903298,28.61202887113,28.7463425217002,28.6269610479519,28.6219838903298,28.646867332668,28.61202887113,28.6170064980665,28.6518433175642,28.7513138236853,28.7165097979839,28.6418911132907,28.6568190680113,28.7463425217002,28.8457241736917,28.8357902104004,28.9102722087998,28.8804857008759,28.8407573086651,28.98470182842,29.0590791758805,29.009500080336,29.044207883055,28.915235811822,28.9201991820813,28.8854507011395,28.9003443043406,28.9003443043406,28.8457241736917,28.8755204676278,28.7562848918599,28.6219838903298,28.6966166352573,28.9350878965987,28.9003443043406,28.9896619433183,28.9102722087998,28.8407573086651,29.0392503216033,28.8606233696602,28.7910758250633,28.9201991820813,29.1383575173713,29.083860027377,29.0640358097506,29.0937707459177,29.044207883055,29.1532156091641,29.0689922118039,28.9797414812012,28.9450125430426,28.9450125430426,28.9598977684891,28.9598977684891,28.98470182842,28.8208875158601,28.6966166352573,28.646867332668,28.4326777380859,28.3977684560513,28.218052029166,28.2130555239183,28.1580782977234,28.1630774149815,28.1780733411736,28.0130003858666,27.8677218086608,27.9128297863749,27.8677218086608,27.892784190336,27.7172216044382
28.6020729131087,28.8506908055119,28.7115368584326,28.5472983510907,28.4276914056455,28.4376638346625,28.4476353203531,28.3528680933838,28.4675754627885,28.3977684560513,28.2680040377398,28.3778151016153,28.2929711549704,28.2430309971616,28.482528095304,28.8059827210337,28.4376638346625,28.4077437165986,28.4426496954073,28.3977684560513,28.327915175609,28.3877922511433,28.6319379709646,29.0491652125642,29.1928270144785,29.5733331796973,29.2818986463425,29.1185434893225,29.0888155024772,29.3165174407562,29.227474865981,29.0789043205857,29.227474865981,28.930125224438,29.1433104459398,28.8506908055119,28.8854507011395,29.5585337318094,29.5881305700507,28.7811367266903,28.5273732771074,28.7761668270904,28.940050336123,28.9896619433183,29.2522164072173,29.9524838675562,30.2126773856944,29.4845056002677,29.5486662897325,29.8098450842037,29.5733331796973,29.2027275551628,29.0689922118039,28.8705550013636,28.7363992161709,29.0937707459177,30.1881578577246,31.2277571316367,30.6091138300302,29.667015270028,29.8541327014066,29.3362945434113,29.2818986463425,29.3807795666623,28.61202887113,28.482528095304,28.607051009488,28.7264549750173,29.0293345027462,29.7310660989319,29.5239936805482,29.55360012514,30.1489149206362,30.4233138536706,30.1489149206362,30.9554075825969,30.4575643551052,30.4331008277436,30.1292880515541,30.5749116829746,30.848224466452,30.6384212871151,30.1341951065232,29.2769521827709,30.045833639664,29.9819715575531,29.5979943542878,28.9698200896756,28.9102722087998,29.3807795666623,29.4153661581674,29.5437322255563,29.5486662897325,29.55360012514,29.3115725896136,28.9350878965987,29.103680537945,29.1234973434636,29.0937707459177,29.4450028531419,29.4548799158045,29.1532156091641,29.3560679644938,29.3956037698873,29.7064357210951,29.7655390681081,29.7015089622882,29.400544711469,29.2472685603494,29.1135894037099,29.0342925281775,29.0987257577298,29.1977774003059,29.6226498173448,29.6275802249099,29.4993153482952,29.1581678438823,29.3214620616761,29.55360012514,29.5585337318094,29.370895615469,29.4054854233555,29.2472685603494,29.0987257577298,28.9549362591941,28.9648590453057,29.0293345027462,29.1334043574566,29.2967366545395,29.3016821965364,29.3264064524046,29.5930625764153,29.3264064524046,28.940050336123,28.9350878965987,29.3214620616761,29.4351248728131,29.6226498173448,29.6127883172604,29.6177191814719,29.6078572246797,29.7655390681081,29.8196883661623,29.6029259036991,29.385721197515,29.4054854233555,29.6571578775531,29.8590524129916,29.6817996485765,29.667015270028,29.5486662897325,29.2720054887278,29.3264064524046,29.4104259055781,29.1135894037099,29.4943789947374,29.2868448794737,29.1135894037099,29.0789043205857,28.8904154684503,28.8506908055119,29.2373721746069,29.0590791758805,28.7711966938393,28.5323548983997,28.3877922511433,28.4326777380859,28.5124270015936,28.6916427592519,28.6418911132907,28.6518433175642,28.6170064980665,28.666769865686,28.7314272125631,28.6617945840412,28.7214825035015,28.7264549750173,28.7463425217002,28.8705550013636,28.8506908055119,28.7363992161709,28.7960450239002,28.9549362591941,28.98470182842,28.8407573086651,28.8010139892131,28.8109512193939,28.8655893020517,28.9747809016303,28.915235811822,29.1284509661644,29.1185434893225,29.1433104459398,29.0491652125642,29.0640358097506,28.9053083729833,28.9003443043406,28.7910758250633,28.7562848918599,28.6518433175642,28.5522790316995,28.7513138236853,28.8258553140296,28.8854507011395,28.7711966938393,28.9201991820813,28.7761668270904,28.8904154684503,28.9499745173891,28.9102722087998,28.8904154684503,29.103680537945,29.1284509661644,29.0342925281775,29.0689922118039,29.103680537945,29.1383575173713,29.0789043205857,28.9648590453057,28.9499745173891,29.0293345027462,28.8904154684503,28.9053083729833,28.9350878965987,28.9350878965987,28.7065636848157,28.646867332668,28.4675754627885,28.3927804716586,28.2979638679726,28.2680040377398,28.228044327915,28.2130555239183,28.048037534235,28.043032942706,28.048037534235,27.9278614710339,27.9579183838364,27.7272616770383,27.8727347639835
28.5472983510907,28.7015902771012,28.9003443043406,29.0541223101622,28.6568190680113,28.6916427592519,28.4775441200496,28.6916427592519,28.8804857008759,28.7065636848157,28.4625907807171,28.4476353203531,28.3179323529188,28.4675754627885,28.6518433175642,28.666769865686,28.7562848918599,28.5024616412321,28.4526207095317,28.4227048373089,28.3378970521235,28.4027562043539,28.4027562043539,28.930125224438,29.2522164072173,29.2670585641821,28.9251623196095,28.9499745173891,29.1234973434636,28.9995814762791,29.217576634222,29.103680537945,29.3412382437518,28.8556572041575,28.8556572041575,28.7065636848157,29.1532156091641,29.7507663035967,29.7556907859056,29.1631198473796,28.7214825035015,28.9102722087998,29.0689922118039,29.257164023458,29.1284509661644,29.7556907859056,29.6620866878218,29.4795685592941,29.6620866878218,29.7064357210951,29.4054854233555,28.8755204676278,28.7413709858727,28.6319379709646,28.9648590453057,29.083860027377,29.7015089622882,30.7409344645536,30.0998409918593,29.103680537945,28.8904154684503,28.9598977684891,29.2769521827709,29.795078457589,29.5634671097716,28.8308228788658,29.009500080336,29.1185434893225,29.55360012514,29.7310660989319,29.5338634107745,29.6226498173448,29.9033196129721,30.2420934053758,29.6965819756635,30.5260325598254,30.501584646145,30.4624563909023,30.4526720961226,30.6921308637942,30.8579727982129,30.6139989617178,30.1440085410342,30.0409225268145,30.0703858191111,30.0114511084659,29.2769521827709,28.7562848918599,29.044207883055,28.9549362591941,29.3956037698873,29.55360012514,29.7704628680627,29.5387979325806,29.0590791758805,28.9747809016303,29.4548799158045,29.5387979325806,29.3412382437518,29.4054854233555,29.5486662897325,29.3461817140249,29.3461817140249,29.3511249542619,29.3659532950663,29.7310660989319,29.8393722052915,29.5190584720663,29.1878763976491,29.0541223101622,29.0789043205857,29.1878763976491,29.3560679644938,29.3165174407562,29.4351248728131,29.5831983351633,29.2670585641821,29.4845056002677,29.5190584720663,29.4795685592941,29.4746312891203,29.3313506129726,29.4104259055781,29.1433104459398,29.2225258655088,29.173023160837,29.1135894037099,29.257164023458,29.3313506129726,29.4351248728131,29.3066275082174,29.3412382437518,29.1383575173713,29.009500080336,29.0045408944048,29.1829255497865,29.3214620616761,29.4993153482952,29.6127883172604,29.6867273188382,29.7212146309145,29.7064357210951,29.6768717503746,29.5387979325806,29.4795685592941,29.3906625985796,29.4845056002677,29.5634671097716,29.4054854233555,29.3610107447515,29.3956037698873,29.4203061811547,29.3362945434113,29.2373721746069,29.2769521827709,29.1928270144785,29.3412382437518,29.0987257577298,29.3066275082174,29.0590791758805,28.8109512193939,28.930125224438,28.9053083729833,28.8506908055119,28.5472983510907,28.5323548983997,28.537336284473,28.5472983510907,28.646867332668,28.7761668270904,28.607051009488,28.6269610479519,28.7811367266903,28.7363992161709,28.6518433175642,28.7363992161709,28.6170064980665,28.7065636848157,28.8804857008759,28.7761668270904,29.0987257577298,29.1532156091641,28.930125224438,28.9747809016303,28.915235811822,29.0045408944048,28.8953800028402,28.930125224438,28.9598977684891,28.9251623196095,28.9946218259274,28.9201991820813,29.019417755741,29.019417755741,28.9698200896756,28.8854507011395,28.8457241736917,28.8357902104004,28.646867332668,28.5024616412321,28.5273732771074,28.8010139892131,28.98470182842,28.98470182842,28.8606233696602,28.8109512193939,28.61202887113,28.8109512193939,29.0243762452778,28.98470182842,29.0541223101622,29.0739483820717,29.0789043205857,29.0937707459177,29.0937707459177,29.173023160837,29.1433104459398,29.1284509661644,29.0937707459177,28.9648590453057,28.9698200896756,29.0590791758805,28.9896619433183,28.9896619433183,28.8010139892131,28.6369146594003,28.497478607949,28.5921160160095,28.3778151016153,28.2030618015135,28.372826172538,28.1880694376433,28.223048297154,28.048037534235,28.043032942706,28.1930671296786,27.8677218086608,28.0180064083215,27.9028074670123,27.837639044803
28.482528095304,28.5522790316995,28.7960450239002,29.1977774003059,29.0541223101622,28.9598977684891,28.7363992161709,28.9102722087998,28.9053083729833,28.6269610479519,28.372826172538,28.2929711549704,28.332906232122,28.6617945840412,29.0243762452778,28.8407573086651,28.9102722087998,28.7413709858727,28.646867332668,28.4276914056455,28.4127309928177,28.4077437165986,28.482528095304,28.7662263269051,29.1878763976491,28.9201991820813,28.9102722087998,29.009500080336,28.8854507011395,29.009500080336,28.9946218259274,29.1532156091641,29.4054854233555,29.3610107447515,29.1878763976491,28.8357902104004,29.3659532950663,29.8836475688813,29.6029259036991,29.103680537945,28.6568190680113,28.6916427592519,29.009500080336,29.0789043205857,28.9003443043406,29.2670585641821,29.2720054887278,29.5634671097716,29.6867273188382,29.6275802249099,29.1532156091641,28.8506908055119,28.8854507011395,28.8804857008759,28.9648590453057,29.0689922118039,29.1234973434636,29.8196883661623,30.7311755171756,29.6029259036991,29.1284509661644,29.1928270144785,28.9946218259274,28.9450125430426,29.4054854233555,29.1977774003059,29.2917908821956,29.4993153482952,29.5042514727762,29.370895615469,29.6127883172604,29.6275802249099,29.7113622521147,29.927904570493,29.667015270028,29.9033196129721,30.5602502833811,30.2862022835847,30.2764018809912,30.2764018809912,30.5944571012223,30.4135259860258,29.7556907859056,29.5733331796973,29.400544711469,29.2720054887278,28.9995814762791,29.0541223101622,29.0243762452778,29.0293345027462,29.3313506129726,29.6078572246797,29.7409166564112,29.7064357210951,29.3016821965364,29.0987257577298,29.083860027377,29.2621114091025,29.449941499166,29.5684002590573,29.2522164072173,29.1234973434636,29.0045408944048,29.1433104459398,29.1878763976491,29.2917908821956,29.5091873682112,29.5190584720663,29.173023160837,29.1581678438823,29.019417755741,29.1383575173713,29.1135894037099,29.1581678438823,29.3066275082174,29.4548799158045,29.4993153482952,29.55360012514,29.5486662897325,29.4696937897153,29.5979943542878,29.6078572246797,29.4548799158045,29.4104259055781,29.2621114091025,29.2769521827709,29.2720054887278,29.4746312891203,29.5585337318094,29.5733331796973,29.3313506129726,29.2769521827709,29.0987257577298,28.940050336123,29.1086350865945,29.3758377059907,29.5042514727762,29.4696937897153,29.5190584720663,29.5190584720663,29.6374403552393,29.4104259055781,29.5684002590573,29.3906625985796,29.6374403552393,29.6522288391912,29.2522164072173,29.23242363567,29.083860027377,29.4054854233555,29.6522288391912,29.5733331796973,29.4104259055781,29.370895615469,29.2126271720896,29.1482631431937,29.257164023458,29.257164023458,29.2818986463425,29.217576634222,28.8904154684503,28.7264549750173,28.8208875158601,28.7314272125631,28.7960450239002,28.7214825035015,28.5721994035508,28.497478607949,28.676719725948,28.6518433175642,28.666769865686,28.6319379709646,28.6369146594003,28.7264549750173,28.7562848918599,28.6369146594003,28.646867332668,28.666769865686,28.7910758250633,28.8953800028402,29.0491652125642,29.242320482823,29.2670585641821,29.1482631431937,28.9450125430426,28.9350878965987,28.915235811822,28.8854507011395,28.9797414812012,28.915235811822,29.009500080336,29.0293345027462,29.0888155024772,28.915235811822,28.8904154684503,28.8010139892131,28.8556572041575,28.8109512193939,28.8159194843254,28.646867332668,28.4576058629756,28.8258553140296,29.0144590341043,29.009500080336,28.9450125430426,28.8606233696602,28.7662263269051,28.7264549750173,28.8606233696602,28.9003443043406,29.0590791758805,29.0789043205857,29.1928270144785,29.1779744708596,29.1532156091641,29.3016821965364,29.0987257577298,29.1928270144785,29.083860027377,28.9201991820813,28.9201991820813,28.9251623196095,28.9251623196095,28.9450125430426,28.7513138236853,28.61202887113,28.6269610479519,28.4775441200496,28.3828037944729,28.2630099036222,28.1730749366739,28.1630774149815,28.0680535169536,28.1930671296786,28.1280786023483,28.043032942706,27.9479003691149,27.9078187463413,27.812563481855,27.8777474797793
28.497478607949,28.4775441200496,29.0491652125642,29.1383575173713,29.1135894037099,29.3758377059907,28.9995814762791,28.8357902104004,28.7463425217002,28.6518433175642,28.4675754627885,28.6319379709646,29.0293345027462,28.676719725948,28.9003443043406,28.9102722087998,28.8208875158601,28.666769865686,28.4227048373089,28.3927804716586,28.332906232122,28.327915175609,28.4027562043539,28.7314272125631,28.9350878965987,28.8159194843254,28.6418911132907,28.6319379709646,28.9648590453057,28.7910758250633,28.8705550013636,29.0590791758805,29.2522164072173,29.4054854233555,29.0739483820717,29.2720054887278,29.5091873682112,29.8984019418799,29.2917908821956,28.6717449129776,28.5174093287365,28.5024616412321,29.0243762452778,29.0144590341043,29.1185434893225,29.4153661581674,29.3956037698873,29.5437322255563,29.3758377059907,29.4647560610483,28.9598977684891,29.0342925281775,28.9946218259274,29.3659532950663,29.8295307397771,29.7113622521147,29.3807795666623,29.1334043574566,30.045833639664,30.0605656241719,29.5684002590573,29.227474865981,29.1284509661644,28.7513138236853,28.9499745173891,29.2967366545395,29.5289286601073,29.4450028531419,29.1383575173713,28.8705550013636,29.2967366545395,29.3461817140249,29.3758377059907,29.4795685592941,29.4943789947374,29.4696937897153,29.4894424120718,30.0409225268145,30.2666005812584,30.4282074523887,30.5895710802732,30.2715013432821,29.5585337318094,28.9946218259274,28.9946218259274,29.1086350865945,29.0392503216033,29.0689922118039,29.019417755741,29.044207883055,29.4450028531419,29.6522288391912,29.844292597587,29.7064357210951,29.2967366545395,29.0590791758805,29.0789043205857,29.3461817140249,29.4400639777012,29.5831983351633,29.2522164072173,29.1482631431937,28.940050336123,29.0342925281775,28.9946218259274,29.2621114091025,29.370895615469,29.23242363567,29.0293345027462,29.2670585641821,29.257164023458,29.2027275551628,29.1334043574566,29.2225258655088,29.5881305700507,29.5930625764153,29.5437322255563,29.6226498173448,29.5585337318094,29.3560679644938,29.5387979325806,29.55360012514,29.4153661581674,29.5486662897325,29.2917908821956,29.3066275082174,29.5486662897325,29.5387979325806,29.4696937897153,29.3807795666623,29.3412382437518,29.1829255497865,29.1779744708596,29.0342925281775,29.1334043574566,29.7162885553777,29.7606150407326,29.5831983351633,29.4252459745708,29.6029259036991,29.5684002590573,29.4795685592941,29.3807795666623,29.4301855384466,29.4943789947374,29.5042514727762,29.23242363567,28.9251623196095,29.0342925281775,29.2720054887278,29.3362945434113,29.2917908821956,29.4054854233555,29.4301855384466,29.4993153482952,29.3511249542619,29.1878763976491,29.1185434893225,28.9201991820813,28.9450125430426,28.8109512193939,28.7264549750173,28.8109512193939,28.6219838903298,28.6020729131087,28.676719725948,28.5273732771074,28.4276914056455,28.6816943046293,28.5871372152255,28.5124270015936,28.6816943046293,28.607051009488,28.6418911132907,28.646867332668,28.7463425217002,28.7413709858727,28.7761668270904,28.8804857008759,28.8804857008759,29.1631198473796,29.257164023458,29.1482631431937,29.2472685603494,29.1482631431937,28.8655893020517,28.7960450239002,28.8208875158601,28.9747809016303,28.9251623196095,28.9499745173891,29.1234973434636,29.0640358097506,28.8258553140296,28.8109512193939,28.666769865686,28.8804857008759,28.8258553140296,28.8159194843254,28.7264549750173,28.7065636848157,28.7960450239002,28.9698200896756,28.9946218259274,28.9549362591941,28.940050336123,28.7363992161709,28.8308228788658,28.8208875158601,28.8804857008759,28.8804857008759,29.0689922118039,29.0392503216033,29.0689922118039,29.1185434893225,29.370895615469,29.3659532950663,29.227474865981,29.1631198473796,28.9648590453057,29.0293345027462,29.0392503216033,28.9747809016303,28.9648590453057,28.7711966938393,28.6418911132907,28.4077437165986,28.4675754627885,28.3927804716586,28.3528680933838,28.342887635646,28.2929711549704,28.2080587813783,28.1780733411736,28.0330230443987,28.0029876251156,27.982959239327,27.9929739096901,27.9579183838364,27.8175790741614
28.4376638346625,28.537336284473,28.9995814762791,29.1135894037099,29.3066275082174,29.5338634107745,29.1482631431937,28.9499745173891,28.7513138236853,28.6219838903298,28.342887635646,28.8755204676278,29.5930625764153,29.0243762452778,28.7015902771012,28.6916427592519,28.666769865686,28.4725599092219,28.3578579676639,28.3029563442362,28.342887635646,28.7761668270904,28.8556572041575,28.7960450239002,28.7910758250633,28.6866686490532,28.6269610479519,28.6369146594003,28.8010139892131,28.666769865686,28.9946218259274,29.1234973434636,29.3461817140249,29.4252459745708,29.5141230346309,29.4943789947374,29.7064357210951,29.173023160837,28.9201991820813,28.8010139892131,28.9946218259274,29.2720054887278,29.0491652125642,29.4993153482952,29.4993153482952,29.2769521827709,29.1086350865945,29.2621114091025,29.3264064524046,29.844292597587,29.4153661581674,29.0392503216033,28.9350878965987,29.103680537945,29.3461817140249,29.1581678438823,29.3807795666623,28.9102722087998,29.671943624202,29.7556907859056,29.5782658717225,29.3264064524046,29.2818986463425,28.9896619433183,28.9549362591941,29.1631198473796,29.1680716196875,29.3016821965364,29.2917908821956,29.1334043574566,29.3214620616761,29.6078572246797,29.8492127629486,29.5387979325806,29.5190584720663,29.4153661581674,29.2126271720896,29.4203061811547,29.8393722052915,30.2666005812584,30.5651376391053,29.7261404787557,29.2126271720896,28.9053083729833,28.8457241736917,28.7513138236853,28.940050336123,28.9251623196095,29.0045408944048,29.019417755741,29.4104259055781,29.5091873682112,29.5979943542878,29.4351248728131,29.8196883661623,29.8590524129916,29.977057507944,29.9573990480468,29.8147668387412,29.667015270028,29.2472685603494,28.9995814762791,28.9201991820813,28.9350878965987,28.9747809016303,29.0342925281775,29.3659532950663,29.2373721746069,29.0491652125642,29.1680716196875,29.1334043574566,29.0888155024772,29.1680716196875,29.1878763976491,29.5881305700507,29.5831983351633,29.5289286601073,29.5141230346309,29.5338634107745,29.3511249542619,29.5042514727762,29.3264064524046,29.6374403552393,29.4943789947374,29.5733331796973,29.5239936805482,29.3115725896136,29.3362945434113,29.3264064524046,29.3016821965364,29.217576634222,29.1977774003059,29.0937707459177,29.2670585641821,29.0987257577298,29.3906625985796,29.9475684607986,29.7606150407326,29.4894424120718,29.5733331796973,29.7162885553777,29.4598181030883,29.5979943542878,29.3115725896136,29.3956037698873,29.3807795666623,29.2027275551628,28.7761668270904,29.0392503216033,29.257164023458,29.0342925281775,29.2076774790804,29.23242363567,29.3362945434113,29.5387979325806,29.4252459745708,29.2472685603494,28.9698200896756,28.8804857008759,28.9350878965987,28.940050336123,28.8705550013636,28.646867332668,28.6418911132907,28.666769865686,28.5721994035508,28.6219838903298,28.5522790316995,28.5273732771074,28.5323548983997,28.607051009488,28.5871372152255,28.5472983510907,28.4476353203531,28.5472983510907,28.6617945840412,28.676719725948,28.7463425217002,28.8904154684503,28.8755204676278,29.0739483820717,29.2868448794737,29.4104259055781,29.4845056002677,29.2818986463425,29.103680537945,29.0342925281775,28.8407573086651,28.9201991820813,28.9648590453057,28.9201991820813,28.930125224438,28.8308228788658,28.7960450239002,28.7811367266903,28.7513138236853,28.8308228788658,28.8407573086651,28.8705550013636,28.7413709858727,28.5522790316995,28.8457241736917,28.8804857008759,29.019417755741,28.940050336123,29.2225258655088,29.0144590341043,28.9995814762791,28.8655893020517,28.9995814762791,29.0342925281775,28.9598977684891,29.0689922118039,28.9499745173891,29.0689922118039,29.009500080336,29.227474865981,29.2720054887278,29.3560679644938,29.23242363567,29.1433104459398,29.0640358097506,29.0541223101622,28.9598977684891,28.5871372152255,28.4775441200496,28.4177180330437,28.3578579676639,28.2729979349236,28.342887635646,28.223048297154,28.14807935022,28.1180768014564,28.1530789428139,28.1230778208426,28.0180064083215,27.7975152652541,27.8627086137778,27.8827599560813,27.7975152652541
28.4276914056455,28.537336284473,28.9350878965987,29.3165174407562,29.4400639777012,29.5338634107745,28.9549362591941,28.9549362591941,28.7513138236853,28.646867332668,28.347877982722,28.8953800028402,29.4746312891203,29.044207883055,28.6568190680113,28.5622396876777,28.4675754627885,28.342887635646,28.2979638679726,28.3179323529188,28.3828037944729,29.4252459745708,30.1440085410342,29.3758377059907,29.2868448794737,28.7861063926706,28.7363992161709,28.6369146594003,28.7463425217002,28.9648590453057,29.044207883055,29.1631198473796,29.1878763976491,30.0802051118783,29.8049231025195,29.972143232219,29.400544711469,28.8059827210337,28.6916427592519,28.6369146594003,29.7901557942818,29.8787289912069,29.4943789947374,29.6768717503746,29.2967366545395,29.0789043205857,29.3807795666623,29.2373721746069,29.7507663035967,30.9992244856698,30.3155981109145,29.4548799158045,29.0342925281775,29.217576634222,28.8953800028402,29.217576634222,29.667015270028,29.4696937897153,29.3758377059907,29.7359914914735,29.4647560610483,29.1829255497865,29.2225258655088,29.0789043205857,28.9549362591941,28.9797414812012,28.9797414812012,29.3016821965364,29.370895615469,29.4301855384466,29.227474865981,29.844292597587,30.3449858725725,29.7261404787557,29.449941499166,29.5141230346309,29.4400639777012,29.4301855384466,29.9573990480468,30.5797983711788,30.0212758178786,29.2868448794737,29.4153661581674,28.915235811822,28.9350878965987,28.9251623196095,28.8506908055119,28.9499745173891,29.1581678438823,29.3659532950663,29.3560679644938,29.5338634107745,29.5634671097716,29.7064357210951,29.7064357210951,29.8492127629486,29.4647560610483,29.6768717503746,29.6472995727053,29.7556907859056,29.4696937897153,29.2522164072173,28.9896619433183,28.7861063926706,28.9598977684891,29.5042514727762,29.4647560610483,29.2670585641821,29.2769521827709,29.5437322255563,29.4351248728131,29.103680537945,29.1779744708596,29.5733331796973,29.7162885553777,29.6817996485765,29.5585337318094,29.5289286601073,29.8098450842037,29.5141230346309,29.3214620616761,29.3906625985796,29.5042514727762,29.5881305700507,29.5782658717225,29.5387979325806,29.5338634107745,29.3956037698873,29.370895615469,29.5091873682112,29.2769521827709,29.2670585641821,29.1977774003059,29.2769521827709,29.2917908821956,29.0987257577298,29.2373721746069,29.5042514727762,29.4598181030883,29.5239936805482,29.5091873682112,29.4894424120718,29.5239936805482,29.4696937897153,29.2076774790804,29.2076774790804,29.2522164072173,29.3956037698873,29.5387979325806,29.4894424120718,29.4351248728131,29.4104259055781,29.5437322255563,29.5733331796973,29.5684002590573,29.4104259055781,29.257164023458,29.0392503216033,28.7960450239002,28.7861063926706,28.7612557262559,28.8705550013636,28.6219838903298,28.5423174353593,28.5672196631112,28.5921160160095,28.5522790316995,28.6219838903298,28.666769865686,28.5821581795757,28.6816943046293,28.6369146594003,28.6717449129776,28.7065636848157,28.6966166352573,28.7513138236853,28.7363992161709,28.8208875158601,29.1284509661644,29.1680716196875,29.1680716196875,29.2522164072173,29.173023160837,29.4647560610483,29.6571578775531,29.4993153482952,29.1482631431937,28.9251623196095,28.9450125430426,28.9549362591941,28.9251623196095,28.9946218259274,28.8258553140296,28.7761668270904,28.8407573086651,28.8159194843254,28.8109512193939,28.8556572041575,28.9053083729833,28.7513138236853,28.8109512193939,28.7910758250633,28.9102722087998,28.8953800028402,28.8308228788658,28.8457241736917,29.0045408944048,29.1383575173713,29.1482631431937,28.9946218259274,29.0590791758805,29.0739483820717,29.2076774790804,28.9499745173891,29.0541223101622,29.0491652125642,29.0590791758805,29.227474865981,29.2225258655088,29.3264064524046,29.1532156091641,28.9648590453057,29.0590791758805,28.7861063926706,28.6617945840412,28.482528095304,28.4276914056455,28.3229238825521,28.3378970521235,28.342887635646,28.228044327915,28.1580782977234,28.1830715081525,28.1030723156867,28.1130755441568,28.0530418873914,27.8827599560813,27.982959239327,27.8326244118639,27.7724301033211
28.327915175609,28.5273732771074,28.7513138236853,29.1334043574566,29.0045408944048,28.98470182842,28.7612557262559,28.8109512193939,28.7065636848157,28.4924953392214,28.2680040377398,28.8457241736917,29.5979943542878,29.044207883055,28.5771789090283,28.3628476055947,28.4675754627885,28.3778151016153,28.332906232122,28.347877982722,28.3129405866768,28.8804857008759,29.2818986463425,29.5979943542878,28.7861063926706,28.6319379709646,28.6617945840412,28.7413709858727,28.7960450239002,28.8010139892131,29.019417755741,29.1878763976491,30.05074452682,29.8787289912069,30.1341951065232,30.2371912968375,29.4647560610483,28.6518433175642,28.5024616412321,28.6418911132907,29.8836475688813,29.6275802249099,29.257164023458,29.3264064524046,29.2027275551628,29.5733331796973,29.4054854233555,29.667015270028,30.4428869084819,30.8579727982129,29.8492127629486,29.227474865981,29.0342925281775,29.1284509661644,29.0392503216033,29.3313506129726,29.9475684607986,29.7113622521147,29.7113622521147,29.7359914914735,29.2769521827709,28.9797414812012,28.9003443043406,29.1383575173713,28.8804857008759,28.8953800028402,28.9698200896756,29.1433104459398,29.1928270144785,29.3016821965364,29.4104259055781,30.0802051118783,29.844292597587,29.7261404787557,29.5042514727762,29.7162885553777,29.9475684607986,29.4351248728131,29.7901557942818,29.9573990480468,29.5881305700507,29.4351248728131,29.0144590341043,28.7960450239002,28.7910758250633,28.7363992161709,28.7413709858727,29.2225258655088,29.5239936805482,29.5437322255563,29.1581678438823,29.3956037698873,29.5979943542878,29.8344515860316,29.8836475688813,29.5831983351633,29.3066275082174,29.242320482823,29.6571578775531,30.1783484729875,30.0752955782511,30.0065384149177,29.4351248728131,29.2472685603494,29.044207883055,29.044207883055,29.1878763976491,29.2720054887278,29.4301855384466,29.6275802249099,29.2472685603494,29.0789043205857,29.3807795666623,29.5930625764153,29.6226498173448,29.4647560610483,29.5141230346309,29.9573990480468,29.8147668387412,29.5141230346309,29.5141230346309,29.5289286601073,29.5141230346309,29.5239936805482,29.3906625985796,29.4252459745708,29.4894424120718,29.370895615469,29.3906625985796,29.2373721746069,29.3313506129726,29.3066275082174,29.2522164072173,29.3066275082174,29.3115725896136,29.1234973434636,29.1383575173713,29.4400639777012,29.4746312891203,29.5338634107745,29.5289286601073,29.4598181030883,29.4252459745708,29.385721197515,29.1928270144785,29.2027275551628,29.4845056002677,29.4894424120718,29.5239936805482,29.4943789947374,29.4993153482952,29.5831983351633,29.8098450842037,29.4203061811547,29.4104259055781,29.4252459745708,29.4104259055781,29.257164023458,28.7662263269051,28.666769865686,28.8854507011395,28.7513138236853,28.5970945819598,28.5672196631112,28.5622396876777,28.5223914205637,28.5572594772178,28.5472983510907,28.6369146594003,28.5522790316995,28.6916427592519,28.7165097979839,28.7065636848157,28.7214825035015,28.8208875158601,28.676719725948,28.7264549750173,28.98470182842,29.019417755741,29.1383575173713,29.1878763976491,29.2621114091025,29.1631198473796,29.1779744708596,29.449941499166,29.3412382437518,29.2769521827709,28.98470182842,28.9201991820813,28.98470182842,29.0243762452778,28.915235811822,28.8953800028402,28.8655893020517,28.7413709858727,28.8308228788658,28.7363992161709,28.7562848918599,28.8159194843254,28.8059827210337,28.8258553140296,28.8208875158601,28.8655893020517,28.9201991820813,28.7960450239002,28.7363992161709,28.8258553140296,29.0640358097506,29.0987257577298,28.9003443043406,29.0739483820717,28.9896619433183,29.0640358097506,29.0243762452778,29.044207883055,29.044207883055,29.0144590341043,29.1284509661644,29.1185434893225,29.2670585641821,29.0987257577298,29.1284509661644,28.8506908055119,28.6170064980665,28.4924953392214,28.372826172538,28.3927804716586,28.2680040377398,28.3628476055947,28.258015532538,28.2680040377398,28.1380794518489,28.1630774149815,28.1130755441568,27.9729436137625,28.0680535169536,27.9178405871461,27.8677218086608,27.8627086137778,27.8576951793018
28.3079485837934,28.4227048373089,28.6418911132907,28.8556572041575,28.8407573086651,28.7910758250633,28.9648590453057,28.6816943046293,28.4426496954073,28.342887635646,28.1230778208426,29.0392503216033,30.0802051118783,29.0541223101622,28.4924953392214,28.3528680933838,28.3079485837934,28.4775441200496,28.646867332668,28.3877922511433,28.258015532538,28.4875118350172,28.940050336123,28.8208875158601,28.4625907807171,28.4675754627885,28.4775441200496,28.7513138236853,28.8109512193939,28.9499745173891,29.0541223101622,29.257164023458,30.2175806171496,30.3988425085929,30.4575643551052,29.9623140023007,29.4548799158045,29.4054854233555,28.9995814762791,29.1532156091641,30.1636327091878,29.5190584720663,28.9350878965987,29.2472685603494,29.5437322255563,29.4054854233555,29.2225258655088,29.8541327014066,30.4428869084819,30.1832532777823,29.667015270028,29.1433104459398,29.1334043574566,29.0491652125642,29.1680716196875,29.4746312891203,29.7409166564112,29.4943789947374,29.6867273188382,30.1292880515541,29.8934840441875,28.940050336123,28.7264549750173,28.8556572041575,28.8457241736917,28.8556572041575,29.009500080336,29.2670585641821,29.3659532950663,29.3165174407562,29.2373721746069,29.370895615469,29.370895615469,29.5338634107745,29.5486662897325,29.7015089622882,29.4548799158045,29.5684002590573,29.9573990480468,29.6965819756635,29.8049231025195,29.4894424120718,29.3313506129726,28.8010139892131,28.7264549750173,28.7363992161709,28.8606233696602,29.23242363567,29.3807795666623,29.23242363567,29.0144590341043,29.019417755741,29.1433104459398,29.6029259036991,29.6817996485765,29.5387979325806,29.3362945434113,29.3313506129726,29.8147668387412,30.6042284760713,30.045833639664,29.9131542754777,29.7359914914735,29.3659532950663,29.0541223101622,29.0491652125642,29.2720054887278,29.2522164072173,29.4450028531419,29.5289286601073,29.173023160837,29.019417755741,29.2967366545395,29.5930625764153,29.257164023458,29.370895615469,29.6275802249099,29.9573990480468,29.7359914914735,29.5042514727762,29.5042514727762,29.3807795666623,29.5239936805482,29.7458415937754,29.5387979325806,29.3560679644938,29.3659532950663,29.3610107447515,29.4054854233555,29.3362945434113,29.3560679644938,29.3165174407562,29.3956037698873,29.400544711469,29.3956037698873,29.4104259055781,29.1532156091641,29.3956037698873,29.4746312891203,29.5042514727762,29.671943624202,29.6423700780649,29.4252459745708,29.3016821965364,29.1779744708596,29.2076774790804,29.2076774790804,29.4400639777012,29.6325104041979,29.6817996485765,29.55360012514,29.4894424120718,29.6472995727053,29.4301855384466,29.3016821965364,29.3362945434113,29.3511249542619,29.3610107447515,28.9201991820813,28.7960450239002,28.7761668270904,28.5771789090283,28.607051009488,28.61202887113,28.5721994035508,28.5721994035508,28.5622396876777,28.5622396876777,28.5771789090283,28.6319379709646,28.5323548983997,28.7214825035015,28.7115368584326,28.61202887113,28.7264549750173,28.7711966938393,28.8457241736917,28.9946218259274,28.9946218259274,29.217576634222,29.173023160837,29.1977774003059,29.242320482823,29.2027275551628,29.3758377059907,29.3511249542619,29.1680716196875,29.1086350865945,28.9648590453057,29.0689922118039,29.083860027377,29.0144590341043,28.9549362591941,28.6219838903298,28.6170064980665,28.6369146594003,28.61202887113,28.7662263269051,28.7214825035015,28.6568190680113,28.8308228788658,28.7513138236853,28.8059827210337,28.8457241736917,28.8407573086651,28.8258553140296,28.9995814762791,29.0689922118039,29.1829255497865,29.0689922118039,28.98470182842,29.1086350865945,29.0789043205857,29.009500080336,29.0789043205857,29.044207883055,29.1433104459398,29.1532156091641,29.019417755741,29.1383575173713,29.2769521827709,29.0987257577298,28.8606233696602,28.7065636848157,28.6369146594003,28.3927804716586,28.372826172538,28.2879782051969,28.3528680933838,28.2630099036222,28.3029563442362,28.1230778208426,28.1530789428139,28.0930681351701,28.0880656878123,27.9228511486881,27.8777474797793,27.7523576505433,27.8075476496238,27.8727347639835
28.3927804716586,28.4526207095317,28.6518433175642,28.4077437165986,28.6319379709646,28.7711966938393,29.4351248728131,29.0293345027462,28.3179323529188,28.1980645842911,28.1530789428139,28.7165097979839,28.930125224438,28.6966166352573,28.3877922511433,28.2929711549704,28.332906232122,28.6269610479519,29.009500080336,28.915235811822,28.4924953392214,28.5323548983997,28.940050336123,28.7711966938393,28.3029563442362,28.5124270015936,28.5273732771074,28.7861063926706,28.666769865686,28.6816943046293,28.7413709858727,29.7261404787557,30.80434603868,29.9623140023007,29.7064357210951,29.6867273188382,30.2322889637756,30.9261864062111,30.6823674833107,30.3106993666494,30.0605656241719,29.2621114091025,28.930125224438,29.4696937897153,29.5634671097716,29.3461817140249,29.3758377059907,29.5239936805482,30.4379939797648,29.7458415937754,29.1433104459398,29.173023160837,28.9499745173891,29.217576634222,29.2027275551628,29.3115725896136,29.4845056002677,29.3066275082174,29.5239936805482,30.045833639664,29.7507663035967,28.9946218259274,28.9698200896756,29.044207883055,28.8606233696602,28.8407573086651,28.676719725948,28.8059827210337,29.1334043574566,29.3461817140249,29.1234973434636,29.019417755741,29.0888155024772,29.1977774003059,29.370895615469,29.4153661581674,29.2472685603494,29.5338634107745,29.7064357210951,29.5387979325806,29.4054854233555,29.5141230346309,29.5190584720663,29.1829255497865,28.8655893020517,28.915235811822,29.1779744708596,29.3807795666623,29.1977774003059,28.9747809016303,28.9053083729833,28.9797414812012,29.23242363567,29.5437322255563,29.6867273188382,29.5930625764153,29.3461817140249,29.3066275082174,30.1783484729875,30.0654758344281,29.7261404787557,29.7359914914735,29.4845056002677,29.2522164072173,29.257164023458,29.1086350865945,29.4252459745708,29.1383575173713,29.4894424120718,29.2917908821956,29.3264064524046,29.1631198473796,29.6325104041979,29.4400639777012,29.1532156091641,29.1383575173713,29.8295307397771,29.7507663035967,29.5091873682112,29.3016821965364,29.2225258655088,29.2621114091025,29.3956037698873,29.5141230346309,29.6078572246797,29.5585337318094,29.6029259036991,29.5733331796973,29.5091873682112,29.5141230346309,29.4647560610483,29.370895615469,29.2917908821956,29.0888155024772,29.1284509661644,29.3066275082174,29.3906625985796,29.370895615469,29.3906625985796,29.4104259055781,29.4054854233555,29.5338634107745,29.5979943542878,29.5486662897325,29.2917908821956,29.0987257577298,29.3016821965364,29.4746312891203,29.4450028531419,29.5190584720663,29.5338634107745,29.6374403552393,29.4598181030883,29.217576634222,29.3610107447515,29.4301855384466,29.3659532950663,29.0937707459177,28.8904154684503,28.7264549750173,28.7314272125631,28.646867332668,28.5622396876777,28.5871372152255,28.5871372152255,28.6916427592519,28.5771789090283,28.646867332668,28.6269610479519,28.6170064980665,28.6170064980665,28.7314272125631,28.6966166352573,28.7115368584326,28.7065636848157,28.8308228788658,28.9648590453057,29.1185434893225,28.9896619433183,29.0045408944048,29.019417755741,29.23242363567,29.2076774790804,29.257164023458,29.1631198473796,29.2522164072173,29.2818986463425,29.2818986463425,29.1433104459398,29.0392503216033,29.1185434893225,29.1284509661644,29.0243762452778,28.6219838903298,28.646867332668,28.5871372152255,28.6219838903298,28.7811367266903,28.8010139892131,28.7463425217002,28.6866686490532,28.7214825035015,28.7363992161709,28.6816943046293,28.6617945840412,28.8010139892131,28.9896619433183,29.009500080336,29.1482631431937,29.0888155024772,29.0987257577298,29.0987257577298,29.1086350865945,29.1234973434636,29.1086350865945,29.1680716196875,29.0392503216033,29.0937707459177,29.0342925281775,29.1680716196875,29.1334043574566,29.0987257577298,28.9102722087998,28.607051009488,28.5323548983997,28.3828037944729,28.2929711549704,28.2630099036222,28.4027562043539,28.2630099036222,28.1180768014564,28.1330791460061,28.1730749366739,28.0830630023446,28.0830630023446,28.0530418873914,27.892784190336,27.8777474797793,27.8777474797793,27.8627086137778
28.4924953392214,28.3927804716586,28.5024616412321,28.5622396876777,28.5672196631112,28.6518433175642,29.7162885553777,29.3115725896136,28.3578579676639,28.1880694376433,28.2330401214815,28.497478607949,28.4675754627885,28.4625907807171,28.342887635646,28.3828037944729,28.1880694376433,28.5921160160095,29.5239936805482,30.3400884721394,29.1928270144785,28.6269610479519,28.8506908055119,29.227474865981,28.5572594772178,28.4276914056455,28.5273732771074,28.5871372152255,28.497478607949,28.4775441200496,28.9946218259274,29.7606150407326,30.0605656241719,29.5486662897325,29.9426528277437,29.967228730348,30.0605656241719,30.7018933571882,31.0235595103858,30.7165354344988,30.0654758344281,29.4450028531419,29.3807795666623,29.7113622521147,29.5486662897325,29.23242363567,29.3362945434113,29.8393722052915,29.9033196129721,29.9033196129721,29.1532156091641,28.9251623196095,28.940050336123,29.2917908821956,29.4548799158045,29.1581678438823,29.1631198473796,29.3066275082174,29.5338634107745,29.8147668387412,29.2126271720896,29.2027275551628,29.3560679644938,29.044207883055,29.3115725896136,28.9450125430426,28.676719725948,28.6020729131087,28.7463425217002,28.8258553140296,28.7314272125631,28.7413709858727,28.8258553140296,28.8407573086651,29.1086350865945,29.242320482823,29.7655390681081,30.7848387678825,31.0089591551708,30.109657579554,29.55360012514,29.4696937897153,29.5634671097716,29.5091873682112,29.1532156091641,29.2522164072173,29.019417755741,29.257164023458,28.9499745173891,28.8457241736917,28.7314272125631,29.019417755741,29.3066275082174,29.3807795666623,29.5387979325806,29.7015089622882,29.4153661581674,29.3016821965364,30.2224836239616,29.5831983351633,29.217576634222,29.2126271720896,29.0937707459177,29.0937707459177,29.0888155024772,29.044207883055,29.1135894037099,29.2225258655088,29.55360012514,29.6226498173448,29.3412382437518,29.7015089622882,29.9819715575531,29.385721197515,29.1234973434636,29.2670585641821,29.6571578775531,29.4548799158045,29.227474865981,29.2076774790804,29.3610107447515,29.2076774790804,29.5042514727762,29.6177191814719,29.7507663035967,29.5684002590573,29.4351248728131,29.6768717503746,29.4598181030883,29.4647560610483,29.3906625985796,29.2868448794737,28.9499745173891,29.0392503216033,29.1383575173713,29.1829255497865,29.4054854233555,29.4104259055781,29.6029259036991,29.5733331796973,29.4450028531419,29.257164023458,29.23242363567,29.2670585641821,29.3313506129726,29.1878763976491,29.2769521827709,29.5289286601073,29.5387979325806,29.2818986463425,29.5141230346309,29.5141230346309,29.400544711469,29.2076774790804,29.3511249542619,29.3412382437518,29.1433104459398,28.930125224438,28.7811367266903,28.6866686490532,28.7612557262559,28.7214825035015,28.7115368584326,28.7165097979839,28.5970945819598,28.5721994035508,28.6369146594003,28.607051009488,28.666769865686,28.6369146594003,28.6617945840412,28.6816943046293,28.6219838903298,28.5871372152255,28.5871372152255,28.7363992161709,28.7214825035015,28.7413709858727,28.8059827210337,28.8357902104004,28.9896619433183,29.0243762452778,29.1482631431937,29.1334043574566,29.0144590341043,29.0888155024772,29.4054854233555,29.2522164072173,29.3560679644938,29.083860027377,29.0590791758805,29.1680716196875,29.0342925281775,28.7015902771012,28.7413709858727,28.7065636848157,28.5871372152255,28.7861063926706,28.6816943046293,28.7612557262559,28.8109512193939,28.8258553140296,28.7612557262559,28.8010139892131,28.6269610479519,28.7662263269051,28.8655893020517,28.9995814762791,29.0392503216033,29.0739483820717,29.0937707459177,29.0293345027462,29.1234973434636,29.0789043205857,29.1086350865945,29.1631198473796,29.1680716196875,28.9946218259274,29.0789043205857,29.044207883055,29.0689922118039,28.9201991820813,28.8606233696602,28.5472983510907,28.4227048373089,28.253020924455,28.342887635646,28.3778151016153,28.3628476055947,28.3079485837934,28.2380356778862,28.2130555239183,28.14807935022,28.0680535169536,28.063049878718,27.982959239327,27.9278614710339,27.7824648884334,27.7724301033211,27.7623943574465
28.2729979349236,28.4775441200496,28.4476353203531,28.5771789090283,28.5074444391028,28.7314272125631,29.1829255497865,28.7811367266903,28.2879782051969,28.1730749366739,28.1380794518489,28.3628476055947,28.4576058629756,28.5323548983997,28.4127309928177,28.3029563442362,28.2979638679726,28.7264549750173,29.3264064524046,29.2868448794737,30.1440085410342,29.242320482823,29.0243762452778,29.6374403552393,29.7359914914735,28.7165097979839,28.6020729131087,28.8606233696602,28.61202887113,28.7910758250633,29.2720054887278,29.6867273188382,30.1783484729875,30.0654758344281,30.364573235923,29.667015270028,30.0900235027141,30.40863171704,30.4184200315594,30.0703858191111,29.8344515860316,29.6916547611904,29.9967123499873,30.001625495435,29.3758377059907,29.2522164072173,29.23242363567,29.3165174407562,29.7556907859056,29.9082370574946,29.3807795666623,28.7960450239002,28.9053083729833,29.4845056002677,29.385721197515,29.2225258655088,28.9747809016303,29.1680716196875,30.8384752513387,30.3939475690725,29.3906625985796,29.7606150407326,29.3659532950663,29.3264064524046,29.5930625764153,29.2225258655088,28.940050336123,28.7363992161709,28.8109512193939,28.7314272125631,28.7363992161709,29.009500080336,28.6518433175642,28.8010139892131,29.0392503216033,29.2472685603494,30.109657579554,31.1354299059856,31.2228997729714,31.0186929451471,29.6620866878218,29.400544711469,29.2917908821956,29.1829255497865,29.1829255497865,29.227474865981,29.1135894037099,29.0739483820717,28.8606233696602,28.7463425217002,28.7065636848157,28.9003443043406,29.4696937897153,29.4054854233555,29.5437322255563,29.3165174407562,29.3264064524046,29.2076774790804,30.305800398308,29.6325104041979,29.2472685603494,28.9747809016303,29.0739483820717,28.7960450239002,28.7811367266903,28.8208875158601,28.9648590453057,29.0937707459177,29.6078572246797,29.9573990480468,29.5239936805482,29.7113622521147,29.7113622521147,29.2868448794737,28.9598977684891,29.3659532950663,29.6325104041979,29.2917908821956,29.1086350865945,29.3758377059907,29.23242363567,29.0392503216033,29.5091873682112,29.6127883172604,29.7901557942818,29.5239936805482,29.5881305700507,29.55360012514,29.4746312891203,29.2769521827709,29.2621114091025,29.0243762452778,28.940050336123,29.0640358097506,29.2917908821956,29.400544711469,29.4894424120718,29.5733331796973,29.6078572246797,29.6177191814719,29.3956037698873,29.2522164072173,29.227474865981,29.1135894037099,29.1135894037099,29.4400639777012,29.4548799158045,29.5831983351633,29.5831983351633,29.5042514727762,29.3906625985796,29.3511249542619,29.2076774790804,29.0640358097506,29.0590791758805,29.1878763976491,29.2373721746069,29.1581678438823,28.9698200896756,28.7413709858727,28.8407573086651,28.6916427592519,28.6717449129776,28.6418911132907,28.5472983510907,28.5423174353593,28.5572594772178,28.6219838903298,28.646867332668,28.6219838903298,28.5423174353593,28.6319379709646,28.6319379709646,28.6170064980665,28.6866686490532,28.7165097979839,28.7115368584326,28.6916427592519,28.7115368584326,28.8258553140296,28.8357902104004,28.9797414812012,29.1383575173713,28.9797414812012,28.9201991820813,28.9946218259274,29.083860027377,29.0789043205857,29.009500080336,29.009500080336,29.0144590341043,29.009500080336,29.0144590341043,28.8010139892131,28.8308228788658,28.7562848918599,28.5970945819598,28.5970945819598,28.8159194843254,28.930125224438,28.930125224438,28.8705550013636,28.8208875158601,28.9698200896756,28.8308228788658,28.8059827210337,28.8258553140296,28.9698200896756,29.0342925281775,29.1433104459398,29.1928270144785,29.1284509661644,29.1185434893225,29.1185434893225,29.1779744708596,28.9698200896756,29.1631198473796,29.0987257577298,29.0045408944048,28.9549362591941,28.9499745173891,28.7761668270904,28.7413709858727,28.537336284473,28.4875118350172,28.4476353203531,28.2729979349236,28.253020924455,28.14807935022,28.277991595206,28.2430309971616,28.1780733411736,28.223048297154,28.0580460022081,28.1330791460061,28.0079941248089,27.9729436137625,27.7724301033211,27.8276095391327,27.7674123504958
28.3927804716586,28.4725599092219,28.7165097979839,28.9698200896756,28.8308228788658,28.9747809016303,28.7761668270904,28.342887635646,28.228044327915,28.2430309971616,28.2130555239183,28.1880694376433,28.4576058629756,28.5074444391028,28.5423174353593,28.4576058629756,28.6816943046293,28.9251623196095,29.2076774790804,29.0491652125642,30.1489149206362,30.001625495435,29.0342925281775,30.045833639664,29.4203061811547,28.8854507011395,29.2027275551628,30.0752955782511,29.5190584720663,29.3560679644938,29.4598181030883,30.0261878338035,30.6726032155034,30.5211434227513,30.6677207487799,29.6620866878218,29.9524838675562,30.4037372245722,30.2371912968375,29.8049231025195,30.3988425085929,30.4673482035432,30.2224836239616,29.8639718977337,29.8492127629486,30.3204966311333,30.6433050857922,30.2862022835847,30.4428869084819,30.4037372245722,29.7704628680627,29.5190584720663,29.6275802249099,29.7606150407326,29.2967366545395,29.2917908821956,29.4696937897153,29.9180712669515,31.1208446966917,30.0261878338035,30.0310996239144,30.0114511084659,29.8590524129916,30.1391019363398,29.8344515860316,29.6965819756635,29.3214620616761,29.242320482823,28.9053083729833,28.8010139892131,28.8506908055119,28.8258553140296,28.8109512193939,28.8010139892131,28.9251623196095,29.1779744708596,29.5239936805482,29.9573990480468,30.1783484729875,30.1047493983729,29.8098450842037,29.9573990480468,29.6127883172604,29.4400639777012,29.242320482823,29.5289286601073,29.1581678438823,28.8506908055119,28.7065636848157,28.7065636848157,28.7861063926706,28.7761668270904,29.3264064524046,29.5782658717225,29.7162885553777,29.2027275551628,28.8953800028402,29.1878763976491,30.2273864061603,29.5141230346309,29.3906625985796,29.0937707459177,29.0689922118039,28.9598977684891,28.9598977684891,28.9648590453057,29.0937707459177,29.2868448794737,29.7606150407326,30.2420934053758,29.9573990480468,29.8590524129916,29.6867273188382,29.217576634222,29.3313506129726,29.4548799158045,29.370895615469,29.1680716196875,29.173023160837,29.1779744708596,29.1631198473796,29.1829255497865,29.5387979325806,29.5684002590573,29.6571578775531,29.6226498173448,29.4647560610483,29.2621114091025,29.1928270144785,29.1284509661644,29.0739483820717,28.9747809016303,29.0045408944048,29.0243762452778,29.173023160837,29.2076774790804,29.4746312891203,29.4054854233555,29.7409166564112,29.8639718977337,29.4301855384466,29.0987257577298,29.083860027377,28.940050336123,28.7761668270904,29.0293345027462,29.4153661581674,29.5141230346309,29.3906625985796,29.5437322255563,29.4450028531419,29.2126271720896,29.0640358097506,29.217576634222,28.9797414812012,28.9896619433183,29.0640358097506,29.0789043205857,28.98470182842,28.8904154684503,28.7761668270904,28.6020729131087,28.5771789090283,28.6269610479519,28.6170064980665,28.5871372152255,28.4924953392214,28.6816943046293,28.6418911132907,28.6219838903298,28.5223914205637,28.5074444391028,28.6170064980665,28.7413709858727,28.7214825035015,28.7214825035015,28.6966166352573,28.7612557262559,28.9648590453057,28.9747809016303,28.9995814762791,29.044207883055,29.019417755741,28.9797414812012,28.9896619433183,29.0342925281775,28.9896619433183,29.1779744708596,29.1631198473796,29.0392503216033,29.1433104459398,29.0590791758805,28.9946218259274,28.7015902771012,28.7413709858727,28.7910758250633,28.6866686490532,28.6170064980665,28.6916427592519,28.7165097979839,28.9201991820813,28.8308228788658,28.8457241736917,28.9053083729833,28.8606233696602,28.9598977684891,28.9102722087998,28.9003443043406,28.8854507011395,29.1581678438823,29.2522164072173,29.1829255497865,29.019417755741,29.103680537945,29.1779744708596,29.0739483820717,29.0888155024772,29.0888155024772,29.1433104459398,29.0888155024772,28.8308228788658,28.7612557262559,28.5721994035508,28.5024616412321,28.4675754627885,28.2080587813783,28.258015532538,28.1880694376433,28.277991595206,28.2829850186196,28.258015532538,28.2330401214815,28.1080740489112,28.0380281127715,28.0130003858666,27.8175790741614,27.9228511486881,27.9278614710339,27.8426534379831,27.7222417610001
28.607051009488,28.7214825035015,28.940050336123,29.2225258655088,29.0045408944048,29.019417755741,28.6418911132907,28.4426496954073,28.258015532538,28.482528095304,28.3678370072086,28.4077437165986,28.4476353203531,28.4775441200496,28.5423174353593,28.5771789090283,28.5871372152255,28.7711966938393,29.2868448794737,29.775386440627,29.671943624202,29.2720054887278,29.385721197515,30.4869132231383,29.3165174407562,28.9450125430426,29.1284509661644,29.6078572246797,30.001625495435,29.6916547611904,29.671943624202,31.0089591551708,31.1013946817791,30.5162540628758,30.5846848369351,30.1047493983729,29.9623140023007,30.2175806171496,29.8147668387412,29.7310660989319,31.3151522369855,31.3102988085076,30.1636327091878,30.1538210751758,31.3976271792789,32.6752223872505,33.0293257257787,33.1868683088817,32.3392002335413,32.3392002335413,32.6704293467569,32.7231412323824,32.6848078374877,33.1964090753252,30.6823674833107,31.982846237395,31.8380448924544,31.1111201277866,30.6286530234468,29.8147668387412,30.2960017892775,30.7653279576147,31.1500131430931,30.8725936400776,30.1194732660389,29.6817996485765,29.2769521827709,29.0491652125642,29.1234973434636,29.1135894037099,29.0243762452778,29.1234973434636,28.6219838903298,28.6319379709646,28.9251623196095,28.98470182842,29.173023160837,29.4054854233555,29.55360012514,29.5239936805482,29.5684002590573,29.785232903706,29.7409166564112,29.775386440627,29.2917908821956,29.4104259055781,29.1482631431937,28.8457241736917,28.6219838903298,28.6219838903298,28.7065636848157,28.8953800028402,29.1829255497865,29.4647560610483,29.6226498173448,29.1878763976491,29.3214620616761,29.5387979325806,29.6472995727053,29.5585337318094,29.6226498173448,29.2225258655088,29.0789043205857,29.0937707459177,29.0640358097506,29.1532156091641,29.6127883172604,29.6177191814719,29.8295307397771,29.844292597587,29.6571578775531,29.5831983351633,29.0491652125642,29.044207883055,29.4104259055781,29.3066275082174,29.0987257577298,29.3214620616761,29.385721197515,29.3758377059907,29.4696937897153,29.6916547611904,29.6275802249099,29.6916547611904,29.6275802249099,29.4696937897153,29.217576634222,29.019417755741,29.1928270144785,29.0888155024772,29.0937707459177,29.0392503216033,29.1383575173713,29.0541223101622,29.0541223101622,29.2076774790804,29.242320482823,29.6029259036991,29.3906625985796,29.3016821965364,29.2967366545395,29.217576634222,28.9450125430426,29.1433104459398,29.1284509661644,29.1779744708596,29.1928270144785,29.1680716196875,29.3115725896136,29.3115725896136,29.5239936805482,29.227474865981,29.2472685603494,29.0590791758805,29.0392503216033,29.0045408944048,28.98470182842,28.9946218259274,28.98470182842,28.9053083729833,28.7711966938393,28.8606233696602,28.8208875158601,28.8258553140296,28.7861063926706,28.7065636848157,28.6617945840412,28.7612557262559,28.7761668270904,28.8258553140296,28.6617945840412,28.7811367266903,28.8407573086651,28.7811367266903,28.8059827210337,28.9251623196095,29.0789043205857,29.0789043205857,28.930125224438,28.8804857008759,28.9797414812012,29.0689922118039,29.0392503216033,29.1532156091641,29.0392503216033,29.044207883055,29.1631198473796,29.257164023458,29.227474865981,29.1928270144785,29.0689922118039,28.98470182842,28.9698200896756,28.7513138236853,28.7811367266903,28.7761668270904,28.9102722087998,28.7761668270904,28.6866686490532,28.6219838903298,28.7612557262559,28.8258553140296,29.0144590341043,29.0243762452778,28.8606233696602,28.8904154684503,28.9747809016303,29.0392503216033,29.0045408944048,29.1680716196875,29.1433104459398,29.1779744708596,29.1482631431937,29.23242363567,29.083860027377,29.103680537945,29.1086350865945,29.0739483820717,29.0888155024772,29.0689922118039,28.9995814762791,28.7065636848157,28.6568190680113,28.497478607949,28.277991595206,28.223048297154,28.1730749366739,28.1580782977234,28.2380356778862,28.258015532538,28.253020924455,28.1130755441568,28.063049878718,28.1280786023483,27.982959239327,27.9128297863749,27.9428910032239,27.8326244118639,27.8877721929225,27.7122012073196
28.7165097979839,28.9499745173891,28.8059827210337,28.940050336123,28.7314272125631,28.6418911132907,28.3378970521235,28.258015532538,28.4127309928177,28.5423174353593,28.4775441200496,28.61202887113,28.4875118350172,28.4625907807171,28.5223914205637,28.4376638346625,28.4376638346625,28.5771789090283,28.8208875158601,29.1977774003059,29.2769521827709,29.6571578775531,29.4203061811547,29.7113622521147,29.0243762452778,28.8804857008759,28.7711966938393,29.3214620616761,29.8639718977337,29.1829255497865,29.6029259036991,30.6774854603372,30.3155981109145,30.364573235923,30.5895710802732,30.0851144200226,30.1194732660389,30.1538210751758,29.844292597587,29.8885659198648,30.094932359983,29.7359914914735,29.927904570493,30.4526720961226,30.7604497017866,31.013826160085,31.4364171494488,31.5527036512639,31.5430178818391,31.5187996648599,31.9008158582412,32.2045008154216,33.0388802082924,32.8859083936712,31.852533723109,31.2617525234662,30.9894889364131,30.7018933571882,30.05074452682,29.3214620616761,29.7212146309145,29.9180712669515,30.2666005812584,29.8688911556633,29.2769521827709,28.8606233696602,28.8109512193939,28.7662263269051,29.1135894037099,29.0491652125642,28.9747809016303,29.1185434893225,28.9201991820813,28.8109512193939,28.8308228788658,29.009500080336,28.8357902104004,28.9648590453057,29.0590791758805,29.7606150407326,30.1930622128441,29.6916547611904,30.2028702487351,30.4820223028257,29.6374403552393,29.2720054887278,29.1532156091641,28.8357902104004,28.646867332668,28.6418911132907,28.7910758250633,28.9053083729833,29.2967366545395,29.3956037698873,29.3758377059907,29.1284509661644,29.4104259055781,29.6177191814719,29.4894424120718,29.6325104041979,29.385721197515,29.23242363567,29.1234973434636,29.1086350865945,29.1977774003059,29.3412382437518,29.2769521827709,29.3066275082174,29.6423700780649,29.7064357210951,29.6423700780649,29.2967366545395,28.9450125430426,29.2818986463425,29.385721197515,29.1631198473796,29.0937707459177,29.1779744708596,29.4252459745708,29.4252459745708,29.5831983351633,30.0065384149177,30.1685381887201,29.4598181030883,29.2720054887278,29.2472685603494,29.1383575173713,29.173023160837,29.1482631431937,29.173023160837,29.1829255497865,29.2472685603494,29.0293345027462,28.9946218259274,29.044207883055,29.400544711469,29.3412382437518,29.4104259055781,29.2472685603494,28.9896619433183,29.257164023458,29.3758377059907,29.1482631431937,29.2225258655088,29.1433104459398,29.1234973434636,29.2027275551628,29.4252459745708,29.1928270144785,29.1928270144785,29.4153661581674,29.3461817140249,29.3659532950663,29.2373721746069,29.0739483820717,29.0689922118039,29.0888155024772,28.9648590453057,28.8755204676278,28.9201991820813,28.8606233696602,28.8109512193939,28.8457241736917,28.8357902104004,28.8208875158601,28.7612557262559,28.7562848918599,28.7562848918599,28.7861063926706,28.8904154684503,28.7811367266903,28.7165097979839,28.7612557262559,28.7562848918599,28.8655893020517,28.7910758250633,28.8606233696602,28.8556572041575,29.083860027377,29.0342925281775,28.9549362591941,28.8010139892131,28.9747809016303,28.9946218259274,29.0392503216033,29.1532156091641,29.1383575173713,29.1532156091641,29.242320482823,29.1829255497865,29.019417755741,28.9797414812012,28.9747809016303,28.9648590453057,28.7910758250633,28.7811367266903,28.930125224438,28.7662263269051,28.7015902771012,28.7513138236853,28.8357902104004,28.8606233696602,29.1581678438823,29.0293345027462,28.9003443043406,28.9201991820813,29.044207883055,28.8606233696602,28.9201991820813,29.1433104459398,29.1977774003059,29.1779744708596,29.2027275551628,29.2126271720896,29.0937707459177,29.103680537945,29.1284509661644,29.0590791758805,29.0541223101622,29.0590791758805,29.0689922118039,28.9450125430426,28.6966166352573,28.6369146594003,28.5921160160095,28.2929711549704,28.2879782051969,28.2979638679726,27.9979808867536,28.258015532538,28.1930671296786,28.1580782977234,28.1580782977234,28.0180064083215,28.1280786023483,27.8977959483549,27.7724301033211,27.837639044803,27.7874819207868,27.8877721929225
28.9450125430426,29.2027275551628,29.5042514727762,29.1185434893225,28.5522790316995,28.6319379709646,28.3229238825521,28.347877982722,28.4625907807171,28.61202887113,28.5273732771074,28.482528095304,28.5273732771074,28.6966166352573,28.5721994035508,28.4526207095317,28.3578579676639,28.482528095304,28.6617945840412,28.7214825035015,29.2720054887278,29.2670585641821,29.242320482823,29.2472685603494,29.009500080336,28.666769865686,29.044207883055,29.7409166564112,29.9328208826212,29.6867273188382,29.8787289912069,29.667015270028,29.795078457589,30.6823674833107,30.7604497017866,29.8885659198648,30.2322889637756,30.3792614089673,29.9377369683613,30.2469952894203,30.4379939797648,29.8098450842037,29.785232903706,30.4477796139247,30.0802051118783,30.7604497017866,31.2763187007373,31.0868048676973,30.9748839624798,30.6530720169788,30.5749116829746,30.3988425085929,30.9456680715749,30.9213154390094,31.2811736565213,29.9524838675562,29.9967123499873,29.7704628680627,30.0360111882413,29.5930625764153,29.6029259036991,29.785232903706,29.9623140023007,29.6275802249099,29.385721197515,28.8556572041575,28.7413709858727,28.7513138236853,28.9747809016303,28.9698200896756,28.8457241736917,29.009500080336,29.1185434893225,29.1928270144785,29.083860027377,28.9797414812012,28.8109512193939,28.9698200896756,29.0491652125642,29.7359914914735,29.7359914914735,29.2868448794737,29.8000008936581,30.6970122213627,29.967228730348,29.227474865981,29.1779744708596,28.9896619433183,28.7015902771012,28.7065636848157,28.7264549750173,28.7861063926706,29.1234973434636,29.2720054887278,28.9946218259274,28.8854507011395,29.5733331796973,29.7901557942818,29.5634671097716,29.4943789947374,29.23242363567,29.1135894037099,28.9896619433183,28.8258553140296,29.3313506129726,29.5042514727762,29.1680716196875,29.2621114091025,29.6374403552393,29.8590524129916,29.6867273188382,29.3016821965364,29.3461817140249,29.5387979325806,29.23242363567,29.019417755741,29.173023160837,29.1779744708596,29.4301855384466,29.5979943542878,29.9180712669515,30.0065384149177,29.7113622521147,29.4696937897153,29.2373721746069,29.1284509661644,28.98470182842,28.9499745173891,29.0689922118039,29.173023160837,29.1234973434636,29.1185434893225,29.0888155024772,28.9499745173891,29.0293345027462,29.3264064524046,29.2720054887278,29.2472685603494,29.242320482823,29.2126271720896,29.5091873682112,29.3610107447515,28.8556572041575,29.0392503216033,29.1433104459398,29.3214620616761,29.3214620616761,29.3214620616761,29.5684002590573,29.4647560610483,29.217576634222,29.2522164072173,29.2076774790804,29.0144590341043,29.2076774790804,29.1334043574566,29.1928270144785,28.9747809016303,28.9995814762791,28.8407573086651,28.7761668270904,28.8357902104004,28.8457241736917,28.8705550013636,28.8904154684503,28.7065636848157,28.7562848918599,28.6916427592519,28.7463425217002,28.7761668270904,28.7662263269051,28.7612557262559,28.7214825035015,28.7165097979839,28.7314272125631,28.8556572041575,28.8059827210337,28.8457241736917,28.7363992161709,28.8556572041575,28.9995814762791,28.8655893020517,28.8953800028402,28.9946218259274,28.9747809016303,29.0888155024772,29.1135894037099,29.242320482823,29.1532156091641,29.173023160837,29.1581678438823,29.1532156091641,29.0342925281775,28.8109512193939,28.7015902771012,28.7264549750173,29.0243762452778,28.7165097979839,28.7363992161709,28.7413709858727,28.8010139892131,28.98470182842,29.044207883055,29.019417755741,29.0541223101622,29.0144590341043,28.915235811822,28.8606233696602,28.8407573086651,29.0293345027462,29.0888155024772,29.0937707459177,29.1433104459398,29.0243762452778,29.083860027377,29.0739483820717,29.044207883055,29.0491652125642,28.9995814762791,28.8655893020517,29.0491652125642,29.0888155024772,29.009500080336,28.7463425217002,28.646867332668,28.5622396876777,28.2330401214815,28.258015532538,28.1580782977234,28.2480260793404,28.2480260793404,28.1780733411736,28.2030618015135,28.0280177375547,28.0180064083215,27.9178405871461,27.8276095391327,27.892784190336,27.8225944265762,27.7924987130493
28.6269610479519,28.8258553140296,29.385721197515,29.55360012514,28.8705550013636,28.5472983510907,28.4326777380859,28.5174093287365,28.5472983510907,28.6866686490532,28.5472983510907,28.61202887113,28.6418911132907,28.4576058629756,28.5970945819598,28.4775441200496,28.332906232122,28.4077437165986,28.5074444391028,28.8208875158601,29.1680716196875,28.5323548983997,29.2522164072173,29.2720054887278,28.8953800028402,28.8655893020517,29.0987257577298,29.4153661581674,29.6078572246797,30.0851144200226,30.1047493983729,29.8738101868109,29.8246096664975,29.9573990480468,29.785232903706,29.5486662897325,29.9033196129721,30.1243807714027,30.0310996239144,30.8823397644757,31.789734809328,31.2763187007373,31.9394261091838,32.7901923432388,33.5250590307085,33.8432463106259,32.8715563228664,32.8237024873976,33.4632145546177,31.8187234410827,31.4897306471418,31.5333312454605,32.1033667357021,31.3491201318989,30.9602770077943,29.795078457589,29.5486662897325,29.2917908821956,29.8000008936581,29.7901557942818,29.8147668387412,29.5733331796973,29.7064357210951,29.242320482823,29.4993153482952,29.1284509661644,28.8904154684503,28.7811367266903,28.9549362591941,28.9102722087998,28.8606233696602,28.9053083729833,29.0987257577298,29.0888155024772,29.1284509661644,29.1928270144785,28.9549362591941,28.9201991820813,29.2818986463425,29.9131542754777,29.4943789947374,29.2225258655088,29.2225258655088,30.109657579554,29.9033196129721,28.9896619433183,28.9598977684891,28.8506908055119,28.8010139892131,28.6269610479519,28.7513138236853,28.7960450239002,29.1185434893225,29.2225258655088,28.8506908055119,28.7711966938393,29.3807795666623,29.5733331796973,29.3461817140249,29.4400639777012,29.3511249542619,29.1334043574566,28.8308228788658,29.1928270144785,29.5042514727762,29.3560679644938,29.2076774790804,29.3461817140249,30.0605656241719,29.5042514727762,29.5338634107745,29.5585337318094,29.9131542754777,29.7507663035967,29.3560679644938,29.3906625985796,29.1680716196875,29.1631198473796,29.3659532950663,29.7359914914735,29.8590524129916,29.9131542754777,29.55360012514,29.3313506129726,29.2225258655088,29.23242363567,29.0888155024772,29.0392503216033,29.009500080336,29.0243762452778,29.103680537945,29.0640358097506,29.1631198473796,29.0689922118039,28.8854507011395,29.242320482823,29.1928270144785,29.1928270144785,29.2126271720896,29.5141230346309,29.5486662897325,29.3461817140249,29.1482631431937,29.0541223101622,29.0689922118039,29.3214620616761,29.5239936805482,29.5387979325806,29.5387979325806,29.6768717503746,29.775386440627,29.5141230346309,29.3560679644938,29.23242363567,29.3610107447515,29.4252459745708,29.4252459745708,29.1086350865945,28.9598977684891,28.9995814762791,28.9053083729833,28.9598977684891,28.9946218259274,28.9747809016303,28.8308228788658,28.8457241736917,28.7314272125631,28.7413709858727,28.7612557262559,28.8208875158601,28.8457241736917,28.8953800028402,28.7910758250633,28.6866686490532,28.7363992161709,28.7861063926706,28.7513138236853,28.8655893020517,28.8357902104004,28.7264549750173,28.7214825035015,28.9598977684891,28.8606233696602,28.8308228788658,28.8804857008759,28.9350878965987,29.044207883055,29.1581678438823,29.257164023458,29.1383575173713,29.173023160837,29.1284509661644,29.1680716196875,28.8655893020517,28.8109512193939,28.7861063926706,28.7513138236853,28.7811367266903,28.7413709858727,28.6568190680113,28.7363992161709,28.8109512193939,29.0144590341043,29.1383575173713,29.0144590341043,29.009500080336,28.8854507011395,28.8457241736917,29.019417755741,29.0243762452778,29.0392503216033,29.1284509661644,29.1779744708596,29.1086350865945,29.1581678438823,29.044207883055,29.044207883055,29.1334043574566,29.0491652125642,28.9896619433183,29.0541223101622,29.227474865981,29.0789043205857,29.0590791758805,28.8556572041575,28.6816943046293,28.3378970521235,28.3129405866768,28.1880694376433,28.3129405866768,28.1730749366739,28.1980645842911,28.1780733411736,28.1630774149815,27.962927032733,27.9228511486881,27.8677218086608,27.8476675914376,27.7975152652541,27.8526815051994
28.7413709858727,28.5423174353593,28.9350878965987,29.5684002590573,29.4104259055781,28.98470182842,28.6418911132907,28.7612557262559,28.7562848918599,28.5771789090283,28.6866686490532,28.7513138236853,28.6319379709646,28.61202887113,28.4625907807171,28.4526207095317,28.4675754627885,29.1433104459398,28.9003443043406,28.7214825035015,28.5672196631112,28.9251623196095,29.2818986463425,29.044207883055,29.0590791758805,28.9102722087998,29.0739483820717,29.5733331796973,29.9967123499873,29.9229880319466,29.8787289912069,29.9377369683613,29.6867273188382,29.4054854233555,29.3016821965364,29.3807795666623,29.5141230346309,29.6177191814719,30.001625495435,30.7409344645536,31.9587260871605,32.0792733248968,32.7901923432388,32.5073406733889,32.6033046875739,31.5914380639419,31.3102988085076,31.3636745324836,31.2568966943074,30.9748839624798,31.4848850513474,32.0985484806534,32.8093422541422,30.7262957111938,30.8189741701236,30.1391019363398,29.6275802249099,29.6275802249099,30.1194732660389,30.2224836239616,30.0998409918593,29.6620866878218,29.6916547611904,29.6817996485765,29.4845056002677,29.044207883055,29.1977774003059,29.2076774790804,28.8606233696602,28.9549362591941,29.0888155024772,29.0888155024772,28.8258553140296,28.9350878965987,29.0590791758805,29.2621114091025,28.7612557262559,28.8208875158601,29.4351248728131,29.6472995727053,29.2917908821956,28.9946218259274,28.8208875158601,29.3511249542619,29.1135894037099,28.8953800028402,28.8755204676278,28.7214825035015,28.4775441200496,28.8109512193939,28.8109512193939,29.0640358097506,29.2027275551628,29.3214620616761,29.0293345027462,29.173023160837,29.3362945434113,29.5831983351633,29.5141230346309,29.3610107447515,29.5930625764153,29.23242363567,29.1779744708596,29.3758377059907,29.5831983351633,29.1284509661644,29.3906625985796,29.7409166564112,30.094932359983,29.4450028531419,29.5634671097716,29.6620866878218,29.4894424120718,29.5289286601073,29.5437322255563,29.5437322255563,29.1631198473796,29.4351248728131,29.6620866878218,29.6127883172604,29.9033196129721,29.9033196129721,29.5733331796973,29.3165174407562,29.3313506129726,29.2126271720896,29.083860027377,28.940050336123,28.8705550013636,28.9896619433183,29.0342925281775,29.2373721746069,29.2076774790804,29.1334043574566,29.217576634222,29.2917908821956,29.2522164072173,29.3906625985796,29.1928270144785,29.2670585641821,29.227474865981,29.2522164072173,29.1532156091641,29.2027275551628,29.019417755741,29.2769521827709,29.3313506129726,29.4746312891203,29.5930625764153,29.6620866878218,29.972143232219,29.5634671097716,29.5437322255563,29.3560679644938,29.3511249542619,29.2670585641821,29.3758377059907,29.1829255497865,29.0144590341043,29.009500080336,28.98470182842,28.8457241736917,28.8804857008759,29.0640358097506,28.7513138236853,28.9003443043406,28.9450125430426,28.8407573086651,28.8407573086651,28.8407573086651,28.8258553140296,28.9003443043406,28.8953800028402,28.6966166352573,28.7065636848157,28.646867332668,28.7861063926706,28.8357902104004,28.8208875158601,28.8407573086651,28.7015902771012,28.9053083729833,29.083860027377,28.8506908055119,28.8705550013636,29.0293345027462,29.0987257577298,29.2076774790804,29.1928270144785,29.009500080336,29.0888155024772,28.9598977684891,29.1581678438823,29.1086350865945,28.8755204676278,28.7662263269051,28.5970945819598,28.6617945840412,28.5124270015936,28.6866686490532,28.7065636848157,28.9350878965987,28.9698200896756,29.0392503216033,29.009500080336,29.0144590341043,28.8159194843254,28.8904154684503,29.1532156091641,28.9896619433183,29.0888155024772,29.1135894037099,29.0739483820717,29.1482631431937,29.0739483820717,29.1779744708596,29.2522164072173,29.3115725896136,29.2373721746069,29.0590791758805,28.8854507011395,29.227474865981,29.1581678438823,29.1631198473796,29.0392503216033,28.6816943046293,28.482528095304,28.3578579676639,28.2829850186196,28.4227048373089,28.1830715081525,28.2330401214815,28.1130755441568,28.2330401214815,27.9078187463413,27.8977959483549,28.0280177375547,27.8777474797793,27.8175790741614,27.9378813982687
28.228044327915,28.4077437165986,28.6966166352573,28.9995814762791,29.1928270144785,29.1977774003059,28.6816943046293,28.6617945840412,28.61202887113,28.5572594772178,28.7165097979839,28.7065636848157,28.7115368584326,28.8606233696602,28.6020729131087,28.4576058629756,28.9350878965987,29.4795685592941,29.4400639777012,29.1829255497865,28.537336284473,29.2670585641821,29.5881305700507,29.8246096664975,30.4918039204427,29.4252459745708,29.2967366545395,29.7310660989319,30.1930622128441,29.8344515860316,29.5585337318094,29.3066275082174,29.6620866878218,30.1341951065232,29.3906625985796,29.4746312891203,29.5486662897325,29.7359914914735,30.2126773856944,30.7750838052991,31.3442682293294,31.9973157570076,31.8187234410827,30.9894889364131,31.0040919303753,30.8336003124521,30.4673482035432,30.6384212871151,30.3009012058606,30.158727004683,30.2911021485288,30.7067742712998,30.1243807714027,29.7901557942818,29.9868853810766,30.4673482035432,30.5553627050914,30.0360111882413,30.1243807714027,30.1930622128441,29.8639718977337,29.9573990480468,29.9426528277437,29.7556907859056,29.4647560610483,29.044207883055,29.3659532950663,30.3988425085929,29.5486662897325,29.4153661581674,28.9995814762791,29.0342925281775,29.0045408944048,28.8159194843254,29.2076774790804,29.2373721746069,29.083860027377,28.8308228788658,29.2472685603494,29.7359914914735,29.2621114091025,28.8059827210337,28.6568190680113,28.7910758250633,28.6369146594003,28.7314272125631,28.7861063926706,28.7513138236853,28.7165097979839,28.9946218259274,28.8506908055119,28.8506908055119,29.2027275551628,29.2670585641821,29.0987257577298,29.0937707459177,29.5684002590573,29.5881305700507,29.6768717503746,29.5782658717225,29.5881305700507,29.4845056002677,29.4993153482952,29.1878763976491,29.5733331796973,29.3906625985796,29.4400639777012,29.967228730348,29.5733331796973,29.3362945434113,29.967228730348,29.5486662897325,29.2967366545395,29.2769521827709,29.55360012514,29.7458415937754,29.55360012514,29.7458415937754,29.5486662897325,29.5486662897325,29.3560679644938,29.3412382437518,29.4845056002677,29.5634671097716,29.3412382437518,29.2076774790804,29.0342925281775,28.9450125430426,28.9598977684891,29.0392503216033,29.1779744708596,29.1284509661644,29.1532156091641,29.1234973434636,29.3016821965364,29.1977774003059,29.3560679644938,29.6029259036991,29.2076774790804,29.1631198473796,29.23242363567,29.2917908821956,29.3165174407562,29.5585337318094,29.4104259055781,29.4301855384466,29.1284509661644,29.3066275082174,29.4252459745708,29.844292597587,29.844292597587,29.8098450842037,29.5387979325806,29.4598181030883,29.0937707459177,28.9648590453057,28.8457241736917,29.009500080336,29.3511249542619,29.044207883055,28.9995814762791,28.8258553140296,28.98470182842,28.7811367266903,28.8506908055119,28.8755204676278,28.8556572041575,29.0689922118039,28.9350878965987,29.0243762452778,28.9350878965987,28.8904154684503,28.8705550013636,28.7363992161709,28.7015902771012,28.7662263269051,28.6369146594003,28.6717449129776,28.6966166352573,28.7165097979839,28.6966166352573,28.8655893020517,28.915235811822,29.044207883055,28.8804857008759,29.0293345027462,29.019417755741,29.1135894037099,29.103680537945,28.8854507011395,28.8854507011395,28.9598977684891,28.9896619433183,28.9201991820813,28.8606233696602,28.7562848918599,28.5871372152255,28.5771789090283,28.4276914056455,28.5223914205637,28.7960450239002,28.7761668270904,29.0293345027462,29.009500080336,29.0342925281775,29.0739483820717,28.8109512193939,28.8059827210337,29.1284509661644,29.1135894037099,29.1284509661644,29.0491652125642,29.1829255497865,29.1135894037099,29.0590791758805,29.1532156091641,29.2967366545395,29.3066275082174,29.1680716196875,28.98470182842,29.044207883055,29.044207883055,29.173023160837,29.0144590341043,28.8705550013636,28.676719725948,28.3828037944729,28.3828037944729,28.2680040377398,28.2480260793404,28.1730749366739,28.2080587813783,28.1930671296786,28.0930681351701,27.9579183838364,27.9479003691149,27.9128297863749,27.837639044803,27.9328715542163,27.7724301033211
28.327915175609,28.1880694376433,28.5522790316995,28.5223914205637,28.6418911132907,28.8705550013636,28.7562848918599,28.6319379709646,28.4775441200496,28.4775441200496,28.7363992161709,28.6617945840412,28.6816943046293,28.7612557262559,28.7463425217002,28.9499745173891,29.2076774790804,29.7606150407326,29.6522288391912,29.5684002590573,29.3758377059907,29.9573990480468,30.3547800018646,30.2322889637756,30.3302929995506,30.2028702487351,29.5289286601073,29.7261404787557,29.7409166564112,30.0065384149177,29.3066275082174,29.0640358097506,29.3066275082174,29.8344515860316,29.977057507944,29.4598181030883,29.9967123499873,30.4477796139247,30.0360111882413,30.7555712245957,31.1159825218625,31.5672306803568,30.8287251526402,30.251896949001,30.2666005812584,30.0310996239144,29.9082370574946,30.3155981109145,30.1194732660389,30.2911021485288,30.3302929995506,29.6965819756635,29.967228730348,29.972143232219,29.671943624202,30.2371912968375,30.0900235027141,30.094932359983,30.0556551883126,30.0703858191111,29.7310660989319,30.2813021944153,30.5162540628758,29.972143232219,29.5881305700507,29.2076774790804,29.4450028531419,29.5486662897325,29.7359914914735,29.6177191814719,29.009500080336,29.1234973434636,29.0888155024772,28.7861063926706,28.940050336123,29.1631198473796,29.1977774003059,28.7314272125631,28.915235811822,29.2769521827709,29.2225258655088,28.6816943046293,28.5472983510907,28.5572594772178,28.646867332668,28.8655893020517,29.009500080336,29.0144590341043,28.9201991820813,28.7214825035015,28.8457241736917,28.9350878965987,29.1779744708596,29.3264064524046,29.0987257577298,29.083860027377,29.4153661581674,29.3659532950663,29.4351248728131,29.5930625764153,29.5684002590573,29.5881305700507,29.3214620616761,29.1878763976491,29.3412382437518,29.3807795666623,29.5190584720663,29.6127883172604,29.3214620616761,29.8393722052915,29.7359914914735,29.55360012514,29.6374403552393,29.9131542754777,29.9131542754777,29.7458415937754,29.6620866878218,29.5437322255563,29.5486662897325,29.5437322255563,29.2126271720896,29.3511249542619,29.4845056002677,29.5585337318094,29.3610107447515,29.2522164072173,29.3560679644938,29.2917908821956,29.4104259055781,29.4203061811547,29.2621114091025,29.1829255497865,29.1779744708596,29.1878763976491,29.2621114091025,29.3165174407562,29.1928270144785,29.1928270144785,29.2076774790804,29.3362945434113,29.5190584720663,29.3956037698873,29.5684002590573,29.844292597587,29.7458415937754,29.8344515860316,29.5486662897325,29.400544711469,29.4153661581674,29.5930625764153,29.7015089622882,29.5585337318094,29.6965819756635,29.6472995727053,29.3560679644938,28.9450125430426,28.8010139892131,28.8357902104004,29.1878763976491,29.5486662897325,29.3412382437518,28.9946218259274,29.0491652125642,29.019417755741,29.009500080336,28.8854507011395,28.8357902104004,28.930125224438,28.9350878965987,29.0789043205857,29.0739483820717,28.8159194843254,28.7463425217002,28.7264549750173,28.6966166352573,28.676719725948,28.607051009488,28.607051009488,28.7960450239002,28.8506908055119,28.7165097979839,28.9102722087998,28.8308228788658,28.8059827210337,28.9698200896756,29.044207883055,29.0293345027462,29.0392503216033,29.103680537945,29.0392503216033,29.0144590341043,28.9549362591941,28.8755204676278,28.8606233696602,28.9102722087998,28.8655893020517,28.7065636848157,28.7264549750173,28.6170064980665,28.5572594772178,28.7264549750173,28.6816943046293,28.8010139892131,28.9598977684891,29.0640358097506,29.1334043574566,29.1334043574566,28.9797414812012,28.9350878965987,29.0293345027462,29.0243762452778,29.1433104459398,29.1383575173713,29.044207883055,29.0491652125642,29.2522164072173,29.2670585641821,29.4548799158045,29.3066275082174,29.103680537945,29.083860027377,29.1482631431937,29.0640358097506,29.044207883055,28.8457241736917,28.6866686490532,28.5074444391028,28.372826172538,28.2879782051969,28.2979638679726,28.1880694376433,28.2030618015135,28.2080587813783,28.1180768014564,28.1080740489112,27.892784190336,28.0330230443987,27.9479003691149,27.8777474797793,27.812563481855
28.327915175609,28.3528680933838,28.6518433175642,28.5522790316995,28.5174093287365,28.666769865686,28.5124270015936,28.482528095304,28.4326777380859,28.6816943046293,28.7115368584326,28.7065636848157,28.6219838903298,28.7811367266903,29.2225258655088,29.1383575173713,29.6029259036991,29.4598181030883,29.5930625764153,29.9819715575531,30.158727004683,30.8287251526402,30.8628466329089,30.1194732660389,29.9229880319466,29.8196883661623,29.7212146309145,29.4598181030883,29.4104259055781,29.044207883055,29.083860027377,29.5684002590573,29.019417755741,29.6423700780649,29.667015270028,29.7064357210951,30.2911021485288,31.1354299059856,30.7555712245957,30.4477796139247,31.1986096998407,31.0965316297901,30.2175806171496,30.1538210751758,30.0310996239144,29.7113622521147,29.6226498173448,29.8000008936581,30.0900235027141,30.094932359983,29.8393722052915,29.449941499166,29.5486662897325,29.7901557942818,29.671943624202,30.3302929995506,29.8246096664975,29.8885659198648,29.7015089622882,30.4575643551052,29.5239936805482,30.109657579554,30.05074452682,30.1292880515541,29.6768717503746,29.2373721746069,29.0541223101622,29.2027275551628,29.3313506129726,29.2670585641821,28.915235811822,28.9499745173891,28.9946218259274,29.0243762452778,29.1878763976491,29.0392503216033,29.242320482823,28.4376638346625,28.4576058629756,28.7761668270904,29.4450028531419,28.7960450239002,28.5871372152255,28.4376638346625,28.6418911132907,28.9102722087998,28.9251623196095,29.0144590341043,28.8556572041575,28.6966166352573,28.8308228788658,28.9797414812012,29.1234973434636,29.0987257577298,28.8804857008759,28.9698200896756,29.1829255497865,29.0987257577298,29.1334043574566,29.1779744708596,29.7064357210951,29.4647560610483,29.1928270144785,29.0590791758805,29.4054854233555,29.1234973434636,29.400544711469,29.0789043205857,29.6226498173448,30.1292880515541,29.7458415937754,29.967228730348,29.7212146309145,29.4252459745708,29.2917908821956,29.5437322255563,29.4400639777012,29.5387979325806,29.667015270028,29.385721197515,29.6177191814719,29.671943624202,29.7015089622882,29.6916547611904,29.4894424120718,29.4795685592941,29.4252459745708,29.6472995727053,29.3906625985796,29.4746312891203,29.4795685592941,29.3511249542619,29.3214620616761,29.227474865981,29.1779744708596,29.2027275551628,29.1185434893225,29.0392503216033,29.0689922118039,29.1977774003059,29.3758377059907,29.5634671097716,29.5979943542878,29.7507663035967,29.6127883172604,29.4598181030883,29.385721197515,29.3906625985796,29.3511249542619,29.667015270028,29.6916547611904,29.6423700780649,29.5338634107745,29.667015270028,29.6620866878218,29.3362945434113,28.9896619433183,28.8308228788658,29.0739483820717,29.3165174407562,29.5437322255563,29.5634671097716,29.3511249542619,29.2027275551628,29.2522164072173,29.1928270144785,29.1284509661644,28.9698200896756,29.173023160837,29.1829255497865,29.0590791758805,28.9053083729833,28.8357902104004,28.7314272125631,28.5871372152255,28.5970945819598,28.6966166352573,28.7015902771012,28.8407573086651,28.9797414812012,29.1433104459398,28.8059827210337,28.7065636848157,28.676719725948,28.7463425217002,28.9053083729833,28.9053083729833,29.0392503216033,29.0392503216033,29.0541223101622,28.9450125430426,28.7513138236853,28.7463425217002,28.9201991820813,28.8457241736917,28.8357902104004,28.8457241736917,28.7513138236853,28.5124270015936,28.6269610479519,28.6418911132907,28.7165097979839,28.666769865686,28.9499745173891,29.0987257577298,29.2225258655088,29.0987257577298,29.0293345027462,28.9598977684891,28.9747809016303,29.044207883055,29.1482631431937,29.1433104459398,29.0739483820717,29.0392503216033,29.0541223101622,29.0392503216033,29.2621114091025,29.3066275082174,29.0491652125642,28.9896619433183,29.0640358097506,29.0689922118039,29.2373721746069,29.0590791758805,28.6966166352573,28.3628476055947,28.2480260793404,28.218052029166,28.2929711549704,28.253020924455,28.0580460022081,28.1430795199092,28.063049878718,28.0029876251156,27.9779515459613,27.9228511486881,27.9078187463413,27.8877721929225,27.7724301033211
28.4127309928177,28.3628476055947,28.5871372152255,28.7065636848157,28.7612557262559,28.5423174353593,28.5622396876777,28.5024616412321,28.8804857008759,29.4054854233555,29.7606150407326,29.0888155024772,28.607051009488,28.9648590453057,29.6965819756635,30.001625495435,30.1930622128441,29.6177191814719,29.6916547611904,30.501584646145,30.3155981109145,30.5064746746021,30.6970122213627,30.5651376391053,29.7458415937754,29.6127883172604,29.3412382437518,29.3511249542619,29.0144590341043,29.227474865981,29.5091873682112,29.671943624202,29.4400639777012,29.449941499166,29.7359914914735,30.2322889637756,30.9748839624798,30.7506925260126,30.5162540628758,30.305800398308,30.6530720169788,30.5260325598254,30.2960017892775,30.3743655749854,30.6188838711635,29.9033196129721,29.4450028531419,29.5979943542878,29.6374403552393,29.4301855384466,29.5979943542878,29.4548799158045,29.8541327014066,29.8492127629486,29.8738101868109,29.9868853810766,29.7212146309145,29.6916547611904,29.5930625764153,30.5749116829746,30.4820223028257,30.0605656241719,29.7310660989319,30.7018933571882,29.370895615469,29.2818986463425,29.0045408944048,29.2126271720896,29.1928270144785,29.0491652125642,28.9896619433183,29.1829255497865,29.0045408944048,28.9995814762791,29.2769521827709,29.2621114091025,29.1234973434636,28.5921160160095,28.3877922511433,28.61202887113,28.8705550013636,29.0888155024772,28.497478607949,28.347877982722,28.5124270015936,28.8357902104004,28.7861063926706,28.7711966938393,28.7463425217002,28.9946218259274,29.667015270028,29.3066275082174,29.1878763976491,28.9995814762791,29.083860027377,29.1433104459398,29.1086350865945,29.1779744708596,29.1532156091641,29.1433104459398,29.400544711469,29.2769521827709,29.0640358097506,29.2373721746069,29.5684002590573,29.4252459745708,29.795078457589,29.3115725896136,29.6029259036991,29.977057507944,29.7458415937754,29.5733331796973,29.6226498173448,29.2076774790804,29.2225258655088,29.2126271720896,29.2126271720896,29.3807795666623,29.3560679644938,29.0392503216033,29.1383575173713,29.3659532950663,29.5585337318094,29.3659532950663,29.1383575173713,29.1779744708596,29.2670585641821,29.1878763976491,29.3659532950663,29.3610107447515,29.2076774790804,29.1829255497865,29.257164023458,29.2076774790804,29.173023160837,29.1086350865945,29.217576634222,29.1383575173713,29.1680716196875,29.3461817140249,29.3956037698873,29.7458415937754,29.8590524129916,29.795078457589,29.7310660989319,29.6620866878218,29.3362945434113,29.400544711469,29.4104259055781,29.7015089622882,29.5881305700507,29.4993153482952,29.5387979325806,29.5141230346309,29.5585337318094,29.5141230346309,29.2621114091025,29.0045408944048,28.9946218259274,29.1086350865945,29.3461817140249,29.3313506129726,29.5091873682112,29.1878763976491,29.1383575173713,29.1631198473796,29.0541223101622,29.044207883055,29.0987257577298,29.0987257577298,28.8357902104004,28.930125224438,28.930125224438,28.9648590453057,28.5821581795757,28.666769865686,29.0392503216033,29.0689922118039,28.9251623196095,29.2225258655088,28.8705550013636,28.7065636848157,28.5970945819598,28.5771789090283,28.6617945840412,28.7612557262559,28.9003443043406,28.9896619433183,28.9648590453057,28.9747809016303,29.044207883055,28.8804857008759,28.7513138236853,28.7463425217002,28.8655893020517,28.8904154684503,28.7612557262559,28.7314272125631,28.6369146594003,28.7612557262559,28.8159194843254,28.7264549750173,28.7861063926706,28.9003443043406,29.044207883055,28.9549362591941,29.0541223101622,29.0342925281775,28.9003443043406,28.9003443043406,29.0293345027462,28.9450125430426,29.0689922118039,29.0888155024772,29.0243762452778,29.0045408944048,28.9102722087998,29.0590791758805,29.1532156091641,29.0689922118039,29.1433104459398,29.242320482823,28.98470182842,29.2126271720896,29.1631198473796,28.5572594772178,28.4276914056455,28.258015532538,28.4077437165986,28.2729979349236,28.228044327915,28.0930681351701,28.0580460022081,28.0980703444506,28.0029876251156,27.9328715542163,27.9178405871461,27.8677218086608,27.6670068026902,27.7623943574465
28.5124270015936,28.482528095304,28.7314272125631,28.5074444391028,28.6966166352573,28.7463425217002,28.7314272125631,28.9698200896756,29.242320482823,29.7113622521147,30.3106993666494,29.3610107447515,28.9946218259274,29.0293345027462,29.7310660989319,30.0261878338035,30.3449858725725,30.1734434433101,30.1734434433101,30.6286530234468,30.5260325598254,30.2911021485288,30.5749116829746,30.5113644801692,30.2862022835847,29.6226498173448,29.3313506129726,29.3461817140249,29.0045408944048,29.8295307397771,30.3547800018646,29.8147668387412,29.5387979325806,29.4598181030883,29.7113622521147,30.4037372245722,30.6091138300302,30.2469952894203,29.6768717503746,30.158727004683,30.3106993666494,30.2960017892775,30.1391019363398,29.9082370574946,30.2567983841477,30.1391019363398,29.671943624202,29.6965819756635,29.6325104041979,29.5289286601073,29.4400639777012,29.5930625764153,29.8590524129916,29.5684002590573,29.4450028531419,29.9524838675562,30.05074452682,29.977057507944,29.5733331796973,29.173023160837,29.5437322255563,29.7310660989319,29.8098450842037,30.5944571012223,29.5239936805482,29.2769521827709,29.2472685603494,29.2868448794737,29.2621114091025,29.3016821965364,29.0392503216033,29.2967366545395,28.9053083729833,28.9995814762791,28.940050336123,28.930125224438,28.940050336123,28.8357902104004,28.607051009488,28.497478607949,28.5970945819598,29.385721197515,28.7960450239002,28.3079485837934,28.4177180330437,28.8159194843254,28.7910758250633,28.5622396876777,28.607051009488,28.8556572041575,29.3016821965364,29.2868448794737,29.217576634222,29.1433104459398,29.2225258655088,29.4450028531419,29.1878763976491,29.083860027377,29.217576634222,29.1829255497865,29.242320482823,29.3066275082174,29.1334043574566,29.3115725896136,29.7901557942818,29.4252459745708,29.3214620616761,29.3066275082174,29.4647560610483,29.4894424120718,29.3214620616761,29.370895615469,29.1977774003059,29.5684002590573,29.23242363567,29.0590791758805,28.9053083729833,29.1829255497865,28.9598977684891,28.9350878965987,29.009500080336,29.1779744708596,29.227474865981,29.1086350865945,29.2670585641821,29.4894424120718,29.5042514727762,29.4845056002677,29.3956037698873,29.1928270144785,29.1977774003059,29.1977774003059,29.3165174407562,29.2076774790804,29.1779744708596,29.1086350865945,29.2373721746069,29.2472685603494,29.2027275551628,29.3807795666623,29.8393722052915,29.7556907859056,29.6226498173448,29.6127883172604,29.6620866878218,29.6325104041979,29.2917908821956,29.2027275551628,29.370895615469,29.5289286601073,29.5881305700507,29.5733331796973,29.5289286601073,29.3214620616761,29.6620866878218,29.3165174407562,29.3264064524046,29.2027275551628,29.0293345027462,29.1433104459398,29.1532156091641,29.1482631431937,29.385721197515,29.385721197515,29.1631198473796,29.0541223101622,29.0590791758805,28.9598977684891,28.7910758250633,28.8109512193939,28.8258553140296,28.8755204676278,28.8159194843254,29.0243762452778,28.9201991820813,28.8854507011395,28.9251623196095,29.019417755741,28.9797414812012,28.9698200896756,28.7910758250633,28.6518433175642,28.5871372152255,28.5871372152255,28.7463425217002,28.7513138236853,28.8457241736917,28.9946218259274,28.7910758250633,28.9598977684891,29.0689922118039,28.9747809016303,28.7711966938393,28.9946218259274,28.8506908055119,28.9003443043406,28.8854507011395,28.9102722087998,28.8705550013636,28.7363992161709,28.7463425217002,28.7314272125631,28.666769865686,28.9251623196095,29.0342925281775,28.9698200896756,28.8804857008759,28.8506908055119,28.8407573086651,29.1234973434636,29.044207883055,28.8953800028402,29.0144590341043,29.044207883055,28.930125224438,28.9251623196095,28.9350878965987,28.98470182842,29.0144590341043,28.98470182842,28.9896619433183,28.9995814762791,29.0045408944048,29.1334043574566,29.0640358097506,28.6568190680113,28.4476353203531,28.347877982722,28.2879782051969,28.3079485837934,28.253020924455,28.223048297154,28.1330791460061,28.0280177375547,28.0130003858666,27.9428910032239,27.9078187463413,27.8777474797793,27.8276095391327,27.777447615956
28.5223914205637,28.4276914056455,28.4077437165986,28.3778151016153,28.6568190680113,28.666769865686,28.7513138236853,29.1482631431937,29.2769521827709,29.4450028531419,29.8246096664975,29.242320482823,29.0392503216033,29.1284509661644,29.3412382437518,29.8492127629486,29.972143232219,30.1391019363398,29.9033196129721,29.9426528277437,30.5064746746021,30.2862022835847,30.3694695173139,30.0802051118783,29.7113622521147,29.5387979325806,29.8098450842037,30.045833639664,29.785232903706,30.3498830491376,30.8872124957083,29.795078457589,29.9131542754777,29.5634671097716,29.6965819756635,30.2911021485288,29.8246096664975,29.7015089622882,29.4894424120718,30.0851144200226,30.197966343171,29.7655390681081,29.7064357210951,29.5979943542878,29.7015089622882,29.5782658717225,29.6177191814719,29.7704628680627,29.6226498173448,29.4746312891203,29.4943789947374,29.8688911556633,29.8688911556633,29.5684002590573,29.6571578775531,29.9819715575531,29.7015089622882,29.6029259036991,29.1680716196875,28.6418911132907,28.915235811822,29.7113622521147,30.1930622128441,31.0040919303753,29.4153661581674,29.0888155024772,29.1234973434636,29.3264064524046,29.2769521827709,29.2621114091025,29.3313506129726,29.2076774790804,29.0045408944048,28.8854507011395,29.009500080336,28.8655893020517,28.8755204676278,28.9648590453057,28.646867332668,28.646867332668,28.4924953392214,29.0888155024772,29.1779744708596,28.4875118350172,28.4077437165986,28.7463425217002,28.7214825035015,28.4077437165986,28.5821581795757,28.607051009488,29.2670585641821,29.4203061811547,29.2621114091025,29.4104259055781,29.6522288391912,29.785232903706,29.1977774003059,29.3016821965364,29.4301855384466,29.1928270144785,29.2670585641821,29.4252459745708,29.1977774003059,29.3956037698873,29.6325104041979,29.5782658717225,29.0987257577298,29.7212146309145,29.5289286601073,29.4696937897153,29.4203061811547,29.3362945434113,29.3956037698873,29.5239936805482,29.5141230346309,29.217576634222,28.6966166352573,29.0342925281775,29.0243762452778,29.1631198473796,29.1581678438823,28.9598977684891,28.7015902771012,29.0987257577298,29.2621114091025,29.4696937897153,29.370895615469,29.217576634222,29.2126271720896,29.0888155024772,29.1928270144785,29.1977774003059,29.1829255497865,29.0789043205857,29.0342925281775,29.0342925281775,29.23242363567,29.1631198473796,29.1383575173713,29.2373721746069,29.7113622521147,29.7507663035967,29.6423700780649,29.5190584720663,29.4943789947374,29.6177191814719,29.5190584720663,29.3956037698873,29.242320482823,29.0987257577298,29.3066275082174,29.4795685592941,29.4993153482952,29.8344515860316,29.671943624202,29.5141230346309,29.3214620616761,29.3214620616761,29.1086350865945,29.103680537945,29.0689922118039,29.0888155024772,29.227474865981,29.5091873682112,29.5190584720663,29.1779744708596,29.1631198473796,28.9747809016303,28.8159194843254,28.7761668270904,28.8457241736917,28.9251623196095,28.8357902104004,28.98470182842,28.9946218259274,29.0045408944048,29.0342925281775,28.9648590453057,28.9598977684891,28.9350878965987,28.7612557262559,28.6816943046293,28.6170064980665,28.7861063926706,28.7115368584326,28.7711966938393,28.8655893020517,28.7861063926706,28.8059827210337,28.8059827210337,28.930125224438,28.8755204676278,28.8904154684503,28.915235811822,28.8953800028402,28.9003443043406,29.0739483820717,28.9003443043406,28.930125224438,28.915235811822,28.8655893020517,28.8059827210337,28.8655893020517,28.8804857008759,28.9251623196095,28.9003443043406,28.915235811822,28.8308228788658,28.9003443043406,28.9648590453057,29.0144590341043,28.9350878965987,28.9896619433183,29.0045408944048,28.7761668270904,28.7711966938393,28.8357902104004,28.9102722087998,28.98470182842,29.0392503216033,28.9053083729833,28.9747809016303,29.0293345027462,29.1829255497865,28.930125224438,28.497478607949,28.5622396876777,28.2829850186196,28.2680040377398,28.277991595206,28.1180768014564,28.2130555239183,28.0230121922066,28.0180064083215,27.8627086137778,27.8426534379831,27.7523576505433,27.7724301033211,27.7724301033211,27.7824648884334
28.4127309928177,28.4725599092219,28.4276914056455,28.4875118350172,28.4027562043539,28.5074444391028,28.9053083729833,28.9896619433183,29.4450028531419,29.3906625985796,29.5684002590573,29.3956037698873,29.2769521827709,29.1383575173713,29.1383575173713,29.5930625764153,30.2126773856944,29.8393722052915,29.6374403552393,29.6472995727053,29.9623140023007,30.0212758178786,30.1292880515541,30.0310996239144,29.5684002590573,29.5338634107745,30.3743655749854,30.2420934053758,30.3841570192894,30.6139989617178,30.7116549637269,30.0654758344281,30.3253949273354,29.8492127629486,29.6768717503746,29.8295307397771,29.6916547611904,29.8196883661623,29.7655390681081,29.9623140023007,30.197966343171,29.844292597587,29.4351248728131,29.3362945434113,29.400544711469,29.3659532950663,29.3560679644938,30.1685381887201,29.6226498173448,29.6768717503746,29.7359914914735,29.6867273188382,29.7212146309145,29.6916547611904,29.8246096664975,30.3204966311333,29.6916547611904,29.5634671097716,29.3659532950663,28.6418911132907,29.019417755741,29.977057507944,30.7458136060084,29.9623140023007,29.4301855384466,29.4104259055781,29.23242363567,29.5733331796973,29.2720054887278,29.2225258655088,29.5437322255563,29.3461817140249,28.9747809016303,28.8953800028402,29.0045408944048,29.257164023458,29.019417755741,29.0144590341043,28.9648590453057,28.646867332668,28.5970945819598,29.1433104459398,28.8854507011395,28.6717449129776,28.497478607949,28.6219838903298,28.4875118350172,28.4725599092219,28.5821581795757,28.61202887113,29.2769521827709,29.6127883172604,29.2225258655088,29.2621114091025,29.5831983351633,29.8639718977337,29.3165174407562,29.3115725896136,29.4203061811547,29.3560679644938,29.6275802249099,29.7704628680627,29.7409166564112,29.667015270028,29.785232903706,29.400544711469,29.0987257577298,29.5141230346309,29.4104259055781,29.844292597587,29.4400639777012,29.3807795666623,29.5289286601073,30.1047493983729,29.9082370574946,29.6571578775531,29.5190584720663,29.1928270144785,29.1581678438823,29.1680716196875,29.1829255497865,29.0789043205857,29.3906625985796,29.5239936805482,29.6325104041979,29.3560679644938,29.2868448794737,29.2917908821956,29.4993153482952,29.3214620616761,29.1383575173713,29.2027275551628,29.1928270144785,29.0987257577298,29.0293345027462,29.0144590341043,29.0590791758805,29.1680716196875,29.2670585641821,29.3412382437518,29.3610107447515,29.7409166564112,29.5141230346309,29.3362945434113,29.3313506129726,29.4351248728131,29.3610107447515,29.3016821965364,29.2720054887278,29.2225258655088,29.4203061811547,29.5979943542878,29.5881305700507,29.7556907859056,29.844292597587,29.667015270028,29.3115725896136,29.1878763976491,29.0987257577298,28.8655893020517,28.8705550013636,29.0689922118039,29.1334043574566,29.1928270144785,29.3659532950663,29.5684002590573,29.1829255497865,28.9251623196095,28.9201991820813,28.6966166352573,28.7861063926706,28.9450125430426,29.0045408944048,28.9797414812012,29.1334043574566,29.4104259055781,29.2818986463425,29.0293345027462,29.0491652125642,28.9598977684891,28.9698200896756,28.8705550013636,28.8705550013636,28.7761668270904,28.7264549750173,28.7761668270904,28.8308228788658,28.6418911132907,28.6418911132907,28.6617945840412,28.8655893020517,28.9747809016303,28.9797414812012,29.0689922118039,28.9003443043406,28.8953800028402,29.0541223101622,29.1928270144785,29.0590791758805,28.9499745173891,29.1284509661644,28.9450125430426,29.0491652125642,28.940050336123,28.8705550013636,28.9102722087998,28.9598977684891,28.9648590453057,29.019417755741,29.0342925281775,29.0342925281775,29.0045408944048,29.009500080336,29.1284509661644,29.0045408944048,28.9747809016303,28.8904154684503,28.9549362591941,28.9251623196095,28.9549362591941,28.9450125430426,28.9698200896756,28.9251623196095,28.9698200896756,28.6816943046293,28.5721994035508,28.4725599092219,28.327915175609,28.3079485837934,28.228044327915,28.2380356778862,28.2480260793404,28.228044327915,28.063049878718,28.0330230443987,27.837639044803,27.8526815051994,27.8627086137778,27.812563481855,27.7824648884334
28.6916427592519,28.2480260793404,28.4775441200496,28.2729979349236,28.2729979349236,28.5024616412321,28.7711966938393,28.9201991820813,29.217576634222,29.4104259055781,29.2769521827709,29.55360012514,29.370895615469,29.2027275551628,29.2373721746069,29.5979943542878,29.8393722052915,30.0851144200226,29.8639718977337,29.6127883172604,29.5684002590573,30.0114511084659,30.3596767307832,30.0703858191111,30.0605656241719,29.6965819756635,29.775386440627,30.3547800018646,29.9967123499873,30.0556551883126,29.9475684607986,29.8246096664975,29.977057507944,29.9623140023007,29.6916547611904,29.5585337318094,29.5831983351633,29.5684002590573,29.6571578775531,29.6817996485765,29.9426528277437,29.9082370574946,29.8295307397771,29.8639718977337,29.6916547611904,29.1482631431937,29.2868448794737,29.4203061811547,29.2522164072173,29.4104259055781,29.6965819756635,29.7803097858312,29.7409166564112,29.8787289912069,29.7458415937754,30.3204966311333,29.6916547611904,29.7458415937754,29.6916547611904,29.1779744708596,29.385721197515,30.8628466329089,30.5846848369351,29.9819715575531,29.7064357210951,29.4894424120718,29.3066275082174,29.8492127629486,29.2076774790804,29.5782658717225,29.5782658717225,29.5733331796973,29.0045408944048,28.9648590453057,28.9995814762791,29.1631198473796,29.009500080336,29.019417755741,29.019417755741,28.6816943046293,28.6418911132907,28.915235811822,28.4326777380859,28.4077437165986,28.5672196631112,28.5572594772178,28.4775441200496,28.5970945819598,28.4476353203531,28.8059827210337,28.8208875158601,29.242320482823,29.1581678438823,29.1532156091641,29.449941499166,29.449941499166,29.3066275082174,29.2621114091025,29.3016821965364,29.5289286601073,29.7458415937754,29.7507663035967,29.7556907859056,30.0163635761093,29.795078457589,29.1234973434636,29.4054854233555,29.3066275082174,29.7901557942818,29.5289286601073,29.6078572246797,29.8196883661623,29.8541327014066,30.1047493983729,29.6965819756635,29.6275802249099,29.6078572246797,29.370895615469,29.4598181030883,29.5831983351633,29.4647560610483,29.4894424120718,29.2720054887278,29.6226498173448,29.3659532950663,29.370895615469,29.5289286601073,29.6177191814719,29.6325104041979,29.3412382437518,29.1086350865945,29.1086350865945,29.1482631431937,29.009500080336,29.173023160837,28.940050336123,29.0590791758805,29.1680716196875,29.242320482823,29.0541223101622,29.0689922118039,29.5831983351633,29.6177191814719,29.5239936805482,29.5239936805482,29.370895615469,29.3412382437518,29.2670585641821,29.227474865981,29.385721197515,29.6522288391912,29.7803097858312,29.9131542754777,29.9475684607986,29.8688911556633,29.9917989785445,29.5881305700507,29.3066275082174,29.2868448794737,29.1680716196875,29.0342925281775,29.0342925281775,29.0888155024772,29.1482631431937,29.2621114091025,29.6817996485765,29.3016821965364,29.1284509661644,29.0640358097506,28.7861063926706,28.9549362591941,29.009500080336,29.1928270144785,29.3906625985796,29.5733331796973,29.400544711469,29.2670585641821,29.2720054887278,29.3115725896136,29.1829255497865,29.2868448794737,29.1185434893225,28.8854507011395,28.9251623196095,28.8904154684503,28.8208875158601,28.6866686490532,28.6617945840412,28.61202887113,28.7562848918599,28.8556572041575,28.8755204676278,29.0491652125642,29.0590791758805,29.0590791758805,28.8705550013636,28.9797414812012,29.0640358097506,29.1532156091641,29.1631198473796,29.1383575173713,28.940050336123,29.044207883055,28.9797414812012,29.0342925281775,29.019417755741,28.9102722087998,29.044207883055,29.2769521827709,29.0392503216033,29.0590791758805,29.0392503216033,29.1928270144785,29.1928270144785,29.0789043205857,29.019417755741,28.9350878965987,28.8506908055119,28.9549362591941,28.9499745173891,28.940050336123,29.044207883055,28.9102722087998,28.8357902104004,28.6816943046293,28.5522790316995,28.4476353203531,28.4526207095317,28.4725599092219,28.2929711549704,28.347877982722,28.1980645842911,28.1530789428139,28.0380281127715,27.9729436137625,28.0079941248089,27.9078187463413,27.7924987130493,27.8175790741614,27.8727347639835
28.8854507011395,28.218052029166,28.4077437165986,28.1330791460061,28.2729979349236,28.5423174353593,28.61202887113,28.8606233696602,29.2818986463425,29.3906625985796,29.2769521827709,29.3610107447515,29.3659532950663,29.1631198473796,29.4696937897153,29.6127883172604,29.6078572246797,29.7113622521147,29.8885659198648,29.3807795666623,29.4746312891203,30.0703858191111,30.2077739295662,30.2028702487351,29.9180712669515,29.3362945434113,29.6029259036991,29.967228730348,29.4993153482952,29.4252459745708,29.8098450842037,30.1881578577246,30.0851144200226,29.967228730348,29.9524838675562,29.4943789947374,29.3610107447515,29.2769521827709,29.5733331796973,29.5141230346309,29.4598181030883,30.0703858191111,30.8092223035559,30.4966943947684,30.3596767307832,29.4054854233555,29.2373721746069,29.1631198473796,29.2522164072173,29.3313506129726,29.4795685592941,29.6817996485765,29.8246096664975,29.9524838675562,29.5486662897325,29.844292597587,29.4993153482952,29.6226498173448,29.6817996485765,29.3956037698873,29.3807795666623,30.2567983841477,30.5846848369351,30.0998409918593,29.4795685592941,29.3165174407562,29.1284509661644,29.844292597587,29.4795685592941,29.5782658717225,29.5782658717225,29.3066275082174,29.0789043205857,29.1581678438823,29.0342925281775,29.6127883172604,29.2126271720896,28.9896619433183,29.1284509661644,29.2818986463425,29.0045408944048,28.8059827210337,28.3977684560513,28.537336284473,28.7015902771012,28.6916427592519,28.6816943046293,28.7015902771012,28.6319379709646,28.6617945840412,28.6219838903298,28.6816943046293,28.8159194843254,28.9896619433183,29.2126271720896,29.2967366545395,29.4104259055781,29.1234973434636,29.242320482823,29.6423700780649,29.7359914914735,29.8246096664975,29.9917989785445,30.0065384149177,29.2818986463425,29.1433104459398,29.5782658717225,29.5239936805482,29.7310660989319,29.6078572246797,29.55360012514,29.7803097858312,29.8836475688813,29.8541327014066,29.6620866878218,29.8639718977337,29.7261404787557,29.6916547611904,29.8934840441875,30.1440085410342,29.8147668387412,29.8639718977337,29.6226498173448,29.370895615469,29.4252459745708,29.6177191814719,29.5437322255563,29.5979943542878,29.6275802249099,29.5289286601073,29.3264064524046,29.3412382437518,29.2917908821956,29.0342925281775,29.1086350865945,29.1680716196875,28.915235811822,28.8159194843254,29.0590791758805,29.0541223101622,29.1779744708596,29.4548799158045,29.6029259036991,29.7901557942818,29.6029259036991,29.3412382437518,29.1878763976491,29.1928270144785,29.370895615469,29.4696937897153,29.5930625764153,29.6029259036991,29.9131542754777,29.9524838675562,29.7507663035967,29.8492127629486,29.8098450842037,29.8639718977337,29.4598181030883,29.4993153482952,29.217576634222,29.0640358097506,29.1581678438823,29.257164023458,29.4400639777012,29.4894424120718,29.3066275082174,29.2522164072173,29.3115725896136,29.667015270028,29.8590524129916,29.385721197515,29.2917908821956,29.1878763976491,29.3906625985796,29.3807795666623,29.3165174407562,29.3412382437518,29.0937707459177,29.103680537945,28.9946218259274,29.0144590341043,29.0491652125642,28.8854507011395,28.8407573086651,28.7910758250633,28.7314272125631,28.7562848918599,28.5721994035508,28.8010139892131,28.7264549750173,28.8655893020517,28.9946218259274,28.8854507011395,28.98470182842,28.9499745173891,28.9102722087998,28.9995814762791,29.0243762452778,29.1779744708596,29.0590791758805,29.1581678438823,29.083860027377,29.1532156091641,29.0888155024772,28.915235811822,28.9102722087998,29.083860027377,29.1829255497865,29.0243762452778,29.019417755741,29.0888155024772,29.3264064524046,29.1878763976491,29.0640358097506,28.930125224438,28.9003443043406,28.8556572041575,28.8904154684503,28.8407573086651,28.9053083729833,28.8457241736917,28.8655893020517,28.6568190680113,28.4526207095317,28.4426496954073,28.3378970521235,28.2430309971616,28.4177180330437,28.2729979349236,28.1730749366739,28.1330791460061,28.218052029166,28.0330230443987,28.0330230443987,27.812563481855,27.8727347639835,27.812563481855,27.837639044803,27.6971385722891
29.9623140023007,28.8059827210337,28.607051009488,28.5074444391028,28.4077437165986,28.5871372152255,28.7413709858727,29.044207883055,29.55360012514,29.3956037698873,29.5634671097716,29.3956037698873,29.2670585641821,29.3560679644938,29.7064357210951,29.4746312891203,29.6029259036991,29.5930625764153,29.4696937897153,29.2027275551628,29.2472685603494,29.6374403552393,29.8344515860316,30.0409225268145,29.4252459745708,29.4351248728131,29.5782658717225,29.4301855384466,29.173023160837,29.4252459745708,30.3204966311333,31.0381578874506,30.2028702487351,30.3204966311333,30.8628466329089,30.0163635761093,29.385721197515,29.3412382437518,29.1829255497865,29.2769521827709,29.4203061811547,29.8984019418799,30.8823397644757,30.4966943947684,30.4966943947684,29.3659532950663,29.1135894037099,29.1779744708596,29.4746312891203,29.7409166564112,29.7458415937754,30.5406986345341,30.2469952894203,29.8836475688813,29.4351248728131,29.370895615469,29.2076774790804,29.4054854233555,29.370895615469,29.370895615469,29.1829255497865,30.6970122213627,30.4918039204427,29.5881305700507,29.4104259055781,29.7015089622882,29.5437322255563,30.5797983711788,29.6325104041979,30.0261878338035,29.9819715575531,28.9995814762791,29.0392503216033,29.2472685603494,29.5486662897325,29.5190584720663,29.3016821965364,29.173023160837,28.9995814762791,29.2868448794737,28.8953800028402,28.8059827210337,28.5522790316995,28.676719725948,28.8357902104004,28.6916427592519,28.607051009488,28.6170064980665,28.6866686490532,28.7463425217002,28.6568190680113,28.9698200896756,28.6916427592519,28.8258553140296,29.2076774790804,29.4894424120718,29.4548799158045,29.0045408944048,28.9053083729833,29.4598181030883,29.6177191814719,29.5289286601073,29.7803097858312,29.6177191814719,29.55360012514,29.3956037698873,29.5486662897325,29.4400639777012,29.5289286601073,29.4054854233555,29.5585337318094,29.7359914914735,29.8098450842037,29.5979943542878,29.4943789947374,29.4894424120718,29.6916547611904,29.4943789947374,29.5930625764153,29.9475684607986,29.844292597587,29.3362945434113,29.1532156091641,29.0293345027462,29.0491652125642,29.1086350865945,29.0541223101622,29.1631198473796,29.3511249542619,29.3511249542619,29.2967366545395,29.3758377059907,29.3807795666623,29.1532156091641,29.2126271720896,29.2373721746069,29.1532156091641,29.1086350865945,29.1680716196875,29.0491652125642,29.044207883055,29.4252459745708,29.5684002590573,29.785232903706,29.7606150407326,29.5289286601073,29.2670585641821,29.4696937897153,29.5338634107745,29.4054854233555,29.4943789947374,29.5979943542878,29.8836475688813,29.8541327014066,29.6078572246797,29.5831983351633,29.5684002590573,29.8639718977337,29.7507663035967,29.967228730348,29.671943624202,29.4400639777012,29.2720054887278,29.8590524129916,30.2322889637756,30.045833639664,29.7113622521147,29.9426528277437,30.0605656241719,29.6177191814719,29.4943789947374,29.3906625985796,29.1680716196875,29.1185434893225,29.3906625985796,29.5141230346309,29.400544711469,29.2225258655088,28.98470182842,29.0888155024772,29.1234973434636,28.9450125430426,29.0392503216033,28.7513138236853,28.8159194843254,28.7811367266903,28.7115368584326,28.7314272125631,28.7314272125631,28.7115368584326,28.6717449129776,28.8010139892131,28.8755204676278,28.8854507011395,28.9499745173891,28.98470182842,29.0987257577298,29.2027275551628,29.1433104459398,29.23242363567,29.1284509661644,29.217576634222,29.1878763976491,29.0640358097506,29.0888155024772,28.9995814762791,28.915235811822,29.0937707459177,28.9698200896756,28.98470182842,29.0243762452778,29.0590791758805,29.3461817140249,29.1878763976491,28.9450125430426,28.8208875158601,28.940050336123,28.8904154684503,28.8457241736917,28.7413709858727,28.9053083729833,28.8953800028402,28.8109512193939,28.537336284473,28.3877922511433,28.372826172538,28.2480260793404,28.3528680933838,28.2630099036222,28.3628476055947,28.2080587813783,28.1330791460061,28.1180768014564,28.0280177375547,28.0380281127715,27.9328715542163,27.8677218086608,27.8075476496238,27.8225944265762,27.8426534379831
29.7064357210951,29.370895615469,28.6816943046293,28.5273732771074,28.5622396876777,28.6717449129776,28.646867332668,29.0491652125642,29.8934840441875,30.1881578577246,29.7310660989319,29.4746312891203,29.3758377059907,29.2076774790804,29.242320482823,29.2472685603494,29.5782658717225,29.6374403552393,29.2621114091025,28.9995814762791,29.3610107447515,29.6226498173448,29.8246096664975,29.6127883172604,29.4400639777012,29.3264064524046,29.4203061811547,28.9698200896756,28.9549362591941,29.3264064524046,29.977057507944,30.9067012148745,30.40863171704,30.40863171704,30.7067742712998,30.0409225268145,29.4795685592941,29.173023160837,29.173023160837,29.0392503216033,29.4548799158045,30.3449858725725,30.5358101656873,30.001625495435,29.8688911556633,29.2126271720896,29.173023160837,29.2522164072173,29.7655390681081,30.2567983841477,30.2469952894203,30.4966943947684,30.4771311594754,29.977057507944,29.3560679644938,29.4252459745708,29.2917908821956,29.1829255497865,29.4894424120718,29.1779744708596,30.0752955782511,29.8098450842037,29.5979943542878,29.3264064524046,29.400544711469,29.7261404787557,30.0654758344281,30.6970122213627,29.6916547611904,30.2469952894203,30.1292880515541,29.3412382437518,29.173023160837,29.0541223101622,29.2670585641821,29.4252459745708,29.3016821965364,29.242320482823,29.449941499166,29.3214620616761,28.9201991820813,28.7711966938393,28.6866686490532,29.4647560610483,28.8208875158601,28.676719725948,28.5821581795757,28.4875118350172,28.6866686490532,28.607051009488,28.5921160160095,28.5821581795757,28.6568190680113,28.8258553140296,29.55360012514,29.8541327014066,29.5684002590573,29.019417755741,28.8904154684503,28.9053083729833,29.4450028531419,29.7556907859056,29.8541327014066,29.5239936805482,29.5585337318094,29.5684002590573,29.5289286601073,29.4054854233555,29.4598181030883,29.1135894037099,29.4647560610483,29.671943624202,29.671943624202,29.4153661581674,29.4943789947374,29.6029259036991,29.3560679644938,29.4993153482952,29.5634671097716,29.4746312891203,29.4993153482952,29.6127883172604,29.5190584720663,29.0392503216033,29.1234973434636,29.0789043205857,29.044207883055,29.3313506129726,29.2621114091025,29.242320482823,29.0888155024772,29.1977774003059,29.2126271720896,29.1334043574566,29.0888155024772,29.0293345027462,29.1284509661644,29.0293345027462,29.1977774003059,29.2868448794737,29.3066275082174,29.1532156091641,29.3461817140249,29.5733331796973,29.5733331796973,29.5585337318094,29.4203061811547,29.4795685592941,29.7113622521147,29.6177191814719,29.4400639777012,29.4450028531419,29.6275802249099,29.5437322255563,29.5881305700507,29.4647560610483,29.5979943542878,29.8196883661623,29.8590524129916,29.9573990480468,29.8738101868109,29.6867273188382,29.667015270028,30.0360111882413,29.9377369683613,29.8000008936581,29.5437322255563,29.2868448794737,29.1779744708596,29.1779744708596,28.9995814762791,29.009500080336,29.1284509661644,29.1185434893225,29.2967366545395,29.5338634107745,29.3165174407562,29.3214620616761,29.1383575173713,29.2720054887278,29.1680716196875,28.9896619433183,28.9102722087998,28.7910758250633,28.8308228788658,28.8705550013636,28.8556572041575,28.7513138236853,28.8159194843254,28.676719725948,28.6717449129776,28.7811367266903,28.8755204676278,28.9698200896756,29.0689922118039,29.2720054887278,29.227474865981,29.3362945434113,29.3560679644938,29.3115725896136,29.1928270144785,29.1878763976491,29.1532156091641,28.9946218259274,29.0144590341043,28.9698200896756,29.1433104459398,29.1135894037099,29.1086350865945,29.0392503216033,28.98470182842,29.0392503216033,29.1234973434636,29.1433104459398,28.98470182842,28.8208875158601,28.7861063926706,28.930125224438,28.8953800028402,28.8904154684503,28.8854507011395,28.8357902104004,28.8059827210337,28.5522790316995,28.332906232122,28.3378970521235,28.1880694376433,28.2929711549704,28.3179323529188,28.3528680933838,28.1880694376433,28.2030618015135,28.1180768014564,27.9979808867536,27.9428910032239,27.9328715542163,27.9979808867536,27.8225944265762,27.8326244118639,27.7975152652541
29.8246096664975,29.4993153482952,28.5821581795757,28.5721994035508,28.5672196631112,28.4725599092219,28.61202887113,29.4746312891203,30.4722397930578,30.2960017892775,29.3906625985796,29.7458415937754,29.1334043574566,29.0789043205857,29.0987257577298,29.0739483820717,29.3906625985796,29.8147668387412,29.1482631431937,28.8208875158601,29.5042514727762,29.977057507944,30.1783484729875,29.927904570493,29.4400639777012,29.1878763976491,29.0640358097506,28.8407573086651,28.8457241736917,28.9747809016303,29.4054854233555,29.967228730348,29.9229880319466,30.1930622128441,30.5846848369351,30.2273864061603,29.3807795666623,29.1581678438823,29.1581678438823,29.173023160837,29.5387979325806,30.3449858725725,31.3588232834475,29.8344515860316,29.4203061811547,28.8854507011395,29.1581678438823,29.3115725896136,30.1832532777823,30.8336003124521,31.0770772279264,31.2811736565213,31.0868048676973,30.5455868806973,29.5684002590573,29.5289286601073,29.4598181030883,29.5881305700507,29.4845056002677,28.9995814762791,30.2911021485288,29.6571578775531,29.3214620616761,29.1433104459398,29.4153661581674,29.3313506129726,29.8049231025195,30.7945928455984,30.1047493983729,30.2420934053758,29.9868853810766,29.8000008936581,29.4845056002677,29.1878763976491,29.4400639777012,29.2522164072173,29.5387979325806,29.6374403552393,29.8738101868109,29.6127883172604,29.3016821965364,28.8804857008759,28.8655893020517,29.4696937897153,28.7065636848157,28.5821581795757,28.5721994035508,28.5871372152255,28.5970945819598,28.607051009488,28.4276914056455,28.5721994035508,28.7214825035015,29.3165174407562,29.5782658717225,29.6325104041979,29.9082370574946,29.3016821965364,28.7264549750173,28.9251623196095,29.6571578775531,29.9131542754777,29.967228730348,29.8098450842037,29.9082370574946,29.8246096664975,29.5239936805482,29.1928270144785,29.1581678438823,29.0739483820717,29.6275802249099,29.7409166564112,29.5979943542878,29.4795685592941,29.7359914914735,29.5782658717225,29.3511249542619,29.2027275551628,29.0590791758805,29.1928270144785,29.2126271720896,29.2472685603494,29.217576634222,29.23242363567,29.370895615469,29.5979943542878,29.667015270028,29.3362945434113,29.2917908821956,29.1631198473796,29.1581678438823,29.1135894037099,29.0144590341043,29.0045408944048,29.0392503216033,29.0590791758805,29.0689922118039,29.083860027377,29.1680716196875,29.173023160837,29.1779744708596,29.3115725896136,29.2472685603494,29.2522164072173,29.4351248728131,29.5782658717225,29.5634671097716,29.449941499166,29.5782658717225,29.4252459745708,29.4054854233555,29.385721197515,29.4054854233555,29.4598181030883,29.3610107447515,29.4647560610483,29.5733331796973,29.5634671097716,29.4894424120718,29.8787289912069,30.001625495435,30.1734434433101,30.0310996239144,30.0409225268145,30.2224836239616,30.5211434227513,30.0802051118783,29.5634671097716,29.370895615469,29.1878763976491,28.9747809016303,28.98470182842,29.1383575173713,29.103680537945,29.2917908821956,29.4054854233555,29.4054854233555,29.2917908821956,29.1581678438823,29.1086350865945,29.2670585641821,29.1383575173713,28.8407573086651,28.8606233696602,28.7811367266903,28.7363992161709,28.8010139892131,28.8357902104004,28.8308228788658,28.7562848918599,28.5572594772178,28.6518433175642,28.7811367266903,28.8606233696602,29.0987257577298,29.227474865981,29.1928270144785,29.3461817140249,29.2818986463425,29.1928270144785,29.1878763976491,29.1829255497865,29.044207883055,28.9003443043406,29.0937707459177,29.173023160837,29.1185434893225,29.0640358097506,29.0689922118039,28.8059827210337,28.8159194843254,28.7214825035015,28.9747809016303,29.1482631431937,29.019417755741,28.8556572041575,28.8109512193939,28.7761668270904,28.7861063926706,28.8804857008759,28.8705550013636,28.8506908055119,28.8159194843254,28.5074444391028,28.3578579676639,28.3528680933838,28.2829850186196,28.1780733411736,28.1580782977234,28.2330401214815,28.1380794518489,28.1430795199092,28.048037534235,27.982959239327,27.9178405871461,27.9028074670123,27.7523576505433,27.8075476496238,27.7874819207868,27.8075476496238
30.1440085410342,30.4135259860258,28.915235811822,28.61202887113,28.4077437165986,28.5622396876777,28.61202887113,29.7606150407326,30.109657579554,29.5338634107745,29.0689922118039,29.4252459745708,28.9549362591941,28.9648590453057,28.8556572041575,29.2670585641821,29.173023160837,29.242320482823,29.2621114091025,29.3066275082174,29.2522164072173,30.2911021485288,30.7311755171756,30.1832532777823,29.1829255497865,29.1928270144785,28.7463425217002,28.7264549750173,28.8010139892131,28.8357902104004,29.1779744708596,29.5979943542878,29.7359914914735,30.4184200315594,30.7067742712998,30.2273864061603,29.2720054887278,29.1779744708596,28.9102722087998,29.217576634222,29.8344515860316,29.9967123499873,30.3596767307832,29.4351248728131,28.8010139892131,28.7960450239002,28.8705550013636,29.1829255497865,29.9377369683613,30.6774854603372,31.2908829133011,31.2714635266525,31.8090614246808,30.7848387678825,29.7310660989319,29.7261404787557,29.4450028531419,29.2818986463425,29.242320482823,29.1878763976491,30.1440085410342,29.1433104459398,29.1680716196875,29.1482631431937,29.2818986463425,29.227474865981,30.0360111882413,30.1391019363398,29.7162885553777,30.251896949001,30.1292880515541,29.7655390681081,29.4845056002677,29.0689922118039,29.0739483820717,29.2373721746069,29.5338634107745,29.9917989785445,29.6029259036991,29.4795685592941,29.1928270144785,29.044207883055,28.8705550013636,29.019417755741,28.6966166352573,28.4924953392214,28.5174093287365,28.7115368584326,28.7015902771012,28.5970945819598,28.4127309928177,28.5472983510907,28.8804857008759,29.1234973434636,29.4943789947374,29.4746312891203,29.8984019418799,29.8590524129916,29.242320482823,29.6078572246797,29.8934840441875,29.9328208826212,29.8098450842037,29.9082370574946,29.9131542754777,30.0114511084659,29.5190584720663,29.2720054887278,29.2720054887278,29.4252459745708,29.5091873682112,29.4351248728131,29.3807795666623,29.4400639777012,29.3560679644938,29.217576634222,29.0888155024772,29.0739483820717,29.044207883055,28.9648590453057,28.8407573086651,28.9995814762791,28.9648590453057,29.1977774003059,29.1878763976491,29.4301855384466,29.4252459745708,29.5338634107745,29.5338634107745,29.3560679644938,29.257164023458,29.1185434893225,28.9648590453057,28.8506908055119,29.009500080336,29.1185434893225,29.0590791758805,29.0293345027462,29.0789043205857,29.0342925281775,29.0045408944048,29.2522164072173,29.3313506129726,29.4351248728131,29.6078572246797,29.5782658717225,29.5733331796973,29.6965819756635,29.7064357210951,29.4104259055781,29.2670585641821,29.1631198473796,29.4252459745708,29.5585337318094,29.7409166564112,29.5634671097716,29.5338634107745,29.4943789947374,29.6867273188382,29.7113622521147,29.8295307397771,29.6374403552393,29.6275802249099,29.4351248728131,29.4351248728131,29.9328208826212,29.5585337318094,29.3115725896136,29.173023160837,28.98470182842,28.9896619433183,28.8407573086651,28.9648590453057,28.98470182842,29.1581678438823,29.2769521827709,29.2769521827709,29.3115725896136,29.0987257577298,29.1383575173713,29.1284509661644,28.9450125430426,28.8854507011395,28.8854507011395,28.7960450239002,28.8407573086651,28.8407573086651,28.8208875158601,29.0243762452778,28.646867332668,28.646867332668,28.4426496954073,28.7015902771012,28.7960450239002,28.9747809016303,29.1284509661644,29.1383575173713,29.2967366545395,29.2225258655088,29.2126271720896,29.1779744708596,29.257164023458,29.2522164072173,29.0937707459177,28.9995814762791,29.1086350865945,29.0937707459177,29.0888155024772,28.9797414812012,28.7214825035015,28.7960450239002,28.9946218259274,29.0689922118039,29.3511249542619,29.3659532950663,29.0243762452778,28.9102722087998,28.7761668270904,28.6816943046293,28.7513138236853,28.7214825035015,28.8457241736917,28.6966166352573,28.5124270015936,28.3927804716586,28.3179323529188,28.277991595206,28.1880694376433,28.1280786023483,28.1880694376433,28.1180768014564,28.1680762946208,28.0029876251156,27.9729436137625,27.9579183838364,27.8877721929225,27.8526815051994,27.7924987130493,27.7824648884334,27.6971385722891
30.1440085410342,30.4135259860258,29.2769521827709,28.6866686490532,28.5622396876777,28.6319379709646,28.9747809016303,29.7655390681081,30.0212758178786,29.3610107447515,29.0987257577298,29.257164023458,29.1334043574566,29.1631198473796,29.0888155024772,29.1829255497865,29.2720054887278,29.370895615469,29.8787289912069,30.3547800018646,29.5979943542878,29.8492127629486,29.972143232219,29.3807795666623,28.9102722087998,28.8804857008759,28.7115368584326,28.5871372152255,28.7065636848157,28.6866686490532,28.930125224438,29.4548799158045,30.2273864061603,30.4673482035432,30.4722397930578,29.7704628680627,29.3956037698873,29.173023160837,28.9251623196095,29.1829255497865,29.9573990480468,29.5387979325806,29.4351248728131,28.9003443043406,28.7910758250633,28.7761668270904,29.009500080336,30.0114511084659,30.8628466329089,30.6774854603372,30.9943568210254,31.0186929451471,31.5381746720332,31.1305683887244,30.8920850063356,30.1194732660389,29.1779744708596,29.0640358097506,29.5042514727762,29.3264064524046,30.2911021485288,29.1234973434636,28.8804857008759,29.4252459745708,29.4153661581674,29.3956037698873,30.251896949001,29.8000008936581,30.0360111882413,30.5113644801692,30.0752955782511,29.5930625764153,29.4252459745708,28.8407573086651,29.0789043205857,29.0888155024772,29.242320482823,29.5141230346309,29.0739483820717,28.9946218259274,28.8755204676278,28.8854507011395,29.0987257577298,28.7214825035015,28.6966166352573,28.6219838903298,28.607051009488,28.7214825035015,28.6269610479519,28.5472983510907,28.2879782051969,28.6020729131087,28.8159194843254,28.9251623196095,29.4943789947374,29.6127883172604,29.7261404787557,30.0065384149177,29.7655390681081,29.7507663035967,30.0310996239144,30.2077739295662,29.8984019418799,29.8295307397771,29.8393722052915,29.8049231025195,29.7458415937754,29.5979943542878,29.8049231025195,29.5338634107745,29.6226498173448,29.2126271720896,29.1829255497865,28.9499745173891,28.8655893020517,28.666769865686,28.7214825035015,28.6717449129776,28.6866686490532,28.6568190680113,28.7015902771012,28.8159194843254,28.9648590453057,28.98470182842,28.9648590453057,29.3461817140249,29.400544711469,29.1631198473796,29.4351248728131,29.4450028531419,29.4301855384466,29.2769521827709,29.1779744708596,29.173023160837,29.0789043205857,29.0888155024772,29.1234973434636,29.0491652125642,29.0640358097506,29.0541223101622,29.044207883055,29.0987257577298,29.0937707459177,29.3264064524046,29.55360012514,29.3461817140249,29.5387979325806,29.6325104041979,29.7113622521147,29.5289286601073,29.2670585641821,29.2818986463425,29.4351248728131,29.7507663035967,29.9328208826212,29.7704628680627,29.5831983351633,29.6078572246797,29.5239936805482,29.5733331796973,29.775386440627,29.6275802249099,29.4252459745708,29.217576634222,29.3610107447515,29.6275802249099,29.5338634107745,29.400544711469,29.173023160837,29.103680537945,28.98470182842,28.8457241736917,28.7363992161709,28.8059827210337,28.98470182842,29.0987257577298,29.083860027377,29.2720054887278,29.1829255497865,29.0987257577298,29.1680716196875,29.1631198473796,29.1482631431937,28.8804857008759,28.8506908055119,28.930125224438,29.0541223101622,28.940050336123,28.7264549750173,28.7562848918599,28.4875118350172,28.6369146594003,28.8010139892131,28.9995814762791,29.0789043205857,29.2027275551628,29.2522164072173,29.3313506129726,29.2818986463425,29.1977774003059,29.1977774003059,29.2769521827709,29.1878763976491,29.1779744708596,29.2720054887278,29.2076774790804,29.1334043574566,29.1086350865945,29.083860027377,28.7910758250633,28.7314272125631,28.9053083729833,29.1482631431937,29.4993153482952,29.4746312891203,29.1234973434636,28.930125224438,28.6816943046293,28.676719725948,28.7413709858727,28.5970945819598,28.6966166352573,28.6319379709646,28.482528095304,28.3828037944729,28.3378970521235,28.1830715081525,28.2680040377398,28.3079485837934,28.1280786023483,28.0980703444506,28.0880656878123,28.0180064083215,27.9779515459613,27.982959239327,27.7824648884334,27.7523576505433,27.7373007876777,27.8326244118639,27.8326244118639
29.8344515860316,29.7359914914735,29.1383575173713,28.8208875158601,28.8506908055119,28.9698200896756,29.385721197515,29.4943789947374,29.4746312891203,29.103680537945,29.083860027377,29.3758377059907,29.4598181030883,29.385721197515,29.6817996485765,29.4104259055781,29.6029259036991,29.5338634107745,29.5979943542878,29.4252459745708,29.2769521827709,29.1185434893225,29.0144590341043,28.8258553140296,28.6717449129776,28.7214825035015,28.5970945819598,28.9053083729833,28.7314272125631,28.6617945840412,29.1829255497865,29.7113622521147,30.1930622128441,30.4135259860258,29.9524838675562,29.4203061811547,29.400544711469,29.3956037698873,29.3313506129726,30.1047493983729,31.4267209616415,29.6817996485765,29.1334043574566,28.7662263269051,28.6418911132907,28.9896619433183,29.3560679644938,30.4037372245722,31.286028394033,31.286028394033,30.9700151977068,31.1354299059856,31.8477043278707,32.1756149567466,31.392777454158,30.1783484729875,29.0689922118039,29.0541223101622,30.05074452682,30.4477796139247,30.05074452682,29.1086350865945,29.019417755741,29.0392503216033,29.7212146309145,29.9426528277437,30.4624563909023,30.251896949001,30.0851144200226,29.5091873682112,30.4379939797648,29.7606150407326,29.8147668387412,29.385721197515,28.9598977684891,29.083860027377,29.1234973434636,28.8854507011395,28.8308228788658,29.0640358097506,28.7811367266903,28.8904154684503,29.3412382437518,28.7861063926706,28.7214825035015,28.7463425217002,28.7363992161709,28.7463425217002,28.6369146594003,28.7811367266903,28.646867332668,28.5423174353593,28.5771789090283,28.9102722087998,29.7458415937754,29.5733331796973,29.400544711469,29.4795685592941,29.5486662897325,29.8344515860316,29.795078457589,29.8639718977337,29.7212146309145,29.7803097858312,29.8098450842037,29.9082370574946,29.844292597587,29.9131542754777,29.7704628680627,29.3313506129726,29.0243762452778,29.2967366545395,28.9549362591941,28.7314272125631,28.6269610479519,28.8457241736917,28.5871372152255,28.5771789090283,28.6269610479519,28.7165097979839,29.2670585641821,28.9698200896756,28.8208875158601,28.8506908055119,28.8655893020517,29.1680716196875,29.3461817140249,29.5338634107745,29.5289286601073,29.4400639777012,29.2522164072173,29.0491652125642,29.173023160837,29.2670585641821,29.1581678438823,29.0491652125642,29.2126271720896,29.2621114091025,29.1086350865945,29.1185434893225,28.9102722087998,29.0590791758805,29.0937707459177,29.3461817140249,29.2027275551628,29.3956037698873,29.4153661581674,29.4054854233555,29.4894424120718,29.6177191814719,29.5239936805482,29.4351248728131,29.4054854233555,29.4400639777012,29.7162885553777,29.5782658717225,29.4400639777012,29.4746312891203,29.5634671097716,29.400544711469,29.667015270028,29.2818986463425,29.1482631431937,29.1829255497865,29.3066275082174,29.3758377059907,29.400544711469,29.5239936805482,29.4252459745708,29.1284509661644,29.0590791758805,29.0392503216033,28.9003443043406,28.8953800028402,28.7662263269051,28.9102722087998,29.173023160837,29.1779744708596,29.2670585641821,29.0739483820717,29.1135894037099,29.227474865981,29.3214620616761,29.1581678438823,29.044207883055,28.940050336123,28.9549362591941,28.8457241736917,28.646867332668,28.5821581795757,28.4276914056455,28.5970945819598,28.8059827210337,29.019417755741,29.1383575173713,29.1284509661644,29.1779744708596,29.3016821965364,29.2720054887278,29.2472685603494,29.1829255497865,29.1977774003059,29.2967366545395,29.1779744708596,29.0987257577298,29.2769521827709,29.103680537945,29.0888155024772,29.0144590341043,28.7811367266903,28.7861063926706,28.8258553140296,29.1284509661644,29.4943789947374,29.6522288391912,29.2818986463425,28.9995814762791,28.9995814762791,28.6966166352573,28.5721994035508,28.5771789090283,28.5871372152255,28.4875118350172,28.4576058629756,28.3079485837934,28.2030618015135,28.2030618015135,28.3528680933838,28.2080587813783,28.2480260793404,28.0280177375547,28.0029876251156,27.9979808867536,27.982959239327,27.8777474797793,27.8025315774346,27.8677218086608,27.8526815051994,27.7874819207868,27.6469141389248
30.0409225268145,30.1538210751758,29.5585337318094,29.1284509661644,29.23242363567,29.5338634107745,29.7704628680627,30.5944571012223,30.4233138536706,29.0987257577298,29.4647560610483,30.1783484729875,30.109657579554,29.8344515860316,30.0851144200226,29.927904570493,29.9524838675562,29.7606150407326,29.5684002590573,29.1135894037099,28.9549362591941,28.7463425217002,28.646867332668,28.8109512193939,28.6269610479519,28.6866686490532,28.9102722087998,28.7413709858727,28.9003443043406,29.1779744708596,29.6571578775531,29.2917908821956,29.8738101868109,30.0556551883126,29.9229880319466,29.2126271720896,29.4598181030883,29.4450028531419,29.6768717503746,30.1047493983729,30.7848387678825,30.0261878338035,28.9499745173891,28.7612557262559,28.7662263269051,29.1433104459398,29.3264064524046,30.5455868806973,31.0527542871446,30.9310571530394,30.7799613972138,31.2666081342383,32.093730012076,32.1515375481834,30.9407979856924,29.4153661581674,28.7363992161709,29.044207883055,30.1292880515541,31.2277571316367,29.4153661581674,29.0392503216033,29.0987257577298,29.7507663035967,29.977057507944,30.1391019363398,30.4673482035432,29.8196883661623,29.7310660989319,29.5782658717225,30.0752955782511,30.2616995948902,29.9180712669515,29.8196883661623,29.083860027377,29.0541223101622,29.1334043574566,28.9201991820813,28.7214825035015,29.0491652125642,28.8159194843254,29.0045408944048,29.2126271720896,28.98470182842,28.7165097979839,28.8755204676278,29.0689922118039,29.0739483820717,28.7065636848157,28.8059827210337,28.8010139892131,28.8109512193939,28.61202887113,28.8059827210337,29.7409166564112,29.7507663035967,29.5338634107745,29.3758377059907,29.5782658717225,29.7458415937754,29.7261404787557,29.5831983351633,29.4993153482952,29.8836475688813,29.8934840441875,29.8590524129916,29.8196883661623,30.1881578577246,29.5042514727762,29.2472685603494,29.0144590341043,29.1878763976491,28.8606233696602,28.7363992161709,28.6219838903298,28.7314272125631,28.6219838903298,28.6020729131087,28.5721994035508,28.8208875158601,29.5684002590573,29.5091873682112,29.0888155024772,28.9598977684891,28.9797414812012,28.8506908055119,29.1631198473796,29.5387979325806,29.5338634107745,29.1928270144785,29.1086350865945,29.1086350865945,29.257164023458,29.0590791758805,29.0392503216033,29.3066275082174,29.2967366545395,29.1185434893225,29.1779744708596,29.1334043574566,28.9598977684891,28.9102722087998,29.0987257577298,29.3066275082174,29.2967366545395,29.5782658717225,29.6965819756635,29.5042514727762,29.3956037698873,29.7803097858312,29.4054854233555,29.4746312891203,29.4301855384466,29.55360012514,29.6127883172604,29.7704628680627,29.7359914914735,29.6127883172604,29.5585337318094,29.5634671097716,29.7606150407326,29.4845056002677,29.1334043574566,29.083860027377,29.1581678438823,29.385721197515,29.6177191814719,29.5585337318094,29.4894424120718,29.1680716196875,29.173023160837,29.0541223101622,29.0045408944048,29.0243762452778,28.8457241736917,28.915235811822,29.0789043205857,29.1135894037099,29.0937707459177,29.0987257577298,29.0987257577298,29.0937707459177,29.2917908821956,29.3165174407562,29.3115725896136,29.3264064524046,29.173023160837,28.8705550013636,28.7562848918599,28.646867332668,28.7363992161709,28.7513138236853,28.9251623196095,29.1532156091641,29.1334043574566,29.3066275082174,29.4203061811547,29.257164023458,29.257164023458,29.1928270144785,29.2868448794737,29.2818986463425,29.2818986463425,29.2868448794737,29.1779744708596,29.0937707459177,29.1482631431937,29.083860027377,28.9549362591941,28.7662263269051,28.7662263269051,28.7711966938393,29.1977774003059,29.4351248728131,29.4845056002677,29.4351248728131,29.217576634222,29.1234973434636,28.8606233696602,28.607051009488,28.5622396876777,28.5572594772178,28.4526207095317,28.4675754627885,28.3528680933838,28.3229238825521,28.1630774149815,28.2729979349236,28.218052029166,28.228044327915,28.0780600787342,28.1880694376433,27.9879666938923,27.9529094959747,27.8677218086608,27.8827599560813,27.9428910032239,27.8576951793018,27.7322813525865,27.7724301033211
30.1685381887201,30.1930622128441,30.2420934053758,29.083860027377,29.0739483820717,29.4894424120718,30.0998409918593,30.6042284760713,30.5358101656873,29.4993153482952,30.3106993666494,30.9213154390094,30.7653279576147,30.3204966311333,30.0998409918593,29.9033196129721,29.7458415937754,29.7458415937754,29.3214620616761,28.9896619433183,28.940050336123,28.4924953392214,28.3778151016153,28.607051009488,28.5522790316995,28.676719725948,28.5970945819598,28.7513138236853,28.7513138236853,29.0640358097506,29.4795685592941,29.103680537945,29.4351248728131,30.0556551883126,29.8738101868109,29.6029259036991,29.4301855384466,29.3956037698873,29.385721197515,29.6522288391912,30.197966343171,30.6823674833107,29.3016821965364,28.6319379709646,28.7662263269051,29.1383575173713,29.3214620616761,30.5455868806973,30.9748839624798,30.5455868806973,30.8969572963862,31.4121750492246,32.093730012076,32.4353122334357,31.6156400361194,30.3253949273354,28.8854507011395,29.7606150407326,30.3449858725725,30.6384212871151,29.173023160837,28.8904154684503,29.5486662897325,29.4696937897153,29.6916547611904,29.671943624202,30.2077739295662,29.6078572246797,29.6620866878218,29.5979943542878,30.0310996239144,30.4037372245722,30.1391019363398,30.0998409918593,29.3659532950663,29.0342925281775,29.0243762452778,29.0590791758805,28.915235811822,28.8854507011395,28.8457241736917,29.2225258655088,29.0640358097506,28.9946218259274,29.044207883055,28.8755204676278,29.1680716196875,29.0789043205857,28.7015902771012,28.8010139892131,28.8059827210337,28.6418911132907,28.5423174353593,28.7363992161709,29.103680537945,29.1135894037099,29.0937707459177,29.3758377059907,29.5585337318094,29.7113622521147,29.5634671097716,29.7162885553777,29.9524838675562,29.9377369683613,29.7212146309145,29.927904570493,29.9819715575531,29.8393722052915,29.5930625764153,29.2967366545395,28.7910758250633,29.009500080336,29.0491652125642,28.7115368584326,28.7214825035015,28.7612557262559,28.9797414812012,28.8606233696602,28.5821581795757,28.7662263269051,29.1928270144785,29.6325104041979,29.3511249542619,29.0987257577298,29.083860027377,29.0243762452778,29.6078572246797,29.4400639777012,29.3066275082174,29.0243762452778,29.1234973434636,29.2720054887278,29.2621114091025,29.1977774003059,29.3016821965364,29.2818986463425,29.217576634222,29.1581678438823,29.2472685603494,29.0243762452778,28.9251623196095,28.9053083729833,29.217576634222,29.2868448794737,29.4746312891203,29.3906625985796,29.6965819756635,29.4746312891203,29.370895615469,29.3214620616761,29.4054854233555,29.3412382437518,29.3412382437518,29.4104259055781,29.4252459745708,29.5979943542878,29.775386440627,29.775386440627,29.7015089622882,29.6423700780649,29.5831983351633,29.5437322255563,29.3115725896136,29.1383575173713,29.0144590341043,29.1482631431937,29.3016821965364,29.3066275082174,29.2670585641821,29.0689922118039,29.0640358097506,29.1631198473796,28.9450125430426,29.1482631431937,28.8506908055119,28.7015902771012,28.9450125430426,28.9499745173891,28.930125224438,29.2225258655088,29.5239936805482,29.4301855384466,29.4301855384466,29.1829255497865,29.4351248728131,29.4943789947374,29.1829255497865,28.9251623196095,28.8506908055119,28.7413709858727,28.915235811822,29.0987257577298,29.1482631431937,29.0243762452778,29.1185434893225,29.2967366545395,29.3412382437518,29.3165174407562,29.3313506129726,29.3362945434113,29.3313506129726,29.1829255497865,29.1334043574566,29.1234973434636,29.2472685603494,29.1135894037099,29.1086350865945,29.1185434893225,28.9499745173891,28.7562848918599,28.7463425217002,28.7761668270904,28.940050336123,29.3165174407562,29.3066275082174,29.3313506129726,29.1234973434636,29.1135894037099,29.1086350865945,28.7513138236853,28.5672196631112,28.5423174353593,28.3927804716586,28.2729979349236,28.327915175609,28.2929711549704,28.2729979349236,28.223048297154,28.2480260793404,28.253020924455,28.0780600787342,28.0029876251156,27.9879666938923,28.0280177375547,27.8526815051994,27.8326244118639,27.7674123504958,27.7824648884334,27.7975152652541,27.6720293663216
29.671943624202,29.4598181030883,29.1878763976491,29.1928270144785,29.1829255497865,29.449941499166,30.045833639664,30.2420934053758,29.8639718977337,30.2469952894203,30.4477796139247,31.43156916424,31.7800702099303,30.6091138300302,30.0261878338035,30.0261878338035,29.8344515860316,29.8885659198648,29.7015089622882,29.400544711469,28.98470182842,28.61202887113,28.4177180330437,28.4177180330437,28.5771789090283,28.6568190680113,28.8258553140296,28.930125224438,28.8457241736917,29.1086350865945,29.3165174407562,29.2967366545395,29.8738101868109,29.7113622521147,29.9377369683613,30.364573235923,29.5881305700507,29.0342925281775,29.2472685603494,29.4548799158045,30.2126773856944,31.169454392732,29.8984019418799,29.1433104459398,29.3610107447515,29.4104259055781,29.3264064524046,30.5602502833811,31.286028394033,31.0965316297901,31.0819411575361,31.4267209616415,31.8573629034046,32.5169408729108,32.271871353336,31.4267209616415,30.6823674833107,30.0703858191111,30.3106993666494,30.5993428998119,29.4993153482952,29.3461817140249,29.4301855384466,29.0293345027462,29.2818986463425,29.4746312891203,29.9524838675562,29.5042514727762,29.8984019418799,29.4301855384466,29.7704628680627,30.0802051118783,30.0851144200226,29.8000008936581,30.1145655354327,30.0556551883126,29.8984019418799,29.2373721746069,29.009500080336,28.8308228788658,28.9499745173891,29.4203061811547,29.3214620616761,29.671943624202,29.4746312891203,28.7115368584326,28.9350878965987,28.7363992161709,28.676719725948,29.1284509661644,29.009500080336,28.7115368584326,28.5323548983997,28.940050336123,28.7264549750173,28.7363992161709,28.9698200896756,29.1383575173713,29.4450028531419,29.5486662897325,29.7212146309145,29.9819715575531,29.9819715575531,29.7162885553777,29.7113622521147,29.844292597587,30.0752955782511,29.8492127629486,29.667015270028,29.5979943542878,29.0392503216033,28.9896619433183,28.8953800028402,28.6020729131087,28.6369146594003,28.7562848918599,29.0789043205857,29.0888155024772,28.8655893020517,28.5871372152255,28.8606233696602,29.242320482823,29.2126271720896,29.2373721746069,29.4351248728131,29.4400639777012,29.6374403552393,29.3115725896136,29.1234973434636,28.8755204676278,29.217576634222,29.4301855384466,29.4203061811547,29.4400639777012,29.242320482823,28.9946218259274,29.1383575173713,29.227474865981,28.98470182842,28.930125224438,29.0293345027462,28.9450125430426,29.0590791758805,29.227474865981,29.4054854233555,29.4301855384466,29.449941499166,29.3511249542619,29.242320482823,29.3016821965364,29.3264064524046,29.4301855384466,29.3165174407562,29.3264064524046,29.7064357210951,29.7113622521147,29.6916547611904,29.7606150407326,29.7015089622882,29.5437322255563,29.5141230346309,29.385721197515,29.2076774790804,29.173023160837,28.9946218259274,28.9251623196095,28.940050336123,29.1086350865945,29.019417755741,28.9797414812012,29.1334043574566,29.1928270144785,28.8904154684503,29.009500080336,28.9003443043406,28.8854507011395,28.9747809016303,29.0739483820717,29.0888155024772,29.242320482823,29.5091873682112,29.4351248728131,29.5091873682112,29.55360012514,29.5979943542878,29.5979943542878,29.3016821965364,29.1631198473796,29.0739483820717,28.9102722087998,29.0789043205857,29.1779744708596,29.0888155024772,29.0789043205857,29.1135894037099,29.2621114091025,29.3016821965364,29.4203061811547,29.5437322255563,29.4252459745708,29.2720054887278,29.257164023458,29.1334043574566,29.2621114091025,29.1829255497865,29.103680537945,29.044207883055,28.9450125430426,28.9648590453057,28.7363992161709,28.7214825035015,28.8109512193939,29.044207883055,29.3807795666623,29.400544711469,29.3214620616761,29.1532156091641,29.1334043574566,29.0144590341043,28.8606233696602,28.5821581795757,28.5074444391028,28.372826172538,28.3029563442362,28.253020924455,28.1930671296786,28.2879782051969,28.1980645842911,28.0780600787342,28.2130555239183,28.063049878718,28.0530418873914,27.9679354426974,28.0280177375547,27.8426534379831,27.8627086137778,27.7724301033211,27.8025315774346,27.7924987130493,27.7623943574465
29.667015270028,29.1383575173713,28.8755204676278,29.0739483820717,29.23242363567,29.4647560610483,29.7803097858312,29.7901557942818,30.0360111882413,30.1391019363398,30.3351908478087,30.7897159173343,31.1937510290531,30.4331008277436,30.0163635761093,29.9180712669515,30.0360111882413,30.0409225268145,29.8590524129916,29.4351248728131,29.2076774790804,28.7463425217002,28.7513138236853,28.5572594772178,28.7363992161709,29.1086350865945,29.1284509661644,29.1482631431937,29.2720054887278,29.4845056002677,29.4696937897153,29.4301855384466,29.8787289912069,29.9623140023007,30.0163635761093,30.4379939797648,29.6916547611904,29.1631198473796,29.1631198473796,29.6029259036991,30.9115728433701,31.7123938811286,30.9407979856924,31.4509598010212,31.8283845969328,29.9082370574946,29.3461817140249,30.2813021944153,31.0965316297901,30.8530987427369,30.8140983473607,31.2228997729714,31.905642890642,32.0214273412167,32.1611691510926,31.9731988200718,31.1354299059856,29.4153661581674,30.0802051118783,30.3253949273354,30.4575643551052,30.0900235027141,29.4746312891203,29.3214620616761,29.0739483820717,29.7409166564112,30.197966343171,29.9623140023007,29.3906625985796,29.385721197515,29.4252459745708,29.3906625985796,29.7901557942818,29.6522288391912,30.0310996239144,29.5733331796973,30.6091138300302,30.3400884721394,29.0541223101622,28.8308228788658,28.8357902104004,29.3066275082174,29.6325104041979,30.4282074523887,29.4894424120718,29.1878763976491,28.8059827210337,28.6269610479519,28.9251623196095,29.5239936805482,29.1680716196875,28.8258553140296,28.7711966938393,29.3214620616761,28.607051009488,28.7761668270904,29.0293345027462,29.1284509661644,29.4647560610483,29.8196883661623,29.5733331796973,29.7162885553777,29.977057507944,29.6177191814719,29.4400639777012,29.6078572246797,29.3461817140249,29.5091873682112,29.671943624202,29.667015270028,29.1631198473796,29.0590791758805,28.8506908055119,28.6866686490532,28.5572594772178,28.7612557262559,29.2522164072173,29.0888155024772,28.8556572041575,28.8606233696602,28.9747809016303,29.1977774003059,29.4647560610483,29.3115725896136,29.3313506129726,29.4598181030883,29.5141230346309,29.3362945434113,29.2522164072173,29.1433104459398,29.4943789947374,29.4203061811547,29.4450028531419,29.3412382437518,29.4104259055781,28.9598977684891,29.1581678438823,29.1383575173713,28.915235811822,29.019417755741,29.0739483820717,29.1977774003059,29.257164023458,29.3906625985796,29.257164023458,29.3560679644938,29.3461817140249,29.3659532950663,29.5239936805482,29.5141230346309,29.3906625985796,29.4894424120718,29.3511249542619,29.3264064524046,29.5437322255563,29.5387979325806,29.55360012514,29.8196883661623,29.6472995727053,29.6029259036991,29.3807795666623,29.5190584720663,29.385721197515,29.4054854233555,29.3066275082174,29.1383575173713,29.1284509661644,29.1383575173713,28.9102722087998,29.0144590341043,29.2027275551628,29.1581678438823,28.7662263269051,28.9350878965987,29.1482631431937,29.0491652125642,29.23242363567,29.2621114091025,29.2967366545395,29.2720054887278,29.4252459745708,29.4301855384466,29.4894424120718,29.5733331796973,29.7162885553777,29.7212146309145,29.6127883172604,29.2472685603494,29.3115725896136,29.2472685603494,29.1631198473796,29.2126271720896,29.1829255497865,29.0491652125642,29.009500080336,29.2076774790804,29.0342925281775,29.2472685603494,29.4301855384466,29.5437322255563,29.4400639777012,29.2621114091025,29.2522164072173,29.0689922118039,29.0739483820717,29.103680537945,29.1086350865945,29.1185434893225,29.0045408944048,28.8904154684503,28.7264549750173,28.8059827210337,29.1482631431937,29.2917908821956,29.4203061811547,29.4054854233555,29.3610107447515,29.1631198473796,29.1631198473796,29.1433104459398,28.7115368584326,28.6418911132907,28.4077437165986,28.5074444391028,28.327915175609,28.2879782051969,28.2829850186196,28.3578579676639,28.2330401214815,28.1680762946208,28.228044327915,28.0130003858666,28.1080740489112,28.0079941248089,27.8877721929225,28.0029876251156,27.8677218086608,27.7975152652541,27.7924987130493,27.7924987130493
29.8393722052915,29.4301855384466,28.7711966938393,29.1829255497865,29.775386440627,30.158727004683,29.9524838675562,30.1440085410342,30.2715013432821,29.6374403552393,29.8049231025195,30.1292880515541,30.0114511084659,30.1243807714027,30.045833639664,30.0261878338035,30.0605656241719,30.8238497718738,30.1292880515541,29.2818986463425,29.3956037698873,28.7513138236853,28.7413709858727,28.8357902104004,28.7264549750173,28.8506908055119,29.1086350865945,29.5733331796973,30.0065384149177,29.927904570493,29.8885659198648,29.4647560610483,29.8688911556633,30.0360111882413,29.6817996485765,29.9229880319466,29.3461817140249,29.2769521827709,29.0491652125642,30.0802051118783,31.169454392732,31.7027223838951,31.7172293061013,32.0407127569467,32.3151589823106,31.7993985475037,29.6522288391912,29.1532156091641,29.8492127629486,30.3253949273354,30.5260325598254,30.8384752513387,31.3394161088585,31.6688653441037,31.8138925404646,31.5623885539607,30.2273864061603,29.2225258655088,29.927904570493,30.094932359983,29.8246096664975,29.9377369683613,29.8147668387412,29.5141230346309,29.667015270028,29.6916547611904,30.1832532777823,29.7409166564112,29.1185434893225,28.666769865686,28.8357902104004,29.0392503216033,29.5141230346309,29.5585337318094,29.6620866878218,29.9131542754777,31.3879275114203,30.2666005812584,29.1086350865945,29.5239936805482,28.9797414812012,29.2027275551628,29.6867273188382,30.5064746746021,29.6571578775531,29.4450028531419,28.8407573086651,28.8159194843254,29.2076774790804,29.3610107447515,29.173023160837,28.9698200896756,28.8208875158601,29.1680716196875,28.607051009488,28.7562848918599,29.173023160837,29.4203061811547,29.8196883661623,29.8049231025195,29.4153661581674,29.4450028531419,29.5486662897325,29.5930625764153,29.217576634222,29.1928270144785,29.1433104459398,29.3066275082174,29.400544711469,29.5782658717225,29.23242363567,28.9350878965987,28.8457241736917,28.7662263269051,28.6816943046293,28.6966166352573,29.227474865981,29.227474865981,28.7413709858727,28.8606233696602,29.3560679644938,29.4351248728131,29.5091873682112,29.3362945434113,29.2373721746069,29.3214620616761,29.2967366545395,29.5042514727762,29.2720054887278,29.4894424120718,29.2373721746069,29.2472685603494,29.1928270144785,29.1631198473796,29.1482631431937,28.8804857008759,28.9698200896756,29.019417755741,29.019417755741,28.9698200896756,29.083860027377,29.0789043205857,29.0739483820717,29.0987257577298,29.2818986463425,29.1631198473796,29.2769521827709,29.2769521827709,29.3115725896136,29.3758377059907,29.3807795666623,29.3313506129726,29.3264064524046,29.3264064524046,29.5289286601073,29.6374403552393,29.7113622521147,29.7212146309145,29.5387979325806,29.7261404787557,29.6571578775531,29.6571578775531,29.4153661581674,29.4795685592941,29.217576634222,29.3758377059907,29.3461817140249,29.2373721746069,29.1234973434636,29.173023160837,29.3412382437518,28.8804857008759,28.7861063926706,28.8059827210337,29.0342925281775,29.1779744708596,29.242320482823,29.3362945434113,29.4400639777012,29.4054854233555,29.6078572246797,29.6522288391912,29.5684002590573,29.7606150407326,29.671943624202,29.671943624202,29.6029259036991,29.3560679644938,29.4647560610483,29.4104259055781,29.4795685592941,29.1829255497865,29.2373721746069,29.0987257577298,28.9648590453057,28.9698200896756,29.0045408944048,29.1680716196875,29.1631198473796,29.23242363567,29.3016821965364,29.2027275551628,29.257164023458,29.083860027377,29.0888155024772,29.1334043574566,29.0789043205857,29.1383575173713,28.9499745173891,28.7612557262559,28.8953800028402,28.7264549750173,28.8457241736917,29.0342925281775,29.1878763976491,29.370895615469,29.3807795666623,29.1532156091641,28.9747809016303,29.1135894037099,29.019417755741,28.6816943046293,28.4775441200496,28.347877982722,28.2130555239183,28.2729979349236,28.2729979349236,28.2929711549704,28.2480260793404,28.2380356778862,28.1130755441568,28.0180064083215,28.0230121922066,28.0079941248089,27.8827599560813,27.812563481855,27.8276095391327,27.7523576505433,27.7373007876777,27.7623943574465
30.5797983711788,30.5944571012223,29.3115725896136,29.9623140023007,30.7506925260126,30.3302929995506,30.158727004683,30.9359276795236,30.4673482035432,29.4104259055781,29.6325104041979,30.1145655354327,30.1243807714027,30.8336003124521,30.6384212871151,30.4722397930578,30.4575643551052,30.7702059921091,30.4820223028257,29.4351248728131,29.3758377059907,29.044207883055,29.7212146309145,29.6078572246797,28.8804857008759,29.1234973434636,29.1135894037099,29.5733331796973,30.1881578577246,30.2420934053758,30.0065384149177,29.7507663035967,29.7606150407326,30.05074452682,29.5733331796973,29.5239936805482,29.2769521827709,29.5338634107745,30.0114511084659,30.2862022835847,30.9700151977068,31.852533723109,32.0648147149671,32.0551745731177,31.9152963115619,31.8187234410827,30.5846848369351,29.6472995727053,30.0360111882413,30.6774854603372,30.8287251526402,30.9261864062111,30.9797525071693,31.8959886111763,31.683376799489,31.169454392732,29.9623140023007,29.5831983351633,29.7359914914735,29.9229880319466,29.5782658717225,29.5239936805482,29.8147668387412,29.5190584720663,29.3610107447515,29.967228730348,29.972143232219,29.7556907859056,29.1185434893225,28.5124270015936,28.6568190680113,28.7960450239002,28.9946218259274,29.0640358097506,30.6286530234468,30.3939475690725,31.013826160085,30.2666005812584,29.795078457589,29.9475684607986,30.2126773856944,29.2027275551628,29.8934840441875,30.1930622128441,29.8984019418799,29.4943789947374,29.3016821965364,29.1779744708596,29.2917908821956,29.3560679644938,29.3264064524046,29.1532156091641,28.9698200896756,29.009500080336,28.5472983510907,28.7612557262559,29.242320482823,29.2868448794737,29.4351248728131,29.8147668387412,30.2420934053758,29.4301855384466,29.3906625985796,29.217576634222,29.2818986463425,29.1135894037099,28.9549362591941,29.1829255497865,29.4153661581674,29.4104259055781,29.217576634222,28.8357902104004,28.6219838903298,28.6369146594003,28.6717449129776,28.8606233696602,29.0739483820717,29.2720054887278,29.083860027377,29.2126271720896,29.449941499166,29.4993153482952,29.7212146309145,29.4153661581674,29.4104259055781,29.6177191814719,29.3214620616761,29.2868448794737,29.3313506129726,29.2027275551628,29.1284509661644,29.2225258655088,29.3066275082174,29.1334043574566,29.0590791758805,29.0541223101622,29.1581678438823,28.9995814762791,29.009500080336,29.0045408944048,29.083860027377,29.1234973434636,29.173023160837,29.1383575173713,29.1878763976491,29.4104259055781,29.3560679644938,29.385721197515,29.3807795666623,29.4104259055781,29.2917908821956,29.3313506129726,29.385721197515,29.1680716196875,29.3511249542619,29.4153661581674,29.5289286601073,29.7310660989319,29.6916547611904,29.6374403552393,29.4993153482952,29.7310660989319,29.671943624202,29.6522288391912,29.6275802249099,29.5289286601073,29.4450028531419,29.3560679644938,29.1135894037099,29.2720054887278,29.103680537945,28.8854507011395,28.7960450239002,28.8904154684503,29.0144590341043,29.217576634222,29.449941499166,29.5782658717225,29.6078572246797,29.6620866878218,29.5289286601073,29.6620866878218,29.5930625764153,29.8787289912069,29.7655390681081,29.6867273188382,29.5387979325806,29.4845056002677,29.2522164072173,29.2522164072173,29.4598181030883,29.4351248728131,29.3807795666623,29.3362945434113,29.3016821965364,29.0937707459177,29.1135894037099,29.1482631431937,29.0937707459177,29.083860027377,29.23242363567,29.1631198473796,29.23242363567,29.044207883055,29.0789043205857,29.0888155024772,29.0640358097506,29.0541223101622,28.9698200896756,28.8010139892131,28.8953800028402,28.940050336123,28.8059827210337,29.0392503216033,29.1829255497865,29.2076774790804,29.2076774790804,29.1878763976491,28.98470182842,29.1482631431937,29.1532156091641,28.7910758250633,28.6916427592519,28.3927804716586,28.3229238825521,28.3229238825521,28.332906232122,28.3528680933838,28.1730749366739,28.2630099036222,28.1580782977234,28.218052029166,27.9979808867536,28.0130003858666,27.8877721929225,27.7874819207868,27.8677218086608,27.8175790741614,27.7573761241401,27.8526815051994
30.7311755171756,30.7409344645536,30.1538210751758,30.1145655354327,30.3449858725725,29.927904570493,29.972143232219,31.0478890402397,30.5260325598254,29.7606150407326,30.7799613972138,30.6335372663431,30.4477796139247,31.0527542871446,30.9261864062111,30.4135259860258,30.4526720961226,30.5651376391053,30.5944571012223,29.6325104041979,29.1977774003059,28.9549362591941,29.4548799158045,30.045833639664,29.4993153482952,29.7556907859056,29.5733331796973,29.8098450842037,30.251896949001,30.0900235027141,30.251896949001,29.9131542754777,29.7507663035967,29.8295307397771,29.3313506129726,29.6127883172604,29.6029259036991,29.9917989785445,30.5553627050914,30.9213154390094,31.2083263851684,32.1996870381104,31.4606538156414,31.9731988200718,32.1322717834389,32.093730012076,31.6882135194031,31.4218725416251,31.9104697084063,31.9587260871605,31.5914380639419,31.0381578874506,31.3151522369855,31.6011195019845,31.5478608749066,30.6677207487799,30.1341951065232,29.5782658717225,29.4894424120718,29.5437322255563,29.5979943542878,29.5141230346309,29.3214620616761,29.4894424120718,29.6867273188382,29.9377369683613,29.5289286601073,29.4252459745708,29.1334043574566,28.6866686490532,28.646867332668,29.0293345027462,30.0065384149177,29.6423700780649,30.4135259860258,30.5064746746021,30.6286530234468,30.40863171704,30.4966943947684,30.6188838711635,30.6872492844533,29.7704628680627,29.6916547611904,30.0703858191111,30.2960017892775,29.6374403552393,29.5486662897325,29.3758377059907,29.3956037698873,29.3066275082174,29.3461817140249,29.1086350865945,29.1878763976491,29.0888155024772,28.6020729131087,29.103680537945,29.1532156091641,29.1631198473796,29.5190584720663,29.7655390681081,30.0261878338035,29.5733331796973,29.3362945434113,29.0987257577298,29.0987257577298,28.9102722087998,28.8159194843254,28.9003443043406,29.3906625985796,29.3066275082174,29.0789043205857,28.8308228788658,28.7015902771012,28.6269610479519,28.6717449129776,28.7413709858727,28.9797414812012,29.4301855384466,29.4400639777012,29.2769521827709,29.6275802249099,29.4647560610483,29.6078572246797,29.3610107447515,29.4696937897153,29.5091873682112,29.6078572246797,29.5042514727762,29.385721197515,29.2868448794737,29.23242363567,29.3016821965364,29.2967366545395,29.2967366545395,29.1779744708596,29.1680716196875,29.1383575173713,29.019417755741,29.1581678438823,28.9995814762791,29.0045408944048,28.9797414812012,29.0392503216033,28.9747809016303,29.1581678438823,29.5387979325806,29.795078457589,29.6127883172604,29.3956037698873,29.2621114091025,29.1878763976491,29.1185434893225,29.1433104459398,29.1185434893225,29.2621114091025,29.449941499166,29.6965819756635,29.7507663035967,29.775386440627,29.6275802249099,29.5289286601073,29.5289286601073,29.6423700780649,29.7458415937754,29.7409166564112,29.6029259036991,29.5979943542878,29.4548799158045,29.3066275082174,29.3313506129726,29.0888155024772,28.8705550013636,28.9450125430426,28.8606233696602,29.0739483820717,29.2126271720896,29.4252459745708,29.4548799158045,29.6226498173448,29.6029259036991,29.7261404787557,29.4153661581674,29.6127883172604,29.7261404787557,29.7606150407326,29.7606150407326,29.9180712669515,29.7458415937754,29.6374403552393,29.4598181030883,29.3956037698873,29.4795685592941,29.4943789947374,29.2670585641821,29.257164023458,29.1185434893225,29.0640358097506,29.083860027377,29.1383575173713,29.173023160837,29.1433104459398,29.242320482823,29.3066275082174,29.2621114091025,29.2472685603494,29.0293345027462,28.9797414812012,28.9648590453057,28.8159194843254,28.7910758250633,28.7761668270904,28.6866686490532,28.7910758250633,28.915235811822,29.1779744708596,29.0243762452778,29.0342925281775,29.0541223101622,29.0293345027462,29.1631198473796,29.1433104459398,28.9995814762791,28.7214825035015,28.3828037944729,28.3229238825521,28.2929711549704,28.253020924455,28.347877982722,28.1630774149815,28.223048297154,28.1380794518489,28.1030723156867,28.0780600787342,28.1280786023483,27.9428910032239,27.9979808867536,27.8677218086608,27.9128297863749,27.8877721929225,27.8877721929225
30.6921308637942,30.1341951065232,30.1194732660389,30.1636327091878,30.109657579554,29.3115725896136,30.1047493983729,31.2277571316367,30.8579727982129,30.0212758178786,30.4526720961226,31.1208446966917,32.0166054524269,31.140291204115,30.5895710802732,30.5749116829746,31.1791737038519,31.6930500234234,30.1636327091878,29.1928270144785,29.1086350865945,29.0144590341043,29.3264064524046,30.0409225268145,30.0409225268145,30.2420934053758,29.7261404787557,29.5733331796973,30.0998409918593,30.2371912968375,30.5651376391053,30.4820223028257,30.0605656241719,30.0556551883126,29.844292597587,30.05074452682,29.8344515860316,30.4575643551052,30.9359276795236,30.7653279576147,30.9554075825969,31.6253193105852,31.4751932084967,31.2326142717151,32.2237537957097,32.1515375481834,31.7993985475037,32.2670605544519,32.1322717834389,32.1419050923722,31.7945667860547,31.3102988085076,31.4848850513474,31.664027760334,31.5284876020929,30.1391019363398,30.5309214741276,30.9554075825969,29.8295307397771,29.0888155024772,29.3115725896136,29.3659532950663,29.1086350865945,29.0987257577298,29.9524838675562,29.4598181030883,29.5486662897325,29.2917908821956,28.8258553140296,28.5273732771074,28.6219838903298,29.2868448794737,30.8628466329089,31.0284258558301,30.4673482035432,30.2224836239616,30.3841570192894,30.0998409918593,30.1636327091878,30.4966943947684,30.6139989617178,30.1783484729875,29.5585337318094,29.7064357210951,30.2371912968375,29.9131542754777,29.8246096664975,29.5289286601073,29.3165174407562,29.4104259055781,29.3264064524046,28.915235811822,28.9896619433183,29.083860027377,28.9946218259274,29.1631198473796,28.9003443043406,29.1631198473796,29.9967123499873,30.5846848369351,30.0261878338035,29.5733331796973,29.2818986463425,29.0789043205857,28.9797414812012,28.9053083729833,28.940050336123,29.0342925281775,29.4203061811547,29.1928270144785,28.8904154684503,28.9350878965987,28.7363992161709,28.5223914205637,28.7165097979839,29.009500080336,29.5486662897325,29.8098450842037,29.6275802249099,29.4993153482952,29.4301855384466,29.449941499166,29.4252459745708,29.173023160837,29.5190584720663,29.8836475688813,29.8688911556633,29.5091873682112,29.3165174407562,29.3214620616761,29.2670585641821,29.3906625985796,29.2621114091025,29.3807795666623,29.385721197515,29.0640358097506,29.0342925281775,29.2472685603494,29.1779744708596,28.98470182842,28.9698200896756,28.8705550013636,28.8010139892131,28.915235811822,28.9251623196095,29.1779744708596,29.5831983351633,29.5684002590573,29.55360012514,29.1383575173713,28.9549362591941,28.9549362591941,28.9549362591941,29.0689922118039,29.0888155024772,29.1234973434636,29.3560679644938,29.5239936805482,29.6325104041979,29.6325104041979,29.6275802249099,29.5239936805482,29.5437322255563,29.6472995727053,29.844292597587,29.8590524129916,29.8639718977337,29.6916547611904,29.4598181030883,29.3264064524046,28.9648590453057,28.8109512193939,28.98470182842,28.9797414812012,29.1482631431937,29.3066275082174,29.6078572246797,29.6127883172604,29.671943624202,29.6275802249099,29.6177191814719,29.6374403552393,29.7458415937754,29.8590524129916,29.6867273188382,29.6965819756635,29.8393722052915,29.7507663035967,29.6620866878218,29.55360012514,29.6127883172604,29.4746312891203,29.5634671097716,29.4795685592941,29.1631198473796,29.1482631431937,29.1135894037099,29.1532156091641,29.1631198473796,29.1631198473796,29.2076774790804,29.1631198473796,29.3066275082174,29.2670585641821,29.257164023458,29.2522164072173,29.0739483820717,28.9549362591941,28.9698200896756,28.930125224438,28.6816943046293,28.6816943046293,28.9003443043406,29.0293345027462,29.0491652125642,28.930125224438,29.0392503216033,29.0243762452778,29.0342925281775,29.0590791758805,29.1631198473796,29.242320482823,28.8904154684503,28.5522790316995,28.4227048373089,28.3079485837934,28.3828037944729,28.223048297154,28.3029563442362,28.3129405866768,28.1730749366739,28.1780733411736,28.1530789428139,28.1330791460061,27.9879666938923,28.0079941248089,27.8677218086608,27.8075476496238,27.8827599560813,27.7824648884334
30.0310996239144,29.5634671097716,29.6916547611904,29.8393722052915,29.4450028531419,29.2967366545395,30.5064746746021,31.7655716955528,31.4945760258868,30.5113644801692,31.0624841221194,32.5985084899629,32.7949801353196,30.9261864062111,30.7994695527038,30.0261878338035,30.9700151977068,33.0818650753209,31.1888921394784,28.9350878965987,28.9450125430426,29.1086350865945,29.3313506129726,29.8984019418799,30.6286530234468,30.0802051118783,29.5684002590573,29.4400639777012,29.6817996485765,30.7799613972138,31.6059598963918,31.1062575144351,30.9261864062111,30.7018933571882,30.7750838052991,30.5064746746021,30.1930622128441,29.795078457589,29.667015270028,29.667015270028,30.1292880515541,30.9067012148745,30.8336003124521,30.6628380601376,31.6059598963918,31.0478890402397,31.2908829133011,31.4121750492246,31.2471843807161,31.4703469613838,31.1451522831412,31.664027760334,32.1033667357021,31.9490765269449,31.581755760074,31.8138925404646,31.0819411575361,30.5406986345341,29.8688911556633,29.0739483820717,28.8208875158601,28.9102722087998,28.9102722087998,29.0789043205857,29.4104259055781,28.930125224438,28.9450125430426,28.940050336123,28.6319379709646,28.5174093287365,29.2917908821956,29.7162885553777,31.5236437419021,31.5284876020929,30.7165354344988,30.1734434433101,29.9377369683613,29.4993153482952,30.05074452682,29.9131542754777,30.0752955782511,29.5979943542878,29.0789043205857,29.2818986463425,29.6226498173448,29.5091873682112,29.5141230346309,29.4351248728131,29.1581678438823,29.2670585641821,29.1532156091641,28.9499745173891,29.083860027377,28.9648590453057,29.173023160837,29.1680716196875,28.930125224438,28.940050336123,29.9131542754777,30.2224836239616,30.0114511084659,29.400544711469,29.1086350865945,29.2027275551628,29.1135894037099,29.1928270144785,29.2818986463425,29.6275802249099,29.5042514727762,29.2225258655088,28.9946218259274,28.8854507011395,28.7612557262559,29.1779744708596,29.4104259055781,29.5338634107745,29.671943624202,29.6325104041979,29.4548799158045,29.370895615469,29.400544711469,29.385721197515,29.3115725896136,29.217576634222,29.7310660989319,29.5585337318094,29.4153661581674,29.3758377059907,29.2769521827709,29.385721197515,29.3511249542619,29.3362945434113,29.3016821965364,29.2769521827709,29.3807795666623,29.0640358097506,29.1433104459398,29.1482631431937,29.0590791758805,29.0243762452778,28.9350878965987,28.8705550013636,28.7562848918599,28.7562848918599,28.8854507011395,28.9896619433183,29.3412382437518,29.5289286601073,29.5239936805482,29.4548799158045,29.3165174407562,29.1829255497865,29.0491652125642,29.0739483820717,29.0689922118039,29.1482631431937,29.3610107447515,29.4647560610483,29.7359914914735,29.6472995727053,29.7655390681081,29.5042514727762,29.4351248728131,29.5091873682112,29.6916547611904,29.6522288391912,29.6965819756635,29.6078572246797,29.7015089622882,29.3115725896136,28.9648590453057,28.6568190680113,28.6617945840412,28.9549362591941,29.2670585641821,29.3165174407562,29.5634671097716,29.6325104041979,29.6522288391912,29.4943789947374,29.6325104041979,29.6078572246797,29.8492127629486,29.7212146309145,29.671943624202,29.6867273188382,29.667015270028,29.7606150407326,29.667015270028,29.6965819756635,29.6177191814719,29.6571578775531,29.6029259036991,29.4943789947374,29.4351248728131,29.1482631431937,29.1631198473796,29.1829255497865,29.3264064524046,29.173023160837,29.0987257577298,29.2818986463425,29.1581678438823,29.0888155024772,29.2472685603494,29.2225258655088,29.0392503216033,28.9747809016303,28.940050336123,28.9797414812012,28.8159194843254,28.9003443043406,28.7861063926706,28.8059827210337,28.8655893020517,28.9698200896756,28.9499745173891,28.9747809016303,28.9450125430426,29.044207883055,29.1334043574566,29.1433104459398,29.103680537945,28.6966166352573,28.372826172538,28.3179323529188,28.3129405866768,28.2929711549704,28.3029563442362,28.1680762946208,28.0330230443987,28.0980703444506,28.1330791460061,27.9929739096901,27.8877721929225,27.8627086137778,27.837639044803,27.8276095391327,27.7924987130493,27.7122012073196
29.8639718977337,29.3461817140249,29.3758377059907,29.6423700780649,28.8755204676278,29.217576634222,30.8189741701236,31.2908829133011,31.1257066523027,31.1743141577429,32.7901923432388,32.7854043415434,31.4606538156414,30.6384212871151,30.9554075825969,29.6177191814719,30.2224836239616,30.9261864062111,29.6325104041979,28.9053083729833,28.7065636848157,29.1433104459398,29.9967123499873,29.7409166564112,29.5684002590573,30.045833639664,30.3988425085929,29.9623140023007,30.2715013432821,31.4703469613838,31.6543519446639,31.3491201318989,30.6335372663431,30.6481886624036,30.6481886624036,31.1111201277866,30.5309214741276,29.217576634222,29.173023160837,29.3807795666623,29.7359914914735,30.3596767307832,29.9426528277437,30.197966343171,30.5211434227513,30.3841570192894,31.1062575144351,31.1354299059856,31.6495137127074,31.6011195019845,31.3879275114203,31.9490765269449,32.093730012076,32.2045008154216,31.5623885539607,31.4751932084967,31.1013946817791,30.8189741701236,30.5846848369351,29.8295307397771,28.9251623196095,28.8407573086651,28.8407573086651,29.3066275082174,29.2670585641821,28.8407573086651,28.7513138236853,28.6866686490532,28.8258553140296,28.7065636848157,29.1383575173713,29.6078572246797,30.9992244856698,31.6737027118674,30.848224466452,30.4624563909023,29.6127883172604,29.5141230346309,29.5930625764153,29.5979943542878,29.7409166564112,29.1433104459398,28.6866686490532,28.8854507011395,29.1383575173713,29.2670585641821,29.3610107447515,29.2720054887278,29.0888155024772,29.019417755741,29.1185434893225,29.1334043574566,29.0937707459177,29.1284509661644,29.083860027377,29.2472685603494,29.1532156091641,29.1532156091641,29.7212146309145,29.8836475688813,29.7310660989319,29.2868448794737,29.0293345027462,29.2720054887278,29.4894424120718,30.1881578577246,30.4673482035432,30.3400884721394,30.1292880515541,29.967228730348,29.6768717503746,29.2720054887278,29.5091873682112,29.3807795666623,29.3313506129726,29.1829255497865,29.4054854233555,29.4252459745708,29.6325104041979,29.5239936805482,29.5239936805482,29.4746312891203,29.370895615469,29.5782658717225,29.8738101868109,29.2373721746069,29.1829255497865,29.2225258655088,29.217576634222,29.3412382437518,29.3807795666623,29.4252459745708,29.2720054887278,29.2967366545395,29.3906625985796,29.23242363567,29.1581678438823,29.0937707459177,29.1482631431937,28.8904154684503,28.7214825035015,28.7811367266903,28.8606233696602,28.8308228788658,28.9598977684891,28.9499745173891,28.9896619433183,29.173023160837,29.370895615469,29.5042514727762,29.3906625985796,29.2670585641821,29.3115725896136,29.2027275551628,29.23242363567,29.2868448794737,29.2720054887278,29.3412382437518,29.5042514727762,29.7704628680627,29.6867273188382,29.6226498173448,29.385721197515,29.5190584720663,29.7064357210951,29.5684002590573,29.4943789947374,29.4845056002677,29.4845056002677,29.4894424120718,29.1581678438823,28.8953800028402,28.7662263269051,28.9747809016303,29.257164023458,29.3214620616761,29.6226498173448,29.6078572246797,29.6916547611904,29.6571578775531,29.5239936805482,29.6177191814719,29.844292597587,29.7310660989319,29.7064357210951,29.6916547611904,29.7606150407326,29.5486662897325,29.7212146309145,29.6620866878218,29.6325104041979,29.6571578775531,29.5190584720663,29.5289286601073,29.4400639777012,29.370895615469,29.3264064524046,29.2126271720896,29.23242363567,29.1383575173713,29.019417755741,29.103680537945,29.009500080336,29.1334043574566,29.2670585641821,29.0640358097506,29.0045408944048,28.98470182842,28.9350878965987,28.930125224438,28.9549362591941,28.9003443043406,28.8258553140296,28.8457241736917,28.8159194843254,29.0342925281775,29.0293345027462,28.9003443043406,28.8953800028402,28.9450125430426,29.0590791758805,29.0987257577298,29.0987257577298,28.8804857008759,28.5970945819598,28.3528680933838,28.3977684560513,28.2130555239183,28.2829850186196,28.258015532538,28.1280786023483,28.0230121922066,28.0230121922066,28.0079941248089,27.9128297863749,27.9078187463413,27.8827599560813,27.7874819207868,27.8075476496238,27.7674123504958
30.2077739295662,29.5387979325806,29.3461817140249,29.4351248728131,28.9946218259274,29.173023160837,29.972143232219,30.3253949273354,31.43156916424,32.1707999013199,33.4346592179131,32.1756149567466,30.9310571530394,31.5865970202502,31.1888921394784,29.3016821965364,29.9180712669515,29.5239936805482,28.8655893020517,28.5721994035508,29.2472685603494,29.9524838675562,30.2666005812584,29.7556907859056,29.0045408944048,29.775386440627,30.2420934053758,30.2420934053758,31.1208446966917,32.0744540019293,31.3054451619288,31.3345637704578,30.7702059921091,30.3596767307832,31.2083263851684,31.5769142833852,31.1888921394784,29.4450028531419,29.1631198473796,29.2225258655088,29.775386440627,29.8049231025195,29.775386440627,29.9623140023007,30.1538210751758,30.8628466329089,31.6059598963918,31.1937510290531,31.2277571316367,31.2520406467337,31.5962788911772,32.2526268822905,31.8042300937031,32.0792733248968,30.8579727982129,31.4267209616415,30.9943568210254,30.8530987427369,30.7994695527038,30.1881578577246,29.3066275082174,29.0541223101622,29.2621114091025,29.0937707459177,29.0888155024772,28.9350878965987,28.7314272125631,28.666769865686,29.044207883055,29.0541223101622,29.1383575173713,29.4993153482952,30.4184200315594,31.1257066523027,30.7799613972138,30.109657579554,29.7704628680627,29.5091873682112,29.449941499166,29.4351248728131,29.6029259036991,29.1433104459398,28.8705550013636,29.1383575173713,29.1383575173713,29.4054854233555,29.4054854233555,29.2670585641821,29.0541223101622,29.0590791758805,29.019417755741,29.0541223101622,29.1829255497865,29.009500080336,29.009500080336,29.242320482823,29.3659532950663,29.4993153482952,29.785232903706,29.8098450842037,29.8885659198648,29.5239936805482,29.1928270144785,29.3807795666623,29.385721197515,29.5881305700507,29.9131542754777,29.9426528277437,29.8541327014066,29.4993153482952,29.2472685603494,29.0987257577298,29.3807795666623,29.3906625985796,29.2076774790804,29.2522164072173,28.9995814762791,29.1631198473796,29.4795685592941,29.6472995727053,29.5881305700507,29.4894424120718,29.5782658717225,30.0605656241719,29.8098450842037,29.3758377059907,29.1334043574566,29.1631198473796,29.173023160837,29.2967366545395,29.257164023458,29.1829255497865,29.370895615469,29.4054854233555,29.2621114091025,29.1977774003059,29.2373721746069,29.1631198473796,29.019417755741,28.9747809016303,28.8904154684503,28.8705550013636,28.9598977684891,28.8059827210337,28.7562848918599,28.8854507011395,29.0342925281775,29.1829255497865,29.2670585641821,29.370895615469,29.3956037698873,29.2967366545395,29.2967366545395,29.227474865981,29.6472995727053,29.4301855384466,29.4795685592941,29.5239936805482,29.7704628680627,29.7655390681081,29.7655390681081,29.6916547611904,29.7015089622882,29.7803097858312,29.6768717503746,29.6817996485765,29.4993153482952,29.3016821965364,29.3362945434113,29.3758377059907,29.4845056002677,29.1334043574566,28.9747809016303,29.1234973434636,29.3214620616761,29.4548799158045,29.6817996485765,29.6916547611904,29.6768717503746,29.6965819756635,29.5881305700507,29.6275802249099,29.6620866878218,29.6472995727053,29.775386440627,29.7359914914735,29.7606150407326,29.7655390681081,29.8344515860316,29.7606150407326,29.7556907859056,29.7064357210951,29.5042514727762,29.370895615469,29.3313506129726,29.3956037698873,29.3264064524046,29.3214620616761,29.3214620616761,29.242320482823,29.2522164072173,29.242320482823,29.0541223101622,29.1878763976491,29.1532156091641,29.1135894037099,28.9549362591941,28.9350878965987,28.7761668270904,28.8109512193939,28.930125224438,28.8357902104004,28.8010139892131,28.8804857008759,28.9797414812012,28.9896619433183,28.8705550013636,28.9350878965987,28.8755204676278,28.9251623196095,28.9350878965987,29.0590791758805,29.1334043574566,28.9797414812012,28.7363992161709,28.5622396876777,28.4675754627885,28.4177180330437,28.2729979349236,28.2430309971616,28.1580782977234,28.1080740489112,28.0380281127715,28.0280177375547,27.9428910032239,27.9028074670123,27.777447615956,27.8627086137778,27.8627086137778,27.8426534379831
30.4184200315594,29.8196883661623,29.3461817140249,30.1636327091878,29.4104259055781,29.3016821965364,30.0065384149177,30.2077739295662,31.4848850513474,32.3824611221904,33.0245481721119,32.5313395886353,31.5623885539607,31.7123938811286,29.7556907859056,29.2967366545395,29.2917908821956,29.1284509661644,28.8606233696602,28.6966166352573,29.671943624202,30.6726032155034,30.1636327091878,29.4252459745708,28.9995814762791,29.4400639777012,29.775386440627,30.5797983711788,31.3491201318989,31.789734809328,30.9310571530394,31.1062575144351,30.9261864062111,30.6384212871151,31.4218725416251,32.2670605544519,31.5430178818391,29.8639718977337,29.0293345027462,29.6522288391912,29.785232903706,29.9967123499873,29.8196883661623,29.8541327014066,30.7506925260126,31.4024766868113,31.6059598963918,30.8384752513387,31.0235595103858,30.5846848369351,31.4897306471418,31.8283845969328,31.8766774757177,31.6156400361194,31.4024766868113,31.0284258558301,30.9554075825969,30.5064746746021,30.2715013432821,30.0752955782511,29.3807795666623,29.217576634222,29.2621114091025,29.0293345027462,28.915235811822,28.7562848918599,29.009500080336,29.2917908821956,29.2818986463425,29.0392503216033,29.0689922118039,29.4054854233555,30.4184200315594,30.4184200315594,29.8885659198648,29.6078572246797,29.4400639777012,29.2769521827709,29.2917908821956,29.1928270144785,29.4252459745708,29.2868448794737,29.1433104459398,29.0243762452778,29.1086350865945,29.2720054887278,29.400544711469,29.385721197515,29.1482631431937,29.0342925281775,29.0293345027462,29.1086350865945,29.0342925281775,28.9251623196095,29.1334043574566,29.6423700780649,29.3264064524046,29.3956037698873,29.3313506129726,29.3214620616761,29.6127883172604,29.4203061811547,29.1878763976491,29.1928270144785,29.2373721746069,29.3758377059907,29.6275802249099,29.6423700780649,29.8147668387412,29.6177191814719,29.4894424120718,29.2126271720896,29.1234973434636,29.2720054887278,29.1680716196875,29.3264064524046,29.173023160837,29.1977774003059,29.4647560610483,29.4252459745708,29.5042514727762,29.6325104041979,29.6078572246797,29.7310660989319,29.7212146309145,29.5684002590573,29.2472685603494,29.2769521827709,29.2868448794737,29.3165174407562,29.2818986463425,29.2769521827709,29.4153661581674,29.3807795666623,29.3659532950663,29.4894424120718,29.3956037698873,29.2967366545395,29.1581678438823,29.0243762452778,28.8854507011395,29.019417755741,29.0045408944048,28.8854507011395,28.7612557262559,28.8755204676278,29.044207883055,29.1829255497865,29.1086350865945,29.3956037698873,29.4845056002677,29.400544711469,29.5141230346309,29.4153661581674,29.4696937897153,29.4301855384466,29.4746312891203,29.7015089622882,29.7212146309145,29.6916547611904,29.6522288391912,29.6571578775531,29.7212146309145,29.671943624202,29.8049231025195,29.6127883172604,29.3659532950663,29.3461817140249,29.2868448794737,29.1482631431937,29.3461817140249,29.2769521827709,29.1631198473796,29.1284509661644,29.2769521827709,29.3264064524046,29.5042514727762,29.6916547611904,29.6768717503746,29.7261404787557,29.5831983351633,29.6226498173448,29.6275802249099,29.5881305700507,29.5782658717225,29.7606150407326,29.6571578775531,29.8344515860316,29.7064357210951,29.775386440627,29.6472995727053,29.5782658717225,29.3214620616761,29.3016821965364,29.2917908821956,29.2522164072173,29.2769521827709,29.4104259055781,29.3214620616761,29.217576634222,29.227474865981,29.1928270144785,29.103680537945,29.0342925281775,29.0541223101622,29.0937707459177,28.9053083729833,28.6966166352573,28.7463425217002,28.8010139892131,28.8109512193939,28.7513138236853,28.8655893020517,28.8308228788658,28.8506908055119,28.8556572041575,28.7264549750173,28.8705550013636,28.8059827210337,28.9201991820813,28.930125224438,28.8854507011395,28.9946218259274,29.0789043205857,28.940050336123,28.7463425217002,28.5074444391028,28.327915175609,28.2680040377398,28.2330401214815,28.1280786023483,28.1030723156867,28.063049878718,28.0680535169536,27.9278614710339,28.048037534235,27.9128297863749,27.7874819207868,27.7975152652541,27.8576951793018
29.8885659198648,29.3313506129726,29.3115725896136,29.6423700780649,29.3115725896136,29.2818986463425,29.6226498173448,30.9310571530394,32.0696344652953,31.9635505457581,32.0648147149671,32.4641293177943,32.4641293177943,30.3449858725725,29.1185434893225,29.0987257577298,28.7711966938393,28.666769865686,28.8059827210337,29.1433104459398,30.1636327091878,31.0089591551708,29.9573990480468,28.9995814762791,28.9648590453057,29.3956037698873,29.8098450842037,30.9797525071693,30.9700151977068,31.1208446966917,31.1159825218625,30.9602770077943,30.3890524059812,30.5211434227513,31.2277571316367,31.5623885539607,32.0551745731177,30.7994695527038,29.7803097858312,30.0605656241719,30.1194732660389,29.8934840441875,30.2420934053758,30.7799613972138,31.0624841221194,31.392777454158,31.1354299059856,30.6970122213627,30.4624563909023,30.9213154390094,31.2520406467337,31.2326142717151,31.6011195019845,31.4655004971081,31.2180421956907,30.9407979856924,30.5309214741276,30.5211434227513,30.5455868806973,30.0802051118783,29.4104259055781,29.217576634222,29.2670585641821,28.9598977684891,28.8407573086651,28.7363992161709,29.8049231025195,30.40863171704,29.6867273188382,28.8159194843254,29.5141230346309,29.8098450842037,30.0360111882413,29.9819715575531,29.5437322255563,29.4153661581674,29.4548799158045,29.3016821965364,29.2769521827709,29.173023160837,29.1680716196875,29.242320482823,29.3807795666623,29.1433104459398,29.2621114091025,29.2720054887278,29.1185434893225,29.3264064524046,29.173023160837,29.1532156091641,29.0739483820717,29.1680716196875,29.1581678438823,29.0739483820717,29.0739483820717,29.0937707459177,29.1383575173713,29.257164023458,29.1433104459398,28.8953800028402,29.3313506129726,29.1928270144785,29.0293345027462,29.0937707459177,29.044207883055,29.1532156091641,29.5486662897325,29.8000008936581,29.8984019418799,29.7901557942818,29.6177191814719,29.7606150407326,29.3016821965364,29.1135894037099,29.1185434893225,28.9995814762791,28.8606233696602,29.009500080336,29.3758377059907,29.6522288391912,29.6177191814719,29.5091873682112,29.795078457589,29.5042514727762,29.5684002590573,29.3758377059907,29.4301855384466,29.55360012514,29.6817996485765,29.6275802249099,29.3313506129726,29.2720054887278,29.2967366545395,29.5239936805482,29.4746312891203,29.4203061811547,29.3264064524046,29.3115725896136,29.2225258655088,29.1433104459398,29.0144590341043,28.9797414812012,29.009500080336,28.9648590453057,28.9003443043406,28.7761668270904,28.9499745173891,28.9995814762791,29.1433104459398,29.2373721746069,29.2967366545395,29.3313506129726,29.3906625985796,29.4203061811547,29.4203061811547,29.5141230346309,29.5338634107745,29.7458415937754,29.7064357210951,29.55360012514,29.6965819756635,29.5782658717225,29.6965819756635,29.7704628680627,29.8049231025195,29.6522288391912,29.2373721746069,29.370895615469,29.3461817140249,29.227474865981,29.2720054887278,29.2818986463425,29.2769521827709,29.1680716196875,29.23242363567,29.4598181030883,29.6817996485765,29.4943789947374,29.5190584720663,29.5141230346309,29.4450028531419,29.5387979325806,29.5634671097716,29.5091873682112,29.4993153482952,29.5684002590573,29.7409166564112,29.8295307397771,29.8246096664975,29.7507663035967,29.7015089622882,29.5338634107745,29.3066275082174,29.217576634222,29.2967366545395,29.0937707459177,29.1482631431937,29.217576634222,29.3214620616761,29.2917908821956,29.2621114091025,29.217576634222,29.1631198473796,29.0392503216033,29.173023160837,28.8208875158601,28.8606233696602,28.7910758250633,28.6966166352573,28.8606233696602,28.8655893020517,28.8606233696602,28.8655893020517,28.8755204676278,28.8854507011395,28.8407573086651,28.646867332668,28.8159194843254,28.9201991820813,28.940050336123,28.9995814762791,28.940050336123,29.0144590341043,29.0491652125642,28.9698200896756,28.9102722087998,28.607051009488,28.3977684560513,28.2630099036222,28.0880656878123,28.063049878718,28.1180768014564,28.0580460022081,28.063049878718,27.9729436137625,27.8025315774346,27.8727347639835,27.7924987130493,27.6971385722891,27.7623943574465
29.6374403552393,29.2818986463425,29.4351248728131,29.3511249542619,29.3412382437518,30.3890524059812,30.0409225268145,30.9651462128213,30.9456680715749,31.1840330310874,31.9587260871605,31.9297748336551,31.7172293061013,30.001625495435,29.1532156091641,28.7562848918599,28.7513138236853,28.5970945819598,28.7562848918599,29.0243762452778,29.9868853810766,30.8530987427369,29.9623140023007,28.9797414812012,29.2027275551628,29.3906625985796,29.8049231025195,30.2224836239616,30.8433499693289,30.8336003124521,31.4267209616415,31.4364171494488,30.6091138300302,30.3988425085929,30.6433050857922,31.5139553709379,31.2083263851684,30.8969572963862,30.5846848369351,30.0556551883126,30.0163635761093,29.927904570493,30.2469952894203,30.8823397644757,30.8579727982129,31.3054451619288,30.8238497718738,30.9310571530394,30.8336003124521,31.3879275114203,31.6688653441037,31.0332919815086,31.0868048676973,31.2763187007373,30.8287251526402,30.7311755171756,30.8530987427369,30.9651462128213,31.1354299059856,30.3743655749854,29.4845056002677,29.3956037698873,29.2769521827709,28.9499745173891,28.8109512193939,29.4696937897153,30.2764018809912,30.7604497017866,30.7067742712998,29.6916547611904,29.5239936805482,29.671943624202,29.6916547611904,29.7015089622882,29.3956037698873,29.3214620616761,29.5881305700507,29.4153661581674,29.2917908821956,29.1433104459398,29.103680537945,29.3264064524046,29.1779744708596,28.9946218259274,29.2126271720896,29.242320482823,29.0689922118039,29.2769521827709,29.1829255497865,29.1928270144785,29.1185434893225,29.1779744708596,29.257164023458,29.0689922118039,28.8606233696602,28.7711966938393,28.6717449129776,28.8953800028402,29.1383575173713,28.9053083729833,29.1135894037099,29.1878763976491,29.1928270144785,29.1928270144785,28.9896619433183,29.2126271720896,29.4795685592941,29.3412382437518,29.2967366545395,29.3362945434113,29.5881305700507,29.7606150407326,29.6177191814719,29.3807795666623,29.217576634222,29.1433104459398,28.8755204676278,29.1928270144785,29.4400639777012,29.7556907859056,29.6472995727053,29.8541327014066,29.8590524129916,29.4993153482952,29.6078572246797,29.4203061811547,29.4400639777012,29.667015270028,29.6522288391912,29.4301855384466,29.2967366545395,29.2967366545395,29.5338634107745,29.5190584720663,29.5091873682112,29.5091873682112,29.4301855384466,29.2967366545395,29.3461817140249,29.3115725896136,29.1532156091641,29.0342925281775,29.1482631431937,29.083860027377,29.1334043574566,29.0541223101622,28.9499745173891,28.9499745173891,29.009500080336,29.2720054887278,29.5141230346309,29.5782658717225,29.5831983351633,29.6078572246797,29.6078572246797,29.7064357210951,29.7556907859056,29.7803097858312,29.6127883172604,29.5486662897325,29.5437322255563,29.4450028531419,29.5585337318094,29.7901557942818,29.8344515860316,29.55360012514,29.385721197515,29.227474865981,29.1482631431937,29.103680537945,29.1234973434636,29.2522164072173,29.1482631431937,29.1631198473796,29.1086350865945,29.3264064524046,29.4203061811547,29.4203061811547,29.4845056002677,29.5141230346309,29.5289286601073,29.6029259036991,29.5733331796973,29.5239936805482,29.6177191814719,29.6472995727053,29.8049231025195,29.8049231025195,29.7606150407326,29.7359914914735,29.5486662897325,29.3560679644938,29.1977774003059,29.217576634222,29.2076774790804,29.0888155024772,29.0937707459177,29.1631198473796,29.3115725896136,29.2225258655088,29.227474865981,29.1928270144785,29.2670585641821,29.0888155024772,29.1383575173713,28.9450125430426,28.8159194843254,28.7015902771012,28.6866686490532,28.7065636848157,28.8506908055119,28.8606233696602,28.8308228788658,28.8606233696602,28.8655893020517,28.7910758250633,28.8407573086651,28.9251623196095,28.7811367266903,28.9350878965987,28.9102722087998,29.0590791758805,29.0640358097506,29.0739483820717,28.9499745173891,28.9350878965987,28.7015902771012,28.4326777380859,28.3578579676639,28.228044327915,28.1980645842911,28.0780600787342,27.962927032733,28.0830630023446,27.8025315774346,27.9028074670123,27.812563481855,27.837639044803,27.6820737710463,27.7975152652541
29.6620866878218,29.4696937897153,29.3659532950663,29.4696937897153,30.6872492844533,32.2574383189566,31.1791737038519,30.8872124957083,30.4820223028257,30.9456680715749,31.7172293061013,31.5284876020929,30.9700151977068,30.0605656241719,29.3264064524046,28.7562848918599,28.6866686490532,28.607051009488,28.5970945819598,28.8357902104004,29.6965819756635,30.40863171704,29.5239936805482,29.4203061811547,29.8295307397771,29.7606150407326,29.9377369683613,30.4282074523887,30.3400884721394,30.9651462128213,31.2568966943074,31.9924927979494,31.6446752646324,30.6335372663431,30.5700247722933,30.6481886624036,30.4233138536706,31.0381578874506,30.657955149547,30.2469952894203,29.8590524129916,30.3841570192894,30.8140983473607,30.6335372663431,30.8092223035559,30.8384752513387,30.9407979856924,30.8628466329089,31.0819411575361,31.2520406467337,30.4820223028257,30.5504749042066,31.2180421956907,31.1159825218625,30.7994695527038,30.9067012148745,30.7409344645536,31.2617525234662,31.2811736565213,30.3106993666494,30.0752955782511,29.8344515860316,29.3956037698873,29.0739483820717,29.1383575173713,29.6127883172604,30.1194732660389,30.6628380601376,30.6335372663431,30.2911021485288,29.3511249542619,29.6571578775531,29.8196883661623,29.6965819756635,29.7015089622882,29.3115725896136,29.4203061811547,29.4400639777012,29.2967366545395,29.4054854233555,29.103680537945,29.0937707459177,29.103680537945,28.98470182842,28.9747809016303,29.2126271720896,29.0640358097506,29.2967366545395,29.3115725896136,29.1829255497865,29.173023160837,28.9251623196095,28.7711966938393,28.7065636848157,28.7363992161709,28.6717449129776,28.5622396876777,28.8258553140296,29.0392503216033,28.9201991820813,29.2373721746069,29.2373721746069,29.242320482823,29.2126271720896,29.0243762452778,29.0342925281775,29.1234973434636,29.0392503216033,28.9747809016303,29.0789043205857,29.4153661581674,29.4647560610483,29.5486662897325,29.4548799158045,29.2373721746069,29.2373721746069,28.8904154684503,29.1135894037099,29.5091873682112,29.4203061811547,29.5042514727762,29.7458415937754,29.6374403552393,29.4203061811547,29.3610107447515,29.385721197515,29.6965819756635,29.7113622521147,29.5141230346309,29.3511249542619,29.3956037698873,29.4153661581674,29.5091873682112,29.5338634107745,29.5289286601073,29.449941499166,29.449941499166,29.5141230346309,29.2917908821956,29.3412382437518,29.1086350865945,29.0987257577298,29.1680716196875,29.1581678438823,28.915235811822,28.8904154684503,28.8953800028402,29.0144590341043,29.044207883055,29.4696937897153,29.5042514727762,29.6325104041979,29.6620866878218,29.6817996485765,29.5979943542878,29.7261404787557,29.7212146309145,29.7212146309145,29.5289286601073,29.4696937897153,29.5387979325806,29.5486662897325,29.2769521827709,29.3511249542619,29.3758377059907,29.2027275551628,29.1631198473796,29.1383575173713,29.0491652125642,29.0045408944048,28.9995814762791,29.1631198473796,29.1878763976491,29.2670585641821,29.2818986463425,29.3412382437518,29.4450028531419,29.4351248728131,29.5289286601073,29.6078572246797,29.5091873682112,29.6472995727053,29.667015270028,29.6472995727053,29.5338634107745,29.6226498173448,29.8541327014066,29.7606150407326,29.7704628680627,29.7409166564112,29.7606150407326,29.4548799158045,29.2373721746069,29.173023160837,29.2373721746069,29.1680716196875,29.370895615469,29.3066275082174,29.1482631431937,29.1185434893225,29.1928270144785,29.2967366545395,29.3906625985796,29.2818986463425,29.1829255497865,29.019417755741,28.9450125430426,28.9598977684891,28.6966166352573,28.7214825035015,28.8308228788658,28.8655893020517,28.8755204676278,28.7960450239002,28.7711966938393,28.8804857008759,28.7910758250633,28.7811367266903,28.7363992161709,28.8705550013636,28.7910758250633,28.8208875158601,28.8109512193939,28.9450125430426,29.0590791758805,28.9102722087998,28.6966166352573,28.4476353203531,28.1980645842911,28.1980645842911,28.218052029166,28.1130755441568,27.9979808867536,27.9729436137625,27.9729436137625,27.9228511486881,27.8977959483549,27.8025315774346,27.7874819207868,27.7071805696107
29.6522288391912,29.2818986463425,29.3412382437518,30.3694695173139,32.3728490754561,31.5478608749066,30.7994695527038,30.7604497017866,30.7653279576147,30.9554075825969,31.5672306803568,31.7220645153484,31.3782269729805,30.8384752513387,29.4548799158045,28.7264549750173,28.5921160160095,28.5921160160095,28.5970945819598,29.0541223101622,29.5141230346309,29.8492127629486,29.3659532950663,29.7162885553777,30.045833639664,30.0654758344281,30.7506925260126,31.1888921394784,30.9651462128213,31.43156916424,31.1840330310874,31.5284876020929,31.9490765269449,30.5651376391053,30.657955149547,30.7555712245957,30.7165354344988,31.0916683584391,30.3988425085929,29.8787289912069,30.0605656241719,30.5455868806973,30.5504749042066,30.5455868806973,30.8872124957083,30.8433499693289,30.7067742712998,30.4037372245722,30.2077739295662,30.9115728433701,30.7897159173343,30.3449858725725,30.9115728433701,30.9310571530394,30.7458136060084,30.9067012148745,30.8969572963862,30.8433499693289,30.7945928455984,30.848224466452,30.7018933571882,30.045833639664,29.6472995727053,29.3115725896136,29.4894424120718,29.6571578775531,30.0851144200226,30.5944571012223,30.4282074523887,30.7360551016191,30.7506925260126,30.6823674833107,30.4771311594754,29.8049231025195,29.3758377059907,29.3066275082174,29.6965819756635,29.8738101868109,29.4647560610483,29.6275802249099,29.2076774790804,28.9896619433183,28.9201991820813,29.0392503216033,28.930125224438,29.1581678438823,29.1234973434636,29.4252459745708,29.3511249542619,29.1680716196875,29.0739483820717,28.7463425217002,28.7513138236853,28.646867332668,28.5024616412321,28.537336284473,28.6568190680113,28.8308228788658,28.8357902104004,29.0491652125642,29.0937707459177,29.4795685592941,29.3066275082174,29.2027275551628,29.0144590341043,29.0045408944048,29.0392503216033,28.7612557262559,28.7612557262559,29.0987257577298,29.3758377059907,29.3560679644938,29.3511249542619,29.3461817140249,29.242320482823,28.9499745173891,28.9003443043406,29.3461817140249,29.4943789947374,29.370895615469,29.8590524129916,29.7359914914735,29.5930625764153,29.6423700780649,29.3461817140249,29.3461817140249,29.7556907859056,29.7310660989319,29.6374403552393,29.5338634107745,29.6867273188382,29.6325104041979,29.5190584720663,29.4894424120718,29.4696937897153,29.449941499166,29.5141230346309,29.4598181030883,29.2670585641821,29.2967366545395,29.2917908821956,29.1086350865945,29.1234973434636,29.0789043205857,29.0739483820717,29.0590791758805,28.9995814762791,29.1532156091641,29.0392503216033,29.3165174407562,29.6325104041979,29.7507663035967,29.6965819756635,29.6867273188382,29.6472995727053,29.6078572246797,29.7162885553777,29.795078457589,29.7113622521147,29.6867273188382,29.5437322255563,29.5585337318094,29.400544711469,29.2373721746069,29.1631198473796,29.1680716196875,29.1532156091641,29.0590791758805,29.1135894037099,29.019417755741,29.1383575173713,29.0392503216033,29.2373721746069,29.3264064524046,29.3807795666623,29.5634671097716,29.5831983351633,29.6177191814719,29.5387979325806,29.5190584720663,29.5190584720663,29.5091873682112,29.4943789947374,29.6817996485765,29.6965819756635,29.7212146309145,29.7704628680627,29.7704628680627,29.8492127629486,29.8344515860316,29.7556907859056,29.6275802249099,29.3264064524046,29.173023160837,29.3511249542619,29.2868448794737,29.4054854233555,29.3511249542619,29.3115725896136,29.2076774790804,29.385721197515,29.5782658717225,29.5141230346309,29.5289286601073,29.3115725896136,29.1334043574566,28.9797414812012,28.8208875158601,28.8159194843254,28.6816943046293,28.6866686490532,28.8457241736917,28.7861063926706,28.8606233696602,28.8457241736917,28.7662263269051,28.6617945840412,28.7761668270904,28.7264549750173,28.7264549750173,28.8059827210337,28.7811367266903,28.8059827210337,29.0144590341043,29.044207883055,28.9201991820813,28.8357902104004,28.4476353203531,28.4077437165986,28.2380356778862,28.2130555239183,28.043032942706,28.0780600787342,28.0930681351701,28.0280177375547,27.9929739096901,27.9178405871461,27.8677218086608,27.8276095391327,27.8476675914376
29.3560679644938,29.227474865981,29.3807795666623,30.8969572963862,31.6204797814959,30.8872124957083,30.1194732660389,30.1538210751758,30.0212758178786,30.251896949001,31.0235595103858,30.9456680715749,31.140291204115,30.2469952894203,29.2373721746069,28.6717449129776,28.5771789090283,28.5921160160095,28.6269610479519,29.0640358097506,29.227474865981,29.0541223101622,29.0640358097506,29.6177191814719,29.9229880319466,30.4820223028257,31.1888921394784,31.6349977200145,31.0332919815086,31.4655004971081,31.1888921394784,31.8332148522208,31.2471843807161,29.9426528277437,29.795078457589,30.8530987427369,30.8579727982129,30.7848387678825,29.9524838675562,29.8393722052915,29.8787289912069,30.3841570192894,30.6091138300302,30.6091138300302,30.9359276795236,30.848224466452,29.9131542754777,29.2868448794737,29.3412382437518,30.2813021944153,30.6921308637942,30.3449858725725,30.5406986345341,30.3449858725725,30.6970122213627,30.9943568210254,30.8872124957083,30.7214156836447,30.8628466329089,30.7555712245957,30.3596767307832,30.305800398308,30.0703858191111,30.045833639664,29.927904570493,29.8295307397771,30.0851144200226,30.7897159173343,30.5651376391053,30.5749116829746,31.3442682293294,31.2568966943074,31.2277571316367,30.2813021944153,29.6916547611904,29.5190584720663,29.8344515860316,30.1243807714027,29.5289286601073,29.1383575173713,29.1086350865945,28.8904154684503,28.7264549750173,28.8655893020517,28.940050336123,29.0342925281775,29.2373721746069,29.3165174407562,29.3956037698873,29.7162885553777,29.1680716196875,28.7314272125631,28.6319379709646,28.3578579676639,28.3578579676639,28.8357902104004,28.8208875158601,28.8357902104004,29.0342925281775,28.8407573086651,29.0590791758805,29.3066275082174,29.227474865981,29.1482631431937,29.0045408944048,29.009500080336,28.8904154684503,28.6568190680113,28.8854507011395,29.2027275551628,29.370895615469,29.1680716196875,29.0144590341043,29.1334043574566,29.2522164072173,28.9350878965987,29.0541223101622,29.0491652125642,28.8904154684503,29.1334043574566,29.5338634107745,29.4104259055781,29.5881305700507,29.6127883172604,29.3412382437518,29.5930625764153,29.6867273188382,29.7409166564112,29.7212146309145,29.7310660989319,29.5239936805482,29.5437322255563,29.6374403552393,29.4795685592941,29.5387979325806,29.5190584720663,29.4647560610483,29.4054854233555,29.3016821965364,29.3412382437518,29.1779744708596,29.0293345027462,29.0888155024772,29.0342925281775,28.9797414812012,29.0243762452778,29.0144590341043,29.0293345027462,29.1631198473796,29.3362945434113,29.6522288391912,29.6029259036991,29.6374403552393,29.5979943542878,29.5733331796973,29.7310660989319,29.7212146309145,29.8590524129916,29.6817996485765,29.6867273188382,29.5585337318094,29.6620866878218,29.5634671097716,29.4104259055781,29.2373721746069,29.1284509661644,29.0392503216033,28.9995814762791,28.9946218259274,29.0045408944048,29.173023160837,29.242320482823,29.23242363567,29.3610107447515,29.3906625985796,29.3412382437518,29.5338634107745,29.5239936805482,29.4104259055781,29.3165174407562,29.3016821965364,29.370895615469,29.5239936805482,29.671943624202,29.6916547611904,29.6472995727053,29.6226498173448,29.6078572246797,29.6571578775531,29.6423700780649,29.7507663035967,29.7064357210951,29.2967366545395,29.2769521827709,29.3362945434113,29.3610107447515,29.4054854233555,29.5437322255563,29.5338634107745,29.3066275082174,29.3659532950663,29.5190584720663,29.5634671097716,29.5289286601073,29.2225258655088,29.0640358097506,29.0342925281775,29.0689922118039,28.8258553140296,28.8258553140296,28.7960450239002,28.8407573086651,28.8059827210337,28.8258553140296,28.8109512193939,28.7463425217002,28.7761668270904,28.7463425217002,28.8606233696602,28.8506908055119,28.7264549750173,28.7960450239002,28.8208875158601,28.930125224438,29.0491652125642,28.940050336123,28.6568190680113,28.4376638346625,28.4077437165986,28.2480260793404,28.1780733411736,28.0730569169481,28.0880656878123,27.9479003691149,27.9278614710339,28.0880656878123,27.9278614710339,27.9178405871461,27.8225944265762,27.837639044803
28.98470182842,29.227474865981,30.1145655354327,31.2277571316367,31.7317342867787,31.6011195019845,30.6530720169788,30.158727004683,29.7901557942818,30.3253949273354,30.4575643551052,30.5358101656873,30.7750838052991,29.6916547611904,28.7513138236853,28.7513138236853,28.6020729131087,28.5672196631112,28.7165097979839,29.0541223101622,29.1878763976491,28.7562848918599,28.9450125430426,29.8688911556633,29.9819715575531,30.8725936400776,31.4751932084967,31.1986096998407,30.5944571012223,30.7458136060084,30.5651376391053,31.2763187007373,30.6042284760713,29.795078457589,29.8000008936581,30.1832532777823,30.3253949273354,30.1292880515541,30.1145655354327,29.7901557942818,29.6325104041979,30.0851144200226,30.5602502833811,30.4918039204427,30.5700247722933,30.8140983473607,30.1391019363398,29.1581678438823,28.915235811822,29.8147668387412,30.6139989617178,30.3351908478087,29.6226498173448,29.9229880319466,30.5309214741276,30.9992244856698,31.0965316297901,30.6970122213627,30.8725936400776,30.5895710802732,30.109657579554,30.197966343171,30.2077739295662,30.5602502833811,30.5602502833811,30.2666005812584,29.775386440627,30.8725936400776,31.4267209616415,30.7458136060084,31.0868048676973,31.7607384265735,31.7800702099303,31.4606538156414,30.8433499693289,29.8787289912069,30.0605656241719,29.671943624202,29.103680537945,29.103680537945,29.1334043574566,28.7513138236853,28.8804857008759,28.9251623196095,28.9995814762791,28.9598977684891,29.257164023458,29.4153661581674,29.4301855384466,29.6867273188382,29.3313506129726,28.7960450239002,28.4027562043539,28.3578579676639,28.5024616412321,28.9549362591941,29.2720054887278,29.0392503216033,29.2670585641821,29.0491652125642,29.4845056002677,29.3807795666623,28.9698200896756,28.61202887113,29.0541223101622,29.0491652125642,28.6219838903298,28.6418911132907,29.1482631431937,29.1829255497865,29.1977774003059,29.2670585641821,29.2769521827709,29.257164023458,29.1779744708596,29.0491652125642,29.173023160837,28.7562848918599,28.7413709858727,29.1977774003059,29.3461817140249,29.55360012514,29.5782658717225,29.4746312891203,29.8344515860316,29.7606150407326,29.8541327014066,29.7113622521147,29.5831983351633,29.4993153482952,29.4845056002677,29.5634671097716,29.6275802249099,29.6472995727053,29.4252459745708,29.385721197515,29.370895615469,29.4301855384466,29.4252459745708,29.173023160837,29.0937707459177,29.019417755741,29.1135894037099,29.103680537945,28.9598977684891,29.0739483820717,29.2670585641821,29.1532156091641,29.227474865981,29.3362945434113,29.4845056002677,29.5486662897325,29.6325104041979,29.7015089622882,29.7015089622882,29.7704628680627,29.6965819756635,29.5684002590573,29.4548799158045,29.4351248728131,29.6029259036991,29.7261404787557,29.671943624202,29.3906625985796,29.2225258655088,29.1631198473796,28.9995814762791,28.9003443043406,28.9946218259274,29.0392503216033,29.1086350865945,29.3560679644938,29.385721197515,29.4845056002677,29.4746312891203,29.385721197515,29.5289286601073,29.3511249542619,29.3906625985796,29.5141230346309,29.4351248728131,29.5239936805482,29.4845056002677,29.5881305700507,29.5486662897325,29.6127883172604,29.5733331796973,29.6571578775531,29.6226498173448,29.7261404787557,29.7064357210951,29.6029259036991,29.4351248728131,29.3906625985796,29.5782658717225,29.5141230346309,29.6325104041979,29.7015089622882,29.7015089622882,29.5881305700507,29.6768717503746,29.5733331796973,29.6275802249099,29.6177191814719,29.449941499166,29.2373721746069,29.1284509661644,29.1284509661644,28.9946218259274,28.7811367266903,28.8059827210337,28.8059827210337,28.7861063926706,28.6866686490532,28.8357902104004,28.8208875158601,28.7910758250633,28.7960450239002,28.7413709858727,28.7314272125631,28.7314272125631,28.8357902104004,28.9797414812012,28.9698200896756,28.9499745173891,28.8457241736917,28.5821581795757,28.4077437165986,28.4326777380859,28.1780733411736,28.1930671296786,28.2480260793404,28.0730569169481,28.1230778208426,27.9479003691149,27.9579183838364,27.9128297863749,27.8276095391327,27.8075476496238,27.7975152652541
29.227474865981,30.5895710802732,32.0599947509171,32.8045550907445,33.5345704807601,31.5914380639419,30.7945928455984,30.0212758178786,29.667015270028,30.3204966311333,30.0605656241719,30.7165354344988,31.0673487102469,30.5406986345341,28.9747809016303,28.7463425217002,28.9648590453057,28.8953800028402,28.9102722087998,29.0541223101622,29.0541223101622,28.537336284473,29.5684002590573,30.2862022835847,30.0752955782511,30.4918039204427,31.0819411575361,31.3054451619288,30.7409344645536,30.7165354344988,30.2126773856944,30.5651376391053,30.6774854603372,30.2322889637756,30.0409225268145,30.1047493983729,29.9377369683613,29.9524838675562,30.1538210751758,29.795078457589,29.6620866878218,29.8836475688813,30.5651376391053,30.1341951065232,30.3351908478087,30.6139989617178,30.6237685583967,29.9967123499873,29.2818986463425,29.9868853810766,30.8384752513387,30.1685381887201,29.6325104041979,29.7458415937754,30.1538210751758,31.0284258558301,30.6237685583967,30.7311755171756,30.8579727982129,30.6823674833107,30.0556551883126,29.5684002590573,29.785232903706,30.5455868806973,30.8530987427369,30.848224466452,30.4820223028257,30.8579727982129,31.7655716955528,30.8677202468541,31.2520406467337,31.6253193105852,31.2520406467337,31.4751932084967,30.7262957111938,29.8836475688813,30.2567983841477,30.0556551883126,29.4054854233555,29.083860027377,29.0689922118039,29.0243762452778,29.0342925281775,29.0342925281775,29.0144590341043,28.9648590453057,29.2522164072173,29.2769521827709,29.5437322255563,29.6620866878218,29.7261404787557,29.0541223101622,28.6170064980665,28.497478607949,28.6418911132907,29.2818986463425,29.5782658717225,29.1284509661644,29.4746312891203,29.3313506129726,29.4746312891203,29.2027275551628,28.7711966938393,28.6170064980665,29.0045408944048,29.009500080336,28.8804857008759,29.1433104459398,29.044207883055,29.3758377059907,29.4548799158045,29.3906625985796,29.4351248728131,29.4252459745708,29.2522164072173,29.1829255497865,29.1234973434636,28.7363992161709,28.9251623196095,29.217576634222,29.1680716196875,29.103680537945,29.3610107447515,29.4450028531419,29.8147668387412,29.7655390681081,29.5881305700507,29.4647560610483,29.4845056002677,29.4548799158045,29.1680716196875,29.1086350865945,29.3016821965364,29.4894424120718,29.3214620616761,29.400544711469,29.5585337318094,29.449941499166,29.5141230346309,29.2373721746069,29.2522164072173,29.1482631431937,29.2868448794737,29.1779744708596,29.0987257577298,29.0342925281775,29.2818986463425,29.1829255497865,29.173023160837,29.0392503216033,29.3461817140249,29.5387979325806,29.5338634107745,29.8098450842037,29.9082370574946,30.1047493983729,30.0556551883126,29.8196883661623,29.5585337318094,29.5141230346309,29.5042514727762,29.8738101868109,29.8196883661623,29.5831983351633,29.4450028531419,29.3906625985796,29.1482631431937,29.0392503216033,29.0888155024772,29.2076774790804,29.2225258655088,29.5141230346309,29.6965819756635,29.5733331796973,29.3412382437518,29.3165174407562,29.400544711469,29.4351248728131,29.3165174407562,29.4054854233555,29.3511249542619,29.385721197515,29.1532156091641,29.400544711469,29.3165174407562,29.2076774790804,29.2967366545395,29.5486662897325,29.5684002590573,29.6275802249099,29.7606150407326,29.5979943542878,29.4400639777012,29.3659532950663,29.5585337318094,29.5831983351633,29.6374403552393,29.6522288391912,29.6867273188382,29.6177191814719,29.6423700780649,29.6768717503746,29.6325104041979,29.6029259036991,29.5881305700507,29.3461817140249,29.1482631431937,28.9946218259274,29.044207883055,28.7463425217002,28.5672196631112,28.676719725948,28.6966166352573,28.6816943046293,28.6717449129776,28.7214825035015,28.8109512193939,28.9450125430426,28.7562848918599,28.7015902771012,28.8755204676278,29.0937707459177,29.1086350865945,28.9499745173891,29.0937707459177,28.8655893020517,28.8010139892131,28.4476353203531,28.4127309928177,28.2630099036222,28.1730749366739,28.1780733411736,28.1380794518489,28.063049878718,28.0180064083215,28.0180064083215,27.9078187463413,27.8326244118639,27.6820737710463,27.9178405871461
29.9524838675562,31.4170239041623,32.0840924342254,33.2154881201333,33.2965370863767,30.7165354344988,31.6059598963918,29.7507663035967,29.4351248728131,30.1145655354327,29.9475684607986,30.4820223028257,30.4820223028257,30.5064746746021,30.0065384149177,29.1631198473796,29.083860027377,29.3016821965364,29.4203061811547,29.1829255497865,29.0541223101622,28.7463425217002,29.8984019418799,30.4037372245722,30.2960017892775,29.6817996485765,30.5944571012223,30.6335372663431,30.7848387678825,31.6204797814959,31.697886311578,31.8380448924544,31.9201227001367,30.9894889364131,31.3636745324836,30.9213154390094,29.8590524129916,30.1145655354327,30.305800398308,29.6127883172604,29.6127883172604,29.9475684607986,30.3155981109145,29.9573990480468,30.3547800018646,30.3253949273354,31.1257066523027,30.9748839624798,29.3412382437518,30.3155981109145,30.8384752513387,29.9082370574946,29.5979943542878,29.7162885553777,30.4624563909023,30.4575643551052,30.5455868806973,30.8823397644757,30.8238497718738,30.1489149206362,29.5782658717225,29.173023160837,29.3115725896136,30.094932359983,30.6970122213627,30.8287251526402,30.2666005812584,30.6921308637942,31.392777454158,31.5139553709379,31.5187996648599,31.5672306803568,31.2520406467337,31.7365688490178,30.7067742712998,30.2764018809912,30.6970122213627,30.7702059921091,29.5634671097716,29.2373721746069,29.009500080336,28.9003443043406,28.8904154684503,28.8953800028402,28.9350878965987,28.9698200896756,29.019417755741,29.257164023458,29.2720054887278,29.6423700780649,29.3214620616761,28.9549362591941,28.5821581795757,28.6170064980665,28.8407573086651,29.385721197515,29.3906625985796,29.3412382437518,29.3758377059907,29.3511249542619,28.9598977684891,28.9598977684891,28.5771789090283,28.5672196631112,29.0789043205857,29.0689922118039,29.1383575173713,29.0342925281775,29.083860027377,29.2373721746069,29.2967366545395,29.242320482823,29.1284509661644,29.2225258655088,29.2522164072173,29.6325104041979,29.0888155024772,28.9598977684891,29.1928270144785,29.0987257577298,29.217576634222,29.1532156091641,29.370895615469,29.3610107447515,29.3659532950663,29.3610107447515,29.5239936805482,29.3214620616761,29.0392503216033,28.9102722087998,28.7413709858727,29.0293345027462,29.1135894037099,29.1334043574566,29.4153661581674,29.4203061811547,29.2967366545395,29.4746312891203,29.4845056002677,29.0789043205857,29.0491652125642,29.217576634222,29.1383575173713,29.217576634222,29.1878763976491,29.0590791758805,29.1977774003059,29.0789043205857,28.9450125430426,29.1086350865945,29.0987257577298,29.217576634222,29.400544711469,29.5387979325806,29.7409166564112,29.7606150407326,29.9623140023007,29.9426528277437,29.8885659198648,29.775386440627,29.9082370574946,29.9917989785445,29.8147668387412,29.7458415937754,29.6423700780649,29.6029259036991,29.3956037698873,29.2720054887278,29.2868448794737,29.4301855384466,29.3560679644938,29.5239936805482,29.5387979325806,29.5042514727762,29.3016821965364,29.2621114091025,29.257164023458,29.3560679644938,29.5190584720663,29.385721197515,29.3264064524046,29.3165174407562,29.3214620616761,29.3214620616761,29.4104259055781,29.400544711469,29.4351248728131,29.5634671097716,29.5831983351633,29.7803097858312,29.6226498173448,29.775386440627,29.6867273188382,29.5684002590573,29.5338634107745,29.4795685592941,29.4450028531419,29.5289286601073,29.4351248728131,29.5585337318094,29.6078572246797,29.6423700780649,29.5930625764153,29.5684002590573,29.449941499166,29.3511249542619,29.1878763976491,29.0541223101622,28.9251623196095,28.6418911132907,28.6866686490532,28.5721994035508,28.5124270015936,28.5771789090283,28.5921160160095,28.6617945840412,28.5821581795757,28.7413709858727,28.7861063926706,28.7314272125631,28.9598977684891,29.0789043205857,29.0937707459177,28.98470182842,28.9747809016303,28.8953800028402,28.6170064980665,28.5074444391028,28.3229238825521,28.2130555239183,28.218052029166,28.1580782977234,28.0130003858666,27.962927032733,27.982959239327,27.9479003691149,27.8426534379831,27.8225944265762,27.837639044803,27.8276095391327
30.8677202468541,32.6081006745215,33.0818650753209,34.1179528631434,32.2670605544519,30.1292880515541,30.1489149206362,30.1391019363398,29.9328208826212,30.6774854603372,30.4379939797648,30.4869132231383,30.158727004683,29.8639718977337,30.1734434433101,30.0556551883126,29.6522288391912,29.1284509661644,29.0689922118039,29.370895615469,29.5289286601073,29.5930625764153,30.0605656241719,30.001625495435,30.5064746746021,30.0851144200226,30.9261864062111,30.001625495435,30.7067742712998,31.9008158582412,31.8959886111763,31.6108000744273,32.2670605544519,32.3103500952947,32.1996870381104,31.6785398636532,30.1832532777823,30.3253949273354,30.3351908478087,29.6423700780649,29.6374403552393,30.0654758344281,29.9475684607986,30.3449858725725,30.3498830491376,30.5602502833811,31.0332919815086,30.9115728433701,29.775386440627,31.2228997729714,30.4820223028257,29.6325104041979,29.2670585641821,29.400544711469,30.3400884721394,30.5651376391053,30.5358101656873,30.6872492844533,30.6823674833107,30.251896949001,29.6571578775531,29.4943789947374,29.5141230346309,29.6374403552393,30.4037372245722,30.6237685583967,30.4771311594754,31.2083263851684,31.6688653441037,31.3491201318989,31.6108000744273,31.2228997729714,31.6059598963918,31.755904942121,30.8433499693289,30.5749116829746,30.5260325598254,30.4966943947684,29.8196883661623,29.3165174407562,29.0243762452778,29.0243762452778,28.8804857008759,29.019417755741,28.676719725948,28.7562848918599,28.7861063926706,29.083860027377,29.2621114091025,29.7310660989319,29.2621114091025,28.8953800028402,28.6020729131087,28.7513138236853,29.0541223101622,29.4054854233555,29.3610107447515,29.400544711469,29.3956037698873,29.1779744708596,28.7711966938393,28.7612557262559,28.6219838903298,28.6866686490532,28.8407573086651,28.8010139892131,29.1631198473796,29.242320482823,29.0937707459177,29.1977774003059,29.2917908821956,29.2472685603494,29.0640358097506,29.1878763976491,29.3807795666623,29.667015270028,29.0144590341043,29.4054854233555,29.103680537945,29.1928270144785,29.2522164072173,29.3906625985796,29.4845056002677,29.370895615469,29.1680716196875,29.2373721746069,29.4943789947374,29.2868448794737,29.0590791758805,28.8804857008759,28.8010139892131,29.173023160837,29.1829255497865,29.1977774003059,29.1977774003059,29.1631198473796,29.3066275082174,29.4548799158045,29.385721197515,29.2868448794737,29.2621114091025,29.2621114091025,29.2967366545395,29.1482631431937,29.0342925281775,29.0888155024772,29.044207883055,29.0541223101622,29.044207883055,28.8953800028402,28.9450125430426,29.0590791758805,29.4104259055781,29.7359914914735,29.7015089622882,29.8098450842037,29.8688911556633,30.0752955782511,29.7704628680627,29.7212146309145,29.7606150407326,29.9967123499873,29.9917989785445,29.8393722052915,29.8295307397771,29.8295307397771,29.6127883172604,29.4252459745708,29.4993153482952,29.4548799158045,29.4746312891203,29.5338634107745,29.5486662897325,29.3511249542619,29.1977774003059,29.2225258655088,29.2076774790804,29.2373721746069,29.3906625985796,29.4696937897153,29.3412382437518,29.5042514727762,29.449941499166,29.4598181030883,29.4351248728131,29.5585337318094,29.5190584720663,29.4746312891203,29.6325104041979,29.5782658717225,29.6226498173448,29.7113622521147,29.7162885553777,29.6965819756635,29.6965819756635,29.5979943542878,29.795078457589,29.7261404787557,29.7409166564112,29.6275802249099,29.671943624202,29.7409166564112,29.7409166564112,29.5930625764153,29.6177191814719,29.5091873682112,29.2621114091025,29.0640358097506,29.019417755741,28.7463425217002,28.7264549750173,28.6319379709646,28.5223914205637,28.6369146594003,28.5024616412321,28.6617945840412,28.8010139892131,28.7662263269051,28.9499745173891,29.083860027377,29.0888155024772,29.0937707459177,29.2522164072173,29.1135894037099,28.9797414812012,28.7314272125631,28.6170064980665,28.4725599092219,28.3927804716586,28.3977684560513,28.3528680933838,28.1330791460061,28.1180768014564,28.0079941248089,27.982959239327,28.0130003858666,28.0530418873914,27.9479003691149,27.9078187463413,27.8025315774346
31.7993985475037,32.1948730478487,32.5985084899629,31.746237326684,30.3596767307832,30.251896949001,30.2420934053758,30.9554075825969,30.7750838052991,30.9505379372001,30.848224466452,30.7848387678825,30.251896949001,30.2567983841477,30.4869132231383,30.5602502833811,30.3596767307832,29.6768717503746,28.9896619433183,29.1878763976491,29.6965819756635,29.9573990480468,29.6029259036991,29.9229880319466,30.3400884721394,30.4869132231383,30.7067742712998,30.501584646145,30.5211434227513,31.2957372143541,32.2622495430013,31.9152963115619,31.6785398636532,31.683376799489,31.9924927979494,31.6785398636532,30.2764018809912,30.5993428998119,30.8872124957083,30.4575643551052,29.9131542754777,30.6970122213627,30.9213154390094,30.0212758178786,30.001625495435,30.1489149206362,30.5895710802732,30.3596767307832,29.8738101868109,30.6726032155034,29.4943789947374,28.8506908055119,28.8904154684503,29.5338634107745,30.2028702487351,29.9426528277437,29.671943624202,29.9426528277437,29.8246096664975,29.667015270028,29.4301855384466,29.1977774003059,29.3165174407562,29.4746312891203,30.1243807714027,30.2420934053758,30.364573235923,30.7116549637269,31.0332919815086,31.3685255637321,31.2763187007373,30.7262957111938,31.3442682293294,31.7365688490178,31.0576193144282,30.5113644801692,31.0624841221194,30.2567983841477,29.5634671097716,29.1482631431937,28.8407573086651,29.1532156091641,29.23242363567,29.0293345027462,28.8506908055119,28.8059827210337,29.0144590341043,29.019417755741,29.173023160837,29.7655390681081,29.0541223101622,28.8904154684503,28.8904154684503,28.7264549750173,29.0491652125642,29.3362945434113,29.3461817140249,29.4548799158045,29.3115725896136,29.1086350865945,28.666769865686,28.3828037944729,28.5124270015936,28.5771789090283,28.9698200896756,29.1185434893225,29.2373721746069,29.0987257577298,28.8357902104004,29.0937707459177,29.3264064524046,29.0739483820717,29.1878763976491,29.2472685603494,29.5881305700507,29.1482631431937,29.3016821965364,29.1928270144785,29.0342925281775,29.1779744708596,29.1234973434636,29.3758377059907,29.370895615469,29.1680716196875,29.1334043574566,29.173023160837,29.0937707459177,28.9251623196095,28.9251623196095,29.0144590341043,29.1334043574566,29.2769521827709,29.1779744708596,29.1086350865945,29.1135894037099,29.1284509661644,29.1779744708596,29.1977774003059,29.23242363567,29.2818986463425,29.4795685592941,29.3906625985796,29.3016821965364,29.1581678438823,29.1532156091641,29.1433104459398,29.2126271720896,29.0937707459177,29.0640358097506,28.9797414812012,28.9350878965987,29.0342925281775,29.1928270144785,29.5141230346309,29.785232903706,29.7015089622882,29.6127883172604,29.7803097858312,29.6226498173448,29.5979943542878,29.785232903706,29.9917989785445,29.9819715575531,29.9573990480468,29.8295307397771,29.9868853810766,29.9377369683613,29.7162885553777,29.7507663035967,29.7556907859056,29.7064357210951,29.6965819756635,29.370895615469,29.3313506129726,29.400544711469,29.4301855384466,29.1779744708596,29.1433104459398,29.227474865981,29.2126271720896,29.3066275082174,29.3165174407562,29.2967366545395,29.4252459745708,29.4598181030883,29.1928270144785,29.4894424120718,29.5437322255563,29.5437322255563,29.3610107447515,29.4203061811547,29.4104259055781,29.4845056002677,29.4845056002677,29.5486662897325,29.6374403552393,29.6916547611904,29.8000008936581,29.6768717503746,29.5979943542878,29.5831983351633,29.667015270028,29.6620866878218,29.5239936805482,29.5881305700507,29.5733331796973,29.3264064524046,29.0392503216033,28.9698200896756,28.7662263269051,28.7214825035015,28.6916427592519,28.6369146594003,28.537336284473,28.4625907807171,28.5771789090283,28.6816943046293,28.8059827210337,28.9598977684891,29.0590791758805,29.083860027377,29.2126271720896,29.217576634222,29.1135894037099,28.8159194843254,28.61202887113,28.5024616412321,28.5074444391028,28.228044327915,28.14807935022,28.1630774149815,28.1030723156867,27.9979808867536,27.9979808867536,27.9328715542163,27.9328715542163,27.7874819207868,27.8225944265762,27.9178405871461,27.7874819207868
32.1948730478487,32.7327224806679,32.7279319615068,31.140291204115,30.0261878338035,30.2273864061603,30.2764018809912,31.1305683887244,30.80434603868,30.9115728433701,30.7506925260126,30.3792614089673,29.8246096664975,30.5749116829746,30.7897159173343,30.6530720169788,30.8872124957083,30.7018933571882,29.2373721746069,29.6916547611904,30.4673482035432,30.1440085410342,29.9524838675562,30.3841570192894,30.3449858725725,30.3841570192894,30.6970122213627,30.7018933571882,31.2957372143541,31.2617525234662,31.8959886111763,32.2045008154216,32.2045008154216,30.8189741701236,31.4364171494488,31.013826160085,30.3890524059812,31.2277571316367,31.8090614246808,31.0722130788396,30.1243807714027,30.6872492844533,31.0527542871446,30.3498830491376,29.55360012514,29.7212146309145,29.9524838675562,29.6226498173448,29.6275802249099,30.1243807714027,29.3659532950663,28.6369146594003,29.2769521827709,29.9819715575531,29.8590524129916,29.370895615469,29.1532156091641,29.3165174407562,29.2868448794737,29.2472685603494,29.1433104459398,29.1234973434636,29.1185434893225,29.4647560610483,29.5338634107745,29.6226498173448,29.8934840441875,30.2567983841477,30.9261864062111,31.4606538156414,31.2228997729714,30.4135259860258,30.7750838052991,31.1791737038519,30.8969572963862,30.7994695527038,30.3302929995506,29.8295307397771,29.3560679644938,29.1383575173713,29.009500080336,29.0392503216033,29.4203061811547,29.2076774790804,29.0789043205857,29.1928270144785,29.1680716196875,29.019417755741,29.3066275082174,29.5190584720663,29.1383575173713,28.7861063926706,28.7861063926706,28.7662263269051,28.9995814762791,29.217576634222,29.3758377059907,29.4104259055781,29.1135894037099,28.8755204676278,28.5672196631112,28.3778151016153,28.3129405866768,29.0045408944048,29.1829255497865,29.1433104459398,29.0987257577298,28.8258553140296,28.8407573086651,29.3115725896136,29.257164023458,29.0789043205857,29.0937707459177,29.2621114091025,29.400544711469,29.385721197515,29.3807795666623,28.8506908055119,29.0045408944048,29.0293345027462,29.2621114091025,29.6127883172604,29.257164023458,29.009500080336,28.9797414812012,28.930125224438,28.9549362591941,28.9201991820813,29.1631198473796,29.2868448794737,29.103680537945,29.2769521827709,29.2522164072173,29.2670585641821,29.2126271720896,29.2027275551628,29.1928270144785,29.3956037698873,29.400544711469,29.6177191814719,29.7113622521147,29.5486662897325,29.4203061811547,29.2818986463425,29.3264064524046,29.1234973434636,29.1928270144785,29.1631198473796,29.044207883055,28.9053083729833,28.8953800028402,29.0342925281775,29.1928270144785,29.5141230346309,29.7015089622882,29.7064357210951,29.7310660989319,29.6127883172604,29.4993153482952,29.6571578775531,29.7162885553777,29.7064357210951,29.8196883661623,29.8393722052915,29.7655390681081,29.8000008936581,29.7162885553777,29.785232903706,29.7606150407326,29.6522288391912,29.7606150407326,29.8639718977337,29.6127883172604,29.5091873682112,29.3956037698873,29.3906625985796,29.2076774790804,29.0491652125642,29.0640358097506,29.173023160837,29.1581678438823,29.1334043574566,29.1878763976491,29.3214620616761,29.2818986463425,29.3066275082174,29.4795685592941,29.4598181030883,29.6177191814719,29.5733331796973,29.4054854233555,29.3906625985796,29.4598181030883,29.4647560610483,29.4696937897153,29.4795685592941,29.4450028531419,29.6374403552393,29.4795685592941,29.5930625764153,29.6423700780649,29.671943624202,29.6374403552393,29.5585337318094,29.5634671097716,29.5042514727762,29.2967366545395,29.1581678438823,29.044207883055,28.7513138236853,28.7214825035015,28.6916427592519,28.5423174353593,28.4625907807171,28.5522790316995,28.666769865686,28.8208875158601,29.0045408944048,28.9896619433183,29.0144590341043,29.1086350865945,29.1779744708596,29.1928270144785,29.1334043574566,28.8208875158601,28.7115368584326,28.5622396876777,28.4326777380859,28.3229238825521,28.1830715081525,28.1530789428139,27.982959239327,27.9679354426974,28.0330230443987,27.9378813982687,27.8677218086608,27.9428910032239,27.8075476496238,27.8426534379831,27.6870956122065
32.2430033709845,32.5745243410138,32.1033667357021,31.3005912972204,30.9164442514054,30.094932359983,30.251896949001,31.1305683887244,30.8238497718738,30.7506925260126,30.5553627050914,30.1440085410342,30.158727004683,30.7604497017866,30.6433050857922,30.9115728433701,31.0916683584391,30.848224466452,30.2911021485288,30.5797983711788,30.4624563909023,29.6078572246797,29.7606150407326,29.9623140023007,30.3890524059812,30.364573235923,30.5993428998119,30.6921308637942,31.2957372143541,31.5769142833852,31.6688653441037,32.3968776030275,32.3247761194908,31.664027760334,31.2763187007373,30.2715013432821,30.2715013432821,31.0673487102469,31.7220645153484,30.7750838052991,30.3547800018646,30.5651376391053,30.8092223035559,30.4331008277436,29.103680537945,29.6029259036991,29.9229880319466,29.4301855384466,29.7803097858312,29.3264064524046,28.8357902104004,28.7960450239002,29.7901557942818,30.4282074523887,30.4331008277436,29.5289286601073,29.0243762452778,29.1135894037099,28.98470182842,29.2670585641821,28.98470182842,29.0293345027462,29.2868448794737,29.3165174407562,29.1433104459398,29.1482631431937,29.7556907859056,29.6177191814719,30.4918039204427,31.0235595103858,30.7604497017866,30.6091138300302,30.4331008277436,30.9018293658896,30.8336003124521,30.8092223035559,29.8295307397771,29.785232903706,30.2175806171496,29.3066275082174,29.0293345027462,29.23242363567,29.8295307397771,29.4943789947374,29.4795685592941,29.1829255497865,29.1631198473796,29.1086350865945,29.5239936805482,29.2076774790804,29.0590791758805,28.8953800028402,28.7214825035015,28.8655893020517,28.9698200896756,29.0689922118039,29.2818986463425,29.3016821965364,29.0789043205857,28.8556572041575,28.6916427592519,28.4276914056455,28.6369146594003,29.1234973434636,29.2027275551628,29.0491652125642,28.9450125430426,28.9450125430426,29.1433104459398,29.2027275551628,29.3412382437518,29.1977774003059,29.1334043574566,29.5239936805482,29.6325104041979,29.6275802249099,28.8506908055119,28.8457241736917,29.1284509661644,29.257164023458,29.3412382437518,29.2076774790804,28.8854507011395,28.8258553140296,28.8010139892131,28.8506908055119,29.1680716196875,29.3165174407562,29.385721197515,29.4746312891203,29.4845056002677,29.3066275082174,29.227474865981,29.2076774790804,29.1928270144785,29.3214620616761,29.3115725896136,29.4795685592941,29.5881305700507,29.667015270028,29.7064357210951,29.5387979325806,29.5387979325806,29.5190584720663,29.3264064524046,29.1383575173713,29.2917908821956,29.1185434893225,29.173023160837,29.009500080336,28.98470182842,28.9499745173891,29.2522164072173,29.4993153482952,29.7261404787557,29.7212146309145,29.967228730348,29.8147668387412,29.6177191814719,29.6867273188382,29.671943624202,29.7261404787557,29.8147668387412,30.0114511084659,29.7310660989319,29.7556907859056,29.9180712669515,29.8049231025195,29.7113622521147,29.8295307397771,29.6965819756635,29.667015270028,29.5239936805482,29.6078572246797,29.6226498173448,29.257164023458,29.044207883055,29.0888155024772,29.0640358097506,29.173023160837,29.1680716196875,29.0293345027462,29.1284509661644,29.1482631431937,29.2720054887278,29.2720054887278,29.449941499166,29.4104259055781,29.5437322255563,29.5387979325806,29.6472995727053,29.55360012514,29.5042514727762,29.4647560610483,29.4943789947374,29.3412382437518,29.3066275082174,29.2917908821956,29.3313506129726,29.5831983351633,29.6374403552393,29.6325104041979,29.6177191814719,29.7113622521147,29.6275802249099,29.5338634107745,29.4301855384466,29.1482631431937,28.98470182842,28.9003443043406,28.8804857008759,28.6966166352573,28.7015902771012,28.6916427592519,28.7463425217002,28.9797414812012,28.9896619433183,29.1482631431937,29.0689922118039,29.0144590341043,29.083860027377,29.1680716196875,29.1878763976491,29.1878763976491,28.8208875158601,28.7513138236853,28.6369146594003,28.4625907807171,28.3179323529188,28.1380794518489,28.1530789428139,28.1230778208426,28.1180768014564,27.9729436137625,27.9428910032239,27.9128297863749,27.9078187463413,27.8276095391327,27.777447615956,27.8025315774346
32.3295843697096,32.3776552047924,31.7752375872032,31.3151522369855,31.4751932084967,30.251896949001,29.9131542754777,30.0310996239144,30.4869132231383,30.4918039204427,29.9229880319466,30.1341951065232,31.0332919815086,31.2811736565213,31.3539718165955,31.0916683584391,31.0965316297901,30.9700151977068,31.3588232834475,31.1208446966917,30.1538210751758,29.3264064524046,29.5979943542878,29.8984019418799,30.2715013432821,30.2567983841477,30.045833639664,30.3547800018646,30.6433050857922,31.3054451619288,31.1645944087902,31.9683747900527,32.4449187743782,32.1852444283637,31.4606538156414,30.1440085410342,30.1440085410342,30.6628380601376,31.2520406467337,30.9018293658896,30.6481886624036,30.2616995948902,30.6286530234468,29.8639718977337,29.257164023458,30.0998409918593,29.8787289912069,29.9082370574946,29.6275802249099,28.7960450239002,28.8904154684503,29.173023160837,29.242320482823,30.3841570192894,30.7360551016191,30.2666005812584,29.0888155024772,28.8904154684503,28.8655893020517,29.0689922118039,28.7165097979839,29.173023160837,29.1829255497865,29.1334043574566,29.0491652125642,29.009500080336,29.2472685603494,29.4153661581674,29.8000008936581,30.4282074523887,30.5406986345341,30.2273864061603,30.5504749042066,30.8872124957083,31.0819411575361,30.3743655749854,29.785232903706,30.5504749042066,30.3204966311333,29.3511249542619,29.2126271720896,29.3659532950663,29.5831983351633,29.5042514727762,29.3066275082174,29.2967366545395,28.930125224438,28.8457241736917,29.4203061811547,29.0937707459177,28.915235811822,28.7562848918599,28.7413709858727,28.9946218259274,29.083860027377,29.2818986463425,29.1878763976491,29.2670585641821,29.1977774003059,29.0342925281775,28.8804857008759,29.0243762452778,29.1185434893225,29.0144590341043,28.9499745173891,28.8506908055119,28.6568190680113,28.6518433175642,29.0590791758805,29.0689922118039,29.3659532950663,29.217576634222,29.23242363567,29.3610107447515,30.1047493983729,29.370895615469,28.7711966938393,28.9648590453057,29.4943789947374,29.4993153482952,29.0541223101622,28.930125224438,28.7115368584326,28.8010139892131,28.98470182842,29.1581678438823,29.3264064524046,29.6522288391912,29.6127883172604,29.6423700780649,29.6423700780649,29.4054854233555,29.2027275551628,29.1383575173713,29.009500080336,28.98470182842,29.1234973434636,29.3906625985796,29.5979943542878,29.6127883172604,29.4054854233555,29.4104259055781,29.2720054887278,29.3214620616761,29.2868448794737,29.1334043574566,29.1383575173713,29.1581678438823,29.0045408944048,29.0243762452778,28.9549362591941,29.0243762452778,29.242320482823,29.4943789947374,29.55360012514,29.6768717503746,29.775386440627,29.7212146309145,29.7015089622882,29.671943624202,29.6867273188382,29.5979943542878,29.775386440627,30.109657579554,30.1685381887201,30.0163635761093,29.8688911556633,29.8393722052915,29.6275802249099,29.6275802249099,29.8344515860316,29.5585337318094,29.4548799158045,29.6275802249099,29.6374403552393,29.3362945434113,29.1482631431937,29.0392503216033,29.103680537945,29.217576634222,29.1532156091641,29.1086350865945,29.0392503216033,29.0144590341043,29.1680716196875,29.2670585641821,29.2818986463425,29.4647560610483,29.4746312891203,29.5338634107745,29.6226498173448,29.4696937897153,29.4795685592941,29.5437322255563,29.6078572246797,29.2868448794737,29.1631198473796,29.2472685603494,29.2769521827709,29.4548799158045,29.5634671097716,29.6177191814719,29.6374403552393,29.6374403552393,29.6374403552393,29.7261404787557,29.5190584720663,29.3016821965364,28.9946218259274,28.8705550013636,28.7264549750173,28.7065636848157,28.9450125430426,28.8655893020517,28.9797414812012,29.0640358097506,28.9797414812012,28.9053083729833,28.9598977684891,28.9499745173891,29.0491652125642,29.0937707459177,29.1383575173713,29.1482631431937,28.8159194843254,28.7165097979839,28.5423174353593,28.3678370072086,28.3229238825521,28.3179323529188,28.1680762946208,28.1430795199092,28.063049878718,27.9929739096901,28.0330230443987,27.8627086137778,27.8075476496238,27.7573761241401,27.7322813525865,27.777447615956
31.9297748336551,31.8477043278707,31.7607384265735,31.3491201318989,31.7607384265735,30.9164442514054,31.1159825218625,30.251896949001,30.251896949001,29.8196883661623,30.6237685583967,31.3830773510373,31.0624841221194,31.8187234410827,32.0117833496387,31.3151522369855,31.4121750492246,31.4558069169552,32.1467214269043,31.446112467811,30.001625495435,29.2720054887278,29.4746312891203,29.9033196129721,30.3792614089673,30.5846848369351,29.967228730348,30.0360111882413,30.2666005812584,30.9700151977068,31.0186929451471,31.664027760334,32.6656360959775,32.4689314249591,32.0840924342254,30.8579727982129,30.3743655749854,30.9164442514054,31.3685255637321,31.0673487102469,30.197966343171,29.8492127629486,30.1489149206362,29.3610107447515,29.3906625985796,29.9917989785445,29.5338634107745,30.1194732660389,29.7507663035967,29.0888155024772,29.1581678438823,29.0541223101622,29.4943789947374,30.2224836239616,30.8823397644757,29.9033196129721,29.8147668387412,29.4943789947374,29.0342925281775,28.9995814762791,28.8804857008759,28.8357902104004,28.8556572041575,29.009500080336,28.9747809016303,28.7662263269051,28.8010139892131,29.6965819756635,29.6817996485765,30.0703858191111,30.4526720961226,30.197966343171,30.8872124957083,31.4073259767838,30.5553627050914,30.2077739295662,30.3890524059812,30.7994695527038,30.6726032155034,29.7113622521147,29.2126271720896,29.2720054887278,29.5289286601073,29.6226498173448,29.5338634107745,29.6275802249099,29.0987257577298,28.9350878965987,29.1532156091641,29.1383575173713,28.5124270015936,28.7015902771012,28.7463425217002,29.2720054887278,29.2670585641821,29.3906625985796,29.3807795666623,29.257164023458,29.0888155024772,29.0342925281775,29.0888155024772,29.1631198473796,28.8904154684503,28.666769865686,28.6617945840412,28.5970945819598,28.4875118350172,28.5124270015936,29.0491652125642,29.083860027377,29.23242363567,29.2868448794737,29.1829255497865,29.6275802249099,29.8639718977337,29.227474865981,28.8904154684503,29.2373721746069,29.4894424120718,29.5141230346309,29.2472685603494,29.0045408944048,28.8208875158601,28.8159194843254,29.4943789947374,29.4351248728131,29.6226498173448,29.4845056002677,29.4795685592941,29.6423700780649,29.4351248728131,29.3115725896136,29.3115725896136,29.4203061811547,29.2472685603494,29.2126271720896,29.2076774790804,29.3016821965364,29.4054854233555,29.4054854233555,29.2670585641821,29.2670585641821,29.1433104459398,29.0888155024772,29.0045408944048,29.044207883055,29.1234973434636,29.1135894037099,29.019417755741,29.0293345027462,29.0144590341043,28.9698200896756,29.044207883055,29.4894424120718,29.5289286601073,29.385721197515,29.5141230346309,29.7015089622882,29.6522288391912,29.6768717503746,29.6867273188382,29.6916547611904,29.8738101868109,30.0261878338035,30.1341951065232,30.1440085410342,30.001625495435,29.8639718977337,29.8196883661623,29.7507663035967,29.7409166564112,29.5091873682112,29.4252459745708,29.4598181030883,29.4894424120718,29.3016821965364,29.1433104459398,29.0541223101622,29.009500080336,29.0541223101622,28.98470182842,28.8953800028402,29.0243762452778,29.009500080336,29.2670585641821,29.3610107447515,29.3956037698873,29.3264064524046,29.5782658717225,29.5585337318094,29.55360012514,29.5289286601073,29.5634671097716,29.6029259036991,29.5585337318094,29.4203061811547,29.4252459745708,29.2670585641821,29.3412382437518,29.4548799158045,29.5930625764153,29.6177191814719,29.7162885553777,29.7359914914735,29.6423700780649,29.5289286601073,29.5190584720663,29.3115725896136,28.9946218259274,28.98470182842,29.0144590341043,29.009500080336,28.8755204676278,29.044207883055,29.1829255497865,29.1680716196875,29.1086350865945,29.1532156091641,29.1383575173713,28.98470182842,29.0590791758805,29.0789043205857,29.0640358097506,29.0491652125642,28.8357902104004,28.6369146594003,28.3378970521235,28.347877982722,28.3378970521235,28.1780733411736,28.1680762946208,28.1180768014564,27.9979808867536,28.0530418873914,27.9078187463413,27.9078187463413,27.8526815051994,27.8075476496238,27.8225944265762,27.7071805696107
32.271871353336,31.6059598963918,31.4606538156414,31.6398366004107,31.6204797814959,31.3588232834475,30.9992244856698,30.8140983473607,29.9131542754777,30.5504749042066,31.4751932084967,31.8332148522208,31.2617525234662,32.1419050923722,32.3103500952947,31.6204797814959,31.5236437419021,31.852533723109,32.6081006745215,32.2478152329756,30.2224836239616,29.7507663035967,29.2720054887278,29.5881305700507,30.6091138300302,30.6726032155034,29.8934840441875,30.0360111882413,30.3498830491376,30.6433050857922,30.657955149547,31.1645944087902,32.3247761194908,32.3103500952947,32.2911124237535,31.3539718165955,30.657955149547,30.7945928455984,31.2471843807161,31.3491201318989,30.3792614089673,30.0654758344281,29.7803097858312,29.7458415937754,30.0703858191111,30.1783484729875,29.1234973434636,29.0987257577298,29.0689922118039,29.7409166564112,29.0640358097506,28.6717449129776,29.4054854233555,29.8295307397771,30.3743655749854,29.6325104041979,29.3165174407562,29.7409166564112,29.7655390681081,29.2522164072173,28.7165097979839,28.6369146594003,28.5273732771074,28.7612557262559,28.9201991820813,28.6717449129776,28.8010139892131,29.3412382437518,29.5387979325806,30.4820223028257,30.2813021944153,30.6433050857922,31.1840330310874,30.9554075825969,30.2960017892775,30.7702059921091,30.7653279576147,31.0819411575361,31.0819411575361,30.6726032155034,29.5042514727762,29.3264064524046,29.3313506129726,29.5486662897325,29.173023160837,29.2670585641821,29.2472685603494,29.1135894037099,29.242320482823,28.8755204676278,28.646867332668,28.5124270015936,28.7761668270904,29.3610107447515,29.4943789947374,29.2720054887278,29.0491652125642,29.0144590341043,29.173023160837,29.3066275082174,29.3115725896136,29.044207883055,28.6418911132907,28.5024616412321,28.4177180330437,28.3977684560513,28.7065636848157,28.6717449129776,29.083860027377,28.9201991820813,28.9201991820813,29.3412382437518,29.242320482823,30.2469952894203,29.8541327014066,29.3560679644938,29.1135894037099,29.3362945434113,29.5190584720663,29.8049231025195,29.5141230346309,29.242320482823,28.9450125430426,29.4104259055781,29.7655390681081,29.1135894037099,29.0640358097506,29.1234973434636,29.3264064524046,29.4450028531419,29.3412382437518,29.2076774790804,29.3264064524046,29.3264064524046,29.1928270144785,29.217576634222,29.2769521827709,29.4203061811547,29.2868448794737,29.2868448794737,29.2621114091025,29.1234973434636,29.0243762452778,29.083860027377,28.9995814762791,29.1234973434636,29.227474865981,29.1680716196875,29.1482631431937,29.1334043574566,29.009500080336,28.9946218259274,29.0640358097506,29.4301855384466,29.3807795666623,29.400544711469,29.7064357210951,29.8196883661623,29.7409166564112,29.7803097858312,29.8984019418799,29.7162885553777,29.775386440627,30.0605656241719,29.9426528277437,30.0212758178786,29.9819715575531,29.8196883661623,29.8147668387412,29.7359914914735,29.6522288391912,29.4252459745708,29.1829255497865,29.1779744708596,29.1532156091641,29.1532156091641,29.1977774003059,29.1779744708596,29.1532156091641,29.019417755741,28.9995814762791,28.8457241736917,29.0392503216033,28.9946218259274,29.2720054887278,29.3362945434113,29.385721197515,29.4548799158045,29.4696937897153,29.5437322255563,29.4647560610483,29.5338634107745,29.7409166564112,29.6029259036991,29.7409166564112,29.5831983351633,29.5782658717225,29.4894424120718,29.5042514727762,29.5190584720663,29.6078572246797,29.671943624202,29.6916547611904,29.8196883661623,29.7458415937754,29.5881305700507,29.4104259055781,29.449941499166,29.2472685603494,28.9896619433183,28.9251623196095,28.915235811822,29.044207883055,29.0888155024772,29.1878763976491,29.1779744708596,28.9995814762791,28.98470182842,29.1135894037099,28.9797414812012,29.0045408944048,29.019417755741,29.0739483820717,29.103680537945,28.8109512193939,28.6369146594003,28.3977684560513,28.3079485837934,28.3578579676639,28.1530789428139,28.1580782977234,28.0930681351701,28.0580460022081,28.043032942706,27.9779515459613,27.9679354426974,27.8025315774346,27.777447615956,27.8627086137778,27.7272616770383
32.3728490754561,31.7510712421671,30.8579727982129,31.8138925404646,32.0358917238733,31.2520406467337,31.0527542871446,30.6286530234468,30.9164442514054,31.7075582404027,31.664027760334,31.6591899605301,31.683376799489,31.6688653441037,31.9876696247545,31.4994211876106,31.746237326684,31.8573629034046,32.5265402278321,31.789734809328,30.6433050857922,30.158727004683,29.5684002590573,30.2666005812584,30.8725936400776,30.7409344645536,30.8336003124521,30.4624563909023,30.4820223028257,30.4771311594754,30.251896949001,30.6970122213627,31.3442682293294,32.5889154626432,32.3343924077173,31.3539718165955,31.6253193105852,31.0478890402397,31.2568966943074,31.6204797814959,31.4606538156414,31.1208446966917,30.7750838052991,31.5962788911772,31.3685255637321,31.3491201318989,29.795078457589,29.3214620616761,29.775386440627,29.2769521827709,28.8208875158601,28.6717449129776,29.1779744708596,29.3264064524046,29.5831983351633,29.3066275082174,29.044207883055,29.3016821965364,29.1977774003059,29.7212146309145,29.0640358097506,28.7214825035015,28.4526207095317,28.6219838903298,28.6916427592519,28.7811367266903,29.2373721746069,29.4894424120718,29.6916547611904,31.0186929451471,30.6530720169788,31.3539718165955,31.1791737038519,30.3449858725725,30.3547800018646,30.9359276795236,31.0819411575361,31.169454392732,31.1791737038519,30.6091138300302,29.8049231025195,29.5091873682112,29.2818986463425,29.3659532950663,28.8953800028402,28.8109512193939,28.930125224438,29.2621114091025,29.3659532950663,28.8904154684503,28.7513138236853,28.7463425217002,29.23242363567,29.6472995727053,29.6423700780649,29.103680537945,29.1631198473796,29.173023160837,29.3016821965364,29.173023160837,29.0293345027462,28.98470182842,28.6418911132907,28.6269610479519,28.3877922511433,28.3129405866768,28.5074444391028,28.61202887113,28.98470182842,28.7910758250633,29.0144590341043,29.3165174407562,29.7064357210951,30.2666005812584,29.5930625764153,29.2868448794737,29.3659532950663,29.0689922118039,29.3461817140249,29.9524838675562,29.5091873682112,29.5437322255563,29.927904570493,29.4054854233555,29.4054854233555,29.3659532950663,29.3758377059907,29.3264064524046,29.1928270144785,29.1532156091641,29.1680716196875,29.3362945434113,29.3610107447515,29.2076774790804,29.3016821965364,29.257164023458,29.2126271720896,29.2472685603494,29.0739483820717,29.257164023458,29.3807795666623,29.0590791758805,28.9896619433183,29.0293345027462,29.044207883055,29.1928270144785,29.217576634222,29.400544711469,29.242320482823,29.1383575173713,29.0987257577298,29.019417755741,29.0937707459177,29.4746312891203,29.3807795666623,29.4943789947374,29.7212146309145,29.7606150407326,29.8049231025195,29.9033196129721,29.785232903706,29.7803097858312,29.7803097858312,29.9426528277437,29.7655390681081,29.8393722052915,29.927904570493,29.8344515860316,29.7015089622882,29.5437322255563,29.5141230346309,29.5141230346309,29.2670585641821,29.0293345027462,29.0342925281775,29.0342925281775,29.2868448794737,29.3362945434113,29.0045408944048,29.0789043205857,29.1928270144785,29.0937707459177,28.9946218259274,29.044207883055,29.3264064524046,29.4351248728131,29.5585337318094,29.4795685592941,29.4598181030883,29.3461817140249,29.400544711469,29.400544711469,29.5733331796973,29.5881305700507,29.7310660989319,29.7064357210951,29.8000008936581,29.775386440627,29.7507663035967,29.671943624202,29.5930625764153,29.6472995727053,29.6275802249099,29.7458415937754,29.7458415937754,29.7113622521147,29.5387979325806,29.3956037698873,29.4153661581674,28.9946218259274,28.98470182842,29.083860027377,29.0491652125642,29.0590791758805,29.1779744708596,29.1977774003059,29.1680716196875,29.1928270144785,29.1829255497865,29.0541223101622,28.9896619433183,29.0342925281775,29.0144590341043,29.044207883055,28.7662263269051,28.7463425217002,28.4027562043539,28.2879782051969,28.2879782051969,28.2380356778862,28.1880694376433,28.1380794518489,28.0280177375547,28.0380281127715,27.9779515459613,27.9929739096901,27.9278614710339,27.8727347639835,27.8476675914376,27.8777474797793
32.1756149567466,31.8428747176617,31.2617525234662,31.6688653441037,31.9104697084063,31.4800392384751,31.0478890402397,31.3442682293294,31.789734809328,31.5139553709379,30.8823397644757,31.286028394033,32.0455335761601,32.1611691510926,31.2277571316367,31.6737027118674,32.3343924077173,32.7566719279648,32.3392002335413,31.5187996648599,30.251896949001,29.7064357210951,30.1194732660389,30.9554075825969,30.984620831804,30.9067012148745,31.2908829133011,31.3297112140986,31.3248584397525,30.4673482035432,29.9573990480468,30.6677207487799,30.7945928455984,32.2285665086798,32.4209008348673,31.683376799489,31.746237326684,31.4412649172963,30.9115728433701,31.3685255637321,32.2478152329756,31.3830773510373,31.1208446966917,31.8621918687855,31.5962788911772,31.1062575144351,30.6970122213627,29.7901557942818,29.795078457589,29.6127883172604,29.1135894037099,28.8804857008759,29.0293345027462,29.0590791758805,29.044207883055,28.7115368584326,28.7264549750173,28.915235811822,28.9598977684891,29.0392503216033,29.5831983351633,29.1779744708596,28.7662263269051,28.6568190680113,28.9598977684891,28.9549362591941,29.0789043205857,29.1383575173713,29.5979943542878,30.6237685583967,31.392777454158,31.4509598010212,30.5211434227513,30.5846848369351,30.8530987427369,30.9164442514054,30.7750838052991,30.6237685583967,30.6921308637942,30.4233138536706,29.8344515860316,29.6029259036991,29.1383575173713,29.2472685603494,28.8159194843254,28.7910758250633,28.9003443043406,29.083860027377,29.0689922118039,29.0541223101622,29.5733331796973,29.6571578775531,29.5979943542878,29.1086350865945,29.385721197515,28.98470182842,29.1284509661644,29.1532156091641,29.009500080336,28.9201991820813,28.9201991820813,28.8854507011395,28.5721994035508,28.5522790316995,28.3877922511433,28.1380794518489,28.4127309928177,28.607051009488,28.7960450239002,28.7761668270904,29.0342925281775,29.5881305700507,30.2224836239616,29.6275802249099,29.3511249542619,29.4104259055781,29.242320482823,29.0392503216033,29.103680537945,29.4301855384466,29.4943789947374,29.9377369683613,29.8147668387412,29.8000008936581,29.7901557942818,29.5782658717225,29.6571578775531,29.3511249542619,29.0243762452778,29.0640358097506,29.217576634222,29.3807795666623,29.4054854233555,29.4252459745708,29.5684002590573,29.4450028531419,29.1977774003059,29.2027275551628,29.2373721746069,29.4845056002677,29.4943789947374,29.3165174407562,29.1284509661644,28.915235811822,29.23242363567,29.3016821965364,29.1284509661644,29.1185434893225,29.1185434893225,29.0144590341043,29.1135894037099,29.1086350865945,29.1086350865945,29.23242363567,29.5190584720663,29.5486662897325,29.7803097858312,29.7803097858312,29.9868853810766,29.7310660989319,29.6029259036991,29.55360012514,29.6817996485765,29.7655390681081,29.6817996485765,29.667015270028,29.7901557942818,29.7261404787557,29.5881305700507,29.6127883172604,29.4993153482952,29.3461817140249,29.2076774790804,29.1482631431937,29.3412382437518,29.1532156091641,29.4351248728131,29.3214620616761,29.1977774003059,29.2126271720896,29.227474865981,29.0888155024772,29.0640358097506,29.0541223101622,29.1234973434636,29.2917908821956,29.3115725896136,29.4598181030883,29.5733331796973,29.449941499166,29.4351248728131,29.4104259055781,29.5190584720663,29.7113622521147,29.9573990480468,29.7409166564112,29.6078572246797,29.7261404787557,29.775386440627,29.7162885553777,29.7015089622882,29.6472995727053,29.6965819756635,29.7556907859056,29.7162885553777,29.5585337318094,29.3610107447515,29.3066275082174,29.1135894037099,28.9946218259274,29.0342925281775,29.0541223101622,29.0392503216033,29.0590791758805,29.242320482823,29.1779744708596,29.1482631431937,29.1680716196875,29.019417755741,29.0045408944048,28.8755204676278,28.9251623196095,29.0541223101622,29.044207883055,28.8854507011395,28.537336284473,28.3628476055947,28.2729979349236,28.228044327915,28.0330230443987,28.1430795199092,28.1580782977234,28.0680535169536,27.9779515459613,27.8075476496238,27.8225944265762,27.7824648884334,27.777447615956,27.7473389366228,27.7222417610001
31.4800392384751,32.0792733248968,31.8766774757177,31.8911611494193,31.7800702099303,31.4994211876106,31.3685255637321,31.7993985475037,32.1948730478487,31.5042661323416,31.2957372143541,31.0819411575361,31.953901414232,32.122637621163,30.9943568210254,30.7555712245957,32.2670605544519,33.1009640517579,32.1419050923722,31.8718491549141,30.109657579554,30.109657579554,31.7800702099303,32.0358917238733,31.8187234410827,31.4558069169552,31.9394261091838,31.4751932084967,31.169454392732,30.0065384149177,29.9082370574946,30.5309214741276,30.9310571530394,31.6059598963918,31.8911611494193,31.3442682293294,31.446112467811,31.4800392384751,30.9115728433701,30.8433499693289,31.7704047490867,31.8911611494193,31.4800392384751,31.6011195019845,31.1548737839995,31.0235595103858,30.1538210751758,29.083860027377,29.0243762452778,29.1482631431937,29.1680716196875,29.6078572246797,29.1779744708596,28.6916427592519,28.6966166352573,28.5672196631112,28.5124270015936,28.5124270015936,28.7662263269051,28.7413709858727,28.9896619433183,29.8639718977337,29.0789043205857,28.7463425217002,28.7115368584326,28.7761668270904,28.9549362591941,29.1086350865945,29.4845056002677,30.8189741701236,31.4606538156414,30.7653279576147,29.7015089622882,30.3449858725725,30.4918039204427,30.3547800018646,30.1440085410342,30.5309214741276,30.7604497017866,30.2371912968375,30.2371912968375,30.094932359983,29.6029259036991,29.3511249542619,29.0987257577298,28.9201991820813,28.930125224438,29.083860027377,29.385721197515,30.0605656241719,29.4203061811547,29.0937707459177,29.103680537945,29.1383575173713,29.2225258655088,28.9995814762791,28.9995814762791,29.1383575173713,28.8407573086651,28.9896619433183,28.8854507011395,28.7314272125631,28.6269610479519,28.5124270015936,28.5024616412321,28.4227048373089,28.4426496954073,28.7910758250633,29.4400639777012,29.4054854233555,29.5289286601073,29.9377369683613,29.4252459745708,29.4054854233555,29.5634671097716,29.4104259055781,29.2967366545395,29.3362945434113,29.4252459745708,29.6325104041979,29.3412382437518,29.2720054887278,29.2373721746069,29.2720054887278,29.4153661581674,29.5338634107745,29.6620866878218,29.8000008936581,29.4450028531419,29.1977774003059,29.1779744708596,29.4301855384466,29.6374403552393,29.6817996485765,29.5979943542878,29.5289286601073,29.3610107447515,29.2472685603494,29.3956037698873,29.370895615469,29.4993153482952,29.3264064524046,29.173023160837,28.9946218259274,29.1680716196875,29.1086350865945,29.1482631431937,29.1284509661644,29.103680537945,29.1433104459398,29.1284509661644,29.0392503216033,29.1631198473796,29.4104259055781,29.55360012514,29.6867273188382,29.7064357210951,29.7409166564112,29.8836475688813,29.7704628680627,29.5930625764153,29.6768717503746,29.8885659198648,29.6817996485765,29.6867273188382,29.5684002590573,29.7015089622882,29.8098450842037,29.5979943542878,29.5634671097716,29.4845056002677,29.400544711469,29.3560679644938,29.3362945434113,29.1680716196875,29.1631198473796,29.2126271720896,29.2769521827709,29.3115725896136,29.1135894037099,29.044207883055,28.9995814762791,29.044207883055,28.9747809016303,29.0144590341043,29.0590791758805,29.3214620616761,29.4845056002677,29.5831983351633,29.5141230346309,29.4252459745708,29.5585337318094,29.4104259055781,29.6177191814719,29.5979943542878,29.7359914914735,29.7162885553777,29.6177191814719,29.7310660989319,29.671943624202,29.6916547611904,29.7606150407326,29.5782658717225,29.6423700780649,29.6817996485765,29.5486662897325,29.4301855384466,29.2373721746069,29.2126271720896,29.1334043574566,29.0144590341043,29.1234973434636,28.9549362591941,29.0888155024772,29.1631198473796,29.1829255497865,29.009500080336,29.044207883055,29.1532156091641,29.0541223101622,29.044207883055,29.0293345027462,29.0045408944048,28.9549362591941,28.8804857008759,28.4725599092219,28.3378970521235,28.1580782977234,28.2729979349236,28.1530789428139,28.063049878718,28.1980645842911,28.0380281127715,27.9979808867536,27.9178405871461,27.8175790741614,27.812563481855,27.7824648884334,27.7975152652541,27.7423199823454
31.2811736565213,31.7317342867787,31.8428747176617,31.8332148522208,31.7752375872032,31.4848850513474,31.5865970202502,31.7365688490178,32.0310704769123,32.122637621163,31.2908829133011,30.7555712245957,30.7506925260126,30.8140983473607,31.3248584397525,31.5333312454605,32.1370885445596,32.3488152487471,31.697886311578,32.1515375481834,31.1791737038519,30.8530987427369,32.1515375481834,32.3872668276774,32.5265402278321,32.0455335761601,32.295922160215,32.233379008864,31.1645944087902,29.667015270028,30.0114511084659,29.8885659198648,30.1391019363398,30.7165354344988,31.1548737839995,30.7311755171756,31.2666081342383,32.093730012076,31.6156400361194,30.8530987427369,31.8815055817178,31.6495137127074,31.6108000744273,31.0332919815086,30.5406986345341,31.169454392732,29.4203061811547,28.6568190680113,28.666769865686,28.6518433175642,28.6866686490532,29.1829255497865,29.5881305700507,28.9598977684891,28.6219838903298,28.5024616412321,28.5622396876777,28.5871372152255,28.7314272125631,28.4725599092219,28.7165097979839,29.1829255497865,29.5684002590573,29.0987257577298,28.7363992161709,28.915235811822,29.0937707459177,29.1631198473796,30.1489149206362,31.1840330310874,30.6530720169788,29.9819715575531,29.5831983351633,30.5895710802732,30.7945928455984,31.1111201277866,30.4379939797648,30.2715013432821,30.5260325598254,30.5113644801692,30.4135259860258,30.3253949273354,30.1391019363398,30.0261878338035,29.6177191814719,29.5091873682112,29.5042514727762,29.217576634222,29.3115725896136,29.1977774003059,28.8506908055119,28.7165097979839,28.8854507011395,29.1977774003059,29.1086350865945,28.9698200896756,28.9549362591941,29.257164023458,28.9053083729833,28.8506908055119,28.8407573086651,28.5721994035508,28.5472983510907,28.5522790316995,28.5472983510907,28.5124270015936,28.4276914056455,29.0144590341043,29.4548799158045,29.8147668387412,29.9573990480468,29.5831983351633,29.4845056002677,29.4104259055781,29.3560679644938,29.4153661581674,29.7113622521147,29.7655390681081,29.6423700780649,29.3214620616761,29.019417755741,28.7761668270904,28.8953800028402,29.0144590341043,28.8506908055119,28.9698200896756,29.0541223101622,29.1928270144785,29.449941499166,29.5486662897325,29.4203061811547,29.3956037698873,29.5881305700507,29.5881305700507,29.6078572246797,29.4301855384466,29.1977774003059,29.2027275551628,29.2917908821956,29.4252459745708,29.4845056002677,29.257164023458,29.1878763976491,29.1829255497865,29.2868448794737,29.23242363567,29.2967366545395,29.2522164072173,29.217576634222,29.0739483820717,29.1928270144785,29.1086350865945,29.2225258655088,29.3758377059907,29.5289286601073,29.5733331796973,29.7704628680627,29.5782658717225,29.775386440627,29.8000008936581,29.795078457589,29.8934840441875,29.7901557942818,29.5831983351633,29.5486662897325,29.3313506129726,29.6177191814719,29.5881305700507,29.5930625764153,29.5782658717225,29.4351248728131,29.4252459745708,29.385721197515,29.2472685603494,29.1532156091641,29.1631198473796,29.2917908821956,29.2126271720896,29.217576634222,29.1482631431937,29.0491652125642,28.9797414812012,28.930125224438,28.9251623196095,29.1135894037099,29.1234973434636,29.2818986463425,29.4647560610483,29.6029259036991,29.6127883172604,29.5930625764153,29.6374403552393,29.5289286601073,29.6177191814719,29.5930625764153,29.7458415937754,29.671943624202,29.5634671097716,29.6916547611904,29.7655390681081,29.785232903706,29.8049231025195,29.785232903706,29.8098450842037,29.6965819756635,29.5831983351633,29.3956037698873,29.2868448794737,29.0045408944048,29.103680537945,29.1532156091641,29.1680716196875,29.0491652125642,29.1878763976491,29.1482631431937,29.0689922118039,29.0888155024772,29.0689922118039,28.9350878965987,29.0739483820717,28.940050336123,28.930125224438,28.8953800028402,28.9747809016303,28.7363992161709,28.6617945840412,28.332906232122,28.3029563442362,28.2430309971616,28.218052029166,28.1830715081525,28.063049878718,27.9929739096901,27.9779515459613,27.892784190336,27.7724301033211,27.8526815051994,27.8727347639835,27.8476675914376,27.7021596912783
31.8621918687855,31.7655716955528,31.2714635266525,31.5284876020929,30.9894889364131,30.8725936400776,31.746237326684,31.9249488741585,32.1081847772499,31.6011195019845,30.5504749042066,30.1685381887201,30.7409344645536,30.8189741701236,31.6301586234154,32.6081006745215,32.4833364780342,32.459326999181,32.1515375481834,32.3199676570335,31.8815055817178,31.9394261091838,32.8141292080325,32.214127731302,32.6752223872505,31.8670206192793,31.9394261091838,31.8911611494193,31.2180421956907,30.0114511084659,30.3890524059812,29.6423700780649,29.8492127629486,30.5358101656873,30.8433499693289,30.8579727982129,31.0916683584391,32.2766819396808,32.2670605544519,31.2763187007373,31.8911611494193,31.2034681518696,31.0381578874506,30.5553627050914,30.6091138300302,30.6286530234468,29.6867273188382,28.4675754627885,28.3778151016153,28.4027562043539,28.4875118350172,29.1581678438823,29.1581678438823,29.400544711469,29.1779744708596,29.0640358097506,29.1581678438823,29.0987257577298,29.0789043205857,28.9797414812012,28.9995814762791,29.0640358097506,29.0590791758805,29.7113622521147,29.173023160837,29.0888155024772,29.2769521827709,30.05074452682,30.9359276795236,30.7750838052991,30.2469952894203,29.7803097858312,29.8000008936581,30.5895710802732,30.7750838052991,30.7750838052991,30.6188838711635,30.4575643551052,30.5113644801692,30.2666005812584,29.9082370574946,29.9573990480468,29.7507663035967,29.8344515860316,29.6226498173448,29.1086350865945,29.0888155024772,28.9350878965987,28.6717449129776,28.6717449129776,28.5921160160095,28.5622396876777,28.8308228788658,29.4450028531419,29.1383575173713,28.8457241736917,28.9450125430426,29.370895615469,28.9350878965987,28.7065636848157,28.676719725948,28.482528095304,28.497478607949,28.372826172538,28.61202887113,28.6319379709646,28.4227048373089,29.227474865981,29.6177191814719,30.045833639664,29.8147668387412,30.0556551883126,30.0605656241719,29.9328208826212,29.7359914914735,29.6571578775531,29.6374403552393,29.3066275082174,29.3016821965364,29.3115725896136,29.1086350865945,28.930125224438,28.930125224438,28.9698200896756,28.9648590453057,28.8556572041575,28.9450125430426,28.9549362591941,29.1829255497865,29.3610107447515,29.4598181030883,29.4548799158045,29.5733331796973,29.7261404787557,29.6177191814719,29.5585337318094,29.3659532950663,29.3362945434113,29.3511249542619,29.3461817140249,29.3264064524046,29.2769521827709,29.1581678438823,29.1482631431937,29.2720054887278,29.2720054887278,29.2818986463425,29.0689922118039,29.0888155024772,29.1532156091641,29.1779744708596,29.257164023458,29.3313506129726,29.3758377059907,29.4845056002677,29.6423700780649,29.5930625764153,29.6177191814719,29.6817996485765,29.5831983351633,29.795078457589,29.8934840441875,29.7015089622882,29.6127883172604,29.5831983351633,29.4252459745708,29.4548799158045,29.5930625764153,29.3066275082174,29.4993153482952,29.385721197515,29.3560679644938,29.4795685592941,29.3807795666623,29.3362945434113,29.3511249542619,29.2522164072173,29.217576634222,29.2126271720896,29.0987257577298,28.98470182842,29.0045408944048,29.0342925281775,28.9201991820813,28.9995814762791,29.0689922118039,29.1581678438823,29.1581678438823,29.4696937897153,29.7310660989319,29.6472995727053,29.6325104041979,29.7803097858312,29.6325104041979,29.5881305700507,29.7803097858312,29.8000008936581,29.7015089622882,29.6226498173448,29.7015089622882,29.785232903706,29.6867273188382,29.7606150407326,29.7901557942818,29.8246096664975,29.6571578775531,29.6226498173448,29.3264064524046,28.9995814762791,29.019417755741,29.009500080336,29.1680716196875,29.0293345027462,29.1135894037099,29.1829255497865,29.103680537945,28.9598977684891,29.0243762452778,28.9698200896756,28.9648590453057,28.9102722087998,29.0392503216033,29.0491652125642,29.0590791758805,28.8357902104004,28.5124270015936,28.5074444391028,28.3877922511433,28.2080587813783,28.1530789428139,28.0880656878123,28.1580782977234,28.0530418873914,27.9679354426974,27.9278614710339,27.9278614710339,27.7172216044382,27.8476675914376,27.6921172126096,27.7021596912783
31.7172293061013,31.7414031956435,31.140291204115,31.0332919815086,30.9602770077943,30.9115728433701,31.43156916424,32.1178202199528,32.1178202199528,31.6398366004107,30.6677207487799,30.0900235027141,31.013826160085,31.8670206192793,31.8138925404646,32.1322717834389,32.7566719279648,32.6416666868499,32.5265402278321,32.7614611879104,31.7752375872032,31.4945760258868,32.3872668276774,32.2863024748622,32.3680427341544,31.7365688490178,31.8670206192793,31.9249488741585,31.6253193105852,30.6628380601376,30.7311755171756,30.3743655749854,29.9868853810766,30.6433050857922,31.0965316297901,30.9602770077943,31.6204797814959,31.9346005786543,32.295922160215,32.1081847772499,31.789734809328,31.0332919815086,31.2277571316367,30.5797983711788,30.3400884721394,30.5749116829746,29.257164023458,28.3828037944729,28.218052029166,28.332906232122,28.4326777380859,29.1433104459398,29.0243762452778,29.1334043574566,29.4054854233555,28.8506908055119,28.7960450239002,28.8159194843254,28.6966166352573,28.8904154684503,28.9102722087998,29.0689922118039,29.0689922118039,29.3264064524046,29.9475684607986,30.0310996239144,30.5895710802732,30.7945928455984,30.5504749042066,30.3253949273354,30.4135259860258,29.6275802249099,29.6472995727053,30.1194732660389,30.3253949273354,30.1783484729875,30.4575643551052,30.848224466452,30.4379939797648,29.9033196129721,29.9623140023007,30.3547800018646,29.977057507944,29.5782658717225,29.2917908821956,29.2027275551628,29.217576634222,29.0937707459177,28.8556572041575,28.6568190680113,28.4526207095317,28.6020729131087,28.9598977684891,29.1334043574566,29.103680537945,28.8457241736917,28.8655893020517,29.0937707459177,28.8457241736917,28.6170064980665,28.8308228788658,28.482528095304,28.4875118350172,28.4725599092219,28.5921160160095,28.6717449129776,28.9549362591941,29.2769521827709,29.8098450842037,29.7310660989319,29.6127883172604,29.8098450842037,30.1391019363398,30.0605656241719,29.6867273188382,29.6275802249099,29.5141230346309,29.3016821965364,29.2868448794737,29.4104259055781,29.2769521827709,29.1234973434636,29.1185434893225,29.083860027377,28.8904154684503,28.9698200896756,28.9499745173891,29.0293345027462,29.1829255497865,29.370895615469,29.4351248728131,29.4647560610483,29.3165174407562,29.23242363567,29.3214620616761,29.3412382437518,29.3461817140249,29.3264064524046,29.3313506129726,29.3313506129726,29.3313506129726,29.3264064524046,29.2769521827709,29.044207883055,29.2621114091025,29.2027275551628,29.217576634222,29.1631198473796,28.9797414812012,29.0243762452778,29.0293345027462,29.2472685603494,29.2818986463425,29.2670585641821,29.370895615469,29.5634671097716,29.5782658717225,29.7507663035967,29.667015270028,29.4598181030883,29.6620866878218,29.667015270028,29.667015270028,29.5684002590573,29.3956037698873,29.3461817140249,29.4450028531419,29.3659532950663,29.2769521827709,29.2868448794737,29.3956037698873,29.5042514727762,29.7015089622882,29.5831983351633,29.5733331796973,29.4647560610483,29.2670585641821,29.1185434893225,29.1135894037099,29.1086350865945,29.2225258655088,29.1433104459398,28.915235811822,28.9995814762791,29.009500080336,29.0789043205857,29.1135894037099,29.2818986463425,29.3115725896136,29.5733331796973,29.5585337318094,29.6374403552393,29.7359914914735,29.795078457589,29.8049231025195,29.9524838675562,29.8000008936581,29.7901557942818,29.8049231025195,29.671943624202,29.7704628680627,29.671943624202,29.7901557942818,29.7409166564112,29.775386440627,29.5979943542878,29.5042514727762,29.3313506129726,29.1185434893225,28.9201991820813,29.0888155024772,29.0888155024772,29.173023160837,29.2818986463425,29.173023160837,29.083860027377,28.9549362591941,28.9549362591941,28.9102722087998,28.9499745173891,28.8407573086651,29.0590791758805,29.0937707459177,29.1829255497865,28.8705550013636,28.5124270015936,28.5074444391028,28.3079485837934,28.2430309971616,28.2030618015135,28.0830630023446,28.0530418873914,28.048037534235,27.9729436137625,27.9879666938923,27.9729436137625,27.7824648884334,27.8025315774346,27.8326244118639,27.8727347639835
31.286028394033,31.5236437419021,31.0527542871446,31.1937510290531,30.9651462128213,30.9067012148745,31.7075582404027,31.8718491549141,32.0407127569467,31.664027760334,31.0770772279264,30.6139989617178,31.446112467811,31.9924927979494,31.8718491549141,31.3442682293294,32.5265402278321,33.0579866747821,32.5265402278321,32.7854043415434,31.683376799489,31.3588232834475,31.5042661323416,31.8573629034046,31.6108000744273,31.0235595103858,31.8621918687855,31.6156400361194,31.4509598010212,31.3733763772217,31.6059598963918,31.2180421956907,30.3939475690725,30.3988425085929,30.7311755171756,31.6156400361194,31.8670206192793,32.233379008864,32.2622495430013,31.905642890642,31.7268995088982,31.2083263851684,31.3054451619288,30.8920850063356,30.2911021485288,29.927904570493,28.9797414812012,28.3778151016153,28.223048297154,28.2330401214815,28.5771789090283,28.8059827210337,28.7761668270904,28.7861063926706,29.227474865981,29.083860027377,28.7861063926706,28.7015902771012,28.6966166352573,28.8308228788658,28.8506908055119,29.1383575173713,29.449941499166,30.2420934053758,30.80434603868,31.2471843807161,30.9067012148745,30.3204966311333,29.775386440627,30.3939475690725,30.1391019363398,29.3165174407562,29.5141230346309,29.6768717503746,29.795078457589,30.1145655354327,30.3106993666494,30.4722397930578,30.094932359983,29.7655390681081,29.6127883172604,29.9524838675562,29.8885659198648,29.2472685603494,29.2076774790804,29.3115725896136,28.9648590453057,29.1086350865945,29.0293345027462,28.9896619433183,28.646867332668,28.7015902771012,28.9350878965987,28.940050336123,29.1135894037099,28.8457241736917,28.9598977684891,29.044207883055,29.0590791758805,29.2621114091025,28.7562848918599,28.5771789090283,28.497478607949,28.4675754627885,28.6319379709646,28.9896619433183,29.227474865981,29.4696937897153,29.6177191814719,29.4252459745708,29.4450028531419,29.7359914914735,29.7606150407326,29.6768717503746,29.6916547611904,29.4993153482952,29.6226498173448,29.6226498173448,29.6916547611904,29.5239936805482,29.3511249542619,29.3906625985796,29.217576634222,29.5437322255563,29.2027275551628,29.1779744708596,29.3165174407562,29.1878763976491,29.2967366545395,29.5486662897325,29.3659532950663,29.4450028531419,29.3511249542619,29.2225258655088,29.1977774003059,29.4153661581674,29.4795685592941,29.3313506129726,29.3511249542619,29.227474865981,29.217576634222,29.1680716196875,29.1581678438823,29.1334043574566,29.0689922118039,29.0491652125642,29.0689922118039,29.2027275551628,29.2027275551628,29.0888155024772,29.019417755741,29.2818986463425,29.2720054887278,29.4104259055781,29.4400639777012,29.6177191814719,29.5979943542878,29.7507663035967,29.8098450842037,29.5979943542878,29.667015270028,29.6127883172604,29.6029259036991,29.3313506129726,29.2621114091025,29.2522164072173,29.3906625985796,29.217576634222,29.2621114091025,29.3115725896136,29.5881305700507,29.5239936805482,29.4203061811547,29.3115725896136,29.3461817140249,29.2818986463425,29.2769521827709,29.1581678438823,29.1631198473796,29.1284509661644,29.23242363567,29.1086350865945,29.0987257577298,29.0243762452778,29.1086350865945,29.0392503216033,29.2126271720896,29.227474865981,29.2818986463425,29.4746312891203,29.4647560610483,29.5831983351633,29.6522288391912,29.9229880319466,29.7803097858312,29.9229880319466,29.977057507944,29.9229880319466,29.9229880319466,29.795078457589,29.785232903706,29.7507663035967,29.775386440627,29.785232903706,29.7113622521147,29.6768717503746,29.5042514727762,29.3362945434113,29.019417755741,29.044207883055,29.0689922118039,29.1185434893225,29.1383575173713,29.2868448794737,29.1829255497865,29.1135894037099,29.0392503216033,28.9450125430426,28.9896619433183,28.930125224438,28.8904154684503,28.9648590453057,29.0590791758805,29.1878763976491,28.7463425217002,28.5174093287365,28.3678370072086,28.2979638679726,28.1680762946208,28.2130555239183,28.1180768014564,28.0880656878123,28.0380281127715,28.0029876251156,28.0130003858666,27.9529094959747,27.9579183838364,27.8225944265762,27.837639044803,27.7122012073196
31.0186929451471,31.0332919815086,30.8677202468541,31.0819411575361,31.0770772279264,30.2420934053758,31.140291204115,31.852533723109,31.4024766868113,31.2374711932355,30.7945928455984,30.2813021944153,30.6970122213627,31.852533723109,31.3491201318989,31.140291204115,31.8283845969328,32.3680427341544,32.2045008154216,32.6943924469043,31.9442514252714,31.4994211876106,30.7262957111938,30.6677207487799,30.6872492844533,31.1208446966917,31.3976271792789,31.7704047490867,31.3297112140986,31.6011195019845,31.7268995088982,31.4170239041623,30.9602770077943,30.3694695173139,30.4820223028257,31.4751932084967,31.6156400361194,31.9394261091838,31.6301586234154,31.6591899605301,31.3879275114203,31.8332148522208,31.2471843807161,30.6823674833107,30.9700151977068,29.5338634107745,28.5323548983997,28.327915175609,28.327915175609,28.372826172538,28.7612557262559,28.8059827210337,28.482528095304,28.5821581795757,28.8606233696602,29.5042514727762,28.8655893020517,28.6966166352573,28.6219838903298,28.8755204676278,29.3807795666623,30.3009012058606,31.2180421956907,31.2374711932355,31.2423278962263,30.7604497017866,30.0212758178786,29.4845056002677,29.977057507944,30.3302929995506,29.667015270028,29.4845056002677,29.2967366545395,29.4696937897153,29.7359914914735,30.2224836239616,30.2371912968375,30.4379939797648,29.9131542754777,29.5091873682112,29.6177191814719,29.7507663035967,29.5338634107745,29.1977774003059,28.9747809016303,29.173023160837,29.3214620616761,29.3807795666623,29.2720054887278,29.2917908821956,28.9053083729833,28.6568190680113,28.6269610479519,28.9251623196095,29.2373721746069,28.930125224438,28.8556572041575,29.0392503216033,28.8804857008759,29.1086350865945,28.7513138236853,28.607051009488,28.5672196631112,28.7314272125631,28.8457241736917,29.2720054887278,29.2670585641821,29.4894424120718,29.7310660989319,29.5733331796973,29.7212146309145,29.6078572246797,29.5831983351633,29.5881305700507,29.5387979325806,29.55360012514,29.7507663035967,29.8147668387412,29.8000008936581,29.3906625985796,29.2670585641821,29.0987257577298,28.9598977684891,29.3313506129726,29.5684002590573,29.4845056002677,29.5930625764153,29.385721197515,29.5437322255563,29.5190584720663,29.6472995727053,29.3165174407562,29.2818986463425,29.2621114091025,29.257164023458,29.3214620616761,29.4598181030883,29.4252459745708,29.3066275082174,29.0689922118039,29.0739483820717,29.3115725896136,29.2373721746069,29.1878763976491,29.0888155024772,29.0640358097506,29.227474865981,29.1977774003059,29.3560679644938,29.3016821965364,29.2126271720896,29.3560679644938,29.257164023458,29.5289286601073,29.5091873682112,29.6177191814719,29.6029259036991,29.8147668387412,29.8147668387412,29.6817996485765,29.7359914914735,29.7803097858312,29.7113622521147,29.3313506129726,29.1334043574566,29.2373721746069,29.217576634222,29.0491652125642,29.2917908821956,29.4252459745708,29.4351248728131,29.4400639777012,29.4252459745708,29.4252459745708,29.242320482823,29.3016821965364,29.0689922118039,29.1135894037099,29.0987257577298,29.1482631431937,29.0937707459177,29.0045408944048,29.0045408944048,29.019417755741,29.0045408944048,29.0590791758805,29.1185434893225,29.257164023458,29.3165174407562,29.5042514727762,29.5930625764153,29.7704628680627,29.785232903706,29.7655390681081,29.8049231025195,30.0556551883126,29.9426528277437,30.0998409918593,29.9377369683613,29.7901557942818,29.7359914914735,29.6423700780649,29.7556907859056,29.5831983351633,29.7113622521147,29.6916547611904,29.5042514727762,29.2917908821956,29.1581678438823,28.9896619433183,29.0541223101622,29.1977774003059,29.2076774790804,29.2225258655088,29.1532156091641,29.1284509661644,28.9747809016303,28.9053083729833,28.9251623196095,29.0293345027462,28.915235811822,28.9053083729833,29.0541223101622,29.0640358097506,28.8606233696602,28.5622396876777,28.372826172538,28.2480260793404,28.332906232122,27.9679354426974,28.1230778208426,28.1230778208426,28.1280786023483,27.962927032733,27.9128297863749,27.8075476496238,27.982959239327,27.8025315774346,27.7623943574465,27.7322813525865
30.8725936400776,30.7702059921091,30.4428869084819,30.6481886624036,30.7165354344988,30.4918039204427,31.0819411575361,31.4073259767838,31.1791737038519,31.3976271792789,31.1888921394784,30.7360551016191,30.9164442514054,31.4994211876106,30.9797525071693,30.4379939797648,31.4897306471418,32.0744540019293,31.3442682293294,32.425704846047,32.3824611221904,31.8718491549141,31.5042661323416,31.1159825218625,30.7360551016191,31.4073259767838,31.8187234410827,31.6011195019845,31.2083263851684,31.3297112140986,31.2180421956907,31.140291204115,30.9602770077943,30.5846848369351,31.1937510290531,31.1500131430931,31.3588232834475,31.3733763772217,31.5042661323416,31.5333312454605,31.3879275114203,31.5333312454605,31.1548737839995,31.2617525234662,30.5455868806973,29.5387979325806,28.4177180330437,28.4526207095317,28.3678370072086,28.5771789090283,28.5821581795757,28.5970945819598,28.2929711549704,28.4476353203531,28.98470182842,29.0491652125642,29.2621114091025,29.0739483820717,29.6768717503746,30.5993428998119,31.4994211876106,31.5236437419021,31.3879275114203,30.7311755171756,30.1783484729875,29.967228730348,29.6374403552393,29.4993153482952,29.9033196129721,30.0802051118783,30.0703858191111,29.4104259055781,29.2967366545395,29.4153661581674,29.7901557942818,30.0212758178786,30.109657579554,30.2420934053758,30.0900235027141,29.7704628680627,29.7458415937754,29.6177191814719,29.4301855384466,29.1383575173713,28.9946218259274,29.009500080336,29.0590791758805,29.3659532950663,29.3758377059907,29.3659532950663,28.98470182842,28.8854507011395,28.607051009488,28.8904154684503,29.0640358097506,29.0392503216033,28.7314272125631,28.9450125430426,28.9053083729833,28.6418911132907,28.61202887113,28.4476353203531,28.7165097979839,29.0293345027462,29.3511249542619,29.2868448794737,29.4943789947374,29.55360012514,29.3214620616761,29.4252459745708,29.385721197515,29.7310660989319,29.5881305700507,29.3906625985796,29.5338634107745,29.5239936805482,29.775386440627,29.972143232219,29.7113622521147,29.6423700780649,29.5338634107745,29.2967366545395,29.3066275082174,29.5437322255563,29.5042514727762,29.4351248728131,29.3016821965364,29.3906625985796,29.4598181030883,29.4203061811547,29.5141230346309,29.3560679644938,29.4894424120718,29.2967366545395,29.2670585641821,29.2868448794737,29.4647560610483,29.5684002590573,29.5733331796973,29.4400639777012,29.3906625985796,29.1779744708596,29.1977774003059,29.217576634222,29.0541223101622,29.103680537945,29.1532156091641,29.217576634222,29.3165174407562,29.1680716196875,29.2720054887278,29.3461817140249,29.370895615469,29.5091873682112,29.5634671097716,29.6029259036991,29.4845056002677,29.6867273188382,29.667015270028,29.7113622521147,29.7409166564112,29.7261404787557,29.6522288391912,29.7064357210951,29.2917908821956,29.1779744708596,29.227474865981,29.2917908821956,29.2818986463425,29.2967366545395,29.257164023458,29.3115725896136,29.3956037698873,29.4845056002677,29.2868448794737,29.1433104459398,29.1433104459398,29.1086350865945,29.2769521827709,29.2769521827709,29.1185434893225,29.1680716196875,29.009500080336,29.0590791758805,29.0491652125642,29.0392503216033,29.1185434893225,29.2769521827709,29.4153661581674,29.4845056002677,29.6029259036991,29.6177191814719,29.5387979325806,29.7803097858312,29.9229880319466,30.0851144200226,29.8885659198648,30.1783484729875,29.967228730348,29.9131542754777,29.8000008936581,29.6817996485765,29.6620866878218,29.6867273188382,29.5437322255563,29.5289286601073,29.2720054887278,29.2720054887278,28.9747809016303,28.9946218259274,29.0987257577298,29.0640358097506,29.227474865981,29.1135894037099,28.9648590453057,29.0937707459177,28.9896619433183,29.1284509661644,28.98470182842,28.9450125430426,28.9450125430426,29.009500080336,29.0392503216033,29.0739483820717,28.6219838903298,28.4625907807171,28.3528680933838,28.372826172538,28.3578579676639,28.1680762946208,28.063049878718,28.1230778208426,28.063049878718,28.0580460022081,27.9228511486881,27.9328715542163,27.9128297863749,27.837639044803,27.7874819207868,27.7824648884334
30.5358101656873,30.3106993666494,30.045833639664,29.8934840441875,30.0851144200226,30.6726032155034,31.013826160085,31.0332919815086,30.5944571012223,31.1888921394784,30.6628380601376,30.2371912968375,30.9310571530394,31.0332919815086,30.0851144200226,30.2666005812584,31.4800392384751,31.8138925404646,31.4848850513474,31.8138925404646,31.6398366004107,31.982846237395,31.9152963115619,30.8920850063356,31.2083263851684,31.7414031956435,31.7123938811286,31.0235595103858,30.7067742712998,30.9359276795236,30.5895710802732,30.501584646145,30.5993428998119,30.5846848369351,30.9797525071693,30.5553627050914,30.657955149547,30.7945928455984,31.2228997729714,31.6156400361194,31.2374711932355,31.3879275114203,30.8823397644757,30.6921308637942,29.775386440627,28.7562848918599,28.4276914056455,28.3877922511433,28.4426496954073,28.5024616412321,28.482528095304,28.3927804716586,28.3778151016153,28.4576058629756,29.044207883055,29.4696937897153,30.1832532777823,31.2520406467337,31.7752375872032,32.0021385019567,31.755904942121,30.9797525071693,30.3547800018646,29.8098450842037,29.967228730348,29.7310660989319,29.795078457589,29.6472995727053,29.5831983351633,29.6522288391912,29.6374403552393,29.4943789947374,29.2967366545395,29.2967366545395,29.5979943542878,29.7803097858312,29.8098450842037,30.2469952894203,30.2715013432821,30.1145655354327,29.7359914914735,29.5338634107745,29.4252459745708,29.1383575173713,29.0045408944048,29.1532156091641,29.370895615469,29.2769521827709,29.3807795666623,29.2522164072173,29.0937707459177,29.0342925281775,28.8655893020517,28.8556572041575,28.8705550013636,28.9450125430426,28.8357902104004,28.7711966938393,28.940050336123,28.5721994035508,28.5124270015936,28.6518433175642,28.7910758250633,29.009500080336,29.1135894037099,29.9573990480468,30.2960017892775,29.2868448794737,29.1433104459398,29.1433104459398,29.1334043574566,29.3956037698873,29.6374403552393,29.6325104041979,29.6325104041979,29.5239936805482,29.5486662897325,29.7556907859056,29.6916547611904,29.6472995727053,29.5437322255563,29.5437322255563,29.370895615469,29.400544711469,29.3659532950663,29.4598181030883,29.3115725896136,29.4153661581674,29.3906625985796,29.5190584720663,29.5190584720663,29.6423700780649,29.6325104041979,29.5289286601073,29.4301855384466,29.2818986463425,29.3511249542619,29.2868448794737,29.4104259055781,29.4054854233555,29.3362945434113,29.0739483820717,29.0243762452778,29.1878763976491,29.257164023458,29.1680716196875,29.0739483820717,29.2720054887278,29.3906625985796,29.1334043574566,29.3264064524046,29.2225258655088,29.2126271720896,29.3511249542619,29.5091873682112,29.4795685592941,29.3362945434113,29.4943789947374,29.4993153482952,29.6571578775531,29.7310660989319,29.7064357210951,29.6423700780649,29.4104259055781,29.2818986463425,29.0937707459177,28.8804857008759,28.8854507011395,29.1977774003059,29.2373721746069,29.2522164072173,29.4795685592941,29.4153661581674,29.5387979325806,29.5387979325806,29.2818986463425,29.1334043574566,29.0689922118039,29.1135894037099,29.2076774790804,29.1433104459398,29.1383575173713,29.0491652125642,28.9896619433183,28.9053083729833,29.1234973434636,29.0590791758805,29.217576634222,29.2720054887278,29.2917908821956,29.4943789947374,29.775386440627,29.8000008936581,29.8787289912069,29.8688911556633,29.9229880319466,30.0409225268145,29.7803097858312,29.7655390681081,29.785232903706,29.8344515860316,29.7162885553777,29.6916547611904,29.6472995727053,29.5684002590573,29.385721197515,29.2967366545395,29.2720054887278,29.044207883055,29.0491652125642,29.0342925281775,29.0590791758805,29.0640358097506,29.0590791758805,28.9350878965987,28.8357902104004,28.8258553140296,28.8357902104004,28.9648590453057,28.9747809016303,28.9598977684891,29.0888155024772,29.0541223101622,29.044207883055,28.666769865686,28.4924953392214,28.3828037944729,28.3129405866768,28.3129405866768,28.1930671296786,28.063049878718,28.0730569169481,28.063049878718,28.0130003858666,27.9228511486881,27.8977959483549,27.9278614710339,27.7824648884334,27.7172216044382,27.7523576505433
29.8541327014066,30.3155981109145,30.0409225268145,29.6226498173448,29.667015270028,30.5944571012223,30.8092223035559,30.4869132231383,30.3596767307832,31.0284258558301,30.6628380601376,30.4820223028257,30.6726032155034,30.7360551016191,30.2224836239616,30.8823397644757,31.4412649172963,31.2617525234662,31.4558069169552,31.4558069169552,31.286028394033,31.6349977200145,31.6446752646324,30.9894889364131,30.9943568210254,31.4170239041623,31.4412649172963,31.2180421956907,30.5895710802732,30.7067742712998,29.9524838675562,30.1538210751758,30.4184200315594,30.3547800018646,30.001625495435,29.9131542754777,29.9131542754777,30.2666005812584,31.0186929451471,31.3733763772217,31.1986096998407,30.7165354344988,30.5406986345341,29.7901557942818,28.9003443043406,28.4326777380859,28.2480260793404,28.258015532538,28.4775441200496,28.6518433175642,28.5672196631112,28.482528095304,28.3828037944729,28.930125224438,30.0802051118783,31.2423278962263,32.1756149567466,32.3343924077173,31.8138925404646,31.2374711932355,30.6237685583967,30.4037372245722,30.1489149206362,29.5091873682112,29.795078457589,29.8295307397771,29.8098450842037,29.785232903706,29.6522288391912,29.6472995727053,29.5338634107745,29.23242363567,29.1185434893225,29.0689922118039,29.3165174407562,29.6325104041979,29.5091873682112,29.5289286601073,29.5437322255563,29.7064357210951,29.7162885553777,29.4845056002677,29.4203061811547,29.2917908821956,29.0045408944048,29.0392503216033,29.4252459745708,29.257164023458,29.4351248728131,29.370895615469,29.217576634222,29.0789043205857,28.8506908055119,28.8854507011395,28.9102722087998,28.8804857008759,28.9549362591941,28.9450125430426,28.7165097979839,28.940050336123,29.0392503216033,29.2522164072173,29.1185434893225,28.7314272125631,29.2769521827709,30.4477796139247,30.6970122213627,30.1145655354327,29.7655390681081,29.6029259036991,29.6472995727053,29.5684002590573,29.7655390681081,30.0556551883126,30.0310996239144,29.671943624202,29.667015270028,29.6916547611904,29.7015089622882,29.6472995727053,29.6571578775531,29.6620866878218,29.6571578775531,29.5338634107745,29.5190584720663,29.5733331796973,29.4153661581674,29.3906625985796,29.4153661581674,29.3362945434113,29.3906625985796,29.2373721746069,29.449941499166,29.2917908821956,29.1878763976491,29.2917908821956,29.4104259055781,29.257164023458,29.3066275082174,29.173023160837,29.1779744708596,29.0689922118039,29.1829255497865,29.2027275551628,29.23242363567,29.1829255497865,29.2027275551628,29.2818986463425,29.2818986463425,29.2472685603494,29.3511249542619,29.3610107447515,29.385721197515,29.4746312891203,29.4548799158045,29.449941499166,29.3362945434113,29.449941499166,29.370895615469,29.55360012514,29.6127883172604,29.5585337318094,29.7162885553777,29.5289286601073,29.3066275082174,29.0689922118039,28.8854507011395,29.0243762452778,29.2076774790804,29.3362945434113,29.370895615469,29.5190584720663,29.3906625985796,29.4696937897153,29.5042514727762,29.3066275082174,29.2126271720896,29.1383575173713,29.1334043574566,29.0987257577298,29.0739483820717,29.0789043205857,29.0739483820717,29.0640358097506,29.0491652125642,29.0888155024772,29.0987257577298,29.217576634222,29.0739483820717,29.103680537945,29.3412382437518,29.6571578775531,29.7901557942818,29.795078457589,29.8787289912069,29.7655390681081,29.977057507944,29.8885659198648,29.8885659198648,29.8147668387412,29.8787289912069,29.7015089622882,29.7212146309145,29.7458415937754,29.4400639777012,29.2917908821956,29.1433104459398,29.0392503216033,28.9995814762791,29.0342925281775,29.1234973434636,29.1482631431937,29.1482631431937,29.1433104459398,28.9995814762791,28.98470182842,29.0937707459177,28.940050336123,28.9499745173891,28.9896619433183,28.9350878965987,29.0789043205857,28.9747809016303,28.9003443043406,28.6916427592519,28.5124270015936,28.5124270015936,28.332906232122,28.277991595206,28.1930671296786,28.0730569169481,28.063049878718,28.0530418873914,27.9378813982687,27.9479003691149,27.8877721929225,27.777447615956,27.7824648884334,27.7122012073196,27.7924987130493
29.2868448794737,29.8885659198648,29.785232903706,29.2917908821956,29.7113622521147,30.2420934053758,30.197966343171,29.8492127629486,29.9377369683613,30.8336003124521,30.8677202468541,30.8677202468541,30.4722397930578,30.2175806171496,29.7113622521147,30.657955149547,31.2811736565213,31.1743141577429,31.013826160085,30.6384212871151,30.4428869084819,31.169454392732,30.9700151977068,30.7165354344988,30.8189741701236,30.7702059921091,31.1111201277866,31.1354299059856,31.0624841221194,30.5895710802732,29.8049231025195,29.9328208826212,30.1391019363398,30.1685381887201,29.9082370574946,29.5782658717225,29.6768717503746,30.1341951065232,30.3449858725725,30.9359276795236,31.0235595103858,31.0430235736846,30.1243807714027,28.9350878965987,28.4576058629756,28.2630099036222,28.1980645842911,28.3927804716586,28.5970945819598,28.8705550013636,28.8457241736917,28.8854507011395,29.4450028531419,30.8384752513387,31.4655004971081,31.7123938811286,31.8766774757177,31.2277571316367,30.6481886624036,30.4233138536706,30.6628380601376,30.3302929995506,30.2028702487351,29.5091873682112,29.5782658717225,29.8049231025195,29.7901557942818,29.8688911556633,29.7704628680627,29.6423700780649,29.6226498173448,29.2373721746069,29.0590791758805,29.1581678438823,29.3807795666623,29.5930625764153,29.3165174407562,29.2769521827709,29.3956037698873,29.4153661581674,29.3214620616761,29.1977774003059,29.0987257577298,29.019417755741,29.257164023458,29.0590791758805,29.2621114091025,29.5782658717225,29.7113622521147,29.3956037698873,29.1135894037099,29.1284509661644,28.8556572041575,28.7314272125631,29.0789043205857,29.1334043574566,29.2027275551628,29.2373721746069,29.775386440627,29.8984019418799,29.5684002590573,29.2522164072173,28.9598977684891,28.9102722087998,29.2621114091025,29.8393722052915,29.9573990480468,29.844292597587,29.7310660989319,29.7310660989319,29.7409166564112,29.9967123499873,30.001625495435,30.3400884721394,30.2175806171496,29.8738101868109,29.6867273188382,29.8688911556633,29.8196883661623,29.6867273188382,29.6768717503746,29.7162885553777,29.4400639777012,29.449941499166,29.5634671097716,29.4993153482952,29.400544711469,29.2818986463425,29.0491652125642,29.0491652125642,28.9251623196095,28.9350878965987,29.0888155024772,29.103680537945,29.3016821965364,29.227474865981,29.1185434893225,29.1135894037099,29.173023160837,29.0243762452778,29.1631198473796,29.1928270144785,29.23242363567,29.23242363567,29.2818986463425,29.3560679644938,29.3412382437518,29.257164023458,29.2472685603494,29.217576634222,29.2027275551628,29.3313506129726,29.3214620616761,29.5585337318094,29.5634671097716,29.4252459745708,29.4795685592941,29.4993153482952,29.400544711469,29.4252459745708,29.6127883172604,29.6029259036991,29.5782658717225,29.5437322255563,29.3956037698873,29.2126271720896,29.0541223101622,29.1284509661644,28.9648590453057,29.2027275551628,29.2917908821956,29.2472685603494,29.3016821965364,29.3659532950663,29.5437322255563,29.2027275551628,29.1334043574566,29.1631198473796,29.103680537945,28.9450125430426,28.9896619433183,28.9450125430426,29.0888155024772,29.0590791758805,29.0689922118039,29.0590791758805,29.0789043205857,29.2076774790804,29.2126271720896,29.1185434893225,29.2967366545395,29.5289286601073,29.5239936805482,29.7507663035967,29.6965819756635,29.775386440627,29.8344515860316,29.8295307397771,29.9229880319466,29.8098450842037,29.9082370574946,29.7901557942818,29.7901557942818,29.55360012514,29.3807795666623,29.2720054887278,29.2522164072173,29.0491652125642,28.9747809016303,29.019417755741,28.9598977684891,29.0590791758805,28.9499745173891,29.019417755741,28.8953800028402,28.9251623196095,29.0789043205857,29.0144590341043,28.9598977684891,28.9747809016303,28.9698200896756,28.9450125430426,28.9003443043406,28.9698200896756,28.6170064980665,28.4775441200496,28.3977684560513,28.3977684560513,28.347877982722,28.2879782051969,28.1030723156867,28.0930681351701,28.048037534235,27.962927032733,27.9428910032239,27.8727347639835,27.8075476496238,27.8225944265762,27.8025315774346,27.7623943574465
29.2868448794737,29.5782658717225,29.8049231025195,29.5684002590573,29.8984019418799,30.4624563909023,30.657955149547,29.7655390681081,29.7704628680627,30.3792614089673,30.4869132231383,30.4722397930578,30.4624563909023,29.9524838675562,29.6325104041979,30.6237685583967,30.8628466329089,31.013826160085,30.6433050857922,30.4331008277436,30.3351908478087,30.6774854603372,30.2666005812584,30.4477796139247,30.8579727982129,30.5406986345341,30.7018933571882,30.8189741701236,30.9115728433701,30.3988425085929,30.1489149206362,30.2273864061603,29.9967123499873,30.2224836239616,30.2175806171496,30.4037372245722,30.5309214741276,30.1734434433101,30.2813021944153,30.7165354344988,30.7360551016191,30.9018293658896,29.6867273188382,28.4875118350172,28.3129405866768,28.258015532538,28.218052029166,28.4576058629756,28.6866686490532,28.8208875158601,29.1680716196875,30.2371912968375,31.0332919815086,31.5236437419021,31.5236437419021,30.8530987427369,30.2715013432821,30.0360111882413,29.967228730348,30.0261878338035,30.5602502833811,30.5504749042066,29.9917989785445,29.6177191814719,29.6423700780649,29.8541327014066,30.1145655354327,30.1538210751758,30.1685381887201,30.0900235027141,30.2028702487351,29.370895615469,29.1284509661644,29.2522164072173,29.4054854233555,29.8049231025195,29.4647560610483,29.257164023458,29.3016821965364,29.3560679644938,29.3264064524046,29.1086350865945,29.0987257577298,29.0590791758805,29.2967366545395,29.1086350865945,29.4795685592941,29.4795685592941,29.3214620616761,29.55360012514,29.3313506129726,29.1829255497865,29.1185434893225,29.1383575173713,29.3313506129726,29.6768717503746,29.2967366545395,29.2917908821956,29.5684002590573,29.6522288391912,29.5684002590573,29.1334043574566,29.1284509661644,29.1234973434636,29.6325104041979,29.7704628680627,29.6374403552393,29.8393722052915,29.8492127629486,29.8639718977337,29.8639718977337,29.667015270028,29.795078457589,30.0752955782511,30.109657579554,29.9524838675562,29.9082370574946,29.7556907859056,29.7064357210951,29.844292597587,29.6768717503746,29.4548799158045,29.400544711469,29.4351248728131,29.400544711469,29.4894424120718,29.5831983351633,29.2917908821956,28.9350878965987,28.9350878965987,28.9350878965987,28.9747809016303,29.23242363567,29.2472685603494,29.2818986463425,29.257164023458,29.4104259055781,29.2670585641821,29.2225258655088,29.1234973434636,29.0739483820717,29.2126271720896,29.4548799158045,29.3016821965364,29.385721197515,29.4696937897153,29.4696937897153,29.3758377059907,29.2621114091025,29.242320482823,29.2373721746069,29.242320482823,29.2720054887278,29.5634671097716,29.5684002590573,29.5437322255563,29.5486662897325,29.4400639777012,29.5190584720663,29.6177191814719,29.6078572246797,29.5684002590573,29.5782658717225,29.5091873682112,29.3560679644938,29.3362945434113,28.9598977684891,29.0144590341043,28.9896619433183,29.0541223101622,29.0541223101622,29.1383575173713,29.257164023458,29.3412382437518,29.3066275082174,29.3214620616761,29.2868448794737,29.1482631431937,28.940050336123,29.1135894037099,29.083860027377,29.0392503216033,29.103680537945,29.0987257577298,29.083860027377,29.0342925281775,29.009500080336,29.217576634222,29.1334043574566,29.0491652125642,29.2126271720896,29.2522164072173,29.400544711469,29.3758377059907,29.3906625985796,29.7606150407326,29.795078457589,29.7606150407326,29.844292597587,29.8934840441875,29.8098450842037,29.795078457589,29.7359914914735,29.5831983351633,29.3066275082174,29.2522164072173,29.0293345027462,29.0491652125642,28.930125224438,29.0045408944048,29.1482631431937,29.1482631431937,29.0888155024772,29.0392503216033,28.8705550013636,28.9995814762791,28.98470182842,28.940050336123,28.9698200896756,29.0590791758805,29.0392503216033,29.0739483820717,29.0739483820717,29.044207883055,28.6966166352573,28.5522790316995,28.5174093287365,28.5174093287365,28.277991595206,28.327915175609,28.0830630023446,28.1430795199092,28.063049878718,28.0530418873914,28.0130003858666,27.8326244118639,27.9378813982687,27.8576951793018,27.7824648884334,27.7272616770383
29.242320482823,29.3214620616761,29.6965819756635,29.8246096664975,29.7162885553777,30.1194732660389,30.8384752513387,30.0261878338035,29.7507663035967,29.7556907859056,30.2077739295662,30.4477796139247,30.0703858191111,29.4795685592941,29.4795685592941,30.2126773856944,30.501584646145,30.364573235923,30.3694695173139,30.1194732660389,30.0900235027141,30.1292880515541,29.8049231025195,30.0409225268145,30.094932359983,30.1145655354327,30.3841570192894,30.3841570192894,30.5358101656873,30.5211434227513,31.013826160085,30.0065384149177,30.094932359983,30.2126773856944,30.5602502833811,31.5236437419021,31.3394161088585,30.7409344645536,30.9213154390094,30.7165354344988,30.5358101656873,31.0430235736846,30.2273864061603,28.6269610479519,28.2879782051969,28.218052029166,28.4526207095317,28.6916427592519,28.8556572041575,29.5733331796973,30.7604497017866,31.2763187007373,31.286028394033,30.80434603868,30.109657579554,29.6472995727053,29.3165174407562,29.6472995727053,29.6472995727053,30.3009012058606,30.4233138536706,29.9573990480468,29.5634671097716,29.5634671097716,29.8344515860316,29.8590524129916,30.1194732660389,30.4282074523887,30.5309214741276,30.3155981109145,30.5260325598254,29.9819715575531,29.227474865981,29.1433104459398,29.4795685592941,29.8000008936581,29.3412382437518,29.0045408944048,29.4450028531419,29.9328208826212,29.2818986463425,29.044207883055,29.0392503216033,29.0987257577298,29.449941499166,29.2670585641821,29.4203061811547,29.4153661581674,29.4054854233555,29.5091873682112,29.4894424120718,29.3165174407562,29.4696937897153,29.6867273188382,29.3165174407562,28.9053083729833,28.9598977684891,28.9450125430426,28.7413709858727,29.0541223101622,28.7910758250633,28.7761668270904,28.9549362591941,29.1581678438823,29.5338634107745,29.5437322255563,29.4598181030883,29.3412382437518,29.3412382437518,29.6817996485765,29.7212146309145,29.6275802249099,29.7359914914735,30.0752955782511,30.0703858191111,29.8738101868109,29.9180712669515,29.8639718977337,29.8098450842037,29.667015270028,29.667015270028,29.5733331796973,29.5881305700507,29.242320482823,29.23242363567,29.2818986463425,29.2868448794737,29.2769521827709,29.1284509661644,29.2670585641821,28.9797414812012,29.0987257577298,29.083860027377,28.9995814762791,28.9499745173891,28.8705550013636,29.0590791758805,28.9201991820813,29.009500080336,29.227474865981,29.0789043205857,29.2769521827709,29.5091873682112,29.3412382437518,29.3560679644938,29.4598181030883,29.3412382437518,29.2373721746069,29.2373721746069,29.083860027377,29.0937707459177,29.2373721746069,29.3758377059907,29.3313506129726,29.385721197515,29.5289286601073,29.5239936805482,29.4795685592941,29.257164023458,29.5239936805482,29.5979943542878,29.5733331796973,29.5684002590573,29.4894424120718,29.23242363567,28.9648590453057,28.9698200896756,28.98470182842,28.8208875158601,29.0491652125642,29.0590791758805,29.0689922118039,29.2027275551628,29.2621114091025,29.3066275082174,29.4943789947374,29.3214620616761,29.1284509661644,29.217576634222,29.0888155024772,29.0342925281775,29.019417755741,29.1433104459398,28.940050336123,28.915235811822,28.9946218259274,29.019417755741,29.0888155024772,29.0144590341043,29.083860027377,29.217576634222,29.1581678438823,29.257164023458,29.3807795666623,29.4943789947374,29.7556907859056,29.8049231025195,29.8147668387412,29.785232903706,29.8147668387412,29.927904570493,29.7803097858312,29.7458415937754,29.5486662897325,29.3758377059907,29.2868448794737,29.1878763976491,29.103680537945,28.8606233696602,28.940050336123,29.0045408944048,28.9698200896756,29.044207883055,28.9896619433183,28.9251623196095,28.8208875158601,29.009500080336,28.940050336123,29.009500080336,29.044207883055,29.103680537945,28.9896619433183,28.9648590453057,28.8556572041575,28.5472983510907,28.5024616412321,28.4077437165986,28.3528680933838,28.3079485837934,28.218052029166,28.1880694376433,28.14807935022,28.1030723156867,27.962927032733,27.9028074670123,27.892784190336,27.9028074670123,27.8025315774346,27.7924987130493,27.7523576505433
29.3659532950663,29.1680716196875,29.5239936805482,29.8049231025195,29.3758377059907,29.5733331796973,29.9426528277437,30.3841570192894,29.8098450842037,29.9868853810766,30.1489149206362,30.8628466329089,29.8984019418799,29.0541223101622,29.3115725896136,30.2077739295662,30.2322889637756,30.3841570192894,30.4918039204427,30.0261878338035,30.0360111882413,29.8984019418799,29.6177191814719,29.6522288391912,29.8049231025195,30.094932359983,30.0900235027141,30.1685381887201,30.3988425085929,31.0430235736846,30.7458136060084,30.3988425085929,30.2371912968375,30.4526720961226,30.9310571530394,31.2277571316367,31.0430235736846,30.6628380601376,30.7506925260126,30.5211434227513,30.3351908478087,30.8969572963862,30.1243807714027,29.5239936805482,29.0293345027462,28.4875118350172,28.8308228788658,29.5091873682112,29.9967123499873,30.6091138300302,31.0235595103858,30.7458136060084,30.2322889637756,29.6965819756635,29.3214620616761,29.2027275551628,28.9896619433183,29.173023160837,29.3807795666623,30.0310996239144,30.1832532777823,30.1341951065232,29.785232903706,29.6768717503746,29.7359914914735,29.8688911556633,30.1243807714027,30.3498830491376,30.5064746746021,30.6921308637942,30.3106993666494,29.8049231025195,29.3115725896136,29.3066275082174,29.4252459745708,29.5733331796973,29.3165174407562,29.3412382437518,29.4400639777012,29.7015089622882,29.385721197515,29.1086350865945,29.0888155024772,29.6029259036991,29.4943789947374,29.3511249542619,29.5091873682112,29.6817996485765,29.4351248728131,29.6177191814719,29.9082370574946,29.8098450842037,29.7015089622882,29.5881305700507,29.4351248728131,29.3066275082174,29.2917908821956,29.0937707459177,29.1284509661644,29.2076774790804,28.6866686490532,28.8258553140296,29.2472685603494,29.3115725896136,29.1135894037099,29.3264064524046,29.4746312891203,29.3362945434113,29.4647560610483,29.5881305700507,29.6325104041979,29.6374403552393,29.9082370574946,29.8492127629486,29.795078457589,29.6620866878218,29.6965819756635,29.775386440627,29.9917989785445,30.1538210751758,30.1489149206362,29.844292597587,29.667015270028,29.5141230346309,29.2769521827709,29.2720054887278,29.1234973434636,28.9995814762791,29.0640358097506,29.009500080336,28.9698200896756,29.0491652125642,28.9995814762791,29.009500080336,28.8159194843254,28.7960450239002,28.8506908055119,28.7711966938393,29.0342925281775,29.103680537945,29.1433104459398,29.3313506129726,29.1977774003059,29.217576634222,29.1779744708596,29.1829255497865,29.2373721746069,29.217576634222,29.2522164072173,29.1977774003059,29.0689922118039,29.103680537945,29.3066275082174,29.3807795666623,29.4301855384466,29.4598181030883,29.5042514727762,29.4153661581674,29.4153661581674,29.6226498173448,29.5782658717225,29.4548799158045,29.3906625985796,29.3560679644938,28.9549362591941,28.9698200896756,28.8556572041575,28.8308228788658,28.8159194843254,29.1185434893225,29.1284509661644,29.0590791758805,29.0541223101622,29.1284509661644,29.2917908821956,29.4943789947374,29.3016821965364,29.1334043574566,29.0342925281775,29.0491652125642,29.1185434893225,29.083860027377,29.019417755741,28.9598977684891,28.9450125430426,29.0144590341043,29.0789043205857,28.9499745173891,29.0987257577298,29.2027275551628,29.2225258655088,29.227474865981,29.1433104459398,29.2225258655088,29.2621114091025,29.5979943542878,29.7704628680627,29.8885659198648,29.927904570493,29.8984019418799,29.7212146309145,29.6472995727053,29.6374403552393,29.5338634107745,29.2472685603494,29.2769521827709,29.2126271720896,29.0937707459177,28.9747809016303,28.9450125430426,28.98470182842,29.1086350865945,28.9995814762791,28.9896619433183,28.8457241736917,28.9797414812012,28.9896619433183,28.930125224438,28.9350878965987,29.0243762452778,29.0987257577298,29.009500080336,29.0491652125642,28.6816943046293,28.5672196631112,28.5174093287365,28.4276914056455,28.223048297154,28.228044327915,28.3129405866768,28.1430795199092,28.0880656878123,28.0380281127715,28.043032942706,27.8627086137778,27.9178405871461,27.9979808867536,27.8075476496238,27.7473389366228,27.8326244118639
29.4894424120718,28.915235811822,29.2818986463425,29.4104259055781,29.1631198473796,29.227474865981,29.385721197515,29.9426528277437,30.0065384149177,30.1489149206362,30.0212758178786,30.1047493983729,29.6177191814719,29.0144590341043,29.1086350865945,29.6374403552393,30.0851144200226,30.3939475690725,30.5309214741276,30.501584646145,30.4722397930578,30.3596767307832,30.2764018809912,30.0998409918593,30.2764018809912,30.1636327091878,29.55360012514,29.8787289912069,30.2273864061603,30.6677207487799,30.7360551016191,30.1489149206362,30.6188838711635,30.2322889637756,31.4412649172963,31.43156916424,30.7848387678825,30.6433050857922,30.5602502833811,30.0114511084659,30.0114511084659,30.0998409918593,29.5239936805482,29.8295307397771,29.5239936805482,29.385721197515,30.0114511084659,30.3155981109145,30.5162540628758,30.3106993666494,29.9967123499873,29.8393722052915,29.5486662897325,29.1631198473796,29.1234973434636,28.7811367266903,28.7115368584326,28.8109512193939,29.1779744708596,29.7310660989319,30.1783484729875,29.9819715575531,29.927904570493,29.8787289912069,29.7507663035967,30.1194732660389,30.1341951065232,30.3106993666494,30.6774854603372,30.6823674833107,30.158727004683,29.927904570493,29.6472995727053,29.3560679644938,29.3066275082174,29.370895615469,29.3313506129726,29.2868448794737,29.4795685592941,29.5141230346309,29.3610107447515,29.2670585641821,29.0590791758805,29.5979943542878,29.7359914914735,29.4746312891203,29.4845056002677,30.1489149206362,29.972143232219,29.795078457589,29.8393722052915,29.8295307397771,29.7064357210951,29.5338634107745,29.1334043574566,28.8953800028402,28.915235811822,28.9102722087998,28.7463425217002,29.1383575173713,29.1135894037099,29.1234973434636,29.3362945434113,29.0689922118039,29.0045408944048,29.0987257577298,29.3016821965364,29.4845056002677,29.3461817140249,29.3362945434113,29.3362945434113,29.4746312891203,29.6127883172604,29.6177191814719,29.8049231025195,29.671943624202,29.671943624202,29.671943624202,29.7212146309145,29.6768717503746,30.0752955782511,30.0605656241719,30.045833639664,29.5141230346309,29.1234973434636,28.915235811822,28.9698200896756,28.9350878965987,28.9499745173891,28.8655893020517,28.9350878965987,28.9598977684891,29.009500080336,29.0045408944048,29.019417755741,29.019417755741,29.1433104459398,29.2670585641821,29.2522164072173,29.2967366545395,29.3066275082174,29.3264064524046,29.2225258655088,29.217576634222,29.2225258655088,29.1977774003059,29.23242363567,29.242320482823,29.227474865981,29.242320482823,29.2522164072173,29.227474865981,29.2917908821956,29.370895615469,29.6374403552393,29.4153661581674,29.3461817140249,29.5141230346309,29.4351248728131,29.4943789947374,29.8000008936581,29.5881305700507,29.3560679644938,29.2225258655088,28.9598977684891,28.9549362591941,28.9598977684891,28.9598977684891,29.0045408944048,29.1779744708596,29.2670585641821,29.1383575173713,29.0342925281775,29.1234973434636,29.2621114091025,29.3214620616761,29.2522164072173,29.3214620616761,29.1878763976491,29.0689922118039,29.1135894037099,29.0144590341043,29.1135894037099,29.0144590341043,29.0045408944048,28.9946218259274,28.8904154684503,29.0045408944048,29.0888155024772,29.0937707459177,29.1482631431937,29.0689922118039,28.9251623196095,29.1482631431937,29.242320482823,29.4943789947374,29.5979943542878,29.8688911556633,29.8590524129916,29.7409166564112,29.8344515860316,29.6127883172604,29.6522288391912,29.5190584720663,29.2967366545395,29.3016821965364,29.227474865981,29.1185434893225,29.1185434893225,28.9896619433183,29.0293345027462,29.0987257577298,29.0590791758805,29.009500080336,28.930125224438,28.8457241736917,28.9946218259274,28.9251623196095,28.8407573086651,28.9201991820813,29.019417755741,29.019417755741,28.8953800028402,28.6816943046293,28.5522790316995,28.3578579676639,28.3977684560513,28.3828037944729,28.2080587813783,28.1880694376433,28.1780733411736,28.0330230443987,28.0530418873914,27.9729436137625,27.892784190336,27.8677218086608,27.8276095391327,27.8025315774346,27.8225944265762,27.7674123504958
29.9131542754777,29.0689922118039,29.1680716196875,29.1779744708596,29.1680716196875,29.5042514727762,29.4647560610483,29.5338634107745,30.1489149206362,30.6237685583967,30.4722397930578,30.158727004683,29.3610107447515,28.9350878965987,29.0689922118039,29.5190584720663,30.2469952894203,30.4184200315594,30.3890524059812,30.7653279576147,31.1500131430931,30.8238497718738,30.6921308637942,30.5895710802732,30.6286530234468,30.2813021944153,29.844292597587,29.7162885553777,30.1783484729875,30.7458136060084,30.8384752513387,30.2469952894203,30.5895710802732,30.5504749042066,31.6446752646324,31.2131843997659,30.6384212871151,30.6481886624036,30.6139989617178,30.40863171704,30.1930622128441,30.3988425085929,29.795078457589,29.9967123499873,29.785232903706,29.8344515860316,30.1243807714027,30.0261878338035,29.7359914914735,29.5338634107745,29.5585337318094,29.5338634107745,29.1234973434636,29.1532156091641,29.4104259055781,29.1631198473796,29.1977774003059,29.2917908821956,29.4301855384466,29.972143232219,29.9868853810766,30.045833639664,29.8787289912069,29.7261404787557,29.7359914914735,29.9623140023007,30.1194732660389,30.4624563909023,30.6726032155034,30.4918039204427,30.2077739295662,30.1881578577246,29.795078457589,29.4943789947374,29.3560679644938,29.0689922118039,29.0937707459177,28.9797414812012,29.4153661581674,29.4450028531419,29.3313506129726,29.0541223101622,29.044207883055,29.6965819756635,29.7655390681081,30.1292880515541,30.4966943947684,30.3547800018646,30.2567983841477,29.6522288391912,29.4894424120718,29.4746312891203,29.5930625764153,29.4104259055781,28.9003443043406,28.61202887113,29.103680537945,29.2076774790804,29.1284509661644,28.9102722087998,28.7115368584326,29.1383575173713,29.2076774790804,29.3165174407562,29.4450028531419,29.5782658717225,29.4252459745708,29.2621114091025,29.0689922118039,29.2522164072173,29.3214620616761,29.5289286601073,29.6620866878218,29.5831983351633,29.5930625764153,29.5831983351633,29.8738101868109,29.927904570493,29.8344515860316,29.6522288391912,29.7458415937754,29.7704628680627,30.0605656241719,30.1440085410342,29.6423700780649,29.0640358097506,29.1135894037099,28.9598977684891,28.9499745173891,28.8556572041575,28.8556572041575,28.8258553140296,29.103680537945,29.1482631431937,29.3956037698873,29.3659532950663,29.1383575173713,29.1977774003059,29.2472685603494,29.3115725896136,29.3165174407562,29.4203061811547,29.3412382437518,29.2769521827709,29.2225258655088,29.242320482823,29.2225258655088,29.23242363567,29.3165174407562,29.2621114091025,29.227474865981,29.2373721746069,29.1185434893225,29.3610107447515,29.5239936805482,29.3362945434113,29.4598181030883,29.5387979325806,29.55360012514,29.6275802249099,29.6127883172604,29.5387979325806,29.5042514727762,29.3313506129726,29.1631198473796,28.9648590453057,28.8109512193939,28.8556572041575,29.009500080336,29.2126271720896,29.0739483820717,28.930125224438,29.1086350865945,29.0541223101622,29.019417755741,29.23242363567,29.3016821965364,29.3066275082174,29.1135894037099,29.1086350865945,28.9053083729833,29.0045408944048,28.9995814762791,29.009500080336,29.019417755741,28.98470182842,28.9549362591941,28.9598977684891,28.9549362591941,28.9995814762791,28.9251623196095,28.9499745173891,28.9251623196095,29.1581678438823,29.217576634222,29.4054854233555,29.5338634107745,29.5979943542878,29.6620866878218,29.8393722052915,29.8492127629486,29.8344515860316,29.6522288391912,29.5042514727762,29.3807795666623,29.3758377059907,29.1928270144785,28.9747809016303,28.8258553140296,28.8457241736917,29.0640358097506,29.0689922118039,29.0144590341043,29.1383575173713,28.9350878965987,28.930125224438,29.0144590341043,28.9251623196095,28.9797414812012,28.9797414812012,29.0342925281775,29.1234973434636,28.8109512193939,28.6219838903298,28.4875118350172,28.4625907807171,28.327915175609,28.2130555239183,28.2080587813783,28.1680762946208,28.1680762946208,27.9929739096901,27.8727347639835,28.0180064083215,28.0330230443987,27.7674123504958,27.7874819207868,27.7523576505433,27.7473389366228,27.8225944265762
29.400544711469,29.019417755741,29.173023160837,29.9426528277437,29.7212146309145,29.7556907859056,30.0163635761093,29.7409166564112,30.4233138536706,30.6091138300302,30.40863171704,30.4331008277436,29.1977774003059,28.8159194843254,29.044207883055,29.4795685592941,30.1145655354327,30.1440085410342,30.0163635761093,30.0212758178786,30.5749116829746,30.6286530234468,30.5113644801692,30.7604497017866,31.0965316297901,31.4218725416251,32.4112921774014,30.0409225268145,30.5749116829746,30.5797983711788,31.1986096998407,30.5064746746021,30.2175806171496,30.5309214741276,31.4024766868113,30.9164442514054,30.5406986345341,30.3792614089673,30.9505379372001,31.5430178818391,31.2714635266525,31.0916683584391,30.2715013432821,30.1145655354327,29.8984019418799,29.9426528277437,29.7359914914735,29.2917908821956,29.1532156091641,29.1829255497865,29.0689922118039,29.0689922118039,28.8755204676278,29.1680716196875,29.5881305700507,29.5042514727762,29.5437322255563,29.7212146309145,29.9377369683613,30.1783484729875,30.1047493983729,30.045833639664,29.8787289912069,29.7556907859056,29.7458415937754,29.9328208826212,30.109657579554,30.4624563909023,30.4673482035432,30.4575643551052,30.2862022835847,30.2175806171496,29.9475684607986,29.795078457589,29.4647560610483,29.0789043205857,28.9598977684891,29.0045408944048,29.0293345027462,29.3313506129726,29.2522164072173,29.2720054887278,29.449941499166,29.8246096664975,30.6237685583967,30.7018933571882,30.3792614089673,29.927904570493,29.785232903706,29.4993153482952,29.242320482823,29.1928270144785,29.3066275082174,29.4252459745708,29.23242363567,28.9797414812012,28.7960450239002,29.23242363567,29.5387979325806,29.370895615469,28.9995814762791,29.5881305700507,29.5930625764153,29.4696937897153,29.1383575173713,29.1779744708596,29.3560679644938,29.400544711469,29.2472685603494,29.3659532950663,29.4993153482952,29.5831983351633,29.7556907859056,29.8295307397771,29.671943624202,29.6177191814719,29.5634671097716,29.7458415937754,29.5289286601073,29.6423700780649,29.9475684607986,29.8492127629486,29.775386440627,29.7359914914735,29.55360012514,29.4746312891203,29.2670585641821,29.1532156091641,29.1581678438823,29.1383575173713,29.1433104459398,29.173023160837,29.1234973434636,29.2967366545395,29.2967366545395,29.3165174407562,29.2818986463425,29.2917908821956,29.3461817140249,29.3313506129726,29.3362945434113,29.3560679644938,29.2522164072173,29.1928270144785,29.2522164072173,29.2472685603494,29.2027275551628,29.2225258655088,29.23242363567,29.2225258655088,29.2522164072173,29.2818986463425,29.2472685603494,29.3807795666623,29.5733331796973,29.5437322255563,29.5387979325806,29.5881305700507,29.6078572246797,29.5979943542878,29.4894424120718,29.4894424120718,29.2769521827709,29.1631198473796,28.9698200896756,28.9747809016303,28.8159194843254,28.9747809016303,29.0640358097506,29.3016821965364,29.1334043574566,29.0144590341043,29.0045408944048,28.8904154684503,28.9797414812012,29.0987257577298,29.1383575173713,29.1928270144785,29.0789043205857,29.0937707459177,29.0342925281775,29.019417755741,28.9698200896756,29.0045408944048,28.9648590453057,28.940050336123,29.0045408944048,28.9251623196095,29.0243762452778,28.9201991820813,28.9102722087998,28.9201991820813,28.915235811822,29.173023160837,29.370895615469,29.5585337318094,29.6078572246797,29.6325104041979,29.5881305700507,29.7162885553777,29.6768717503746,29.5486662897325,29.4795685592941,29.3610107447515,29.3461817140249,29.385721197515,29.2818986463425,28.9499745173891,28.9003443043406,28.7811367266903,28.8258553140296,28.9946218259274,29.0491652125642,29.1680716196875,28.9648590453057,28.9797414812012,29.0937707459177,29.0987257577298,28.9598977684891,28.9549362591941,29.0491652125642,29.0789043205857,28.8010139892131,28.6219838903298,28.497478607949,28.3129405866768,28.3877922511433,28.277991595206,28.14807935022,28.1580782977234,28.2080587813783,28.0730569169481,28.1280786023483,28.043032942706,27.9228511486881,27.8727347639835,27.8276095391327,27.9028074670123,27.6619839981682,27.7573761241401
29.0243762452778,29.1680716196875,30.001625495435,30.2764018809912,29.9623140023007,29.7458415937754,30.0409225268145,30.4233138536706,30.8628466329089,30.3988425085929,30.4966943947684,30.5309214741276,29.4795685592941,28.8208875158601,29.3264064524046,29.7310660989319,30.0261878338035,29.4450028531419,29.5733331796973,29.8000008936581,29.8049231025195,30.5064746746021,30.3498830491376,30.4624563909023,31.0965316297901,32.1322717834389,32.3151589823106,31.169454392732,31.5720725901556,30.8823397644757,30.5504749042066,30.7214156836447,30.7214156836447,30.3155981109145,30.9018293658896,30.8969572963862,30.5406986345341,30.4477796139247,31.6543519446639,31.8863334729424,31.4267209616415,30.9602770077943,30.2175806171496,29.8541327014066,29.8885659198648,30.0310996239144,30.2371912968375,29.1829255497865,28.930125224438,28.8755204676278,28.5821581795757,28.7960450239002,28.7662263269051,29.1631198473796,29.3758377059907,28.9995814762791,29.1680716196875,29.4696937897153,29.8295307397771,30.2862022835847,29.9868853810766,29.5733331796973,29.7458415937754,29.8344515860316,29.6916547611904,29.8984019418799,30.2764018809912,30.2028702487351,30.4526720961226,30.4526720961226,30.0212758178786,30.0114511084659,29.9426528277437,29.775386440627,29.3610107447515,29.1581678438823,29.3016821965364,28.940050336123,29.0491652125642,29.370895615469,29.6423700780649,30.0114511084659,30.2862022835847,30.6433050857922,30.7116549637269,30.1881578577246,29.7803097858312,29.4301855384466,29.3264064524046,29.4301855384466,29.257164023458,29.0144590341043,29.385721197515,29.4598181030883,29.1779744708596,29.1680716196875,28.7910758250633,28.8804857008759,28.9053083729833,29.1779744708596,29.5782658717225,30.0802051118783,29.9623140023007,29.0392503216033,28.7662263269051,28.8655893020517,28.7662263269051,29.044207883055,29.3511249542619,29.385721197515,29.3807795666623,29.4943789947374,29.6325104041979,29.6423700780649,29.5437322255563,29.6768717503746,29.6571578775531,29.5387979325806,29.6423700780649,29.5585337318094,29.7606150407326,29.8738101868109,29.7310660989319,29.4400639777012,29.217576634222,29.1086350865945,29.1779744708596,29.1680716196875,29.1631198473796,29.3066275082174,29.1532156091641,29.2818986463425,29.3165174407562,29.2670585641821,29.400544711469,29.4548799158045,29.3560679644938,29.2769521827709,29.4746312891203,29.400544711469,29.4647560610483,29.4450028531419,29.4400639777012,29.2670585641821,29.2522164072173,29.1680716196875,29.1829255497865,29.2225258655088,29.1433104459398,29.2126271720896,29.3264064524046,29.3659532950663,29.3659532950663,29.5289286601073,29.5437322255563,29.5733331796973,29.4647560610483,29.6472995727053,29.6275802249099,29.55360012514,29.5831983351633,29.3313506129726,29.2818986463425,29.0640358097506,28.9201991820813,28.9549362591941,28.9598977684891,29.0045408944048,29.2126271720896,29.227474865981,29.0342925281775,28.9747809016303,29.009500080336,28.8953800028402,28.8804857008759,28.9201991820813,28.940050336123,29.1234973434636,29.1135894037099,29.1631198473796,29.1086350865945,29.0888155024772,29.1086350865945,28.9946218259274,28.9698200896756,28.9450125430426,28.930125224438,28.930125224438,28.9102722087998,28.9995814762791,28.930125224438,28.8755204676278,29.0293345027462,29.1680716196875,29.3659532950663,29.3807795666623,29.5881305700507,29.4696937897153,29.55360012514,29.5585337318094,29.6571578775531,29.6522288391912,29.4104259055781,29.2818986463425,29.3659532950663,29.5190584720663,29.3659532950663,29.2621114091025,28.930125224438,28.9251623196095,28.9201991820813,29.0293345027462,29.0789043205857,29.0789043205857,29.0392503216033,28.8953800028402,28.9648590453057,28.9003443043406,28.9946218259274,29.083860027377,29.0689922118039,28.9896619433183,28.6319379709646,28.6319379709646,28.5223914205637,28.2430309971616,28.3528680933838,28.223048297154,28.0730569169481,28.1430795199092,28.048037534235,28.0730569169481,27.892784190336,27.9078187463413,27.9328715542163,27.9228511486881,27.6670068026902,27.812563481855,27.7573761241401,27.7623943574465
28.7214825035015,29.0789043205857,30.0114511084659,30.2813021944153,30.0114511084659,29.4746312891203,29.8492127629486,30.1783484729875,30.9602770077943,30.5895710802732,30.5162540628758,30.6433050857922,29.6325104041979,29.0342925281775,29.6374403552393,30.1194732660389,30.2469952894203,29.3511249542619,29.1928270144785,29.3115725896136,30.0310996239144,30.6774854603372,30.3253949273354,30.501584646145,31.1597342058889,32.1274548089826,31.7945667860547,31.446112467811,30.7555712245957,30.8287251526402,30.9067012148745,31.1500131430931,30.5602502833811,30.2175806171496,30.4331008277436,30.6091138300302,30.5895710802732,30.6774854603372,31.8959886111763,31.5430178818391,30.9359276795236,30.4135259860258,30.0163635761093,29.7507663035967,30.0409225268145,30.8969572963862,30.8823397644757,29.4894424120718,28.8755204676278,28.5423174353593,28.5771789090283,28.7562848918599,28.7960450239002,29.3610107447515,29.0144590341043,29.0590791758805,29.1482631431937,29.3461817140249,29.7212146309145,30.2126773856944,29.967228730348,29.5733331796973,29.5733331796973,29.7458415937754,29.5634671097716,30.2077739295662,30.305800398308,30.0703858191111,30.1194732660389,30.4428869084819,30.1047493983729,30.0163635761093,30.001625495435,29.7261404787557,29.4400639777012,29.4203061811547,29.2027275551628,29.1334043574566,29.2868448794737,29.6423700780649,29.9033196129721,30.3204966311333,30.4869132231383,30.3155981109145,30.1685381887201,30.1047493983729,29.7507663035967,29.3461817140249,29.3461817140249,29.3313506129726,29.1829255497865,29.103680537945,29.1532156091641,29.2522164072173,28.9648590453057,28.9053083729833,28.9102722087998,28.7960450239002,28.8258553140296,28.8457241736917,29.5831983351633,29.5831983351633,29.9475684607986,29.8787289912069,29.4400639777012,28.9698200896756,28.7761668270904,28.7662263269051,29.0342925281775,29.3610107447515,29.5091873682112,29.5486662897325,29.3906625985796,29.4054854233555,29.5930625764153,29.6916547611904,29.6522288391912,29.5437322255563,29.5437322255563,29.6177191814719,30.045833639664,30.0261878338035,29.5338634107745,29.3264064524046,29.2818986463425,29.1532156091641,29.1135894037099,29.3066275082174,29.370895615469,29.3906625985796,29.3066275082174,29.1878763976491,29.3511249542619,29.1779744708596,29.4548799158045,29.4548799158045,29.449941499166,29.4450028531419,29.4104259055781,29.4252459745708,29.4696937897153,29.4598181030883,29.3758377059907,29.2373721746069,29.2373721746069,29.2670585641821,29.1334043574566,29.2670585641821,29.1779744708596,29.2522164072173,29.5684002590573,29.7015089622882,29.7113622521147,29.5486662897325,29.5831983351633,29.7162885553777,29.4598181030883,29.5585337318094,29.8196883661623,29.6078572246797,29.4153661581674,29.385721197515,29.2769521827709,29.1135894037099,29.0491652125642,29.1482631431937,29.2868448794737,29.23242363567,29.1433104459398,29.0640358097506,29.0144590341043,29.0293345027462,29.0144590341043,28.9201991820813,29.0045408944048,29.1334043574566,29.1482631431937,29.2126271720896,29.1284509661644,29.1779744708596,29.103680537945,29.0888155024772,28.9450125430426,28.9251623196095,28.9102722087998,28.8556572041575,28.9499745173891,28.8953800028402,28.8655893020517,28.9251623196095,28.9598977684891,29.0144590341043,29.0342925281775,29.3313506129726,29.3659532950663,29.4450028531419,29.55360012514,29.5239936805482,29.6127883172604,29.6423700780649,29.6226498173448,29.6177191814719,29.3214620616761,29.3115725896136,29.1433104459398,29.2818986463425,29.5190584720663,29.3560679644938,29.2522164072173,29.173023160837,29.1977774003059,29.1433104459398,29.2027275551628,29.1383575173713,28.9698200896756,28.9747809016303,29.1779744708596,29.0293345027462,28.9797414812012,29.0888155024772,29.0541223101622,29.009500080336,28.7463425217002,28.5672196631112,28.5223914205637,28.3578579676639,28.4426496954073,28.2330401214815,28.2480260793404,28.1030723156867,28.0880656878123,28.1330791460061,27.9479003691149,27.9228511486881,27.9428910032239,27.9328715542163,27.8627086137778,27.8075476496238,27.8175790741614,27.7473389366228
28.8109512193939,28.98470182842,29.5782658717225,29.5782658717225,29.3115725896136,29.0789043205857,29.3016821965364,30.0360111882413,30.7848387678825,30.5895710802732,30.6970122213627,30.5358101656873,29.7606150407326,29.7556907859056,30.305800398308,30.5846848369351,30.5455868806973,29.4252459745708,29.1779744708596,29.5930625764153,30.251896949001,30.5211434227513,30.6677207487799,30.501584646145,30.8920850063356,31.5091108601079,31.3394161088585,30.7653279576147,30.7311755171756,30.7262957111938,30.9700151977068,30.7653279576147,30.5406986345341,30.5358101656873,30.251896949001,30.6286530234468,30.5602502833811,30.5700247722933,30.9700151977068,30.9505379372001,30.7506925260126,30.5455868806973,30.305800398308,30.0360111882413,30.848224466452,31.7510712421671,31.1791737038519,30.1391019363398,28.8755204676278,28.4376638346625,28.5821581795757,28.6866686490532,29.1234973434636,29.0789043205857,29.009500080336,28.8904154684503,29.1631198473796,29.400544711469,29.9328208826212,30.2175806171496,30.2862022835847,29.7261404787557,29.3214620616761,29.4153661581674,29.7409166564112,30.197966343171,30.1734434433101,30.1194732660389,30.2175806171496,30.2322889637756,30.1292880515541,30.0360111882413,29.8147668387412,29.8147668387412,29.7458415937754,29.3066275082174,29.2868448794737,29.3758377059907,29.9426528277437,29.8147668387412,29.8098450842037,29.8098450842037,29.7901557942818,30.0900235027141,30.1194732660389,30.05074452682,29.7507663035967,29.3016821965364,29.3313506129726,29.370895615469,29.1135894037099,28.7910758250633,29.1135894037099,29.2670585641821,29.0342925281775,28.6717449129776,28.6319379709646,28.5472983510907,28.8059827210337,29.5338634107745,29.3461817140249,29.3758377059907,29.4845056002677,29.4845056002677,29.8541327014066,29.6867273188382,29.4054854233555,29.0392503216033,29.103680537945,29.2472685603494,29.385721197515,29.4054854233555,29.3610107447515,29.3807795666623,29.7212146309145,29.7261404787557,29.6275802249099,29.5437322255563,29.5338634107745,29.8492127629486,30.0360111882413,30.0261878338035,29.7064357210951,29.4943789947374,29.1878763976491,29.0144590341043,29.0888155024772,29.2472685603494,29.4252459745708,29.3511249542619,29.4153661581674,29.1680716196875,29.23242363567,29.1680716196875,29.217576634222,29.3659532950663,29.4153661581674,29.4647560610483,29.4203061811547,29.3659532950663,29.3906625985796,29.4647560610483,29.4696937897153,29.385721197515,29.3461817140249,29.4746312891203,29.2868448794737,29.1532156091641,29.2027275551628,29.2472685603494,29.3511249542619,29.5634671097716,29.6867273188382,29.7113622521147,29.844292597587,29.7606150407326,29.7507663035967,30.1047493983729,30.4282074523887,29.9328208826212,29.4548799158045,29.3610107447515,29.2917908821956,29.257164023458,29.1383575173713,29.2225258655088,29.4054854233555,29.1185434893225,28.9598977684891,29.0144590341043,29.1284509661644,29.103680537945,29.0045408944048,29.009500080336,29.1334043574566,29.1383575173713,29.2917908821956,29.1433104459398,29.1532156091641,29.1631198473796,29.0293345027462,29.0541223101622,29.0541223101622,29.0541223101622,29.1185434893225,28.9201991820813,28.9053083729833,28.915235811822,28.930125224438,28.8804857008759,28.9995814762791,29.1829255497865,29.227474865981,29.23242363567,29.3956037698873,29.3906625985796,29.4203061811547,29.4943789947374,29.4548799158045,29.5831983351633,29.6275802249099,29.4203061811547,29.1779744708596,29.0789043205857,29.1779744708596,29.2967366545395,29.5141230346309,29.3560679644938,29.1779744708596,29.1334043574566,29.103680537945,29.1433104459398,29.257164023458,29.217576634222,28.9598977684891,28.9946218259274,29.2126271720896,29.0541223101622,29.0243762452778,29.1284509661644,29.0144590341043,29.0937707459177,28.915235811822,28.7015902771012,28.5472983510907,28.5174093287365,28.372826172538,28.2430309971616,28.2430309971616,28.0680535169536,28.0780600787342,28.0530418873914,28.043032942706,28.048037534235,27.9278614710339,27.7874819207868,27.777447615956,27.9028074670123,27.7623943574465,27.7724301033211
28.5472983510907,28.6866686490532,28.9499745173891,29.0491652125642,29.2472685603494,28.98470182842,29.0243762452778,29.7212146309145,30.3155981109145,30.8774668126085,30.05074452682,30.251896949001,29.6522288391912,29.370895615469,30.4526720961226,31.7123938811286,31.1013946817791,29.7015089622882,29.173023160837,29.8049231025195,30.4331008277436,30.9164442514054,30.5358101656873,30.6677207487799,31.0478890402397,31.3345637704578,30.4771311594754,30.4184200315594,30.3302929995506,30.3155981109145,30.3351908478087,30.2666005812584,30.2077739295662,30.3351908478087,30.251896949001,30.6628380601376,30.80434603868,30.6774854603372,30.8579727982129,30.5749116829746,30.4624563909023,30.3841570192894,30.5749116829746,30.7165354344988,30.8969572963862,31.7317342867787,31.581755760074,31.140291204115,29.9229880319466,29.0987257577298,28.8556572041575,28.8854507011395,28.9747809016303,28.9995814762791,29.0739483820717,29.044207883055,29.1532156091641,29.400544711469,29.7704628680627,30.2077739295662,30.0998409918593,29.7113622521147,29.3659532950663,29.4104259055781,29.7359914914735,30.094932359983,30.2028702487351,30.094932359983,30.1243807714027,30.2224836239616,30.3939475690725,30.2715013432821,30.2666005812584,29.8787289912069,29.4351248728131,29.2818986463425,29.2027275551628,29.4351248728131,29.5091873682112,29.6571578775531,29.5585337318094,29.6177191814719,30.0802051118783,30.0163635761093,30.0114511084659,30.109657579554,29.7507663035967,29.1878763976491,29.3165174407562,29.1928270144785,29.0590791758805,28.9946218259274,28.9995814762791,28.9896619433183,28.8556572041575,28.6418911132907,28.6269610479519,28.8556572041575,29.3115725896136,29.5338634107745,29.3016821965364,29.3115725896136,29.1631198473796,29.0888155024772,29.1185434893225,29.4696937897153,29.795078457589,29.5585337318094,29.4845056002677,29.5634671097716,29.5486662897325,29.4993153482952,29.5930625764153,29.671943624202,29.5634671097716,29.7015089622882,29.7064357210951,29.7458415937754,29.6423700780649,29.8344515860316,29.8295307397771,29.7409166564112,29.5239936805482,29.4795685592941,29.2720054887278,29.2522164072173,29.0541223101622,29.0739483820717,29.083860027377,29.3016821965364,29.5831983351633,29.5338634107745,29.2621114091025,28.98470182842,28.8953800028402,29.1779744708596,29.370895615469,29.5190584720663,29.1779744708596,29.0987257577298,29.2126271720896,29.3956037698873,29.370895615469,29.2522164072173,29.1977774003059,29.2769521827709,29.2670585641821,29.2769521827709,29.2621114091025,29.3016821965364,29.3362945434113,29.6078572246797,29.5979943542878,29.7310660989319,29.8147668387412,29.8344515860316,29.8098450842037,30.2126773856944,30.5211434227513,29.9328208826212,29.4647560610483,29.4598181030883,29.3610107447515,29.2769521827709,29.0937707459177,28.9946218259274,29.1383575173713,29.0789043205857,28.9350878965987,29.0789043205857,29.1185434893225,29.0640358097506,28.9003443043406,29.1284509661644,29.1878763976491,29.1878763976491,29.2076774790804,29.242320482823,29.1284509661644,29.1334043574566,29.0392503216033,28.9450125430426,28.9251623196095,29.0144590341043,28.915235811822,28.915235811822,28.9003443043406,28.7761668270904,28.9251623196095,28.9450125430426,29.0045408944048,29.103680537945,29.2076774790804,29.2522164072173,29.3165174407562,29.4252459745708,29.5239936805482,29.4351248728131,29.4943789947374,29.5782658717225,29.4203061811547,29.23242363567,29.044207883055,29.0293345027462,29.0144590341043,29.2373721746069,29.2769521827709,29.2818986463425,29.1334043574566,29.227474865981,29.1977774003059,29.23242363567,29.3016821965364,29.227474865981,29.044207883055,28.9747809016303,29.0342925281775,29.019417755741,28.9896619433183,29.2126271720896,29.0590791758805,29.1482631431937,29.0491652125642,28.7910758250633,28.5970945819598,28.3778151016153,28.4027562043539,28.2480260793404,28.1980645842911,28.228044327915,28.0930681351701,28.0780600787342,28.0780600787342,27.9529094959747,27.8526815051994,28.0130003858666,27.9178405871461,27.8727347639835,27.9228511486881,27.9028074670123
28.7314272125631,28.7214825035015,28.8258553140296,28.9102722087998,29.4746312891203,28.98470182842,28.9350878965987,29.3610107447515,29.8393722052915,30.3155981109145,29.9131542754777,30.4135259860258,29.7655390681081,29.3659532950663,30.501584646145,31.9731988200718,31.5527036512639,31.0673487102469,30.0654758344281,30.0998409918593,30.9213154390094,31.2617525234662,31.2957372143541,30.6628380601376,31.1354299059856,30.8579727982129,30.1832532777823,30.5749116829746,30.9359276795236,30.6384212871151,30.1930622128441,30.0556551883126,29.977057507944,29.8492127629486,30.0703858191111,30.5064746746021,30.8092223035559,31.4073259767838,31.4848850513474,30.8920850063356,30.3547800018646,30.3547800018646,30.1341951065232,31.0916683584391,30.9115728433701,31.1791737038519,31.7123938811286,31.3782269729805,30.4673482035432,30.1391019363398,29.6374403552393,29.0739483820717,29.1680716196875,29.0689922118039,29.1680716196875,29.1383575173713,29.3461817140249,29.4993153482952,29.795078457589,30.1440085410342,30.1194732660389,29.8590524129916,29.4351248728131,29.8098450842037,30.094932359983,30.6481886624036,30.7702059921091,30.7409344645536,30.8140983473607,31.0624841221194,31.3588232834475,31.1159825218625,30.0654758344281,29.2670585641821,29.2818986463425,29.3165174407562,29.3313506129726,29.217576634222,29.4548799158045,29.6571578775531,29.8738101868109,29.671943624202,29.8098450842037,29.8147668387412,29.8000008936581,30.0163635761093,29.7212146309145,29.3264064524046,29.2225258655088,28.9995814762791,28.9896619433183,29.009500080336,28.98470182842,28.8208875158601,28.7960450239002,28.915235811822,28.9350878965987,29.2373721746069,29.7261404787557,29.3906625985796,29.0987257577298,29.0541223101622,28.8904154684503,28.8755204676278,28.8705550013636,29.1581678438823,29.55360012514,29.6916547611904,29.5831983351633,29.7803097858312,29.844292597587,29.8344515860316,29.7310660989319,29.8590524129916,29.844292597587,29.8098450842037,29.8590524129916,29.7409166564112,29.8246096664975,29.6522288391912,29.5190584720663,29.5091873682112,29.5437322255563,29.4450028531419,29.4450028531419,29.6374403552393,29.3461817140249,29.1334043574566,29.2818986463425,29.23242363567,29.4647560610483,29.3560679644938,29.4993153482952,29.4598181030883,29.1878763976491,29.0491652125642,29.385721197515,29.385721197515,29.1878763976491,29.2720054887278,29.400544711469,29.400544711469,29.3906625985796,29.217576634222,29.385721197515,29.3610107447515,29.242320482823,29.3313506129726,29.3906625985796,29.400544711469,29.5190584720663,29.4943789947374,29.7310660989319,29.7409166564112,29.6374403552393,29.7704628680627,29.8934840441875,30.0654758344281,30.0703858191111,29.5979943542878,29.4548799158045,29.4351248728131,29.7803097858312,29.5141230346309,29.019417755741,28.8506908055119,28.7662263269051,28.8755204676278,29.1581678438823,29.2621114091025,29.173023160837,28.9102722087998,28.8457241736917,29.1383575173713,29.1928270144785,29.242320482823,29.2126271720896,29.173023160837,29.1581678438823,29.1334043574566,29.1234973434636,29.0590791758805,29.0392503216033,29.1234973434636,29.1284509661644,29.0689922118039,28.9747809016303,29.0640358097506,29.0888155024772,29.019417755741,28.9450125430426,29.1185434893225,29.257164023458,29.2472685603494,29.4647560610483,29.4203061811547,29.4746312891203,29.4647560610483,29.5634671097716,29.4894424120718,29.2621114091025,29.0789043205857,28.9102722087998,28.8854507011395,29.0392503216033,29.0937707459177,29.2621114091025,29.1779744708596,29.1779744708596,29.3461817140249,29.385721197515,29.5190584720663,29.3066275082174,29.1086350865945,29.0937707459177,29.0045408944048,29.1234973434636,29.009500080336,29.103680537945,29.1086350865945,29.1086350865945,29.2027275551628,29.0590791758805,29.044207883055,28.6568190680113,28.6269610479519,28.5273732771074,28.3778151016153,28.3029563442362,28.2430309971616,28.2330401214815,28.1130755441568,28.048037534235,28.048037534235,28.0230121922066,28.0280177375547,27.9078187463413,27.9328715542163,27.8977959483549,27.7724301033211
28.5522790316995,28.5871372152255,28.5572594772178,28.930125224438,28.8506908055119,29.0293345027462,29.0243762452778,29.1928270144785,29.4647560610483,30.0409225268145,30.5944571012223,30.9505379372001,30.2224836239616,29.3461817140249,30.4673482035432,31.0284258558301,31.2326142717151,31.3394161088585,30.8189741701236,30.6384212871151,31.7414031956435,32.1659846327777,30.9943568210254,30.4282074523887,30.2420934053758,30.1047493983729,29.967228730348,30.6237685583967,30.9894889364131,30.5553627050914,30.0654758344281,30.0409225268145,29.9868853810766,29.7261404787557,29.7901557942818,30.2126773856944,30.6823674833107,31.0576193144282,31.1305683887244,30.8530987427369,30.3596767307832,30.3204966311333,30.4379939797648,31.2034681518696,31.0819411575361,31.2277571316367,31.7220645153484,31.2763187007373,30.8920850063356,30.9700151977068,30.8725936400776,30.0556551883126,29.6226498173448,29.5042514727762,29.5091873682112,29.3412382437518,29.6078572246797,29.9328208826212,30.3792614089673,30.4135259860258,30.2862022835847,30.2322889637756,30.5260325598254,30.6433050857922,30.9554075825969,31.0381578874506,30.9456680715749,31.0478890402397,30.9115728433701,31.9490765269449,31.3588232834475,30.6042284760713,29.5782658717225,29.2720054887278,29.2126271720896,29.3659532950663,29.2027275551628,29.1977774003059,29.5881305700507,29.6029259036991,29.8147668387412,29.6620866878218,29.5930625764153,29.5831983351633,29.6275802249099,29.977057507944,29.7704628680627,29.7359914914735,29.3264064524046,29.0144590341043,29.1779744708596,29.0987257577298,29.0541223101622,28.9499745173891,28.9946218259274,28.9053083729833,29.242320482823,29.6127883172604,29.3956037698873,29.2472685603494,29.0888155024772,29.0541223101622,28.8705550013636,29.1135894037099,29.0144590341043,29.3214620616761,29.3412382437518,29.6817996485765,29.8639718977337,30.2077739295662,29.9033196129721,29.9033196129721,29.7556907859056,29.8885659198648,29.9573990480468,29.844292597587,29.7458415937754,29.8049231025195,29.9377369683613,30.0114511084659,29.6571578775531,29.4943789947374,29.4993153482952,29.4795685592941,29.5585337318094,29.3906625985796,29.3659532950663,29.3560679644938,29.0789043205857,29.23242363567,29.1086350865945,29.2868448794737,29.3115725896136,29.3165174407562,29.5190584720663,29.3956037698873,29.4301855384466,29.4993153482952,29.4943789947374,29.3511249542619,29.2472685603494,29.4153661581674,29.4647560610483,29.4252459745708,29.4598181030883,29.4845056002677,29.3165174407562,29.3214620616761,29.400544711469,29.4548799158045,29.4351248728131,29.5930625764153,29.5634671097716,29.7704628680627,29.775386440627,29.6127883172604,29.775386440627,29.8000008936581,29.6029259036991,29.5881305700507,29.1878763976491,29.4203061811547,29.6867273188382,29.4054854233555,28.9648590453057,28.8457241736917,28.8904154684503,29.0491652125642,29.0937707459177,29.0392503216033,29.0987257577298,29.0541223101622,29.0689922118039,29.385721197515,29.2967366545395,29.1284509661644,29.1928270144785,29.1135894037099,29.1284509661644,29.1779744708596,29.1284509661644,29.0491652125642,29.0789043205857,29.1135894037099,29.1631198473796,29.1532156091641,29.1383575173713,29.1779744708596,29.083860027377,29.0640358097506,29.0590791758805,29.0937707459177,29.217576634222,29.1581678438823,29.5042514727762,29.4450028531419,29.4054854233555,29.4894424120718,29.5486662897325,29.3412382437518,29.0491652125642,29.0045408944048,28.7761668270904,28.7065636848157,28.8407573086651,28.9946218259274,29.1234973434636,29.2027275551628,29.1532156091641,29.173023160837,29.2720054887278,29.5239936805482,29.4598181030883,29.3214620616761,29.1878763976491,29.1680716196875,29.0590791758805,29.0243762452778,29.0491652125642,29.1086350865945,28.9896619433183,29.2126271720896,29.2076774790804,29.1482631431937,28.7960450239002,28.7612557262559,28.4376638346625,28.3528680933838,28.327915175609,28.228044327915,28.228044327915,28.2080587813783,27.9579183838364,28.0580460022081,27.9679354426974,27.8627086137778,27.9078187463413,27.777447615956,27.8326244118639,27.8175790741614
28.3578579676639,28.9549362591941,28.5472983510907,28.6219838903298,28.8506908055119,28.8208875158601,28.8357902104004,29.0243762452778,29.7359914914735,30.305800398308,30.9700151977068,30.9894889364131,30.5406986345341,29.6768717503746,29.9426528277437,30.3204966311333,30.8579727982129,31.2326142717151,31.446112467811,31.3879275114203,31.3539718165955,31.7317342867787,30.9554075825969,30.848224466452,30.1292880515541,30.0212758178786,29.9819715575531,30.7945928455984,30.9894889364131,30.4282074523887,30.05074452682,29.9082370574946,29.8344515860316,29.7162885553777,29.7507663035967,29.9082370574946,30.2175806171496,30.5749116829746,30.4184200315594,30.4282074523887,30.364573235923,30.1881578577246,30.4379939797648,30.7506925260126,30.8384752513387,30.9018293658896,31.1937510290531,31.2277571316367,31.1840330310874,31.3782269729805,31.4751932084967,30.8384752513387,30.158727004683,29.6029259036991,29.6916547611904,29.8590524129916,30.3155981109145,30.7555712245957,31.0040919303753,31.0722130788396,30.7555712245957,30.7018933571882,30.9992244856698,30.9115728433701,30.5944571012223,30.045833639664,30.0163635761093,30.0261878338035,30.2126773856944,30.40863171704,30.2813021944153,30.3743655749854,30.3988425085929,30.1440085410342,29.3659532950663,29.4696937897153,29.6620866878218,29.7704628680627,30.4331008277436,30.5553627050914,30.0752955782511,29.6768717503746,29.7015089622882,29.6127883172604,29.7015089622882,29.8246096664975,29.7507663035967,29.7064357210951,29.4696937897153,29.4993153482952,29.3016821965364,29.3214620616761,29.1977774003059,29.257164023458,29.2720054887278,29.3956037698873,29.385721197515,29.1433104459398,29.1185434893225,28.8506908055119,29.0937707459177,29.3956037698873,29.2818986463425,29.1532156091641,29.217576634222,29.0689922118039,29.1779744708596,29.4104259055781,29.6768717503746,30.251896949001,30.6677207487799,30.2567983841477,29.9131542754777,29.8196883661623,29.7556907859056,29.9475684607986,29.6078572246797,29.7556907859056,30.0065384149177,29.9967123499873,29.5387979325806,29.5684002590573,29.5091873682112,29.6472995727053,29.6423700780649,29.6325104041979,29.55360012514,29.3115725896136,29.0640358097506,28.9995814762791,29.044207883055,29.3214620616761,29.3066275082174,29.4894424120718,29.3956037698873,29.5091873682112,29.4943789947374,29.3906625985796,29.4598181030883,29.4203061811547,29.3807795666623,29.4894424120718,29.449941499166,29.4943789947374,29.3956037698873,29.3214620616761,29.3165174407562,29.4203061811547,29.3659532950663,29.4153661581674,29.4203061811547,29.6522288391912,29.6522288391912,29.6472995727053,29.4598181030883,29.7113622521147,29.6029259036991,29.55360012514,29.5881305700507,29.6275802249099,29.4746312891203,29.9524838675562,29.4203061811547,29.1086350865945,28.8804857008759,28.8308228788658,28.8407573086651,28.8804857008759,28.9003443043406,29.2917908821956,29.1829255497865,29.2917908821956,29.1581678438823,29.2868448794737,29.2917908821956,29.0739483820717,29.1086350865945,29.1234973434636,29.1334043574566,29.23242363567,29.083860027377,28.9648590453057,28.9450125430426,29.0243762452778,29.0342925281775,29.1680716196875,29.083860027377,28.9648590453057,28.940050336123,29.0590791758805,29.0888155024772,29.1928270144785,29.1977774003059,29.3066275082174,29.4746312891203,29.4400639777012,29.4993153482952,29.5831983351633,29.4252459745708,29.2472685603494,28.9450125430426,28.7761668270904,28.7612557262559,28.7165097979839,28.8556572041575,28.7662263269051,29.0144590341043,29.0590791758805,28.9896619433183,29.0541223101622,29.103680537945,29.5239936805482,29.5141230346309,29.2670585641821,29.2373721746069,29.0888155024772,29.0590791758805,28.98470182842,29.0937707459177,28.98470182842,29.0640358097506,29.1383575173713,29.0541223101622,29.0590791758805,28.915235811822,28.6568190680113,28.607051009488,28.4276914056455,28.327915175609,28.2130555239183,28.1280786023483,28.0680535169536,27.962927032733,27.9028074670123,27.8827599560813,27.8426534379831,27.7824648884334,27.777447615956,27.7222417610001,27.5162177292145
28.4127309928177,28.5472983510907,28.607051009488,28.8705550013636,28.98470182842,28.7165097979839,28.7363992161709,28.8308228788658,29.6275802249099,30.4233138536706,30.9651462128213,31.3442682293294,31.0381578874506,30.5260325598254,30.4624563909023,30.094932359983,31.0868048676973,31.3879275114203,31.7655716955528,32.2381912962898,31.5672306803568,31.6591899605301,31.4121750492246,31.1354299059856,30.7799613972138,30.2567983841477,30.3743655749854,30.9943568210254,30.984620831804,29.9868853810766,29.7507663035967,29.7803097858312,29.7507663035967,29.775386440627,29.9131542754777,30.0605656241719,30.2126773856944,30.3939475690725,30.0556551883126,30.001625495435,29.9967123499873,30.001625495435,30.1881578577246,30.2960017892775,30.2862022835847,30.3939475690725,30.501584646145,30.3988425085929,30.6628380601376,30.9115728433701,31.0332919815086,30.8677202468541,30.094932359983,29.5831983351633,29.7113622521147,29.8639718977337,30.5211434227513,30.5504749042066,30.6677207487799,30.3988425085929,30.2469952894203,30.4966943947684,30.6091138300302,30.1930622128441,29.8738101868109,29.5091873682112,29.3610107447515,29.5585337318094,29.7556907859056,29.9426528277437,29.8738101868109,29.844292597587,30.0065384149177,30.1145655354327,30.0212758178786,30.1538210751758,29.6571578775531,29.785232903706,30.1685381887201,30.4526720961226,30.8530987427369,30.5064746746021,30.2371912968375,29.9819715575531,29.7901557942818,29.7212146309145,29.5684002590573,29.7113622521147,29.3016821965364,29.1977774003059,29.2126271720896,29.1977774003059,29.400544711469,29.0640358097506,29.370895615469,29.3758377059907,29.5831983351633,29.3610107447515,28.7761668270904,28.6966166352573,28.9499745173891,29.2818986463425,29.2373721746069,29.242320482823,29.3214620616761,29.3313506129726,29.3906625985796,29.671943624202,29.9033196129721,29.7704628680627,30.2126773856944,30.197966343171,29.9082370574946,29.9229880319466,29.9180712669515,29.7359914914735,29.9573990480468,29.6571578775531,29.8196883661623,29.7409166564112,29.667015270028,29.5733331796973,29.5979943542878,29.55360012514,29.8000008936581,29.8147668387412,29.6571578775531,29.6423700780649,29.6620866878218,29.3165174407562,29.0888155024772,29.103680537945,29.3461817140249,29.400544711469,29.5141230346309,29.5141230346309,29.5338634107745,29.5042514727762,29.4845056002677,29.4598181030883,29.3807795666623,29.6177191814719,29.5091873682112,29.4795685592941,29.3560679644938,29.4252459745708,29.3362945434113,29.385721197515,29.4943789947374,29.5091873682112,29.4301855384466,29.4894424120718,29.4943789947374,29.4598181030883,29.6423700780649,29.7458415937754,29.6078572246797,29.6078572246797,29.972143232219,30.2764018809912,30.2960017892775,30.5993428998119,29.6965819756635,29.1234973434636,28.8208875158601,28.8258553140296,28.7562848918599,28.8059827210337,29.1185434893225,29.400544711469,29.4993153482952,29.3659532950663,29.2769521827709,29.3214620616761,29.1135894037099,29.23242363567,29.1135894037099,29.2868448794737,29.1234973434636,29.2670585641821,29.242320482823,29.1482631431937,29.2225258655088,29.0541223101622,29.103680537945,29.1234973434636,29.0392503216033,29.1135894037099,28.9350878965987,28.9995814762791,29.083860027377,29.0689922118039,29.2522164072173,29.3066275082174,29.5684002590573,29.5930625764153,29.7113622521147,29.449941499166,29.449941499166,29.1680716196875,29.0144590341043,29.0392503216033,29.0243762452778,29.009500080336,28.9995814762791,29.0541223101622,29.0045408944048,29.0739483820717,29.0342925281775,29.0689922118039,29.242320482823,29.3906625985796,29.5387979325806,29.3807795666623,29.3016821965364,29.2126271720896,29.1383575173713,29.1532156091641,29.0541223101622,29.1135894037099,29.0689922118039,29.0937707459177,29.173023160837,29.0640358097506,29.0491652125642,28.8010139892131,28.6020729131087,28.3528680933838,28.3927804716586,28.3229238825521,28.0930681351701,28.1180768014564,28.0079941248089,27.9929739096901,27.9579183838364,27.9128297863749,27.8526815051994,27.7473389366228,27.6971385722891,27.8075476496238
28.3678370072086,28.3977684560513,28.4326777380859,28.497478607949,28.930125224438,28.61202887113,28.7165097979839,28.7413709858727,29.2472685603494,30.3155981109145,30.7945928455984,31.013826160085,31.5284876020929,30.7653279576147,30.1194732660389,29.9623140023007,30.6139989617178,31.4655004971081,32.026249016036,32.2381912962898,31.9731988200718,31.7607384265735,31.7993985475037,30.5846848369351,30.3596767307832,29.972143232219,30.2077739295662,30.6139989617178,30.3988425085929,29.8836475688813,29.5881305700507,29.844292597587,29.7606150407326,29.795078457589,29.9180712669515,30.1881578577246,30.0065384149177,29.9033196129721,29.8492127629486,29.8295307397771,29.7901557942818,29.7556907859056,29.9328208826212,30.1538210751758,29.795078457589,29.795078457589,29.7901557942818,29.9033196129721,29.9623140023007,30.1636327091878,30.2813021944153,30.1685381887201,29.5338634107745,29.5387979325806,29.5338634107745,29.6275802249099,30.1489149206362,30.3694695173139,30.3106993666494,29.7655390681081,29.5486662897325,29.4845056002677,29.6965819756635,29.8196883661623,29.6965819756635,29.5239936805482,29.370895615469,29.5486662897325,29.6768717503746,29.8885659198648,29.8196883661623,29.7162885553777,29.8688911556633,29.5486662897325,29.9426528277437,30.4331008277436,30.0998409918593,29.5486662897325,29.795078457589,29.785232903706,29.8344515860316,29.7704628680627,29.9868853810766,30.2371912968375,30.7702059921091,30.6530720169788,29.6620866878218,29.5387979325806,29.1977774003059,29.2769521827709,29.5387979325806,29.385721197515,29.4153661581674,29.3362945434113,29.4894424120718,29.3956037698873,29.4104259055781,29.6817996485765,28.8159194843254,28.6816943046293,29.0739483820717,28.9698200896756,29.0640358097506,29.0590791758805,29.0491652125642,29.1135894037099,29.2225258655088,29.3461817140249,29.4203061811547,29.4993153482952,29.8098450842037,29.8984019418799,30.0261878338035,29.972143232219,29.6916547611904,29.671943624202,29.7409166564112,29.7409166564112,29.6768717503746,29.6177191814719,29.8590524129916,29.7162885553777,29.5091873682112,29.6571578775531,29.8196883661623,29.9082370574946,29.7409166564112,29.6522288391912,29.5831983351633,29.4993153482952,29.2967366545395,29.242320482823,29.2472685603494,29.3461817140249,29.5141230346309,29.5190584720663,29.5190584720663,29.5091873682112,29.3807795666623,29.4894424120718,29.385721197515,29.4746312891203,29.4746312891203,29.3016821965364,29.4104259055781,29.5289286601073,29.3807795666623,29.4252459745708,29.6127883172604,29.6522288391912,29.4894424120718,29.6817996485765,29.4845056002677,29.5831983351633,29.7310660989319,29.7064357210951,29.7359914914735,29.7803097858312,30.2862022835847,29.8049231025195,30.2813021944153,30.251896949001,30.2666005812584,29.927904570493,29.173023160837,28.9450125430426,29.0590791758805,29.1086350865945,29.6571578775531,29.4746312891203,29.3362945434113,29.2522164072173,29.1433104459398,29.2522164072173,29.0342925281775,29.0888155024772,29.0243762452778,29.103680537945,29.2373721746069,29.2373721746069,29.3066275082174,29.1135894037099,29.227474865981,29.0789043205857,29.1878763976491,29.173023160837,29.1086350865945,28.98470182842,28.9648590453057,28.9946218259274,29.0689922118039,29.1878763976491,29.2522164072173,29.4301855384466,29.5881305700507,29.667015270028,29.4598181030883,29.5684002590573,29.2967366545395,29.1680716196875,29.0342925281775,29.0243762452778,29.0590791758805,29.0590791758805,29.103680537945,29.0293345027462,29.0243762452778,28.98470182842,28.8655893020517,28.8854507011395,29.1581678438823,29.2522164072173,29.2225258655088,29.3214620616761,29.2967366545395,29.1135894037099,29.1829255497865,29.1532156091641,28.9698200896756,29.0987257577298,29.1631198473796,29.1680716196875,29.0739483820717,29.173023160837,29.0342925281775,28.8208875158601,28.61202887113,28.5124270015936,28.2380356778862,28.228044327915,28.2380356778862,28.2380356778862,27.962927032733,28.0580460022081,27.8877721929225,27.9028074670123,27.7975152652541,27.8025315774346,27.777447615956,27.7824648884334
28.4077437165986,28.253020924455,28.2729979349236,28.4127309928177,28.7115368584326,28.5174093287365,28.4576058629756,28.5273732771074,29.0937707459177,29.9229880319466,30.4233138536706,30.3596767307832,31.2714635266525,30.8530987427369,30.1341951065232,29.967228730348,30.7360551016191,31.4751932084967,32.1130026053243,32.1948730478487,32.0985484806534,31.905642890642,31.2180421956907,29.9868853810766,29.8147668387412,30.5797983711788,30.6139989617178,30.158727004683,29.8836475688813,29.6029259036991,29.6226498173448,29.5733331796973,29.8000008936581,29.7655390681081,30.0556551883126,30.045833639664,30.0310996239144,29.8492127629486,29.8196883661623,30.0261878338035,30.05074452682,29.5930625764153,29.6965819756635,29.9180712669515,30.2862022835847,29.7458415937754,29.9573990480468,30.2911021485288,30.1685381887201,30.2420934053758,29.9819715575531,29.7310660989319,29.3214620616761,29.3313506129726,29.242320482823,29.6423700780649,30.0409225268145,30.0851144200226,29.8541327014066,29.7655390681081,29.3066275082174,29.0491652125642,29.0987257577298,29.3511249542619,29.4746312891203,29.4054854233555,29.449941499166,29.6817996485765,29.7556907859056,29.8787289912069,29.9082370574946,29.7064357210951,29.7162885553777,29.6916547611904,29.7803097858312,30.0065384149177,30.4233138536706,30.2813021944153,29.7704628680627,29.7458415937754,29.8295307397771,29.7409166564112,29.5733331796973,29.7212146309145,29.9623140023007,30.5113644801692,30.6139989617178,29.6817996485765,29.4400639777012,29.7359914914735,29.6275802249099,29.2522164072173,29.3758377059907,29.3560679644938,29.3560679644938,29.3560679644938,29.4203061811547,29.667015270028,29.0243762452778,28.8804857008759,28.8357902104004,28.9102722087998,28.8407573086651,28.9598977684891,29.1135894037099,29.0689922118039,29.4054854233555,29.3461817140249,29.1086350865945,29.2225258655088,29.4943789947374,29.8393722052915,29.8738101868109,30.0261878338035,29.6768717503746,29.5831983351633,29.5190584720663,29.5684002590573,29.8393722052915,30.001625495435,30.0065384149177,29.8098450842037,29.6226498173448,29.9328208826212,29.972143232219,29.775386440627,29.8295307397771,29.5634671097716,29.5190584720663,29.6867273188382,29.4054854233555,29.2769521827709,29.2720054887278,29.3016821965364,29.3461817140249,29.3511249542619,29.3264064524046,29.4845056002677,29.5585337318094,29.7310660989319,29.4746312891203,29.3906625985796,29.257164023458,29.2769521827709,29.370895615469,29.3956037698873,29.5190584720663,29.5239936805482,29.6226498173448,29.6522288391912,29.4746312891203,29.4845056002677,29.7556907859056,29.6817996485765,29.4696937897153,29.6078572246797,29.6177191814719,29.7556907859056,29.9082370574946,30.3302929995506,30.1194732660389,29.7064357210951,29.5091873682112,29.7409166564112,30.0605656241719,29.5387979325806,29.3264064524046,29.4153661581674,29.6817996485765,29.1631198473796,29.1135894037099,29.2126271720896,29.2225258655088,29.1829255497865,29.103680537945,29.044207883055,29.1135894037099,29.0789043205857,29.103680537945,29.0789043205857,29.3313506129726,29.1532156091641,29.1383575173713,29.0590791758805,29.1878763976491,28.9747809016303,29.009500080336,29.0342925281775,29.0392503216033,29.083860027377,29.0491652125642,29.0392503216033,29.242320482823,29.2868448794737,29.5585337318094,29.5831983351633,29.5634671097716,29.4400639777012,29.1829255497865,29.1234973434636,29.0937707459177,28.9598977684891,29.0342925281775,29.1977774003059,29.3066275082174,29.0342925281775,29.1284509661644,28.98470182842,28.9946218259274,28.9995814762791,29.0937707459177,29.1532156091641,29.1086350865945,29.2373721746069,29.3264064524046,29.0144590341043,28.930125224438,28.9102722087998,28.8258553140296,28.8258553140296,28.9946218259274,28.9797414812012,29.0689922118039,29.1086350865945,29.0342925281775,28.930125224438,28.6020729131087,28.5921160160095,28.3378970521235,28.4426496954073,28.1230778208426,28.0730569169481,27.962927032733,27.7975152652541,27.8877721929225,27.7373007876777,27.7824648884334,27.9078187463413,27.6619839981682,27.6670068026902
28.2879782051969,28.258015532538,28.258015532538,28.8655893020517,29.3956037698873,28.5721994035508,28.4276914056455,28.5970945819598,28.8308228788658,29.3956037698873,29.6078572246797,30.1243807714027,30.9456680715749,31.169454392732,29.967228730348,29.785232903706,30.4477796139247,31.4509598010212,32.1370885445596,32.2430033709845,31.5284876020929,31.1208446966917,30.6872492844533,29.5634671097716,29.5831983351633,30.6139989617178,30.9359276795236,30.1930622128441,29.6325104041979,29.2769521827709,29.0541223101622,29.4054854233555,29.795078457589,29.8246096664975,29.8049231025195,29.8196883661623,29.8590524129916,29.6620866878218,29.5437322255563,29.8098450842037,29.795078457589,29.6127883172604,29.6472995727053,29.9131542754777,30.1489149206362,29.9229880319466,30.1047493983729,30.6384212871151,30.197966343171,30.2911021485288,30.5113644801692,29.7113622521147,29.083860027377,28.9598977684891,29.0739483820717,29.1779744708596,29.7064357210951,29.8639718977337,29.6226498173448,29.6275802249099,29.3214620616761,29.1383575173713,29.1532156091641,28.7910758250633,28.8407573086651,29.2373721746069,29.4054854233555,29.5289286601073,29.6965819756635,29.9328208826212,29.8934840441875,29.5289286601073,29.5733331796973,29.5289286601073,29.5289286601073,29.7359914914735,30.3890524059812,31.2083263851684,30.0360111882413,29.5733331796973,29.844292597587,29.5437322255563,29.4894424120718,29.7064357210951,29.8000008936581,29.7803097858312,30.2224836239616,30.5064746746021,29.4450028531419,29.449941499166,29.1532156091641,28.940050336123,28.8804857008759,29.1284509661644,29.3956037698873,29.2027275551628,29.0789043205857,29.4153661581674,29.0541223101622,28.6866686490532,28.7214825035015,28.940050336123,28.9598977684891,28.9598977684891,29.0243762452778,29.1829255497865,29.3560679644938,29.242320482823,29.1284509661644,29.0937707459177,29.242320482823,29.4450028531419,29.6522288391912,29.7655390681081,29.9328208826212,29.9573990480468,29.6522288391912,29.7803097858312,29.785232903706,29.8344515860316,30.0065384149177,29.9967123499873,29.8295307397771,29.795078457589,29.7359914914735,29.5634671097716,29.6325104041979,29.5881305700507,29.6226498173448,29.4252459745708,29.4054854233555,29.3560679644938,29.385721197515,29.2373721746069,29.3610107447515,29.3511249542619,29.3362945434113,29.3560679644938,29.4548799158045,29.4894424120718,29.4894424120718,29.370895615469,29.3461817140249,29.2522164072173,29.2720054887278,29.2868448794737,29.3956037698873,29.5289286601073,29.5387979325806,29.4450028531419,29.4696937897153,29.4252459745708,29.4746312891203,29.3758377059907,29.4795685592941,29.370895615469,29.8688911556633,29.9967123499873,30.3400884721394,30.1292880515541,29.7064357210951,29.5437322255563,29.2522164072173,29.1829255497865,29.3610107447515,29.795078457589,29.6768717503746,29.5437322255563,29.1878763976491,29.1086350865945,29.0541223101622,29.1631198473796,29.103680537945,29.0640358097506,28.9201991820813,28.9598977684891,29.0937707459177,29.083860027377,29.1779744708596,29.1581678438823,29.2472685603494,29.1779744708596,29.0937707459177,29.1829255497865,28.9946218259274,29.044207883055,29.044207883055,29.0342925281775,29.0293345027462,29.0689922118039,29.1680716196875,28.9698200896756,29.0789043205857,29.2769521827709,29.3115725896136,29.4746312891203,29.5733331796973,29.4203061811547,29.257164023458,29.227474865981,29.0590791758805,29.1383575173713,29.0392503216033,29.0640358097506,29.3807795666623,29.2225258655088,29.0541223101622,29.0689922118039,29.1234973434636,29.1334043574566,29.227474865981,29.1284509661644,29.1829255497865,29.3264064524046,29.3362945434113,29.1928270144785,28.9201991820813,28.9747809016303,28.8208875158601,28.8208875158601,28.8506908055119,28.8407573086651,29.0987257577298,29.1234973434636,29.019417755741,29.0590791758805,28.6170064980665,28.5771789090283,28.5522790316995,28.4476353203531,28.1230778208426,28.0780600787342,27.9428910032239,27.9378813982687,27.9779515459613,27.8526815051994,27.8627086137778,27.7623943574465,27.6720293663216,27.7523576505433
28.2829850186196,28.2929711549704,28.4227048373089,29.2769521827709,30.3792614089673,29.9967123499873,28.7463425217002,28.482528095304,28.6816943046293,28.9350878965987,29.1532156091641,29.9819715575531,30.848224466452,31.1208446966917,30.305800398308,30.4184200315594,30.3939475690725,31.0284258558301,31.9008158582412,32.1996870381104,31.7414031956435,31.1937510290531,30.8579727982129,29.9967123499873,30.2666005812584,30.2862022835847,30.8872124957083,30.1930622128441,29.2472685603494,29.2818986463425,29.3214620616761,29.5437322255563,29.4943789947374,29.6472995727053,29.5437322255563,29.6620866878218,30.1341951065232,29.667015270028,29.3511249542619,29.3560679644938,29.3362945434113,29.4104259055781,29.55360012514,29.9082370574946,30.109657579554,30.1145655354327,29.9819715575531,30.3253949273354,30.1734434433101,30.3302929995506,30.3204966311333,29.7310660989319,29.3214620616761,29.0937707459177,29.1135894037099,29.1234973434636,29.6177191814719,29.6472995727053,29.5881305700507,29.4104259055781,29.3659532950663,29.4894424120718,29.4301855384466,29.3362945434113,28.9698200896756,28.8357902104004,29.2720054887278,29.5387979325806,29.5733331796973,29.7261404787557,29.7803097858312,29.7409166564112,29.6522288391912,29.3214620616761,29.4548799158045,29.7409166564112,30.0163635761093,31.3976271792789,31.5091108601079,29.8934840441875,29.6965819756635,29.5190584720663,29.4993153482952,29.6522288391912,29.4845056002677,29.6127883172604,29.5684002590573,29.8393722052915,30.1881578577246,29.449941499166,28.9499745173891,28.9350878965987,28.7612557262559,28.915235811822,29.0739483820717,29.0937707459177,28.8506908055119,29.173023160837,29.3610107447515,29.0541223101622,28.9450125430426,29.1135894037099,29.1383575173713,29.1086350865945,29.0739483820717,29.3412382437518,29.2472685603494,29.1135894037099,28.8606233696602,29.0640358097506,29.1185434893225,29.2373721746069,29.4993153482952,29.5782658717225,29.785232903706,29.9623140023007,30.0261878338035,29.9967123499873,29.785232903706,29.9967123499873,29.9868853810766,29.9082370574946,29.8738101868109,29.9426528277437,29.9180712669515,29.8492127629486,29.5585337318094,29.2621114091025,29.3659532950663,29.3906625985796,29.2522164072173,29.5042514727762,29.3807795666623,29.2720054887278,29.2076774790804,29.2373721746069,29.3659532950663,29.4598181030883,29.4795685592941,29.4746312891203,29.4104259055781,29.4598181030883,29.2472685603494,29.2472685603494,29.1135894037099,29.370895615469,29.3461817140249,29.5338634107745,29.3610107447515,29.4450028531419,29.4203061811547,29.5782658717225,29.4252459745708,29.4450028531419,29.4598181030883,29.6078572246797,29.775386440627,29.6177191814719,29.6226498173448,29.6325104041979,29.7606150407326,29.3807795666623,28.9549362591941,28.9598977684891,28.9896619433183,29.227474865981,29.1829255497865,29.1135894037099,29.0640358097506,29.0987257577298,29.0888155024772,29.0987257577298,29.0987257577298,28.8606233696602,28.930125224438,28.8457241736917,28.9102722087998,29.103680537945,29.0937707459177,29.1135894037099,29.1433104459398,29.1482631431937,29.1928270144785,29.0689922118039,29.1334043574566,29.1532156091641,28.9797414812012,29.1779744708596,29.2076774790804,29.1779744708596,29.1482631431937,29.0293345027462,29.019417755741,29.1284509661644,29.3165174407562,29.4054854233555,29.2720054887278,29.23242363567,29.2818986463425,29.2818986463425,29.3214620616761,29.2373721746069,29.103680537945,29.3956037698873,29.4203061811547,29.2720054887278,29.1185434893225,29.0689922118039,29.1284509661644,29.1482631431937,29.3313506129726,29.2373721746069,29.3313506129726,29.3313506129726,29.4943789947374,29.3165174407562,29.0144590341043,28.7861063926706,28.8606233696602,28.7314272125631,28.8159194843254,28.9797414812012,29.0392503216033,28.98470182842,29.1185434893225,28.9995814762791,28.8308228788658,28.4476353203531,28.4625907807171,28.2380356778862,28.0880656878123,27.9979808867536,28.048037534235,28.0180064083215,27.9078187463413,27.9028074670123,27.8827599560813,27.7623943574465,27.7322813525865,27.6469141389248
29.0888155024772,29.0888155024772,28.7065636848157,29.3264064524046,30.7506925260126,31.0040919303753,29.7261404787557,28.7513138236853,28.6916427592519,28.7513138236853,28.8755204676278,29.6768717503746,30.1391019363398,30.8530987427369,30.5064746746021,30.8774668126085,30.6384212871151,30.6433050857922,31.7317342867787,32.1274548089826,31.5236437419021,31.2908829133011,31.286028394033,30.9407979856924,31.1548737839995,30.3302929995506,30.7458136060084,30.0310996239144,29.3956037698873,29.2818986463425,29.4943789947374,29.5338634107745,29.7704628680627,29.6374403552393,29.6867273188382,30.2567983841477,30.3988425085929,29.8492127629486,29.4548799158045,29.2522164072173,29.3758377059907,29.3659532950663,29.977057507944,29.927904570493,29.9131542754777,30.094932359983,30.1194732660389,30.4184200315594,30.2469952894203,30.2175806171496,29.9819715575531,29.3362945434113,29.257164023458,29.4301855384466,29.3264064524046,29.4351248728131,29.6177191814719,29.6226498173448,29.7556907859056,29.4548799158045,29.4647560610483,29.4894424120718,29.3906625985796,29.5091873682112,29.4203061811547,29.257164023458,29.2621114091025,29.3807795666623,29.671943624202,29.7409166564112,29.7162885553777,29.7359914914735,29.4548799158045,29.5437322255563,29.5239936805482,29.6127883172604,30.0310996239144,30.5504749042066,31.7027223838951,31.0527542871446,29.6867273188382,29.4548799158045,29.4746312891203,29.3115725896136,29.4301855384466,29.4943789947374,29.3165174407562,29.2769521827709,29.6522288391912,29.6325104041979,29.2769521827709,29.0293345027462,29.083860027377,28.9102722087998,28.9053083729833,29.0640358097506,29.0590791758805,29.2818986463425,29.4450028531419,29.4351248728131,29.5585337318094,29.6472995727053,29.1977774003059,29.1581678438823,29.1631198473796,29.2027275551628,29.3758377059907,29.5437322255563,29.4203061811547,29.5091873682112,29.3264064524046,29.4450028531419,29.4993153482952,29.4301855384466,29.5634671097716,29.5979943542878,30.0114511084659,30.1391019363398,29.9033196129721,29.7655390681081,29.7803097858312,29.7606150407326,29.785232903706,29.8246096664975,29.967228730348,29.6867273188382,29.5091873682112,29.4301855384466,29.3659532950663,29.4104259055781,29.4993153482952,29.5091873682112,29.4943789947374,29.4351248728131,29.2670585641821,29.2769521827709,29.2027275551628,29.2720054887278,29.3659532950663,29.3659532950663,29.4746312891203,29.3807795666623,29.2720054887278,29.2720054887278,29.2818986463425,29.4104259055781,29.4054854233555,29.4450028531419,29.5289286601073,29.7310660989319,29.5684002590573,29.6867273188382,29.4746312891203,29.671943624202,29.5930625764153,29.7261404787557,29.6817996485765,29.6325104041979,29.4647560610483,29.7359914914735,29.7212146309145,29.4548799158045,29.0045408944048,28.7861063926706,28.915235811822,29.1829255497865,29.2818986463425,29.0392503216033,28.8308228788658,28.7612557262559,28.9648590453057,29.0541223101622,29.0888155024772,29.0590791758805,28.8655893020517,28.940050336123,28.9102722087998,29.0392503216033,29.1680716196875,29.1532156091641,29.2621114091025,29.217576634222,29.0937707459177,29.0789043205857,29.0888155024772,29.1135894037099,29.1383575173713,29.23242363567,29.227474865981,29.1482631431937,29.1532156091641,29.0392503216033,29.019417755741,29.1383575173713,29.2720054887278,29.257164023458,29.4203061811547,29.2027275551628,29.3066275082174,29.3115725896136,29.3264064524046,29.23242363567,29.3560679644938,29.385721197515,29.6374403552393,29.3807795666623,29.2621114091025,29.2225258655088,29.1234973434636,29.2621114091025,29.3264064524046,29.2967366545395,29.3807795666623,29.4943789947374,29.4054854233555,29.3461817140249,29.1779744708596,28.9003443043406,28.8109512193939,28.6269610479519,28.8059827210337,29.044207883055,29.0491652125642,28.9896619433183,29.1135894037099,28.9499745173891,28.6319379709646,28.61202887113,28.4875118350172,28.2630099036222,28.1130755441568,28.0880656878123,28.0580460022081,28.063049878718,27.8977959483549,27.8977959483549,27.8326244118639,27.7523576505433,27.7523576505433,27.6418903705064
28.9102722087998,29.3115725896136,29.3115725896136,30.0212758178786,30.7262957111938,30.8872124957083,30.1930622128441,29.1581678438823,28.7811367266903,28.6319379709646,28.7612557262559,29.3066275082174,29.7704628680627,30.501584646145,30.4233138536706,30.7555712245957,30.1832532777823,30.1391019363398,30.8823397644757,31.3588232834475,31.0381578874506,30.8969572963862,30.7750838052991,30.9018293658896,30.8774668126085,30.1489149206362,30.0654758344281,29.8492127629486,29.242320482823,29.0689922118039,29.2472685603494,29.1977774003059,29.4252459745708,29.8000008936581,29.9573990480468,30.251896949001,30.2077739295662,30.1047493983729,29.6571578775531,29.2621114091025,29.2621114091025,29.6965819756635,29.9328208826212,29.972143232219,29.6916547611904,30.0752955782511,29.977057507944,30.2028702487351,30.0900235027141,30.0360111882413,29.7310660989319,29.3214620616761,29.1829255497865,29.4301855384466,29.2126271720896,29.4104259055781,29.6078572246797,29.5091873682112,29.8246096664975,29.5979943542878,29.3758377059907,29.4104259055781,29.2076774790804,29.5979943542878,29.257164023458,29.400544711469,29.370895615469,29.5634671097716,29.8688911556633,29.8787289912069,29.7409166564112,29.9180712669515,29.5979943542878,29.5733331796973,29.5585337318094,29.4153661581674,29.8738101868109,30.2616995948902,30.8725936400776,31.8187234410827,30.5602502833811,29.6620866878218,29.4450028531419,29.2967366545395,29.3214620616761,29.2522164072173,29.23242363567,28.9747809016303,29.1829255497865,29.3016821965364,28.9598977684891,29.0689922118039,29.242320482823,29.0888155024772,29.0689922118039,29.1928270144785,29.0937707459177,29.2126271720896,29.2126271720896,29.5684002590573,29.5684002590573,29.5585337318094,29.6226498173448,29.6374403552393,29.9180712669515,29.7901557942818,29.4993153482952,29.4203061811547,29.242320482823,29.2027275551628,29.2967366545395,29.2472685603494,29.0491652125642,29.0491652125642,29.4054854233555,29.5831983351633,29.8295307397771,29.795078457589,29.8393722052915,29.7606150407326,29.7704628680627,29.4993153482952,29.4894424120718,29.6177191814719,29.9819715575531,29.972143232219,29.6078572246797,29.4746312891203,29.55360012514,29.4993153482952,29.6423700780649,29.5684002590573,29.4943789947374,29.4054854233555,29.5338634107745,29.4203061811547,29.2373721746069,29.1977774003059,29.2027275551628,29.3956037698873,29.3807795666623,29.4647560610483,29.2225258655088,29.1829255497865,29.1135894037099,29.3412382437518,29.3461817140249,29.4993153482952,29.6817996485765,29.5733331796973,29.6817996485765,29.7064357210951,29.6177191814719,29.5684002590573,29.5881305700507,29.667015270028,29.6620866878218,29.7507663035967,29.6029259036991,29.7704628680627,29.785232903706,29.449941499166,28.930125224438,28.7811367266903,28.8059827210337,29.1779744708596,29.4598181030883,28.9201991820813,28.7562848918599,28.7711966938393,28.8904154684503,28.9350878965987,29.0937707459177,29.0937707459177,28.9350878965987,28.8705550013636,29.0789043205857,29.1631198473796,29.1334043574566,29.0888155024772,29.0640358097506,29.1234973434636,29.0689922118039,29.0541223101622,29.0541223101622,29.0491652125642,29.1631198473796,29.2126271720896,29.1928270144785,29.1433104459398,29.019417755741,29.1185434893225,29.103680537945,29.1433104459398,29.2126271720896,29.4301855384466,29.3956037698873,29.4647560610483,29.3610107447515,29.227474865981,29.4548799158045,29.5684002590573,29.5684002590573,29.5733331796973,29.8295307397771,29.5634671097716,29.3461817140249,29.2126271720896,29.1284509661644,29.4647560610483,29.6127883172604,29.4054854233555,29.3412382437518,29.4450028531419,29.3807795666623,29.2027275551628,29.173023160837,28.9251623196095,28.6816943046293,28.6269610479519,28.6418911132907,28.8010139892131,28.9797414812012,28.9946218259274,28.9946218259274,28.9350878965987,28.7413709858727,28.5672196631112,28.3179323529188,28.258015532538,28.1380794518489,28.1130755441568,28.1030723156867,27.8877721929225,27.892784190336,27.8777474797793,27.7473389366228,27.7573761241401,27.7071805696107,27.7523576505433
28.5970945819598,29.2076774790804,30.3155981109145,30.7067742712998,30.8774668126085,30.4428869084819,30.4428869084819,30.2028702487351,29.1532156091641,28.6518433175642,28.7214825035015,29.1234973434636,29.3016821965364,30.001625495435,30.3841570192894,30.1341951065232,29.7212146309145,29.667015270028,29.9967123499873,30.3890524059812,30.5064746746021,30.6726032155034,30.2567983841477,30.05074452682,30.9261864062111,30.8823397644757,30.2273864061603,30.0409225268145,29.6127883172604,29.0789043205857,29.0392503216033,29.2027275551628,29.5979943542878,29.9033196129721,29.972143232219,30.0752955782511,30.2764018809912,29.8541327014066,29.5585337318094,29.257164023458,29.6571578775531,29.55360012514,29.927904570493,29.9180712669515,29.967228730348,30.0802051118783,29.9917989785445,29.8787289912069,29.775386440627,29.6374403552393,29.8147668387412,29.5289286601073,29.242320482823,29.4696937897153,29.4153661581674,29.4450028531419,29.785232903706,29.6916547611904,29.7310660989319,29.6226498173448,29.2967366545395,29.2917908821956,29.2225258655088,29.3807795666623,29.2967366545395,29.3956037698873,29.6177191814719,29.4598181030883,29.6374403552393,29.8541327014066,29.5881305700507,29.5141230346309,29.5831983351633,29.6177191814719,29.5585337318094,29.5585337318094,29.5684002590573,29.8787289912069,30.1930622128441,31.0332919815086,31.5284876020929,30.197966343171,29.5141230346309,29.3115725896136,29.3461817140249,29.1086350865945,29.1334043574566,29.173023160837,29.1284509661644,29.1532156091641,29.0491652125642,28.9053083729833,29.0342925281775,29.1680716196875,29.0888155024772,29.1581678438823,29.2373721746069,29.3016821965364,29.3264064524046,29.1185434893225,29.1878763976491,29.3659532950663,29.400544711469,29.4894424120718,29.775386440627,30.2175806171496,30.109657579554,29.6472995727053,29.217576634222,29.3066275082174,29.2670585641821,29.2472685603494,29.2720054887278,29.3412382437518,29.6078572246797,29.775386440627,29.8639718977337,29.7901557942818,29.6029259036991,29.5831983351633,29.8590524129916,30.0065384149177,29.8295307397771,29.3906625985796,29.4598181030883,29.6423700780649,29.8492127629486,29.6571578775531,29.7261404787557,29.6620866878218,29.6374403552393,29.5042514727762,29.6275802249099,29.4943789947374,29.4104259055781,29.3066275082174,29.3362945434113,29.0789043205857,29.1086350865945,29.217576634222,29.3066275082174,29.2621114091025,29.1284509661644,29.1680716196875,29.3412382437518,29.4696937897153,29.4894424120718,29.9082370574946,29.6916547611904,29.5930625764153,29.667015270028,29.671943624202,29.7409166564112,29.785232903706,29.4548799158045,29.3511249542619,29.5930625764153,29.6965819756635,29.6423700780649,29.667015270028,29.8049231025195,29.4647560610483,29.0342925281775,28.8506908055119,28.6966166352573,28.8655893020517,29.1829255497865,29.3115725896136,29.3165174407562,29.1135894037099,28.9450125430426,29.242320482823,29.0937707459177,28.9995814762791,28.8407573086651,28.8457241736917,29.0392503216033,29.0243762452778,29.0987257577298,29.0987257577298,29.0491652125642,29.1086350865945,29.0243762452778,29.0243762452778,29.0590791758805,29.019417755741,29.009500080336,29.0342925281775,29.0888155024772,29.0739483820717,29.0491652125642,29.1482631431937,29.1581678438823,29.1631198473796,29.1779744708596,29.2076774790804,29.2670585641821,29.449941499166,29.4548799158045,29.4450028531419,29.55360012514,29.7409166564112,29.7162885553777,29.8295307397771,29.9328208826212,29.6620866878218,29.5634671097716,29.3165174407562,29.173023160837,29.3758377059907,29.4548799158045,29.4548799158045,29.4450028531419,29.4894424120718,29.3610107447515,29.2917908821956,29.173023160837,28.930125224438,28.607051009488,28.5721994035508,28.6269610479519,28.6418911132907,28.8010139892131,28.940050336123,28.9549362591941,29.009500080336,28.6568190680113,28.497478607949,28.4027562043539,28.2979638679726,28.1230778208426,28.0230121922066,27.9929739096901,27.9679354426974,27.8877721929225,27.8977959483549,27.7724301033211,27.8276095391327,27.5011268629649,27.6971385722891
28.8655893020517,29.3066275082174,30.3449858725725,30.364573235923,30.8384752513387,30.4722397930578,30.1292880515541,30.2273864061603,29.4795685592941,29.0045408944048,28.7861063926706,28.7711966938393,29.1383575173713,29.1829255497865,29.7310660989319,29.5782658717225,29.2670585641821,29.23242363567,29.7310660989319,29.8688911556633,30.1440085410342,30.5064746746021,30.0900235027141,29.8688911556633,30.501584646145,31.0770772279264,30.1243807714027,29.7458415937754,29.775386440627,29.4153661581674,29.4252459745708,29.4993153482952,29.785232903706,29.7704628680627,29.972143232219,30.251896949001,30.5602502833811,29.8393722052915,29.4548799158045,29.2621114091025,29.4647560610483,29.5733331796973,29.6522288391912,29.9082370574946,29.5782658717225,29.4894424120718,29.2769521827709,29.3956037698873,29.8098450842037,29.8295307397771,29.667015270028,29.5338634107745,29.4548799158045,29.3659532950663,29.6916547611904,29.5190584720663,29.6226498173448,29.8492127629486,29.7064357210951,29.7261404787557,29.385721197515,29.2670585641821,29.1977774003059,29.3115725896136,29.3511249542619,29.2967366545395,29.5239936805482,29.4153661581674,29.4647560610483,29.5141230346309,29.4746312891203,29.4993153482952,29.5634671097716,29.4746312891203,29.3758377059907,29.5733331796973,29.5437322255563,29.8738101868109,29.9033196129721,30.2666005812584,31.1305683887244,31.4170239041623,29.8344515860316,29.4351248728131,29.2917908821956,29.1383575173713,29.0739483820717,28.9350878965987,28.7264549750173,28.8407573086651,28.7264549750173,28.7463425217002,29.1383575173713,29.775386440627,29.227474865981,29.2076774790804,29.1482631431937,29.2225258655088,29.1680716196875,28.9747809016303,28.8804857008759,29.1383575173713,29.1482631431937,29.1878763976491,29.3264064524046,29.7901557942818,29.9426528277437,29.8000008936581,29.4746312891203,29.967228730348,29.7655390681081,29.5387979325806,29.5141230346309,29.385721197515,29.217576634222,29.5782658717225,29.7064357210951,29.6127883172604,29.5782658717225,29.5979943542878,29.6177191814719,29.8246096664975,30.2224836239616,29.785232903706,29.6226498173448,29.6226498173448,29.6965819756635,29.8639718977337,29.8492127629486,29.7212146309145,29.5437322255563,29.4696937897153,29.3165174407562,29.6325104041979,29.5239936805482,29.5733331796973,29.3610107447515,29.1829255497865,29.2868448794737,29.2868448794737,29.3115725896136,29.2917908821956,29.103680537945,29.242320482823,29.2225258655088,29.3610107447515,29.4845056002677,29.5782658717225,29.6620866878218,29.9131542754777,29.9917989785445,29.6817996485765,29.5782658717225,29.5930625764153,29.4993153482952,29.4795685592941,29.6620866878218,29.6325104041979,29.6522288391912,29.6916547611904,29.7212146309145,29.4301855384466,29.1334043574566,28.8655893020517,28.6617945840412,28.7065636848157,28.7612557262559,28.9201991820813,29.0888155024772,28.9747809016303,28.9499745173891,29.1086350865945,29.400544711469,29.1878763976491,28.9946218259274,28.9450125430426,28.9698200896756,28.9450125430426,28.98470182842,29.0689922118039,29.227474865981,29.1581678438823,29.0689922118039,29.083860027377,29.0590791758805,29.1383575173713,29.1383575173713,29.2076774790804,29.1532156091641,28.9995814762791,29.1334043574566,29.1680716196875,29.1482631431937,29.4400639777012,29.4400639777012,29.6226498173448,29.4301855384466,29.4548799158045,29.3165174407562,29.449941499166,29.5782658717225,29.9180712669515,29.9573990480468,30.0163635761093,29.9967123499873,29.9623140023007,29.6817996485765,29.4153661581674,29.1977774003059,29.449941499166,29.449941499166,29.4795685592941,29.7359914914735,29.8000008936581,29.5437322255563,29.4203061811547,29.3016821965364,28.9598977684891,28.7761668270904,28.5672196631112,28.5223914205637,28.6170064980665,28.6617945840412,28.8755204676278,28.940050336123,28.9598977684891,28.8755204676278,28.7363992161709,28.4177180330437,28.2480260793404,28.2879782051969,28.0530418873914,28.0980703444506,27.9378813982687,27.8977959483549,27.837639044803,27.9328715542163,27.7523576505433,27.8075476496238,27.7473389366228
28.9698200896756,29.4203061811547,29.8000008936581,30.3155981109145,30.4184200315594,30.8336003124521,30.6433050857922,30.2764018809912,29.5486662897325,29.009500080336,29.23242363567,28.7910758250633,28.7015902771012,28.9450125430426,29.2868448794737,29.2917908821956,29.0888155024772,29.0987257577298,29.6522288391912,29.7803097858312,30.001625495435,30.2567983841477,30.2273864061603,29.785232903706,29.8541327014066,30.2420934053758,30.1391019363398,29.8787289912069,29.8049231025195,29.5881305700507,29.6078572246797,29.6078572246797,29.6867273188382,29.5979943542878,29.785232903706,29.927904570493,30.0556551883126,29.7901557942818,29.7606150407326,29.6522288391912,29.2917908821956,29.4548799158045,29.4795685592941,29.5338634107745,29.4746312891203,29.1928270144785,29.2126271720896,29.3758377059907,29.5733331796973,29.6325104041979,29.5930625764153,29.3659532950663,29.4054854233555,29.0144590341043,29.3659532950663,29.4104259055781,29.6916547611904,29.8688911556633,29.7655390681081,29.4746312891203,29.3461817140249,29.5437322255563,29.4548799158045,29.217576634222,29.4450028531419,29.4054854233555,29.5239936805482,29.3906625985796,29.5289286601073,29.5486662897325,29.3264064524046,29.4943789947374,29.9524838675562,29.6522288391912,29.400544711469,29.400544711469,29.5782658717225,29.6522288391912,29.8098450842037,29.8147668387412,30.2175806171496,31.0722130788396,30.5504749042066,29.5930625764153,29.2818986463425,29.1433104459398,29.1433104459398,28.6717449129776,28.6816943046293,28.8705550013636,28.8407573086651,28.940050336123,29.2225258655088,29.6078572246797,29.785232903706,29.2917908821956,29.2373721746069,29.2868448794737,29.3956037698873,29.370895615469,29.173023160837,29.1532156091641,29.1928270144785,29.0739483820717,29.1581678438823,29.3758377059907,29.3906625985796,29.9229880319466,29.9082370574946,29.8934840441875,29.9524838675562,30.001625495435,29.7556907859056,29.3659532950663,29.2076774790804,29.2967366545395,29.3659532950663,29.385721197515,29.370895615469,29.5042514727762,29.4943789947374,29.3906625985796,29.4746312891203,29.6177191814719,29.7507663035967,29.9033196129721,29.7556907859056,29.8590524129916,29.9623140023007,29.7803097858312,29.6325104041979,29.400544711469,29.4301855384466,29.4548799158045,29.4696937897153,29.4598181030883,29.4400639777012,29.370895615469,29.3461817140249,29.3115725896136,29.2917908821956,29.3016821965364,29.1680716196875,29.3461817140249,29.3560679644938,29.385721197515,29.400544711469,29.3758377059907,29.5733331796973,29.7310660989319,29.9180712669515,29.7310660989319,29.6325104041979,29.7064357210951,29.5239936805482,29.6275802249099,29.6571578775531,29.6571578775531,29.6571578775531,29.6472995727053,29.7212146309145,29.5141230346309,29.0541223101622,28.8606233696602,28.8407573086651,28.666769865686,28.7711966938393,28.7761668270904,28.8208875158601,28.7264549750173,28.7861063926706,29.0987257577298,29.2522164072173,29.1086350865945,28.9747809016303,29.0789043205857,29.1135894037099,29.1185434893225,29.1086350865945,29.1532156091641,29.0689922118039,29.1135894037099,28.9797414812012,28.940050336123,29.009500080336,29.0342925281775,29.0342925281775,29.2027275551628,29.1334043574566,29.0937707459177,28.9995814762791,29.1631198473796,29.1433104459398,29.55360012514,29.9917989785445,30.4037372245722,30.3743655749854,29.9229880319466,29.6571578775531,29.6374403552393,29.9033196129721,30.2175806171496,30.2175806171496,30.0556551883126,29.972143232219,29.9475684607986,29.7901557942818,29.7261404787557,29.5239936805482,29.6078572246797,29.7162885553777,29.7803097858312,29.8246096664975,29.785232903706,29.4894424120718,29.5486662897325,29.370895615469,29.0491652125642,28.6568190680113,28.6617945840412,28.7214825035015,28.6020729131087,28.7513138236853,28.8407573086651,28.7562848918599,29.0640358097506,28.8556572041575,28.7363992161709,28.4625907807171,28.3778151016153,28.2829850186196,28.0980703444506,28.1030723156867,28.0380281127715,27.8827599560813,27.9979808867536,27.962927032733,27.8827599560813,27.8075476496238,27.7674123504958
28.915235811822,28.9053083729833,29.5239936805482,29.8344515860316,29.7409166564112,30.2911021485288,30.7653279576147,30.1194732660389,29.671943624202,29.0342925281775,28.9995814762791,28.6816943046293,28.5721994035508,29.0640358097506,29.5881305700507,29.4598181030883,29.1185434893225,28.9946218259274,29.6127883172604,30.0212758178786,30.0261878338035,29.927904570493,29.7655390681081,29.3906625985796,29.5042514727762,30.1292880515541,29.7803097858312,29.9033196129721,29.9180712669515,29.5733331796973,29.5338634107745,29.5881305700507,29.6965819756635,29.4548799158045,29.4795685592941,29.9967123499873,29.5239936805482,29.8787289912069,30.0654758344281,30.0556551883126,29.6029259036991,29.4647560610483,29.4598181030883,29.2868448794737,29.2769521827709,29.0342925281775,29.0987257577298,28.9598977684891,29.1928270144785,29.4301855384466,29.4054854233555,29.4153661581674,29.5239936805482,28.9549362591941,29.019417755741,29.1334043574566,29.6817996485765,29.9229880319466,29.8492127629486,29.3362945434113,29.3906625985796,29.7113622521147,29.7015089622882,29.2621114091025,29.55360012514,29.55360012514,29.5190584720663,29.449941499166,29.449941499166,29.2522164072173,29.2076774790804,29.3956037698873,29.4696937897153,30.1391019363398,29.7704628680627,29.5091873682112,29.3956037698873,29.3610107447515,29.55360012514,29.5684002590573,29.8246096664975,29.8196883661623,29.8590524129916,30.4575643551052,29.6867273188382,29.2917908821956,29.2868448794737,28.9648590453057,28.9102722087998,28.9549362591941,28.8705550013636,29.1383575173713,29.2225258655088,29.3758377059907,29.4598181030883,29.5831983351633,29.3906625985796,29.3115725896136,29.385721197515,29.3165174407562,29.2917908821956,29.1482631431937,29.3264064524046,29.3412382437518,29.1977774003059,29.6472995727053,29.8885659198648,29.8049231025195,30.3204966311333,29.9328208826212,29.5091873682112,29.242320482823,29.5141230346309,29.7556907859056,29.5190584720663,29.2720054887278,29.1779744708596,29.2868448794737,29.1829255497865,29.2225258655088,29.3758377059907,29.4054854233555,29.3511249542619,29.3659532950663,29.4301855384466,29.5979943542878,29.667015270028,29.6965819756635,29.7556907859056,29.8049231025195,29.4450028531419,29.449941499166,29.4647560610483,29.5190584720663,29.370895615469,29.3758377059907,29.3115725896136,29.3412382437518,29.1532156091641,29.3264064524046,29.3016821965364,29.1878763976491,29.2076774790804,29.4351248728131,29.385721197515,29.4647560610483,29.4054854233555,29.3956037698873,29.3165174407562,29.6275802249099,29.7310660989319,29.7261404787557,29.4153661581674,29.4203061811547,29.4548799158045,29.5881305700507,29.795078457589,29.7901557942818,29.5733331796973,29.5338634107745,29.5881305700507,29.4351248728131,29.1433104459398,28.8755204676278,28.8705550013636,28.7861063926706,28.8606233696602,28.8258553140296,28.6020729131087,28.5771789090283,28.7562848918599,28.8159194843254,29.1086350865945,29.1185434893225,28.9896619433183,29.009500080336,29.0144590341043,29.0937707459177,29.083860027377,29.0541223101622,29.1086350865945,29.103680537945,29.1185434893225,29.0739483820717,28.8357902104004,28.9003443043406,28.8655893020517,29.0293345027462,29.1878763976491,29.1631198473796,29.009500080336,29.1631198473796,28.9995814762791,29.2917908821956,29.4301855384466,29.7064357210951,29.9131542754777,29.7803097858312,29.6275802249099,29.6768717503746,29.8295307397771,29.8934840441875,29.8639718977337,29.972143232219,29.9623140023007,30.0900235027141,29.9573990480468,29.6472995727053,29.8000008936581,30.001625495435,29.7803097858312,29.6275802249099,29.7803097858312,29.6472995727053,29.5585337318094,29.3560679644938,29.4203061811547,29.019417755741,28.7214825035015,28.6866686490532,28.7115368584326,28.7562848918599,28.7413709858727,28.7015902771012,28.7811367266903,28.9251623196095,28.8109512193939,28.6369146594003,28.2979638679726,28.2829850186196,28.2380356778862,28.0380281127715,27.9479003691149,27.9529094959747,27.9879666938923,27.9128297863749,27.9128297863749,27.8225944265762,27.8225944265762,27.8476675914376
28.8606233696602,28.8208875158601,28.9946218259274,29.2720054887278,29.4548799158045,29.8393722052915,30.2960017892775,29.7556907859056,29.3659532950663,29.0243762452778,28.9995814762791,28.7463425217002,28.6916427592519,29.3066275082174,30.2273864061603,29.5733331796973,29.2917908821956,29.2720054887278,29.3956037698873,29.55360012514,29.6226498173448,29.8393722052915,29.3807795666623,29.1680716196875,29.3807795666623,29.8639718977337,29.8787289912069,30.1341951065232,29.8787289912069,29.7113622521147,29.5338634107745,29.671943624202,29.671943624202,29.4696937897153,29.5091873682112,29.8541327014066,29.785232903706,30.045833639664,30.2764018809912,30.2960017892775,29.6423700780649,29.4647560610483,29.5289286601073,29.4598181030883,29.1482631431937,29.044207883055,28.9549362591941,29.2522164072173,29.1878763976491,29.1433104459398,29.2472685603494,29.3115725896136,29.1779744708596,29.0739483820717,28.98470182842,29.1829255497865,29.5881305700507,29.8984019418799,29.6965819756635,29.3313506129726,29.1482631431937,29.5733331796973,29.55360012514,29.3264064524046,29.5782658717225,29.5190584720663,29.3610107447515,29.5239936805482,29.3659532950663,29.3610107447515,29.3313506129726,29.2225258655088,29.4104259055781,29.7704628680627,29.967228730348,29.5437322255563,29.5585337318094,29.5141230346309,29.4104259055781,29.4153661581674,29.4548799158045,29.5831983351633,29.8590524129916,30.5260325598254,30.5797983711788,29.8688911556633,29.4351248728131,29.1334043574566,29.0144590341043,29.0491652125642,29.009500080336,29.0045408944048,29.3610107447515,29.370895615469,29.3956037698873,29.8000008936581,29.671943624202,29.5831983351633,29.3511249542619,29.2818986463425,29.1680716196875,28.8854507011395,29.0144590341043,29.0590791758805,29.3214620616761,29.8295307397771,30.0556551883126,29.8147668387412,30.2028702487351,29.927904570493,29.7704628680627,29.0987257577298,29.2027275551628,29.0987257577298,29.3610107447515,29.7261404787557,29.4301855384466,29.3016821965364,29.3807795666623,29.4795685592941,29.4993153482952,29.5091873682112,29.4400639777012,29.4548799158045,29.3807795666623,29.4203061811547,29.6127883172604,29.6275802249099,29.7704628680627,29.5979943542878,29.5486662897325,29.449941499166,29.385721197515,29.4104259055781,29.5042514727762,29.4252459745708,29.3659532950663,29.3461817140249,29.2868448794737,29.2868448794737,29.217576634222,29.2868448794737,29.55360012514,29.9524838675562,29.9328208826212,29.7655390681081,29.6078572246797,29.2670585641821,29.173023160837,29.4153661581674,29.6127883172604,29.6571578775531,29.5091873682112,29.6522288391912,29.5289286601073,29.6472995727053,29.6325104041979,29.671943624202,29.5979943542878,29.5585337318094,29.6423700780649,29.2472685603494,29.044207883055,29.0392503216033,29.0392503216033,29.2670585641821,29.2522164072173,28.98470182842,28.8010139892131,28.537336284473,28.8010139892131,28.9499745173891,29.0689922118039,28.9896619433183,29.0541223101622,29.0045408944048,29.0888155024772,28.9499745173891,29.0342925281775,28.9549362591941,29.1086350865945,29.103680537945,29.1532156091641,29.2027275551628,29.1234973434636,29.0689922118039,28.8655893020517,28.915235811822,28.9946218259274,28.9896619433183,29.1383575173713,29.0689922118039,29.1631198473796,29.2967366545395,29.5881305700507,30.0900235027141,29.785232903706,29.4894424120718,29.5437322255563,29.5289286601073,29.5437322255563,29.6078572246797,29.7803097858312,29.8295307397771,29.8246096664975,29.977057507944,29.795078457589,29.6226498173448,30.0310996239144,30.0752955782511,30.0703858191111,29.8344515860316,29.7901557942818,29.6768717503746,29.5190584720663,29.5042514727762,29.4054854233555,28.9946218259274,28.8208875158601,28.7711966938393,28.7562848918599,28.676719725948,28.7015902771012,28.6916427592519,28.7463425217002,28.8854507011395,28.7413709858727,28.6269610479519,28.4227048373089,28.2030618015135,28.1080740489112,28.1430795199092,28.0530418873914,28.0330230443987,27.9328715542163,27.9579183838364,27.7924987130493,27.812563481855,27.8075476496238,27.7573761241401
28.8308228788658,28.7513138236853,28.9003443043406,28.9896619433183,29.1779744708596,29.5881305700507,29.671943624202,29.5338634107745,29.173023160837,29.3659532950663,29.0987257577298,28.7662263269051,28.9698200896756,29.3066275082174,29.9573990480468,30.05074452682,29.8984019418799,29.9573990480468,29.5289286601073,29.4351248728131,30.0212758178786,30.0065384149177,29.6127883172604,29.4795685592941,29.4696937897153,29.4993153482952,29.7064357210951,29.8246096664975,29.7655390681081,29.6374403552393,29.6522288391912,29.5486662897325,29.4845056002677,29.4746312891203,29.7901557942818,29.6965819756635,29.8590524129916,29.7064357210951,29.977057507944,30.3792614089673,29.9917989785445,29.4647560610483,29.5930625764153,29.6423700780649,29.6177191814719,29.1433104459398,29.0739483820717,29.3956037698873,29.2373721746069,28.9549362591941,29.0243762452778,29.2027275551628,29.23242363567,29.2917908821956,29.3264064524046,29.1977774003059,29.3956037698873,29.8541327014066,29.5831983351633,29.3906625985796,29.3214620616761,29.3362945434113,29.5634671097716,29.449941499166,29.5585337318094,29.5239936805482,29.5141230346309,29.3610107447515,29.2472685603494,29.3511249542619,29.0888155024772,29.1532156091641,29.2076774790804,29.6127883172604,30.1341951065232,29.775386440627,29.3560679644938,29.3610107447515,29.3313506129726,29.5881305700507,29.449941499166,29.4252459745708,29.7064357210951,29.8639718977337,29.972143232219,29.7704628680627,29.2621114091025,28.9896619433183,29.1234973434636,29.103680537945,28.8755204676278,29.2472685603494,29.1086350865945,29.3807795666623,29.5881305700507,29.8393722052915,29.7458415937754,29.7409166564112,29.370895615469,29.0888155024772,29.1383575173713,29.009500080336,28.9698200896756,28.8904154684503,28.9896619433183,29.3264064524046,29.4351248728131,29.5585337318094,29.8000008936581,30.158727004683,29.9328208826212,29.6423700780649,29.2225258655088,29.103680537945,29.2868448794737,29.3956037698873,29.5979943542878,29.5831983351633,29.6916547611904,29.6374403552393,29.5338634107745,29.3214620616761,29.2472685603494,29.2076774790804,29.2769521827709,29.3313506129726,29.4647560610483,29.3560679644938,29.5486662897325,29.5437322255563,29.6620866878218,29.5881305700507,29.4894424120718,29.4548799158045,29.3956037698873,29.3560679644938,29.3165174407562,29.3264064524046,29.217576634222,29.1284509661644,29.3066275082174,29.5190584720663,30.2616995948902,30.7702059921091,30.3694695173139,29.9328208826212,29.6029259036991,29.3066275082174,29.3115725896136,29.370895615469,29.5733331796973,29.7212146309145,29.5239936805482,29.6325104041979,29.5979943542878,29.6965819756635,29.5634671097716,29.6177191814719,29.6768717503746,29.6226498173448,29.6522288391912,29.4746312891203,29.2720054887278,29.1878763976491,29.3115725896136,29.3461817140249,29.2967366545395,29.2621114091025,29.2076774790804,28.9648590453057,28.940050336123,29.103680537945,29.103680537945,29.0689922118039,29.1779744708596,29.0987257577298,29.0987257577298,29.0689922118039,28.9648590453057,28.8308228788658,28.9747809016303,29.1234973434636,29.0987257577298,29.1878763976491,29.0937707459177,29.2027275551628,28.8556572041575,29.0640358097506,28.9598977684891,28.98470182842,29.1532156091641,29.1482631431937,29.0987257577298,29.4054854233555,29.8492127629486,29.8738101868109,29.5831983351633,29.4252459745708,29.5387979325806,29.4548799158045,29.370895615469,29.5141230346309,29.5733331796973,29.5733331796973,29.8098450842037,29.795078457589,29.6620866878218,29.6916547611904,29.8196883661623,30.0556551883126,29.9623140023007,30.0065384149177,29.8098450842037,29.6177191814719,29.5782658717225,29.4647560610483,29.370895615469,29.0045408944048,28.9499745173891,28.8705550013636,28.7612557262559,28.8606233696602,28.6866686490532,28.7015902771012,28.7413709858727,28.7562848918599,28.7910758250633,28.482528095304,28.4476353203531,28.2130555239183,28.2430309971616,28.0380281127715,28.063049878718,28.0580460022081,28.0130003858666,27.9428910032239,27.892784190336,27.9579183838364,27.8276095391327,27.7975152652541
29.0045408944048,28.7861063926706,28.7861063926706,28.8506908055119,29.1680716196875,29.2769521827709,29.1433104459398,29.0342925281775,29.0987257577298,29.3560679644938,29.4104259055781,28.8308228788658,28.7612557262559,29.2967366545395,29.5733331796973,29.8738101868109,29.8885659198648,29.5437322255563,29.4845056002677,29.7458415937754,29.7409166564112,30.0065384149177,29.671943624202,29.4845056002677,29.6029259036991,29.7655390681081,29.7704628680627,29.4598181030883,29.4548799158045,29.3264064524046,29.3313506129726,29.2472685603494,29.4450028531419,29.6817996485765,29.8393722052915,29.6965819756635,29.9475684607986,29.7015089622882,29.7803097858312,30.0654758344281,29.8196883661623,29.5486662897325,29.5091873682112,29.4943789947374,29.6472995727053,29.4400639777012,29.1680716196875,29.1680716196875,29.1680716196875,28.9698200896756,29.0590791758805,29.0640358097506,29.0590791758805,29.3115725896136,29.55360012514,29.5190584720663,29.55360012514,29.5733331796973,29.385721197515,29.4252459745708,29.257164023458,29.3264064524046,29.2670585641821,29.4548799158045,29.370895615469,29.3807795666623,29.4301855384466,29.2076774790804,29.1878763976491,29.1581678438823,29.257164023458,29.0342925281775,28.9747809016303,29.2472685603494,29.6325104041979,29.9180712669515,28.9698200896756,29.1334043574566,29.257164023458,29.2373721746069,29.4450028531419,29.3214620616761,29.6325104041979,29.6571578775531,29.5930625764153,29.6275802249099,29.6571578775531,29.7704628680627,29.3313506129726,28.9896619433183,28.8457241736917,29.2522164072173,29.3313506129726,29.3214620616761,29.2818986463425,29.3511249542619,29.3511249542619,29.5437322255563,29.3511249542619,29.103680537945,28.9896619433183,29.1284509661644,28.8904154684503,28.8506908055119,28.8159194843254,29.0590791758805,29.009500080336,29.0739483820717,29.4993153482952,29.6472995727053,29.9377369683613,29.8393722052915,29.6127883172604,29.3165174407562,29.3956037698873,29.3115725896136,29.4301855384466,29.7064357210951,29.9033196129721,29.8934840441875,29.7359914914735,29.5338634107745,29.1977774003059,28.9450125430426,28.940050336123,29.0640358097506,29.1878763976491,29.1878763976491,29.23242363567,29.4252459745708,29.4696937897153,29.5338634107745,29.5634671097716,29.4104259055781,29.3610107447515,29.2769521827709,29.3165174407562,29.2818986463425,29.227474865981,29.2076774790804,29.3115725896136,29.4548799158045,30.3694695173139,30.7214156836447,30.5700247722933,30.1440085410342,29.7162885553777,29.3214620616761,29.2818986463425,29.3115725896136,29.6374403552393,29.6275802249099,29.6325104041979,29.6916547611904,29.7212146309145,29.5782658717225,29.400544711469,29.4104259055781,29.5634671097716,29.6620866878218,29.4252459745708,29.370895615469,29.449941499166,29.242320482823,29.3115725896136,29.3412382437518,29.2621114091025,29.385721197515,29.3758377059907,29.1581678438823,29.0739483820717,29.3115725896136,29.1086350865945,29.0789043205857,29.1532156091641,29.1631198473796,29.1482631431937,29.1185434893225,28.8208875158601,28.8854507011395,28.9053083729833,29.0987257577298,29.1581678438823,29.0888155024772,29.1135894037099,29.1135894037099,29.0789043205857,28.98470182842,28.9251623196095,28.9896619433183,29.1433104459398,28.98470182842,29.1532156091641,29.3956037698873,29.671943624202,29.5190584720663,29.4845056002677,29.5684002590573,29.3807795666623,29.4845056002677,29.2967366545395,29.2868448794737,29.4598181030883,29.5091873682112,29.6965819756635,29.7458415937754,29.671943624202,29.6916547611904,29.6916547611904,29.8984019418799,29.8492127629486,29.6867273188382,29.5979943542878,29.5634671097716,29.5634671097716,29.3956037698873,29.3807795666623,28.98470182842,28.666769865686,28.6518433175642,28.6369146594003,28.8258553140296,28.6866686490532,28.8407573086651,28.7861063926706,28.8953800028402,28.7065636848157,28.666769865686,28.4077437165986,28.2380356778862,28.043032942706,28.0330230443987,27.962927032733,27.9929739096901,27.9479003691149,27.9178405871461,27.9929739096901,27.8175790741614,27.8276095391327,27.7573761241401
29.227474865981,28.8655893020517,28.7861063926706,28.7314272125631,28.8904154684503,29.1878763976491,29.1383575173713,29.0392503216033,29.083860027377,29.3362945434113,29.044207883055,28.7165097979839,28.666769865686,28.9896619433183,29.3016821965364,29.7212146309145,29.7310660989319,29.4894424120718,29.7359914914735,29.7458415937754,29.5930625764153,29.6275802249099,29.5881305700507,29.5831983351633,29.8934840441875,29.8984019418799,29.5634671097716,29.4548799158045,29.4598181030883,29.3362945434113,29.4696937897153,29.2670585641821,29.0888155024772,29.8246096664975,29.7261404787557,29.8541327014066,29.7113622521147,29.5042514727762,29.4647560610483,29.370895615469,29.227474865981,29.1532156091641,29.4647560610483,29.4548799158045,29.7261404787557,29.5634671097716,29.3313506129726,29.2621114091025,29.2917908821956,29.0392503216033,29.0689922118039,29.1086350865945,29.1878763976491,29.449941499166,29.5585337318094,29.4746312891203,29.3758377059907,29.5239936805482,29.6127883172604,29.3807795666623,29.2522164072173,29.0987257577298,29.2522164072173,29.23242363567,29.3461817140249,29.4203061811547,29.449941499166,29.1977774003059,29.1234973434636,29.0937707459177,29.2670585641821,29.0888155024772,28.9797414812012,29.103680537945,29.3807795666623,29.9082370574946,29.2670585641821,29.1383575173713,29.3264064524046,29.4647560610483,29.5733331796973,29.4252459745708,29.4647560610483,29.5979943542878,29.4598181030883,29.4993153482952,29.6029259036991,29.7606150407326,29.5042514727762,29.3906625985796,29.009500080336,29.1185434893225,29.2522164072173,29.227474865981,29.1334043574566,29.2225258655088,29.3560679644938,29.2472685603494,29.3560679644938,28.8208875158601,28.8904154684503,29.009500080336,29.2868448794737,28.8904154684503,28.7761668270904,28.8904154684503,28.6966166352573,29.0739483820717,29.3511249542619,29.4943789947374,29.6472995727053,29.6226498173448,29.9131542754777,29.6916547611904,29.3313506129726,29.3956037698873,29.5289286601073,29.4400639777012,29.7064357210951,29.7310660989319,29.7458415937754,29.8885659198648,29.7409166564112,29.242320482823,28.930125224438,29.1433104459398,29.2373721746069,29.4548799158045,29.4054854233555,29.4203061811547,29.4450028531419,29.4548799158045,29.5979943542878,29.4598181030883,29.4598181030883,29.4203061811547,29.4153661581674,29.4104259055781,29.3461817140249,29.3165174407562,29.2769521827709,29.5042514727762,29.844292597587,30.1047493983729,30.1636327091878,30.0163635761093,29.6029259036991,29.3264064524046,29.2472685603494,29.3956037698873,29.5634671097716,29.8000008936581,29.6472995727053,29.8885659198648,29.9180712669515,29.6965819756635,29.6768717503746,29.6325104041979,29.4351248728131,29.3214620616761,29.370895615469,29.3807795666623,29.3511249542619,29.4400639777012,29.257164023458,29.4598181030883,29.385721197515,29.6620866878218,29.385721197515,29.3807795666623,29.0789043205857,29.083860027377,29.0888155024772,29.083860027377,29.1234973434636,29.0888155024772,29.1334043574566,29.103680537945,28.9946218259274,28.9450125430426,28.940050336123,29.0987257577298,29.1928270144785,29.2720054887278,29.103680537945,29.1779744708596,29.1334043574566,29.1779744708596,29.103680537945,29.1234973434636,29.1977774003059,29.1284509661644,29.1086350865945,29.3758377059907,29.667015270028,29.4943789947374,29.3956037698873,29.5239936805482,29.3560679644938,29.4696937897153,29.3313506129726,29.2076774790804,29.2769521827709,29.4598181030883,29.5733331796973,29.5733331796973,29.6325104041979,29.4696937897153,29.6078572246797,29.8295307397771,29.8344515860316,29.6867273188382,29.385721197515,29.5289286601073,29.4647560610483,29.5190584720663,29.3906625985796,29.103680537945,28.8208875158601,28.6568190680113,28.6568190680113,28.646867332668,28.6418911132907,28.8109512193939,28.8755204676278,28.8308228788658,28.6916427592519,28.666769865686,28.4077437165986,28.2330401214815,28.2130555239183,28.0230121922066,28.0580460022081,28.0079941248089,27.9328715542163,27.8075476496238,27.812563481855,27.8175790741614,27.8225944265762,27.7322813525865
29.0987257577298,28.940050336123,28.7910758250633,28.8407573086651,28.8804857008759,29.1383575173713,29.0293345027462,29.0937707459177,29.1878763976491,29.1928270144785,28.7015902771012,28.5921160160095,28.6170064980665,28.7165097979839,28.98470182842,29.3758377059907,29.3758377059907,29.3807795666623,29.6817996485765,29.8049231025195,29.7015089622882,29.4845056002677,29.6029259036991,29.7704628680627,30.1292880515541,29.9180712669515,29.6423700780649,29.6423700780649,29.6325104041979,29.3560679644938,29.55360012514,29.2868448794737,29.083860027377,29.6177191814719,29.5091873682112,29.7310660989319,29.5289286601073,29.4054854233555,29.1284509661644,29.0491652125642,29.173023160837,29.2472685603494,29.1581678438823,29.1977774003059,29.7162885553777,29.8000008936581,29.4351248728131,29.4845056002677,29.2917908821956,29.0144590341043,29.2126271720896,29.009500080336,29.2076774790804,29.4104259055781,29.6275802249099,29.5190584720663,29.3461817140249,29.2917908821956,29.5831983351633,29.5190584720663,29.242320482823,29.0144590341043,29.044207883055,29.2373721746069,29.4153661581674,29.4894424120718,29.4450028531419,29.4153661581674,29.242320482823,29.0243762452778,29.0491652125642,29.0045408944048,28.8308228788658,28.9598977684891,29.257164023458,29.6029259036991,30.0605656241719,29.4894424120718,29.671943624202,29.5930625764153,29.6423700780649,29.4795685592941,29.2522164072173,29.3264064524046,29.3461817140249,29.2373721746069,29.5091873682112,29.5782658717225,29.370895615469,29.0789043205857,29.1829255497865,29.4104259055781,29.4203061811547,29.8492127629486,29.5486662897325,29.3264064524046,29.2373721746069,29.1680716196875,29.1433104459398,28.98470182842,28.8308228788658,28.9896619433183,29.2027275551628,29.0689922118039,28.8457241736917,28.7413709858727,28.7165097979839,28.8705550013636,29.1135894037099,29.1334043574566,29.3659532950663,29.3956037698873,29.5684002590573,29.9180712669515,29.8885659198648,29.4203061811547,29.3115725896136,29.3165174407562,29.3807795666623,29.3461817140249,29.5782658717225,29.6965819756635,29.7556907859056,29.55360012514,29.4746312891203,29.4696937897153,29.4845056002677,29.6177191814719,29.6325104041979,29.6571578775531,29.671943624202,29.8098450842037,30.0409225268145,30.0163635761093,29.7803097858312,29.6078572246797,29.4943789947374,29.400544711469,29.2769521827709,29.2818986463425,29.3560679644938,29.5289286601073,29.7261404787557,29.785232903706,29.7064357210951,29.7064357210951,29.400544711469,29.3066275082174,29.2917908821956,29.2373721746069,29.2868448794737,29.55360012514,29.7261404787557,29.8147668387412,29.8688911556633,29.7261404787557,29.5831983351633,29.4301855384466,29.3016821965364,29.1334043574566,29.0789043205857,29.3313506129726,29.3560679644938,29.4943789947374,29.3906625985796,29.3560679644938,29.3906625985796,29.4450028531419,29.5684002590573,29.3610107447515,29.1631198473796,29.0937707459177,29.083860027377,29.1433104459398,29.1234973434636,29.103680537945,29.044207883055,29.0987257577298,28.8804857008759,28.9896619433183,28.98470182842,29.1334043574566,29.1482631431937,29.1631198473796,29.173023160837,29.1631198473796,29.1185434893225,28.9946218259274,29.1185434893225,29.103680537945,29.1433104459398,29.1433104459398,29.23242363567,29.3659532950663,29.4153661581674,29.4598181030883,29.227474865981,29.2027275551628,29.2225258655088,29.2868448794737,29.2720054887278,29.2126271720896,29.2769521827709,29.3758377059907,29.4795685592941,29.6226498173448,29.4795685592941,29.4548799158045,29.4746312891203,29.6177191814719,29.6177191814719,29.5289286601073,29.5338634107745,29.385721197515,29.3016821965364,29.4203061811547,29.1977774003059,28.9598977684891,28.6866686490532,28.6369146594003,28.6269610479519,28.6816943046293,28.7562848918599,28.6966166352573,28.8804857008759,28.7562848918599,28.7711966938393,28.5771789090283,28.4227048373089,28.3079485837934,28.0330230443987,28.0230121922066,28.0930681351701,27.9879666938923,27.8677218086608,27.9228511486881,27.812563481855,27.8526815051994,27.7623943574465,27.7373007876777
29.0293345027462,28.8655893020517,29.019417755741,28.8655893020517,29.009500080336,29.009500080336,28.8506908055119,28.9201991820813,29.0640358097506,28.8904154684503,28.6418911132907,28.5223914205637,28.6170064980665,28.8804857008759,29.2917908821956,29.5486662897325,29.1383575173713,29.1977774003059,29.6029259036991,29.967228730348,29.7261404787557,29.7162885553777,29.967228730348,30.1341951065232,30.4379939797648,29.9229880319466,29.9180712669515,29.977057507944,29.6325104041979,29.6325104041979,29.4795685592941,29.2818986463425,29.0789043205857,29.2868448794737,29.5190584720663,29.6127883172604,29.4647560610483,29.4795685592941,29.0144590341043,29.0243762452778,29.0590791758805,29.2225258655088,29.2769521827709,29.5437322255563,29.785232903706,29.8295307397771,29.4400639777012,29.4795685592941,29.4153661581674,29.0144590341043,29.2720054887278,29.242320482823,29.2868448794737,29.5338634107745,29.6325104041979,29.5486662897325,29.5190584720663,29.4993153482952,29.3362945434113,29.4598181030883,29.4450028531419,29.2126271720896,29.019417755741,29.1779744708596,29.4252459745708,29.4845056002677,29.400544711469,29.4301855384466,29.3412382437518,29.0243762452778,29.019417755741,29.0144590341043,28.915235811822,29.019417755741,29.385721197515,29.8984019418799,29.8984019418799,29.8984019418799,29.6029259036991,29.3461817140249,29.1878763976491,29.1482631431937,29.370895615469,29.4943789947374,29.4104259055781,29.23242363567,29.4795685592941,29.667015270028,29.6029259036991,29.3758377059907,29.370895615469,29.4351248728131,29.7556907859056,30.5113644801692,30.7311755171756,29.9082370574946,29.1631198473796,29.1532156091641,29.0689922118039,29.0243762452778,29.009500080336,28.8357902104004,28.9201991820813,28.9201991820813,28.9896619433183,28.7264549750173,28.666769865686,28.6717449129776,28.8655893020517,28.8457241736917,29.083860027377,29.3264064524046,29.3362945434113,29.5585337318094,29.8688911556633,29.8049231025195,29.4795685592941,29.3511249542619,29.1284509661644,29.1829255497865,29.4351248728131,29.5190584720663,29.4845056002677,29.7507663035967,29.7015089622882,29.6522288391912,29.7458415937754,29.5831983351633,29.6275802249099,29.7409166564112,29.785232903706,30.0900235027141,30.3890524059812,30.501584646145,30.3694695173139,29.927904570493,29.6226498173448,29.5091873682112,29.3313506129726,29.4450028531419,29.385721197515,29.4795685592941,29.4746312891203,29.4746312891203,29.6078572246797,29.7015089622882,29.6226498173448,29.3956037698873,29.4894424120718,29.2076774790804,29.257164023458,29.3956037698873,29.5338634107745,29.7458415937754,29.9033196129721,29.6867273188382,29.4548799158045,29.1680716196875,28.9549362591941,29.0689922118039,29.1482631431937,29.2720054887278,29.4301855384466,29.3610107447515,29.2868448794737,29.385721197515,29.385721197515,29.5634671097716,29.3758377059907,29.3758377059907,29.173023160837,29.0590791758805,29.0689922118039,29.1779744708596,29.1581678438823,29.1482631431937,29.0689922118039,29.1185434893225,29.083860027377,29.0888155024772,29.1284509661644,29.019417755741,29.0392503216033,29.2522164072173,29.2373721746069,29.2126271720896,29.1135894037099,28.9995814762791,29.1334043574566,29.1185434893225,29.1234973434636,29.044207883055,29.242320482823,29.2472685603494,29.4400639777012,29.3758377059907,29.227474865981,29.3511249542619,29.217576634222,29.2076774790804,29.217576634222,29.242320482823,29.2670585641821,29.4795685592941,29.6325104041979,29.4845056002677,29.4647560610483,29.5190584720663,29.4252459745708,29.6275802249099,29.6127883172604,29.55360012514,29.3906625985796,29.3807795666623,29.5190584720663,29.3807795666623,29.0987257577298,28.8506908055119,28.6319379709646,28.7015902771012,28.6418911132907,28.6170064980665,28.646867332668,28.8904154684503,28.8407573086651,28.7413709858727,28.6369146594003,28.482528095304,28.3378970521235,28.3179323529188,28.1430795199092,28.1180768014564,28.1080740489112,28.0330230443987,27.8677218086608,27.9428910032239,27.8175790741614,27.892784190336,27.837639044803,27.7523576505433
28.8457241736917,28.7214825035015,28.9549362591941,29.0045408944048,29.0144590341043,28.8953800028402,28.7165097979839,28.7513138236853,28.7463425217002,28.7065636848157,28.7513138236853,28.6966166352573,28.6966166352573,28.7910758250633,29.3758377059907,29.6423700780649,29.2027275551628,29.2670585641821,29.6817996485765,29.8688911556633,29.844292597587,29.8934840441875,30.1194732660389,30.2813021944153,30.4379939797648,29.7606150407326,29.8344515860316,29.8344515860316,29.7704628680627,29.6571578775531,29.5782658717225,29.4351248728131,28.9598977684891,29.0739483820717,29.4203061811547,29.3165174407562,29.0987257577298,29.1086350865945,28.915235811822,28.8904154684503,28.9102722087998,29.1433104459398,29.5782658717225,29.5831983351633,29.785232903706,29.8196883661623,29.7113622521147,29.8344515860316,29.4795685592941,29.1928270144785,29.2868448794737,29.2670585641821,29.1433104459398,29.4845056002677,29.5042514727762,29.4252459745708,29.3610107447515,29.4696937897153,29.4993153482952,29.6226498173448,29.5338634107745,29.385721197515,29.0293345027462,29.1383575173713,29.2027275551628,29.3264064524046,29.4598181030883,29.4845056002677,29.4400639777012,29.2522164072173,29.083860027377,29.0937707459177,28.8258553140296,28.9946218259274,29.3807795666623,29.7556907859056,29.7901557942818,29.7901557942818,29.3362945434113,29.2621114091025,29.103680537945,29.083860027377,29.1631198473796,29.257164023458,29.1185434893225,29.23242363567,29.4054854233555,29.4400639777012,29.5585337318094,29.5634671097716,29.5634671097716,29.7458415937754,30.0752955782511,30.0556551883126,30.5162540628758,30.5211434227513,29.8147668387412,29.5486662897325,29.227474865981,29.009500080336,29.009500080336,28.8059827210337,28.9102722087998,28.9350878965987,29.0590791758805,28.9797414812012,28.7015902771012,28.666769865686,28.6916427592519,28.8208875158601,29.0491652125642,29.2769521827709,29.2670585641821,29.55360012514,29.6571578775531,29.9328208826212,29.7359914914735,29.4351248728131,29.3560679644938,29.4746312891203,29.7310660989319,29.4598181030883,29.5684002590573,29.7507663035967,29.7458415937754,30.0752955782511,29.7458415937754,29.7409166564112,29.6177191814719,29.6078572246797,29.5634671097716,29.8196883661623,30.0163635761093,30.0802051118783,30.045833639664,30.0163635761093,29.7458415937754,29.4845056002677,29.4301855384466,29.5239936805482,29.6571578775531,29.4400639777012,29.3115725896136,29.4845056002677,29.4548799158045,29.5930625764153,29.4845056002677,29.400544711469,29.4548799158045,29.1779744708596,29.2670585641821,29.5338634107745,29.5486662897325,29.7655390681081,29.8344515860316,29.6817996485765,29.3610107447515,29.0987257577298,28.9201991820813,28.9648590453057,29.0789043205857,29.3461817140249,29.4894424120718,29.3610107447515,29.2373721746069,29.1631198473796,29.1977774003059,29.3758377059907,29.4598181030883,29.3214620616761,29.0888155024772,29.0640358097506,29.0689922118039,29.1581678438823,29.2225258655088,29.1482631431937,29.0293345027462,29.0739483820717,29.0739483820717,29.0640358097506,29.2621114091025,29.0789043205857,29.1928270144785,29.2225258655088,29.2027275551628,29.1977774003059,29.0491652125642,29.0541223101622,29.0491652125642,29.0590791758805,29.0640358097506,28.9747809016303,29.1829255497865,29.3610107447515,29.4104259055781,29.4647560610483,29.3066275082174,29.2373721746069,29.2472685603494,29.2076774790804,29.1135894037099,29.1977774003059,29.3511249542619,29.5190584720663,29.6472995727053,29.6423700780649,29.4894424120718,29.3511249542619,29.3807795666623,29.4450028531419,29.4400639777012,29.5437322255563,29.385721197515,29.6226498173448,29.4795685592941,29.1878763976491,29.0590791758805,28.7264549750173,28.6269610479519,28.646867332668,28.5522790316995,28.6418911132907,28.666769865686,28.7910758250633,28.7513138236853,28.6816943046293,28.646867332668,28.5423174353593,28.327915175609,28.3628476055947,28.2380356778862,28.2330401214815,28.1230778208426,27.9879666938923,27.9929739096901,27.962927032733,27.8225944265762,27.8426534379831,27.8476675914376,27.892784190336
28.676719725948,28.8506908055119,28.8457241736917,28.8208875158601,28.7711966938393,28.6418911132907,28.5721994035508,28.482528095304,28.6219838903298,28.7264549750173,28.8506908055119,28.6170064980665,28.7811367266903,28.7711966938393,29.5733331796973,29.7261404787557,29.0739483820717,29.2720054887278,29.5782658717225,29.4647560610483,29.449941499166,29.55360012514,29.795078457589,29.9180712669515,29.9868853810766,29.6965819756635,29.7064357210951,29.5289286601073,29.7162885553777,29.6867273188382,29.3511249542619,29.1977774003059,29.0739483820717,29.0689922118039,29.2126271720896,28.8457241736917,28.7711966938393,28.7761668270904,28.7811367266903,28.7363992161709,29.2818986463425,29.3165174407562,29.3610107447515,29.400544711469,29.5831983351633,29.5684002590573,29.6867273188382,29.8492127629486,29.5141230346309,29.4894424120718,29.5091873682112,29.3906625985796,29.2225258655088,29.3956037698873,29.2967366545395,29.3758377059907,29.4400639777012,29.23242363567,29.2769521827709,29.4943789947374,29.6867273188382,29.4153661581674,29.1779744708596,29.1383575173713,29.1928270144785,29.4104259055781,29.4054854233555,29.6177191814719,29.4301855384466,29.1185434893225,29.0342925281775,29.0541223101622,28.8407573086651,28.8655893020517,29.1135894037099,29.6325104041979,29.6078572246797,29.4598181030883,29.4450028531419,29.1135894037099,29.3560679644938,28.8904154684503,28.9053083729833,29.1581678438823,28.930125224438,28.8953800028402,29.2769521827709,29.4746312891203,29.6522288391912,29.5782658717225,29.5684002590573,29.7212146309145,29.9819715575531,29.6571578775531,29.795078457589,30.1783484729875,30.05074452682,29.5437322255563,29.6867273188382,29.7113622521147,29.4153661581674,29.0045408944048,29.1532156091641,29.3214620616761,29.2917908821956,29.385721197515,29.242320482823,29.0392503216033,29.0689922118039,29.0739483820717,29.4301855384466,29.6867273188382,29.775386440627,29.7507663035967,29.972143232219,29.8738101868109,29.8688911556633,29.6522288391912,29.4598181030883,29.4252459745708,29.3016821965364,29.4301855384466,29.5486662897325,29.4400639777012,29.5634671097716,29.5634671097716,29.6029259036991,29.4845056002677,29.7113622521147,29.5141230346309,29.5684002590573,29.5831983351633,29.6916547611904,29.5684002590573,29.5585337318094,29.7359914914735,29.4548799158045,29.4400639777012,29.3807795666623,29.5437322255563,29.5239936805482,29.5042514727762,29.227474865981,29.3758377059907,29.6472995727053,29.6472995727053,29.227474865981,29.2917908821956,29.2472685603494,29.0987257577298,29.2076774790804,29.3610107447515,29.6029259036991,29.5239936805482,29.6965819756635,29.5979943542878,29.3659532950663,29.0243762452778,28.8506908055119,28.9499745173891,28.9499745173891,29.227474865981,29.3461817140249,29.1581678438823,29.0789043205857,28.9797414812012,29.1433104459398,29.2076774790804,29.3560679644938,29.3066275082174,29.0888155024772,29.0689922118039,29.1631198473796,29.1086350865945,29.0789043205857,29.1284509661644,29.1482631431937,29.0491652125642,29.0541223101622,28.9995814762791,29.0243762452778,29.1532156091641,29.227474865981,29.217576634222,29.1284509661644,29.044207883055,29.009500080336,29.0590791758805,29.019417755741,29.0342925281775,29.0789043205857,29.0640358097506,29.0739483820717,29.3115725896136,29.4054854233555,29.4894424120718,29.3412382437518,29.3511249542619,29.2720054887278,29.0590791758805,29.0491652125642,29.1532156091641,29.3560679644938,29.5239936805482,29.5289286601073,29.5338634107745,29.3560679644938,29.3610107447515,29.3362945434113,29.2769521827709,29.3560679644938,29.4400639777012,29.4845056002677,29.4104259055781,29.3906625985796,29.1928270144785,28.8357902104004,28.7811367266903,28.6816943046293,28.5771789090283,28.5622396876777,28.5522790316995,28.6518433175642,28.6418911132907,28.646867332668,28.6319379709646,28.5223914205637,28.372826172538,28.2680040377398,28.277991595206,28.1130755441568,28.1430795199092,28.0079941248089,27.9579183838364,27.8827599560813,27.9579183838364,27.8476675914376,27.7924987130493,27.8225944265762,27.812563481855
29.1680716196875,28.8953800028402,28.6816943046293,28.5522790316995,28.4675754627885,28.6816943046293,28.8159194843254,28.6866686490532,28.8457241736917,28.6916427592519,28.8258553140296,28.7264549750173,29.0144590341043,29.0689922118039,29.5091873682112,29.9328208826212,29.2868448794737,28.9747809016303,29.227474865981,29.3115725896136,29.4845056002677,29.5239936805482,29.6965819756635,29.4993153482952,29.5486662897325,29.7015089622882,29.6374403552393,29.55360012514,29.5437322255563,29.4203061811547,29.2027275551628,28.8755204676278,28.7264549750173,29.0739483820717,29.4054854233555,28.8755204676278,28.8705550013636,29.0590791758805,28.8109512193939,28.7612557262559,29.0739483820717,29.3066275082174,29.3659532950663,29.0689922118039,29.227474865981,29.3362945434113,29.4795685592941,29.6768717503746,29.5733331796973,29.6768717503746,29.671943624202,29.4795685592941,29.5338634107745,29.449941499166,29.2027275551628,29.2076774790804,29.1878763976491,29.2720054887278,29.3461817140249,29.5289286601073,29.6620866878218,29.385721197515,29.173023160837,29.019417755741,29.217576634222,29.400544711469,29.4104259055781,29.449941499166,29.4252459745708,29.1086350865945,29.083860027377,28.930125224438,28.7612557262559,28.7562848918599,28.9698200896756,29.0937707459177,29.0888155024772,29.217576634222,29.7310660989319,29.3115725896136,29.4054854233555,29.1433104459398,28.9102722087998,29.1383575173713,29.1185434893225,28.8506908055119,28.9450125430426,29.1234973434636,29.3610107447515,29.5585337318094,29.5684002590573,29.7606150407326,29.6916547611904,29.6078572246797,29.5486662897325,29.5289286601073,29.844292597587,29.7606150407326,29.4252459745708,29.4598181030883,29.4252459745708,29.4795685592941,29.6472995727053,29.795078457589,29.7704628680627,29.3214620616761,29.2472685603494,28.7165097979839,28.7513138236853,28.6717449129776,28.8556572041575,29.6374403552393,29.6374403552393,29.3906625985796,29.5387979325806,29.7359914914735,29.7261404787557,29.671943624202,29.5979943542878,29.370895615469,29.3066275082174,29.3560679644938,29.3412382437518,29.3066275082174,29.2027275551628,29.4252459745708,29.4845056002677,29.55360012514,29.4894424120718,29.5782658717225,29.6620866878218,29.5831983351633,29.5782658717225,29.5338634107745,29.5437322255563,29.5289286601073,29.5091873682112,29.3906625985796,29.3115725896136,29.3511249542619,29.55360012514,29.5881305700507,29.3560679644938,29.257164023458,29.4943789947374,29.6275802249099,29.3956037698873,29.3906625985796,29.2917908821956,29.400544711469,29.5190584720663,29.5190584720663,29.5190584720663,29.5930625764153,29.5289286601073,29.3214620616761,29.0987257577298,29.0392503216033,28.7761668270904,28.8755204676278,29.009500080336,29.2225258655088,29.4943789947374,29.3412382437518,28.98470182842,28.9797414812012,29.019417755741,29.2027275551628,29.3066275082174,29.2917908821956,29.1532156091641,29.1779744708596,29.1977774003059,29.0739483820717,29.1779744708596,29.1433104459398,29.103680537945,29.0243762452778,29.1779744708596,28.915235811822,29.0045408944048,29.1334043574566,29.2868448794737,29.3264064524046,29.2472685603494,29.1878763976491,29.0739483820717,29.0689922118039,29.1234973434636,29.103680537945,29.1680716196875,29.083860027377,29.1482631431937,29.2868448794737,29.3313506129726,29.5239936805482,29.3659532950663,29.3313506129726,29.2917908821956,29.0590791758805,29.0491652125642,29.0888155024772,29.5190584720663,29.5239936805482,29.5338634107745,29.5437322255563,29.5091873682112,29.449941499166,29.3659532950663,29.4054854233555,29.4647560610483,29.4993153482952,29.4746312891203,29.4301855384466,29.3659532950663,29.1185434893225,28.98470182842,28.7811367266903,28.61202887113,28.6319379709646,28.4576058629756,28.4476353203531,28.4227048373089,28.4924953392214,28.482528095304,28.4875118350172,28.3578579676639,28.277991595206,28.258015532538,28.3029563442362,28.14807935022,28.0530418873914,28.1230778208426,28.0330230443987,27.9779515459613,27.9428910032239,27.9228511486881,27.8526815051994,27.8025315774346,27.8276095391327
28.9995814762791,28.8159194843254,28.6866686490532,28.5522790316995,28.277991595206,28.4576058629756,28.7314272125631,28.8010139892131,28.8357902104004,28.7463425217002,28.7065636848157,28.6866686490532,28.915235811822,29.083860027377,29.4351248728131,29.927904570493,29.4351248728131,28.9598977684891,29.0689922118039,29.0739483820717,29.242320482823,29.6275802249099,29.4943789947374,29.3659532950663,29.4203061811547,29.4153661581674,29.3461817140249,29.5387979325806,29.3412382437518,29.2522164072173,29.0789043205857,28.7612557262559,28.5572594772178,29.1135894037099,29.5338634107745,28.9896619433183,29.0243762452778,29.083860027377,28.8506908055119,28.6369146594003,29.0888155024772,29.3264064524046,29.2720054887278,29.0342925281775,28.915235811822,29.2522164072173,29.1631198473796,29.3610107447515,29.5486662897325,29.7113622521147,29.6768717503746,29.6768717503746,29.5289286601073,29.3906625985796,29.1829255497865,29.1829255497865,29.1581678438823,29.0342925281775,29.3264064524046,29.5289286601073,29.5831983351633,29.3758377059907,29.173023160837,29.0243762452778,29.0491652125642,29.044207883055,29.4054854233555,29.4104259055781,29.1581678438823,29.103680537945,28.9350878965987,28.9053083729833,28.8854507011395,28.7960450239002,28.8705550013636,28.8556572041575,28.7612557262559,28.9598977684891,29.667015270028,29.4104259055781,29.3313506129726,29.2126271720896,29.2225258655088,29.3016821965364,29.1185434893225,29.0243762452778,28.8953800028402,29.0243762452778,29.1383575173713,29.3264064524046,29.5190584720663,29.385721197515,29.5634671097716,29.8246096664975,29.55360012514,29.3313506129726,29.2769521827709,29.8541327014066,29.7458415937754,29.0293345027462,29.019417755741,29.3412382437518,29.6916547611904,29.8344515860316,29.8295307397771,29.7901557942818,29.7556907859056,29.3906625985796,28.8357902104004,28.7214825035015,29.0987257577298,29.3066275082174,29.3066275082174,29.4203061811547,29.2126271720896,29.3115725896136,29.2225258655088,29.3016821965364,29.2818986463425,29.2868448794737,29.1829255497865,29.2917908821956,29.5042514727762,29.3016821965364,29.2621114091025,29.3165174407562,29.3016821965364,29.5930625764153,29.5930625764153,29.5979943542878,29.6127883172604,29.5338634107745,29.4795685592941,29.5782658717225,29.4795685592941,29.370895615469,29.227474865981,29.3016821965364,29.242320482823,29.2670585641821,29.3412382437518,29.5585337318094,29.5881305700507,29.242320482823,29.2373721746069,29.2769521827709,29.3461817140249,29.3362945434113,29.4845056002677,29.667015270028,29.7359914914735,29.6472995727053,29.5190584720663,29.5289286601073,29.5387979325806,29.2917908821956,29.0342925281775,28.8655893020517,28.7463425217002,28.8705550013636,29.0789043205857,29.0937707459177,29.2373721746069,29.2621114091025,29.019417755741,28.98470182842,28.9946218259274,28.9946218259274,29.103680537945,29.0640358097506,29.0937707459177,29.103680537945,29.0937707459177,29.0888155024772,29.1185434893225,29.0590791758805,28.915235811822,28.9102722087998,29.0342925281775,28.9698200896756,28.8159194843254,28.8904154684503,29.0689922118039,29.217576634222,29.1581678438823,29.044207883055,29.0590791758805,28.9747809016303,29.0045408944048,29.1779744708596,29.0491652125642,29.173023160837,29.2126271720896,29.2917908821956,29.3264064524046,29.3511249542619,29.5437322255563,29.5684002590573,29.3313506129726,29.0739483820717,29.0937707459177,29.2522164072173,29.4943789947374,29.5387979325806,29.5289286601073,29.5289286601073,29.55360012514,29.5289286601073,29.4598181030883,29.3659532950663,29.3560679644938,29.5141230346309,29.4993153482952,29.4301855384466,29.2967366545395,29.173023160837,29.0243762452778,28.8705550013636,28.6418911132907,28.61202887113,28.4675754627885,28.4675754627885,28.4426496954073,28.4725599092219,28.3628476055947,28.3079485837934,28.342887635646,28.2929711549704,28.1680762946208,28.2380356778862,28.0780600787342,28.0530418873914,28.043032942706,27.9128297863749,27.8977959483549,28.0079941248089,27.8175790741614,27.837639044803,27.8175790741614,27.631842110463
29.1878763976491,28.9350878965987,29.0541223101622,28.5522790316995,28.2729979349236,28.8159194843254,29.083860027377,28.9648590453057,28.8854507011395,28.7413709858727,28.6219838903298,28.8059827210337,29.0789043205857,29.0987257577298,29.3214620616761,29.5141230346309,29.7113622521147,29.0392503216033,29.0045408944048,29.0045408944048,29.242320482823,29.3362945434113,29.3264064524046,29.0888155024772,29.0640358097506,29.3214620616761,29.3362945434113,29.5930625764153,29.370895615469,29.2126271720896,29.0789043205857,28.8804857008759,28.5672196631112,29.217576634222,29.4943789947374,29.2126271720896,29.009500080336,28.9946218259274,28.9251623196095,28.8804857008759,29.0590791758805,29.6423700780649,29.3461817140249,29.0392503216033,29.0342925281775,29.2472685603494,29.2621114091025,29.1086350865945,29.2967366545395,29.4845056002677,29.6867273188382,29.7015089622882,29.5338634107745,29.5091873682112,29.5585337318094,29.4252459745708,29.1878763976491,29.3066275082174,29.3165174407562,29.3807795666623,29.7655390681081,29.6867273188382,29.3165174407562,29.173023160837,29.0640358097506,29.0987257577298,29.0590791758805,29.4054854233555,29.1482631431937,29.0045408944048,28.8556572041575,28.940050336123,28.6418911132907,28.5921160160095,28.7015902771012,28.8854507011395,28.7015902771012,28.9350878965987,29.5141230346309,29.7064357210951,29.2225258655088,29.0342925281775,29.0987257577298,29.257164023458,29.2769521827709,28.8010139892131,28.7711966938393,29.0045408944048,29.0392503216033,29.2670585641821,29.3560679644938,29.385721197515,29.400544711469,29.8787289912069,29.9917989785445,29.4351248728131,29.1878763976491,29.3412382437518,29.8984019418799,29.3412382437518,28.8655893020517,28.9499745173891,29.1779744708596,29.400544711469,29.795078457589,29.9573990480468,29.6226498173448,29.8246096664975,29.8541327014066,29.7409166564112,29.8147668387412,29.8098450842037,29.4203061811547,29.5190584720663,29.2967366545395,29.0293345027462,29.2373721746069,29.4351248728131,29.4301855384466,29.4894424120718,29.4351248728131,29.4598181030883,29.5486662897325,29.4203061811547,29.5141230346309,29.5387979325806,29.6127883172604,29.5881305700507,29.6965819756635,29.8885659198648,29.671943624202,29.7015089622882,29.5881305700507,29.5289286601073,29.5141230346309,29.370895615469,29.3758377059907,29.2769521827709,29.2522164072173,29.3807795666623,29.3362945434113,29.4993153482952,29.8147668387412,29.23242363567,29.173023160837,29.3165174407562,29.227474865981,29.3956037698873,29.5141230346309,29.6965819756635,29.6965819756635,29.671943624202,29.667015270028,29.6472995727053,29.5141230346309,29.2720054887278,29.0293345027462,28.8159194843254,28.7960450239002,28.8755204676278,29.0392503216033,29.0888155024772,29.1829255497865,29.257164023458,29.2670585641821,29.0045408944048,29.0392503216033,29.1185434893225,29.1977774003059,29.0888155024772,29.1581678438823,29.0888155024772,28.9747809016303,29.083860027377,29.0491652125642,29.1086350865945,29.1928270144785,29.0342925281775,28.930125224438,28.9102722087998,28.9053083729833,29.0689922118039,28.9350878965987,28.9251623196095,29.0392503216033,28.9598977684891,28.9946218259274,29.0937707459177,29.0640358097506,29.0937707459177,29.1482631431937,29.23242363567,29.2917908821956,29.2818986463425,29.2917908821956,29.2720054887278,29.4943789947374,29.6522288391912,29.4993153482952,29.4153661581674,29.3412382437518,29.3461817140249,29.6472995727053,29.5585337318094,29.5141230346309,29.7212146309145,29.7015089622882,29.6472995727053,29.4746312891203,29.3758377059907,29.4696937897153,29.4746312891203,29.5091873682112,29.4943789947374,29.4993153482952,29.4153661581674,29.1779744708596,28.98470182842,28.7910758250633,28.646867332668,28.5771789090283,28.6020729131087,28.5174093287365,28.4675754627885,28.372826172538,28.3229238825521,28.2979638679726,28.3179323529188,28.258015532538,28.0930681351701,28.048037534235,28.0230121922066,28.0730569169481,27.9929739096901,28.0980703444506,28.0380281127715,27.837639044803,27.8727347639835,27.8576951793018,27.8025315774346
29.2621114091025,29.3758377059907,29.2621114091025,28.6966166352573,28.4276914056455,28.7015902771012,29.2076774790804,29.0888155024772,28.8854507011395,28.6966166352573,28.7214825035015,28.8258553140296,29.1234973434636,29.0541223101622,29.103680537945,29.4301855384466,29.1779744708596,29.0392503216033,28.7165097979839,28.8755204676278,28.9896619433183,29.1334043574566,29.1581678438823,29.0590791758805,29.0392503216033,29.3214620616761,29.217576634222,29.217576634222,29.227474865981,29.0689922118039,28.9549362591941,28.7562848918599,28.9201991820813,29.3165174407562,29.2373721746069,29.217576634222,29.0987257577298,29.1234973434636,28.9549362591941,28.9946218259274,29.242320482823,29.4450028531419,29.3313506129726,28.9499745173891,29.0243762452778,28.9201991820813,28.930125224438,29.1284509661644,29.0640358097506,28.9995814762791,29.3264064524046,29.6226498173448,29.5338634107745,29.3511249542619,29.5042514727762,29.2720054887278,29.4351248728131,29.370895615469,29.3610107447515,29.5585337318094,29.55360012514,29.5782658717225,29.2818986463425,29.1284509661644,29.103680537945,29.1779744708596,29.1334043574566,28.9201991820813,29.0293345027462,28.9053083729833,28.646867332668,28.61202887113,28.5771789090283,28.4675754627885,28.4775441200496,28.5472983510907,28.6966166352573,28.8755204676278,29.1878763976491,29.3016821965364,29.1433104459398,28.8308228788658,28.8904154684503,29.0541223101622,29.0937707459177,28.7861063926706,28.666769865686,28.8357902104004,28.8804857008759,29.0689922118039,29.0541223101622,29.2225258655088,29.3264064524046,29.6867273188382,30.1538210751758,29.8147668387412,29.400544711469,29.1928270144785,29.3461817140249,29.7261404787557,29.2076774790804,28.8705550013636,28.9797414812012,29.0045408944048,29.2076774790804,29.775386440627,30.0654758344281,29.9573990480468,29.6571578775531,29.8246096664975,30.109657579554,30.305800398308,29.8196883661623,29.5239936805482,29.3115725896136,29.3165174407562,29.4795685592941,29.4696937897153,29.4400639777012,29.5782658717225,29.6620866878218,29.6620866878218,29.5782658717225,29.5141230346309,29.6275802249099,29.5782658717225,29.6867273188382,29.6078572246797,29.6275802249099,29.7704628680627,29.7409166564112,29.5289286601073,29.5733331796973,29.3610107447515,29.385721197515,29.2373721746069,29.2373721746069,29.2373721746069,29.1829255497865,29.0789043205857,29.2670585641821,29.5239936805482,29.2967366545395,29.1532156091641,29.1631198473796,29.1977774003059,29.227474865981,29.4153661581674,29.7015089622882,29.6817996485765,29.5387979325806,29.6177191814719,29.6423700780649,29.7212146309145,29.3560679644938,29.0937707459177,28.8854507011395,28.7363992161709,28.7115368584326,28.8854507011395,29.009500080336,29.1334043574566,29.2027275551628,29.3906625985796,29.3066275082174,29.2027275551628,29.2868448794737,29.0689922118039,29.1878763976491,29.1433104459398,28.9747809016303,28.9499745173891,28.9201991820813,28.8457241736917,28.8655893020517,29.009500080336,29.1878763976491,29.0342925281775,28.8705550013636,28.8655893020517,28.9003443043406,28.8506908055119,28.9102722087998,28.8755204676278,28.930125224438,28.8556572041575,28.9995814762791,29.0045408944048,28.98470182842,29.0243762452778,29.0888155024772,29.1383575173713,29.1532156091641,29.3461817140249,29.2967366545395,29.3807795666623,29.5684002590573,29.5387979325806,29.6325104041979,29.7409166564112,29.6226498173448,29.5634671097716,29.5881305700507,29.55360012514,29.3906625985796,29.5585337318094,29.5881305700507,29.6620866878218,29.4647560610483,29.370895615469,29.3610107447515,29.3115725896136,29.370895615469,29.4746312891203,29.4795685592941,29.3066275082174,29.1779744708596,29.1383575173713,28.8506908055119,28.6866686490532,28.5871372152255,28.4775441200496,28.4426496954073,28.4326777380859,28.3877922511433,28.4576058629756,28.3179323529188,28.1880694376433,28.1780733411736,28.1930671296786,28.0680535169536,28.1130755441568,28.043032942706,27.8777474797793,27.9428910032239,27.8276095391327,27.8426534379831,27.8576951793018,27.7172216044382,27.812563481855
29.449941499166,29.3807795666623,29.2621114091025,28.7761668270904,28.7562848918599,28.8407573086651,28.9102722087998,28.8904154684503,29.0045408944048,28.8059827210337,28.7662263269051,28.7662263269051,29.0491652125642,29.1928270144785,29.0392503216033,29.1680716196875,29.0144590341043,29.0045408944048,28.8556572041575,28.8606233696602,29.1086350865945,29.2027275551628,29.1383575173713,28.9598977684891,29.0640358097506,29.0144590341043,29.009500080336,29.0689922118039,29.0144590341043,28.930125224438,28.9450125430426,28.7314272125631,29.0342925281775,28.9648590453057,28.9797414812012,28.8010139892131,29.242320482823,29.257164023458,29.3659532950663,29.1977774003059,29.55360012514,29.5684002590573,29.2769521827709,28.9747809016303,28.9350878965987,28.8606233696602,28.9201991820813,29.103680537945,29.4400639777012,29.3610107447515,29.2076774790804,29.3313506129726,29.4351248728131,29.3362945434113,29.4993153482952,29.4104259055781,29.4696937897153,29.1829255497865,29.173023160837,29.3214620616761,29.5338634107745,29.3214620616761,29.3165174407562,29.1977774003059,29.2076774790804,29.2720054887278,29.1284509661644,28.9995814762791,29.009500080336,28.8407573086651,28.5622396876777,28.537336284473,28.4276914056455,28.4775441200496,28.4675754627885,28.4725599092219,28.482528095304,28.7214825035015,29.1779744708596,29.242320482823,29.4153661581674,29.1234973434636,29.0590791758805,28.8357902104004,29.0293345027462,28.9450125430426,29.217576634222,28.930125224438,29.1284509661644,29.3313506129726,29.3362945434113,29.5091873682112,29.5141230346309,29.5684002590573,30.0212758178786,30.1292880515541,29.8000008936581,29.449941499166,29.1185434893225,29.4894424120718,29.967228730348,29.3511249542619,29.0144590341043,28.8755204676278,28.9747809016303,29.3165174407562,29.5437322255563,29.9524838675562,30.1832532777823,30.364573235923,30.2077739295662,30.0065384149177,29.8541327014066,30.0409225268145,30.0261878338035,29.7655390681081,29.5782658717225,29.4894424120718,29.5486662897325,29.6029259036991,29.5387979325806,29.6571578775531,29.6522288391912,29.6522288391912,29.8295307397771,29.7704628680627,29.7212146309145,29.5782658717225,29.6127883172604,29.6226498173448,29.7212146309145,29.6127883172604,29.4153661581674,29.400544711469,29.2670585641821,29.3807795666623,29.2373721746069,29.2373721746069,29.083860027377,29.0689922118039,29.1779744708596,29.1878763976491,29.103680537945,29.1433104459398,29.2076774790804,29.227474865981,29.400544711469,29.4054854233555,29.6817996485765,29.7704628680627,29.6374403552393,29.6867273188382,29.6374403552393,29.5634671097716,29.385721197515,28.9995814762791,28.7015902771012,28.646867332668,28.7363992161709,28.9995814762791,29.1135894037099,29.1532156091641,29.2621114091025,29.3461817140249,29.2769521827709,29.3610107447515,29.2472685603494,29.3066275082174,29.1234973434636,29.103680537945,29.083860027377,28.9450125430426,29.019417755741,28.7811367266903,28.8407573086651,28.9251623196095,28.9747809016303,28.9896619433183,28.8606233696602,28.9053083729833,28.8308228788658,28.915235811822,28.9053083729833,28.8705550013636,28.930125224438,28.8556572041575,28.8804857008759,28.9995814762791,29.0888155024772,29.0045408944048,29.019417755741,29.0937707459177,29.3115725896136,29.4696937897153,29.3461817140249,29.2868448794737,29.4993153482952,29.5437322255563,29.6029259036991,29.6177191814719,29.8787289912069,29.9180712669515,29.7162885553777,29.5141230346309,29.4894424120718,29.6423700780649,29.6177191814719,29.3412382437518,29.3412382437518,29.3115725896136,29.227474865981,29.2126271720896,29.1928270144785,29.4845056002677,29.6275802249099,29.4647560610483,29.2917908821956,29.2076774790804,29.0888155024772,28.98470182842,28.9350878965987,28.6717449129776,28.4326777380859,28.4177180330437,28.4077437165986,28.4476353203531,28.2630099036222,28.2680040377398,28.1780733411736,28.223048297154,28.2380356778862,28.0780600787342,28.043032942706,27.9979808867536,27.9779515459613,27.8977959483549,27.8977959483549,27.8777474797793,27.837639044803,27.7021596912783
29.7556907859056,29.400544711469,28.9747809016303,28.6866686490532,28.7463425217002,28.8904154684503,28.7363992161709,28.9549362591941,28.8556572041575,28.7562848918599,28.915235811822,29.0739483820717,28.9698200896756,29.0640358097506,29.1334043574566,29.0243762452778,28.8705550013636,28.7363992161709,29.0144590341043,28.9946218259274,29.1135894037099,29.173023160837,29.3412382437518,28.9598977684891,28.7711966938393,28.915235811822,28.8705550013636,28.8655893020517,28.8705550013636,28.8755204676278,28.9549362591941,28.8755204676278,28.8904154684503,28.676719725948,28.7910758250633,29.0243762452778,29.083860027377,29.2472685603494,29.5289286601073,29.5585337318094,29.5930625764153,29.5881305700507,29.173023160837,29.1383575173713,29.0144590341043,29.019417755741,29.103680537945,29.4400639777012,29.4548799158045,29.5239936805482,29.2076774790804,29.2818986463425,29.3659532950663,29.3412382437518,29.4795685592941,29.2967366545395,29.4104259055781,29.3115725896136,29.083860027377,29.257164023458,29.2967366545395,29.3214620616761,29.2818986463425,29.1185434893225,29.217576634222,29.1135894037099,29.019417755741,28.8705550013636,28.8457241736917,28.6518433175642,28.372826172538,28.372826172538,28.4177180330437,28.4625907807171,28.4576058629756,28.4924953392214,28.5970945819598,28.7463425217002,29.1680716196875,29.1532156091641,29.1829255497865,29.2621114091025,29.0689922118039,29.0045408944048,29.1284509661644,29.0243762452778,29.044207883055,29.019417755741,29.1334043574566,29.2027275551628,29.385721197515,29.6226498173448,29.6177191814719,29.3264064524046,29.8295307397771,30.0409225268145,29.9131542754777,29.4795685592941,29.3511249542619,29.3264064524046,29.8000008936581,29.844292597587,29.3214620616761,28.9251623196095,28.9698200896756,29.2076774790804,29.3264064524046,29.55360012514,29.844292597587,29.9328208826212,30.0261878338035,30.251896949001,30.0310996239144,29.9917989785445,29.9623140023007,29.8836475688813,29.5979943542878,29.55360012514,29.4845056002677,29.5733331796973,29.667015270028,29.6226498173448,29.9082370574946,29.8000008936581,29.8344515860316,29.8492127629486,29.6571578775531,29.5190584720663,29.4153661581674,29.5881305700507,29.4301855384466,29.4153661581674,29.3560679644938,29.2967366545395,29.257164023458,29.3560679644938,29.2472685603494,29.242320482823,29.0541223101622,29.0144590341043,29.0739483820717,29.0789043205857,29.1631198473796,29.2027275551628,29.227474865981,29.2868448794737,29.5338634107745,29.5979943542878,29.6768717503746,29.671943624202,29.7310660989319,29.7507663035967,29.7803097858312,29.4845056002677,29.217576634222,29.0144590341043,28.7861063926706,28.5871372152255,28.6020729131087,28.6966166352573,29.0640358097506,29.1433104459398,29.3560679644938,29.3610107447515,29.3412382437518,29.257164023458,29.3412382437518,29.4548799158045,29.2373721746069,29.2472685603494,29.1532156091641,29.0888155024772,28.8804857008759,28.8258553140296,28.8506908055119,28.98470182842,28.9946218259274,28.9946218259274,28.9598977684891,28.9102722087998,28.8755204676278,29.044207883055,28.8606233696602,28.8655893020517,28.8755204676278,28.8407573086651,28.8308228788658,29.1086350865945,29.083860027377,29.0392503216033,29.0640358097506,29.1334043574566,29.1135894037099,29.4252459745708,29.3214620616761,29.3610107447515,29.5289286601073,29.5239936805482,29.5881305700507,29.7261404787557,29.7606150407326,29.8738101868109,29.6374403552393,29.5141230346309,29.3066275082174,29.2818986463425,29.2769521827709,29.1284509661644,29.103680537945,29.1977774003059,29.0392503216033,29.173023160837,29.3313506129726,29.4647560610483,29.5042514727762,29.4054854233555,29.4696937897153,29.2917908821956,29.227474865981,29.1878763976491,28.9946218259274,28.6617945840412,28.5024616412321,28.3029563442362,28.4426496954073,28.342887635646,28.1980645842911,28.218052029166,28.2480260793404,28.14807935022,27.9278614710339,28.043032942706,27.9228511486881,27.9078187463413,28.0330230443987,28.0280177375547,27.9879666938923,27.8476675914376,27.892784190336,27.8677218086608
30.1047493983729,29.7212146309145,28.9797414812012,28.7513138236853,28.9747809016303,28.8308228788658,28.7363992161709,28.8357902104004,28.9201991820813,28.7363992161709,28.8804857008759,28.940050336123,28.9598977684891,28.9648590453057,29.0491652125642,29.1631198473796,29.0293345027462,28.8655893020517,29.0987257577298,28.9896619433183,28.9450125430426,29.1135894037099,29.1334043574566,28.9102722087998,28.8904154684503,28.6866686490532,28.8556572041575,28.6866686490532,28.6916427592519,28.7264549750173,28.8755204676278,28.7214825035015,28.7264549750173,28.6418911132907,28.7363992161709,29.0590791758805,28.8159194843254,29.0937707459177,29.5141230346309,29.5881305700507,29.3115725896136,29.1631198473796,29.0144590341043,29.0045408944048,29.1284509661644,29.0144590341043,29.1334043574566,29.3066275082174,29.3659532950663,29.4548799158045,29.0987257577298,29.103680537945,29.227474865981,29.242320482823,29.23242363567,29.400544711469,29.3313506129726,29.3461817140249,29.217576634222,29.2818986463425,29.2818986463425,29.5091873682112,29.1086350865945,29.1135894037099,29.2225258655088,28.9201991820813,28.8854507011395,28.7165097979839,28.9797414812012,28.4924953392214,28.4326777380859,28.3578579676639,28.342887635646,28.342887635646,28.223048297154,28.3877922511433,28.5074444391028,28.7264549750173,29.2621114091025,29.2522164072173,29.3264064524046,29.2373721746069,29.23242363567,29.1433104459398,29.3016821965364,29.083860027377,28.9648590453057,29.257164023458,29.23242363567,29.1631198473796,29.3016821965364,29.3461817140249,29.8492127629486,29.5190584720663,29.6522288391912,29.8934840441875,29.9033196129721,29.6620866878218,29.5091873682112,29.4647560610483,29.6423700780649,29.5585337318094,29.5437322255563,29.3362945434113,29.1878763976491,29.1779744708596,29.2225258655088,29.3412382437518,29.4943789947374,29.6177191814719,29.6177191814719,29.9229880319466,30.001625495435,29.9180712669515,30.0752955782511,29.9328208826212,29.7803097858312,29.7655390681081,29.7015089622882,29.6916547611904,29.4943789947374,29.671943624202,29.7409166564112,29.9082370574946,29.8541327014066,29.8984019418799,29.7901557942818,29.7901557942818,29.6325104041979,29.4054854233555,29.3906625985796,29.2769521827709,29.3659532950663,29.3362945434113,29.242320482823,29.1928270144785,29.0640358097506,29.0243762452778,28.9251623196095,29.0045408944048,29.0392503216033,29.0689922118039,29.1779744708596,29.1829255497865,29.0987257577298,29.1779744708596,29.3807795666623,29.4153661581674,29.5634671097716,29.7064357210951,29.5733331796973,29.7606150407326,29.7212146309145,29.4795685592941,29.1433104459398,28.9797414812012,28.7761668270904,28.9102722087998,28.7214825035015,28.7761668270904,29.1086350865945,29.1135894037099,29.242320482823,29.3610107447515,29.3412382437518,29.242320482823,29.2917908821956,29.3264064524046,29.23242363567,29.1284509661644,29.083860027377,29.0491652125642,28.9698200896756,28.915235811822,28.8904154684503,29.0144590341043,28.9995814762791,28.8655893020517,28.9995814762791,28.8655893020517,29.0045408944048,29.0491652125642,29.019417755741,28.8854507011395,28.7115368584326,28.8109512193939,28.8804857008759,28.9797414812012,29.1383575173713,29.2769521827709,29.0789043205857,28.9549362591941,29.0243762452778,29.2621114091025,29.3560679644938,29.4993153482952,29.5338634107745,29.4993153482952,29.6029259036991,29.5733331796973,29.7113622521147,29.785232903706,29.6325104041979,29.4894424120718,29.3956037698873,29.2769521827709,29.1135894037099,29.019417755741,29.009500080336,29.1977774003059,29.1086350865945,29.1779744708596,29.3412382437518,29.4845056002677,29.4548799158045,29.4351248728131,29.2967366545395,29.2522164072173,29.257164023458,29.1977774003059,29.0739483820717,28.8506908055119,28.6717449129776,28.4227048373089,28.2979638679726,28.1980645842911,28.2130555239183,28.258015532538,28.14807935022,28.1980645842911,28.0730569169481,28.0380281127715,28.0380281127715,28.0280177375547,28.0580460022081,27.9929739096901,27.8677218086608,27.8677218086608,27.9078187463413,27.8276095391327
30.0851144200226,30.0556551883126,29.5634671097716,29.1433104459398,29.173023160837,28.7960450239002,28.5522790316995,28.5821581795757,28.7861063926706,28.8159194843254,28.8655893020517,28.9598977684891,28.7662263269051,28.7612557262559,28.9648590453057,29.3560679644938,29.1482631431937,28.8407573086651,29.1433104459398,28.8159194843254,28.646867332668,28.9946218259274,29.1383575173713,29.1284509661644,28.8556572041575,28.676719725948,28.6020729131087,28.4924953392214,28.4725599092219,28.5323548983997,28.7363992161709,28.6369146594003,28.7214825035015,28.7165097979839,28.7711966938393,29.0293345027462,28.7314272125631,28.8854507011395,29.1433104459398,29.3165174407562,29.2917908821956,28.9995814762791,28.8208875158601,28.8357902104004,29.1185434893225,29.1135894037099,29.1185434893225,29.1680716196875,29.3906625985796,29.227474865981,29.0689922118039,29.0541223101622,29.0342925281775,29.044207883055,29.2472685603494,29.4252459745708,29.370895615469,29.5141230346309,29.173023160837,29.1185434893225,29.3264064524046,29.1234973434636,28.8953800028402,29.1185434893225,29.1779744708596,28.9003443043406,28.7015902771012,28.6617945840412,28.6219838903298,28.3678370072086,28.258015532538,28.2680040377398,28.2380356778862,28.1430795199092,28.2430309971616,28.3578579676639,28.5024616412321,28.7513138236853,29.2967366545395,29.4894424120718,29.2373721746069,29.0342925281775,29.2522164072173,29.4746312891203,29.4252459745708,29.400544711469,29.2027275551628,29.0491652125642,29.044207883055,29.044207883055,29.3115725896136,29.3313506129726,29.8639718977337,30.2175806171496,29.6768717503746,29.8344515860316,29.8590524129916,29.6472995727053,29.6177191814719,29.4351248728131,29.8147668387412,29.5634671097716,29.5684002590573,29.4795685592941,29.2076774790804,29.1135894037099,28.940050336123,28.9797414812012,29.3511249542619,29.4252459745708,29.6177191814719,29.6177191814719,29.8098450842037,29.8000008936581,29.7901557942818,30.0752955782511,29.9229880319466,29.7015089622882,29.7655390681081,29.6423700780649,29.6965819756635,29.6423700780649,29.8787289912069,30.0703858191111,30.0261878338035,30.0310996239144,29.8934840441875,29.6620866878218,29.5782658717225,29.4993153482952,29.3511249542619,29.1829255497865,29.1878763976491,29.1878763976491,29.2126271720896,29.1135894037099,29.1928270144785,29.1482631431937,29.0342925281775,29.0937707459177,29.173023160837,29.0689922118039,28.9499745173891,29.044207883055,29.1532156091641,29.1581678438823,29.1878763976491,29.1234973434636,29.1433104459398,29.3511249542619,29.4400639777012,29.6127883172604,29.6325104041979,29.4647560610483,29.1532156091641,29.0045408944048,29.019417755741,28.8407573086651,28.8357902104004,28.8506908055119,28.915235811822,29.1185434893225,29.083860027377,29.3115725896136,29.2720054887278,29.227474865981,29.217576634222,29.257164023458,29.1086350865945,29.2027275551628,29.0541223101622,28.8854507011395,28.9003443043406,28.9003443043406,28.7214825035015,28.9698200896756,28.8904154684503,28.7314272125631,28.7314272125631,28.8705550013636,29.0342925281775,28.930125224438,28.9896619433183,29.0392503216033,28.8854507011395,28.7861063926706,28.8854507011395,28.9499745173891,29.0987257577298,29.2522164072173,29.1779744708596,29.2472685603494,29.019417755741,29.1779744708596,29.3066275082174,29.3412382437518,29.3115725896136,29.5190584720663,29.4894424120718,29.5042514727762,29.6768717503746,29.6275802249099,29.4993153482952,29.4795685592941,29.3115725896136,29.1482631431937,28.9698200896756,28.9499745173891,28.9549362591941,29.0590791758805,29.0590791758805,29.173023160837,29.3461817140249,29.4894424120718,29.5091873682112,29.4301855384466,29.400544711469,29.23242363567,29.1383575173713,29.1334043574566,29.1234973434636,28.7960450239002,28.6617945840412,28.4177180330437,28.4326777380859,28.2879782051969,28.218052029166,28.2729979349236,28.1580782977234,28.14807935022,28.0330230443987,28.0530418873914,27.9328715542163,27.9979808867536,27.9879666938923,27.8677218086608,27.8326244118639,27.8276095391327,27.8526815051994,27.8877721929225
30.1489149206362,30.2764018809912,29.9328208826212,29.9328208826212,29.671943624202,29.1631198473796,28.6966166352573,28.5572594772178,28.8010139892131,29.0689922118039,29.2126271720896,29.1928270144785,29.083860027377,29.0789043205857,28.9648590453057,29.385721197515,29.1383575173713,28.8457241736917,29.1680716196875,28.8606233696602,28.7463425217002,29.1185434893225,28.8059827210337,28.9003443043406,29.044207883055,28.6866686490532,28.4526207095317,28.4476353203531,28.497478607949,28.5024616412321,28.6617945840412,28.5622396876777,28.6966166352573,28.8407573086651,28.9995814762791,28.9053083729833,28.8904154684503,28.8705550013636,28.9549362591941,29.1482631431937,29.257164023458,29.1234973434636,28.7811367266903,28.7960450239002,29.0243762452778,29.2720054887278,29.4845056002677,29.3610107447515,29.4054854233555,29.3807795666623,29.083860027377,29.0045408944048,28.8854507011395,29.0342925281775,29.3066275082174,29.2472685603494,29.4054854233555,29.5141230346309,29.0888155024772,29.2373721746069,29.1532156091641,29.1234973434636,29.1086350865945,28.7811367266903,28.7910758250633,28.7662263269051,28.5921160160095,28.6170064980665,28.4276914056455,28.3877922511433,28.342887635646,28.3977684560513,28.218052029166,28.1930671296786,28.1680762946208,28.4476353203531,28.7363992161709,28.9350878965987,29.23242363567,29.4894424120718,29.257164023458,29.23242363567,29.1581678438823,29.3807795666623,29.3610107447515,29.5091873682112,29.3956037698873,29.0392503216033,29.044207883055,28.9698200896756,29.1532156091641,29.3610107447515,29.8934840441875,30.2911021485288,30.1440085410342,30.0654758344281,29.844292597587,29.775386440627,29.5684002590573,30.1783484729875,30.1341951065232,29.6916547611904,29.6374403552393,29.9131542754777,29.4450028531419,29.3560679644938,29.4845056002677,29.1977774003059,29.3560679644938,29.4301855384466,29.3412382437518,29.4301855384466,29.667015270028,29.7556907859056,29.9967123499873,29.7803097858312,29.7704628680627,29.9082370574946,29.9328208826212,29.9033196129721,29.7803097858312,29.8934840441875,30.0752955782511,30.0752955782511,29.9033196129721,29.9082370574946,29.8984019418799,29.7261404787557,29.5930625764153,29.6325104041979,29.4845056002677,29.4647560610483,29.3313506129726,29.4153661581674,29.2720054887278,29.0541223101622,29.1383575173713,29.0491652125642,29.103680537945,29.0888155024772,29.0491652125642,28.8159194843254,28.9499745173891,28.9896619433183,29.1581678438823,29.083860027377,29.0937707459177,28.9499745173891,29.1878763976491,29.1829255497865,29.4301855384466,29.6423700780649,29.5585337318094,29.4301855384466,28.9946218259274,28.940050336123,28.8457241736917,28.9648590453057,29.0640358097506,29.0243762452778,29.044207883055,29.2670585641821,29.3016821965364,29.2373721746069,29.2818986463425,29.370895615469,29.400544711469,29.2769521827709,29.242320482823,29.23242363567,28.9499745173891,28.9499745173891,28.8258553140296,28.8854507011395,28.8854507011395,28.7214825035015,28.7513138236853,28.7165097979839,28.8904154684503,28.8457241736917,28.8854507011395,29.0293345027462,29.0541223101622,29.0640358097506,29.0590791758805,28.9747809016303,29.0987257577298,29.0937707459177,29.0689922118039,29.1185434893225,29.2720054887278,29.3165174407562,29.0987257577298,29.019417755741,28.9648590453057,28.930125224438,29.2967366545395,29.3016821965364,29.4054854233555,29.4993153482952,29.5585337318094,29.6374403552393,29.6522288391912,29.4203061811547,29.3016821965364,29.1334043574566,28.8904154684503,28.9450125430426,29.1135894037099,29.0491652125642,29.1680716196875,29.1878763976491,29.4894424120718,29.6423700780649,29.6423700780649,29.5979943542878,29.4153661581674,29.2621114091025,29.23242363567,29.0541223101622,28.9549362591941,28.7711966938393,28.6568190680113,28.6319379709646,28.4127309928177,28.4177180330437,28.4625907807171,28.14807935022,28.0830630023446,28.2080587813783,28.1230778208426,28.0180064083215,28.0330230443987,28.043032942706,27.9278614710339,28.0130003858666,27.8276095391327,27.7724301033211,27.6418903705064,27.8827599560813
30.158727004683,30.1391019363398,30.0752955782511,30.1194732660389,29.8049231025195,29.5733331796973,28.8606233696602,28.7065636848157,28.6816943046293,28.7314272125631,29.1928270144785,29.3461817140249,29.1928270144785,28.8705550013636,29.2027275551628,29.0392503216033,28.8804857008759,28.7811367266903,28.8258553140296,28.7662263269051,28.61202887113,28.646867332668,28.6319379709646,28.8258553140296,28.666769865686,28.4875118350172,28.4326777380859,28.5024616412321,28.497478607949,28.6816943046293,28.8506908055119,29.0293345027462,28.8506908055119,29.0590791758805,29.0342925281775,28.7513138236853,28.7513138236853,28.7463425217002,28.930125224438,29.1135894037099,29.1234973434636,29.2670585641821,28.8208875158601,28.7463425217002,29.0243762452778,29.1185434893225,29.1234973434636,29.2769521827709,29.3016821965364,29.2868448794737,29.0293345027462,28.8755204676278,28.8755204676278,28.9053083729833,29.3758377059907,29.3956037698873,29.3560679644938,29.4746312891203,29.1334043574566,29.2027275551628,28.9648590453057,28.8655893020517,28.8854507011395,28.8159194843254,28.8606233696602,28.7811367266903,28.7513138236853,28.7562848918599,28.3778151016153,28.3678370072086,28.5174093287365,28.4725599092219,28.327915175609,28.228044327915,28.3927804716586,28.6966166352573,28.8407573086651,28.9350878965987,29.23242363567,29.2126271720896,29.23242363567,29.1631198473796,28.98470182842,29.1482631431937,29.3313506129726,29.3264064524046,29.3511249542619,29.1928270144785,28.8059827210337,29.0243762452778,29.0144590341043,29.400544711469,29.9868853810766,29.9573990480468,30.3498830491376,30.2911021485288,29.7458415937754,29.5091873682112,29.4548799158045,29.9131542754777,30.40863171704,30.2322889637756,29.6817996485765,29.5782658717225,29.8738101868109,29.667015270028,29.6423700780649,29.4203061811547,29.4647560610483,29.3906625985796,29.1482631431937,29.400544711469,29.3807795666623,29.7212146309145,29.8000008936581,29.7606150407326,29.795078457589,29.6768717503746,29.7015089622882,29.8344515860316,29.8738101868109,30.0802051118783,30.0703858191111,30.001625495435,29.7655390681081,29.785232903706,29.8000008936581,29.6472995727053,29.5338634107745,29.4845056002677,29.400544711469,29.4647560610483,29.3115725896136,29.2225258655088,29.1383575173713,29.1829255497865,29.2472685603494,29.1135894037099,29.1878763976491,29.1135894037099,29.044207883055,28.940050336123,28.9450125430426,29.0590791758805,29.0640358097506,29.1631198473796,29.1680716196875,28.9003443043406,29.0888155024772,29.2126271720896,29.4696937897153,29.5585337318094,29.5684002590573,29.1581678438823,29.019417755741,29.009500080336,28.930125224438,29.0293345027462,29.1086350865945,29.083860027377,29.1284509661644,29.1680716196875,29.0789043205857,29.173023160837,29.1284509661644,29.257164023458,29.2670585641821,29.2621114091025,29.23242363567,29.0689922118039,29.0491652125642,28.8556572041575,28.8258553140296,28.7861063926706,28.7413709858727,28.607051009488,28.607051009488,28.7612557262559,28.7065636848157,28.8506908055119,28.8407573086651,28.8854507011395,29.0541223101622,29.0689922118039,28.8904154684503,28.9698200896756,29.0689922118039,28.9450125430426,28.9003443043406,29.0640358097506,29.3115725896136,29.1433104459398,28.9598977684891,28.8159194843254,28.8208875158601,28.8357902104004,28.9698200896756,29.0987257577298,29.2225258655088,29.4450028531419,29.5042514727762,29.5634671097716,29.4548799158045,29.1680716196875,29.3165174407562,29.0689922118039,29.1581678438823,29.0392503216033,29.0739483820717,29.1680716196875,29.1383575173713,29.3758377059907,29.4647560610483,29.4696937897153,29.4153661581674,29.4203061811547,29.4351248728131,29.23242363567,29.173023160837,29.1234973434636,28.9896619433183,28.8109512193939,28.6418911132907,28.497478607949,28.2879782051969,28.2879782051969,28.2130555239183,28.043032942706,28.253020924455,28.1130755441568,28.1230778208426,27.9278614710339,27.9228511486881,27.9078187463413,27.962927032733,27.9028074670123,27.8977959483549,27.812563481855,27.7122012073196,27.7322813525865
30.2764018809912,30.3498830491376,30.1538210751758,30.4184200315594,30.109657579554,29.7655390681081,29.0342925281775,28.9946218259274,28.8357902104004,29.044207883055,29.671943624202,29.5684002590573,29.3165174407562,28.9549362591941,28.8556572041575,28.915235811822,28.7562848918599,28.7513138236853,28.8655893020517,28.61202887113,28.5124270015936,28.5273732771074,28.5273732771074,28.6866686490532,28.5472983510907,28.676719725948,28.6170064980665,28.6219838903298,28.8407573086651,28.7910758250633,28.8606233696602,29.0491652125642,29.1878763976491,29.3016821965364,29.044207883055,28.7165097979839,28.7662263269051,28.9201991820813,29.1581678438823,29.3758377059907,29.6127883172604,29.5091873682112,29.2769521827709,29.009500080336,29.1086350865945,29.1284509661644,29.1532156091641,29.4203061811547,29.4894424120718,29.1383575173713,29.0342925281775,29.0590791758805,28.9102722087998,29.0342925281775,29.3264064524046,29.5190584720663,29.2472685603494,29.1581678438823,29.2373721746069,29.2868448794737,29.083860027377,28.8258553140296,28.9350878965987,28.8854507011395,28.9797414812012,28.9201991820813,28.7960450239002,28.6170064980665,28.7612557262559,28.482528095304,28.4376638346625,28.3778151016153,28.3079485837934,28.4326777380859,28.4426496954073,28.6170064980665,28.940050336123,29.2472685603494,29.3610107447515,29.217576634222,29.227474865981,29.2126271720896,28.9797414812012,29.1482631431937,29.1631198473796,29.2522164072173,29.3807795666623,29.1977774003059,29.0342925281775,28.9747809016303,29.0045408944048,29.3313506129726,29.9623140023007,29.9426528277437,30.4624563909023,30.3400884721394,29.8344515860316,29.5733331796973,29.449941499166,29.5684002590573,30.2224836239616,30.4477796139247,30.3694695173139,29.671943624202,29.6768717503746,30.05074452682,29.8688911556633,29.8246096664975,29.8885659198648,29.7556907859056,29.4845056002677,29.3461817140249,29.6620866878218,29.6867273188382,29.775386440627,29.785232903706,29.7803097858312,29.6571578775531,29.5684002590573,29.6423700780649,29.7212146309145,29.8196883661623,30.094932359983,30.0065384149177,29.8049231025195,29.667015270028,29.7704628680627,29.6127883172604,29.4696937897153,29.4647560610483,29.3461817140249,29.3511249542619,29.2472685603494,29.242320482823,29.242320482823,29.2621114091025,29.3511249542619,29.1680716196875,29.1680716196875,29.1234973434636,29.1284509661644,28.9201991820813,28.940050336123,29.1482631431937,29.242320482823,29.2917908821956,29.1928270144785,29.0739483820717,29.2720054887278,29.1878763976491,29.3165174407562,29.3659532950663,29.6177191814719,29.3610107447515,29.1482631431937,29.0541223101622,28.9797414812012,29.1334043574566,29.1334043574566,29.019417755741,28.9698200896756,29.1284509661644,29.0243762452778,29.1135894037099,29.1334043574566,29.23242363567,29.2818986463425,29.4598181030883,29.1532156091641,29.0789043205857,28.8606233696602,28.7910758250633,28.7761668270904,28.7065636848157,28.7214825035015,28.7264549750173,28.7711966938393,28.8010139892131,28.8208875158601,28.8258553140296,28.8506908055119,28.9499745173891,29.0640358097506,29.103680537945,28.940050336123,28.7861063926706,29.0541223101622,28.9598977684891,28.8953800028402,28.9747809016303,29.2818986463425,29.0888155024772,28.9648590453057,28.8208875158601,28.9053083729833,28.8208875158601,28.9797414812012,29.0689922118039,29.1631198473796,29.23242363567,29.5239936805482,29.6029259036991,29.4746312891203,29.3610107447515,29.3264064524046,29.1383575173713,28.9648590453057,29.083860027377,29.1631198473796,29.1779744708596,29.173023160837,29.3610107447515,29.4548799158045,29.4400639777012,29.4548799158045,29.6423700780649,29.449941499166,29.2917908821956,29.2126271720896,29.257164023458,29.0789043205857,28.8556572041575,28.6369146594003,28.5124270015936,28.4625907807171,28.2630099036222,28.2080587813783,28.228044327915,28.2330401214815,28.1180768014564,28.1230778208426,28.0880656878123,28.0830630023446,27.9178405871461,27.9078187463413,27.9078187463413,27.7975152652541,27.8476675914376,27.7272616770383,27.8276095391327
30.1489149206362,30.2813021944153,30.3009012058606,30.4233138536706,29.8098450842037,29.5141230346309,29.227474865981,28.7115368584326,29.0491652125642,29.6029259036991,29.8639718977337,29.8639718977337,29.3066275082174,28.8556572041575,28.5970945819598,28.5921160160095,28.7562848918599,28.6020729131087,28.7861063926706,28.5174093287365,28.5124270015936,28.3528680933838,28.5174093287365,28.3378970521235,28.6020729131087,28.8258553140296,28.6717449129776,28.6816943046293,28.8159194843254,28.8705550013636,29.1383575173713,29.5289286601073,29.5141230346309,29.3214620616761,29.3016821965364,28.6418911132907,28.6568190680113,28.8059827210337,29.103680537945,29.1878763976491,29.5979943542878,29.5782658717225,29.6768717503746,29.4301855384466,29.3214620616761,29.0293345027462,29.3165174407562,29.5091873682112,29.8246096664975,29.3560679644938,29.0739483820717,29.3165174407562,29.4252459745708,29.4351248728131,29.6571578775531,29.3807795666623,29.2076774790804,28.8804857008759,29.2472685603494,29.3115725896136,28.9450125430426,28.6170064980665,28.6170064980665,28.8804857008759,28.930125224438,28.7960450239002,28.497478607949,28.497478607949,28.4027562043539,28.3778151016153,28.3927804716586,28.5423174353593,28.646867332668,28.3029563442362,28.3079485837934,28.607051009488,28.8109512193939,28.940050336123,29.0987257577298,29.1185434893225,29.2225258655088,29.3214620616761,29.3165174407562,29.1532156091641,29.3659532950663,29.3758377059907,29.5042514727762,29.217576634222,29.0144590341043,29.0342925281775,29.242320482823,29.4252459745708,30.0851144200226,30.2862022835847,30.4673482035432,30.4575643551052,30.3449858725725,29.671943624202,29.4993153482952,29.6078572246797,30.1292880515541,30.1292880515541,30.1783484729875,30.2224836239616,29.8344515860316,29.5141230346309,29.8049231025195,30.1292880515541,30.1194732660389,29.8934840441875,29.7606150407326,29.671943624202,29.775386440627,29.7458415937754,29.5190584720663,29.5387979325806,29.7556907859056,29.6768717503746,29.5634671097716,29.5585337318094,29.6325104041979,29.795078457589,29.8049231025195,29.7064357210951,30.0065384149177,29.9180712669515,30.0065384149177,29.8688911556633,29.4548799158045,29.4696937897153,29.4153661581674,29.4993153482952,29.3906625985796,29.3066275082174,29.385721197515,29.2472685603494,29.2522164072173,29.2522164072173,29.1532156091641,29.0293345027462,28.8854507011395,28.7711966938393,28.8208875158601,29.1829255497865,29.2917908821956,29.1878763976491,29.3165174407562,29.2917908821956,29.2522164072173,29.23242363567,29.2027275551628,29.4400639777012,29.5239936805482,29.2373721746069,29.0987257577298,29.0689922118039,29.0392503216033,29.103680537945,29.083860027377,29.009500080336,28.8059827210337,28.9598977684891,28.940050336123,28.9499745173891,29.0937707459177,29.242320482823,29.3511249542619,29.23242363567,29.1234973434636,29.019417755741,28.98470182842,28.8655893020517,28.7861063926706,28.6966166352573,28.6916427592519,28.7612557262559,28.6518433175642,28.7861063926706,28.7761668270904,28.7562848918599,28.8308228788658,29.0640358097506,29.0937707459177,29.0689922118039,28.7960450239002,28.7861063926706,28.9053083729833,29.0392503216033,28.9598977684891,29.0689922118039,29.0739483820717,28.8357902104004,28.8556572041575,28.9350878965987,28.8258553140296,28.9450125430426,28.9201991820813,29.1334043574566,29.1433104459398,29.2522164072173,29.3511249542619,29.5930625764153,29.4400639777012,29.3362945434113,29.1433104459398,29.0689922118039,29.009500080336,29.019417755741,29.0342925281775,29.1878763976491,29.1878763976491,29.3511249542619,29.3560679644938,29.3264064524046,29.3362945434113,29.4450028531419,29.3115725896136,29.242320482823,29.2522164072173,29.1433104459398,28.9698200896756,28.7463425217002,28.5622396876777,28.5323548983997,28.347877982722,28.258015532538,28.2680040377398,28.253020924455,28.218052029166,28.1280786023483,28.0930681351701,27.962927032733,27.9178405871461,27.982959239327,27.9028074670123,27.9028074670123,27.8225944265762,27.8025315774346,27.7874819207868,27.7523576505433
30.2616995948902,30.4282074523887,30.2862022835847,30.3694695173139,29.8836475688813,29.5141230346309,29.5338634107745,29.009500080336,29.2769521827709,29.8639718977337,30.0212758178786,30.0261878338035,29.6177191814719,29.0045408944048,28.5871372152255,28.5821581795757,28.5921160160095,28.7165097979839,28.7861063926706,28.5572594772178,28.2330401214815,28.3578579676639,28.4177180330437,28.372826172538,28.8308228788658,29.1977774003059,28.8904154684503,29.0689922118039,29.0342925281775,29.0888155024772,29.5141230346309,30.0310996239144,29.7409166564112,29.385721197515,29.2967366545395,28.8258553140296,28.7662263269051,28.9251623196095,29.1086350865945,29.4203061811547,29.257164023458,29.6916547611904,29.6965819756635,29.6177191814719,29.3610107447515,29.1829255497865,29.1383575173713,29.3214620616761,29.5782658717225,29.4054854233555,29.3066275082174,29.2818986463425,29.3362945434113,29.4450028531419,29.667015270028,29.449941499166,29.3511249542619,28.8804857008759,28.9350878965987,29.083860027377,28.940050336123,28.7910758250633,28.8407573086651,28.8010139892131,28.8010139892131,28.5970945819598,28.4077437165986,28.347877982722,28.223048297154,28.3778151016153,28.3229238825521,28.347877982722,28.4227048373089,28.327915175609,28.1380794518489,28.4924953392214,28.7165097979839,28.9350878965987,28.9450125430426,28.9598977684891,29.3264064524046,29.3412382437518,29.2818986463425,29.217576634222,29.2373721746069,29.2868448794737,29.385721197515,29.242320482823,29.3264064524046,29.2720054887278,29.4351248728131,29.5091873682112,29.844292597587,30.4722397930578,30.5504749042066,30.3400884721394,30.3498830491376,29.9180712669515,29.6768717503746,29.5585337318094,29.9573990480468,30.109657579554,29.8639718977337,30.109657579554,30.3449858725725,30.0065384149177,29.7901557942818,30.0114511084659,30.2175806171496,30.2469952894203,30.0998409918593,30.0752955782511,30.045833639664,30.0900235027141,29.671943624202,29.3610107447515,29.4054854233555,29.55360012514,29.5585337318094,29.5486662897325,29.6029259036991,29.7901557942818,29.9917989785445,29.8049231025195,29.785232903706,29.795078457589,29.8836475688813,29.8590524129916,29.8541327014066,29.7064357210951,29.5831983351633,29.5486662897325,29.5338634107745,29.3461817140249,29.257164023458,29.2917908821956,29.2769521827709,29.242320482823,29.019417755741,28.8705550013636,28.8804857008759,28.7811367266903,28.7264549750173,29.1581678438823,29.1829255497865,29.3165174407562,29.242320482823,29.3115725896136,29.1928270144785,29.0739483820717,29.2670585641821,29.3264064524046,29.3560679644938,29.1086350865945,29.1383575173713,29.0937707459177,29.0491652125642,28.8953800028402,29.0045408944048,28.9251623196095,28.8755204676278,28.9747809016303,28.9201991820813,28.9747809016303,28.9598977684891,29.103680537945,29.2472685603494,29.083860027377,29.1482631431937,28.98470182842,28.9797414812012,28.9102722087998,28.7861063926706,28.8109512193939,28.7214825035015,28.6966166352573,28.7463425217002,28.8109512193939,28.7065636848157,28.8308228788658,28.8010139892131,28.7711966938393,28.8655893020517,28.9747809016303,28.8556572041575,28.8159194843254,28.9350878965987,28.930125224438,29.0590791758805,28.9201991820813,28.9053083729833,28.7214825035015,28.8357902104004,28.8457241736917,28.8705550013636,28.9251623196095,29.2076774790804,29.1086350865945,29.3264064524046,29.3313506129726,29.5141230346309,29.4203061811547,29.3115725896136,29.3610107447515,29.1779744708596,28.98470182842,28.9797414812012,28.9499745173891,28.9797414812012,29.0392503216033,29.173023160837,29.23242363567,29.3560679644938,29.257164023458,29.1680716196875,29.3807795666623,29.2720054887278,29.1581678438823,29.0789043205857,28.9499745173891,28.9499745173891,28.7463425217002,28.5572594772178,28.4276914056455,28.2729979349236,28.2630099036222,28.2979638679726,28.223048297154,28.228044327915,28.2330401214815,27.9579183838364,28.0280177375547,27.9228511486881,27.9479003691149,27.7573761241401,27.7523576505433,27.7322813525865,27.7071805696107,27.7222417610001,27.7172216044382
29.8738101868109,30.2469952894203,30.3988425085929,30.4282074523887,30.2666005812584,29.8984019418799,29.7015089622882,29.4993153482952,29.3659532950663,30.0556551883126,30.3351908478087,30.1636327091878,29.7507663035967,29.0045408944048,28.6319379709646,28.7264549750173,28.7363992161709,29.0541223101622,29.2967366545395,28.5871372152255,28.3877922511433,28.497478607949,28.8606233696602,28.7413709858727,29.2670585641821,29.242320482823,29.4450028531419,29.6029259036991,29.6571578775531,29.5437322255563,30.1636327091878,30.3792614089673,30.0212758178786,29.5141230346309,29.2027275551628,28.8854507011395,29.019417755741,28.8010139892131,29.019417755741,29.3807795666623,29.5387979325806,29.5684002590573,29.7162885553777,29.7162885553777,29.7606150407326,29.7704628680627,29.3511249542619,29.55360012514,29.5684002590573,29.55360012514,29.3362945434113,29.2373721746069,29.227474865981,29.3165174407562,29.5091873682112,29.6374403552393,29.6620866878218,29.5091873682112,29.1433104459398,29.1928270144785,29.0987257577298,29.173023160837,28.9946218259274,29.2076774790804,28.8755204676278,28.8755204676278,28.5572594772178,28.3678370072086,28.3229238825521,28.3828037944729,28.3179323529188,28.3378970521235,28.3229238825521,28.327915175609,28.3179323529188,28.327915175609,28.6269610479519,29.103680537945,29.1135894037099,29.1284509661644,29.4351248728131,29.3906625985796,29.257164023458,29.2621114091025,29.3115725896136,29.5042514727762,29.4993153482952,29.4351248728131,29.4548799158045,29.2522164072173,29.3016821965364,29.6423700780649,29.8541327014066,30.2960017892775,30.3988425085929,30.4233138536706,30.3155981109145,30.3596767307832,29.8984019418799,29.5930625764153,29.7064357210951,29.8000008936581,29.8098450842037,29.775386440627,29.8147668387412,30.2764018809912,30.364573235923,30.2813021944153,30.4135259860258,30.4184200315594,30.5064746746021,30.2469952894203,30.1881578577246,30.0752955782511,30.0212758178786,29.8049231025195,29.6226498173448,29.8344515860316,29.7606150407326,29.7803097858312,29.8787289912069,29.8984019418799,30.0802051118783,29.795078457589,29.8147668387412,29.8738101868109,29.8492127629486,29.6620866878218,29.6620866878218,29.7015089622882,29.5684002590573,29.6029259036991,29.5881305700507,29.3165174407562,29.2670585641821,29.2522164072173,29.2522164072173,29.0937707459177,28.9102722087998,28.7761668270904,28.8854507011395,28.7214825035015,28.8854507011395,29.173023160837,29.2917908821956,29.2818986463425,29.3214620616761,29.2670585641821,29.3264064524046,29.2769521827709,29.4104259055781,29.5782658717225,29.3560679644938,29.1482631431937,29.0987257577298,29.1433104459398,28.940050336123,28.9896619433183,28.915235811822,28.8804857008759,28.9350878965987,29.009500080336,28.9598977684891,28.9251623196095,28.9350878965987,29.0293345027462,29.1284509661644,29.1185434893225,29.0987257577298,28.9499745173891,28.8109512193939,28.8755204676278,28.8556572041575,28.9698200896756,28.7711966938393,28.6369146594003,28.7264549750173,28.8059827210337,28.8059827210337,28.7761668270904,28.6319379709646,28.8705550013636,28.8556572041575,28.8556572041575,28.8755204676278,28.8705550013636,28.9747809016303,29.1086350865945,29.1185434893225,29.217576634222,29.0789043205857,28.8407573086651,28.8457241736917,28.8357902104004,28.7115368584326,28.9251623196095,28.9450125430426,28.9747809016303,29.2522164072173,29.2967366545395,29.385721197515,29.3362945434113,29.400544711469,29.3264064524046,29.257164023458,29.0987257577298,29.0689922118039,28.9995814762791,28.9995814762791,29.2076774790804,29.2472685603494,29.3165174407562,29.3313506129726,29.3461817140249,29.3412382437518,29.0937707459177,29.1878763976491,29.3066275082174,29.0937707459177,28.8407573086651,28.9549362591941,28.7363992161709,28.6418911132907,28.5472983510907,28.4227048373089,28.3378970521235,28.3229238825521,28.372826172538,28.2979638679726,28.0830630023446,27.9428910032239,28.043032942706,28.0280177375547,27.9278614710339,27.8526815051994,27.9679354426974,27.8727347639835,27.8426534379831,27.7573761241401,27.812563481855
29.6768717503746,29.8639718977337,30.2567983841477,30.364573235923,30.1783484729875,30.0703858191111,29.8836475688813,29.7015089622882,29.8000008936581,30.05074452682,30.4184200315594,30.3400884721394,30.0163635761093,29.3115725896136,28.6966166352573,28.5672196631112,28.7811367266903,29.3016821965364,29.4400639777012,28.9499745173891,28.372826172538,28.8308228788658,29.1680716196875,29.2720054887278,29.242320482823,29.3758377059907,29.5437322255563,29.6472995727053,29.6620866878218,29.8934840441875,30.1685381887201,30.4379939797648,29.9229880319466,30.094932359983,29.2076774790804,28.8854507011395,28.9995814762791,28.9201991820813,29.0293345027462,29.4104259055781,29.5387979325806,29.5634671097716,29.5486662897325,29.6620866878218,29.9475684607986,29.8147668387412,29.4400639777012,29.4746312891203,29.5289286601073,29.5289286601073,29.4450028531419,29.3066275082174,29.3313506129726,29.2967366545395,29.4153661581674,29.5387979325806,29.6522288391912,29.6226498173448,29.1086350865945,29.044207883055,28.9896619433183,29.3412382437518,29.3362945434113,29.3758377059907,29.2027275551628,28.8804857008759,28.6916427592519,28.3678370072086,28.4875118350172,28.5970945819598,28.332906232122,28.3877922511433,28.3528680933838,28.332906232122,28.3179323529188,28.5174093287365,28.6269610479519,29.1135894037099,29.1135894037099,29.103680537945,29.4252459745708,29.3264064524046,29.2373721746069,29.23242363567,29.2373721746069,29.4943789947374,29.370895615469,29.4301855384466,29.8590524129916,29.6620866878218,29.257164023458,29.4301855384466,29.8639718977337,30.5846848369351,30.5749116829746,30.3547800018646,30.1194732660389,30.4233138536706,29.8738101868109,29.7015089622882,29.4993153482952,29.4647560610483,29.671943624202,29.5930625764153,29.6571578775531,29.7803097858312,30.0900235027141,30.6774854603372,30.657955149547,30.5064746746021,30.6042284760713,30.848224466452,30.5553627050914,30.3596767307832,30.1832532777823,29.8000008936581,29.7113622521147,29.7704628680627,29.8393722052915,29.9180712669515,29.8738101868109,29.8787289912069,29.8541327014066,29.9426528277437,29.7901557942818,29.6620866878218,29.6571578775531,29.6620866878218,29.7261404787557,29.6768717503746,29.4795685592941,29.4696937897153,29.4746312891203,29.3412382437518,29.3362945434113,29.3016821965364,29.0789043205857,28.9499745173891,28.8556572041575,28.7413709858727,28.7861063926706,28.8904154684503,28.98470182842,29.2027275551628,29.1829255497865,29.2373721746069,29.2522164072173,29.3066275082174,29.3956037698873,29.400544711469,29.5782658717225,29.5387979325806,29.227474865981,29.1383575173713,29.3511249542619,29.1878763976491,29.044207883055,28.9598977684891,28.9201991820813,28.9549362591941,28.9946218259274,28.9995814762791,28.9450125430426,28.940050336123,28.9350878965987,29.1234973434636,29.1383575173713,29.1928270144785,29.1433104459398,29.083860027377,29.0045408944048,28.930125224438,28.9648590453057,28.8606233696602,28.7662263269051,28.6717449129776,28.7264549750173,28.6816943046293,28.8010139892131,28.7562848918599,28.7960450239002,28.7711966938393,28.7463425217002,28.7314272125631,28.7363992161709,28.8556572041575,29.0045408944048,29.1383575173713,29.2522164072173,29.1532156091641,29.0541223101622,28.8953800028402,28.9251623196095,29.0144590341043,28.7363992161709,28.9053083729833,29.1185434893225,29.1284509661644,29.257164023458,29.2720054887278,29.2472685603494,29.3313506129726,29.3214620616761,29.1086350865945,29.1185434893225,29.1135894037099,29.0888155024772,28.9350878965987,28.9747809016303,28.9549362591941,29.1631198473796,29.1284509661644,29.2522164072173,29.3412382437518,29.0888155024772,29.0987257577298,29.173023160837,29.1532156091641,28.9450125430426,28.9549362591941,28.7711966938393,28.7711966938393,28.5970945819598,28.4027562043539,28.4177180330437,28.4027562043539,28.372826172538,28.258015532538,28.327915175609,28.2030618015135,28.0530418873914,28.1030723156867,27.9579183838364,27.9779515459613,27.9579183838364,27.9779515459613,27.9428910032239,27.8677218086608,27.9028074670123,27.8075476496238
29.4943789947374,29.8688911556633,30.1538210751758,30.2224836239616,30.4184200315594,29.9426528277437,29.9082370574946,29.6374403552393,29.9377369683613,30.2224836239616,30.3351908478087,30.4282074523887,30.001625495435,29.3807795666623,28.6816943046293,28.7115368584326,28.9350878965987,29.2967366545395,29.2720054887278,28.607051009488,28.497478607949,28.7165097979839,29.1433104459398,29.5141230346309,29.3807795666623,29.2818986463425,29.3016821965364,29.4696937897153,29.6472995727053,29.8590524129916,30.1538210751758,30.197966343171,30.109657579554,30.3939475690725,29.3165174407562,28.9102722087998,28.9102722087998,29.0888155024772,29.23242363567,29.4054854233555,29.4598181030883,29.671943624202,29.7162885553777,29.5782658717225,30.1440085410342,29.9868853810766,29.5486662897325,29.3461817140249,29.2818986463425,29.1135894037099,29.2967366545395,29.400544711469,29.4203061811547,29.4351248728131,29.5042514727762,29.5930625764153,29.6620866878218,29.7113622521147,28.9896619433183,28.8258553140296,29.0689922118039,29.2076774790804,29.4203061811547,29.3412382437518,29.5338634107745,29.173023160837,28.7562848918599,28.7513138236853,28.646867332668,28.607051009488,28.5273732771074,28.3079485837934,28.332906232122,28.2929711549704,28.3528680933838,28.4875118350172,28.5622396876777,29.1185434893225,29.1135894037099,29.2126271720896,29.1135894037099,29.1334043574566,29.2126271720896,29.3264064524046,29.1928270144785,29.3412382437518,29.3610107447515,29.4054854233555,29.6226498173448,29.7212146309145,29.4400639777012,29.4400639777012,29.5289286601073,30.3498830491376,30.5602502833811,30.2715013432821,30.0360111882413,29.927904570493,30.1194732660389,29.6965819756635,29.4598181030883,29.5190584720663,29.7507663035967,29.785232903706,29.6029259036991,29.6423700780649,29.795078457589,30.2960017892775,30.7018933571882,30.7116549637269,30.4379939797648,30.4428869084819,30.5700247722933,30.3596767307832,30.0409225268145,29.9377369683613,29.775386440627,29.8196883661623,29.9623140023007,30.0114511084659,29.927904570493,29.8688911556633,29.9524838675562,29.8196883661623,29.795078457589,29.7704628680627,29.667015270028,29.6768717503746,29.6522288391912,29.7162885553777,29.5930625764153,29.3313506129726,29.2720054887278,29.5486662897325,29.2720054887278,29.2472685603494,29.0888155024772,28.8159194843254,28.7115368584326,28.7165097979839,28.7115368584326,28.7711966938393,29.1482631431937,29.1532156091641,29.1383575173713,29.2076774790804,29.0987257577298,29.2027275551628,29.2373721746069,29.3313506129726,29.5042514727762,29.3956037698873,29.1086350865945,29.1334043574566,29.2769521827709,29.0491652125642,29.0541223101622,28.915235811822,28.8010139892131,28.8705550013636,28.8953800028402,29.009500080336,28.9797414812012,28.9995814762791,29.1135894037099,29.3214620616761,29.257164023458,29.2868448794737,29.1631198473796,29.1928270144785,28.9499745173891,28.8258553140296,28.8556572041575,28.8059827210337,28.7115368584326,28.7115368584326,28.7513138236853,28.7711966938393,28.6966166352573,28.7562848918599,28.6020729131087,28.5821581795757,28.5672196631112,28.5921160160095,28.7463425217002,28.8804857008759,29.0392503216033,29.1334043574566,29.173023160837,29.0689922118039,29.044207883055,29.0937707459177,29.1581678438823,28.9648590453057,28.9251623196095,28.9499745173891,29.0392503216033,29.044207883055,29.0987257577298,28.9995814762791,29.1086350865945,29.0045408944048,29.2373721746069,29.1878763976491,29.0689922118039,29.0987257577298,28.9499745173891,28.9450125430426,28.8854507011395,28.915235811822,29.019417755741,29.1532156091641,29.2225258655088,29.2472685603494,29.1135894037099,29.1680716196875,29.0937707459177,29.083860027377,28.8357902104004,28.7910758250633,28.7960450239002,28.6170064980665,28.607051009488,28.4127309928177,28.372826172538,28.4127309928177,28.2030618015135,28.2480260793404,28.223048297154,28.228044327915,28.1180768014564,28.1830715081525,27.9779515459613,28.0029876251156,27.9428910032239,27.7724301033211,27.8426534379831,27.8276095391327,27.8526815051994,27.8326244118639
29.6374403552393,29.6374403552393,30.1538210751758,30.2567983841477,30.4331008277436,29.9131542754777,29.9426528277437,29.9328208826212,29.977057507944,30.1489149206362,30.3694695173139,30.3988425085929,30.2322889637756,29.6275802249099,29.3610107447515,29.3511249542619,29.5684002590573,29.7310660989319,29.2868448794737,28.6269610479519,28.6170064980665,28.7811367266903,29.2670585641821,29.385721197515,29.5141230346309,29.3461817140249,29.2126271720896,29.3610107447515,29.8196883661623,29.9377369683613,29.9475684607986,29.9917989785445,30.1243807714027,30.3302929995506,29.6423700780649,29.103680537945,29.0045408944048,29.2373721746069,29.4795685592941,29.6472995727053,29.6768717503746,29.7015089622882,29.7212146309145,29.7162885553777,30.0065384149177,30.1685381887201,29.9573990480468,29.400544711469,28.9598977684891,29.0243762452778,29.2027275551628,29.4450028531419,29.4203061811547,29.4450028531419,29.5930625764153,29.7162885553777,29.7310660989319,29.7310660989319,29.1878763976491,28.9201991820813,28.9598977684891,29.173023160837,29.5190584720663,29.4252459745708,29.4746312891203,29.370895615469,29.0045408944048,28.9995814762791,28.5921160160095,28.5821581795757,28.7612557262559,28.6020729131087,28.4476353203531,28.258015532538,28.3229238825521,28.4426496954073,28.6219838903298,28.7861063926706,28.9698200896756,29.103680537945,28.98470182842,29.1185434893225,29.0342925281775,29.1334043574566,29.2373721746069,29.3264064524046,29.3115725896136,29.4203061811547,29.5585337318094,29.6768717503746,29.7409166564112,29.5042514727762,29.3807795666623,29.927904570493,30.2862022835847,30.3890524059812,30.0654758344281,29.8934840441875,29.9868853810766,30.0310996239144,29.7704628680627,29.6817996485765,29.671943624202,29.8836475688813,29.7458415937754,29.6029259036991,29.844292597587,30.2715013432821,30.4869132231383,30.6481886624036,30.5700247722933,30.3841570192894,30.4233138536706,30.3204966311333,30.1685381887201,29.9917989785445,29.8492127629486,29.927904570493,30.0310996239144,29.9180712669515,29.9917989785445,29.8836475688813,29.9573990480468,29.8295307397771,29.795078457589,29.8000008936581,29.6522288391912,29.7704628680627,29.7113622521147,29.7704628680627,29.5979943542878,29.4598181030883,29.2868448794737,29.3016821965364,29.3758377059907,29.3115725896136,29.2472685603494,28.8804857008759,28.6866686490532,28.6816943046293,28.7612557262559,28.98470182842,29.1433104459398,29.1680716196875,29.2621114091025,29.1482631431937,29.0888155024772,29.0987257577298,29.2621114091025,29.3313506129726,29.4252459745708,29.2917908821956,29.1383575173713,29.0491652125642,29.0937707459177,28.9946218259274,29.083860027377,29.0293345027462,28.8606233696602,28.8804857008759,28.9450125430426,28.98470182842,29.1631198473796,29.1334043574566,29.217576634222,29.3165174407562,29.1829255497865,29.1631198473796,29.1581678438823,28.9549362591941,28.9648590453057,28.9201991820813,28.6816943046293,28.7214825035015,28.6170064980665,28.7463425217002,28.6568190680113,28.7165097979839,28.7562848918599,28.7413709858727,28.5771789090283,28.5821581795757,28.4675754627885,28.4675754627885,28.7314272125631,28.8854507011395,29.0293345027462,29.044207883055,29.1482631431937,28.9995814762791,28.9946218259274,29.0392503216033,28.940050336123,29.009500080336,28.9648590453057,29.0342925281775,29.0392503216033,29.0045408944048,28.9946218259274,29.0243762452778,28.8804857008759,28.9003443043406,29.0937707459177,29.0937707459177,29.1234973434636,29.217576634222,28.9251623196095,28.9201991820813,28.9450125430426,29.019417755741,29.0541223101622,28.9896619433183,29.242320482823,29.242320482823,29.1779744708596,29.0937707459177,29.1581678438823,29.0392503216033,28.8804857008759,28.9251623196095,28.6219838903298,28.607051009488,28.5672196631112,28.4526207095317,28.4376638346625,28.342887635646,28.2430309971616,28.2480260793404,28.3628476055947,28.1830715081525,28.1580782977234,27.9979808867536,27.9428910032239,27.9679354426974,27.9979808867536,27.8777474797793,27.9729436137625,27.8627086137778,27.8426534379831,27.7975152652541
29.9917989785445,29.9868853810766,30.1538210751758,30.0163635761093,30.1489149206362,29.9033196129721,30.1391019363398,29.9131542754777,29.8934840441875,30.0556551883126,30.1538210751758,30.1930622128441,30.3253949273354,30.0605656241719,29.7556907859056,29.7064357210951,29.8344515860316,29.9475684607986,29.4054854233555,28.8208875158601,28.676719725948,28.9747809016303,29.1631198473796,29.2868448794737,29.3016821965364,29.3511249542619,29.2967366545395,29.6916547611904,29.8246096664975,29.967228730348,29.9475684607986,30.0654758344281,30.1538210751758,30.1685381887201,29.6423700780649,29.1631198473796,29.1284509661644,29.4647560610483,29.7409166564112,29.7606150407326,29.7212146309145,29.7606150407326,29.4894424120718,29.4647560610483,29.4696937897153,29.7507663035967,29.8246096664975,29.6423700780649,29.1977774003059,28.9003443043406,28.9995814762791,29.2967366545395,29.4054854233555,29.4054854233555,29.3758377059907,29.4252459745708,29.6275802249099,29.6768717503746,29.3659532950663,28.9499745173891,28.9251623196095,28.9648590453057,29.103680537945,29.217576634222,29.23242363567,29.227474865981,28.9896619433183,28.7612557262559,28.4725599092219,28.4725599092219,28.8606233696602,28.6269610479519,28.4625907807171,28.3528680933838,28.3828037944729,28.4924953392214,28.6269610479519,28.7214825035015,28.7413709858727,28.9350878965987,28.9450125430426,29.0293345027462,28.9450125430426,28.9747809016303,29.227474865981,29.257164023458,29.2670585641821,29.5634671097716,29.5930625764153,29.7606150407326,29.667015270028,29.6423700780649,29.6078572246797,29.5684002590573,29.8492127629486,30.3792614089673,30.0212758178786,29.9180712669515,29.8393722052915,30.0556551883126,30.0310996239144,29.8984019418799,29.8984019418799,29.8639718977337,29.9524838675562,29.785232903706,29.9967123499873,30.3596767307832,30.109657579554,30.3890524059812,30.8725936400776,30.6433050857922,30.4771311594754,30.3253949273354,30.0654758344281,29.972143232219,30.0409225268145,30.0163635761093,29.9917989785445,30.0065384149177,29.8738101868109,29.9819715575531,29.8000008936581,29.9573990480468,29.8541327014066,29.8098450842037,29.7458415937754,29.7409166564112,29.7261404787557,29.7212146309145,29.6226498173448,29.4301855384466,29.2769521827709,29.23242363567,29.2670585641821,29.3758377059907,29.2126271720896,29.0640358097506,28.8705550013636,28.7662263269051,28.7711966938393,29.1086350865945,29.1334043574566,29.1234973434636,29.0590791758805,28.9053083729833,29.1086350865945,29.2917908821956,29.2917908821956,29.3906625985796,29.5338634107745,29.385721197515,29.3165174407562,29.1234973434636,29.0789043205857,28.9698200896756,29.044207883055,28.9648590453057,28.9450125430426,29.0144590341043,29.0739483820717,29.242320482823,29.217576634222,29.1185434893225,29.227474865981,29.1581678438823,29.2720054887278,29.044207883055,29.0937707459177,28.9598977684891,28.9201991820813,28.8655893020517,28.7960450239002,28.7165097979839,28.7065636848157,28.6269610479519,28.7115368584326,28.7314272125631,28.7314272125631,28.6269610479519,28.6319379709646,28.5821581795757,28.4725599092219,28.4077437165986,28.6518433175642,28.5821581795757,28.8556572041575,28.8804857008759,28.8705550013636,28.8854507011395,28.9102722087998,29.0243762452778,28.9053083729833,29.019417755741,28.8407573086651,28.9053083729833,28.8357902104004,29.019417755741,28.9053083729833,28.8705550013636,28.8705550013636,28.8755204676278,28.9102722087998,28.8904154684503,29.0689922118039,29.1829255497865,29.1581678438823,28.915235811822,28.9797414812012,29.009500080336,29.009500080336,29.1185434893225,29.1334043574566,29.1532156091641,29.0541223101622,29.1532156091641,29.0937707459177,29.1135894037099,29.083860027377,28.8705550013636,28.61202887113,28.5821581795757,28.6170064980665,28.4426496954073,28.4426496954073,28.3578579676639,28.253020924455,28.1730749366739,28.228044327915,28.2330401214815,28.0530418873914,28.048037534235,28.0530418873914,28.0230121922066,28.0880656878123,27.8576951793018,27.9378813982687,27.8777474797793,27.7573761241401,27.7523576505433
29.795078457589,29.9868853810766,29.9967123499873,29.8934840441875,29.7310660989319,29.8836475688813,30.1832532777823,30.158727004683,29.7507663035967,30.0752955782511,30.2077739295662,29.8196883661623,30.0851144200226,30.0654758344281,30.0998409918593,29.7606150407326,29.7310660989319,29.8492127629486,29.55360012514,29.2818986463425,29.4746312891203,29.3659532950663,29.2967366545395,29.2720054887278,29.3066275082174,29.2126271720896,29.5042514727762,29.8246096664975,29.9229880319466,29.8590524129916,30.0360111882413,30.094932359983,29.9377369683613,29.8836475688813,29.6522288391912,29.3758377059907,29.3313506129726,29.2670585641821,29.6620866878218,29.7803097858312,29.5486662897325,29.5930625764153,29.5881305700507,29.4943789947374,29.775386440627,29.5437322255563,29.4054854233555,29.7507663035967,29.5979943542878,29.2076774790804,28.8705550013636,29.0689922118039,29.3115725896136,29.2126271720896,29.2373721746069,29.3610107447515,29.5289286601073,29.4993153482952,29.3165174407562,28.9598977684891,28.7861063926706,28.8457241736917,28.9201991820813,28.9698200896756,29.0789043205857,28.9499745173891,28.7562848918599,28.4775441200496,28.4775441200496,28.5672196631112,28.6369146594003,28.7910758250633,28.4376638346625,28.3528680933838,28.4725599092219,28.6319379709646,28.6418911132907,28.8506908055119,28.6568190680113,28.6966166352573,29.1135894037099,29.1086350865945,28.8655893020517,28.7165097979839,28.9946218259274,29.227474865981,29.2967366545395,29.5831983351633,29.4301855384466,29.5486662897325,29.7655390681081,29.2818986463425,29.4351248728131,29.5387979325806,30.045833639664,30.0998409918593,30.0900235027141,29.8984019418799,29.967228730348,29.844292597587,29.8492127629486,29.927904570493,29.9328208826212,29.8541327014066,30.0752955782511,30.1145655354327,29.967228730348,30.0998409918593,30.1145655354327,30.0998409918593,30.5064746746021,30.4966943947684,30.3939475690725,30.2420934053758,30.158727004683,29.9524838675562,29.9623140023007,29.9868853810766,29.9868853810766,29.8590524129916,29.9377369683613,29.8393722052915,29.8787289912069,29.8492127629486,29.9426528277437,29.9082370574946,29.775386440627,29.775386440627,29.8098450842037,29.5437322255563,29.4746312891203,29.4252459745708,29.1928270144785,29.23242363567,29.1680716196875,29.2225258655088,29.2670585641821,29.1334043574566,29.044207883055,28.9201991820813,28.7314272125631,28.7612557262559,28.7513138236853,28.9251623196095,28.9350878965987,28.8655893020517,29.083860027377,29.2027275551628,29.173023160837,29.3511249542619,29.4400639777012,29.370895615469,29.217576634222,29.1234973434636,28.9350878965987,29.009500080336,29.1234973434636,28.8109512193939,28.7960450239002,28.8854507011395,29.1284509661644,29.1680716196875,29.3016821965364,29.173023160837,29.1928270144785,29.2670585641821,29.0789043205857,28.8953800028402,28.9251623196095,28.8755204676278,28.8109512193939,28.7314272125631,28.7761668270904,28.7711966938393,28.8755204676278,28.7314272125631,28.6816943046293,28.666769865686,28.6816943046293,28.6219838903298,28.5273732771074,28.4924953392214,28.6219838903298,28.7165097979839,28.5970945819598,28.4227048373089,28.6369146594003,28.6418911132907,28.5223914205637,28.6170064980665,28.7264549750173,28.8159194843254,28.7960450239002,28.8159194843254,28.8010139892131,28.7960450239002,28.8755204676278,29.0342925281775,28.9995814762791,28.9598977684891,28.7960450239002,28.8606233696602,28.8705550013636,28.9350878965987,29.044207883055,29.103680537945,29.0640358097506,29.083860027377,29.0293345027462,28.930125224438,28.8606233696602,28.9946218259274,28.9003443043406,29.0541223101622,29.0888155024772,29.0243762452778,29.103680537945,28.940050336123,28.930125224438,28.6319379709646,28.4625907807171,28.4526207095317,28.4376638346625,28.3877922511433,28.3578579676639,28.2979638679726,28.2380356778862,28.2480260793404,28.1580782977234,28.1080740489112,28.0780600787342,28.0930681351701,27.8877721929225,27.9078187463413,27.9278614710339,27.6720293663216,27.8276095391327,27.837639044803,27.7021596912783,27.7523576505433
30.001625495435,29.8049231025195,29.785232903706,30.001625495435,29.7458415937754,29.7162885553777,30.1832532777823,30.0556551883126,29.8934840441875,30.0409225268145,30.0065384149177,30.001625495435,30.05074452682,30.2175806171496,30.2371912968375,30.1538210751758,29.9328208826212,29.7064357210951,29.5486662897325,29.5387979325806,29.8196883661623,29.8738101868109,29.5979943542878,29.3115725896136,29.1680716196875,29.3264064524046,29.55360012514,29.6817996485765,29.8196883661623,30.0802051118783,30.109657579554,29.9623140023007,29.6325104041979,29.4696937897153,29.4696937897153,29.6423700780649,29.5141230346309,29.671943624202,29.671943624202,29.7556907859056,29.4993153482952,29.4845056002677,29.5733331796973,29.795078457589,29.6127883172604,29.3956037698873,29.2027275551628,29.400544711469,29.5634671097716,29.2868448794737,28.9747809016303,28.9598977684891,29.0144590341043,29.257164023458,29.3758377059907,29.3906625985796,29.4104259055781,29.4301855384466,29.3016821965364,28.9499745173891,28.8407573086651,28.8705550013636,29.1482631431937,28.9053083729833,28.940050336123,28.7612557262559,28.7562848918599,28.3828037944729,28.4775441200496,28.7662263269051,28.8109512193939,28.8606233696602,28.8159194843254,28.497478607949,28.4326777380859,28.6916427592519,28.8208875158601,28.7711966938393,28.6518433175642,28.8854507011395,29.1135894037099,29.1680716196875,28.9251623196095,28.676719725948,28.9251623196095,29.103680537945,29.3412382437518,29.3066275082174,29.1532156091641,29.4301855384466,29.9180712669515,29.4252459745708,29.1234973434636,29.4104259055781,30.109657579554,29.8787289912069,30.094932359983,29.8934840441875,30.0605656241719,29.8344515860316,30.0261878338035,30.1243807714027,30.0163635761093,30.0605656241719,30.05074452682,30.0605656241719,29.8344515860316,29.9475684607986,29.9475684607986,29.8098450842037,30.2666005812584,30.3400884721394,30.3400884721394,30.3155981109145,29.9967123499873,30.0654758344281,30.0261878338035,29.9623140023007,29.9328208826212,29.8196883661623,29.9033196129721,29.9328208826212,29.844292597587,29.8787289912069,29.8836475688813,29.7359914914735,29.795078457589,29.7064357210951,29.8295307397771,29.7261404787557,29.6522288391912,29.3412382437518,29.2472685603494,29.1928270144785,29.3956037698873,29.242320482823,29.1878763976491,29.1878763976491,29.1977774003059,29.1878763976491,28.9598977684891,28.7612557262559,28.7861063926706,28.9102722087998,28.7413709858727,28.6319379709646,28.8606233696602,28.9946218259274,29.0739483820717,29.173023160837,29.1779744708596,29.3461817140249,29.1829255497865,29.1581678438823,29.0590791758805,29.1135894037099,29.1334043574566,29.1284509661644,28.9946218259274,29.0590791758805,29.1631198473796,29.227474865981,29.3362945434113,29.2769521827709,29.2868448794737,29.2967366545395,29.2225258655088,29.1829255497865,29.0243762452778,28.9549362591941,28.8854507011395,28.7761668270904,28.7562848918599,28.7612557262559,28.8506908055119,28.8059827210337,28.7711966938393,28.7363992161709,28.7513138236853,28.6319379709646,28.5970945819598,28.5672196631112,28.7314272125631,28.9350878965987,28.8556572041575,28.5871372152255,28.5622396876777,28.5024616412321,28.607051009488,28.5871372152255,28.9053083729833,28.8357902104004,28.8556572041575,28.7960450239002,28.8059827210337,28.98470182842,29.1680716196875,29.019417755741,29.019417755741,29.0243762452778,28.8556572041575,28.8556572041575,28.7562848918599,28.8953800028402,29.1185434893225,29.1086350865945,29.1185434893225,29.1334043574566,29.1334043574566,29.0392503216033,28.9598977684891,29.0342925281775,29.019417755741,28.9648590453057,29.0987257577298,29.0987257577298,29.0739483820717,29.0689922118039,28.9747809016303,28.9201991820813,28.646867332668,28.5323548983997,28.4326777380859,28.3678370072086,28.2729979349236,28.3378970521235,28.2829850186196,28.2929711549704,28.1680762946208,28.253020924455,28.1880694376433,28.1230778208426,28.0780600787342,28.1130755441568,27.9028074670123,27.9428910032239,27.9679354426974,27.9078187463413,28.0079941248089,27.7623943574465
29.4104259055781,29.5831983351633,29.3610107447515,29.5289286601073,29.8836475688813,29.5979943542878,29.671943624202,29.7113622521147,29.6571578775531,29.8688911556633,29.6867273188382,29.8147668387412,29.972143232219,30.2616995948902,30.1832532777823,29.972143232219,29.8344515860316,29.3956037698873,29.3956037698873,29.6472995727053,29.8196883661623,30.0114511084659,29.8196883661623,29.3412382437518,29.6620866878218,29.5782658717225,29.4894424120718,29.3165174407562,29.844292597587,29.8836475688813,29.8000008936581,29.8688911556633,29.5239936805482,29.2522164072173,29.1581678438823,29.4301855384466,29.5239936805482,29.6522288391912,29.6275802249099,29.7409166564112,29.4943789947374,29.3560679644938,29.6029259036991,29.7310660989319,29.8541327014066,29.5289286601073,29.4054854233555,29.0689922118039,29.1928270144785,28.8457241736917,28.8705550013636,29.0342925281775,29.103680537945,29.2522164072173,29.3956037698873,29.3807795666623,29.4450028531419,29.3066275082174,29.23242363567,28.9499745173891,28.6966166352573,28.9648590453057,28.9450125430426,28.8258553140296,28.646867332668,28.5821581795757,28.7513138236853,28.497478607949,28.4875118350172,28.7015902771012,28.7562848918599,28.7463425217002,28.8159194843254,28.8159194843254,28.646867332668,28.7513138236853,28.8556572041575,28.7413709858727,28.8258553140296,28.8357902104004,29.2621114091025,29.1433104459398,28.98470182842,28.8059827210337,29.0045408944048,29.242320482823,29.3362945434113,29.1185434893225,29.0342925281775,29.3214620616761,29.5141230346309,29.6472995727053,29.1680716196875,29.23242363567,30.1391019363398,30.251896949001,30.1292880515541,29.8688911556633,29.7458415937754,29.7409166564112,29.977057507944,30.0360111882413,30.0851144200226,29.9917989785445,29.9967123499873,30.0556551883126,29.7655390681081,29.8049231025195,29.7556907859056,29.7507663035967,29.7458415937754,30.0065384149177,30.109657579554,29.9917989785445,29.9917989785445,29.8541327014066,29.9819715575531,29.8787289912069,29.8688911556633,29.8147668387412,29.7803097858312,29.7655390681081,29.775386440627,29.7359914914735,29.8098450842037,29.7655390681081,29.6817996485765,29.7359914914735,29.7162885553777,29.7015089622882,29.6620866878218,29.4943789947374,29.23242363567,29.2076774790804,29.2373721746069,29.4153661581674,29.1829255497865,29.3066275082174,29.400544711469,29.3214620616761,29.1482631431937,29.1878763976491,28.915235811822,28.6568190680113,28.6568190680113,28.5871372152255,28.7314272125631,28.8655893020517,28.9698200896756,28.9450125430426,29.009500080336,29.1086350865945,29.0293345027462,28.940050336123,28.9251623196095,29.0144590341043,29.1581678438823,28.9946218259274,28.98470182842,29.0789043205857,29.3115725896136,29.173023160837,29.5091873682112,29.3264064524046,29.23242363567,29.2621114091025,29.1977774003059,29.1284509661644,29.0293345027462,29.0144590341043,28.9946218259274,28.8755204676278,28.6369146594003,28.7562848918599,28.5771789090283,28.7811367266903,28.8357902104004,28.7413709858727,28.7015902771012,28.5970945819598,28.5721994035508,28.6020729131087,28.940050336123,28.9201991820813,28.7264549750173,28.5921160160095,28.5223914205637,28.4326777380859,28.5871372152255,28.5472983510907,28.6717449129776,28.8308228788658,28.8953800028402,28.9350878965987,28.9648590453057,28.9350878965987,28.940050336123,29.0045408944048,29.009500080336,28.9946218259274,28.8506908055119,28.7562848918599,28.7562848918599,28.8904154684503,29.0888155024772,29.103680537945,29.1482631431937,29.1482631431937,29.1284509661644,29.1185434893225,28.8705550013636,28.9896619433183,29.044207883055,29.0987257577298,29.0243762452778,28.9450125430426,29.0590791758805,29.1433104459398,28.930125224438,28.8755204676278,28.6617945840412,28.5821581795757,28.4177180330437,28.4077437165986,28.342887635646,28.2330401214815,28.2080587813783,28.2630099036222,28.1380794518489,28.1430795199092,28.1330791460061,28.0880656878123,27.9278614710339,27.9128297863749,27.8827599560813,27.8977959483549,27.7674123504958,27.7975152652541,27.6971385722891,27.7272616770383
29.5930625764153,29.1878763976491,29.0243762452778,29.044207883055,29.4351248728131,29.3115725896136,29.2818986463425,29.5930625764153,29.6177191814719,29.6127883172604,29.6571578775531,29.8147668387412,30.0065384149177,30.2175806171496,30.0360111882413,29.9328208826212,29.5486662897325,29.2472685603494,29.1135894037099,29.2373721746069,29.8246096664975,29.795078457589,29.8000008936581,29.5930625764153,29.5684002590573,29.4894424120718,29.6768717503746,29.4993153482952,29.6768717503746,29.9229880319466,29.8885659198648,29.7704628680627,29.5239936805482,29.1532156091641,29.242320482823,29.4351248728131,29.5289286601073,29.5486662897325,29.4993153482952,29.7162885553777,29.6226498173448,29.5733331796973,29.7064357210951,29.7655390681081,29.9967123499873,29.3956037698873,29.1928270144785,29.0342925281775,28.7960450239002,28.6020729131087,28.7711966938393,28.7861063926706,28.930125224438,28.930125224438,29.1928270144785,29.4054854233555,29.6374403552393,29.2818986463425,29.1532156091641,28.8208875158601,28.8308228788658,28.8059827210337,28.7115368584326,28.646867332668,28.5273732771074,28.7115368584326,28.676719725948,28.6418911132907,28.5074444391028,28.7314272125631,28.9549362591941,28.9450125430426,29.0541223101622,28.8407573086651,29.0640358097506,28.940050336123,28.9549362591941,28.9896619433183,29.0045408944048,28.9995814762791,29.0491652125642,29.0045408944048,29.0937707459177,28.9350878965987,28.98470182842,29.3115725896136,29.3214620616761,29.3115725896136,29.0342925281775,29.2076774790804,29.4252459745708,29.5585337318094,29.4598181030883,29.5437322255563,29.8541327014066,29.8639718977337,29.8246096664975,29.5634671097716,29.6226498173448,29.8049231025195,29.7556907859056,29.667015270028,30.0409225268145,30.0605656241719,29.9524838675562,29.7901557942818,29.7803097858312,29.6177191814719,29.370895615469,29.4943789947374,29.6029259036991,29.9524838675562,30.1145655354327,29.844292597587,29.9426528277437,30.0998409918593,29.9917989785445,30.0654758344281,29.9426528277437,29.8492127629486,29.9131542754777,29.7556907859056,29.7704628680627,29.6275802249099,29.6127883172604,29.6571578775531,29.6374403552393,29.7901557942818,29.6522288391912,29.4894424120718,29.4894424120718,29.4450028531419,29.3758377059907,29.2027275551628,29.1334043574566,29.385721197515,29.217576634222,29.4795685592941,29.4054854233555,29.3362945434113,29.3165174407562,29.2027275551628,28.9102722087998,28.5672196631112,28.537336284473,28.5622396876777,28.6319379709646,28.8357902104004,28.8159194843254,28.8655893020517,28.9450125430426,28.9251623196095,29.0293345027462,28.8010139892131,28.9598977684891,28.9450125430426,28.9698200896756,28.9698200896756,28.7960450239002,28.98470182842,28.98470182842,29.1977774003059,29.3264064524046,29.1581678438823,29.0937707459177,29.1878763976491,29.2621114091025,29.173023160837,29.0640358097506,29.1433104459398,28.9598977684891,28.8556572041575,28.7513138236853,28.5921160160095,28.7513138236853,28.666769865686,28.676719725948,28.7662263269051,28.8059827210337,28.6219838903298,28.537336284473,28.7065636848157,29.1086350865945,29.1086350865945,28.9350878965987,28.6219838903298,28.4576058629756,28.4376638346625,28.5024616412321,28.5721994035508,28.5672196631112,28.497478607949,28.7264549750173,28.8159194843254,28.8904154684503,28.8556572041575,29.0045408944048,29.009500080336,28.98470182842,28.8556572041575,28.8506908055119,28.8755204676278,28.8109512193939,28.9549362591941,28.9995814762791,29.0888155024772,29.1433104459398,29.1334043574566,28.9499745173891,28.8606233696602,28.8556572041575,28.915235811822,28.9648590453057,29.0739483820717,28.9797414812012,28.9896619433183,29.0342925281775,29.0739483820717,28.8904154684503,28.8705550013636,28.6170064980665,28.5174093287365,28.4376638346625,28.372826172538,28.3828037944729,28.2630099036222,28.2680040377398,28.253020924455,28.1680762946208,28.277991595206,27.9929739096901,28.0530418873914,27.9529094959747,27.9178405871461,27.892784190336,27.8326244118639,27.7623943574465,27.7322813525865,27.7021596912783,27.7021596912783
29.4301855384466,28.9102722087998,28.9201991820813,29.1779744708596,29.3412382437518,29.227474865981,29.1631198473796,29.1680716196875,29.4203061811547,29.6226498173448,29.3412382437518,29.6817996485765,29.8787289912069,30.0163635761093,29.9917989785445,29.671943624202,29.5486662897325,29.3412382437518,29.227474865981,29.2818986463425,29.8196883661623,29.6522288391912,29.9131542754777,29.9819715575531,29.7015089622882,29.5733331796973,29.7310660989319,29.8590524129916,29.8000008936581,29.8738101868109,30.1391019363398,29.8688911556633,29.671943624202,29.5437322255563,29.4696937897153,29.6472995727053,29.6817996485765,29.6325104041979,29.8541327014066,29.9623140023007,29.7458415937754,29.671943624202,29.7458415937754,29.7655390681081,29.7409166564112,29.7212146309145,29.385721197515,29.2917908821956,28.8109512193939,28.5771789090283,28.4326777380859,28.8208875158601,28.8655893020517,28.8655893020517,28.9896619433183,29.3659532950663,29.5733331796973,29.3165174407562,28.930125224438,28.6020729131087,28.7214825035015,28.8159194843254,28.7065636848157,28.497478607949,28.5074444391028,28.7562848918599,28.7910758250633,28.607051009488,28.5273732771074,28.7165097979839,28.7065636848157,29.0342925281775,29.0640358097506,28.9946218259274,28.9598977684891,29.0144590341043,28.8655893020517,28.9549362591941,29.1334043574566,29.1433104459398,29.257164023458,29.1977774003059,29.242320482823,29.083860027377,29.1680716196875,29.2522164072173,29.3461817140249,29.3313506129726,29.0689922118039,29.2621114091025,29.3214620616761,29.3956037698873,29.4598181030883,29.5634671097716,29.6620866878218,29.6571578775531,29.6127883172604,29.3016821965364,29.3906625985796,29.5881305700507,29.5930625764153,29.6571578775531,29.9917989785445,30.1440085410342,29.9868853810766,29.6374403552393,29.7655390681081,29.6127883172604,29.3313506129726,29.3511249542619,29.5239936805482,29.7655390681081,29.9033196129721,29.9475684607986,29.9573990480468,30.0703858191111,30.2224836239616,30.3155981109145,30.0261878338035,29.9229880319466,29.8885659198648,29.785232903706,29.7606150407326,29.6275802249099,29.6127883172604,29.6423700780649,29.6177191814719,29.5979943542878,29.4647560610483,29.5486662897325,29.4400639777012,29.400544711469,29.5239936805482,29.2076774790804,29.227474865981,29.23242363567,29.2126271720896,29.667015270028,29.5387979325806,29.5634671097716,29.55360012514,29.227474865981,28.8109512193939,28.6816943046293,28.6717449129776,28.7711966938393,28.6966166352573,28.7115368584326,28.8208875158601,28.9053083729833,28.9251623196095,28.9201991820813,28.9549362591941,28.9003443043406,28.9896619433183,28.9698200896756,28.8109512193939,28.8457241736917,28.8705550013636,28.8804857008759,28.9698200896756,29.1680716196875,29.1878763976491,29.1334043574566,29.2027275551628,29.217576634222,29.1928270144785,29.1878763976491,29.2373721746069,29.2670585641821,29.2076774790804,28.9698200896756,28.7910758250633,28.6866686490532,28.8556572041575,28.7761668270904,28.9102722087998,28.7861063926706,28.7910758250633,28.7562848918599,28.6418911132907,28.940050336123,29.103680537945,29.217576634222,28.8208875158601,28.7115368584326,28.497478607949,28.4875118350172,28.5821581795757,28.537336284473,28.5074444391028,28.4775441200496,28.7214825035015,28.8457241736917,28.7662263269051,28.9003443043406,28.9747809016303,28.9053083729833,29.0342925281775,29.0541223101622,29.0045408944048,28.9896619433183,28.9896619433183,29.083860027377,29.0937707459177,29.103680537945,29.103680537945,29.1284509661644,28.940050336123,29.0342925281775,28.8655893020517,28.8556572041575,28.8655893020517,29.0590791758805,28.9648590453057,28.9946218259274,29.0045408944048,28.9896619433183,28.9648590453057,28.8655893020517,28.5024616412321,28.497478607949,28.4576058629756,28.3229238825521,28.3778151016153,28.2130555239183,28.2130555239183,28.2080587813783,28.1830715081525,28.1380794518489,28.1030723156867,28.0280177375547,28.0330230443987,27.9278614710339,27.8276095391327,27.9028074670123,27.7674123504958,27.8426534379831,27.7874819207868,27.892784190336
29.083860027377,28.9549362591941,28.9053083729833,29.1433104459398,29.1631198473796,29.0144590341043,28.930125224438,29.1829255497865,29.1977774003059,29.217576634222,29.3461817140249,29.3659532950663,30.001625495435,30.0114511084659,29.9131542754777,29.5338634107745,29.217576634222,29.3016821965364,29.0987257577298,29.4301855384466,29.6325104041979,29.5338634107745,29.8246096664975,29.9819715575531,30.0065384149177,29.6867273188382,29.6965819756635,29.8885659198648,29.8836475688813,29.9819715575531,29.8590524129916,29.8541327014066,29.9033196129721,29.5486662897325,29.6965819756635,29.7458415937754,29.6916547611904,29.6867273188382,29.7409166564112,29.9573990480468,29.8934840441875,29.6472995727053,29.6226498173448,29.6325104041979,29.8246096664975,29.8787289912069,29.5141230346309,29.0293345027462,28.8308228788658,28.4276914056455,28.4376638346625,28.6319379709646,28.7065636848157,28.8357902104004,28.8606233696602,29.217576634222,29.4252459745708,29.4054854233555,28.8606233696602,28.5921160160095,28.6717449129776,28.7165097979839,28.7065636848157,28.8258553140296,29.0144590341043,29.0491652125642,28.8059827210337,28.6916427592519,28.7264549750173,28.6319379709646,28.7065636848157,28.8109512193939,28.930125224438,28.8109512193939,28.8904154684503,28.9747809016303,29.103680537945,29.1334043574566,29.0739483820717,29.1135894037099,29.0342925281775,28.8506908055119,29.1383575173713,29.1383575173713,29.3165174407562,29.1532156091641,29.2027275551628,29.083860027377,29.1482631431937,29.3016821965364,29.3016821965364,29.1977774003059,29.4400639777012,29.4203061811547,29.3610107447515,29.2225258655088,29.3115725896136,29.1433104459398,29.1680716196875,29.2126271720896,29.400544711469,29.6029259036991,29.7901557942818,29.977057507944,29.9623140023007,29.7556907859056,29.6078572246797,29.3412382437518,29.3659532950663,29.3362945434113,29.4647560610483,29.5782658717225,29.972143232219,29.9328208826212,29.9967123499873,29.927904570493,30.1734434433101,30.1341951065232,30.2126773856944,29.9967123499873,30.0163635761093,30.0360111882413,29.7901557942818,29.6325104041979,29.4795685592941,29.4993153482952,29.4153661581674,29.5733331796973,29.5239936805482,29.5585337318094,29.2621114091025,29.4203061811547,29.2472685603494,29.242320482823,29.2225258655088,29.2373721746069,29.2522164072173,29.4450028531419,29.6423700780649,29.7507663035967,29.667015270028,29.2472685603494,29.173023160837,28.98470182842,28.9896619433183,29.257164023458,29.1185434893225,28.915235811822,28.7463425217002,28.7513138236853,28.8308228788658,28.8258553140296,28.9102722087998,28.98470182842,28.9797414812012,28.8208875158601,28.8258553140296,28.7413709858727,28.6816943046293,28.8705550013636,28.9251623196095,29.217576634222,29.0689922118039,29.173023160837,29.0689922118039,29.1532156091641,29.1135894037099,29.1779744708596,29.2769521827709,29.2769521827709,29.2720054887278,28.9797414812012,28.9648590453057,28.6816943046293,28.6916427592519,28.7264549750173,28.7811367266903,28.8556572041575,28.7662263269051,28.7662263269051,28.6617945840412,28.8258553140296,29.0789043205857,29.3115725896136,29.227474865981,28.7960450239002,28.5622396876777,28.5174093287365,28.4875118350172,28.4326777380859,28.4576058629756,28.4675754627885,28.666769865686,28.7314272125631,28.8109512193939,28.9251623196095,28.8357902104004,29.0293345027462,29.1383575173713,29.1631198473796,29.0045408944048,28.9995814762791,29.23242363567,29.0888155024772,29.173023160837,29.0293345027462,29.0144590341043,29.1086350865945,28.9251623196095,28.8904154684503,28.8506908055119,28.8606233696602,28.9201991820813,28.8854507011395,29.0342925281775,29.0590791758805,29.1135894037099,29.0045408944048,28.9598977684891,28.8606233696602,28.5522790316995,28.4576058629756,28.3977684560513,28.3528680933838,28.372826172538,28.3229238825521,28.218052029166,28.3179323529188,28.228044327915,28.0380281127715,28.0280177375547,27.9929739096901,27.9729436137625,27.9679354426974,27.8677218086608,27.9128297863749,27.7322813525865,27.7172216044382,27.7122012073196,27.7021596912783
29.449941499166,29.3313506129726,29.3758377059907,29.5141230346309,29.5486662897325,29.1581678438823,29.044207883055,28.9251623196095,28.9251623196095,28.8854507011395,29.3511249542619,29.4252459745708,30.0065384149177,30.2616995948902,30.2764018809912,29.7015089622882,29.5782658717225,29.4252459745708,29.4450028531419,29.5387979325806,29.6325104041979,29.9524838675562,29.6226498173448,30.0163635761093,30.0261878338035,29.5684002590573,29.4548799158045,29.6571578775531,29.7901557942818,29.9377369683613,29.5585337318094,29.5042514727762,29.4894424120718,29.5585337318094,29.6817996485765,29.6768717503746,29.667015270028,29.7359914914735,29.6620866878218,29.8295307397771,29.9573990480468,29.6965819756635,29.6275802249099,29.7359914914735,29.967228730348,29.7359914914735,29.4054854233555,29.0342925281775,28.6369146594003,28.4276914056455,28.4725599092219,28.537336284473,28.7214825035015,28.7861063926706,29.0243762452778,29.370895615469,29.5684002590573,29.3807795666623,28.940050336123,28.8357902104004,28.9698200896756,29.1779744708596,29.4696937897153,29.6127883172604,29.227474865981,29.0640358097506,28.930125224438,28.9350878965987,28.8457241736917,28.7612557262559,28.6816943046293,28.7214825035015,28.7960450239002,28.8208875158601,28.9350878965987,28.9549362591941,28.9698200896756,28.9747809016303,28.9499745173891,28.9450125430426,29.044207883055,28.8506908055119,29.1284509661644,29.1234973434636,29.4301855384466,29.2670585641821,28.98470182842,29.2225258655088,29.1631198473796,29.1581678438823,29.2621114091025,29.2917908821956,29.55360012514,29.6029259036991,29.257164023458,28.9698200896756,28.9549362591941,29.019417755741,29.0937707459177,29.3214620616761,29.3264064524046,29.4696937897153,29.775386440627,29.9033196129721,29.8984019418799,29.7507663035967,29.6275802249099,29.2076774790804,29.0888155024772,29.2868448794737,29.385721197515,29.5141230346309,29.7113622521147,29.844292597587,29.8787289912069,30.1047493983729,30.1440085410342,30.094932359983,30.0114511084659,30.0605656241719,30.0360111882413,29.8492127629486,29.8098450842037,29.7507663035967,29.7507663035967,29.6817996485765,29.4647560610483,29.5387979325806,29.4252459745708,29.3165174407562,29.2621114091025,29.1135894037099,29.0541223101622,29.1878763976491,29.173023160837,29.23242363567,29.2373721746069,29.5239936805482,29.5634671097716,29.7507663035967,29.5782658717225,29.5437322255563,29.242320482823,29.217576634222,29.4252459745708,29.6472995727053,29.3165174407562,29.2076774790804,28.9797414812012,28.8904154684503,28.8258553140296,28.8506908055119,28.9549362591941,28.9896619433183,28.9747809016303,28.8258553140296,28.6369146594003,28.6319379709646,28.676719725948,28.8109512193939,28.9102722087998,28.940050336123,29.2027275551628,29.1779744708596,29.0689922118039,29.1631198473796,29.0541223101622,29.083860027377,29.2522164072173,29.1779744708596,29.0541223101622,29.0888155024772,28.9698200896756,28.7662263269051,28.8059827210337,28.7612557262559,28.9995814762791,28.9698200896756,28.8407573086651,28.8705550013636,28.8208875158601,29.1086350865945,29.0987257577298,29.23242363567,29.1185434893225,28.7960450239002,28.4875118350172,28.4426496954073,28.482528095304,28.4924953392214,28.5124270015936,28.482528095304,28.5522790316995,28.676719725948,28.676719725948,28.6966166352573,28.7910758250633,28.9549362591941,29.019417755741,29.1185434893225,29.0739483820717,29.083860027377,29.0293345027462,29.1779744708596,29.1779744708596,29.1779744708596,28.9350878965987,29.0045408944048,28.8258553140296,28.8457241736917,28.8357902104004,28.8357902104004,28.9350878965987,29.1234973434636,29.0689922118039,29.1086350865945,29.1185434893225,29.1185434893225,28.98470182842,28.8655893020517,28.6020729131087,28.4077437165986,28.5672196631112,28.4625907807171,28.372826172538,28.3678370072086,28.253020924455,28.2080587813783,28.14807935022,28.0580460022081,28.043032942706,28.0330230443987,27.8677218086608,28.0029876251156,27.8426534379831,27.8276095391327,27.812563481855,27.7172216044382,27.7272616770383,27.8326244118639
29.6275802249099,29.6226498173448,29.1680716196875,29.7704628680627,29.6965819756635,29.6867273188382,29.2769521827709,28.9201991820813,28.7910758250633,28.8705550013636,29.0789043205857,29.4894424120718,29.9967123499873,30.2126773856944,30.2322889637756,30.001625495435,29.5930625764153,29.7556907859056,29.7606150407326,29.8590524129916,29.7704628680627,29.775386440627,29.5881305700507,29.7310660989319,29.8492127629486,29.8098450842037,29.4104259055781,29.7310660989319,29.8688911556633,29.8344515860316,29.8885659198648,29.6768717503746,29.6177191814719,29.6867273188382,29.6226498173448,29.7606150407326,29.5733331796973,29.7507663035967,29.6127883172604,29.7310660989319,29.6226498173448,29.7458415937754,29.4696937897153,29.7606150407326,29.9573990480468,29.6275802249099,29.4894424120718,29.044207883055,28.6518433175642,28.5024616412321,28.4276914056455,28.4725599092219,28.6916427592519,28.7264549750173,28.8606233696602,29.2472685603494,29.3560679644938,29.103680537945,28.8804857008759,28.8506908055119,29.3461817140249,29.4943789947374,29.5437322255563,29.4400639777012,29.0590791758805,29.1086350865945,28.8606233696602,28.8109512193939,28.9251623196095,28.8655893020517,28.8506908055119,28.5970945819598,28.8357902104004,28.8010139892131,28.98470182842,28.7264549750173,28.8953800028402,28.8556572041575,28.9251623196095,29.0491652125642,28.9648590453057,28.9251623196095,29.1135894037099,29.242320482823,29.4153661581674,29.4054854233555,29.1433104459398,29.1631198473796,29.3115725896136,29.1581678438823,29.2225258655088,29.3165174407562,29.4351248728131,29.3758377059907,29.0342925281775,28.9499745173891,29.0392503216033,28.9648590453057,29.0541223101622,29.1878763976491,29.3313506129726,29.4104259055781,29.4894424120718,29.7261404787557,29.6571578775531,29.6078572246797,29.5141230346309,29.3412382437518,29.23242363567,29.1928270144785,29.23242363567,29.4548799158045,29.7359914914735,29.7409166564112,29.7556907859056,29.9229880319466,29.9868853810766,29.8393722052915,29.8049231025195,29.8738101868109,30.0310996239144,29.8836475688813,29.6620866878218,29.7212146309145,29.6325104041979,29.6127883172604,29.5634671097716,29.6916547611904,29.6867273188382,29.5486662897325,29.3165174407562,29.0491652125642,29.0491652125642,28.8953800028402,29.0144590341043,29.0491652125642,29.0541223101622,29.2472685603494,29.4400639777012,29.5289286601073,29.5831983351633,29.5437322255563,29.4400639777012,29.4598181030883,29.6226498173448,29.6817996485765,29.6127883172604,29.6423700780649,29.0789043205857,28.9350878965987,28.9350878965987,28.9499745173891,28.8606233696602,28.8854507011395,28.9747809016303,28.646867332668,28.6369146594003,28.5821581795757,28.7711966938393,28.6717449129776,28.8705550013636,29.1185434893225,29.0739483820717,29.083860027377,29.0640358097506,28.9549362591941,29.1482631431937,29.0739483820717,28.9598977684891,29.0590791758805,29.1334043574566,28.98470182842,28.8308228788658,28.8109512193939,28.8904154684503,28.930125224438,29.0144590341043,28.9698200896756,28.8159194843254,28.8059827210337,28.9350878965987,29.1680716196875,29.0541223101622,29.3165174407562,29.044207883055,28.7910758250633,28.6020729131087,28.5821581795757,28.4775441200496,28.4476353203531,28.497478607949,28.5273732771074,28.5124270015936,28.6020729131087,28.6816943046293,28.6717449129776,28.7065636848157,28.7264549750173,28.8953800028402,29.044207883055,29.1928270144785,29.1135894037099,29.1135894037099,29.173023160837,29.0689922118039,29.0689922118039,29.0293345027462,28.9995814762791,28.8308228788658,28.8556572041575,28.8159194843254,28.9251623196095,29.0937707459177,29.1185434893225,29.1185434893225,29.0541223101622,29.1185434893225,29.103680537945,29.019417755741,28.8705550013636,28.7015902771012,28.5572594772178,28.4625907807171,28.2979638679726,28.253020924455,28.228044327915,28.258015532538,28.258015532538,28.2130555239183,28.0830630023446,28.0079941248089,28.043032942706,28.0680535169536,27.9378813982687,27.9378813982687,27.8827599560813,27.8627086137778,27.8326244118639,27.7623943574465,27.7674123504958
29.671943624202,29.6275802249099,29.3511249542619,29.6965819756635,29.9573990480468,29.6867273188382,29.4845056002677,29.103680537945,28.8159194843254,28.9003443043406,29.23242363567,29.6768717503746,30.1341951065232,30.1243807714027,30.1930622128441,30.251896949001,29.5733331796973,29.7458415937754,29.8492127629486,30.0605656241719,30.1047493983729,29.844292597587,29.8000008936581,29.6325104041979,29.9426528277437,29.8147668387412,29.785232903706,29.9917989785445,30.0851144200226,29.8000008936581,29.8098450842037,29.8049231025195,29.6867273188382,29.8984019418799,29.795078457589,29.8098450842037,29.7261404787557,29.4795685592941,29.5831983351633,29.7507663035967,29.6127883172604,29.4894424120718,29.4252459745708,29.4993153482952,29.7606150407326,29.4845056002677,29.6374403552393,29.4203061811547,28.8705550013636,28.5124270015936,28.5323548983997,28.6568190680113,28.7662263269051,29.009500080336,29.1334043574566,29.4301855384466,29.1829255497865,28.930125224438,28.7463425217002,28.8506908055119,28.9102722087998,29.1234973434636,29.0987257577298,29.3165174407562,29.044207883055,29.0491652125642,28.7314272125631,28.6966166352573,28.8208875158601,28.9102722087998,28.7960450239002,28.8407573086651,28.8556572041575,28.6717449129776,28.646867332668,28.8556572041575,28.9003443043406,28.9797414812012,28.8705550013636,28.8655893020517,28.8457241736917,28.930125224438,29.1086350865945,29.2670585641821,29.4104259055781,29.2720054887278,29.1086350865945,29.1779744708596,29.1482631431937,29.0640358097506,29.0144590341043,29.1383575173713,29.2522164072173,29.2225258655088,28.940050336123,28.9201991820813,28.9499745173891,29.0640358097506,29.0789043205857,29.2027275551628,29.3016821965364,29.4104259055781,29.4746312891203,29.7113622521147,29.7655390681081,29.6177191814719,29.3956037698873,29.5091873682112,29.23242363567,29.23242363567,29.2917908821956,29.449941499166,29.4993153482952,29.5634671097716,29.671943624202,29.8000008936581,29.7606150407326,29.7803097858312,29.7655390681081,29.7803097858312,29.8639718977337,29.8590524129916,29.8738101868109,29.8787289912069,29.7261404787557,29.6571578775531,29.6965819756635,29.6275802249099,29.667015270028,29.5486662897325,29.3560679644938,29.1581678438823,28.9747809016303,28.9053083729833,28.9102722087998,29.0590791758805,29.2472685603494,29.1284509661644,29.4351248728131,29.5684002590573,29.5437322255563,29.400544711469,29.4252459745708,29.5782658717225,29.7359914914735,29.7310660989319,29.7212146309145,29.5782658717225,29.173023160837,29.0491652125642,28.7761668270904,28.9549362591941,29.0243762452778,28.9797414812012,28.9698200896756,28.8854507011395,28.6418911132907,28.7463425217002,28.8457241736917,29.0937707459177,29.1977774003059,29.0789043205857,29.0689922118039,29.083860027377,29.0739483820717,29.0491652125642,29.0541223101622,29.0640358097506,29.2076774790804,29.1977774003059,29.1482631431937,29.0045408944048,28.8506908055119,28.9003443043406,28.9946218259274,28.9995814762791,28.9946218259274,29.0590791758805,29.1977774003059,29.0689922118039,29.1680716196875,29.1680716196875,29.3511249542619,29.3313506129726,29.1383575173713,28.8258553140296,28.6219838903298,28.4227048373089,28.4675754627885,28.4725599092219,28.4675754627885,28.4326777380859,28.5024616412321,28.4775441200496,28.6617945840412,28.61202887113,28.6916427592519,28.8258553140296,28.8655893020517,29.044207883055,29.103680537945,29.1581678438823,29.0739483820717,28.9797414812012,28.9102722087998,29.0491652125642,28.9648590453057,28.940050336123,28.8556572041575,28.8059827210337,28.8457241736917,29.0342925281775,29.23242363567,29.1284509661644,29.1928270144785,29.1977774003059,29.1779744708596,29.1086350865945,28.9698200896756,28.8804857008759,28.7065636848157,28.7065636848157,28.5273732771074,28.482528095304,28.3079485837934,28.2879782051969,28.223048297154,28.2330401214815,28.2080587813783,28.0880656878123,28.0580460022081,28.1230778208426,27.9278614710339,27.9679354426974,27.9228511486881,27.8576951793018,27.8175790741614,27.8025315774346,27.9128297863749,27.631842110463
29.8738101868109,29.795078457589,29.6275802249099,29.6423700780649,29.8541327014066,29.7458415937754,29.4943789947374,29.4943789947374,29.4894424120718,29.23242363567,29.4252459745708,29.8246096664975,29.8836475688813,30.197966343171,30.2126773856944,30.1685381887201,29.7507663035967,29.7606150407326,29.8787289912069,30.0802051118783,30.0212758178786,29.5881305700507,29.5831983351633,29.8787289912069,30.0212758178786,29.7162885553777,29.9082370574946,30.197966343171,30.0802051118783,29.844292597587,29.9377369683613,29.8492127629486,29.667015270028,29.8098450842037,29.8541327014066,29.8393722052915,29.5782658717225,29.6374403552393,29.4943789947374,29.5733331796973,29.400544711469,29.4795685592941,29.5042514727762,29.5930625764153,29.5881305700507,29.5239936805482,29.4400639777012,29.4548799158045,29.0541223101622,28.4576058629756,28.5024616412321,28.7314272125631,28.8655893020517,29.2720054887278,29.2670585641821,29.2720054887278,29.242320482823,29.2027275551628,29.0491652125642,28.915235811822,28.930125224438,28.915235811822,28.9003443043406,28.9896619433183,29.0789043205857,29.0789043205857,28.8854507011395,28.7513138236853,28.8904154684503,28.9053083729833,28.8010139892131,28.6966166352573,28.7115368584326,28.6866686490532,28.6020729131087,28.8556572041575,28.8655893020517,29.0491652125642,28.8655893020517,28.8506908055119,28.930125224438,29.0342925281775,29.1135894037099,29.2720054887278,29.4894424120718,29.1185434893225,29.1878763976491,29.083860027377,29.0789043205857,29.0640358097506,29.0144590341043,28.8556572041575,28.9995814762791,29.1482631431937,28.9797414812012,28.940050336123,28.9450125430426,29.0392503216033,29.2967366545395,29.2621114091025,29.3066275082174,29.3214620616761,29.4548799158045,29.5979943542878,29.6571578775531,29.5979943542878,29.4301855384466,29.3412382437518,29.3313506129726,29.257164023458,29.1680716196875,29.257164023458,29.4548799158045,29.5437322255563,29.5585337318094,29.5930625764153,29.5437322255563,29.6226498173448,29.795078457589,29.7359914914735,29.8246096664975,29.7113622521147,29.7310660989319,29.8836475688813,29.6817996485765,29.5585337318094,29.5437322255563,29.4450028531419,29.5979943542878,29.5782658717225,29.3264064524046,29.0392503216033,28.9053083729833,28.915235811822,28.930125224438,29.1234973434636,29.009500080336,29.242320482823,29.3313506129726,29.3659532950663,29.3610107447515,29.3659532950663,29.4548799158045,29.4054854233555,29.7064357210951,29.7310660989319,29.7556907859056,29.55360012514,29.173023160837,28.940050336123,28.6369146594003,28.8705550013636,28.9450125430426,28.9549362591941,28.9450125430426,28.7214825035015,28.8159194843254,28.7562848918599,29.0293345027462,29.0342925281775,29.1680716196875,29.0640358097506,29.0739483820717,29.044207883055,29.0739483820717,28.9648590453057,29.083860027377,29.009500080336,29.0689922118039,29.1334043574566,29.083860027377,28.98470182842,28.8457241736917,28.9946218259274,28.9946218259274,29.083860027377,29.0144590341043,29.0243762452778,29.103680537945,29.1185434893225,29.0045408944048,29.1779744708596,29.3313506129726,29.3214620616761,29.1581678438823,28.7562848918599,28.4875118350172,28.4675754627885,28.4127309928177,28.4725599092219,28.4276914056455,28.4924953392214,28.4326777380859,28.4227048373089,28.4875118350172,28.5423174353593,28.676719725948,28.7214825035015,28.8755204676278,28.8755204676278,28.8606233696602,29.1482631431937,28.9747809016303,28.9450125430426,28.9648590453057,28.9598977684891,29.0144590341043,28.9251623196095,28.8357902104004,28.8308228788658,28.8407573086651,28.8755204676278,29.009500080336,29.1383575173713,29.103680537945,29.1334043574566,29.1482631431937,29.1631198473796,29.0590791758805,28.9797414812012,28.7115368584326,28.6020729131087,28.4127309928177,28.4227048373089,28.342887635646,28.2680040377398,28.277991595206,28.1780733411736,28.1030723156867,28.1130755441568,27.9879666938923,27.9779515459613,27.982959239327,27.9178405871461,27.8827599560813,27.8025315774346,27.8526815051994,27.7122012073196,27.777447615956,27.7272616770383
29.7901557942818,30.1243807714027,29.6275802249099,29.1878763976491,29.5141230346309,29.7359914914735,29.7162885553777,29.7655390681081,29.7064357210951,29.775386440627,29.7458415937754,29.844292597587,30.1047493983729,30.1636327091878,30.2666005812584,30.1685381887201,29.5881305700507,29.7704628680627,29.7458415937754,29.7507663035967,29.8541327014066,29.5979943542878,29.5782658717225,30.0360111882413,30.1832532777823,30.0212758178786,30.0752955782511,29.972143232219,30.251896949001,30.0802051118783,30.0360111882413,29.8787289912069,29.5881305700507,29.7064357210951,29.8098450842037,29.8393722052915,29.5585337318094,29.4400639777012,29.4795685592941,29.4400639777012,29.7606150407326,29.5831983351633,29.5831983351633,29.4993153482952,29.4351248728131,29.5831983351633,29.4598181030883,29.385721197515,29.2720054887278,28.7165097979839,28.7214825035015,28.9995814762791,29.0293345027462,29.2621114091025,29.4795685592941,29.3313506129726,29.3066275082174,29.4746312891203,29.217576634222,28.7413709858727,28.8953800028402,28.9102722087998,28.7015902771012,28.61202887113,28.8506908055119,29.0541223101622,28.8606233696602,28.8457241736917,29.1433104459398,28.9797414812012,28.7165097979839,28.8258553140296,28.6617945840412,28.537336284473,28.7115368584326,29.0293345027462,29.103680537945,29.0987257577298,29.0888155024772,29.1135894037099,29.0590791758805,29.044207883055,29.0392503216033,29.23242363567,29.2076774790804,29.2720054887278,29.1779744708596,29.083860027377,28.7811367266903,28.8258553140296,28.8457241736917,28.8357902104004,28.7761668270904,28.8506908055119,28.8556572041575,28.7264549750173,28.940050336123,28.9549362591941,29.1779744708596,29.2868448794737,29.5733331796973,29.4993153482952,29.5141230346309,29.5831983351633,29.6522288391912,29.4252459745708,29.3412382437518,29.2967366545395,29.2126271720896,29.227474865981,29.242320482823,29.1482631431937,29.3659532950663,29.449941499166,29.5486662897325,29.6177191814719,29.6127883172604,29.5338634107745,29.7556907859056,29.8393722052915,29.7359914914735,29.8541327014066,29.5733331796973,29.7704628680627,29.55360012514,29.5634671097716,29.5634671097716,29.5634671097716,29.7113622521147,29.6325104041979,29.4845056002677,29.2967366545395,29.083860027377,28.9201991820813,28.9201991820813,28.9053083729833,29.1680716196875,29.2472685603494,29.4845056002677,29.5042514727762,29.4845056002677,29.3362945434113,29.3659532950663,29.5486662897325,29.6817996485765,29.6423700780649,29.7704628680627,29.370895615469,29.0293345027462,28.8357902104004,28.7662263269051,28.6518433175642,28.8506908055119,29.1433104459398,28.8904154684503,28.8208875158601,28.7662263269051,29.0045408944048,28.9251623196095,29.0491652125642,29.0590791758805,29.0739483820717,29.0541223101622,29.083860027377,29.0789043205857,29.1135894037099,29.0144590341043,29.0590791758805,28.9995814762791,29.0045408944048,28.9251623196095,29.0789043205857,28.9797414812012,28.9946218259274,29.009500080336,29.0888155024772,29.0689922118039,29.0491652125642,29.0293345027462,28.9946218259274,29.0689922118039,29.1779744708596,29.3461817140249,29.1581678438823,28.8953800028402,28.6369146594003,28.5472983510907,28.4177180330437,28.4775441200496,28.4875118350172,28.372826172538,28.482528095304,28.482528095304,28.4875118350172,28.4625907807171,28.5871372152255,28.7314272125631,28.8705550013636,28.8258553140296,28.915235811822,29.1433104459398,29.1086350865945,29.0541223101622,28.98470182842,28.9450125430426,29.0888155024772,29.083860027377,29.0342925281775,28.915235811822,28.9201991820813,28.8705550013636,28.9450125430426,29.0293345027462,29.1234973434636,29.0640358097506,29.1086350865945,29.1135894037099,29.1779744708596,29.1878763976491,29.1234973434636,28.9450125430426,28.61202887113,28.497478607949,28.4775441200496,28.3179323529188,28.2829850186196,28.1830715081525,28.2330401214815,28.0580460022081,28.0580460022081,28.0730569169481,28.0530418873914,27.9228511486881,27.9178405871461,27.8576951793018,27.8727347639835,27.812563481855,27.7924987130493,27.8025315774346,27.8326244118639
29.6916547611904,30.045833639664,29.7901557942818,29.1680716196875,29.3066275082174,29.7901557942818,29.8049231025195,29.8246096664975,30.001625495435,29.7359914914735,29.8049231025195,29.8639718977337,29.9967123499873,30.0065384149177,30.1440085410342,30.1685381887201,29.8393722052915,30.1341951065232,29.5979943542878,29.5979943542878,29.5881305700507,29.7310660989319,29.9082370574946,30.1292880515541,30.1538210751758,29.967228730348,29.6916547611904,29.6916547611904,30.0360111882413,30.2469952894203,30.1930622128441,29.7212146309145,29.8147668387412,29.5190584720663,29.5733331796973,29.5486662897325,29.7310660989319,29.5141230346309,29.6127883172604,29.5684002590573,29.3560679644938,29.4894424120718,29.5141230346309,29.4252459745708,29.2670585641821,29.5979943542878,29.5782658717225,29.5979943542878,29.1234973434636,28.7314272125631,28.8904154684503,29.1631198473796,29.3115725896136,29.257164023458,29.4400639777012,29.5387979325806,29.4647560610483,29.4400639777012,29.4450028531419,29.0689922118039,28.8755204676278,28.646867332668,28.5771789090283,28.8457241736917,29.0293345027462,29.0640358097506,28.8804857008759,28.8705550013636,29.0888155024772,29.1631198473796,28.8010139892131,28.7612557262559,28.6966166352573,28.5423174353593,28.6966166352573,28.930125224438,29.0987257577298,29.0888155024772,29.2373721746069,29.0937707459177,29.23242363567,29.227474865981,29.0640358097506,29.2670585641821,29.242320482823,29.1680716196875,29.1631198473796,29.1631198473796,28.8457241736917,28.7861063926706,28.7363992161709,28.7562848918599,28.7562848918599,28.8556572041575,28.7015902771012,28.7015902771012,28.7165097979839,28.940050336123,29.0888155024772,29.4696937897153,29.5338634107745,29.6226498173448,29.5881305700507,29.4548799158045,29.4548799158045,29.3313506129726,29.385721197515,29.2225258655088,29.2076774790804,29.1086350865945,29.257164023458,29.2373721746069,29.2720054887278,29.3165174407562,29.3807795666623,29.5979943542878,29.6226498173448,29.449941499166,29.55360012514,29.6177191814719,29.8147668387412,29.5486662897325,29.4252459745708,29.5437322255563,29.55360012514,29.7655390681081,29.5585337318094,29.6965819756635,29.7113622521147,29.7556907859056,29.6374403552393,29.3906625985796,29.2967366545395,29.0789043205857,28.915235811822,28.9053083729833,28.9698200896756,29.23242363567,29.3906625985796,29.400544711469,29.370895615469,29.449941499166,29.3956037698873,29.385721197515,29.6325104041979,29.6325104041979,29.6127883172604,29.3313506129726,29.0144590341043,28.8407573086651,28.8208875158601,28.8655893020517,28.8953800028402,28.8804857008759,28.8059827210337,28.8506908055119,28.8308228788658,28.8953800028402,29.044207883055,28.9102722087998,29.044207883055,29.0144590341043,28.8755204676278,29.0243762452778,29.0491652125642,29.0243762452778,29.0144590341043,28.7761668270904,29.019417755741,28.9648590453057,28.8854507011395,28.9896619433183,28.9598977684891,29.0888155024772,28.9350878965987,29.1631198473796,29.1977774003059,29.1482631431937,29.1086350865945,29.0342925281775,29.0590791758805,29.1829255497865,29.0739483820717,29.0392503216033,28.8804857008759,28.5472983510907,28.5074444391028,28.4326777380859,28.5423174353593,28.5672196631112,28.4875118350172,28.4177180330437,28.3628476055947,28.4326777380859,28.4625907807171,28.4625907807171,28.7065636848157,28.7115368584326,28.8059827210337,28.9896619433183,29.0541223101622,29.0937707459177,28.9797414812012,28.9797414812012,29.009500080336,29.0689922118039,29.0541223101622,29.0392503216033,29.0293345027462,28.930125224438,28.915235811822,28.9598977684891,29.044207883055,29.0888155024772,29.009500080336,29.1135894037099,29.1878763976491,29.0987257577298,29.009500080336,28.9549362591941,28.7314272125631,28.5522790316995,28.4875118350172,28.277991595206,28.2130555239183,28.2729979349236,28.1630774149815,28.1980645842911,28.1130755441568,28.0280177375547,28.048037534235,28.0130003858666,27.8225944265762,27.8727347639835,27.7975152652541,27.7272616770383,27.8526815051994,27.7222417610001,27.6670068026902,27.6770516890958
29.8196883661623,29.6423700780649,29.6965819756635,29.1680716196875,29.370895615469,29.4795685592941,29.7113622521147,29.6029259036991,29.8492127629486,29.8393722052915,29.9475684607986,29.9917989785445,30.2126773856944,29.844292597587,29.9917989785445,29.5930625764153,29.8492127629486,29.775386440627,30.0654758344281,29.8836475688813,29.9623140023007,29.5930625764153,30.0360111882413,30.0605656241719,30.2469952894203,29.9967123499873,29.385721197515,29.3214620616761,29.9180712669515,30.2028702487351,30.1440085410342,29.9082370574946,29.8688911556633,29.9426528277437,29.5782658717225,29.4203061811547,29.5881305700507,29.8393722052915,29.8000008936581,29.7704628680627,29.4301855384466,29.4252459745708,29.4450028531419,29.4203061811547,29.4153661581674,29.6029259036991,29.7359914914735,29.5782658717225,29.2868448794737,29.0789043205857,28.8755204676278,29.1532156091641,29.1829255497865,29.2818986463425,29.4301855384466,29.5239936805482,29.5437322255563,29.5289286601073,29.5239936805482,29.1928270144785,29.2868448794737,28.8357902104004,28.6866686490532,29.4598181030883,29.2373721746069,29.019417755741,29.0739483820717,28.9797414812012,29.1334043574566,29.103680537945,28.8506908055119,28.6816943046293,28.8904154684503,28.7214825035015,28.7861063926706,28.9102722087998,29.0144590341043,29.0937707459177,29.0987257577298,29.2472685603494,29.1135894037099,29.0491652125642,29.1532156091641,29.1433104459398,29.1680716196875,29.0987257577298,29.1977774003059,29.1581678438823,28.9251623196095,28.8357902104004,28.7314272125631,28.7413709858727,28.8159194843254,28.7165097979839,28.7562848918599,28.5572594772178,28.5672196631112,28.7015902771012,29.1135894037099,29.4104259055781,29.4894424120718,29.5634671097716,29.5930625764153,29.5782658717225,29.4696937897153,29.3214620616761,29.3906625985796,29.2967366545395,29.23242363567,29.0045408944048,29.0243762452778,29.1977774003059,29.3807795666623,29.3165174407562,29.3412382437518,29.449941499166,29.2917908821956,29.3115725896136,29.6374403552393,29.5930625764153,29.5634671097716,29.4153661581674,29.5141230346309,29.4351248728131,29.5239936805482,29.6916547611904,29.7212146309145,29.6768717503746,29.6620866878218,29.6423700780649,29.6374403552393,29.6226498173448,29.4943789947374,29.3016821965364,29.0888155024772,29.0144590341043,29.0243762452778,29.227474865981,29.4598181030883,29.6374403552393,29.4400639777012,29.400544711469,29.3758377059907,29.4104259055781,29.6029259036991,29.671943624202,29.6029259036991,29.385721197515,29.217576634222,29.1680716196875,29.1878763976491,28.8407573086651,28.8357902104004,28.8556572041575,28.8457241736917,28.7065636848157,28.7910758250633,28.9003443043406,28.9747809016303,29.0640358097506,29.0689922118039,29.1086350865945,29.0689922118039,28.9896619433183,29.0789043205857,29.083860027377,29.1086350865945,28.98470182842,28.9499745173891,28.8904154684503,28.8854507011395,28.9350878965987,28.9598977684891,28.9946218259274,29.0342925281775,29.0987257577298,29.1581678438823,29.1334043574566,29.1086350865945,29.044207883055,29.0541223101622,29.0888155024772,29.1680716196875,29.0541223101622,28.8606233696602,28.6617945840412,28.537336284473,28.4675754627885,28.6319379709646,28.7214825035015,28.537336284473,28.5721994035508,28.4326777380859,28.4326777380859,28.5672196631112,28.6717449129776,28.7314272125631,28.8904154684503,28.8904154684503,29.0590791758805,29.0937707459177,28.98470182842,29.0491652125642,28.9698200896756,28.9946218259274,29.1581678438823,29.0541223101622,29.083860027377,29.0342925281775,28.930125224438,28.9053083729833,29.083860027377,29.1532156091641,29.0392503216033,29.1779744708596,29.1779744708596,29.2126271720896,29.1878763976491,29.1977774003059,28.9896619433183,28.7513138236853,28.5323548983997,28.5323548983997,28.4376638346625,28.2380356778862,28.1430795199092,28.1980645842911,28.253020924455,28.0780600787342,28.2080587813783,28.0180064083215,28.0730569169481,27.9779515459613,27.9378813982687,27.9428910032239,27.7824648884334,27.8677218086608,27.8627086137778,27.7122012073196,27.8175790741614
29.6423700780649,29.671943624202,29.667015270028,29.2720054887278,29.2076774790804,29.3807795666623,29.4696937897153,29.3906625985796,29.6965819756635,30.1194732660389,30.1292880515541,29.8984019418799,29.8787289912069,29.8196883661623,30.0065384149177,29.6226498173448,29.6472995727053,29.972143232219,29.967228730348,29.8246096664975,29.5979943542878,29.671943624202,29.6916547611904,29.9082370574946,30.1341951065232,29.8836475688813,29.3758377059907,29.2967366545395,29.8344515860316,30.0409225268145,29.6472995727053,29.5831983351633,29.795078457589,29.6325104041979,29.6177191814719,29.4301855384466,29.449941499166,29.6571578775531,29.775386440627,29.6029259036991,29.5979943542878,29.5042514727762,29.4450028531419,29.6522288391912,29.5979943542878,29.6571578775531,29.9033196129721,29.6127883172604,29.370895615469,29.0739483820717,28.8804857008759,28.9995814762791,29.2225258655088,29.4252459745708,29.4252459745708,29.55360012514,29.6029259036991,29.5338634107745,29.4054854233555,29.3807795666623,29.5190584720663,29.1829255497865,29.1878763976491,29.2621114091025,29.0045408944048,29.1383575173713,29.0243762452778,28.98470182842,29.2670585641821,29.242320482823,28.8854507011395,28.8208875158601,28.6916427592519,28.7314272125631,28.7214825035015,28.7065636848157,28.9698200896756,28.9499745173891,28.8457241736917,29.1284509661644,29.257164023458,29.1581678438823,29.0937707459177,29.173023160837,29.1482631431937,28.9896619433183,29.1433104459398,29.1532156091641,29.1482631431937,29.1532156091641,28.7363992161709,28.5024616412321,28.5074444391028,28.4675754627885,28.5572594772178,28.5273732771074,28.5771789090283,28.7413709858727,29.0987257577298,29.2472685603494,29.5289286601073,29.3560679644938,29.5634671097716,29.6571578775531,29.4795685592941,29.3016821965364,29.1928270144785,29.3066275082174,29.2225258655088,28.930125224438,28.9053083729833,29.257164023458,29.1284509661644,29.1878763976491,29.3066275082174,29.1829255497865,29.3016821965364,29.4203061811547,29.4598181030883,29.5387979325806,29.5486662897325,29.4400639777012,29.4450028531419,29.5486662897325,29.5930625764153,29.5831983351633,29.667015270028,29.5437322255563,29.5733331796973,29.6226498173448,29.6423700780649,29.7409166564112,29.6620866878218,29.400544711469,29.1433104459398,29.23242363567,29.1482631431937,29.3214620616761,29.5930625764153,29.6423700780649,29.6620866878218,29.5634671097716,29.3906625985796,29.4351248728131,29.449941499166,29.4548799158045,29.7704628680627,29.7359914914735,29.5042514727762,29.4054854233555,29.4104259055781,29.2076774790804,28.9251623196095,28.8308228788658,28.7065636848157,28.7065636848157,28.7711966938393,28.9102722087998,29.0243762452778,29.0342925281775,29.0739483820717,29.0045408944048,29.0392503216033,29.0590791758805,29.0689922118039,29.0144590341043,29.0590791758805,29.1334043574566,28.9896619433183,28.9053083729833,28.8804857008759,28.9698200896756,28.9450125430426,29.0689922118039,29.0987257577298,28.9946218259274,29.009500080336,29.1234973434636,29.1878763976491,29.0689922118039,29.0392503216033,29.0640358097506,29.0342925281775,29.1234973434636,28.8705550013636,28.8159194843254,28.61202887113,28.4276914056455,28.5223914205637,28.5124270015936,28.5771789090283,28.5572594772178,28.4675754627885,28.4576058629756,28.6369146594003,28.666769865686,28.6617945840412,28.7960450239002,28.8904154684503,28.8208875158601,28.9946218259274,29.0888155024772,28.9499745173891,28.8804857008759,29.0789043205857,29.0541223101622,29.0491652125642,29.0144590341043,28.9350878965987,28.9747809016303,28.9598977684891,28.9747809016303,29.103680537945,29.1383575173713,29.0789043205857,29.0888155024772,29.1185434893225,28.9946218259274,28.9648590453057,28.7562848918599,28.5572594772178,28.5472983510907,28.4476353203531,28.2430309971616,28.3378970521235,28.1580782977234,28.228044327915,28.2380356778862,28.1930671296786,28.0130003858666,28.0980703444506,28.0130003858666,27.982959239327,27.8476675914376,27.8977959483549,27.7674123504958,27.8025315774346,27.7423199823454,27.7874819207868,27.6720293663216
29.5486662897325,29.6374403552393,29.3165174407562,29.173023160837,28.940050336123,29.0342925281775,29.1383575173713,29.4054854233555,29.5831983351633,29.8246096664975,29.967228730348,29.8246096664975,29.8246096664975,29.4696937897153,29.4696937897153,29.6127883172604,29.6423700780649,29.6226498173448,29.7803097858312,29.6620866878218,29.5881305700507,29.6916547611904,29.4450028531419,29.7162885553777,29.7162885553777,29.6571578775531,29.1878763976491,29.173023160837,29.3362945434113,29.6325104041979,29.5338634107745,29.6423700780649,29.5387979325806,29.5930625764153,29.400544711469,29.6965819756635,29.7606150407326,29.6374403552393,29.9377369683613,29.8639718977337,29.6620866878218,29.3461817140249,29.4647560610483,29.5733331796973,29.6620866878218,29.8098450842037,29.8098450842037,29.8246096664975,29.4054854233555,29.1482631431937,28.940050336123,28.8953800028402,28.9946218259274,29.1433104459398,29.4301855384466,29.5437322255563,29.5289286601073,29.6177191814719,29.4054854233555,29.4153661581674,29.4104259055781,29.4203061811547,29.5881305700507,29.3362945434113,29.370895615469,29.1482631431937,28.98470182842,28.98470182842,29.0392503216033,28.8258553140296,28.8606233696602,28.7413709858727,28.7015902771012,28.676719725948,28.6816943046293,28.7513138236853,28.7910758250633,28.940050336123,28.6916427592519,28.9251623196095,29.4203061811547,29.4450028531419,29.1581678438823,29.1680716196875,29.1383575173713,29.1581678438823,29.1433104459398,29.1977774003059,29.1581678438823,29.2373721746069,28.8208875158601,28.4675754627885,28.4376638346625,28.5871372152255,28.7065636848157,28.7065636848157,28.6966166352573,28.8159194843254,29.0392503216033,29.227474865981,29.3461817140249,29.3362945434113,29.3165174407562,29.4894424120718,29.4795685592941,29.4795685592941,29.3264064524046,29.1829255497865,29.0640358097506,29.044207883055,28.8953800028402,29.2720054887278,29.0392503216033,29.1284509661644,29.1433104459398,29.23242363567,29.0541223101622,29.2076774790804,29.4845056002677,29.3610107447515,29.3610107447515,29.5634671097716,29.5733331796973,29.6817996485765,29.6768717503746,29.7458415937754,29.7113622521147,29.5733331796973,29.5930625764153,29.5338634107745,29.8639718977337,29.8049231025195,29.7458415937754,29.6226498173448,29.3362945434113,29.4252459745708,29.2126271720896,29.3066275082174,29.6374403552393,29.5831983351633,29.7261404787557,29.6916547611904,29.4943789947374,29.4203061811547,29.4696937897153,29.5930625764153,29.6127883172604,29.5042514727762,29.4894424120718,29.55360012514,29.3956037698873,29.242320482823,29.083860027377,28.9350878965987,28.9201991820813,29.0541223101622,28.9251623196095,29.0590791758805,29.1284509661644,29.2373721746069,29.0739483820717,29.0789043205857,28.9251623196095,29.044207883055,28.9698200896756,29.1234973434636,28.9946218259274,28.9896619433183,29.0045408944048,28.9698200896756,28.9896619433183,28.9549362591941,29.0640358097506,29.0789043205857,28.940050336123,28.9251623196095,29.0789043205857,29.0541223101622,29.0689922118039,29.0888155024772,29.0689922118039,28.98470182842,29.0541223101622,29.0144590341043,29.0243762452778,29.0293345027462,28.7513138236853,28.6717449129776,28.5970945819598,28.5821581795757,28.4775441200496,28.4276914056455,28.6269610479519,28.5522790316995,28.6369146594003,28.6020729131087,28.6816943046293,28.7015902771012,28.9053083729833,28.9003443043406,29.0045408944048,28.930125224438,28.9350878965987,28.8655893020517,28.9698200896756,29.0491652125642,28.9747809016303,28.9648590453057,29.0243762452778,29.0293345027462,29.019417755741,29.0689922118039,29.1135894037099,29.0888155024772,29.1631198473796,29.0937707459177,29.1086350865945,28.9797414812012,28.9251623196095,28.7662263269051,28.6617945840412,28.5472983510907,28.342887635646,28.4625907807171,28.2680040377398,28.2630099036222,28.1180768014564,28.2480260793404,28.1680762946208,28.1030723156867,28.0580460022081,28.0330230443987,28.0730569169481,27.9479003691149,27.7473389366228,27.892784190336,27.837639044803,27.7975152652541,27.7373007876777,27.7272616770383
29.8590524129916,29.4795685592941,29.4598181030883,29.1680716196875,28.915235811822,28.8208875158601,28.9995814762791,29.1928270144785,29.6916547611904,29.8492127629486,30.0360111882413,29.9524838675562,29.6817996485765,29.5684002590573,29.227474865981,29.5733331796973,29.6127883172604,29.4400639777012,29.6867273188382,29.4696937897153,29.5634671097716,29.5930625764153,29.7113622521147,29.4894424120718,29.6916547611904,29.4548799158045,29.1631198473796,29.1680716196875,29.1779744708596,29.5733331796973,29.6226498173448,29.6620866878218,29.3758377059907,29.3511249542619,29.4301855384466,29.7409166564112,29.8639718977337,29.6325104041979,29.667015270028,29.8836475688813,29.8049231025195,29.3461817140249,29.5486662897325,29.5338634107745,29.6571578775531,29.6768717503746,29.8639718977337,30.0065384149177,29.3906625985796,28.9698200896756,28.8755204676278,28.8854507011395,28.9499745173891,29.1234973434636,29.4450028531419,29.4153661581674,29.6325104041979,29.4845056002677,29.385721197515,29.3214620616761,29.6078572246797,29.671943624202,29.8836475688813,29.3956037698873,29.6078572246797,29.3956037698873,29.1779744708596,29.2076774790804,29.0392503216033,28.7115368584326,28.7761668270904,28.8308228788658,28.676719725948,28.7165097979839,28.8705550013636,28.9995814762791,28.9797414812012,29.009500080336,28.8109512193939,28.9946218259274,29.2621114091025,29.6423700780649,29.4203061811547,29.3066275082174,29.1284509661644,29.1234973434636,29.1234973434636,29.2027275551628,29.242320482823,29.1482631431937,28.8953800028402,28.6418911132907,28.5970945819598,28.607051009488,28.607051009488,28.8059827210337,28.7413709858727,28.9549362591941,28.98470182842,29.0789043205857,29.2126271720896,29.1878763976491,29.0342925281775,29.227474865981,29.2967366545395,29.3511249542619,29.3313506129726,29.3016821965364,29.1581678438823,28.9053083729833,28.9450125430426,29.1532156091641,29.23242363567,29.1135894037099,29.3115725896136,29.3066275082174,29.2225258655088,29.0342925281775,29.2818986463425,29.4795685592941,29.3610107447515,29.5684002590573,29.6029259036991,29.7409166564112,29.8196883661623,29.785232903706,29.8639718977337,29.8492127629486,29.671943624202,29.5881305700507,29.8147668387412,29.9082370574946,29.7212146309145,29.5831983351633,29.5782658717225,29.3165174407562,29.3264064524046,29.5239936805482,29.7359914914735,29.6275802249099,29.844292597587,29.8492127629486,29.5733331796973,29.5239936805482,29.400544711469,29.4598181030883,29.4696937897153,29.3906625985796,29.4400639777012,29.4746312891203,29.4450028531419,29.4548799158045,29.3313506129726,29.2126271720896,29.2769521827709,29.1185434893225,29.1433104459398,29.0491652125642,28.9747809016303,29.0590791758805,28.9698200896756,28.7910758250633,28.9995814762791,28.915235811822,28.9450125430426,29.1234973434636,29.019417755741,29.009500080336,28.9946218259274,29.019417755741,29.0739483820717,28.98470182842,28.8755204676278,28.8506908055119,28.8457241736917,28.9053083729833,28.9747809016303,29.0739483820717,29.0739483820717,29.0640358097506,29.0491652125642,29.0541223101622,29.0243762452778,28.9946218259274,29.217576634222,29.083860027377,29.0491652125642,28.8407573086651,28.8159194843254,28.7264549750173,28.5223914205637,28.5074444391028,28.482528095304,28.5871372152255,28.7015902771012,28.7065636848157,28.6717449129776,28.8606233696602,28.9102722087998,28.7711966938393,28.8755204676278,28.8457241736917,28.8308228788658,28.8457241736917,28.9251623196095,28.9499745173891,29.0342925281775,28.8755204676278,28.9896619433183,29.0541223101622,29.1135894037099,29.0789043205857,29.0789043205857,29.0144590341043,29.0689922118039,28.9648590453057,29.2373721746069,29.0937707459177,28.9499745173891,28.7562848918599,28.646867332668,28.5921160160095,28.4326777380859,28.3628476055947,28.3877922511433,28.3528680933838,28.1280786023483,28.1780733411736,28.2829850186196,28.2430309971616,28.0180064083215,27.982959239327,27.9028074670123,27.9028074670123,27.8576951793018,27.8827599560813,27.9328715542163,27.8426534379831,27.8476675914376,27.7222417610001
29.55360012514,29.3165174407562,29.5486662897325,29.0640358097506,28.8010139892131,28.676719725948,28.7861063926706,29.0144590341043,29.4548799158045,29.9917989785445,29.8098450842037,29.6620866878218,29.5387979325806,29.4351248728131,29.23242363567,29.3511249542619,29.55360012514,29.6817996485765,29.4054854233555,29.385721197515,29.3115725896136,29.4795685592941,29.7015089622882,29.5338634107745,29.5042514727762,29.400544711469,29.1532156091641,29.0937707459177,29.1779744708596,29.4054854233555,29.7606150407326,29.7359914914735,29.6374403552393,29.3264064524046,29.4696937897153,29.6817996485765,29.7507663035967,29.7606150407326,30.0998409918593,30.0900235027141,29.7359914914735,29.6374403552393,29.6522288391912,29.5486662897325,29.6571578775531,29.8738101868109,29.977057507944,29.9033196129721,29.6226498173448,29.1482631431937,28.98470182842,29.1086350865945,29.1234973434636,29.2472685603494,29.3906625985796,29.1284509661644,29.2225258655088,29.5190584720663,29.3560679644938,29.1284509661644,29.3313506129726,29.6029259036991,29.4993153482952,29.4993153482952,29.3659532950663,29.4598181030883,29.3659532950663,29.4894424120718,29.2076774790804,28.7711966938393,28.7960450239002,28.8457241736917,28.7662263269051,28.7214825035015,28.940050336123,28.98470182842,28.9797414812012,29.2027275551628,28.9946218259274,28.9797414812012,29.1928270144785,29.6374403552393,29.6325104041979,29.2818986463425,29.173023160837,29.1383575173713,28.9946218259274,29.1383575173713,29.2373721746069,29.3610107447515,28.9598977684891,29.0640358097506,28.8506908055119,28.7861063926706,28.7264549750173,28.8357902104004,28.9549362591941,28.9102722087998,28.9698200896756,29.0739483820717,29.0789043205857,28.98470182842,28.9995814762791,29.0689922118039,29.2818986463425,29.2670585641821,29.1829255497865,29.1779744708596,28.930125224438,28.915235811822,29.0392503216033,29.1779744708596,29.1334043574566,29.2720054887278,29.4548799158045,29.4993153482952,29.1878763976491,29.2027275551628,29.1878763976491,29.3807795666623,29.3560679644938,29.5486662897325,29.6867273188382,29.9180712669515,29.8688911556633,29.7409166564112,29.8196883661623,29.8393722052915,29.8393722052915,29.9180712669515,29.977057507944,29.8738101868109,29.6817996485765,29.5239936805482,29.5141230346309,29.5042514727762,29.4203061811547,29.5782658717225,29.6029259036991,29.8344515860316,29.8147668387412,29.7261404787557,29.7261404787557,29.6867273188382,29.4696937897153,29.6226498173448,29.5387979325806,29.4450028531419,29.3807795666623,29.5289286601073,29.4696937897153,29.4203061811547,29.4696937897153,29.23242363567,29.400544711469,29.4203061811547,29.400544711469,29.1581678438823,29.0392503216033,28.9499745173891,29.0342925281775,29.0689922118039,29.0293345027462,29.0243762452778,29.1532156091641,29.0342925281775,29.0937707459177,29.009500080336,29.1383575173713,29.0491652125642,29.0342925281775,29.0342925281775,28.9598977684891,29.0392503216033,28.9499745173891,28.8904154684503,28.9896619433183,28.9102722087998,29.0689922118039,29.0640358097506,29.1234973434636,29.1829255497865,29.2472685603494,29.1581678438823,29.2126271720896,29.2225258655088,29.2225258655088,29.103680537945,29.009500080336,28.8506908055119,28.7413709858727,28.5423174353593,28.646867332668,28.646867332668,28.6269610479519,28.646867332668,28.6568190680113,28.6717449129776,28.8705550013636,28.7363992161709,28.9003443043406,28.8556572041575,28.930125224438,28.8357902104004,28.8556572041575,28.8904154684503,29.0392503216033,28.9747809016303,29.0293345027462,29.103680537945,29.2917908821956,29.3659532950663,29.3610107447515,29.2818986463425,29.3214620616761,29.2373721746069,29.0987257577298,29.0937707459177,28.8854507011395,28.7463425217002,28.6617945840412,28.5771789090283,28.4576058629756,28.4576058629756,28.4476353203531,28.372826172538,28.3029563442362,28.2929711549704,28.2829850186196,28.1030723156867,28.1130755441568,28.0530418873914,27.9278614710339,28.0130003858666,27.9328715542163,27.9028074670123,27.8877721929225,27.7272616770383,27.8326244118639,27.7222417610001
28.98470182842,29.173023160837,29.1433104459398,28.915235811822,28.6866686490532,28.6319379709646,28.6717449129776,28.9003443043406,29.1581678438823,29.6078572246797,29.4696937897153,29.5486662897325,29.257164023458,29.044207883055,29.2373721746069,29.3115725896136,29.242320482823,29.4153661581674,29.2472685603494,29.3264064524046,29.1532156091641,29.0987257577298,29.217576634222,29.6029259036991,29.449941499166,29.3214620616761,29.4054854233555,29.083860027377,29.1779744708596,29.5387979325806,29.5831983351633,29.7212146309145,29.7556907859056,29.6867273188382,29.5733331796973,29.5486662897325,29.5930625764153,30.1047493983729,30.2077739295662,30.1047493983729,29.7015089622882,29.795078457589,29.6768717503746,29.5289286601073,29.667015270028,29.8000008936581,30.0212758178786,29.8688911556633,29.795078457589,29.4598181030883,29.4795685592941,29.4252459745708,29.3066275082174,29.2769521827709,29.5387979325806,29.0640358097506,29.0739483820717,29.1631198473796,29.1977774003059,29.1383575173713,29.3264064524046,29.4252459745708,29.3412382437518,29.4400639777012,29.4104259055781,29.4104259055781,29.4845056002677,29.400544711469,29.3412382437518,29.0541223101622,28.8159194843254,28.9003443043406,28.8059827210337,28.7861063926706,28.8109512193939,28.930125224438,28.9499745173891,28.940050336123,29.1928270144785,29.2967366545395,29.2225258655088,29.4252459745708,30.1145655354327,29.6275802249099,29.1284509661644,29.1334043574566,29.0590791758805,29.1334043574566,29.1433104459398,29.2225258655088,29.2720054887278,29.2472685603494,28.8407573086651,28.7363992161709,28.7214825035015,28.9698200896756,28.9201991820813,28.8407573086651,28.9251623196095,28.98470182842,29.0590791758805,28.8904154684503,28.9201991820813,29.0789043205857,29.1928270144785,29.3115725896136,29.2769521827709,29.1234973434636,28.915235811822,28.9797414812012,29.257164023458,29.217576634222,29.1284509661644,29.1185434893225,29.4301855384466,29.3412382437518,29.2720054887278,29.671943624202,29.3906625985796,29.0342925281775,29.1680716196875,29.3313506129726,29.7655390681081,29.9229880319466,29.7704628680627,29.7212146309145,29.7162885553777,29.6817996485765,29.8590524129916,29.9967123499873,29.8590524129916,29.8639718977337,29.6522288391912,29.55360012514,29.6571578775531,29.6571578775531,29.671943624202,29.7015089622882,29.5684002590573,29.8295307397771,29.8000008936581,29.5684002590573,29.7015089622882,29.6127883172604,29.6916547611904,29.5190584720663,29.3758377059907,29.5437322255563,29.2126271720896,29.449941499166,29.5387979325806,29.4400639777012,29.4943789947374,29.5239936805482,29.6226498173448,29.6177191814719,29.3115725896136,29.1631198473796,29.0739483820717,29.1433104459398,29.2027275551628,29.103680537945,29.0541223101622,29.1779744708596,29.1878763976491,29.019417755741,29.0342925281775,29.0541223101622,29.0293345027462,29.019417755741,29.0293345027462,29.009500080336,29.0045408944048,29.0640358097506,29.083860027377,29.0640358097506,28.9995814762791,28.9102722087998,28.9648590453057,28.9946218259274,29.0689922118039,29.3165174407562,29.370895615469,29.3610107447515,29.23242363567,29.2373721746069,29.217576634222,29.0937707459177,28.9797414812012,28.8854507011395,28.7015902771012,28.6369146594003,28.5472983510907,28.6717449129776,28.6319379709646,28.7264549750173,28.6170064980665,28.6568190680113,28.6916427592519,28.8407573086651,28.9499745173891,28.8258553140296,28.940050336123,28.8258553140296,28.8755204676278,29.0045408944048,28.9251623196095,29.1086350865945,29.1086350865945,29.2225258655088,29.257164023458,29.4696937897153,29.7261404787557,29.5141230346309,29.4647560610483,29.3214620616761,29.217576634222,29.0392503216033,28.7513138236853,28.7015902771012,28.7065636848157,28.4476353203531,28.4625907807171,28.3877922511433,28.2430309971616,28.3029563442362,28.332906232122,28.2680040377398,28.1680762946208,28.1680762946208,28.063049878718,28.0880656878123,27.9128297863749,28.0130003858666,27.7573761241401,27.9178405871461,27.8225944265762,27.8225944265762,27.8677218086608,27.8476675914376
29.0293345027462,29.1135894037099,29.0243762452778,28.8159194843254,28.5771789090283,28.6617945840412,28.6170064980665,28.8308228788658,29.0789043205857,29.2472685603494,29.4795685592941,29.5437322255563,29.3758377059907,29.3906625985796,29.3412382437518,29.385721197515,29.449941499166,29.2720054887278,29.0987257577298,28.9698200896756,28.8804857008759,29.0541223101622,29.083860027377,29.4993153482952,29.6916547611904,29.6029259036991,29.2967366545395,29.1185434893225,29.4203061811547,29.6620866878218,29.7162885553777,29.667015270028,29.7704628680627,29.7212146309145,29.8098450842037,29.6522288391912,29.7556907859056,29.9229880319466,30.094932359983,30.2273864061603,30.0261878338035,29.9623140023007,29.8984019418799,29.8196883661623,29.6817996485765,29.8196883661623,30.1734434433101,30.0163635761093,29.8393722052915,29.8098450842037,29.8147668387412,29.4548799158045,29.4548799158045,29.4450028531419,29.4894424120718,29.3362945434113,29.0392503216033,29.083860027377,29.3560679644938,29.3264064524046,29.3264064524046,29.3461817140249,29.3313506129726,29.3461817140249,29.5979943542878,29.4894424120718,29.4943789947374,29.4746312891203,29.370895615469,29.2522164072173,29.0590791758805,29.2126271720896,29.1581678438823,29.1334043574566,29.1680716196875,29.0987257577298,29.0045408944048,28.666769865686,28.9698200896756,29.0491652125642,29.2126271720896,29.6226498173448,29.7704628680627,29.6226498173448,29.400544711469,29.2472685603494,29.1284509661644,29.2917908821956,29.3560679644938,29.3560679644938,29.3264064524046,29.2373721746069,29.0888155024772,29.044207883055,28.9549362591941,29.0937707459177,28.9648590453057,28.8556572041575,28.9251623196095,29.044207883055,28.9350878965987,28.8904154684503,28.7960450239002,29.0293345027462,29.0888155024772,29.3511249542619,29.3313506129726,29.3610107447515,29.1433104459398,29.2917908821956,29.23242363567,29.4104259055781,29.242320482823,29.173023160837,29.3956037698873,29.4450028531419,29.6817996485765,29.6817996485765,29.2917908821956,29.0789043205857,29.3264064524046,29.5486662897325,29.8393722052915,29.927904570493,30.0261878338035,29.8885659198648,29.6916547611904,29.7359914914735,29.8541327014066,29.9967123499873,30.045833639664,29.844292597587,29.6768717503746,29.6867273188382,29.6620866878218,29.7113622521147,29.6571578775531,29.8541327014066,29.9819715575531,29.9377369683613,29.8000008936581,29.7261404787557,29.7212146309145,29.7556907859056,29.7409166564112,29.6768717503746,29.5733331796973,29.5387979325806,29.5486662897325,29.6374403552393,29.6177191814719,29.6029259036991,29.5585337318094,29.4845056002677,29.5585337318094,29.5437322255563,29.3511249542619,29.1532156091641,29.217576634222,29.1631198473796,29.1878763976491,29.044207883055,29.217576634222,29.2472685603494,29.2621114091025,29.257164023458,29.0243762452778,28.9896619433183,29.044207883055,28.8804857008759,28.940050336123,29.0342925281775,29.083860027377,29.0293345027462,29.0541223101622,29.1284509661644,29.0739483820717,29.1334043574566,29.1433104459398,29.2769521827709,29.3165174407562,29.3956037698873,29.4252459745708,29.4153661581674,29.1977774003059,29.3412382437518,29.23242363567,29.1086350865945,29.0491652125642,28.9747809016303,28.7363992161709,28.7214825035015,28.607051009488,28.7264549750173,28.6369146594003,28.5622396876777,28.6418911132907,28.8357902104004,28.7811367266903,28.7910758250633,28.7960450239002,28.8953800028402,28.8357902104004,28.8606233696602,28.8904154684503,28.8308228788658,28.915235811822,28.930125224438,29.0640358097506,29.1977774003059,29.3412382437518,29.4647560610483,29.5338634107745,29.4647560610483,29.4548799158045,29.3264064524046,29.217576634222,28.9797414812012,28.9450125430426,28.7264549750173,28.5672196631112,28.5721994035508,28.4675754627885,28.5771789090283,28.3778151016153,28.4576058629756,28.2879782051969,28.277991595206,28.223048297154,28.228044327915,28.0180064083215,28.048037534235,28.14807935022,28.063049878718,27.892784190336,27.8727347639835,27.8777474797793,27.8225944265762,27.8677218086608,27.7573761241401
28.8655893020517,28.8457241736917,28.8407573086651,28.7264549750173,28.5871372152255,28.6219838903298,28.7513138236853,28.8655893020517,29.217576634222,29.044207883055,29.2769521827709,29.6522288391912,29.5437322255563,29.370895615469,29.3264064524046,29.4450028531419,29.400544711469,29.0342925281775,28.930125224438,28.7413709858727,28.8755204676278,29.0888155024772,28.9747809016303,29.2670585641821,29.667015270028,29.5387979325806,29.55360012514,29.4351248728131,29.4351248728131,29.671943624202,29.8984019418799,29.7458415937754,29.6620866878218,29.6768717503746,29.5634671097716,29.7704628680627,29.7655390681081,29.6374403552393,29.8098450842037,30.0654758344281,30.2322889637756,30.0261878338035,30.0163635761093,30.0114511084659,29.8787289912069,29.8049231025195,29.9967123499873,30.001625495435,29.7064357210951,29.7261404787557,29.7162885553777,29.449941499166,29.4252459745708,29.3461817140249,29.103680537945,28.8904154684503,29.0293345027462,28.8904154684503,29.1878763976491,29.4252459745708,29.4153661581674,29.3412382437518,29.1433104459398,29.3511249542619,29.3214620616761,29.4894424120718,29.4845056002677,29.3115725896136,29.227474865981,29.3066275082174,29.3511249542619,29.385721197515,29.1680716196875,29.1532156091641,29.1581678438823,29.4450028531419,29.3511249542619,29.2027275551628,28.9747809016303,28.9499745173891,29.1086350865945,29.4104259055781,29.4351248728131,29.6571578775531,29.667015270028,29.2621114091025,29.1284509661644,29.1284509661644,29.2917908821956,29.3560679644938,29.5289286601073,29.3264064524046,29.3016821965364,29.4252459745708,28.9946218259274,28.915235811822,28.930125224438,28.8159194843254,28.8953800028402,29.0293345027462,28.98470182842,28.8357902104004,28.8010139892131,28.8755204676278,29.0243762452778,29.2917908821956,29.2027275551628,29.3016821965364,29.3115725896136,29.400544711469,29.4153661581674,29.4104259055781,29.2522164072173,29.2720054887278,29.3758377059907,29.4746312891203,29.6817996485765,29.3659532950663,29.2917908821956,29.1086350865945,29.3214620616761,29.5979943542878,29.6916547611904,29.775386440627,29.785232903706,29.7704628680627,29.6127883172604,29.7212146309145,30.0802051118783,29.972143232219,29.8639718977337,29.844292597587,29.6571578775531,29.7556907859056,29.8196883661623,29.8344515860316,29.9819715575531,29.8492127629486,30.0212758178786,29.7901557942818,29.775386440627,29.6177191814719,29.8000008936581,29.7507663035967,29.8295307397771,29.7359914914735,29.5486662897325,29.5239936805482,29.5930625764153,29.8098450842037,29.5979943542878,29.6768717503746,29.8344515860316,29.5486662897325,29.5239936805482,29.55360012514,29.3412382437518,29.1631198473796,29.0640358097506,29.1234973434636,29.0342925281775,29.009500080336,29.1234973434636,29.257164023458,29.1334043574566,29.1928270144785,29.1334043574566,29.0789043205857,29.0144590341043,29.0243762452778,29.0392503216033,28.9251623196095,28.9350878965987,28.8556572041575,28.9995814762791,28.8457241736917,28.8606233696602,28.9201991820813,28.9698200896756,29.0491652125642,29.2126271720896,29.1482631431937,29.2868448794737,29.2868448794737,29.3461817140249,29.3560679644938,29.1977774003059,29.1829255497865,28.9797414812012,28.7562848918599,28.5721994035508,28.7264549750173,28.7165097979839,28.607051009488,28.5522790316995,28.5572594772178,28.5672196631112,28.6717449129776,28.7065636848157,28.6866686490532,28.8308228788658,28.8308228788658,28.8556572041575,28.7264549750173,28.8655893020517,28.8208875158601,29.0045408944048,28.930125224438,29.0541223101622,29.0888155024772,29.4054854233555,29.400544711469,29.4598181030883,29.4450028531419,29.3313506129726,29.3313506129726,29.3214620616761,28.98470182842,28.7115368584326,28.6966166352573,28.5522790316995,28.4775441200496,28.4725599092219,28.4177180330437,28.342887635646,28.2979638679726,28.2729979349236,28.1530789428139,28.1230778208426,28.0980703444506,27.9779515459613,28.0580460022081,28.0330230443987,27.9228511486881,27.9028074670123,27.8627086137778,27.7473389366228,27.7874819207868,27.8175790741614,27.6569609527223
28.6816943046293,28.6717449129776,28.646867332668,28.607051009488,28.6816943046293,28.6866686490532,29.0392503216033,28.8705550013636,29.0689922118039,29.0491652125642,29.103680537945,29.3511249542619,29.6867273188382,29.3659532950663,29.1829255497865,29.2373721746069,29.0987257577298,28.7811367266903,28.7662263269051,28.7015902771012,28.6568190680113,28.7662263269051,29.044207883055,29.2769521827709,29.5831983351633,29.5831983351633,29.8098450842037,29.8639718977337,29.6078572246797,29.4252459745708,29.7359914914735,29.7310660989319,29.7704628680627,29.6620866878218,29.5387979325806,29.5338634107745,29.4943789947374,29.4943789947374,29.7162885553777,30.0261878338035,30.3694695173139,30.0900235027141,30.0212758178786,30.1391019363398,29.9967123499873,29.844292597587,30.0900235027141,30.001625495435,29.5486662897325,29.5190584720663,29.4845056002677,29.7064357210951,29.6078572246797,29.4598181030883,29.083860027377,29.1779744708596,29.1779744708596,29.1779744708596,29.3066275082174,29.2472685603494,29.5486662897325,29.2522164072173,29.1829255497865,29.0789043205857,29.370895615469,29.5141230346309,29.227474865981,29.2076774790804,29.2720054887278,29.2621114091025,29.3659532950663,29.3511249542619,29.1185434893225,28.9251623196095,28.9896619433183,29.3511249542619,29.3362945434113,29.3313506129726,29.2225258655088,28.9946218259274,29.0590791758805,29.0392503216033,29.3461817140249,29.4450028531419,29.4252459745708,29.2472685603494,29.2076774790804,29.1532156091641,29.1234973434636,29.3362945434113,29.5486662897325,29.400544711469,29.5289286601073,29.4153661581674,29.23242363567,28.9648590453057,28.9747809016303,29.0243762452778,29.0045408944048,29.1334043574566,28.9053083729833,28.9995814762791,28.8904154684503,28.9350878965987,29.083860027377,29.1532156091641,29.3115725896136,29.3214620616761,29.4993153482952,29.4054854233555,29.4301855384466,29.4054854233555,29.2621114091025,29.4054854233555,29.449941499166,29.7064357210951,29.927904570493,29.4696937897153,29.4696937897153,29.5979943542878,29.5338634107745,29.5338634107745,29.6571578775531,29.7655390681081,29.667015270028,29.671943624202,29.5979943542878,29.8393722052915,29.977057507944,29.8639718977337,29.785232903706,29.8393722052915,29.6571578775531,29.6423700780649,29.775386440627,29.8000008936581,29.8295307397771,29.9131542754777,29.977057507944,29.8246096664975,29.7901557942818,29.8000008936581,29.9524838675562,30.0654758344281,29.8885659198648,29.6916547611904,29.4993153482952,29.4795685592941,29.5979943542878,29.6965819756635,29.7901557942818,29.8541327014066,29.9229880319466,29.8492127629486,29.7704628680627,29.4943789947374,29.55360012514,29.1482631431937,29.1977774003059,29.1482631431937,29.1878763976491,29.1482631431937,29.1334043574566,29.1334043574566,29.2472685603494,29.083860027377,29.083860027377,29.0689922118039,29.0789043205857,28.9450125430426,29.0392503216033,28.915235811822,28.8655893020517,28.9450125430426,28.8556572041575,28.8208875158601,28.7960450239002,28.8357902104004,28.9648590453057,28.9598977684891,29.1334043574566,29.1334043574566,29.2670585641821,29.3016821965364,29.3659532950663,29.227474865981,29.2670585641821,29.1631198473796,29.0590791758805,28.9698200896756,28.7662263269051,28.6518433175642,28.7562848918599,28.7463425217002,28.4725599092219,28.5622396876777,28.5721994035508,28.666769865686,28.6916427592519,28.5921160160095,28.7065636848157,28.8854507011395,28.7115368584326,28.9499745173891,28.940050336123,29.019417755741,28.9946218259274,29.0243762452778,29.2076774790804,29.1383575173713,29.3560679644938,29.4696937897153,29.6916547611904,29.6127883172604,29.4647560610483,29.4795685592941,29.3016821965364,29.1185434893225,28.8755204676278,28.8705550013636,28.5522790316995,28.4725599092219,28.5273732771074,28.3378970521235,28.228044327915,28.3229238825521,28.228044327915,28.2130555239183,28.258015532538,28.1180768014564,28.0380281127715,28.0930681351701,27.9028074670123,27.9228511486881,27.9278614710339,27.8777474797793,27.8677218086608,27.9529094959747,27.8175790741614,27.7824648884334
28.497478607949,28.4376638346625,28.5721994035508,28.5970945819598,28.6369146594003,28.7612557262559,28.6866686490532,28.8506908055119,28.8904154684503,29.0342925281775,29.0590791758805,29.2670585641821,29.7556907859056,29.2967366545395,29.2373721746069,29.1284509661644,29.242320482823,28.9598977684891,28.676719725948,28.4426496954073,28.6568190680113,28.5323548983997,28.8755204676278,29.1135894037099,29.4548799158045,29.8049231025195,29.8541327014066,29.7803097858312,29.8000008936581,29.7359914914735,29.6571578775531,29.7409166564112,29.6817996485765,29.6916547611904,29.6620866878218,29.4696937897153,29.3115725896136,29.4746312891203,29.55360012514,30.0212758178786,30.0900235027141,30.1145655354327,30.0065384149177,29.6817996485765,29.671943624202,29.8738101868109,29.8196883661623,29.9967123499873,29.7803097858312,29.5486662897325,29.4696937897153,29.6275802249099,29.4746312891203,29.55360012514,29.3214620616761,29.1284509661644,29.5437322255563,29.3659532950663,29.4894424120718,29.4153661581674,29.370895615469,29.242320482823,29.1581678438823,29.2076774790804,29.1829255497865,29.1928270144785,29.0491652125642,29.009500080336,29.2225258655088,29.2126271720896,29.257164023458,29.1135894037099,29.019417755741,28.8506908055119,28.9598977684891,29.0342925281775,29.1334043574566,29.4301855384466,29.2225258655088,29.1383575173713,29.0541223101622,29.1631198473796,29.1334043574566,29.3313506129726,29.400544711469,29.4894424120718,29.3115725896136,29.1779744708596,29.1334043574566,29.3066275082174,29.3016821965364,29.4153661581674,29.5437322255563,29.5585337318094,29.1829255497865,28.9251623196095,28.8755204676278,28.8506908055119,28.8606233696602,29.0243762452778,29.0144590341043,28.6518433175642,28.8109512193939,28.9350878965987,29.1928270144785,29.1878763976491,29.3016821965364,29.3165174407562,29.4746312891203,29.5684002590573,29.7162885553777,29.4054854233555,29.2769521827709,29.4450028531419,29.3511249542619,29.7015089622882,29.8246096664975,29.7261404787557,29.6275802249099,29.7655390681081,29.5486662897325,29.4647560610483,29.55360012514,29.6817996485765,29.7507663035967,29.5733331796973,29.55360012514,29.6078572246797,29.5387979325806,29.6226498173448,29.6817996485765,29.6275802249099,29.55360012514,29.6325104041979,29.6275802249099,29.7606150407326,29.844292597587,29.9033196129721,30.158727004683,30.1636327091878,30.0212758178786,29.967228730348,29.9623140023007,29.9573990480468,29.8984019418799,29.7212146309145,29.4943789947374,29.4894424120718,29.6817996485765,29.7901557942818,29.8836475688813,29.8639718977337,29.9328208826212,29.967228730348,29.8492127629486,29.5831983351633,29.4795685592941,29.5190584720663,29.2522164072173,29.1829255497865,29.1977774003059,28.9995814762791,29.1829255497865,29.083860027377,29.2126271720896,29.1234973434636,29.083860027377,28.9450125430426,29.083860027377,28.9499745173891,29.0491652125642,29.044207883055,28.9896619433183,28.9251623196095,28.930125224438,28.8606233696602,28.7811367266903,28.930125224438,28.9053083729833,29.0491652125642,29.1284509661644,29.2868448794737,29.2720054887278,29.2670585641821,29.3214620616761,29.2373721746069,29.2225258655088,29.2126271720896,29.0640358097506,29.0590791758805,28.7811367266903,28.7264549750173,28.7562848918599,28.7214825035015,28.5721994035508,28.6170064980665,28.6020729131087,28.6518433175642,28.7264549750173,28.5970945819598,28.7662263269051,28.8208875158601,28.7314272125631,28.9102722087998,29.0937707459177,28.9698200896756,28.9747809016303,29.1086350865945,29.1334043574566,29.1234973434636,29.4252459745708,29.4598181030883,29.6127883172604,29.6078572246797,29.785232903706,29.6916547611904,29.5486662897325,29.3758377059907,29.0689922118039,28.9450125430426,28.7015902771012,28.5771789090283,28.4775441200496,28.4127309928177,28.3678370072086,28.223048297154,28.2829850186196,28.2480260793404,28.258015532538,28.1130755441568,28.1330791460061,28.0780600787342,28.063049878718,28.0380281127715,27.9929739096901,27.8977959483549,27.9979808867536,27.812563481855,27.8326244118639,28.0130003858666
28.6717449129776,28.4924953392214,28.5970945819598,28.6916427592519,28.6418911132907,28.5721994035508,28.5771789090283,28.7314272125631,28.8804857008759,29.044207883055,29.1086350865945,29.3610107447515,29.3461817140249,29.1928270144785,28.9499745173891,28.8655893020517,29.2670585641821,29.1334043574566,28.7513138236853,28.646867332668,28.4576058629756,28.7612557262559,28.9499745173891,28.9549362591941,29.2225258655088,29.8098450842037,29.8738101868109,29.785232903706,29.7556907859056,29.7556907859056,29.667015270028,29.671943624202,29.6817996485765,29.667015270028,29.6571578775531,29.3511249542619,29.3412382437518,29.3659532950663,29.5437322255563,29.6620866878218,29.7310660989319,30.0360111882413,30.001625495435,29.671943624202,29.6817996485765,29.9229880319466,29.8492127629486,29.9868853810766,29.9967123499873,30.0065384149177,30.0360111882413,29.6768717503746,29.6177191814719,29.1928270144785,29.3313506129726,29.5190584720663,29.5881305700507,29.5338634107745,29.6867273188382,29.55360012514,29.400544711469,29.3066275082174,29.257164023458,29.0392503216033,28.8953800028402,28.9450125430426,28.8953800028402,28.8556572041575,29.083860027377,29.1135894037099,29.1234973434636,29.0541223101622,28.9995814762791,28.8755204676278,28.8407573086651,29.019417755741,29.3511249542619,29.400544711469,29.2522164072173,29.3165174407562,29.2967366545395,29.1433104459398,29.1482631431937,29.257164023458,29.449941499166,29.2818986463425,29.2670585641821,29.0739483820717,29.103680537945,29.2769521827709,29.3956037698873,29.449941499166,29.7212146309145,29.55360012514,29.3313506129726,29.009500080336,28.6717449129776,28.7861063926706,28.9598977684891,28.8904154684503,28.9350878965987,28.8109512193939,28.8010139892131,28.8159194843254,28.9350878965987,29.217576634222,29.0689922118039,29.1977774003059,29.3610107447515,29.5684002590573,29.7704628680627,29.4943789947374,29.5338634107745,29.5486662897325,29.5585337318094,29.7556907859056,29.8541327014066,29.8049231025195,29.9328208826212,29.8147668387412,29.5881305700507,29.5684002590573,29.5289286601073,29.5733331796973,29.5042514727762,29.5289286601073,29.6078572246797,29.667015270028,29.8688911556633,29.8246096664975,29.7409166564112,29.4845056002677,29.449941499166,29.6226498173448,29.8590524129916,29.9868853810766,29.9623140023007,29.8885659198648,29.9917989785445,30.1636327091878,30.1341951065232,30.1391019363398,29.9868853810766,30.0605656241719,29.9082370574946,29.6768717503746,29.5684002590573,29.4746312891203,29.6867273188382,29.7064357210951,29.8541327014066,29.7803097858312,29.9033196129721,29.8295307397771,29.7556907859056,29.6078572246797,29.4943789947374,29.3362945434113,29.1680716196875,29.044207883055,29.0739483820717,29.1135894037099,29.0491652125642,28.9747809016303,29.083860027377,28.9450125430426,29.0937707459177,29.0888155024772,29.0689922118039,28.940050336123,28.9549362591941,28.8705550013636,29.1234973434636,28.98470182842,28.8953800028402,28.9251623196095,28.9053083729833,28.8904154684503,28.9499745173891,29.2522164072173,29.0491652125642,29.2472685603494,29.2472685603494,29.2621114091025,29.2868448794737,29.0789043205857,29.1234973434636,29.173023160837,29.0491652125642,28.9797414812012,28.7264549750173,28.7612557262559,28.6219838903298,28.61202887113,28.5871372152255,28.646867332668,28.5721994035508,28.5672196631112,28.5871372152255,28.7562848918599,28.7662263269051,28.8208875158601,28.8854507011395,28.7811367266903,28.9251623196095,28.9499745173891,28.98470182842,29.0937707459177,29.1829255497865,29.2076774790804,29.5486662897325,29.7064357210951,29.671943624202,29.785232903706,29.8147668387412,29.6325104041979,29.5486662897325,29.2472685603494,29.2225258655088,29.0590791758805,28.9201991820813,28.7413709858727,28.607051009488,28.3378970521235,28.372826172538,28.3877922511433,28.2729979349236,28.3179323529188,28.2630099036222,28.1280786023483,28.0830630023446,28.1380794518489,28.1130755441568,28.0730569169481,27.9979808867536,27.9078187463413,27.8877721929225,27.9579183838364,27.8426534379831,27.812563481855
28.6269610479519,28.5472983510907,28.4127309928177,28.5522790316995,28.6319379709646,28.6319379709646,28.6319379709646,29.0541223101622,29.1433104459398,29.1334043574566,29.370895615469,29.3758377059907,29.4647560610483,29.1185434893225,28.8109512193939,28.8308228788658,28.930125224438,28.9102722087998,28.6816943046293,28.5423174353593,28.5323548983997,28.7861063926706,28.9450125430426,28.9598977684891,29.1532156091641,29.4647560610483,29.6965819756635,29.6522288391912,29.7901557942818,29.7458415937754,29.667015270028,29.6620866878218,29.3659532950663,29.5190584720663,29.4795685592941,29.3610107447515,29.1532156091641,29.3362945434113,29.4795685592941,29.5239936805482,29.6620866878218,29.7162885553777,29.7113622521147,29.8000008936581,29.5585337318094,29.5831983351633,29.8098450842037,29.7901557942818,29.8049231025195,29.8196883661623,29.9967123499873,29.9328208826212,29.7015089622882,29.3165174407562,29.0888155024772,29.5141230346309,29.5239936805482,29.7212146309145,29.6916547611904,29.6768717503746,29.2967366545395,29.2917908821956,29.3461817140249,28.9549362591941,28.8457241736917,28.7612557262559,28.7314272125631,28.646867332668,28.8208875158601,28.940050336123,29.0689922118039,29.1234973434636,28.9995814762791,28.9946218259274,28.8655893020517,28.940050336123,29.0491652125642,29.2522164072173,29.2621114091025,29.2126271720896,29.3165174407562,29.2720054887278,29.0293345027462,29.1581678438823,29.2373721746069,29.3956037698873,29.2373721746069,29.1482631431937,29.1383575173713,29.3511249542619,29.3165174407562,29.4894424120718,29.5338634107745,29.55360012514,29.3214620616761,29.1581678438823,28.9648590453057,29.0739483820717,28.8655893020517,28.646867332668,28.8854507011395,28.9102722087998,28.8357902104004,28.8357902104004,28.8258553140296,28.8854507011395,29.0640358097506,28.8953800028402,29.0640358097506,29.2917908821956,29.5733331796973,29.3264064524046,29.2868448794737,29.4894424120718,29.6916547611904,29.8984019418799,29.8196883661623,29.8984019418799,30.0310996239144,29.7310660989319,29.6226498173448,29.6029259036991,29.5831983351633,29.5634671097716,29.7310660989319,29.8836475688813,29.844292597587,29.8688911556633,29.9377369683613,30.0065384149177,29.6620866878218,29.6374403552393,29.5486662897325,29.6620866878218,29.8492127629486,29.8787289912069,29.8688911556633,29.8688911556633,29.967228730348,30.0360111882413,30.0114511084659,29.977057507944,29.967228730348,30.0212758178786,29.8196883661623,29.8246096664975,29.6078572246797,29.5338634107745,29.6916547611904,29.7507663035967,29.6817996485765,29.6620866878218,29.785232903706,29.7162885553777,29.671943624202,29.6965819756635,29.5930625764153,29.3214620616761,29.1482631431937,29.1829255497865,28.9598977684891,29.019417755741,29.0888155024772,28.9747809016303,28.9896619433183,29.0888155024772,29.0789043205857,28.930125224438,28.9350878965987,28.940050336123,28.9450125430426,29.1135894037099,29.1086350865945,28.9598977684891,28.9350878965987,28.8606233696602,28.9201991820813,28.9201991820813,28.9201991820813,28.9499745173891,29.0392503216033,29.044207883055,29.2225258655088,29.2522164072173,29.1135894037099,29.103680537945,29.1135894037099,29.2225258655088,29.1532156091641,28.9201991820813,28.8705550013636,28.6518433175642,28.7513138236853,28.6866686490532,28.5921160160095,28.61202887113,28.7015902771012,28.7314272125631,28.7413709858727,28.8109512193939,28.7264549750173,28.8208875158601,28.8457241736917,28.9102722087998,28.9251623196095,29.0293345027462,29.0888155024772,29.0888155024772,29.1185434893225,29.1829255497865,29.4647560610483,29.667015270028,29.6275802249099,29.7458415937754,29.6374403552393,29.7901557942818,29.7901557942818,29.55360012514,29.2522164072173,29.1680716196875,29.044207883055,28.7612557262559,28.6319379709646,28.3828037944729,28.3628476055947,28.2879782051969,28.3778151016153,28.2680040377398,28.0880656878123,28.0980703444506,28.0830630023446,28.1430795199092,28.0730569169481,27.8777474797793,27.9679354426974,27.9278614710339,27.8777474797793,27.8025315774346,27.7975152652541,27.8175790741614
28.537336284473,28.4177180330437,28.482528095304,28.4725599092219,28.4526207095317,28.7214825035015,28.7314272125631,29.009500080336,29.3758377059907,29.3610107447515,29.7113622521147,29.7507663035967,29.6325104041979,29.3758377059907,28.8208875158601,28.7015902771012,28.8904154684503,28.8457241736917,28.7413709858727,28.61202887113,28.7562848918599,28.7463425217002,28.7115368584326,28.7910758250633,28.9698200896756,29.2373721746069,29.4153661581674,29.5190584720663,29.667015270028,29.671943624202,29.671943624202,29.4943789947374,29.5338634107745,29.5289286601073,29.5289286601073,29.5881305700507,29.5486662897325,29.4400639777012,29.4104259055781,29.7162885553777,29.8295307397771,29.7212146309145,29.6078572246797,29.7803097858312,29.55360012514,29.5930625764153,29.8000008936581,29.8000008936581,29.5585337318094,29.8098450842037,30.0605656241719,30.305800398308,29.9229880319466,29.2522164072173,29.1086350865945,29.3906625985796,29.5141230346309,29.7409166564112,29.5190584720663,29.2967366545395,28.9499745173891,29.1779744708596,29.0293345027462,28.8556572041575,28.676719725948,28.7562848918599,28.7562848918599,28.7612557262559,28.7513138236853,28.9946218259274,29.0590791758805,29.0045408944048,28.9896619433183,28.9251623196095,29.0392503216033,29.0045408944048,29.103680537945,29.1482631431937,28.9896619433183,29.1135894037099,28.930125224438,28.9896619433183,29.0491652125642,29.2670585641821,29.242320482823,29.2967366545395,29.2076774790804,29.0342925281775,29.1433104459398,29.2076774790804,29.4301855384466,29.5437322255563,29.667015270028,29.4252459745708,29.3906625985796,29.1185434893225,29.0590791758805,29.0293345027462,28.8755204676278,28.8109512193939,28.8705550013636,28.9747809016303,28.9251623196095,28.8457241736917,28.7562848918599,28.8258553140296,28.8506908055119,28.8953800028402,28.9499745173891,29.2868448794737,29.2917908821956,29.4598181030883,29.2967366545395,29.5930625764153,29.8590524129916,30.2077739295662,30.197966343171,29.9131542754777,29.8688911556633,29.6177191814719,29.5979943542878,29.4598181030883,29.4993153482952,29.5684002590573,29.5585337318094,29.7064357210951,29.7064357210951,29.8147668387412,29.5782658717225,29.5684002590573,29.5684002590573,29.4548799158045,29.5042514727762,29.7507663035967,29.8098450842037,29.8590524129916,30.0556551883126,29.977057507944,29.8344515860316,29.972143232219,29.8147668387412,29.8393722052915,29.8196883661623,29.7556907859056,29.9131542754777,29.785232903706,29.7162885553777,29.5190584720663,29.6571578775531,29.6423700780649,29.6275802249099,29.7803097858312,29.6768717503746,29.8492127629486,29.6325104041979,29.5486662897325,29.3165174407562,29.2917908821956,29.1135894037099,29.0689922118039,28.9053083729833,28.98470182842,29.0491652125642,28.9797414812012,29.044207883055,29.0888155024772,28.9648590453057,28.9102722087998,28.8606233696602,28.9003443043406,28.9598977684891,28.9499745173891,28.9648590453057,29.0937707459177,28.930125224438,28.930125224438,29.1284509661644,28.930125224438,28.9499745173891,28.9499745173891,29.0590791758805,29.1532156091641,29.0987257577298,29.1086350865945,29.1135894037099,29.0789043205857,29.0937707459177,29.1185434893225,29.0689922118039,29.0144590341043,28.6916427592519,28.6866686490532,28.7214825035015,28.6916427592519,28.6319379709646,28.6020729131087,28.5821581795757,28.5970945819598,28.6369146594003,28.646867332668,28.7513138236853,28.7513138236853,28.7463425217002,28.7612557262559,28.8059827210337,28.8159194843254,28.9350878965987,29.0541223101622,28.9896619433183,29.2621114091025,29.4894424120718,29.7310660989319,29.7803097858312,29.8147668387412,29.7655390681081,29.7803097858312,29.7409166564112,29.6226498173448,29.5437322255563,29.2522164072173,28.9350878965987,28.915235811822,28.5970945819598,28.61202887113,28.372826172538,28.4177180330437,28.228044327915,28.327915175609,28.2729979349236,28.0730569169481,28.0230121922066,28.1830715081525,27.9128297863749,28.14807935022,28.0230121922066,28.1280786023483,27.9078187463413,27.9479003691149,27.9228511486881,27.6971385722891
28.8606233696602,28.3678370072086,28.4775441200496,28.3877922511433,28.7960450239002,28.9251623196095,28.8357902104004,29.103680537945,29.4894424120718,29.9328208826212,29.7261404787557,29.7409166564112,29.6768717503746,29.385721197515,29.083860027377,29.0491652125642,29.1334043574566,28.7711966938393,28.6020729131087,28.482528095304,28.61202887113,28.5821581795757,28.4675754627885,28.6916427592519,28.9747809016303,29.3016821965364,29.4104259055781,29.5190584720663,29.7359914914735,29.785232903706,29.671943624202,29.4845056002677,29.4795685592941,29.3659532950663,29.3659532950663,29.4845056002677,29.5239936805482,29.4746312891203,29.4548799158045,29.4104259055781,29.7212146309145,29.7212146309145,29.775386440627,29.7212146309145,29.8541327014066,29.785232903706,29.6177191814719,29.7901557942818,29.8000008936581,29.9524838675562,30.0654758344281,30.1636327091878,29.8000008936581,29.3906625985796,29.5289286601073,29.3659532950663,29.385721197515,29.5239936805482,29.3264064524046,28.9053083729833,28.7711966938393,28.9053083729833,28.9053083729833,28.7861063926706,28.497478607949,28.7065636848157,28.7513138236853,28.7314272125631,28.7264549750173,28.8755204676278,28.9450125430426,28.8854507011395,28.9450125430426,28.8407573086651,28.8357902104004,28.9648590453057,29.1581678438823,29.2621114091025,28.9698200896756,28.8407573086651,28.5622396876777,28.6617945840412,28.930125224438,28.930125224438,29.23242363567,29.385721197515,29.227474865981,29.370895615469,29.3115725896136,29.2720054887278,29.385721197515,29.4696937897153,29.4450028531419,29.4993153482952,29.4301855384466,29.4104259055781,29.3165174407562,29.0987257577298,28.915235811822,28.8159194843254,28.940050336123,28.8506908055119,28.8059827210337,28.7513138236853,28.8457241736917,28.7065636848157,28.7413709858727,29.0640358097506,29.0590791758805,29.23242363567,29.2670585641821,29.1977774003059,29.3758377059907,29.4795685592941,30.0114511084659,30.1881578577246,30.1881578577246,30.3106993666494,30.0261878338035,29.7310660989319,29.7310660989319,29.6029259036991,29.5486662897325,29.6226498173448,29.671943624202,29.5782658717225,29.7113622521147,29.6522288391912,29.7261404787557,29.8098450842037,29.8541327014066,29.6620866878218,29.5585337318094,29.8885659198648,29.8738101868109,29.9377369683613,29.9868853810766,29.8492127629486,29.844292597587,30.0212758178786,29.8492127629486,30.0114511084659,29.9623140023007,29.8885659198648,29.8246096664975,29.8246096664975,29.6226498173448,29.5831983351633,29.5190584720663,29.5387979325806,29.6374403552393,29.7655390681081,29.6817996485765,29.8000008936581,29.6423700780649,29.5782658717225,29.4598181030883,29.2868448794737,29.1779744708596,29.0739483820717,29.1284509661644,29.1779744708596,29.1779744708596,29.1680716196875,29.2967366545395,29.0937707459177,29.0045408944048,28.8854507011395,29.0293345027462,29.1284509661644,29.103680537945,28.9797414812012,29.0689922118039,29.0640358097506,29.1086350865945,29.2373721746069,29.3214620616761,29.0293345027462,29.1433104459398,29.1482631431937,29.0937707459177,29.1086350865945,29.1383575173713,29.044207883055,29.1433104459398,29.227474865981,29.1334043574566,29.103680537945,28.9896619433183,28.8407573086651,28.7910758250633,28.8159194843254,28.8506908055119,28.6319379709646,28.676719725948,28.676719725948,28.6816943046293,28.5921160160095,28.6717449129776,28.6518433175642,28.6369146594003,28.8208875158601,28.7513138236853,28.8506908055119,28.9053083729833,29.0640358097506,28.9499745173891,29.0590791758805,29.103680537945,29.3412382437518,29.5190584720663,29.6226498173448,29.8000008936581,29.7901557942818,29.785232903706,29.8098450842037,29.5634671097716,29.5239936805482,29.3066275082174,29.2769521827709,29.019417755741,28.9450125430426,28.6518433175642,28.497478607949,28.4725599092219,28.3079485837934,28.2380356778862,28.1980645842911,28.218052029166,28.0830630023446,28.0330230443987,28.0730569169481,28.0029876251156,28.0230121922066,27.9979808867536,27.7322813525865,27.8827599560813,27.812563481855,27.7373007876777,27.8526815051994
28.5472983510907,28.3778151016153,28.6568190680113,28.6269610479519,28.6916427592519,28.7463425217002,29.0392503216033,29.3066275082174,29.6275802249099,29.7261404787557,29.9524838675562,29.9426528277437,29.7261404787557,29.4746312891203,29.2621114091025,29.400544711469,29.3956037698873,29.2076774790804,28.6717449129776,28.5871372152255,28.4326777380859,28.5622396876777,28.3578579676639,28.6816943046293,28.8258553140296,29.2621114091025,29.3066275082174,29.4054854233555,29.4993153482952,29.2373721746069,29.449941499166,29.0987257577298,29.227474865981,29.103680537945,29.2076774790804,29.3264064524046,29.4054854233555,29.2027275551628,29.1581678438823,29.3956037698873,29.4943789947374,29.5239936805482,29.5239936805482,29.6078572246797,29.6226498173448,29.6423700780649,29.6817996485765,29.7507663035967,29.9524838675562,29.8295307397771,29.7803097858312,29.8000008936581,29.6029259036991,29.5634671097716,29.55360012514,29.3264064524046,29.4252459745708,29.3016821965364,29.2027275551628,28.9102722087998,28.8357902104004,28.7711966938393,28.6518433175642,28.5672196631112,28.5871372152255,28.5721994035508,28.5174093287365,28.5024616412321,28.5223914205637,28.666769865686,28.7363992161709,28.9648590453057,28.9450125430426,28.6717449129776,28.6916427592519,28.8705550013636,28.98470182842,29.0640358097506,28.7015902771012,28.607051009488,28.4077437165986,28.497478607949,28.7115368584326,28.7165097979839,29.0640358097506,29.1086350865945,29.1779744708596,29.3906625985796,29.2868448794737,29.2126271720896,29.2027275551628,29.1680716196875,29.2373721746069,29.2917908821956,29.4301855384466,29.4203061811547,29.4301855384466,29.0789043205857,29.0937707459177,28.9598977684891,28.8109512193939,28.8109512193939,28.7065636848157,28.6269610479519,28.8357902104004,28.7314272125631,28.8655893020517,28.8804857008759,28.8904154684503,29.0689922118039,29.1581678438823,29.1532156091641,29.2868448794737,29.4696937897153,29.8246096664975,29.967228730348,30.2862022835847,30.1440085410342,30.1930622128441,30.0163635761093,29.7409166564112,29.6965819756635,29.5486662897325,29.449941499166,29.400544711469,29.400544711469,29.5831983351633,29.7310660989319,29.7655390681081,29.9426528277437,29.9180712669515,29.9180712669515,29.9328208826212,29.8984019418799,29.8639718977337,29.8590524129916,29.8590524129916,29.8344515860316,29.6127883172604,29.8098450842037,29.9573990480468,29.8196883661623,29.8639718977337,29.671943624202,29.6768717503746,29.6867273188382,29.5042514727762,29.4351248728131,29.4598181030883,29.5387979325806,29.5437322255563,29.5437322255563,29.5634671097716,29.5881305700507,29.7655390681081,29.5684002590573,29.3659532950663,29.257164023458,29.1135894037099,29.1185434893225,28.9946218259274,28.9549362591941,29.1334043574566,29.1532156091641,29.1928270144785,29.1878763976491,29.0789043205857,28.915235811822,29.0590791758805,28.8755204676278,28.8854507011395,28.8407573086651,28.9797414812012,29.0590791758805,29.1334043574566,29.1185434893225,29.0888155024772,29.0987257577298,29.0640358097506,28.9995814762791,29.1284509661644,29.0987257577298,29.1135894037099,29.1334043574566,29.083860027377,29.0888155024772,29.0491652125642,29.0144590341043,29.0144590341043,28.9201991820813,28.646867332668,28.646867332668,28.6269610479519,28.607051009488,28.6717449129776,28.4775441200496,28.5721994035508,28.5024616412321,28.5921160160095,28.6518433175642,28.5970945819598,28.8159194843254,28.646867332668,28.5970945819598,28.8059827210337,28.8506908055119,28.8208875158601,28.8258553140296,29.0689922118039,29.3956037698873,29.400544711469,29.5190584720663,29.6226498173448,29.6078572246797,29.7359914914735,29.4598181030883,29.5831983351633,29.2522164072173,29.2769521827709,29.0789043205857,28.9201991820813,28.7711966938393,28.5970945819598,28.5970945819598,28.372826172538,28.2829850186196,28.1430795199092,28.253020924455,28.2330401214815,28.0180064083215,28.0029876251156,27.9979808867536,27.982959239327,27.8827599560813,27.8476675914376,27.8526815051994,27.7021596912783,27.777447615956,27.6971385722891,27.6971385722891
28.930125224438,28.5821581795757,28.9698200896756,28.9648590453057,28.9648590453057,28.8308228788658,29.0888155024772,29.4795685592941,29.9524838675562,29.9623140023007,29.9328208826212,29.9967123499873,30.0752955782511,29.6620866878218,29.5831983351633,29.8000008936581,29.4746312891203,29.5239936805482,29.2126271720896,29.2373721746069,28.8059827210337,28.5672196631112,28.4576058629756,28.8556572041575,29.083860027377,29.242320482823,29.2769521827709,29.400544711469,29.3956037698873,29.1977774003059,28.9747809016303,29.0987257577298,28.98470182842,29.1532156091641,29.217576634222,29.2769521827709,29.1829255497865,29.1878763976491,29.2868448794737,29.4203061811547,29.3412382437518,29.3511249542619,29.5289286601073,29.6472995727053,29.5042514727762,29.6522288391912,29.6177191814719,29.6226498173448,29.6916547611904,29.8344515860316,29.6029259036991,29.7212146309145,29.5881305700507,29.3313506129726,29.6275802249099,29.6275802249099,29.6423700780649,29.4746312891203,29.2373721746069,28.9003443043406,28.6568190680113,28.4775441200496,28.5821581795757,28.4725599092219,28.4227048373089,28.5223914205637,28.6170064980665,28.4127309928177,28.5124270015936,28.6916427592519,28.9201991820813,28.7363992161709,28.9053083729833,28.6418911132907,28.646867332668,28.7065636848157,28.9648590453057,28.9698200896756,28.6966166352573,28.5970945819598,28.5223914205637,28.5672196631112,28.4227048373089,28.5672196631112,28.7562848918599,29.1433104459398,29.1680716196875,29.1779744708596,29.173023160837,29.3016821965364,29.1631198473796,29.1680716196875,29.1581678438823,29.1829255497865,29.4203061811547,29.3758377059907,29.1135894037099,29.2917908821956,29.370895615469,29.227474865981,29.0739483820717,28.915235811822,28.8159194843254,28.7264549750173,28.7413709858727,28.7761668270904,28.8904154684503,28.915235811822,28.9797414812012,29.1334043574566,29.1532156091641,29.2720054887278,29.3115725896136,29.3906625985796,29.6423700780649,30.0212758178786,30.0310996239144,30.0360111882413,30.305800398308,30.305800398308,30.2077739295662,29.6522288391912,29.4450028531419,29.6472995727053,29.385721197515,29.3807795666623,29.3758377059907,29.6078572246797,29.6275802249099,29.9229880319466,29.6817996485765,29.785232903706,29.7359914914735,29.6423700780649,29.5733331796973,29.5881305700507,29.7064357210951,29.5289286601073,29.7064357210951,29.8393722052915,29.9180712669515,29.9377369683613,30.045833639664,29.7803097858312,29.6571578775531,29.4993153482952,29.3016821965364,29.217576634222,29.4548799158045,29.5437322255563,29.6127883172604,29.5042514727762,29.4943789947374,29.6522288391912,29.8688911556633,29.5486662897325,29.4598181030883,29.370895615469,29.257164023458,29.370895615469,29.2868448794737,29.3016821965364,29.2670585641821,29.3313506129726,29.2868448794737,29.2967366545395,29.3560679644938,29.1383575173713,29.1482631431937,29.217576634222,28.9747809016303,28.9797414812012,29.1135894037099,29.1829255497865,29.1779744708596,29.1284509661644,29.1334043574566,29.1234973434636,29.0987257577298,29.019417755741,28.9698200896756,29.1433104459398,29.1631198473796,29.0789043205857,29.1482631431937,29.1532156091641,29.0293345027462,29.0342925281775,28.9896619433183,28.6966166352573,28.676719725948,28.6617945840412,28.61202887113,28.6269610479519,28.6170064980665,28.6717449129776,28.5024616412321,28.5622396876777,28.61202887113,28.6020729131087,28.7363992161709,28.676719725948,28.6717449129776,28.7413709858727,28.7960450239002,28.7214825035015,28.8059827210337,28.9499745173891,29.2225258655088,29.3758377059907,29.3956037698873,29.5190584720663,29.5091873682112,29.5387979325806,29.4943789947374,29.5141230346309,29.3214620616761,29.4598181030883,29.2720054887278,29.0640358097506,28.9003443043406,28.8457241736917,28.5970945819598,28.3578579676639,28.4276914056455,28.3678370072086,28.2080587813783,28.1230778208426,28.223048297154,28.1080740489112,28.0230121922066,27.982959239327,27.9729436137625,27.9779515459613,27.8576951793018,27.7272616770383,27.8777474797793,27.8426534379831,27.7423199823454,27.6921172126096
28.9350878965987,29.0342925281775,29.0491652125642,29.0789043205857,29.217576634222,28.7861063926706,28.7811367266903,29.4548799158045,29.7064357210951,29.927904570493,29.9229880319466,29.8984019418799,29.8885659198648,29.6374403552393,29.4301855384466,29.6226498173448,29.6423700780649,29.2670585641821,29.0987257577298,29.242320482823,29.1086350865945,28.7861063926706,28.6568190680113,28.7811367266903,29.1631198473796,29.1680716196875,29.0640358097506,29.2472685603494,29.2472685603494,29.2720054887278,29.0789043205857,29.083860027377,28.9896619433183,29.1532156091641,29.1779744708596,29.0392503216033,28.7612557262559,29.0243762452778,29.2373721746069,29.3066275082174,29.2621114091025,29.3807795666623,29.3115725896136,29.2076774790804,29.3264064524046,29.5881305700507,29.6325104041979,29.7212146309145,29.8295307397771,29.5979943542878,29.6965819756635,29.4301855384466,29.1977774003059,29.1928270144785,29.2818986463425,29.1334043574566,29.1829255497865,29.1829255497865,28.9946218259274,28.7662263269051,28.5970945819598,28.676719725948,28.4027562043539,28.4675754627885,28.4127309928177,28.4077437165986,28.4576058629756,28.4077437165986,28.61202887113,28.7463425217002,28.6269610479519,28.7165097979839,28.7910758250633,28.7761668270904,28.7314272125631,28.8109512193939,28.8606233696602,28.676719725948,28.6170064980665,28.607051009488,28.4376638346625,28.5024616412321,28.4127309928177,28.4127309928177,28.6369146594003,28.9549362591941,29.083860027377,29.0640358097506,28.9598977684891,29.083860027377,29.1482631431937,29.103680537945,29.173023160837,29.3214620616761,29.3313506129726,29.3165174407562,29.2917908821956,29.23242363567,29.2225258655088,29.2621114091025,29.2472685603494,29.0640358097506,28.9251623196095,28.8506908055119,28.7960450239002,28.7513138236853,28.7513138236853,28.7562848918599,28.98470182842,29.0045408944048,29.0689922118039,29.2967366545395,29.1928270144785,29.1928270144785,29.3807795666623,29.667015270028,29.8147668387412,30.1194732660389,30.3106993666494,30.3400884721394,30.3596767307832,29.9623140023007,29.6374403552393,29.7113622521147,29.6275802249099,29.6275802249099,29.5979943542878,29.6325104041979,29.7507663035967,29.6522288391912,29.6522288391912,29.7359914914735,29.55360012514,29.5733331796973,29.4696937897153,29.4795685592941,29.4400639777012,29.4696937897153,29.6423700780649,29.7212146309145,29.6965819756635,29.8098450842037,29.9180712669515,29.8246096664975,29.667015270028,29.4252459745708,29.4054854233555,29.3659532950663,29.4400639777012,29.5091873682112,29.4252459745708,29.400544711469,29.4104259055781,29.5289286601073,29.5930625764153,29.7655390681081,29.5930625764153,29.4301855384466,29.3511249542619,29.3412382437518,29.4203061811547,29.227474865981,29.2967366545395,29.3511249542619,29.3560679644938,29.2967366545395,29.3511249542619,29.3214620616761,29.3560679644938,29.3560679644938,29.1433104459398,29.0590791758805,29.0789043205857,29.1185434893225,29.1680716196875,29.2225258655088,29.1383575173713,29.1680716196875,28.9946218259274,28.9747809016303,29.0392503216033,29.1334043574566,29.0342925281775,29.0392503216033,28.9896619433183,28.9896619433183,28.9946218259274,28.9747809016303,28.8506908055119,28.7662263269051,28.6369146594003,28.7562848918599,28.5970945819598,28.5622396876777,28.5572594772178,28.5672196631112,28.5124270015936,28.4725599092219,28.4775441200496,28.666769865686,28.5921160160095,28.6369146594003,28.6816943046293,28.666769865686,28.8258553140296,28.7065636848157,28.7513138236853,28.915235811822,29.0888155024772,29.173023160837,29.0937707459177,29.3511249542619,29.385721197515,29.400544711469,29.5042514727762,29.2769521827709,29.1779744708596,29.1680716196875,29.1680716196875,28.9450125430426,28.7662263269051,28.7662263269051,28.5821581795757,28.3378970521235,28.3628476055947,28.2879782051969,28.2480260793404,28.1830715081525,27.9679354426974,27.9779515459613,28.0330230443987,27.9729436137625,27.982959239327,27.9729436137625,27.8777474797793,27.8476675914376,27.7975152652541,27.7724301033211,27.7623943574465,27.6368663610303
28.9201991820813,29.0144590341043,28.9350878965987,29.009500080336,29.1977774003059,28.9946218259274,29.1928270144785,29.4746312891203,29.9180712669515,29.8393722052915,29.6522288391912,29.9082370574946,29.6423700780649,29.3165174407562,29.3165174407562,29.5831983351633,29.775386440627,29.671943624202,29.4104259055781,29.1234973434636,29.1185434893225,28.8109512193939,28.7711966938393,28.8208875158601,28.9102722087998,29.242320482823,29.1135894037099,29.0689922118039,29.5091873682112,29.3807795666623,29.370895615469,29.3610107447515,29.3016821965364,29.3461817140249,29.2818986463425,28.8556572041575,28.6518433175642,29.1284509661644,29.385721197515,29.2769521827709,29.242320482823,29.4450028531419,29.3313506129726,29.0739483820717,29.385721197515,29.449941499166,29.4845056002677,29.7655390681081,29.844292597587,29.6768717503746,29.4252459745708,29.1482631431937,29.1433104459398,29.044207883055,29.0144590341043,29.0144590341043,28.9450125430426,28.8258553140296,28.5721994035508,28.6966166352573,28.607051009488,28.5572594772178,28.6866686490532,28.8755204676278,28.4675754627885,28.4576058629756,28.4625907807171,28.332906232122,28.4875118350172,28.7363992161709,28.7662263269051,28.7513138236853,28.7015902771012,28.7065636848157,28.8506908055119,28.8407573086651,28.7463425217002,28.7065636848157,28.5423174353593,28.4526207095317,28.4576058629756,28.4625907807171,28.4725599092219,28.4725599092219,28.5721994035508,28.8655893020517,28.9698200896756,28.9747809016303,28.8407573086651,29.083860027377,29.2027275551628,29.1581678438823,29.1532156091641,29.2917908821956,29.4795685592941,29.4696937897153,29.3066275082174,29.1433104459398,29.217576634222,29.3115725896136,29.2373721746069,29.1433104459398,29.103680537945,29.2967366545395,29.0491652125642,28.9499745173891,28.8904154684503,28.9251623196095,28.9648590453057,29.1433104459398,29.0937707459177,29.1135894037099,29.0491652125642,29.103680537945,29.2720054887278,29.4894424120718,29.5881305700507,30.1194732660389,30.3106993666494,30.3351908478087,30.501584646145,30.0851144200226,29.8541327014066,29.7261404787557,29.4696937897153,29.6029259036991,29.7507663035967,29.6127883172604,29.9082370574946,30.1243807714027,29.7606150407326,29.5585337318094,29.6965819756635,29.667015270028,29.6571578775531,29.5042514727762,29.2076774790804,29.3412382437518,29.5091873682112,29.5733331796973,29.7015089622882,29.8098450842037,29.8049231025195,29.8049231025195,29.6571578775531,29.4696937897153,29.4153661581674,29.3362945434113,29.4400639777012,29.3807795666623,29.4943789947374,29.2472685603494,29.3165174407562,29.4795685592941,29.4943789947374,29.5831983351633,29.5437322255563,29.5979943542878,29.4746312891203,29.400544711469,29.2670585641821,29.2720054887278,29.2522164072173,29.2769521827709,29.1977774003059,29.2076774790804,29.3264064524046,29.3807795666623,29.4795685592941,29.1928270144785,29.1977774003059,29.1779744708596,29.009500080336,29.0789043205857,29.0937707459177,29.0342925281775,29.1532156091641,29.227474865981,28.9747809016303,29.0293345027462,29.019417755741,29.0342925281775,28.9102722087998,28.9946218259274,29.0541223101622,29.0293345027462,28.9201991820813,28.8755204676278,28.8606233696602,28.676719725948,28.5921160160095,28.5024616412321,28.3877922511433,28.607051009488,28.6966166352573,28.5921160160095,28.4576058629756,28.4476353203531,28.4476353203531,28.646867332668,28.6568190680113,28.5771789090283,28.5821581795757,28.676719725948,28.5572594772178,28.8407573086651,28.8357902104004,28.9450125430426,28.9995814762791,29.0789043205857,29.1928270144785,29.2522164072173,29.2868448794737,29.2917908821956,29.2917908821956,28.9698200896756,29.1680716196875,29.0789043205857,28.9201991820813,28.940050336123,28.8109512193939,28.7463425217002,28.5024616412321,28.332906232122,28.2929711549704,28.3179323529188,28.1780733411736,28.1880694376433,28.1880694376433,28.0680535169536,28.0230121922066,27.9529094959747,27.9729436137625,27.9328715542163,27.8777474797793,27.8627086137778,27.8576951793018,27.8175790741614,27.7623943574465,27.7975152652541
28.8705550013636,28.8556572041575,28.915235811822,29.0888155024772,29.0888155024772,29.1928270144785,29.4450028531419,29.6275802249099,29.9180712669515,29.8639718977337,29.8246096664975,29.5190584720663,29.5634671097716,29.3264064524046,29.3659532950663,29.6177191814719,29.8934840441875,29.844292597587,29.6965819756635,29.4696937897153,29.227474865981,28.930125224438,28.8159194843254,28.7811367266903,29.1532156091641,29.2126271720896,29.4153661581674,29.3264064524046,29.3560679644938,29.2522164072173,29.5141230346309,29.5338634107745,29.5338634107745,29.5289286601073,29.227474865981,29.0293345027462,28.8854507011395,28.9797414812012,29.2868448794737,29.1779744708596,29.217576634222,29.385721197515,29.4400639777012,29.1284509661644,29.1928270144785,29.1829255497865,29.23242363567,29.4252459745708,29.7162885553777,29.4943789947374,29.2769521827709,29.173023160837,28.9946218259274,28.8059827210337,29.1185434893225,29.173023160837,28.9896619433183,28.6816943046293,28.6269610479519,28.61202887113,28.676719725948,28.5721994035508,29.1135894037099,29.4400639777012,28.9598977684891,28.7065636848157,28.4027562043539,28.3877922511433,28.4576058629756,28.7363992161709,28.8407573086651,29.103680537945,28.7811367266903,28.8655893020517,29.1581678438823,29.0541223101622,28.8556572041575,28.5672196631112,28.4376638346625,28.347877982722,28.4625907807171,28.4924953392214,28.4077437165986,28.4227048373089,28.5174093287365,28.6816943046293,28.8208875158601,28.9747809016303,28.9549362591941,29.2472685603494,29.1631198473796,29.1581678438823,29.1334043574566,29.2818986463425,29.2868448794737,29.4301855384466,29.3165174407562,29.3412382437518,29.3560679644938,29.242320482823,29.2373721746069,29.2522164072173,29.3264064524046,29.370895615469,29.2967366545395,29.257164023458,29.0789043205857,28.9995814762791,29.0888155024772,29.0144590341043,28.8357902104004,28.8407573086651,28.8208875158601,29.0739483820717,29.2472685603494,29.4351248728131,29.4943789947374,29.9573990480468,30.1194732660389,30.3596767307832,30.3253949273354,30.2469952894203,30.0851144200226,29.7359914914735,29.4351248728131,29.6127883172604,29.7556907859056,29.6226498173448,29.8492127629486,29.8541327014066,29.7359914914735,29.7606150407326,29.7507663035967,29.7162885553777,29.7015089622882,29.7113622521147,29.5881305700507,29.5190584720663,29.7015089622882,29.5585337318094,29.7507663035967,29.8000008936581,29.8000008936581,29.667015270028,29.4252459745708,29.4696937897153,29.3807795666623,29.370895615469,29.370895615469,29.385721197515,29.2621114091025,29.242320482823,29.2818986463425,29.4598181030883,29.370895615469,29.4351248728131,29.5782658717225,29.4795685592941,29.4943789947374,29.449941499166,29.385721197515,29.449941499166,29.3066275082174,29.3461817140249,29.370895615469,29.2670585641821,29.3807795666623,29.2769521827709,29.2621114091025,29.23242363567,29.2472685603494,29.0937707459177,29.1284509661644,29.103680537945,29.0739483820717,28.9995814762791,28.8953800028402,29.0541223101622,29.1829255497865,29.0888155024772,29.1284509661644,29.2621114091025,29.0491652125642,28.930125224438,28.940050336123,28.9946218259274,28.9995814762791,28.9003443043406,28.8556572041575,28.6966166352573,28.5721994035508,28.6170064980665,28.6219838903298,28.7165097979839,28.6966166352573,28.5472983510907,28.5921160160095,28.6170064980665,28.5124270015936,28.4875118350172,28.6717449129776,28.646867332668,28.5921160160095,28.6518433175642,28.7065636848157,28.6717449129776,28.915235811822,28.9201991820813,29.0243762452778,29.1532156091641,29.173023160837,29.1680716196875,29.2818986463425,29.1928270144785,29.0789043205857,29.2868448794737,29.0789043205857,28.9946218259274,28.940050336123,28.9450125430426,28.7612557262559,28.5622396876777,28.5672196631112,28.5273732771074,28.4426496954073,28.2829850186196,28.2979638679726,28.1980645842911,28.1780733411736,28.1180768014564,27.9378813982687,27.9428910032239,27.9529094959747,27.9779515459613,27.8727347639835,27.8677218086608,27.7272616770383,27.7674123504958,27.7172216044382,27.7423199823454
28.4376638346625,28.5921160160095,28.7662263269051,28.7960450239002,29.0937707459177,29.4054854233555,29.4351248728131,29.8295307397771,29.8246096664975,29.927904570493,29.8738101868109,29.6522288391912,29.4894424120718,29.5585337318094,29.5881305700507,29.7261404787557,30.0114511084659,30.1047493983729,30.2813021944153,29.8787289912069,29.55360012514,29.1680716196875,29.0045408944048,29.2076774790804,29.1928270144785,29.3412382437518,29.4252459745708,29.4943789947374,29.2769521827709,29.4351248728131,29.5634671097716,29.6177191814719,29.5979943542878,29.5289286601073,29.1878763976491,29.0342925281775,29.173023160837,29.1779744708596,29.4351248728131,29.3016821965364,29.3214620616761,29.3313506129726,29.3313506129726,29.257164023458,29.2027275551628,29.400544711469,29.449941499166,29.257164023458,29.4153661581674,29.5239936805482,29.2076774790804,28.8904154684503,28.8059827210337,28.7165097979839,29.1284509661644,29.3214620616761,28.7065636848157,28.537336284473,28.5472983510907,28.6816943046293,28.7015902771012,28.7513138236853,29.1086350865945,28.9747809016303,28.940050336123,28.6319379709646,28.6170064980665,28.4675754627885,28.7264549750173,28.7314272125631,28.7214825035015,28.9201991820813,28.8308228788658,28.8953800028402,29.1581678438823,29.0541223101622,28.8556572041575,28.8258553140296,28.5024616412321,28.3378970521235,28.4476353203531,28.3179323529188,28.4775441200496,28.7314272125631,28.5472983510907,28.7612557262559,28.6866686490532,28.8109512193939,28.7711966938393,29.0689922118039,29.1532156091641,29.2076774790804,29.1532156091641,29.3115725896136,29.2967366545395,29.2917908821956,29.4746312891203,29.5091873682112,29.3956037698873,29.3610107447515,29.2818986463425,29.3412382437518,29.3807795666623,29.2917908821956,29.2472685603494,29.2967366545395,29.3115725896136,29.0689922118039,29.0045408944048,28.8308228788658,28.8705550013636,28.8606233696602,28.8953800028402,28.9201991820813,29.1928270144785,29.3066275082174,29.4795685592941,29.6867273188382,30.1194732660389,30.2862022835847,30.364573235923,30.3743655749854,30.3743655749854,29.7458415937754,29.4104259055781,29.3659532950663,29.4203061811547,29.4351248728131,29.6423700780649,29.6275802249099,29.6768717503746,29.6916547611904,29.5733331796973,29.5387979325806,29.5338634107745,29.5239936805482,29.7212146309145,29.667015270028,29.7704628680627,29.7655390681081,29.6571578775531,29.785232903706,29.8000008936581,29.6867273188382,29.4647560610483,29.4054854233555,29.2868448794737,29.4153661581674,29.4054854233555,29.385721197515,29.3758377059907,29.4104259055781,29.400544711469,29.4894424120718,29.4153661581674,29.4696937897153,29.4400639777012,29.4845056002677,29.4795685592941,29.4252459745708,29.4252459745708,29.4696937897153,29.4993153482952,29.5091873682112,29.3461817140249,29.3461817140249,29.2818986463425,29.2720054887278,29.3165174407562,29.23242363567,29.257164023458,29.1928270144785,29.173023160837,29.2670585641821,29.1433104459398,29.0987257577298,29.1135894037099,29.0789043205857,29.019417755741,28.9946218259274,29.0491652125642,29.0689922118039,29.1185434893225,29.1532156091641,29.1383575173713,28.98470182842,29.0640358097506,29.0491652125642,28.8953800028402,28.7065636848157,28.6219838903298,28.6966166352573,28.7463425217002,28.7115368584326,28.607051009488,28.7115368584326,28.7165097979839,28.7065636848157,28.7463425217002,28.6617945840412,28.7363992161709,28.6617945840412,28.5821581795757,28.6916427592519,28.7363992161709,28.7910758250633,28.8109512193939,28.9549362591941,29.0491652125642,29.23242363567,29.3362945434113,29.3016821965364,29.2967366545395,29.23242363567,29.2621114091025,29.0392503216033,28.9598977684891,28.940050336123,28.8258553140296,28.7811367266903,28.7711966938393,28.6866686490532,28.5572594772178,28.4077437165986,28.4725599092219,28.3179323529188,28.1830715081525,28.1830715081525,28.0730569169481,28.14807935022,28.1580782977234,28.0330230443987,27.9278614710339,27.9679354426974,27.9929739096901,28.0079941248089,27.8827599560813,27.6921172126096,27.7122012073196,27.7674123504958
28.4875118350172,28.5472983510907,28.6219838903298,28.7910758250633,28.7910758250633,29.2522164072173,29.3313506129726,29.5387979325806,29.9229880319466,29.927904570493,29.8049231025195,29.8000008936581,29.6522288391912,29.8049231025195,29.8246096664975,29.8738101868109,29.9229880319466,30.0163635761093,30.2764018809912,30.045833639664,29.7606150407326,29.3165174407562,29.103680537945,29.1928270144785,29.2027275551628,29.4746312891203,29.5831983351633,29.5091873682112,29.4746312891203,29.4203061811547,29.4153661581674,29.5289286601073,29.5141230346309,29.55360012514,29.1433104459398,29.0392503216033,29.217576634222,29.1631198473796,29.3016821965364,29.370895615469,29.5042514727762,29.3264064524046,29.4795685592941,29.4203061811547,29.6325104041979,29.6620866878218,29.4894424120718,29.257164023458,29.2027275551628,29.2225258655088,29.0293345027462,28.9549362591941,28.8904154684503,29.1234973434636,29.3807795666623,28.930125224438,28.8258553140296,28.7015902771012,28.537336284473,28.7662263269051,28.607051009488,28.7761668270904,28.7612557262559,28.8010139892131,28.9450125430426,28.7463425217002,28.4675754627885,28.5970945819598,28.7214825035015,28.7115368584326,28.8159194843254,29.1284509661644,29.1581678438823,29.1284509661644,29.2621114091025,29.2769521827709,29.0640358097506,28.7662263269051,28.4675754627885,28.5622396876777,28.3628476055947,28.4476353203531,28.6966166352573,28.7115368584326,28.7214825035015,28.676719725948,28.5472983510907,28.8109512193939,28.8010139892131,28.8308228788658,28.9499745173891,29.0243762452778,29.0293345027462,29.0342925281775,29.1334043574566,29.4400639777012,29.5338634107745,29.4943789947374,29.4252459745708,29.242320482823,29.2373721746069,29.3412382437518,29.4450028531419,29.3115725896136,29.3610107447515,29.2720054887278,29.2621114091025,29.0243762452778,28.98470182842,28.7662263269051,28.8159194843254,28.7910758250633,28.8059827210337,28.7910758250633,29.0689922118039,29.1878763976491,29.4450028531419,29.7606150407326,30.1047493983729,30.1145655354327,30.0065384149177,29.9967123499873,29.8885659198648,29.6078572246797,29.6078572246797,29.5733331796973,29.2522164072173,29.4301855384466,29.4993153482952,29.4450028531419,29.4351248728131,29.4351248728131,29.3758377059907,29.3610107447515,29.4696937897153,29.3115725896136,29.5091873682112,29.5486662897325,29.671943624202,29.7409166564112,29.7359914914735,29.785232903706,29.6571578775531,29.5190584720663,29.4696937897153,29.449941499166,29.385721197515,29.2027275551628,29.4301855384466,29.4301855384466,29.2967366545395,29.4450028531419,29.385721197515,29.4450028531419,29.4252459745708,29.5831983351633,29.4153661581674,29.4795685592941,29.5042514727762,29.4647560610483,29.5239936805482,29.5141230346309,29.4943789947374,29.5190584720663,29.4845056002677,29.4450028531419,29.2720054887278,29.2818986463425,29.3362945434113,29.2225258655088,29.3807795666623,29.217576634222,29.1581678438823,29.1581678438823,29.1532156091641,29.0590791758805,29.0392503216033,29.0045408944048,29.0541223101622,28.8904154684503,29.1383575173713,29.044207883055,29.0293345027462,29.173023160837,29.044207883055,29.0888155024772,29.1532156091641,29.0689922118039,28.8804857008759,28.607051009488,28.6816943046293,28.6319379709646,28.6816943046293,28.6866686490532,28.7015902771012,28.6966166352573,28.7264549750173,28.6269610479519,28.5871372152255,28.6866686490532,28.6617945840412,28.646867332668,28.5871372152255,28.6916427592519,28.7861063926706,28.7065636848157,28.8705550013636,28.98470182842,29.1086350865945,29.1284509661644,29.1185434893225,29.1334043574566,29.1532156091641,29.0689922118039,29.0789043205857,29.083860027377,28.8755204676278,28.8208875158601,28.8059827210337,28.6966166352573,28.8159194843254,28.7264549750173,28.61202887113,28.5622396876777,28.4376638346625,28.4127309928177,28.3877922511433,28.2680040377398,28.2030618015135,28.1830715081525,28.1680762946208,28.1080740489112,28.1080740489112,27.9378813982687,27.8977959483549,27.9378813982687,27.8827599560813,27.8526815051994,27.8426534379831,27.8276095391327
28.8655893020517,28.5223914205637,28.6269610479519,28.7165097979839,28.7562848918599,28.9549362591941,29.4252459745708,29.4301855384466,29.6423700780649,29.8295307397771,29.8098450842037,29.8000008936581,29.8688911556633,29.8590524129916,29.8000008936581,29.6768717503746,29.7556907859056,30.0163635761093,30.0212758178786,29.8098450842037,29.795078457589,29.3165174407562,29.1581678438823,29.1135894037099,29.4598181030883,29.4301855384466,29.5979943542878,29.667015270028,29.4301855384466,29.2621114091025,29.2769521827709,29.4153661581674,29.5338634107745,29.4153661581674,29.2076774790804,29.3461817140249,29.3560679644938,29.1482631431937,29.217576634222,29.3313506129726,29.5437322255563,29.4104259055781,29.795078457589,29.7409166564112,29.5585337318094,29.6275802249099,29.3016821965364,29.227474865981,29.217576634222,28.8854507011395,28.9598977684891,28.8755204676278,29.044207883055,29.3956037698873,29.0342925281775,28.8357902104004,28.8059827210337,28.537336284473,28.4077437165986,28.4625907807171,28.4675754627885,28.6568190680113,28.915235811822,28.8010139892131,28.7861063926706,28.5572594772178,28.6170064980665,28.5771789090283,28.5921160160095,28.7015902771012,28.9053083729833,29.1878763976491,29.1482631431937,29.1234973434636,29.2720054887278,29.3313506129726,29.0640358097506,28.8904154684503,28.607051009488,28.4875118350172,28.4625907807171,28.5871372152255,28.8109512193939,28.5970945819598,28.5223914205637,28.3977684560513,28.4177180330437,28.6269610479519,28.5921160160095,28.8357902104004,28.8655893020517,28.7960450239002,28.9995814762791,29.0590791758805,29.103680537945,29.4598181030883,29.5141230346309,29.6522288391912,29.4746312891203,29.2967366545395,29.2967366545395,29.3560679644938,29.3264064524046,29.400544711469,29.3362945434113,29.3807795666623,29.2472685603494,29.1234973434636,29.0640358097506,28.9946218259274,28.7463425217002,28.7463425217002,28.7264549750173,28.9201991820813,28.9350878965987,29.1334043574566,29.4647560610483,29.5831983351633,29.9623140023007,29.9475684607986,29.8492127629486,29.9524838675562,29.9082370574946,29.5486662897325,29.5831983351633,29.370895615469,29.3511249542619,29.1779744708596,29.4400639777012,29.4400639777012,29.4351248728131,29.4301855384466,29.3560679644938,29.3610107447515,29.2967366545395,29.2472685603494,29.3066275082174,29.4746312891203,29.6325104041979,29.6029259036991,29.6571578775531,29.6571578775531,29.6275802249099,29.3313506129726,29.5239936805482,29.3115725896136,29.400544711469,29.4598181030883,29.4696937897153,29.5338634107745,29.3807795666623,29.3610107447515,29.3758377059907,29.3610107447515,29.4153661581674,29.5387979325806,29.4153661581674,29.4400639777012,29.4153661581674,29.5585337318094,29.6916547611904,29.6768717503746,29.5831983351633,29.4598181030883,29.4203061811547,29.449941499166,29.4696937897153,29.3066275082174,29.3016821965364,29.3264064524046,29.1779744708596,29.2126271720896,29.1977774003059,29.1878763976491,29.2868448794737,29.2818986463425,29.0491652125642,29.1631198473796,29.083860027377,29.103680537945,29.1086350865945,29.173023160837,29.0987257577298,29.0739483820717,29.242320482823,29.23242363567,29.23242363567,29.1433104459398,28.8904154684503,28.7662263269051,28.6269610479519,28.607051009488,28.6866686490532,28.6916427592519,28.7463425217002,28.6319379709646,28.7363992161709,28.7115368584326,28.7363992161709,28.6319379709646,28.7264549750173,28.6916427592519,28.7562848918599,28.7811367266903,28.8010139892131,28.8705550013636,28.8953800028402,29.0342925281775,29.1234973434636,29.1284509661644,29.1482631431937,29.1383575173713,29.2126271720896,29.257164023458,29.257164023458,29.2373721746069,29.0987257577298,28.9747809016303,28.8208875158601,28.7264549750173,28.8506908055119,28.5821581795757,28.5871372152255,28.5721994035508,28.4177180330437,28.3578579676639,28.4077437165986,28.228044327915,28.1930671296786,28.1880694376433,28.0330230443987,28.0780600787342,28.1280786023483,27.9779515459613,28.0029876251156,28.0130003858666,27.8877721929225,27.6870956122065,27.7924987130493,27.6971385722891
28.7811367266903,28.4177180330437,28.4177180330437,28.5821581795757,28.6319379709646,28.7662263269051,29.1581678438823,29.2472685603494,29.2373721746069,29.5387979325806,29.4054854233555,29.8049231025195,29.795078457589,29.795078457589,29.8541327014066,29.8098450842037,29.9573990480468,29.7458415937754,30.0163635761093,29.9524838675562,29.5437322255563,29.1334043574566,29.0590791758805,29.1135894037099,29.1532156091641,29.4203061811547,29.4795685592941,29.6571578775531,29.4548799158045,29.4104259055781,29.4598181030883,29.3560679644938,29.5733331796973,29.2818986463425,29.0937707459177,29.1631198473796,29.3906625985796,29.3214620616761,28.9450125430426,29.2818986463425,29.4054854233555,29.55360012514,29.5684002590573,29.7803097858312,29.7556907859056,29.4696937897153,29.2720054887278,28.8953800028402,28.9698200896756,28.8655893020517,28.7711966938393,28.7065636848157,28.7711966938393,29.0293345027462,28.8655893020517,28.6518433175642,28.5672196631112,28.347877982722,28.3977684560513,28.4526207095317,28.4276914056455,28.4924953392214,28.666769865686,28.8059827210337,28.5921160160095,28.5124270015936,28.5223914205637,28.5721994035508,28.9499745173891,28.8357902104004,28.7264549750173,28.8457241736917,29.1532156091641,29.1433104459398,29.2769521827709,29.2769521827709,29.0590791758805,29.0392503216033,28.9698200896756,28.7413709858727,28.3828037944729,28.5970945819598,28.6418911132907,28.5771789090283,28.4625907807171,28.482528095304,28.4426496954073,28.5273732771074,28.5223914205637,28.5423174353593,28.7662263269051,28.8506908055119,28.930125224438,28.9499745173891,29.0789043205857,29.1185434893225,29.3016821965364,29.4054854233555,29.4598181030883,29.257164023458,29.3165174407562,29.2472685603494,29.1581678438823,29.3165174407562,29.449941499166,29.1284509661644,29.1383575173713,29.23242363567,29.385721197515,29.1928270144785,29.0739483820717,28.98470182842,28.7463425217002,28.8159194843254,28.8904154684503,29.1581678438823,29.3214620616761,29.6226498173448,29.8787289912069,29.7310660989319,29.9180712669515,29.8049231025195,29.5289286601073,29.3412382437518,29.3115725896136,29.257164023458,29.1928270144785,29.2670585641821,29.3412382437518,29.3906625985796,29.3066275082174,29.3412382437518,29.1086350865945,29.1482631431937,29.257164023458,29.2868448794737,29.1532156091641,29.1977774003059,29.4845056002677,29.5141230346309,29.6029259036991,29.6472995727053,29.4400639777012,29.3313506129726,29.3016821965364,29.2967366545395,29.2769521827709,29.3956037698873,29.4400639777012,29.4301855384466,29.3560679644938,29.4450028531419,29.370895615469,29.3214620616761,29.2373721746069,29.4647560610483,29.5930625764153,29.4153661581674,29.5190584720663,29.6325104041979,29.5733331796973,29.5486662897325,29.7015089622882,29.5930625764153,29.5979943542878,29.5091873682112,29.4400639777012,29.2917908821956,29.4845056002677,29.3313506129726,29.1878763976491,29.1581678438823,29.1928270144785,29.1829255497865,29.2027275551628,29.227474865981,29.1185434893225,29.0590791758805,28.98470182842,29.0640358097506,29.019417755741,29.0293345027462,29.009500080336,29.2126271720896,29.2670585641821,29.2472685603494,29.2522164072173,29.0640358097506,28.940050336123,28.8159194843254,28.8109512193939,28.7413709858727,28.5522790316995,28.7811367266903,28.7214825035015,28.6418911132907,28.6717449129776,28.7065636848157,28.7513138236853,28.7065636848157,28.7115368584326,28.6617945840412,28.6568190680113,28.7562848918599,28.7612557262559,28.7761668270904,29.0590791758805,29.0541223101622,29.2670585641821,29.257164023458,29.2373721746069,29.1532156091641,29.2818986463425,29.3412382437518,29.2917908821956,29.2225258655088,29.2126271720896,29.0888155024772,28.8059827210337,28.8655893020517,28.6866686490532,28.607051009488,28.5423174353593,28.5074444391028,28.4027562043539,28.347877982722,28.3578579676639,28.347877982722,28.2879782051969,28.218052029166,28.043032942706,28.2430309971616,28.1630774149815,27.9679354426974,27.9028074670123,27.8977959483549,27.8225944265762,27.8727347639835,27.812563481855,27.8175790741614
28.5871372152255,28.5522790316995,28.4077437165986,28.3378970521235,28.5472983510907,28.7463425217002,28.9450125430426,29.217576634222,29.370895615469,29.5387979325806,29.8049231025195,29.967228730348,29.8049231025195,29.6522288391912,29.6571578775531,29.7606150407326,29.9082370574946,30.001625495435,29.8000008936581,29.5782658717225,28.98470182842,28.7513138236853,28.8109512193939,28.9698200896756,29.1334043574566,29.2522164072173,29.4647560610483,29.4450028531419,29.5239936805482,29.4993153482952,29.5979943542878,29.5141230346309,29.3956037698873,29.4054854233555,29.385721197515,29.2225258655088,29.242320482823,29.3362945434113,29.1977774003059,29.5979943542878,29.55360012514,29.5338634107745,29.5585337318094,29.671943624202,29.795078457589,29.6768717503746,29.3659532950663,29.083860027377,28.8904154684503,28.8854507011395,28.8308228788658,28.7314272125631,28.7115368584326,28.7363992161709,28.6219838903298,28.4725599092219,28.4924953392214,28.5323548983997,28.4526207095317,28.4625907807171,28.5821581795757,28.5771789090283,28.5273732771074,28.61202887113,28.4576058629756,28.3927804716586,28.5273732771074,28.6219838903298,28.7662263269051,29.1086350865945,28.9598977684891,28.7960450239002,28.8159194843254,29.0293345027462,29.1284509661644,29.1086350865945,29.227474865981,29.2720054887278,29.1234973434636,28.930125224438,28.7314272125631,28.5970945819598,28.5074444391028,28.5273732771074,28.5771789090283,28.676719725948,28.4576058629756,28.4127309928177,28.4576058629756,28.7314272125631,28.61202887113,28.7662263269051,29.019417755741,28.8407573086651,28.8407573086651,29.0293345027462,29.3758377059907,29.385721197515,29.3214620616761,29.3461817140249,29.4153661581674,29.3610107447515,29.4203061811547,29.3066275082174,29.3016821965364,29.2818986463425,29.3115725896136,29.385721197515,29.4301855384466,29.1779744708596,28.9797414812012,28.8208875158601,28.8159194843254,28.8208875158601,28.9946218259274,29.0640358097506,29.4252459745708,29.7606150407326,29.7704628680627,29.8344515860316,29.7901557942818,29.6029259036991,29.5239936805482,29.3264064524046,29.3115725896136,29.1829255497865,29.2917908821956,29.3264064524046,29.3264064524046,29.2373721746069,29.1977774003059,29.019417755741,29.0491652125642,29.1977774003059,29.1334043574566,29.1185434893225,29.0640358097506,29.1334043574566,29.2373721746069,29.4845056002677,29.5437322255563,29.4400639777012,29.3165174407562,29.3016821965364,29.1532156091641,29.3165174407562,29.2917908821956,29.2868448794737,29.3412382437518,29.3165174407562,29.3412382437518,29.3807795666623,29.4450028531419,29.3610107447515,29.2670585641821,29.3610107447515,29.5190584720663,29.5437322255563,29.5387979325806,29.5338634107745,29.5437322255563,29.4450028531419,29.5141230346309,29.5239936805482,29.4351248728131,29.4450028531419,29.4696937897153,29.449941499166,29.4696937897153,29.1878763976491,29.1977774003059,29.3313506129726,29.1086350865945,29.2225258655088,29.2522164072173,29.2868448794737,29.173023160837,29.1185434893225,29.1284509661644,29.1234973434636,29.0144590341043,29.009500080336,29.0045408944048,29.009500080336,29.1928270144785,29.2522164072173,29.2670585641821,29.2522164072173,28.9003443043406,28.7463425217002,28.7811367266903,28.646867332668,28.5921160160095,28.537336284473,28.61202887113,28.6020729131087,28.6518433175642,28.6717449129776,28.61202887113,28.5622396876777,28.7413709858727,28.7065636848157,28.6568190680113,28.6269610479519,28.5721994035508,28.9251623196095,28.9946218259274,29.0045408944048,29.083860027377,29.1284509661644,29.1185434893225,29.2472685603494,29.2670585641821,29.2472685603494,29.2818986463425,29.3610107447515,29.2769521827709,29.0739483820717,28.9499745173891,28.8606233696602,28.607051009488,28.4625907807171,28.4177180330437,28.4376638346625,28.332906232122,28.3029563442362,28.2030618015135,28.277991595206,28.223048297154,28.1680762946208,28.0730569169481,27.982959239327,28.0079941248089,28.1380794518489,27.9378813982687,27.8225944265762,27.8727347639835,27.8827599560813,27.8627086137778,27.7021596912783
28.4576058629756,28.3578579676639,28.4027562043539,28.2829850186196,28.4177180330437,28.8407573086651,28.6369146594003,29.019417755741,29.4301855384466,29.4993153482952,29.8098450842037,29.8541327014066,29.7901557942818,29.785232903706,29.6522288391912,29.977057507944,29.972143232219,29.8836475688813,29.7113622521147,29.4795685592941,28.7910758250633,28.4426496954073,28.6518433175642,29.009500080336,29.1383575173713,29.1631198473796,29.4400639777012,29.3264064524046,29.3659532950663,29.257164023458,29.5091873682112,29.2818986463425,29.1135894037099,29.3758377059907,29.5684002590573,29.7359914914735,29.671943624202,29.4153661581674,29.5437322255563,29.8541327014066,29.7704628680627,29.6423700780649,29.5486662897325,29.5486662897325,29.4548799158045,29.4845056002677,29.6325104041979,29.3362945434113,28.8854507011395,28.6170064980665,28.8159194843254,28.7761668270904,28.7612557262559,28.5024616412321,28.5074444391028,28.3877922511433,28.3179323529188,28.277991595206,28.5124270015936,28.6518433175642,28.4576058629756,28.3927804716586,28.5223914205637,28.4077437165986,28.5771789090283,28.6219838903298,28.6020729131087,28.5323548983997,28.6369146594003,28.8208875158601,28.7960450239002,28.930125224438,28.8059827210337,28.7960450239002,29.0937707459177,29.0888155024772,29.2917908821956,29.103680537945,29.0243762452778,29.0789043205857,28.7165097979839,28.7065636848157,28.7015902771012,28.7811367266903,28.676719725948,28.6219838903298,28.607051009488,28.5323548983997,28.61202887113,28.7811367266903,28.7662263269051,28.9450125430426,29.0342925281775,28.8655893020517,28.7463425217002,28.9450125430426,29.1829255497865,29.2769521827709,29.4696937897153,29.5042514727762,29.4696937897153,29.257164023458,29.4153661581674,29.3412382437518,29.1185434893225,29.0392503216033,29.1779744708596,29.1680716196875,29.3115725896136,29.0888155024772,28.8953800028402,28.8109512193939,28.6518433175642,28.8407573086651,28.8308228788658,29.044207883055,29.3412382437518,29.55360012514,29.6374403552393,29.7359914914735,29.6423700780649,29.5486662897325,29.5684002590573,29.3610107447515,29.2522164072173,29.2670585641821,29.4845056002677,29.3016821965364,29.242320482823,29.2522164072173,28.9797414812012,29.0144590341043,29.0689922118039,29.1532156091641,29.257164023458,29.1284509661644,29.0937707459177,29.1581678438823,29.1482631431937,29.2917908821956,29.4301855384466,29.5141230346309,29.4054854233555,29.2373721746069,29.1631198473796,29.173023160837,29.3610107447515,29.2868448794737,29.370895615469,29.3610107447515,29.4450028531419,29.5289286601073,29.5437322255563,29.5684002590573,29.3511249542619,29.3016821965364,29.4252459745708,29.3956037698873,29.4153661581674,29.4104259055781,29.4598181030883,29.5585337318094,29.55360012514,29.4351248728131,29.4252459745708,29.4598181030883,29.5733331796973,29.4351248728131,29.3264064524046,29.3511249542619,29.0590791758805,29.2472685603494,29.2225258655088,29.4153661581674,29.1878763976491,29.1135894037099,29.0739483820717,29.1680716196875,29.1086350865945,29.1185434893225,29.1680716196875,29.0640358097506,29.1631198473796,29.1631198473796,29.2621114091025,29.227474865981,29.2720054887278,29.0888155024772,28.9053083729833,28.8010139892131,28.7662263269051,28.7413709858727,28.6170064980665,28.5970945819598,28.5672196631112,28.6020729131087,28.7711966938393,28.6617945840412,28.6319379709646,28.6518433175642,28.7413709858727,28.6717449129776,28.6816943046293,28.8705550013636,29.0293345027462,29.009500080336,29.0293345027462,29.1581678438823,29.1433104459398,29.23242363567,29.1878763976491,29.2967366545395,29.3511249542619,29.2472685603494,29.2522164072173,29.5091873682112,29.2670585641821,29.1680716196875,29.0491652125642,28.8854507011395,28.7314272125631,28.4077437165986,28.4725599092219,28.3678370072086,28.3179323529188,28.3179323529188,28.2130555239183,28.1530789428139,28.1380794518489,28.1530789428139,28.0180064083215,28.0730569169481,28.0880656878123,27.9428910032239,27.812563481855,27.812563481855,27.8526815051994,27.8476675914376,27.777447615956,27.777447615956
28.3678370072086,28.1880694376433,28.372826172538,28.2729979349236,28.4276914056455,28.9995814762791,29.0491652125642,29.0392503216033,29.3511249542619,29.4252459745708,29.6620866878218,29.8541327014066,29.7803097858312,29.7064357210951,29.8344515860316,29.8738101868109,29.7162885553777,29.6965819756635,29.8098450842037,29.5979943542878,29.4301855384466,29.0045408944048,29.0144590341043,28.7761668270904,28.9102722087998,29.2621114091025,29.5387979325806,29.55360012514,29.4104259055781,29.5684002590573,29.5881305700507,29.3807795666623,29.1631198473796,29.3758377059907,29.2720054887278,29.5338634107745,29.6423700780649,29.5930625764153,29.6275802249099,29.6275802249099,29.7704628680627,29.449941499166,29.449941499166,29.5289286601073,29.4054854233555,29.3906625985796,29.3758377059907,29.4746312891203,28.8208875158601,28.6170064980665,28.7811367266903,28.8655893020517,28.6518433175642,28.253020924455,28.2130555239183,28.2030618015135,28.2829850186196,28.4526207095317,28.61202887113,28.6866686490532,28.6518433175642,28.2630099036222,28.6418911132907,28.5323548983997,28.607051009488,28.7711966938393,28.5273732771074,28.6020729131087,28.5970945819598,28.5821581795757,28.5522790316995,28.6617945840412,28.7761668270904,28.7314272125631,29.0293345027462,28.9350878965987,29.083860027377,29.0640358097506,29.1086350865945,29.044207883055,28.7363992161709,28.7363992161709,28.7214825035015,28.607051009488,28.6020729131087,28.482528095304,28.607051009488,28.7115368584326,28.7711966938393,28.7562848918599,29.044207883055,29.0789043205857,29.0392503216033,28.940050336123,28.9648590453057,28.8953800028402,28.9499745173891,29.1878763976491,29.3214620616761,29.2670585641821,29.3610107447515,29.3313506129726,29.4054854233555,29.2027275551628,29.009500080336,28.9450125430426,28.8804857008759,28.9946218259274,29.1631198473796,29.1631198473796,28.8854507011395,28.5821581795757,28.8109512193939,28.7711966938393,28.8705550013636,29.1334043574566,29.4351248728131,29.4301855384466,29.5634671097716,29.9328208826212,29.667015270028,29.6965819756635,29.6916547611904,29.5239936805482,29.385721197515,29.3016821965364,29.2621114091025,29.1334043574566,29.1482631431937,28.98470182842,29.044207883055,29.0541223101622,29.257164023458,29.1482631431937,29.103680537945,29.0640358097506,29.044207883055,28.915235811822,29.0491652125642,29.2670585641821,29.4795685592941,29.370895615469,29.4252459745708,29.2126271720896,29.009500080336,29.2967366545395,29.3016821965364,29.2818986463425,29.2818986463425,29.4054854233555,29.5042514727762,29.4301855384466,29.4203061811547,29.5387979325806,29.400544711469,29.3264064524046,29.4252459745708,29.5141230346309,29.6472995727053,29.5486662897325,29.4845056002677,29.449941499166,29.4647560610483,29.5782658717225,29.3807795666623,29.55360012514,29.5684002590573,29.4993153482952,29.3560679644938,29.2027275551628,29.217576634222,29.1631198473796,29.1284509661644,29.1482631431937,29.2225258655088,29.1928270144785,29.1135894037099,29.1433104459398,29.2076774790804,29.1532156091641,29.1334043574566,29.044207883055,29.0144590341043,28.9896619433183,29.0045408944048,29.1928270144785,29.1086350865945,29.019417755741,28.9450125430426,28.7413709858727,28.7314272125631,28.5124270015936,28.5472983510907,28.61202887113,28.5921160160095,28.6418911132907,28.5871372152255,28.7065636848157,28.5174093287365,28.6568190680113,28.6617945840412,28.6866686490532,28.7363992161709,28.6966166352573,28.930125224438,28.9549362591941,29.0987257577298,29.1878763976491,29.103680537945,29.1631198473796,29.1383575173713,29.3313506129726,29.2373721746069,29.3066275082174,29.370895615469,29.3165174407562,29.2868448794737,29.3115725896136,29.242320482823,28.9450125430426,28.7264549750173,28.4376638346625,28.3678370072086,28.327915175609,28.4326777380859,28.4077437165986,28.258015532538,28.1680762946208,28.0230121922066,28.1930671296786,27.9979808867536,27.9779515459613,27.9428910032239,27.9378813982687,27.9078187463413,27.9328715542163,27.9428910032239,27.9428910032239,27.7373007876777,27.7322813525865
28.4476353203531,28.3229238825521,28.253020924455,28.3378970521235,28.4376638346625,28.7165097979839,28.8308228788658,28.9797414812012,29.5042514727762,29.6275802249099,29.7015089622882,29.6916547611904,29.8590524129916,29.844292597587,29.8246096664975,29.7458415937754,29.6522288391912,29.7261404787557,29.9475684607986,29.785232903706,29.6571578775531,29.7704628680627,29.7606150407326,29.4301855384466,29.2868448794737,29.5634671097716,29.5585337318094,29.6374403552393,29.5585337318094,29.5289286601073,29.6916547611904,29.6522288391912,29.3610107447515,29.5042514727762,29.1878763976491,29.4548799158045,29.6177191814719,29.7901557942818,29.8787289912069,29.7064357210951,29.6177191814719,29.5289286601073,29.4252459745708,29.4598181030883,29.4351248728131,29.400544711469,29.3610107447515,29.3115725896136,29.0689922118039,28.9102722087998,29.0689922118039,28.940050336123,28.5423174353593,28.3528680933838,28.253020924455,28.2430309971616,28.3778151016153,28.4077437165986,28.5223914205637,28.6418911132907,28.6617945840412,28.5821581795757,28.7115368584326,28.6219838903298,28.5273732771074,28.6170064980665,28.3778151016153,28.3678370072086,28.5323548983997,28.6866686490532,28.4576058629756,28.537336284473,28.8109512193939,28.9251623196095,29.0987257577298,28.98470182842,28.8854507011395,28.9350878965987,29.044207883055,28.9549362591941,28.7463425217002,28.7314272125631,28.7811367266903,28.6866686490532,28.676719725948,28.6916427592519,28.7165097979839,28.7463425217002,28.7662263269051,28.8606233696602,28.9896619433183,29.103680537945,29.044207883055,29.0888155024772,29.173023160837,28.9747809016303,29.1433104459398,29.1234973434636,29.242320482823,29.4696937897153,29.4598181030883,29.3412382437518,29.3165174407562,29.1284509661644,29.0293345027462,29.019417755741,29.0045408944048,29.1383575173713,29.2818986463425,29.1631198473796,29.1234973434636,29.0937707459177,28.8407573086651,28.8655893020517,29.1334043574566,29.1829255497865,29.4153661581674,29.5831983351633,29.795078457589,29.7655390681081,29.795078457589,29.7655390681081,29.7310660989319,29.7606150407326,29.5387979325806,29.4054854233555,29.4054854233555,29.2472685603494,29.0640358097506,28.7811367266903,28.8854507011395,28.9251623196095,29.0342925281775,29.257164023458,29.1482631431937,29.044207883055,29.0342925281775,28.9251623196095,28.8655893020517,29.2126271720896,29.5486662897325,29.4400639777012,29.5190584720663,29.3264064524046,29.173023160837,29.2522164072173,29.2670585641821,29.385721197515,29.5042514727762,29.385721197515,29.385721197515,29.4153661581674,29.4153661581674,29.4746312891203,29.4400639777012,29.4450028531419,29.4647560610483,29.4203061811547,29.5338634107745,29.6768717503746,29.4203061811547,29.6226498173448,29.4647560610483,29.4845056002677,29.5387979325806,29.4203061811547,29.3956037698873,29.2373721746069,29.2621114091025,29.242320482823,29.0789043205857,29.1383575173713,29.1433104459398,29.1928270144785,29.2868448794737,29.0937707459177,29.0541223101622,29.0689922118039,29.0739483820717,29.0045408944048,28.915235811822,29.0590791758805,28.8556572041575,29.009500080336,28.9946218259274,28.8606233696602,28.9747809016303,28.915235811822,28.7910758250633,28.6418911132907,28.6966166352573,28.4227048373089,28.5223914205637,28.6816943046293,28.5921160160095,28.61202887113,28.497478607949,28.5921160160095,28.5273732771074,28.6617945840412,28.5024616412321,28.6617945840412,28.6418911132907,28.7065636848157,28.8755204676278,29.0888155024772,29.173023160837,29.1977774003059,29.1185434893225,29.1878763976491,29.1284509661644,29.2769521827709,29.3412382437518,29.3610107447515,29.3412382437518,29.3560679644938,29.385721197515,29.4548799158045,29.3165174407562,29.3115725896136,28.8457241736917,28.6319379709646,28.6170064980665,28.258015532538,28.258015532538,28.3029563442362,28.2330401214815,28.2680040377398,28.1430795199092,28.1180768014564,28.0830630023446,27.982959239327,28.063049878718,28.0079941248089,27.9979808867536,27.8075476496238,27.9428910032239,27.9228511486881,27.777447615956,27.7272616770383
28.4376638346625,28.3079485837934,28.3977684560513,28.372826172538,28.8606233696602,28.5771789090283,28.5672196631112,28.8258553140296,29.1433104459398,29.3956037698873,29.6571578775531,29.6768717503746,29.8688911556633,29.8344515860316,29.8492127629486,29.6275802249099,29.4746312891203,29.7310660989319,29.5733331796973,29.5930625764153,29.5881305700507,29.667015270028,29.5486662897325,29.5782658717225,29.3115725896136,29.5831983351633,29.7261404787557,29.7113622521147,29.8000008936581,29.7803097858312,29.5486662897325,29.3659532950663,29.2670585641821,29.3066275082174,29.5437322255563,29.6177191814719,29.6177191814719,29.671943624202,29.8344515860316,29.7606150407326,29.667015270028,29.5141230346309,29.5042514727762,29.4351248728131,29.4696937897153,29.4943789947374,29.2967366545395,29.083860027377,29.3165174407562,29.4647560610483,29.4746312891203,29.1878763976491,28.6319379709646,28.4426496954073,28.3079485837934,28.1630774149815,28.2630099036222,28.2130555239183,28.4077437165986,28.607051009488,28.7214825035015,28.6319379709646,28.6319379709646,28.372826172538,28.6219838903298,28.5124270015936,28.327915175609,28.3029563442362,28.4576058629756,28.5323548983997,28.5273732771074,28.676719725948,28.7960450239002,28.8904154684503,29.0045408944048,29.1185434893225,28.915235811822,28.9797414812012,28.9598977684891,28.9053083729833,28.7711966938393,28.7960450239002,28.5771789090283,28.4725599092219,28.6219838903298,28.8556572041575,28.7513138236853,28.8010139892131,28.7910758250633,28.7910758250633,28.9003443043406,28.9698200896756,29.1928270144785,29.1234973434636,29.1581678438823,28.9896619433183,28.9499745173891,28.8854507011395,29.0640358097506,29.2126271720896,29.2225258655088,29.3560679644938,29.1878763976491,29.1928270144785,28.9003443043406,28.7513138236853,29.1135894037099,29.1185434893225,29.257164023458,29.23242363567,29.173023160837,29.0689922118039,28.9747809016303,29.103680537945,29.1135894037099,29.4400639777012,29.5881305700507,29.8492127629486,29.7113622521147,29.5437322255563,29.5733331796973,29.7556907859056,29.795078457589,29.8049231025195,29.7507663035967,29.6078572246797,29.400544711469,29.1878763976491,29.1334043574566,28.9499745173891,28.8804857008759,29.1779744708596,29.2522164072173,29.1433104459398,29.1532156091641,29.0888155024772,28.9450125430426,28.8804857008759,29.0144590341043,29.385721197515,29.7556907859056,29.7458415937754,29.5979943542878,29.2126271720896,29.2076774790804,29.2076774790804,29.2076774790804,29.2621114091025,29.400544711469,29.3956037698873,29.400544711469,29.4054854233555,29.4252459745708,29.3560679644938,29.3313506129726,29.2472685603494,29.242320482823,29.4400639777012,29.55360012514,29.4845056002677,29.5585337318094,29.5733331796973,29.5634671097716,29.5141230346309,29.5437322255563,29.4647560610483,29.2818986463425,29.3016821965364,29.1878763976491,29.1234973434636,29.1482631431937,29.0541223101622,28.9598977684891,29.1284509661644,29.1482631431937,29.2621114091025,29.1284509661644,29.0491652125642,29.0293345027462,28.9797414812012,28.9995814762791,29.0392503216033,28.9003443043406,28.8655893020517,28.9995814762791,28.9201991820813,28.9698200896756,28.7264549750173,28.7115368584326,28.5124270015936,28.5572594772178,28.5273732771074,28.5921160160095,28.5622396876777,28.6170064980665,28.61202887113,28.5223914205637,28.5124270015936,28.5771789090283,28.6568190680113,28.5672196631112,28.6518433175642,28.7562848918599,28.7960450239002,28.8357902104004,29.3066275082174,29.2917908821956,29.257164023458,29.2522164072173,29.1631198473796,29.3313506129726,29.2670585641821,29.3511249542619,29.5091873682112,29.3807795666623,29.4351248728131,29.6127883172604,29.4746312891203,29.4351248728131,29.4203061811547,29.1482631431937,28.8506908055119,28.6369146594003,28.497478607949,28.3877922511433,28.3628476055947,28.1580782977234,28.2979638679726,28.2680040377398,28.1930671296786,28.1280786023483,28.0780600787342,28.0530418873914,27.9579183838364,27.982959239327,27.9529094959747,27.7724301033211,27.9028074670123,27.6469141389248,27.7473389366228
28.5074444391028,28.5223914205637,28.5124270015936,28.5721994035508,28.7115368584326,28.4924953392214,28.4027562043539,28.676719725948,28.7115368584326,29.1284509661644,29.4746312891203,29.5979943542878,29.9377369683613,29.9377369683613,29.7803097858312,29.4795685592941,29.370895615469,29.5190584720663,29.4993153482952,29.3807795666623,29.3906625985796,29.5091873682112,29.5486662897325,29.5684002590573,29.4301855384466,29.6226498173448,29.6916547611904,29.785232903706,29.785232903706,29.9377369683613,29.5634671097716,29.3560679644938,29.1928270144785,29.217576634222,29.3264064524046,29.4993153482952,29.6226498173448,29.7212146309145,29.5930625764153,29.6029259036991,29.7458415937754,29.6571578775531,29.6078572246797,29.4301855384466,29.5141230346309,29.5733331796973,29.4203061811547,29.3115725896136,29.1928270144785,29.4054854233555,29.6965819756635,29.0739483820717,28.4576058629756,28.4426496954073,28.372826172538,28.3877922511433,28.1680762946208,28.277991595206,28.4027562043539,28.3927804716586,28.4875118350172,28.4227048373089,28.4625907807171,28.6418911132907,28.6418911132907,28.4526207095317,28.277991595206,28.332906232122,28.4924953392214,28.3628476055947,28.7413709858727,28.7363992161709,28.930125224438,28.8854507011395,28.9549362591941,29.1581678438823,29.019417755741,28.9648590453057,28.940050336123,28.8159194843254,28.7513138236853,28.7463425217002,28.5472983510907,28.5572594772178,28.6866686490532,28.9201991820813,28.9350878965987,28.6916427592519,28.7214825035015,28.6369146594003,28.7612557262559,28.7811367266903,29.083860027377,29.173023160837,29.083860027377,29.1383575173713,28.8606233696602,28.8904154684503,29.044207883055,28.9698200896756,29.1928270144785,29.1829255497865,29.1829255497865,29.0342925281775,28.8010139892131,28.8854507011395,28.9350878965987,29.103680537945,29.1482631431937,29.1532156091641,28.98470182842,28.9499745173891,28.8705550013636,29.1135894037099,29.0689922118039,29.449941499166,29.5634671097716,29.3807795666623,29.5881305700507,29.4400639777012,29.5831983351633,29.8295307397771,29.9573990480468,29.8295307397771,29.8492127629486,29.7606150407326,29.5782658717225,29.3956037698873,29.3956037698873,29.2076774790804,29.0937707459177,29.1878763976491,29.257164023458,29.370895615469,29.2027275551628,29.0640358097506,28.9053083729833,28.940050336123,29.1185434893225,29.5338634107745,29.7803097858312,29.7507663035967,29.5930625764153,29.2076774790804,29.2027275551628,29.1779744708596,29.257164023458,29.400544711469,29.5239936805482,29.5239936805482,29.400544711469,29.4203061811547,29.5190584720663,29.3659532950663,29.4647560610483,29.4104259055781,29.3362945434113,29.4647560610483,29.4400639777012,29.6768717503746,29.5289286601073,29.5585337318094,29.5733331796973,29.4054854233555,29.3956037698873,29.400544711469,29.257164023458,29.242320482823,29.1185434893225,29.0689922118039,29.083860027377,28.915235811822,28.8854507011395,29.019417755741,29.0491652125642,29.2373721746069,29.2225258655088,29.0491652125642,28.940050336123,28.8953800028402,28.7711966938393,28.8755204676278,28.7463425217002,28.8506908055119,28.8506908055119,28.8059827210337,28.9102722087998,28.7960450239002,28.7015902771012,28.607051009488,28.4276914056455,28.5622396876777,28.5622396876777,28.5921160160095,28.5273732771074,28.5223914205637,28.607051009488,28.5970945819598,28.5622396876777,28.666769865686,28.6568190680113,28.7463425217002,28.61202887113,28.7960450239002,28.9450125430426,29.2670585641821,29.2621114091025,29.1532156091641,29.3362945434113,29.3214620616761,29.4252459745708,29.4351248728131,29.4795685592941,29.4598181030883,29.5684002590573,29.6275802249099,29.6177191814719,29.6029259036991,29.5979943542878,29.4252459745708,29.0987257577298,28.8556572041575,28.6369146594003,28.6219838903298,28.4077437165986,28.1830715081525,28.3079485837934,28.258015532538,28.0230121922066,28.1930671296786,28.0980703444506,28.1030723156867,27.8977959483549,27.9979808867536,27.9028074670123,27.9128297863749,27.7322813525865,27.7874819207868,27.7573761241401,27.7523576505433
29.0541223101622,28.7861063926706,28.5323548983997,28.5572594772178,28.5672196631112,28.3528680933838,28.3778151016153,28.4775441200496,28.6866686490532,29.0491652125642,29.3610107447515,29.6275802249099,29.7901557942818,30.045833639664,29.9524838675562,29.5190584720663,29.4943789947374,29.5979943542878,29.4894424120718,29.370895615469,29.227474865981,29.3956037698873,29.4153661581674,29.3264064524046,29.6078572246797,29.5141230346309,29.6177191814719,29.6127883172604,29.5437322255563,29.785232903706,29.5338634107745,29.23242363567,29.2522164072173,29.3214620616761,29.3906625985796,29.5338634107745,29.3956037698873,29.6325104041979,29.7409166564112,29.4894424120718,29.5091873682112,29.5437322255563,29.4054854233555,29.3758377059907,29.3066275082174,29.3066275082174,29.3560679644938,29.2917908821956,29.3115725896136,29.3511249542619,29.4795685592941,29.257164023458,28.6866686490532,28.6369146594003,28.646867332668,28.5124270015936,28.3578579676639,28.2630099036222,28.3927804716586,28.2729979349236,28.342887635646,28.347877982722,28.482528095304,28.6418911132907,28.646867332668,28.4276914056455,28.277991595206,28.2729979349236,28.4576058629756,28.4077437165986,28.5174093287365,28.8109512193939,28.9499745173891,29.0342925281775,29.0392503216033,29.0937707459177,29.009500080336,28.8407573086651,28.940050336123,28.8059827210337,28.8059827210337,28.7612557262559,28.5622396876777,28.5622396876777,28.6816943046293,28.930125224438,28.930125224438,28.8755204676278,28.7065636848157,28.6617945840412,28.6966166352573,28.8208875158601,28.8208875158601,28.9598977684891,28.98470182842,29.0243762452778,28.9549362591941,28.9896619433183,28.9995814762791,28.9549362591941,29.0342925281775,29.3214620616761,29.3165174407562,29.0243762452778,28.8804857008759,28.7711966938393,29.0987257577298,29.1284509661644,29.2373721746069,29.1383575173713,29.044207883055,29.0342925281775,28.9450125430426,28.9896619433183,29.1928270144785,29.1928270144785,29.4548799158045,29.3610107447515,29.4400639777012,29.5782658717225,29.7409166564112,29.7409166564112,29.8049231025195,29.927904570493,29.972143232219,29.7556907859056,29.775386440627,29.6423700780649,29.5733331796973,29.6127883172604,29.385721197515,29.2621114091025,29.2472685603494,29.3906625985796,29.23242363567,29.1829255497865,28.9797414812012,28.9747809016303,29.2225258655088,29.449941499166,29.5387979325806,29.5782658717225,29.5387979325806,29.3165174407562,29.2720054887278,29.173023160837,29.0689922118039,29.2126271720896,29.4252459745708,29.6325104041979,29.5979943542878,29.5042514727762,29.3610107447515,29.3362945434113,29.2818986463425,29.2818986463425,29.4598181030883,29.4351248728131,29.4696937897153,29.4696937897153,29.4450028531419,29.400544711469,29.3758377059907,29.385721197515,29.370895615469,29.3461817140249,29.3214620616761,29.2076774790804,29.1135894037099,29.044207883055,28.930125224438,28.7910758250633,28.7910758250633,29.009500080336,29.0243762452778,29.0144590341043,29.0342925281775,29.0342925281775,29.019417755741,28.8159194843254,28.7761668270904,28.7115368584326,28.8059827210337,28.7264549750173,28.8407573086651,28.8059827210337,28.8010139892131,28.5572594772178,28.7662263269051,28.5323548983997,28.3628476055947,28.5970945819598,28.4625907807171,28.6269610479519,28.5522790316995,28.5323548983997,28.5970945819598,28.5323548983997,28.5921160160095,28.5672196631112,28.6170064980665,28.6020729131087,28.5522790316995,28.7761668270904,29.1383575173713,29.4104259055781,29.4993153482952,29.4104259055781,29.4104259055781,29.3264064524046,29.3807795666623,29.4252459745708,29.4252459745708,29.4598181030883,29.4943789947374,29.5782658717225,29.7359914914735,29.6916547611904,29.667015270028,29.4301855384466,29.3165174407562,28.9598977684891,28.6617945840412,28.6269610479519,28.3828037944729,28.4127309928177,28.342887635646,28.3029563442362,28.2729979349236,28.1530789428139,28.1880694376433,28.0830630023446,27.8777474797793,28.0380281127715,27.9278614710339,27.8977959483549,27.812563481855,27.7874819207868,27.7373007876777,27.7674123504958
29.227474865981,29.1185434893225,28.9549362591941,28.7115368584326,28.5821581795757,28.332906232122,28.347877982722,28.2979638679726,28.5622396876777,28.6319379709646,29.0590791758805,29.3758377059907,29.5979943542878,30.0163635761093,30.0360111882413,29.7556907859056,29.4450028531419,29.6423700780649,29.257164023458,29.009500080336,29.2373721746069,29.4598181030883,29.2373721746069,29.23242363567,29.2967366545395,29.5733331796973,29.7803097858312,29.6965819756635,29.5733331796973,29.4252459745708,29.5733331796973,29.3906625985796,29.3461817140249,29.3906625985796,29.4845056002677,29.5585337318094,29.4894424120718,29.6226498173448,29.5881305700507,29.449941499166,29.1680716196875,29.4795685592941,29.4943789947374,29.2621114091025,29.0739483820717,29.0739483820717,29.0789043205857,29.4351248728131,29.4104259055781,29.4104259055781,29.4845056002677,29.3906625985796,29.0342925281775,28.9003443043406,28.7513138236853,28.6219838903298,28.6866686490532,28.6916427592519,28.5124270015936,28.2680040377398,28.4077437165986,28.372826172538,28.4027562043539,28.4924953392214,28.6717449129776,28.4924953392214,28.342887635646,28.1680762946208,28.2829850186196,28.3828037944729,28.4426496954073,28.7711966938393,28.8010139892131,29.019417755741,29.103680537945,29.0293345027462,29.0293345027462,29.1135894037099,28.9201991820813,28.6916427592519,28.7861063926706,28.9450125430426,28.7910758250633,28.6617945840412,28.8457241736917,28.7115368584326,28.9350878965987,28.8059827210337,28.6966166352573,28.7413709858727,28.6966166352573,28.8109512193939,28.8606233696602,28.8655893020517,28.8755204676278,29.0144590341043,28.930125224438,28.9896619433183,29.009500080336,29.1383575173713,29.3214620616761,29.2225258655088,29.1977774003059,29.019417755741,29.1680716196875,29.1433104459398,29.009500080336,29.103680537945,29.2472685603494,29.242320482823,29.009500080336,29.0045408944048,28.8655893020517,28.9102722087998,28.9698200896756,29.1334043574566,29.3511249542619,29.3264064524046,29.4351248728131,29.3412382437518,29.4993153482952,29.7162885553777,29.8147668387412,29.9082370574946,29.785232903706,29.7901557942818,29.8098450842037,29.8934840441875,29.795078457589,29.8000008936581,29.400544711469,29.6177191814719,29.6078572246797,29.385721197515,29.1829255497865,29.1631198473796,29.0937707459177,29.1185434893225,29.1284509661644,29.385721197515,29.400544711469,29.3511249542619,29.370895615469,29.3412382437518,29.173023160837,29.1829255497865,29.1680716196875,29.0243762452778,29.1680716196875,29.4301855384466,29.4696937897153,29.3066275082174,29.1928270144785,29.3016821965364,29.1928270144785,29.3511249542619,29.3412382437518,29.4647560610483,29.5437322255563,29.5190584720663,29.5091873682112,29.385721197515,29.3362945434113,29.3610107447515,29.2818986463425,29.2868448794737,29.2522164072173,29.1185434893225,29.1532156091641,28.9102722087998,28.7861063926706,28.7910758250633,28.7910758250633,28.8407573086651,28.8904154684503,29.0293345027462,28.9251623196095,28.930125224438,28.8208875158601,28.8208875158601,28.7463425217002,28.5871372152255,28.6319379709646,28.6319379709646,28.7413709858727,28.7065636848157,28.7910758250633,28.646867332668,28.4576058629756,28.5174093287365,28.4775441200496,28.5572594772178,28.5572594772178,28.4775441200496,28.6568190680113,28.4077437165986,28.676719725948,28.61202887113,28.5672196631112,28.6319379709646,28.646867332668,28.6219838903298,28.6966166352573,28.7811367266903,29.1334043574566,29.3461817140249,29.5881305700507,29.3362945434113,29.2621114091025,29.449941499166,29.4203061811547,29.4943789947374,29.4696937897153,29.3610107447515,29.6177191814719,29.6768717503746,29.6916547611904,29.6768717503746,29.667015270028,29.5486662897325,29.2917908821956,29.1680716196875,28.8506908055119,28.6966166352573,28.4227048373089,28.347877982722,28.342887635646,28.3079485837934,28.0730569169481,28.1880694376433,28.063049878718,28.0680535169536,28.1730749366739,28.043032942706,28.0130003858666,27.9428910032239,27.7623943574465,27.7975152652541,27.6117426966131,27.837639044803
29.2225258655088,29.0689922118039,29.1581678438823,29.0987257577298,28.8606233696602,28.482528095304,28.2929711549704,28.2680040377398,28.5771789090283,28.7711966938393,29.0640358097506,29.5190584720663,29.5239936805482,29.775386440627,29.9426528277437,29.7556907859056,29.6620866878218,29.5930625764153,29.3511249542619,29.2522164072173,29.3758377059907,29.0987257577298,29.217576634222,29.1977774003059,29.2373721746069,29.5042514727762,29.671943624202,29.5387979325806,29.4598181030883,29.5437322255563,29.5338634107745,29.3807795666623,29.400544711469,29.4795685592941,29.4351248728131,29.5979943542878,29.9033196129721,29.7015089622882,29.5831983351633,29.4795685592941,29.242320482823,29.2472685603494,29.4252459745708,29.6029259036991,29.3264064524046,29.2967366545395,29.2472685603494,29.3016821965364,29.3165174407562,29.0640358097506,29.257164023458,29.3758377059907,29.2373721746069,28.8159194843254,28.9053083729833,29.009500080336,28.8506908055119,28.5024616412321,28.4924953392214,28.5174093287365,28.6219838903298,28.4675754627885,28.3977684560513,28.3678370072086,28.4077437165986,28.6369146594003,28.3927804716586,28.277991595206,28.372826172538,28.3977684560513,28.5024616412321,28.940050336123,28.9598977684891,29.009500080336,29.0640358097506,29.0293345027462,28.9598977684891,28.9598977684891,28.7065636848157,28.7562848918599,28.7662263269051,28.7761668270904,28.5522790316995,28.6518433175642,28.7065636848157,28.646867332668,28.7363992161709,28.7065636848157,28.6518433175642,28.5124270015936,28.666769865686,28.7910758250633,28.8258553140296,28.8755204676278,29.0342925281775,29.0689922118039,29.0640358097506,29.0144590341043,29.0590791758805,29.173023160837,29.2967366545395,29.2720054887278,29.2967366545395,29.2373721746069,29.0392503216033,29.0144590341043,29.1928270144785,29.2472685603494,29.1284509661644,29.2225258655088,28.8755204676278,28.7612557262559,28.7115368584326,28.8804857008759,28.9053083729833,29.1482631431937,29.1977774003059,29.2027275551628,29.400544711469,29.3610107447515,29.4301855384466,29.6620866878218,29.6817996485765,29.7409166564112,29.775386440627,29.7901557942818,29.8393722052915,30.0654758344281,29.972143232219,29.9426528277437,29.795078457589,29.7359914914735,29.5881305700507,29.3956037698873,29.227474865981,29.0689922118039,28.9747809016303,28.9698200896756,29.2225258655088,29.2720054887278,29.23242363567,29.2126271720896,29.3362945434113,29.2868448794737,29.1779744708596,29.173023160837,29.0144590341043,29.0293345027462,29.2720054887278,29.5091873682112,29.3461817140249,29.2769521827709,29.2027275551628,29.3264064524046,29.3412382437518,29.3016821965364,29.4153661581674,29.3511249542619,29.4301855384466,29.3956037698873,29.2818986463425,29.2522164072173,29.227474865981,29.2522164072173,29.2621114091025,29.242320482823,29.1185434893225,29.3511249542619,28.98470182842,28.9201991820813,29.009500080336,28.7513138236853,28.7363992161709,28.7861063926706,28.7910758250633,28.8159194843254,28.8705550013636,28.8159194843254,28.9698200896756,28.8109512193939,28.7513138236853,28.7513138236853,28.6369146594003,28.7363992161709,28.7314272125631,28.8109512193939,28.7960450239002,28.6020729131087,28.4625907807171,28.5074444391028,28.3678370072086,28.4426496954073,28.4875118350172,28.4526207095317,28.5622396876777,28.61202887113,28.4526207095317,28.5323548983997,28.6617945840412,28.5970945819598,28.61202887113,28.8159194843254,28.7165097979839,29.0392503216033,29.1334043574566,29.3560679644938,29.5239936805482,29.385721197515,29.4993153482952,29.4153661581674,29.4351248728131,29.5437322255563,29.5239936805482,29.4943789947374,29.6817996485765,29.7359914914735,29.7606150407326,29.7409166564112,29.6620866878218,29.6620866878218,29.5437322255563,29.2818986463425,28.9698200896756,28.6816943046293,28.5771789090283,28.3877922511433,28.1880694376433,28.4227048373089,28.228044327915,28.2130555239183,28.2330401214815,28.223048297154,28.0880656878123,28.1180768014564,27.7975152652541,27.8677218086608,27.7975152652541,27.7322813525865,27.5966656031286,27.8025315774346
29.0888155024772,29.1680716196875,29.4203061811547,29.0987257577298,28.6568190680113,28.5921160160095,28.4924953392214,28.2130555239183,28.3378970521235,28.4177180330437,28.7711966938393,29.3461817140249,29.4054854233555,29.5338634107745,29.7655390681081,29.671943624202,29.7458415937754,29.5831983351633,29.3461817140249,29.2818986463425,29.3560679644938,29.23242363567,29.0640358097506,29.2126271720896,29.1977774003059,29.2769521827709,29.3560679644938,29.5831983351633,29.5930625764153,29.3807795666623,29.385721197515,29.4054854233555,29.4647560610483,29.4104259055781,29.4450028531419,29.4696937897153,29.5141230346309,29.4894424120718,29.3659532950663,29.4252459745708,29.2373721746069,29.23242363567,29.4203061811547,29.385721197515,29.385721197515,29.3016821965364,29.5831983351633,29.3066275082174,29.3511249542619,29.2917908821956,28.9896619433183,29.019417755741,29.0045408944048,28.6717449129776,28.4476353203531,28.6418911132907,28.6866686490532,28.5024616412321,28.4476353203531,28.5174093287365,28.8208875158601,28.537336284473,28.482528095304,28.372826172538,28.2979638679726,28.3977684560513,28.4127309928177,28.4127309928177,28.5124270015936,28.5672196631112,28.666769865686,28.9350878965987,28.98470182842,28.8755204676278,28.7513138236853,28.7662263269051,28.9450125430426,28.8506908055119,28.6816943046293,28.7314272125631,28.6717449129776,28.6717449129776,28.5672196631112,28.5522790316995,28.5871372152255,28.6916427592519,28.5622396876777,28.5721994035508,28.607051009488,28.6717449129776,28.7264549750173,28.7562848918599,28.7811367266903,28.9251623196095,28.940050336123,29.1928270144785,29.1234973434636,29.2126271720896,29.1532156091641,29.2967366545395,29.2868448794737,29.083860027377,29.0541223101622,29.1185434893225,29.103680537945,29.0888155024772,29.0888155024772,29.103680537945,29.2472685603494,29.083860027377,28.8457241736917,28.7314272125631,28.8109512193939,28.9102722087998,28.8904154684503,28.8904154684503,29.1829255497865,29.4153661581674,29.4351248728131,29.4400639777012,29.4943789947374,29.6571578775531,29.6522288391912,29.7556907859056,29.7704628680627,29.7655390681081,29.8934840441875,29.972143232219,29.972143232219,29.8541327014066,29.795078457589,29.7015089622882,29.5782658717225,29.4054854233555,29.2967366545395,29.1383575173713,29.1383575173713,29.1334043574566,29.2818986463425,29.4450028531419,29.242320482823,29.1135894037099,29.2126271720896,29.1680716196875,28.9797414812012,28.9102722087998,28.7513138236853,28.9450125430426,29.3659532950663,29.3066275082174,29.0541223101622,29.1680716196875,29.1878763976491,29.3016821965364,29.2670585641821,29.3758377059907,29.3362945434113,29.1482631431937,29.2868448794737,29.2522164072173,29.3115725896136,29.2720054887278,29.2720054887278,29.2373721746069,29.1829255497865,29.257164023458,29.1779744708596,29.1135894037099,28.9598977684891,28.9896619433183,28.98470182842,28.9201991820813,28.7811367266903,28.6816943046293,28.7214825035015,28.8159194843254,28.6219838903298,28.7960450239002,28.8308228788658,28.7711966938393,28.7612557262559,28.6966166352573,28.7214825035015,28.6617945840412,28.7413709858727,28.7513138236853,28.7413709858727,28.5672196631112,28.6418911132907,28.4725599092219,28.4725599092219,28.4675754627885,28.4326777380859,28.4027562043539,28.3378970521235,28.4725599092219,28.537336284473,28.6170064980665,28.607051009488,28.5871372152255,28.5821581795757,28.5771789090283,28.7761668270904,28.8606233696602,29.1284509661644,29.3807795666623,29.5684002590573,29.5141230346309,29.5091873682112,29.3511249542619,29.4252459745708,29.4203061811547,29.4301855384466,29.55360012514,29.671943624202,29.7556907859056,29.6916547611904,29.7901557942818,29.6817996485765,29.6620866878218,29.5437322255563,29.3016821965364,28.9946218259274,28.7513138236853,28.5323548983997,28.4625907807171,28.2480260793404,28.1980645842911,28.1230778208426,28.327915175609,27.9779515459613,27.9779515459613,28.0780600787342,27.9228511486881,27.8777474797793,27.9128297863749,27.7724301033211,27.7623943574465,27.7724301033211,27.7473389366228
29.4400639777012,29.2967366545395,29.4203061811547,29.3066275082174,28.915235811822,28.5423174353593,28.4227048373089,28.2430309971616,28.3129405866768,28.6717449129776,28.9946218259274,29.1631198473796,29.4054854233555,29.5486662897325,29.7359914914735,29.7556907859056,29.7310660989319,29.6226498173448,29.4696937897153,29.2967366545395,29.5141230346309,29.3511249542619,29.0689922118039,29.083860027377,29.1234973434636,29.1135894037099,29.2868448794737,29.4746312891203,29.6472995727053,29.4894424120718,29.3313506129726,29.1829255497865,29.3066275082174,29.4203061811547,29.5437322255563,29.5486662897325,29.4301855384466,29.4153661581674,29.3362945434113,29.370895615469,29.4203061811547,29.227474865981,29.2225258655088,29.2225258655088,29.3214620616761,29.4153661581674,29.4351248728131,29.083860027377,29.2917908821956,29.2027275551628,29.0293345027462,28.7711966938393,28.6568190680113,28.3179323529188,28.4276914056455,28.4476353203531,28.6319379709646,28.5821581795757,28.4875118350172,28.607051009488,28.7761668270904,29.0342925281775,28.6568190680113,28.4576058629756,28.4177180330437,28.4625907807171,28.4276914056455,28.4127309928177,28.6020729131087,28.5921160160095,28.6418911132907,28.930125224438,29.0590791758805,29.0590791758805,28.9251623196095,28.7513138236853,28.8308228788658,28.8357902104004,28.8109512193939,28.7662263269051,28.7015902771012,28.646867332668,28.61202887113,28.6518433175642,28.6916427592519,28.4426496954073,28.5871372152255,28.4675754627885,28.6369146594003,28.6269610479519,28.7165097979839,28.7314272125631,28.8357902104004,28.930125224438,28.9896619433183,29.019417755741,29.0640358097506,29.1878763976491,29.3016821965364,29.3016821965364,29.242320482823,29.2670585641821,29.1383575173713,28.9797414812012,28.940050336123,28.9053083729833,29.2373721746069,28.9946218259274,29.1334043574566,29.009500080336,28.8655893020517,28.8705550013636,28.8705550013636,28.7264549750173,28.7811367266903,28.8854507011395,29.0342925281775,29.1928270144785,29.3214620616761,29.5042514727762,29.4993153482952,29.6571578775531,29.7901557942818,29.8147668387412,29.8885659198648,29.8836475688813,29.7803097858312,29.7901557942818,29.9033196129721,29.8738101868109,29.8000008936581,29.6620866878218,29.4252459745708,29.5585337318094,29.4104259055781,29.1581678438823,29.2225258655088,29.2818986463425,29.2522164072173,29.1086350865945,29.103680537945,29.0144590341043,28.8407573086651,28.8308228788658,28.7513138236853,28.7711966938393,28.7363992161709,28.8755204676278,29.1383575173713,28.940050336123,29.1185434893225,29.1482631431937,29.1779744708596,29.1631198473796,29.217576634222,29.2670585641821,29.2868448794737,29.2522164072173,29.0293345027462,29.1185434893225,29.1482631431937,29.3016821965364,29.2670585641821,29.23242363567,29.2720054887278,29.1284509661644,29.103680537945,28.98470182842,29.1185434893225,28.9896619433183,29.1185434893225,29.1433104459398,28.8804857008759,29.044207883055,28.8556572041575,29.0045408944048,28.8755204676278,28.9499745173891,28.9450125430426,28.8059827210337,28.8208875158601,28.6866686490532,28.7413709858727,28.7861063926706,28.7264549750173,28.7363992161709,28.61202887113,28.6269610479519,28.4376638346625,28.4227048373089,28.3528680933838,28.3628476055947,28.4077437165986,28.3678370072086,28.4625907807171,28.3778151016153,28.4576058629756,28.6418911132907,28.6170064980665,28.4875118350172,28.5871372152255,28.7165097979839,28.7960450239002,29.1185434893225,29.2917908821956,29.385721197515,29.4993153482952,29.4252459745708,29.5239936805482,29.5387979325806,29.4203061811547,29.4301855384466,29.5289286601073,29.6571578775531,29.5239936805482,29.6867273188382,29.667015270028,29.6817996485765,29.7409166564112,29.7556907859056,29.3956037698873,29.5338634107745,29.0491652125642,28.8308228788658,28.5821581795757,28.372826172538,28.3628476055947,28.1530789428139,28.1830715081525,28.2080587813783,28.1380794518489,28.1080740489112,27.9428910032239,28.0780600787342,27.7674123504958,27.9178405871461,27.8677218086608,27.7573761241401,27.7573761241401,27.7322813525865
29.5437322255563,29.2917908821956,29.083860027377,28.9896619433183,28.9896619433183,28.4625907807171,28.2330401214815,28.3079485837934,28.4924953392214,28.8953800028402,28.9946218259274,29.0739483820717,29.5437322255563,29.7359914914735,29.7359914914735,29.7704628680627,29.7556907859056,29.6916547611904,29.5979943542878,29.3412382437518,29.3412382437518,29.3511249542619,29.1383575173713,29.083860027377,28.7960450239002,29.1829255497865,29.1680716196875,29.1631198473796,29.5042514727762,29.3264064524046,29.0144590341043,29.0888155024772,29.2917908821956,29.1284509661644,29.4153661581674,29.4845056002677,29.6768717503746,29.3906625985796,29.257164023458,29.5684002590573,29.3956037698873,29.23242363567,29.0243762452778,29.2027275551628,29.2670585641821,29.3313506129726,29.3066275082174,29.2967366545395,29.0640358097506,29.0640358097506,28.7612557262559,28.6518433175642,28.6568190680113,28.3229238825521,28.3079485837934,28.3678370072086,28.4775441200496,28.6816943046293,28.607051009488,28.5423174353593,28.6866686490532,28.7711966938393,28.8357902104004,28.7562848918599,28.497478607949,28.4326777380859,28.4276914056455,28.4476353203531,28.372826172538,28.5522790316995,28.5174093287365,28.7165097979839,28.7960450239002,28.9201991820813,28.930125224438,28.6916427592519,28.6269610479519,28.7861063926706,28.8457241736917,28.7811367266903,28.7214825035015,28.7015902771012,28.6717449129776,28.5921160160095,28.7165097979839,28.4426496954073,28.607051009488,28.6020729131087,28.6518433175642,28.61202887113,28.676719725948,28.7463425217002,28.9350878965987,29.1383575173713,29.0590791758805,28.9995814762791,28.8357902104004,28.9896619433183,29.0937707459177,29.1284509661644,29.1482631431937,29.1581678438823,29.0342925281775,28.8804857008759,28.8556572041575,28.9102722087998,29.0739483820717,29.1928270144785,29.0045408944048,29.083860027377,29.0045408944048,28.8258553140296,28.7015902771012,28.7761668270904,28.8755204676278,29.1383575173713,29.1680716196875,29.2027275551628,29.2967366545395,29.3313506129726,29.4696937897153,29.5091873682112,29.667015270028,29.8688911556633,29.8295307397771,29.7901557942818,29.9573990480468,29.7507663035967,29.8492127629486,29.8344515860316,29.8147668387412,29.6867273188382,29.4647560610483,29.3906625985796,29.3313506129726,29.3659532950663,29.1977774003059,29.0987257577298,29.0789043205857,28.9797414812012,28.940050336123,28.8854507011395,28.8457241736917,28.7562848918599,28.7165097979839,28.7015902771012,28.8159194843254,28.8506908055119,28.9896619433183,29.103680537945,29.0789043205857,29.1878763976491,29.1581678438823,29.1532156091641,29.3115725896136,29.2868448794737,29.3362945434113,29.2720054887278,29.2967366545395,29.1928270144785,29.1779744708596,29.3115725896136,29.3016821965364,29.2027275551628,29.2522164072173,29.0789043205857,29.1928270144785,28.9797414812012,29.103680537945,28.9896619433183,28.9946218259274,29.0342925281775,29.1185434893225,29.0888155024772,29.019417755741,29.0739483820717,29.0739483820717,28.9747809016303,28.7761668270904,28.7513138236853,28.8854507011395,28.7662263269051,28.7363992161709,28.7513138236853,28.6916427592519,28.7065636848157,28.7413709858727,28.6866686490532,28.646867332668,28.4576058629756,28.3528680933838,28.347877982722,28.4526207095317,28.332906232122,28.4276914056455,28.347877982722,28.3628476055947,28.5323548983997,28.6369146594003,28.4924953392214,28.6319379709646,28.7314272125631,28.8506908055119,29.0491652125642,29.0590791758805,29.370895615469,29.5141230346309,29.5190584720663,29.3956037698873,29.3956037698873,29.4351248728131,29.5486662897325,29.5585337318094,29.5831983351633,29.5782658717225,29.7113622521147,29.7507663035967,29.7655390681081,29.7064357210951,29.55360012514,29.5831983351633,29.400544711469,29.242320482823,28.8457241736917,28.7065636848157,28.5821581795757,28.3528680933838,28.253020924455,28.2380356778862,28.1130755441568,28.1030723156867,27.982959239327,27.9428910032239,27.9428910032239,27.7523576505433,27.7423199823454,27.8777474797793,27.7573761241401,27.7423199823454,27.7924987130493
29.4400639777012,29.3906625985796,29.0640358097506,28.9648590453057,29.0541223101622,28.5074444391028,28.1680762946208,28.2729979349236,28.7711966938393,29.0144590341043,29.044207883055,28.9946218259274,29.3610107447515,29.775386440627,29.7409166564112,29.6423700780649,29.7507663035967,29.8492127629486,29.7310660989319,29.6817996485765,29.2917908821956,29.1532156091641,28.9499745173891,28.7761668270904,28.7861063926706,29.1878763976491,29.3610107447515,29.1581678438823,29.3264064524046,29.0144590341043,28.8705550013636,29.0541223101622,29.1135894037099,29.1383575173713,29.1334043574566,29.5289286601073,29.5289286601073,29.4746312891203,29.4054854233555,29.4203061811547,29.4203061811547,29.217576634222,29.2225258655088,29.5338634107745,29.2670585641821,29.2720054887278,29.2076774790804,29.1977774003059,29.0144590341043,28.9003443043406,28.6518433175642,28.6369146594003,28.5472983510907,28.537336284473,28.4027562043539,28.4526207095317,28.4875118350172,28.7711966938393,28.5921160160095,28.646867332668,28.5074444391028,28.7513138236853,28.7562848918599,28.8556572041575,28.8159194843254,28.7165097979839,28.4376638346625,28.482528095304,28.4775441200496,28.5821581795757,28.5472983510907,28.5323548983997,28.7463425217002,28.9251623196095,28.9201991820813,28.8953800028402,28.7861063926706,28.7761668270904,28.9648590453057,28.9648590453057,28.8556572041575,28.7562848918599,28.7463425217002,28.666769865686,28.5970945819598,28.4476353203531,28.5970945819598,28.5921160160095,28.6269610479519,28.5472983510907,28.9102722087998,28.9450125430426,28.98470182842,29.0342925281775,29.019417755741,28.9003443043406,28.8357902104004,28.9003443043406,28.915235811822,29.2126271720896,29.2126271720896,29.009500080336,29.0888155024772,28.7214825035015,28.7662263269051,28.8904154684503,28.9102722087998,29.0789043205857,28.9946218259274,29.0789043205857,29.0789043205857,28.7015902771012,28.8159194843254,28.7761668270904,28.9053083729833,29.0243762452778,29.1334043574566,29.2522164072173,29.3066275082174,29.4203061811547,29.5042514727762,29.6472995727053,29.775386440627,29.9033196129721,29.9229880319466,30.0409225268145,29.9426528277437,29.9819715575531,29.9573990480468,30.0851144200226,29.967228730348,29.8492127629486,29.6127883172604,29.4845056002677,29.4054854233555,29.23242363567,29.1532156091641,29.103680537945,28.8804857008759,28.8606233696602,28.9648590453057,28.9598977684891,28.8556572041575,28.7314272125631,28.7314272125631,28.7562848918599,28.8258553140296,28.7513138236853,28.8606233696602,29.103680537945,29.0243762452778,29.1928270144785,29.0888155024772,29.3610107447515,29.1482631431937,29.2818986463425,29.1334043574566,29.1334043574566,29.1334043574566,29.0144590341043,29.3016821965364,29.3214620616761,29.242320482823,29.2522164072173,29.1779744708596,29.2917908821956,29.0739483820717,29.1284509661644,29.103680537945,29.0243762452778,29.0888155024772,28.9698200896756,28.9995814762791,29.0640358097506,29.0243762452778,28.930125224438,28.8804857008759,28.7413709858727,28.8854507011395,28.7463425217002,28.8953800028402,28.7513138236853,28.7562848918599,28.6617945840412,28.7363992161709,28.7363992161709,28.7314272125631,28.6418911132907,28.7463425217002,28.482528095304,28.497478607949,28.4227048373089,28.4476353203531,28.332906232122,28.327915175609,28.3229238825521,28.5174093287365,28.482528095304,28.5024616412321,28.6568190680113,28.7214825035015,28.9648590453057,28.9896619433183,29.0293345027462,29.242320482823,29.2720054887278,29.400544711469,29.5437322255563,29.4993153482952,29.5338634107745,29.5338634107745,29.5881305700507,29.5684002590573,29.5684002590573,29.5141230346309,29.6768717503746,29.6965819756635,29.7803097858312,29.7556907859056,29.775386440627,29.7606150407326,29.3956037698873,29.1680716196875,28.8904154684503,28.7363992161709,28.7165097979839,28.5323548983997,28.347877982722,28.2080587813783,28.218052029166,28.048037534235,28.1030723156867,27.9378813982687,27.9278614710339,27.8175790741614,27.812563481855,27.8977959483549,27.8827599560813,27.8977959483549,27.8175790741614
29.4993153482952,29.5239936805482,29.3758377059907,29.044207883055,28.666769865686,28.3628476055947,28.223048297154,28.2979638679726,28.8010139892131,29.0045408944048,29.083860027377,28.9896619433183,28.9946218259274,29.5684002590573,29.6522288391912,29.4943789947374,29.7803097858312,29.7803097858312,30.0556551883126,29.6768717503746,29.3313506129726,29.1383575173713,28.6568190680113,28.4576058629756,28.666769865686,29.1185434893225,29.3066275082174,28.98470182842,29.0640358097506,29.0045408944048,28.9995814762791,29.3412382437518,29.2126271720896,29.257164023458,29.1433104459398,29.2621114091025,29.2670585641821,29.2670585641821,29.4153661581674,29.4943789947374,29.044207883055,29.0739483820717,29.3264064524046,29.5338634107745,29.6078572246797,29.2868448794737,29.2720054887278,29.2027275551628,28.9450125430426,28.7662263269051,28.3378970521235,28.4576058629756,28.332906232122,28.1880694376433,28.3179323529188,28.1780733411736,28.4227048373089,28.6617945840412,28.4476353203531,28.497478607949,28.4276914056455,28.6269610479519,28.3578579676639,28.4526207095317,28.6866686490532,28.6916427592519,28.4576058629756,28.5273732771074,28.7861063926706,28.5771789090283,28.5672196631112,28.537336284473,28.7513138236853,28.7562848918599,28.7662263269051,28.7363992161709,28.6369146594003,28.6319379709646,28.6319379709646,28.7861063926706,28.9598977684891,28.8705550013636,28.8804857008759,28.6369146594003,28.61202887113,28.3578579676639,28.327915175609,28.3378970521235,28.4326777380859,28.6269610479519,28.8109512193939,28.8010139892131,28.9698200896756,28.9598977684891,28.9053083729833,28.8407573086651,28.5970945819598,28.7165097979839,28.930125224438,29.0739483820717,29.1185434893225,28.9201991820813,28.9053083729833,28.7214825035015,28.8556572041575,28.9747809016303,28.9251623196095,28.9499745173891,28.9053083729833,28.940050336123,28.8308228788658,28.9598977684891,28.9053083729833,28.8109512193939,28.7711966938393,28.915235811822,28.8655893020517,29.1482631431937,29.257164023458,29.242320482823,29.370895615469,29.7261404787557,29.9426528277437,29.9033196129721,30.3106993666494,30.1538210751758,29.9917989785445,29.8590524129916,30.0605656241719,30.1047493983729,30.0851144200226,29.8049231025195,29.8147668387412,29.785232903706,29.2373721746069,29.0590791758805,29.0937707459177,28.9053083729833,28.915235811822,28.8804857008759,29.1086350865945,29.0987257577298,29.0987257577298,28.9598977684891,28.9598977684891,28.6418911132907,28.6568190680113,28.6866686490532,28.7711966938393,28.9797414812012,28.9003443043406,28.9896619433183,29.0888155024772,29.1581678438823,29.1234973434636,29.1631198473796,29.1383575173713,29.1532156091641,29.083860027377,29.103680537945,29.1928270144785,29.3016821965364,29.3412382437518,29.2076774790804,29.173023160837,29.3313506129726,29.3165174407562,29.1631198473796,29.0144590341043,29.044207883055,29.103680537945,29.083860027377,29.1284509661644,29.0293345027462,29.0045408944048,28.7363992161709,28.7264549750173,28.6816943046293,28.7562848918599,28.8357902104004,28.8854507011395,28.8506908055119,28.7662263269051,28.5672196631112,28.8407573086651,28.8208875158601,28.8357902104004,28.7363992161709,28.7115368584326,28.8258553140296,28.7314272125631,28.4526207095317,28.4675754627885,28.3378970521235,28.2879782051969,28.3778151016153,28.4077437165986,28.5423174353593,28.4426496954073,28.6020729131087,28.6568190680113,29.0541223101622,29.019417755741,28.9995814762791,29.1977774003059,29.3313506129726,29.3758377059907,29.3165174407562,29.4894424120718,29.4943789947374,29.5141230346309,29.5831983351633,29.5881305700507,29.6867273188382,29.6029259036991,29.5881305700507,29.7064357210951,29.7606150407326,29.8344515860316,29.5289286601073,29.6423700780649,29.4203061811547,29.2621114091025,29.009500080336,28.7015902771012,28.5622396876777,28.4276914056455,28.2130555239183,28.2680040377398,28.218052029166,28.0230121922066,27.982959239327,27.9278614710339,27.9879666938923,27.8977959483549,27.8025315774346,27.7322813525865,27.7573761241401,27.837639044803,27.8175790741614
29.7261404787557,29.8000008936581,29.667015270028,29.4054854233555,29.0491652125642,28.3927804716586,28.5970945819598,28.8357902104004,29.0243762452778,29.4104259055781,29.3659532950663,29.3758377059907,29.3758377059907,29.3758377059907,29.5387979325806,29.4548799158045,29.4598181030883,29.7458415937754,29.977057507944,29.7803097858312,29.1977774003059,28.7861063926706,28.646867332668,28.6816943046293,28.9896619433183,29.1334043574566,29.3807795666623,28.9946218259274,28.8457241736917,28.8804857008759,28.8655893020517,29.217576634222,29.4400639777012,29.4104259055781,29.2522164072173,29.2769521827709,29.400544711469,29.5289286601073,29.4993153482952,29.5634671097716,29.2373721746069,28.9946218259274,29.5338634107745,29.7655390681081,29.6325104041979,29.5042514727762,29.2621114091025,29.2027275551628,29.0045408944048,28.7662263269051,28.5921160160095,28.9549362591941,28.7513138236853,28.347877982722,28.1630774149815,28.2480260793404,28.4775441200496,28.7910758250633,28.6269610479519,28.646867332668,28.5821581795757,28.5074444391028,28.4476353203531,28.4526207095317,28.6219838903298,28.5174093287365,28.5921160160095,28.5871372152255,28.8258553140296,28.7562848918599,28.5821581795757,28.8109512193939,28.8953800028402,28.7861063926706,28.8804857008759,28.98470182842,28.8010139892131,28.8159194843254,28.5721994035508,28.7960450239002,29.0541223101622,28.9053083729833,28.940050336123,28.8953800028402,28.8953800028402,28.3828037944729,28.332906232122,28.4276914056455,28.497478607949,28.6518433175642,28.8109512193939,29.0689922118039,29.1185434893225,29.0342925281775,29.0541223101622,28.8308228788658,28.5871372152255,28.8904154684503,28.9747809016303,28.98470182842,29.1878763976491,29.0789043205857,28.9102722087998,28.9946218259274,28.8953800028402,28.9102722087998,29.044207883055,28.9946218259274,28.98470182842,28.8208875158601,28.9598977684891,28.9648590453057,28.9450125430426,28.9946218259274,28.9995814762791,28.8208875158601,28.9251623196095,29.1631198473796,29.2621114091025,29.3461817140249,29.5091873682112,29.6620866878218,29.9524838675562,30.4184200315594,30.4282074523887,30.1685381887201,30.1832532777823,30.3106993666494,30.305800398308,30.3009012058606,30.0851144200226,29.8541327014066,29.9868853810766,29.6029259036991,29.3956037698873,29.1977774003059,29.1878763976491,29.1977774003059,29.1284509661644,29.044207883055,29.103680537945,29.2373721746069,29.083860027377,28.9598977684891,28.915235811822,28.9549362591941,28.9747809016303,28.8804857008759,28.8606233696602,28.9747809016303,29.019417755741,28.9549362591941,29.1284509661644,29.257164023458,29.2472685603494,29.227474865981,29.3412382437518,29.1383575173713,29.1829255497865,29.1433104459398,29.1234973434636,29.4153661581674,29.3659532950663,29.2818986463425,29.2472685603494,29.3560679644938,29.2522164072173,29.217576634222,29.2027275551628,29.4104259055781,29.23242363567,29.2126271720896,29.2373721746069,29.1334043574566,29.0491652125642,29.0243762452778,28.7562848918599,28.8109512193939,28.8804857008759,28.9201991820813,28.8953800028402,28.8159194843254,28.8506908055119,28.8258553140296,29.1135894037099,28.98470182842,29.0789043205857,29.0739483820717,29.0590791758805,28.9698200896756,28.9995814762791,28.666769865686,28.6518433175642,28.6568190680113,28.4476353203531,28.5074444391028,28.5223914205637,28.4875118350172,28.7612557262559,28.8208875158601,28.9995814762791,29.1334043574566,29.1234973434636,28.9946218259274,29.1284509661644,29.2076774790804,29.400544711469,29.227474865981,29.3610107447515,29.4647560610483,29.4746312891203,29.5437322255563,29.5684002590573,29.5782658717225,29.6472995727053,29.5881305700507,29.7015089622882,29.785232903706,29.7507663035967,29.7901557942818,29.671943624202,29.6127883172604,29.3264064524046,29.1680716196875,28.9648590453057,28.6866686490532,28.5572594772178,28.4725599092219,28.5024616412321,28.228044327915,28.2080587813783,28.0980703444506,27.9779515459613,28.1880694376433,27.8225944265762,27.8276095391327,27.9679354426974,27.8276095391327,27.9428910032239,27.7272616770383
29.795078457589,29.8000008936581,29.671943624202,29.1928270144785,29.0789043205857,28.7711966938393,28.3778151016153,28.7165097979839,29.0342925281775,29.2818986463425,29.4203061811547,29.5733331796973,29.5684002590573,29.5141230346309,29.4450028531419,29.5979943542878,29.4696937897153,29.6029259036991,29.6916547611904,29.3165174407562,28.9450125430426,28.6170064980665,28.7612557262559,29.1185434893225,29.3758377059907,29.3807795666623,29.2621114091025,29.1433104459398,28.7960450239002,28.8606233696602,28.915235811822,28.98470182842,29.23242363567,29.4450028531419,29.3659532950663,29.385721197515,29.5486662897325,29.6325104041979,29.4450028531419,29.4400639777012,29.0243762452778,29.0888155024772,29.3362945434113,29.775386440627,29.8295307397771,29.6965819756635,29.4400639777012,29.2076774790804,28.8904154684503,28.9499745173891,28.9450125430426,29.0789043205857,29.242320482823,28.607051009488,28.1680762946208,28.1380794518489,28.4127309928177,28.5074444391028,28.497478607949,28.61202887113,28.7463425217002,28.4426496954073,28.4476353203531,28.347877982722,28.5124270015936,28.4526207095317,28.5323548983997,28.7811367266903,28.7861063926706,28.7761668270904,28.8953800028402,28.9698200896756,29.0243762452778,29.0293345027462,28.8755204676278,28.9201991820813,28.8606233696602,28.7960450239002,28.7711966938393,28.8904154684503,28.9251623196095,28.9102722087998,28.9350878965987,28.9946218259274,28.7861063926706,28.6319379709646,28.4326777380859,28.61202887113,28.646867332668,28.7711966938393,28.9201991820813,29.019417755741,29.1234973434636,29.1581678438823,29.0342925281775,28.7861063926706,28.7165097979839,28.5821581795757,28.9053083729833,28.9648590453057,29.083860027377,28.9201991820813,28.8904154684503,28.9946218259274,29.0888155024772,28.915235811822,28.9450125430426,28.9201991820813,28.9053083729833,28.915235811822,28.98470182842,28.8208875158601,28.9797414812012,28.930125224438,29.0045408944048,29.0144590341043,29.1482631431937,29.0342925281775,29.1631198473796,29.370895615469,29.55360012514,29.9524838675562,30.1489149206362,30.4233138536706,30.8774668126085,30.6970122213627,30.4282074523887,30.3009012058606,30.4331008277436,30.2469952894203,30.0605656241719,29.9623140023007,29.8049231025195,29.8049231025195,29.4845056002677,29.2720054887278,29.1185434893225,29.019417755741,29.0045408944048,28.9499745173891,28.9499745173891,28.9251623196095,28.8755204676278,28.915235811822,28.9201991820813,28.9499745173891,28.8655893020517,28.8606233696602,28.9350878965987,28.9698200896756,28.9003443043406,29.044207883055,29.1829255497865,29.217576634222,29.0541223101622,29.2027275551628,29.173023160837,29.1433104459398,29.1135894037099,29.1680716196875,29.1482631431937,29.3659532950663,29.257164023458,29.3560679644938,29.1185434893225,29.2522164072173,29.2868448794737,29.2720054887278,29.2720054887278,29.2225258655088,29.23242363567,29.2373721746069,29.2720054887278,29.0937707459177,29.0243762452778,28.7612557262559,28.8407573086651,28.8059827210337,28.940050336123,28.7711966938393,28.8407573086651,28.7363992161709,28.8556572041575,29.0640358097506,29.0045408944048,28.9797414812012,29.0739483820717,29.173023160837,29.0937707459177,29.0640358097506,28.8208875158601,28.7463425217002,28.7165097979839,28.5871372152255,28.5273732771074,28.5124270015936,28.5074444391028,28.6020729131087,28.7662263269051,28.8258553140296,28.98470182842,28.940050336123,29.1433104459398,29.1135894037099,29.1482631431937,29.3165174407562,29.4351248728131,29.4054854233555,29.2818986463425,29.3906625985796,29.5387979325806,29.5881305700507,29.5733331796973,29.6817996485765,29.5437322255563,29.6867273188382,29.8246096664975,29.844292597587,29.8492127629486,29.775386440627,29.6275802249099,29.4450028531419,29.5930625764153,29.3214620616761,28.9698200896756,28.8705550013636,28.5323548983997,28.4725599092219,28.347877982722,28.347877982722,28.2030618015135,28.2080587813783,28.1180768014564,28.0680535169536,28.0130003858666,27.9378813982687,27.9779515459613,27.8075476496238,27.8476675914376,27.7874819207868
29.8000008936581,29.8049231025195,29.795078457589,29.3165174407562,29.0293345027462,28.9003443043406,28.7363992161709,28.8953800028402,29.0293345027462,29.2126271720896,29.5190584720663,29.3115725896136,29.7261404787557,29.7556907859056,29.6127883172604,29.5141230346309,29.1977774003059,29.4746312891203,29.4598181030883,29.1482631431937,28.8506908055119,28.6170064980665,28.8506908055119,29.1234973434636,29.4252459745708,29.55360012514,29.5437322255563,29.4153661581674,28.98470182842,29.1482631431937,29.3610107447515,29.1631198473796,29.3758377059907,29.3412382437518,29.4301855384466,29.2769521827709,29.3906625985796,29.6423700780649,29.55360012514,29.4301855384466,28.9598977684891,28.8258553140296,28.9946218259274,29.4400639777012,29.449941499166,29.5634671097716,29.5585337318094,29.227474865981,28.9698200896756,29.0144590341043,29.3807795666623,29.370895615469,29.2373721746069,29.103680537945,28.61202887113,28.1430795199092,28.347877982722,28.3528680933838,28.342887635646,28.607051009488,28.8010139892131,28.7513138236853,28.5672196631112,28.4426496954073,28.5821581795757,28.6369146594003,28.646867332668,28.6966166352573,28.8208875158601,28.8506908055119,28.8258553140296,29.1185434893225,29.1135894037099,29.0739483820717,29.044207883055,28.6816943046293,28.6966166352573,28.676719725948,28.5871372152255,28.8407573086651,28.9450125430426,29.0590791758805,28.9896619433183,28.9598977684891,28.7562848918599,28.4576058629756,28.4526207095317,28.5721994035508,28.4526207095317,28.6916427592519,28.7910758250633,29.0541223101622,29.0987257577298,29.0293345027462,28.9201991820813,28.7562848918599,28.7214825035015,28.5821581795757,28.7413709858727,28.9896619433183,29.0640358097506,29.0937707459177,29.2027275551628,29.0937707459177,28.930125224438,28.940050336123,29.019417755741,29.0987257577298,29.0342925281775,29.217576634222,28.8457241736917,28.9201991820813,28.9450125430426,29.173023160837,29.2076774790804,29.1928270144785,29.1829255497865,29.2670585641821,29.3659532950663,29.242320482823,29.6522288391912,29.9573990480468,30.3155981109145,30.3988425085929,30.5944571012223,30.2666005812584,30.251896949001,30.305800398308,30.2322889637756,30.197966343171,29.9868853810766,29.9180712669515,29.785232903706,29.5684002590573,29.3115725896136,29.1284509661644,28.9450125430426,28.940050336123,28.9350878965987,28.8606233696602,29.0590791758805,28.8010139892131,28.7513138236853,28.7314272125631,28.7562848918599,28.7711966938393,28.8804857008759,28.8854507011395,28.8804857008759,28.7115368584326,28.8258553140296,28.9450125430426,29.1433104459398,29.1581678438823,29.1234973434636,29.173023160837,29.1680716196875,29.1482631431937,29.1086350865945,29.1482631431937,29.1680716196875,29.2522164072173,29.2967366545395,29.1829255497865,29.2621114091025,29.2126271720896,29.2373721746069,29.3264064524046,29.3362945434113,29.2373721746069,29.3461817140249,29.23242363567,29.1829255497865,29.1581678438823,28.8755204676278,28.8258553140296,28.7165097979839,28.6319379709646,28.6170064980665,28.7214825035015,28.607051009488,28.607051009488,28.8357902104004,28.9648590453057,28.9995814762791,28.940050336123,29.0689922118039,29.0541223101622,29.0590791758805,28.9995814762791,29.044207883055,28.9797414812012,28.7065636848157,28.7662263269051,28.7711966938393,28.7711966938393,28.7065636848157,28.7910758250633,28.940050336123,28.8506908055119,28.9995814762791,29.0045408944048,29.2225258655088,29.1334043574566,29.1878763976491,29.1928270144785,29.3313506129726,29.3511249542619,29.5042514727762,29.4400639777012,29.4993153482952,29.5091873682112,29.4647560610483,29.5091873682112,29.5585337318094,29.4993153482952,29.775386440627,29.7803097858312,29.7655390681081,29.7556907859056,29.6522288391912,29.4351248728131,29.5190584720663,29.0987257577298,28.9995814762791,28.7761668270904,28.4775441200496,28.3528680933838,28.3229238825521,28.3179323529188,28.14807935022,28.0130003858666,27.9529094959747,28.1830715081525,27.9729436137625,27.9428910032239,27.8576951793018,27.7824648884334,27.7623943574465,27.6921172126096
29.977057507944,29.6817996485765,29.4746312891203,29.6078572246797,29.1977774003059,28.7711966938393,28.7264549750173,28.8953800028402,28.9350878965987,29.4054854233555,29.6177191814719,29.5091873682112,29.4054854233555,29.6078572246797,29.6916547611904,29.4795685592941,29.2373721746069,29.5190584720663,29.3165174407562,29.1433104459398,28.940050336123,28.6219838903298,28.8208875158601,29.2076774790804,29.3511249542619,29.5979943542878,29.6177191814719,29.4203061811547,29.019417755741,29.0293345027462,29.019417755741,29.009500080336,29.3906625985796,29.2868448794737,29.2917908821956,29.2472685603494,29.2225258655088,29.449941499166,29.4548799158045,29.0987257577298,28.8407573086651,28.7214825035015,28.9251623196095,29.083860027377,29.2769521827709,29.4104259055781,29.4301855384466,29.2225258655088,29.2076774790804,29.2373721746069,29.55360012514,29.55360012514,29.3560679644938,29.23242363567,28.915235811822,28.4127309928177,28.3828037944729,28.332906232122,28.3179323529188,28.5472983510907,28.5273732771074,28.8705550013636,28.7761668270904,28.3778151016153,28.4227048373089,28.3678370072086,28.6966166352573,28.8308228788658,28.8755204676278,28.9251623196095,28.9549362591941,29.1334043574566,29.019417755741,29.0888155024772,29.0789043205857,28.8010139892131,28.7115368584326,28.6717449129776,28.666769865686,28.9251623196095,28.8904154684503,28.9350878965987,28.930125224438,28.9201991820813,28.6966166352573,28.5771789090283,28.6717449129776,28.4576058629756,28.5821581795757,28.5821581795757,28.7761668270904,29.0392503216033,28.8904154684503,28.8854507011395,28.7314272125631,28.7463425217002,28.6020729131087,28.5821581795757,28.9598977684891,28.8010139892131,29.0491652125642,29.1135894037099,29.1234973434636,29.3807795666623,29.2818986463425,29.0342925281775,28.9946218259274,29.1433104459398,28.9995814762791,29.1185434893225,28.9896619433183,29.009500080336,29.0937707459177,29.1581678438823,29.227474865981,29.1631198473796,29.1482631431937,29.3412382437518,29.3461817140249,29.5782658717225,29.6177191814719,29.8196883661623,30.3302929995506,30.3694695173139,30.4379939797648,30.3155981109145,30.2273864061603,30.4037372245722,30.197966343171,30.0261878338035,29.9082370574946,29.7704628680627,29.6275802249099,29.4054854233555,29.1829255497865,28.9747809016303,28.8606233696602,28.8904154684503,28.6916427592519,28.8357902104004,28.8506908055119,28.9201991820813,28.7612557262559,28.7711966938393,28.7463425217002,28.8705550013636,28.7960450239002,28.7612557262559,28.930125224438,28.8258553140296,28.9648590453057,28.9450125430426,28.9698200896756,29.1086350865945,29.3412382437518,29.2917908821956,29.2472685603494,29.1086350865945,29.173023160837,29.083860027377,29.1433104459398,29.1234973434636,29.257164023458,29.2621114091025,29.2472685603494,29.2670585641821,29.2225258655088,29.3412382437518,29.3461817140249,29.1928270144785,29.3066275082174,29.3214620616761,29.2373721746069,29.1928270144785,29.0590791758805,28.9598977684891,28.6369146594003,28.6418911132907,28.6219838903298,28.7264549750173,28.5970945819598,28.7264549750173,28.8506908055119,28.8705550013636,28.8953800028402,29.0342925281775,29.0739483820717,29.1779744708596,29.2027275551628,29.1680716196875,29.1680716196875,29.0937707459177,28.9946218259274,28.8705550013636,28.8755204676278,28.7910758250633,28.7463425217002,28.9053083729833,28.9499745173891,28.9698200896756,29.1532156091641,29.2818986463425,29.2472685603494,29.2472685603494,28.98470182842,29.3016821965364,29.2522164072173,29.4647560610483,29.5979943542878,29.4894424120718,29.5091873682112,29.5042514727762,29.5141230346309,29.5585337318094,29.3956037698873,29.4795685592941,29.5239936805482,29.667015270028,29.7310660989319,29.7409166564112,29.5091873682112,29.3362945434113,29.3906625985796,29.1135894037099,28.8407573086651,28.646867332668,28.5721994035508,28.5572594772178,28.3229238825521,28.2729979349236,28.1930671296786,28.0130003858666,27.9779515459613,28.0280177375547,27.9529094959747,27.9529094959747,27.837639044803,27.7874819207868,27.7674123504958,27.6870956122065
29.8000008936581,29.6867273188382,29.6078572246797,29.6078572246797,29.0888155024772,28.7165097979839,28.6170064980665,28.7513138236853,28.8904154684503,29.1680716196875,29.4054854233555,29.6275802249099,29.5289286601073,29.5387979325806,29.5585337318094,29.4696937897153,29.5979943542878,29.3560679644938,29.4746312891203,29.4548799158045,29.0789043205857,28.7761668270904,29.0789043205857,29.3115725896136,29.2967366545395,29.3264064524046,29.6078572246797,29.3264064524046,29.1284509661644,29.009500080336,29.1977774003059,29.400544711469,29.2818986463425,29.2818986463425,29.370895615469,29.3758377059907,29.3264064524046,29.3560679644938,29.2522164072173,29.0888155024772,28.7761668270904,28.7662263269051,28.9053083729833,28.7115368584326,28.8705550013636,29.0293345027462,29.385721197515,29.3511249542619,29.4301855384466,29.4400639777012,29.4795685592941,29.5585337318094,29.3560679644938,29.3461817140249,29.0888155024772,28.6219838903298,28.4177180330437,28.3927804716586,28.3129405866768,28.4426496954073,28.6418911132907,28.8010139892131,28.7960450239002,28.4326777380859,28.4276914056455,28.7214825035015,28.7065636848157,28.7015902771012,28.930125224438,29.0392503216033,28.8556572041575,29.009500080336,29.1878763976491,29.1532156091641,29.1779744708596,29.1185434893225,28.8258553140296,28.8159194843254,28.9102722087998,28.915235811822,28.6617945840412,28.7562848918599,28.6319379709646,28.6966166352573,28.7960450239002,28.5771789090283,28.5323548983997,28.4526207095317,28.5223914205637,28.6866686490532,28.6617945840412,28.7065636848157,28.6916427592519,28.7562848918599,28.7463425217002,28.5771789090283,28.5970945819598,28.8059827210337,28.8854507011395,29.083860027377,29.0888155024772,29.044207883055,29.2027275551628,29.3906625985796,29.2225258655088,29.1829255497865,29.0590791758805,29.019417755741,28.9896619433183,29.009500080336,29.217576634222,29.2818986463425,29.23242363567,29.1185434893225,29.1433104459398,29.1086350865945,29.2769521827709,29.1482631431937,29.2720054887278,29.5141230346309,29.8098450842037,29.8147668387412,30.0409225268145,30.305800398308,30.3449858725725,30.4673482035432,30.3106993666494,30.1489149206362,30.045833639664,30.1489149206362,29.927904570493,29.795078457589,29.4351248728131,29.23242363567,28.9797414812012,28.915235811822,28.7413709858727,28.9201991820813,28.7015902771012,28.7015902771012,28.7264549750173,28.7363992161709,28.7960450239002,28.8208875158601,28.8804857008759,28.8407573086651,28.9549362591941,28.9648590453057,28.8655893020517,28.9350878965987,28.8804857008759,28.8357902104004,29.1135894037099,28.9648590453057,29.1433104459398,29.173023160837,29.0987257577298,29.1086350865945,29.1284509661644,28.9946218259274,29.1779744708596,29.2670585641821,29.217576634222,29.3115725896136,29.2868448794737,29.3906625985796,29.242320482823,29.242320482823,29.3264064524046,29.3758377059907,29.3511249542619,29.3461817140249,29.3115725896136,29.173023160837,29.0144590341043,28.8258553140296,28.6319379709646,28.676719725948,28.7513138236853,28.7463425217002,28.6020729131087,28.7513138236853,28.7612557262559,28.8705550013636,28.9053083729833,28.8953800028402,29.019417755741,29.2373721746069,29.1977774003059,29.1878763976491,29.1680716196875,29.044207883055,29.0293345027462,28.7861063926706,29.1334043574566,28.7960450239002,28.9350878965987,28.8705550013636,28.9598977684891,28.9102722087998,29.1581678438823,29.173023160837,29.1977774003059,29.0739483820717,29.2225258655088,29.3560679644938,29.4301855384466,29.449941499166,29.4450028531419,29.6078572246797,29.5831983351633,29.5042514727762,29.4993153482952,29.6275802249099,29.400544711469,29.5930625764153,29.5239936805482,29.5930625764153,29.7310660989319,29.6867273188382,29.6571578775531,29.5387979325806,29.4104259055781,29.2818986463425,28.98470182842,28.7960450239002,28.5174093287365,28.3628476055947,28.3179323529188,28.1830715081525,28.1330791460061,28.0930681351701,28.0029876251156,28.0029876251156,27.9378813982687,27.8075476496238,27.7423199823454,27.837639044803,27.8025315774346,27.7924987130493
29.6078572246797,29.6078572246797,29.4450028531419,29.1581678438823,28.646867332668,28.6219838903298,28.5223914205637,28.7264549750173,28.8208875158601,29.1532156091641,29.4548799158045,29.5091873682112,29.4153661581674,29.5338634107745,29.5338634107745,29.5634671097716,29.785232903706,29.667015270028,29.671943624202,29.5585337318094,29.0689922118039,28.7910758250633,28.8258553140296,29.1532156091641,29.2720054887278,29.2720054887278,29.2720054887278,29.3214620616761,29.1234973434636,28.8755204676278,29.009500080336,29.1779744708596,29.2917908821956,29.3362945434113,29.1977774003059,29.242320482823,29.3016821965364,29.3264064524046,29.3214620616761,29.2522164072173,29.0392503216033,28.8804857008759,28.7165097979839,28.7115368584326,28.9003443043406,29.1383575173713,29.2769521827709,29.3956037698873,29.4450028531419,29.4993153482952,29.4598181030883,29.3610107447515,29.2522164072173,29.1086350865945,28.930125224438,28.7363992161709,28.4276914056455,28.4227048373089,28.1780733411736,28.327915175609,28.5771789090283,28.7811367266903,28.7960450239002,28.7115368584326,28.7065636848157,28.7413709858727,28.646867332668,28.7662263269051,28.7463425217002,28.930125224438,28.915235811822,28.930125224438,29.0739483820717,29.083860027377,29.0937707459177,29.1482631431937,29.1482631431937,28.9995814762791,28.7711966938393,28.9251623196095,28.676719725948,28.4526207095317,28.7761668270904,28.8059827210337,28.7811367266903,28.6866686490532,28.5672196631112,28.5024616412321,28.5721994035508,28.5771789090283,28.6717449129776,28.666769865686,28.7214825035015,28.7363992161709,28.5273732771074,28.5124270015936,28.7513138236853,28.9946218259274,29.0243762452778,29.0937707459177,29.0491652125642,29.0392503216033,29.257164023458,29.2621114091025,29.2126271720896,29.3906625985796,29.1581678438823,29.0045408944048,29.0293345027462,29.0144590341043,29.2818986463425,29.4203061811547,29.242320482823,29.4104259055781,29.2818986463425,29.2522164072173,29.3362945434113,29.2818986463425,29.3066275082174,29.2868448794737,29.5289286601073,29.7064357210951,29.9033196129721,30.1489149206362,30.3400884721394,30.3204966311333,30.1930622128441,30.1440085410342,30.0360111882413,30.0310996239144,29.8344515860316,29.6916547611904,29.4351248728131,28.9797414812012,28.915235811822,28.7662263269051,28.7015902771012,28.5423174353593,28.6219838903298,28.5024616412321,28.6617945840412,28.7314272125631,28.6568190680113,28.8010139892131,28.8258553140296,28.9251623196095,28.8755204676278,28.8506908055119,28.8755204676278,28.940050336123,28.8556572041575,28.9648590453057,29.1086350865945,29.1829255497865,29.23242363567,29.0342925281775,29.0888155024772,29.1581678438823,29.1086350865945,29.1680716196875,28.9946218259274,29.0689922118039,29.1383575173713,29.257164023458,29.1878763976491,29.1631198473796,29.1779744708596,29.1779744708596,29.2027275551628,29.2076774790804,29.3264064524046,29.3264064524046,29.1680716196875,29.1334043574566,28.9995814762791,28.9648590453057,28.8407573086651,28.8655893020517,28.7761668270904,28.8755204676278,28.7165097979839,28.8357902104004,28.7662263269051,28.7861063926706,28.8854507011395,28.9053083729833,28.9995814762791,29.019417755741,29.3066275082174,29.0392503216033,29.0541223101622,29.1334043574566,29.242320482823,29.0689922118039,28.9747809016303,29.0689922118039,28.9648590453057,28.9598977684891,29.0739483820717,29.0689922118039,29.242320482823,29.1829255497865,29.2472685603494,29.242320482823,29.2621114091025,29.3511249542619,29.4548799158045,29.5684002590573,29.4598181030883,29.4943789947374,29.5831983351633,29.6768717503746,29.55360012514,29.6867273188382,29.5437322255563,29.3461817140249,29.5930625764153,29.5930625764153,29.6817996485765,29.7113622521147,29.5338634107745,29.5289286601073,29.4598181030883,29.2027275551628,28.8506908055119,28.6170064980665,28.4177180330437,28.4077437165986,28.1730749366739,28.2330401214815,28.1930671296786,28.1430795199092,28.0029876251156,27.8276095391327,27.8225944265762,27.8225944265762,27.6368663610303,27.6418903705064,27.6469141389248,27.7874819207868
