V1,V2,V3,V4,V5,V6,V7,V8,V9,V10,V11,V12,V13,V14,V15,V16,V17,V18,V19,V20,V21,V22,V23,V24,V25,V26,V27,V28,V29,V30,V31,V32,V33,V34,V35,V36,V37,V38,V39,V40,V41,V42,V43,V44,V45,V46,V47,V48,V49,V50,V51,V52,V53,V54,V55,V56,V57,V58,V59,V60,V61,V62,V63,V64,V65,V66,V67,V68,V69,V70,V71,V72,V73,V74,V75,V76,V77,V78,V79,V80,V81,V82,V83,V84,V85,V86,V87,V88,V89,V90,V91,V92,V93,V94,V95,V96,V97,V98,V99,V100,V101,V102,V103,V104,V105,V106,V107,V108,V109,V110,V111,V112,V113,V114,V115,V116,V117,V118,V119,V120,V121,V122,V123,V124,V125,V126,V127,V128,V129,V130,V131,V132,V133,V134,V135,V136,V137,V138,V139,V140,V141,V142,V143,V144,V145,V146,V147,V148,V149,V150,V151,V152,V153,V154,V155,V156,V157,V158,V159,V160,V161,V162,V163,V164,V165,V166,V167,V168,V169,V170,V171,V172,V173,V174,V175,V176,V177,V178,V179,V180,V181,V182,V183,V184,V185,V186,V187,V188,V189,V190,V191,V192,V193,V194,V195,V196,V197,V198,V199,V200,V201,V202,V203,V204,V205,V206,V207,V208,V209,V210,V211,V212,V213,V214,V215,V216,V217,V218,V219,V220,V221,V222,V223,V224,V225,V226,V227,V228,V229,V230,V231,V232,V233,V234,V235,V236,V237,V238,V239,V240
25.0372933614365,24.9651418204509,24.9342041538485,24.9857617364743,25.0063774992726,24.9702971889533,24.86197985757,24.9857617364743,24.9909160664447,25.0269891112523,25.0630494515398,24.9342041538485,24.9393610812787,25.1454254487159,25.2637250847104,25.124837657352,25.1351320700124,24.9754522977662,25.1351320700124,24.9702971889533,25.1557177937613,25.1557177937613,25.1454254487159,25.1814441360816,25.1865886299367,25.0990971001769,25.0990971001769,25.1557177937613,25.0836496611589,25.1660091054476,25.1762993840732,25.1762993840732,25.2534435750629,25.2020205629554,25.3716187925976,25.3151171854302,25.2277352917338,25.2174501739369,25.1711543738743,25.1762993840732,25.1865886299367,25.2894243522202,25.1505717504272,25.258584458684,25.1454254487159,24.9599861922213,25.1608635787557,25.2380193782588,25.1660091054476,25.0321413659635,25.0424450977087,25.1505717504272,25.0887990663117,25.0990971001769,25.0887990663117,25.0269891112523,25.0836496611589,25.0784999971428,25.0321413659635,25.1711543738743,24.9599861922213,24.918731811688,24.9084156166453,25.0166838239645,25.0578987516956,25.0887990663117,25.0939482126385,25.0681998923707,25.0527477928007,24.9084156166453,25.1042457289643,25.1299849929454,25.1917328656758,25.0372933614365,24.8929393729232,24.8516579356668,25.0115307913128,24.9651418204509,24.8310109648659,24.7690450146872,24.8258485704877,24.8155229994525,24.918731811688,25.1505717504272,25.2380193782588,25.1660091054476,25.1711543738743,25.1660091054476,25.0115307913128,24.7742102793675,24.7845400253874,24.8929393729232,24.9651418204509,25.1711543738743,25.2791454175921,25.2637250847104,25.3921571255997,25.3716187925976,25.3870229273887,25.3972910671794,25.494787246305,25.3870229273887,25.3972910671794,25.3972910671794,25.4229569268991,25.2431610348875,25.3870229273887,25.4845288451903,25.494787246305,25.4793992606996,25.4793992606996,25.3408035889768,25.3408035889768,25.3408035889768,25.1814441360816,25.1917328656758,25.2688654531791,25.3305297988212,25.3048408239653,25.3921571255997,25.3664835674914,25.2842850136107,25.2894243522202,25.3818884725093,25.3664835674914,25.3408035889768,25.1660091054476,25.3459400985342,25.258584458684,25.2534435750629,25.2842850136107,25.2225928617629,25.1711543738743,25.1660091054476,25.0681998923707,25.2071640245704,25.3664835674914,25.3664835674914,25.5153009780981,25.4126913524992,25.3767537609245,25.3767537609245,25.2328774638867,25.1762993840732,25.3613480855689,25.3664835674914,25.3356668224182,25.2483024338098,25.2637250847104,25.2894243522202,25.2894243522202,25.2225928617629,25.1351320700124,25.2688654531791,25.0836496611589,25.0269891112523,25.0372933614365,25.0321413659635,25.0578987516956,25.2945634334578,25.3202549803643,25.2997022573604,25.2894243522202,25.3305297988212,25.3202549803643,25.1865886299367,25.2123072282184,25.2277352917338,25.1917328656758,25.0372933614365,25.14027888859,25.3818884725093,25.2277352917338,25.1196900631945,25.1299849929454,25.3305297988212,25.1299849929454,25.3099791333095,25.1814441360816,25.3048408239653,25.1042457289643,25.0939482126385,25.2225928617629,25.2020205629554,25.3510763511273,25.14027888859,25.2637250847104,25.2483024338098,25.1093940990381,25.2020205629554,25.0733500742259,25.3048408239653,25.0578987516956,25.0990971001769,25.0372933614365,25.124837657352,24.9445177487934,25.1505717504272,25.0269891112523,24.9238895190908,25.0063774992726,25.0681998923707,24.9857617364743,25.0784999971428,25.0836496611589,25.2071640245704,25.2225928617629,25.1505717504272,25.1042457289643,25.2791454175921,25.2842850136107,25.0939482126385,25.2225928617629,25.2791454175921,25.2123072282184,25.2431610348875,25.2688654531791,25.2997022573604,25.1968768433364,25.2020205629554,25.2071640245704,25.3408035889768,25.2123072282184,25.3562123467933,25.3870229273887,25.4588783623232,25.7355656438188,25.7099776754511,25.8838506953317,25.6843833481574,25.6997407078597,25.7048593188521,25.7048593188521,25.7099776754511,25.6587826573823,25.7662628184848,25.6485405982759,25.7713781252015,25.7611472578112,25.6792637192269
25.0424450977087,25.0115307913128,25.124837657352,25.0269891112523,24.9702971889533,25.0527477928007,24.9960701368761,24.9806071469274,25.0012239478063,24.9651418204509,25.0269891112523,25.0372933614365,25.1557177937613,25.2225928617629,25.1711543738743,25.14027888859,25.1145422104357,24.9651418204509,25.0424450977087,25.0939482126385,25.0939482126385,25.1145422104357,25.1505717504272,25.1196900631945,25.0939482126385,25.1608635787557,25.1711543738743,25.1454254487159,25.1145422104357,25.0733500742259,25.1145422104357,25.1762993840732,25.2277352917338,25.1711543738743,25.2380193782588,25.2791454175921,25.2740055641272,25.3048408239653,25.258584458684,25.258584458684,25.2225928617629,25.2791454175921,25.2483024338098,25.2534435750629,25.2637250847104,25.3356668224182,25.2637250847104,25.2174501739369,25.2328774638867,25.14027888859,25.1762993840732,25.1299849929454,25.1299849929454,25.1299849929454,25.1660091054476,25.1557177937613,25.0733500742259,25.1711543738743,25.1557177937613,25.1351320700124,25.0527477928007,25.0424450977087,25.0475965748176,24.9651418204509,25.1196900631945,25.0733500742259,25.0939482126385,25.1660091054476,25.1042457289643,25.0784999971428,25.1196900631945,25.0784999971428,25.0475965748176,25.0218365972651,24.9599861922213,24.8723007375455,24.9032571289301,24.8568190268782,24.8310109648659,24.8258485704877,24.8206859153626,24.9702971889533,25.0424450977087,25.0887990663117,25.1711543738743,25.2020205629554,25.1454254487159,25.124837657352,24.8877801045559,24.8826205758957,24.7483813439431,24.7845400253874,24.9238895190908,25.0887990663117,25.1762993840732,25.325392518149,25.3408035889768,25.3048408239653,25.3099791333095,25.3921571255997,25.325392518149,25.4229569268991,25.4024247521646,25.4845288451903,25.3408035889768,25.2483024338098,25.3202549803643,25.4024247521646,25.4229569268991,25.4332214756594,25.4999160630027,25.4178242679226,25.4229569268991,25.3408035889768,25.3099791333095,25.3202549803643,25.258584458684,25.2945634334578,25.2791454175921,25.3048408239653,25.3202549803643,25.3408035889768,25.3356668224182,25.2740055641272,25.2791454175921,25.2637250847104,25.1814441360816,25.258584458684,25.2123072282184,25.2997022573604,25.2791454175921,25.3305297988212,25.3099791333095,25.2431610348875,25.2894243522202,25.325392518149,25.4537474974415,25.4229569268991,25.5255563093646,25.3818884725093,25.3921571255997,25.3562123467933,25.3562123467933,25.3408035889768,25.3099791333095,25.3716187925976,25.3613480855689,25.2431610348875,25.2483024338098,25.258584458684,25.325392518149,25.2945634334578,25.1505717504272,25.2225928617629,25.1196900631945,25.0218365972651,25.0115307913128,25.0321413659635,25.2123072282184,25.325392518149,25.3921571255997,25.3151171854302,25.3613480855689,25.3664835674914,25.3767537609245,25.3099791333095,25.2020205629554,25.2328774638867,25.2225928617629,25.1762993840732,25.2380193782588,25.3870229273887,25.3459400985342,25.258584458684,25.258584458684,25.3202549803643,25.2277352917338,25.2431610348875,25.3202549803643,25.2740055641272,25.2380193782588,25.2328774638867,25.1299849929454,25.2688654531791,25.2380193782588,25.3048408239653,25.2277352917338,25.3408035889768,25.2740055641272,25.2637250847104,25.1145422104357,25.1351320700124,25.1917328656758,25.0578987516956,25.0939482126385,25.0527477928007,25.1351320700124,25.1454254487159,25.0939482126385,25.0990971001769,25.0424450977087,25.0630494515398,24.9702971889533,25.1196900631945,25.1762993840732,25.2071640245704,25.2688654531791,25.1711543738743,25.1351320700124,25.1711543738743,25.2791454175921,25.5204287715866,25.3305297988212,25.2483024338098,25.3459400985342,25.258584458684,25.2534435750629,25.2945634334578,25.2894243522202,25.258584458684,25.2123072282184,25.2483024338098,25.2174501739369,25.3613480855689,25.494787246305,25.3921571255997,25.6741438357205,25.7099776754511,25.6946218424375,25.7560314431445,25.7560314431445,25.7099776754511,25.7048593188521,25.7867225219738,25.7560314431445,25.7662628184848,25.6843833481574,25.6843833481574,25.6792637192269,25.7253312192514
25.0424450977087,24.9754522977662,25.0424450977087,25.1351320700124,24.9393610812787,24.9393610812787,25.0527477928007,25.0681998923707,25.0012239478063,24.9909160664447,25.0218365972651,25.1454254487159,25.1711543738743,25.2945634334578,25.1608635787557,25.1145422104357,25.124837657352,25.0372933614365,25.0990971001769,24.9960701368761,25.1145422104357,25.1505717504272,25.1196900631945,25.1557177937613,25.0681998923707,25.1093940990381,25.1454254487159,25.0990971001769,25.0269891112523,24.9599861922213,25.0115307913128,25.1093940990381,25.14027888859,25.1660091054476,25.1968768433364,25.1968768433364,25.2894243522202,25.1762993840732,25.2071640245704,25.2791454175921,25.2277352917338,25.2637250847104,25.2740055641272,25.258584458684,25.258584458684,25.3870229273887,25.2791454175921,25.2637250847104,25.2174501739369,25.2431610348875,25.2277352917338,25.1299849929454,25.1557177937613,25.1505717504272,25.1968768433364,25.0681998923707,25.0424450977087,25.1762993840732,25.0836496611589,25.0527477928007,25.14027888859,25.1093940990381,25.0424450977087,25.0372933614365,25.3048408239653,25.0733500742259,25.1917328656758,25.124837657352,25.0990971001769,25.1814441360816,25.1557177937613,25.1042457289643,25.0887990663117,25.0475965748176,25.0321413659635,24.9806071469274,25.0012239478063,24.9702971889533,24.8310109648659,24.8464965838976,24.9393610812787,24.8103598227198,25.0475965748176,25.1196900631945,25.0836496611589,25.14027888859,25.1711543738743,25.1196900631945,24.9445177487934,24.9032571289301,24.9084156166453,24.836173098535,24.9909160664447,25.0784999971428,25.14027888859,25.2997022573604,25.2842850136107,25.2740055641272,25.3099791333095,25.3202549803643,25.3048408239653,25.3305297988212,25.4588783623232,25.4383533655169,25.3151171854302,25.3664835674914,25.4793992606996,25.3870229273887,25.4229569268991,25.3664835674914,25.4537474974415,25.4896581737131,25.3716187925976,25.3459400985342,25.3613480855689,25.2431610348875,25.2534435750629,25.3356668224182,25.3408035889768,25.2637250847104,25.3562123467933,25.3767537609245,25.2688654531791,25.2791454175921,25.2328774638867,25.3202549803643,25.1865886299367,25.3305297988212,25.3151171854302,25.2637250847104,25.3048408239653,25.3562123467933,25.3613480855689,25.2842850136107,25.3562123467933,25.3408035889768,25.5306835914689,25.4896581737131,25.5716926484544,25.4793992606996,25.4024247521646,25.3921571255997,25.325392518149,25.3099791333095,25.3099791333095,25.4075581805922,25.3664835674914,25.3202549803643,25.3510763511273,25.2842850136107,25.2688654531791,25.3664835674914,25.325392518149,25.2071640245704,25.1865886299367,25.0990971001769,25.0939482126385,25.0269891112523,25.0939482126385,25.2637250847104,25.3972910671794,25.4280893294658,25.3716187925976,25.3818884725093,25.2945634334578,25.2945634334578,25.1968768433364,25.2534435750629,25.2688654531791,25.2328774638867,25.2225928617629,25.3459400985342,25.258584458684,25.2791454175921,25.2894243522202,25.2997022573604,25.2534435750629,25.2123072282184,25.2945634334578,25.2945634334578,25.2637250847104,25.2225928617629,25.2225928617629,25.3048408239653,25.2637250847104,25.3305297988212,25.2637250847104,25.2637250847104,25.325392518149,25.3408035889768,25.2020205629554,25.2534435750629,25.1917328656758,25.1505717504272,25.0578987516956,25.0681998923707,25.1505717504272,25.0269891112523,25.14027888859,25.1042457289643,25.1042457289643,25.1557177937613,25.2071640245704,25.1505717504272,25.1351320700124,25.2688654531791,25.1968768433364,25.1711543738743,25.0990971001769,25.2894243522202,25.2380193782588,25.3972910671794,25.3151171854302,25.3562123467933,25.4229569268991,25.2380193782588,25.3562123467933,25.2945634334578,25.3356668224182,25.3356668224182,25.3202549803643,25.1762993840732,25.3356668224182,25.4178242679226,25.4229569268991,25.4845288451903,25.4588783623232,25.5921910475291,25.643419186549,25.8378540189647,25.7816079769097,25.7099776754511,25.7764931779977,25.8020646344419,25.7304485586408,25.8276297483179,25.7406824748218,25.8582995191601,25.6792637192269,25.6895027225489
25.1762993840732,25.1762993840732,25.0527477928007,25.0115307913128,25.1711543738743,24.9806071469274,24.9960701368761,24.9960701368761,24.9857617364743,25.0990971001769,25.0836496611589,25.3921571255997,25.2791454175921,25.124837657352,25.1505717504272,24.9651418204509,25.1093940990381,25.0939482126385,24.9393610812787,25.0990971001769,25.1814441360816,25.0681998923707,25.0990971001769,25.1711543738743,25.1454254487159,25.2431610348875,25.1145422104357,25.1711543738743,25.0681998923707,25.0578987516956,25.0578987516956,25.1196900631945,25.0578987516956,25.2328774638867,25.1093940990381,25.1917328656758,25.1917328656758,25.3099791333095,25.2483024338098,25.1968768433364,25.1557177937613,25.2740055641272,25.2174501739369,25.3151171854302,25.1917328656758,25.2637250847104,25.2791454175921,25.2637250847104,25.1917328656758,25.1196900631945,25.2637250847104,25.2483024338098,25.2071640245704,25.2174501739369,25.3202549803643,25.1557177937613,25.1145422104357,25.0475965748176,25.0424450977087,25.0424450977087,25.1608635787557,25.1042457289643,25.0424450977087,25.0527477928007,25.1351320700124,25.0681998923707,25.1299849929454,25.2071640245704,25.2277352917338,25.0681998923707,25.0836496611589,25.0733500742259,25.1196900631945,25.0578987516956,25.0269891112523,25.0424450977087,25.0321413659635,25.0115307913128,25.0321413659635,25.0269891112523,24.7535476535085,25.0166838239645,25.0372933614365,25.0784999971428,25.0630494515398,25.1299849929454,25.1093940990381,25.0527477928007,24.9496741564303,24.8929393729232,24.9135738442187,24.8929393729232,25.0578987516956,25.1660091054476,25.2637250847104,25.2380193782588,25.1917328656758,25.2791454175921,25.2842850136107,25.1711543738743,25.3151171854302,25.3613480855689,25.3972910671794,25.4178242679226,25.3818884725093,25.3613480855689,25.325392518149,25.4229569268991,25.4024247521646,25.494787246305,25.4229569268991,25.3767537609245,25.3510763511273,25.3767537609245,25.3716187925976,25.3870229273887,25.2328774638867,25.2997022573604,25.2997022573604,25.2740055641272,25.2791454175921,25.2534435750629,25.3202549803643,25.2225928617629,25.2277352917338,25.2020205629554,25.258584458684,25.3613480855689,25.2997022573604,25.3921571255997,25.2328774638867,25.3356668224182,25.2431610348875,25.2431610348875,25.3202549803643,25.3921571255997,25.3870229273887,25.4229569268991,25.4280893294658,25.4126913524992,25.5511901638832,25.4178242679226,25.4024247521646,25.2637250847104,25.4280893294658,25.3716187925976,25.325392518149,25.2534435750629,25.2688654531791,25.2328774638867,25.2431610348875,25.3870229273887,25.2740055641272,25.124837657352,25.1608635787557,25.1762993840732,25.1299849929454,25.0372933614365,25.2894243522202,25.2637250847104,25.4999160630027,25.3510763511273,25.4486163763711,25.3459400985342,25.2791454175921,25.3408035889768,25.2894243522202,25.2688654531791,25.3305297988212,25.3305297988212,25.258584458684,25.2123072282184,25.3870229273887,25.2997022573604,25.3818884725093,25.4075581805922,25.2225928617629,25.2997022573604,25.3048408239653,25.2483024338098,25.2637250847104,25.1865886299367,25.2123072282184,25.3151171854302,25.2740055641272,25.258584458684,25.258584458684,25.2534435750629,25.2174501739369,25.3151171854302,25.3099791333095,25.2174501739369,25.2071640245704,25.0578987516956,25.1145422104357,25.1299849929454,25.124837657352,24.9599861922213,25.0836496611589,25.0784999971428,25.1814441360816,25.0887990663117,25.0630494515398,25.0990971001769,25.2225928617629,25.0784999971428,25.3305297988212,25.3099791333095,25.3305297988212,25.2637250847104,25.258584458684,25.4434849990752,25.3510763511273,25.3613480855689,25.3972910671794,25.2894243522202,25.3510763511273,25.3305297988212,25.2791454175921,25.2842850136107,25.4793992606996,25.3664835674914,25.3459400985342,25.325392518149,25.4434849990752,25.3408035889768,25.4691393236678,25.6280534222343,25.7662628184848,25.8020646344419,25.7764931779977,25.7253312192514,25.7969508507036,25.7048593188521,25.7406824748218,25.6536617552083,25.7816079769097,25.6536617552083,25.6639033048348,25.643419186549
25.0475965748176,25.0630494515398,25.0733500742259,25.0218365972651,25.0887990663117,25.0990971001769,24.8206859153626,24.9238895190908,24.86197985757,25.0012239478063,25.0990971001769,25.1814441360816,25.2688654531791,25.1660091054476,24.8723007375455,25.0012239478063,25.0733500742259,25.0269891112523,25.0372933614365,25.1557177937613,24.918731811688,25.124837657352,25.0990971001769,25.1042457289643,25.1762993840732,25.1814441360816,25.14027888859,25.0887990663117,25.0115307913128,25.1196900631945,25.0115307913128,25.0063774992726,25.0063774992726,25.2071640245704,25.2483024338098,25.2791454175921,25.2431610348875,25.2637250847104,25.2123072282184,25.0372933614365,25.2894243522202,25.2225928617629,25.2431610348875,25.3459400985342,25.258584458684,25.4332214756594,25.2945634334578,25.2431610348875,25.1762993840732,25.1145422104357,25.2483024338098,25.258584458684,25.3408035889768,25.2637250847104,25.2225928617629,25.1968768433364,25.1968768433364,25.1814441360816,25.0527477928007,25.0372933614365,25.0475965748176,25.0475965748176,25.0012239478063,25.0424450977087,25.0681998923707,25.0990971001769,25.0836496611589,25.0321413659635,25.2071640245704,25.0424450977087,25.0475965748176,25.0166838239645,25.2225928617629,25.1351320700124,25.0939482126385,25.0630494515398,25.0887990663117,25.0939482126385,25.1505717504272,24.9960701368761,25.0372933614365,25.0475965748176,25.0990971001769,25.0887990663117,25.1814441360816,25.1042457289643,25.0527477928007,25.0939482126385,25.0836496611589,24.8413349715329,24.8568190268782,25.0218365972651,25.1505717504272,25.0681998923707,25.0784999971428,25.1968768433364,25.2483024338098,25.3151171854302,25.2225928617629,25.4742694202044,25.2688654531791,25.2945634334578,25.3048408239653,25.5204287715866,25.3408035889768,25.3510763511273,25.4742694202044,25.4383533655169,25.4793992606996,25.4999160630027,25.4126913524992,25.464008971053,25.4537474974415,25.4537474974415,25.4486163763711,25.3921571255997,25.3408035889768,25.2380193782588,25.1865886299367,25.3767537609245,25.3305297988212,25.2380193782588,25.2997022573604,25.14027888859,25.2225928617629,25.2020205629554,25.3408035889768,25.3151171854302,25.1968768433364,25.3048408239653,25.3562123467933,25.4332214756594,25.4229569268991,25.5204287715866,25.3613480855689,25.4845288451903,25.325392518149,25.4383533655169,25.5921910475291,25.4126913524992,25.4075581805922,25.3870229273887,25.3613480855689,25.3408035889768,25.325392518149,25.3510763511273,25.3305297988212,25.325392518149,25.3716187925976,25.3151171854302,25.2174501739369,25.3408035889768,25.3562123467933,25.1660091054476,25.1145422104357,25.1505717504272,25.1968768433364,24.9754522977662,25.2123072282184,25.2225928617629,25.494787246305,25.5153009780981,25.4742694202044,25.4024247521646,25.3151171854302,25.3921571255997,25.4024247521646,25.3408035889768,25.2894243522202,25.2945634334578,25.2945634334578,25.3151171854302,25.2637250847104,25.325392518149,25.3664835674914,25.3151171854302,25.3356668224182,25.3716187925976,25.2225928617629,25.1917328656758,25.2483024338098,25.2945634334578,25.2277352917338,25.2534435750629,25.2328774638867,25.2277352917338,25.2483024338098,25.2328774638867,25.2740055641272,25.1660091054476,25.3151171854302,25.2483024338098,25.2380193782588,25.1762993840732,25.2431610348875,25.1093940990381,25.1454254487159,25.1196900631945,25.1865886299367,25.0372933614365,25.0475965748176,25.1608635787557,25.1299849929454,25.0887990663117,25.1454254487159,25.1093940990381,25.1196900631945,25.2071640245704,25.2791454175921,25.258584458684,25.3510763511273,25.3510763511273,25.2277352917338,25.4486163763711,25.3716187925976,25.3664835674914,25.3202549803643,25.258584458684,25.2380193782588,25.2894243522202,25.3510763511273,25.4537474974415,25.2637250847104,25.325392518149,25.4486163763711,25.4434849990752,25.4793992606996,25.4742694202044,25.6280534222343,25.7355656438188,25.7048593188521,25.715095777693,25.7560314431445,25.8174044635856,25.7048593188521,25.7816079769097,25.6639033048348,25.6639033048348,25.6741438357205,25.6997407078597
25.0218365972651,25.1351320700124,25.0166838239645,25.1299849929454,25.14027888859,24.9960701368761,24.9651418204509,25.1196900631945,25.0166838239645,25.2225928617629,25.258584458684,25.3562123467933,25.2328774638867,25.1660091054476,24.9032571289301,25.1454254487159,25.0321413659635,25.124837657352,25.2174501739369,25.0321413659635,25.1814441360816,25.1762993840732,25.2483024338098,25.1042457289643,25.0784999971428,25.0733500742259,25.0218365972651,25.1711543738743,25.1042457289643,25.1299849929454,25.1145422104357,25.0836496611589,24.9290469664651,25.1042457289643,25.1711543738743,25.0733500742259,25.14027888859,25.14027888859,25.1505717504272,25.2380193782588,25.14027888859,25.2637250847104,25.2637250847104,25.1711543738743,25.2637250847104,25.4178242679226,25.2637250847104,25.2174501739369,25.258584458684,25.1196900631945,25.1351320700124,25.2945634334578,25.3202549803643,25.2328774638867,25.1454254487159,25.2071640245704,25.1042457289643,25.1608635787557,25.0424450977087,25.0218365972651,25.0681998923707,24.954830304227,25.0372933614365,24.9342041538485,25.0424450977087,25.0424450977087,25.0681998923707,25.0269891112523,25.0063774992726,25.1454254487159,25.1093940990381,25.0784999971428,25.1608635787557,25.0578987516956,25.0321413659635,25.0372933614365,25.0475965748176,25.0939482126385,25.0733500742259,25.1351320700124,25.1145422104357,25.0527477928007,25.0939482126385,25.0218365972651,25.0681998923707,25.0578987516956,25.0630494515398,25.1505717504272,25.0012239478063,24.9806071469274,25.0166838239645,24.9857617364743,25.0218365972651,25.0733500742259,25.0012239478063,24.9960701368761,25.2431610348875,25.2740055641272,25.2277352917338,25.1557177937613,25.3202549803643,25.3510763511273,25.3818884725093,25.3510763511273,25.325392518149,25.3356668224182,25.4588783623232,25.4332214756594,25.4383533655169,25.4229569268991,25.4075581805922,25.4332214756594,25.3356668224182,25.3870229273887,25.3510763511273,25.3048408239653,25.2534435750629,25.2894243522202,25.3408035889768,25.3048408239653,25.2740055641272,25.3716187925976,25.3048408239653,25.3613480855689,25.1299849929454,25.2277352917338,25.1557177937613,25.3099791333095,25.2688654531791,25.2020205629554,25.3408035889768,25.3408035889768,25.3972910671794,25.3305297988212,25.3716187925976,25.4486163763711,25.4434849990752,25.5716926484544,25.4691393236678,25.3972910671794,25.4383533655169,25.4280893294658,25.3510763511273,25.3356668224182,25.3356668224182,25.2997022573604,25.3921571255997,25.3151171854302,25.2225928617629,25.1917328656758,25.14027888859,25.2894243522202,25.2380193782588,25.1299849929454,25.0784999971428,25.1814441360816,25.0012239478063,24.9702971889533,25.0063774992726,25.2071640245704,25.3870229273887,25.4691393236678,25.4126913524992,25.3664835674914,25.3716187925976,25.3408035889768,25.3356668224182,25.3716187925976,25.325392518149,25.258584458684,25.2534435750629,25.2791454175921,25.3305297988212,25.3202549803643,25.2637250847104,25.325392518149,25.3099791333095,25.2894243522202,25.2174501739369,25.2123072282184,25.2123072282184,25.1968768433364,25.1608635787557,25.2328774638867,25.1968768433364,25.2534435750629,25.325392518149,25.2637250847104,25.3562123467933,25.2688654531791,25.2637250847104,25.1762993840732,25.1968768433364,25.1711543738743,25.2225928617629,25.1608635787557,25.2380193782588,25.1093940990381,25.1711543738743,25.1093940990381,25.124837657352,25.2842850136107,25.0836496611589,25.0990971001769,25.0939482126385,25.1968768433364,25.1145422104357,25.1299849929454,25.1608635787557,25.1865886299367,25.3202549803643,25.2791454175921,25.3716187925976,25.2637250847104,25.2534435750629,25.3562123467933,25.258584458684,25.3613480855689,25.3767537609245,25.3664835674914,25.2997022573604,25.3099791333095,25.3305297988212,25.3408035889768,25.4178242679226,25.325392518149,25.4691393236678,25.4024247521646,25.5306835914689,25.6536617552083,25.6946218424375,25.7253312192514,25.715095777693,25.6997407078597,25.7202136256143,25.8276297483179,25.9196117118026,25.669023697602,25.7764931779977,25.6792637192269
25.2534435750629,25.1299849929454,25.1299849929454,25.0115307913128,25.124837657352,25.0887990663117,25.0887990663117,25.124837657352,25.0733500742259,25.0681998923707,25.2071640245704,25.2225928617629,25.2791454175921,25.1660091054476,25.0836496611589,24.9806071469274,25.1093940990381,25.2688654531791,25.1608635787557,25.1505717504272,25.1968768433364,25.1093940990381,25.2534435750629,25.1196900631945,25.1196900631945,25.2380193782588,25.1968768433364,25.0681998923707,25.0166838239645,25.0115307913128,25.0424450977087,25.1145422104357,25.1042457289643,25.1608635787557,25.1608635787557,25.0681998923707,25.0836496611589,25.1917328656758,25.258584458684,25.1299849929454,25.2174501739369,25.2328774638867,25.2740055641272,25.3510763511273,25.2688654531791,25.2688654531791,25.2688654531791,25.2483024338098,25.0475965748176,25.1299849929454,25.2431610348875,25.2483024338098,25.2997022573604,25.1865886299367,25.1814441360816,25.2020205629554,25.1608635787557,25.1145422104357,25.0321413659635,25.0218365972651,25.0733500742259,24.9702971889533,24.9496741564303,25.0424450977087,24.9342041538485,25.0321413659635,25.0939482126385,25.0218365972651,24.9909160664447,25.0115307913128,25.1968768433364,25.1557177937613,25.0424450977087,25.0424450977087,25.0527477928007,25.0630494515398,25.0321413659635,25.1299849929454,25.1660091054476,25.1865886299367,25.0527477928007,25.0733500742259,25.1145422104357,25.0939482126385,25.1608635787557,25.1557177937613,25.0475965748176,25.0681998923707,25.1196900631945,25.0012239478063,25.0681998923707,25.0012239478063,25.0012239478063,25.1145422104357,25.0836496611589,25.1762993840732,25.2174501739369,25.2483024338098,25.1865886299367,25.1968768433364,25.3408035889768,25.3870229273887,25.2740055641272,25.3818884725093,25.3099791333095,25.3716187925976,25.3510763511273,25.4126913524992,25.4383533655169,25.4075581805922,25.3818884725093,25.3921571255997,25.3664835674914,25.4024247521646,25.3613480855689,25.3202549803643,25.3202549803643,25.325392518149,25.3356668224182,25.2791454175921,25.2945634334578,25.3664835674914,25.2740055641272,25.2380193782588,25.2534435750629,25.3664835674914,25.2688654531791,25.2123072282184,25.3305297988212,25.2431610348875,25.3408035889768,25.3408035889768,25.2431610348875,25.258584458684,25.2997022573604,25.2740055641272,25.4742694202044,25.3048408239653,25.4434849990752,25.2688654531791,25.4383533655169,25.464008971053,25.3151171854302,25.3408035889768,25.3305297988212,25.2123072282184,25.3356668224182,25.1093940990381,25.2071640245704,25.2277352917338,25.1608635787557,25.1968768433364,25.0990971001769,25.0939482126385,24.9496741564303,25.0166838239645,24.9857617364743,25.0527477928007,24.9960701368761,25.1814441360816,25.3202549803643,25.4178242679226,25.3356668224182,25.3767537609245,25.2534435750629,25.3099791333095,25.325392518149,25.3613480855689,25.3664835674914,25.4024247521646,25.3048408239653,25.3408035889768,25.258584458684,25.2534435750629,25.3562123467933,25.3664835674914,25.3048408239653,25.3048408239653,25.3151171854302,25.2894243522202,25.1968768433364,25.2020205629554,25.2071640245704,25.2997022573604,25.1299849929454,25.2380193782588,25.258584458684,25.2328774638867,25.3459400985342,25.1711543738743,25.3562123467933,25.3048408239653,25.2688654531791,25.3099791333095,25.1762993840732,25.1865886299367,25.2225928617629,25.1917328656758,25.1093940990381,25.1660091054476,25.1608635787557,25.2071640245704,25.2328774638867,25.2277352917338,25.0887990663117,25.14027888859,25.1711543738743,25.1660091054476,25.2945634334578,25.2842850136107,25.2688654531791,25.3664835674914,25.2740055641272,25.3510763511273,25.3716187925976,25.1917328656758,25.3562123467933,25.3716187925976,25.3510763511273,25.258584458684,25.3099791333095,25.325392518149,25.3356668224182,25.3305297988212,25.3305297988212,25.3459400985342,25.4486163763711,25.5819423585322,25.5819423585322,25.7355656438188,25.6741438357205,25.7355656438188,25.7509153744483,25.8020646344419,25.7611472578112,25.6587826573823,25.8174044635856,25.7662628184848,25.7406824748218,25.6741438357205
25.1145422104357,25.0990971001769,24.9445177487934,25.0218365972651,25.14027888859,25.2123072282184,25.1968768433364,25.1660091054476,25.2123072282184,25.0990971001769,25.2020205629554,25.1968768433364,25.0475965748176,25.0836496611589,25.0990971001769,25.1299849929454,25.0218365972651,25.2020205629554,25.124837657352,25.0527477928007,25.0887990663117,24.9909160664447,25.0012239478063,24.9806071469274,25.0836496611589,25.1093940990381,25.1145422104357,25.1762993840732,25.0012239478063,25.0063774992726,24.9342041538485,25.0115307913128,25.1042457289643,25.0166838239645,24.9599861922213,25.1351320700124,25.1454254487159,25.2688654531791,25.0990971001769,25.2688654531791,25.0836496611589,25.2431610348875,25.2380193782588,25.2637250847104,25.2791454175921,25.2328774638867,25.14027888859,25.2071640245704,25.0012239478063,25.1454254487159,25.2277352917338,25.2380193782588,25.2740055641272,25.2174501739369,25.2123072282184,25.1505717504272,25.2431610348875,25.1608635787557,25.2020205629554,25.0939482126385,25.0115307913128,24.9909160664447,25.0424450977087,25.0527477928007,25.0630494515398,25.1145422104357,25.0630494515398,25.0372933614365,25.0578987516956,25.1762993840732,25.1351320700124,25.0372933614365,25.1762993840732,24.9960701368761,25.0475965748176,25.1196900631945,25.0424450977087,25.0578987516956,25.0887990663117,25.2123072282184,25.0939482126385,25.1145422104357,25.0424450977087,25.0733500742259,25.1711543738743,25.1042457289643,25.0372933614365,25.0733500742259,25.0939482126385,25.0321413659635,24.9084156166453,25.0063774992726,25.1042457289643,25.0372933614365,25.0784999971428,25.0836496611589,25.1711543738743,25.2071640245704,25.2791454175921,25.1814441360816,25.3716187925976,25.3356668224182,25.4280893294658,25.4486163763711,25.3048408239653,25.3972910671794,25.3099791333095,25.3459400985342,25.3356668224182,25.464008971053,25.3562123467933,25.5153009780981,25.3562123467933,25.2997022573604,25.3870229273887,25.3305297988212,25.3099791333095,25.3459400985342,25.1660091054476,25.1608635787557,25.1608635787557,25.2894243522202,25.2123072282184,25.1505717504272,25.3305297988212,25.1814441360816,25.3664835674914,25.3664835674914,25.3664835674914,25.3356668224182,25.2020205629554,25.3459400985342,25.3818884725093,25.3459400985342,25.2842850136107,25.2637250847104,25.2637250847104,25.4332214756594,25.4126913524992,25.4280893294658,25.4229569268991,25.4024247521646,25.4537474974415,25.3870229273887,25.1711543738743,25.2020205629554,25.2894243522202,25.1351320700124,25.2791454175921,25.2174501739369,25.4024247521646,25.2328774638867,25.0321413659635,25.0887990663117,25.0939482126385,24.9960701368761,25.0681998923707,25.0681998923707,25.0372933614365,25.1865886299367,25.2483024338098,25.4178242679226,25.3767537609245,25.325392518149,25.325392518149,25.2894243522202,25.258584458684,25.3562123467933,25.3048408239653,25.3202549803643,25.3099791333095,25.2020205629554,25.3716187925976,25.464008971053,25.2894243522202,25.2431610348875,25.3151171854302,25.1814441360816,25.3099791333095,25.2945634334578,25.2945634334578,25.258584458684,25.1351320700124,25.2328774638867,25.1968768433364,25.2945634334578,25.1968768433364,25.325392518149,25.1660091054476,25.325392518149,25.2637250847104,25.3356668224182,25.2791454175921,25.3356668224182,25.1505717504272,25.2277352917338,25.2071640245704,25.0939482126385,25.0475965748176,25.0527477928007,25.1505717504272,25.2431610348875,25.2277352917338,25.2894243522202,25.2123072282184,25.14027888859,25.1865886299367,25.1557177937613,25.1762993840732,25.3305297988212,25.2740055641272,25.3099791333095,25.2740055641272,25.3408035889768,25.3562123467933,25.325392518149,25.3716187925976,25.3921571255997,25.4742694202044,25.2740055641272,25.3716187925976,25.3613480855689,25.325392518149,25.4845288451903,25.4486163763711,25.4588783623232,25.5153009780981,25.4896581737131,25.6536617552083,25.7355656438188,25.7048593188521,25.7406824748218,25.7202136256143,25.7969508507036,25.7560314431445,25.6587826573823,25.7202136256143,25.6536617552083,25.669023697602,25.6741438357205
25.0784999971428,25.0475965748176,24.9290469664651,25.0681998923707,25.1042457289643,25.0733500742259,25.2277352917338,25.2277352917338,25.0939482126385,25.0681998923707,25.1814441360816,25.1660091054476,25.1762993840732,25.0063774992726,25.0475965748176,25.0012239478063,25.1762993840732,25.2483024338098,25.2123072282184,25.1968768433364,25.0372933614365,25.0166838239645,24.9960701368761,25.0733500742259,25.0166838239645,25.1196900631945,25.1865886299367,25.0578987516956,25.0269891112523,25.0527477928007,25.1196900631945,25.0372933614365,24.9702971889533,24.8671404277798,24.7587137017957,24.954830304227,25.1660091054476,25.0887990663117,25.2791454175921,25.1968768433364,25.2688654531791,25.2637250847104,25.1865886299367,25.3151171854302,25.3716187925976,25.2225928617629,25.2997022573604,25.2637250847104,25.258584458684,25.2431610348875,25.1660091054476,25.2997022573604,25.2483024338098,25.3099791333095,25.124837657352,25.1608635787557,25.0218365972651,25.0218365972651,25.0578987516956,25.1917328656758,25.0527477928007,25.0578987516956,25.0681998923707,25.0063774992726,25.1145422104357,25.0836496611589,25.0475965748176,25.0115307913128,25.1454254487159,25.0681998923707,25.1093940990381,25.1711543738743,25.0475965748176,25.1814441360816,25.1608635787557,24.9857617364743,25.0321413659635,25.1351320700124,25.2071640245704,25.2123072282184,25.1968768433364,25.14027888859,25.1865886299367,25.0784999971428,25.1711543738743,25.1505717504272,25.1351320700124,25.0733500742259,24.9960701368761,25.14027888859,25.14027888859,25.0990971001769,25.0115307913128,25.0784999971428,25.0681998923707,25.2225928617629,25.2483024338098,25.2020205629554,25.3048408239653,25.4229569268991,25.2894243522202,25.2842850136107,25.4075581805922,25.3664835674914,25.3767537609245,25.325392518149,25.325392518149,25.4486163763711,25.4126913524992,25.3767537609245,25.3921571255997,25.4178242679226,25.2483024338098,25.2997022573604,25.3510763511273,25.2380193782588,25.3767537609245,25.3356668224182,25.2225928617629,25.3356668224182,25.325392518149,25.2637250847104,25.1711543738743,25.1917328656758,25.3664835674914,25.2123072282184,25.3818884725093,25.3767537609245,25.2842850136107,25.3767537609245,25.3305297988212,25.2277352917338,25.3818884725093,25.2945634334578,25.3767537609245,25.3356668224182,25.2534435750629,25.2174501739369,25.2637250847104,25.3613480855689,25.4178242679226,25.4691393236678,25.3972910671794,25.3818884725093,25.1968768433364,25.2123072282184,25.2894243522202,25.2997022573604,25.2123072282184,25.2791454175921,25.2380193782588,25.2277352917338,25.2020205629554,24.9960701368761,25.1299849929454,25.0372933614365,25.1608635787557,25.0733500742259,24.9857617364743,25.1454254487159,25.4024247521646,25.4383533655169,25.4075581805922,25.4229569268991,25.3562123467933,25.2894243522202,25.258584458684,25.2945634334578,25.3613480855689,25.3716187925976,25.2431610348875,25.3459400985342,25.2483024338098,25.325392518149,25.3562123467933,25.2277352917338,25.3408035889768,25.3151171854302,25.3151171854302,25.3099791333095,25.3664835674914,25.1093940990381,25.1762993840732,25.3151171854302,25.2894243522202,25.3305297988212,25.2688654531791,25.3151171854302,25.2688654531791,25.2894243522202,25.2894243522202,25.3151171854302,25.4178242679226,25.1608635787557,25.1865886299367,25.1196900631945,25.2020205629554,25.2071640245704,25.124837657352,25.124837657352,25.1660091054476,25.2997022573604,25.1505717504272,25.1968768433364,25.1711543738743,25.1917328656758,25.1505717504272,25.1196900631945,25.2071640245704,25.2791454175921,25.2071640245704,25.3356668224182,25.2842850136107,25.3664835674914,25.4537474974415,25.3716187925976,25.2225928617629,25.2483024338098,25.3408035889768,25.5409373888032,25.3767537609245,25.5409373888032,25.3921571255997,25.4486163763711,25.4486163763711,25.3356668224182,25.3716187925976,25.4178242679226,25.6741438357205,25.5409373888032,25.7816079769097,25.7355656438188,25.7457990516862,25.7918368132263,25.7509153744483,25.7304485586408,25.8174044635856,25.6587826573823,25.7713781252015,25.6331755985647
25.1093940990381,25.124837657352,24.9651418204509,25.0578987516956,25.1042457289643,25.2483024338098,25.2637250847104,25.2225928617629,25.14027888859,25.2071640245704,25.3151171854302,25.1093940990381,25.0887990663117,25.1196900631945,25.124837657352,25.2071640245704,25.1968768433364,25.2123072282184,25.2431610348875,25.2020205629554,25.1814441360816,25.1608635787557,25.1145422104357,25.1917328656758,25.1865886299367,25.1145422104357,25.0990971001769,25.1865886299367,25.3408035889768,25.1608635787557,25.1711543738743,25.1145422104357,25.1711543738743,25.1505717504272,24.9651418204509,24.9599861922213,25.0424450977087,25.1711543738743,25.2791454175921,25.2277352917338,25.2842850136107,25.2431610348875,25.2431610348875,25.2997022573604,25.3870229273887,25.2225928617629,25.2123072282184,25.2328774638867,25.1351320700124,25.1196900631945,25.2637250847104,25.1814441360816,25.2997022573604,25.2483024338098,25.1865886299367,25.1711543738743,25.1660091054476,25.1660091054476,25.0063774992726,25.0630494515398,25.0475965748176,25.0578987516956,25.0836496611589,25.0990971001769,25.0733500742259,25.1351320700124,25.0990971001769,25.0475965748176,25.0166838239645,25.0372933614365,25.0269891112523,25.0887990663117,25.0681998923707,25.0939482126385,25.1608635787557,25.1557177937613,25.2997022573604,25.1299849929454,25.2225928617629,25.1454254487159,25.1865886299367,25.2071640245704,25.0733500742259,25.0887990663117,25.0784999971428,25.2071640245704,25.1711543738743,25.1351320700124,24.8826205758957,24.9084156166453,25.0887990663117,25.1042457289643,25.1660091054476,25.3305297988212,25.2174501739369,25.2637250847104,25.1762993840732,25.2380193782588,25.3305297988212,25.2328774638867,25.2842850136107,25.258584458684,25.464008971053,25.4742694202044,25.4793992606996,25.3716187925976,25.4280893294658,25.3356668224182,25.3562123467933,25.4178242679226,25.3202549803643,25.4691393236678,25.3818884725093,25.3664835674914,25.3099791333095,25.3459400985342,25.3408035889768,25.3048408239653,25.1608635787557,25.2637250847104,25.3613480855689,25.2842850136107,25.3356668224182,25.258584458684,25.2688654531791,25.2997022573604,25.2328774638867,25.3716187925976,25.3818884725093,25.2791454175921,25.2637250847104,25.1917328656758,25.2997022573604,25.2791454175921,25.3048408239653,25.3562123467933,25.3151171854302,25.4126913524992,25.325392518149,25.3921571255997,25.4537474974415,25.4126913524992,25.3921571255997,25.4845288451903,25.3972910671794,25.2997022573604,25.325392518149,25.3048408239653,25.1968768433364,25.2277352917338,25.3664835674914,25.2688654531791,25.2534435750629,24.9496741564303,25.2791454175921,25.2020205629554,25.2020205629554,25.1505717504272,25.0939482126385,25.2997022573604,25.2945634334578,25.4075581805922,25.4691393236678,25.4024247521646,25.4486163763711,25.325392518149,25.3562123467933,25.3716187925976,25.2894243522202,25.3921571255997,25.325392518149,25.2225928617629,25.3202549803643,25.3356668224182,25.325392518149,25.3870229273887,25.3305297988212,25.464008971053,25.3048408239653,25.2688654531791,25.1968768433364,25.2534435750629,25.3151171854302,25.2328774638867,25.3099791333095,25.4383533655169,25.4793992606996,25.3099791333095,25.2740055641272,25.2842850136107,25.2894243522202,25.3972910671794,25.2123072282184,25.1299849929454,25.1557177937613,25.1145422104357,25.2174501739369,25.1196900631945,25.2534435750629,25.1042457289643,25.2791454175921,25.0887990663117,25.2791454175921,25.1608635787557,25.2174501739369,25.1917328656758,25.1196900631945,25.1042457289643,25.2123072282184,25.1196900631945,25.2534435750629,25.3202549803643,25.3613480855689,25.3562123467933,25.3459400985342,25.2842850136107,25.2328774638867,25.2688654531791,25.1042457289643,25.3767537609245,25.325392518149,25.4742694202044,25.4332214756594,25.4691393236678,25.4280893294658,25.3305297988212,25.3972910671794,25.4280893294658,25.7509153744483,25.622930990963,25.8122914408466,25.7764931779977,25.7918368132263,25.6382975199907,25.7560314431445,25.7406824748218,25.6331755985647,25.8327420103839,25.622930990963,25.7509153744483
25.0527477928007,25.2791454175921,25.0475965748176,25.0733500742259,25.2328774638867,25.2688654531791,25.1145422104357,25.2123072282184,25.1505717504272,25.2791454175921,25.1660091054476,25.0424450977087,25.0784999971428,25.0372933614365,25.0836496611589,25.2277352917338,25.0836496611589,25.0733500742259,25.0939482126385,25.2483024338098,25.2225928617629,25.1660091054476,25.0990971001769,25.2174501739369,25.0630494515398,25.0887990663117,25.1917328656758,25.0939482126385,25.0475965748176,25.1814441360816,25.1762993840732,25.0681998923707,25.1505717504272,25.2174501739369,25.1505717504272,25.0733500742259,24.9702971889533,25.1196900631945,25.1711543738743,25.2328774638867,25.1711543738743,25.2020205629554,25.3613480855689,25.1557177937613,25.2431610348875,25.2225928617629,25.2123072282184,25.1968768433364,25.1196900631945,25.0836496611589,25.1762993840732,25.0887990663117,25.2740055641272,25.2740055641272,25.1711543738743,25.1814441360816,25.1917328656758,25.0321413659635,25.1351320700124,25.0939482126385,25.0424450977087,25.0939482126385,25.2123072282184,25.0475965748176,25.0269891112523,25.0784999971428,25.1299849929454,25.1711543738743,25.2277352917338,25.1351320700124,25.0887990663117,24.9960701368761,25.0372933614365,25.1505717504272,25.0939482126385,25.1711543738743,25.1196900631945,25.1711543738743,25.2534435750629,25.0630494515398,25.1505717504272,25.1093940990381,25.0578987516956,25.0733500742259,25.0784999971428,24.8980983810354,25.1557177937613,25.1557177937613,24.9393610812787,25.0475965748176,25.0578987516956,25.1660091054476,25.2328774638867,25.14027888859,25.2328774638867,25.3459400985342,25.258584458684,25.1865886299367,25.1968768433364,25.2431610348875,25.2637250847104,25.258584458684,25.3613480855689,25.3613480855689,25.2842850136107,25.4126913524992,25.3767537609245,25.4434849990752,25.3408035889768,25.4024247521646,25.4691393236678,25.3870229273887,25.3305297988212,25.3408035889768,25.4280893294658,25.2791454175921,25.3305297988212,25.2997022573604,25.2225928617629,25.2791454175921,25.2174501739369,25.3664835674914,25.3305297988212,25.3305297988212,25.1762993840732,25.1917328656758,25.3048408239653,25.2740055641272,25.3818884725093,25.3151171854302,25.1968768433364,25.1917328656758,25.3562123467933,25.3818884725093,25.3048408239653,25.2842850136107,25.3664835674914,25.14027888859,25.3356668224182,25.4486163763711,25.3716187925976,25.3048408239653,25.3921571255997,25.3048408239653,25.3818884725093,25.3408035889768,25.3818884725093,25.325392518149,25.3716187925976,25.3151171854302,25.325392518149,25.2637250847104,25.3048408239653,25.0733500742259,25.1814441360816,25.0733500742259,25.1454254487159,25.1557177937613,24.9651418204509,25.0733500742259,25.2380193782588,25.3305297988212,25.4178242679226,25.3562123467933,25.2534435750629,25.3048408239653,25.3048408239653,25.3664835674914,25.2842850136107,25.2740055641272,25.2997022573604,25.2328774638867,25.2534435750629,25.325392518149,25.2894243522202,25.3305297988212,25.4024247521646,25.2842850136107,25.3459400985342,25.2945634334578,25.2534435750629,25.1762993840732,25.3972910671794,25.1865886299367,25.2380193782588,25.3510763511273,25.4075581805922,25.258584458684,25.258584458684,25.2791454175921,25.2637250847104,25.3151171854302,25.3151171854302,25.2431610348875,25.2534435750629,25.2225928617629,25.2380193782588,25.2380193782588,25.1917328656758,25.2123072282184,25.1196900631945,25.258584458684,25.1711543738743,25.2277352917338,25.1505717504272,25.258584458684,25.1557177937613,25.1505717504272,25.1608635787557,25.2277352917338,25.0990971001769,25.2894243522202,25.3510763511273,25.5306835914689,25.2945634334578,25.3664835674914,25.2688654531791,25.2740055641272,25.1454254487159,25.2842850136107,25.2945634334578,25.3818884725093,25.4024247521646,25.4537474974415,25.4588783623232,25.325392518149,25.4896581737131,25.3305297988212,25.5255563093646,25.5665674104186,25.7509153744483,25.6178083047144,25.7457990516862,25.622930990963,25.7918368132263,25.8787409664887,25.7662628184848,25.7713781252015,25.669023697602,25.7918368132263
25.1505717504272,25.1711543738743,25.325392518149,25.0681998923707,25.3408035889768,25.0887990663117,25.258584458684,25.1351320700124,25.2688654531791,25.2328774638867,25.1042457289643,24.9857617364743,25.0063774992726,25.1145422104357,25.1711543738743,25.1299849929454,25.0990971001769,25.0939482126385,25.0475965748176,25.2277352917338,25.2071640245704,25.2894243522202,25.2071640245704,25.1865886299367,25.2071640245704,25.1608635787557,25.0578987516956,25.1762993840732,25.3048408239653,25.3048408239653,25.1660091054476,25.0578987516956,25.2174501739369,25.1557177937613,25.14027888859,25.1968768433364,25.0733500742259,24.9960701368761,25.1299849929454,25.2380193782588,25.1762993840732,25.3510763511273,25.3716187925976,25.3048408239653,25.3510763511273,25.14027888859,25.1196900631945,25.1917328656758,25.1968768433364,25.0784999971428,25.1865886299367,25.2740055641272,25.3151171854302,25.3408035889768,25.1865886299367,25.2123072282184,25.0012239478063,25.0836496611589,25.1196900631945,25.2020205629554,25.0527477928007,25.1865886299367,25.1042457289643,25.0321413659635,25.1145422104357,25.0887990663117,25.124837657352,25.1351320700124,25.0578987516956,24.9909160664447,24.9857617364743,25.0733500742259,25.0836496611589,24.9806071469274,25.0578987516956,25.2328774638867,25.1042457289643,25.1042457289643,25.1145422104357,25.1968768433364,25.1711543738743,25.1557177937613,25.1196900631945,25.1762993840732,25.1557177937613,25.0836496611589,25.1299849929454,25.0372933614365,25.1454254487159,24.9393610812787,25.1865886299367,25.1660091054476,25.14027888859,25.2071640245704,25.2483024338098,25.2431610348875,25.2225928617629,25.2431610348875,25.258584458684,25.2740055641272,25.2637250847104,25.2740055641272,25.2740055641272,25.2894243522202,25.2842850136107,25.4229569268991,25.3510763511273,25.4486163763711,25.4280893294658,25.3613480855689,25.4126913524992,25.4588783623232,25.3716187925976,25.4229569268991,25.3305297988212,25.2997022573604,25.4024247521646,25.2174501739369,25.4126913524992,25.4075581805922,25.2431610348875,25.3562123467933,25.3562123467933,25.2997022573604,25.3356668224182,25.2174501739369,25.2894243522202,25.2894243522202,25.2380193782588,25.3972910671794,25.3048408239653,25.2688654531791,25.2380193782588,25.2740055641272,25.4024247521646,25.3510763511273,25.3664835674914,25.4075581805922,25.4075581805922,25.3870229273887,25.3921571255997,25.3921571255997,25.3818884725093,25.3818884725093,25.2791454175921,25.3921571255997,25.3664835674914,25.3921571255997,25.3356668224182,25.3356668224182,25.3972910671794,25.2740055641272,25.2945634334578,25.2637250847104,25.1917328656758,25.3356668224182,25.1557177937613,25.3048408239653,25.1557177937613,25.2842850136107,25.3818884725093,25.3099791333095,25.3818884725093,25.3972910671794,25.3099791333095,25.3151171854302,25.2740055641272,25.3099791333095,25.2534435750629,25.258584458684,25.4537474974415,25.3818884725093,25.3151171854302,25.258584458684,25.3459400985342,25.2328774638867,25.4075581805922,25.3972910671794,25.2997022573604,25.3818884725093,25.2997022573604,25.4075581805922,25.2842850136107,25.3202549803643,25.4178242679226,25.4178242679226,25.4178242679226,25.3664835674914,25.2637250847104,25.3818884725093,25.2842850136107,25.3305297988212,25.4280893294658,25.3562123467933,25.2277352917338,25.2842850136107,25.3870229273887,25.4075581805922,25.3202549803643,25.3459400985342,25.3305297988212,25.2791454175921,25.2483024338098,25.2123072282184,25.3048408239653,25.4332214756594,25.2483024338098,25.2534435750629,25.1660091054476,25.2328774638867,25.2688654531791,25.2997022573604,25.3870229273887,25.4383533655169,25.3767537609245,25.3305297988212,25.3408035889768,25.2534435750629,25.2894243522202,25.3202549803643,25.2997022573604,25.2123072282184,25.4229569268991,25.3305297988212,25.3613480855689,25.494787246305,25.5665674104186,25.4896581737131,25.5306835914689,25.6485405982759,25.7611472578112,25.7867225219738,25.7713781252015,25.7662628184848,25.7918368132263,25.7560314431445,25.8225172327306,25.8531885241579,25.7816079769097,25.7969508507036
25.2688654531791,25.4383533655169,25.4126913524992,25.3408035889768,25.2483024338098,25.2174501739369,25.2740055641272,25.2637250847104,25.2637250847104,25.2328774638867,25.0012239478063,25.0990971001769,25.1660091054476,25.0784999971428,25.0887990663117,25.0681998923707,25.1814441360816,25.1557177937613,25.1968768433364,25.1608635787557,25.1299849929454,25.2174501739369,25.1711543738743,24.9806071469274,25.1196900631945,25.1557177937613,25.14027888859,25.2842850136107,25.1814441360816,25.0527477928007,25.2483024338098,25.1608635787557,25.0733500742259,25.2740055641272,25.1557177937613,25.2637250847104,25.2534435750629,25.0939482126385,24.9857617364743,25.1660091054476,25.124837657352,25.2894243522202,25.2071640245704,25.1505717504272,25.1196900631945,25.3510763511273,25.2740055641272,25.1762993840732,25.0939482126385,25.0836496611589,25.1505717504272,25.0321413659635,25.1660091054476,25.1711543738743,25.1917328656758,25.1968768433364,25.0063774992726,25.0269891112523,25.1454254487159,25.0218365972651,25.1762993840732,25.3716187925976,25.2071640245704,25.3305297988212,25.0372933614365,25.2123072282184,25.1299849929454,25.1814441360816,25.2328774638867,25.1608635787557,25.1814441360816,24.9909160664447,25.0630494515398,25.0681998923707,25.2637250847104,25.0887990663117,25.0990971001769,25.14027888859,25.1093940990381,25.1608635787557,25.2328774638867,25.2380193782588,25.1660091054476,25.2225928617629,25.1093940990381,25.0681998923707,24.9960701368761,25.0836496611589,25.1093940990381,25.124837657352,25.0939482126385,25.1711543738743,25.1196900631945,25.1865886299367,25.2483024338098,25.325392518149,25.2791454175921,25.258584458684,25.258584458684,25.3356668224182,25.2483024338098,25.3613480855689,25.2945634334578,25.2740055641272,25.3459400985342,25.4383533655169,25.3921571255997,25.5050446238429,25.4075581805922,25.3664835674914,25.464008971053,25.4332214756594,25.3972910671794,25.3870229273887,25.3151171854302,25.4024247521646,25.2894243522202,25.3356668224182,25.3510763511273,25.2791454175921,25.3510763511273,25.2945634334578,25.3613480855689,25.2380193782588,25.2328774638867,25.1608635787557,25.2483024338098,25.1762993840732,25.3972910671794,25.2894243522202,25.3356668224182,25.2020205629554,25.3099791333095,25.2997022573604,25.2842850136107,25.3305297988212,25.2842850136107,25.3767537609245,25.3716187925976,25.1608635787557,25.3202549803643,25.3048408239653,25.3664835674914,25.4332214756594,25.4588783623232,25.2945634334578,25.3151171854302,25.325392518149,25.325392518149,25.3767537609245,25.4126913524992,25.3972910671794,25.3664835674914,25.2020205629554,25.1351320700124,25.0836496611589,25.1093940990381,25.1351320700124,25.14027888859,25.2842850136107,25.3202549803643,25.3562123467933,25.3202549803643,25.3408035889768,25.3099791333095,25.2688654531791,25.3151171854302,25.3305297988212,25.3202549803643,25.3099791333095,25.4280893294658,25.3767537609245,25.3972910671794,25.3870229273887,25.258584458684,25.3408035889768,25.3972910671794,25.3305297988212,25.4178242679226,25.3921571255997,25.3099791333095,25.3151171854302,25.258584458684,25.2534435750629,25.3613480855689,25.4178242679226,25.4588783623232,25.258584458684,25.2688654531791,25.0990971001769,25.2123072282184,25.2277352917338,25.3510763511273,25.2328774638867,25.2997022573604,25.2894243522202,25.4024247521646,25.1711543738743,25.258584458684,25.2534435750629,25.258584458684,25.1917328656758,25.2688654531791,25.2380193782588,25.3151171854302,25.3459400985342,25.325392518149,25.2380193782588,25.2483024338098,25.3408035889768,25.2431610348875,25.3972910671794,25.4896581737131,25.4845288451903,25.4691393236678,25.4178242679226,25.4126913524992,25.3921571255997,25.3767537609245,25.2328774638867,25.3408035889768,25.4024247521646,25.4691393236678,25.4486163763711,25.4332214756594,25.4383533655169,25.3818884725093,25.4075581805922,25.4537474974415,25.6587826573823,25.7969508507036,25.7048593188521,25.8174044635856,25.9553603376162,25.8378540189647,25.8327420103839,25.6946218424375,25.9247194166704,25.9145037540644,25.8429657740965
25.2842850136107,25.3151171854302,25.4075581805922,25.258584458684,25.2791454175921,25.1608635787557,25.2483024338098,25.2688654531791,25.0836496611589,25.0475965748176,25.1196900631945,24.9754522977662,24.9445177487934,25.0939482126385,25.0784999971428,25.0269891112523,25.2225928617629,25.0990971001769,25.2174501739369,25.2123072282184,25.1762993840732,25.2174501739369,25.2174501739369,25.1351320700124,25.1145422104357,25.1557177937613,25.1608635787557,25.3921571255997,25.3562123467933,25.2842850136107,25.2637250847104,25.2945634334578,25.0681998923707,25.2277352917338,25.1042457289643,25.1299849929454,25.2534435750629,25.2431610348875,25.0784999971428,25.1299849929454,25.0990971001769,25.0990971001769,25.1711543738743,25.2894243522202,25.2534435750629,25.2483024338098,25.258584458684,25.2534435750629,25.1145422104357,25.14027888859,25.1557177937613,25.1608635787557,25.3356668224182,25.2328774638867,25.3305297988212,25.3305297988212,25.1093940990381,25.1505717504272,25.2637250847104,25.0784999971428,25.124837657352,25.2740055641272,25.0887990663117,25.1762993840732,25.1814441360816,25.1762993840732,25.124837657352,25.0269891112523,25.2225928617629,25.0063774992726,24.9960701368761,24.9857617364743,25.0527477928007,25.0578987516956,25.0836496611589,25.1042457289643,25.2071640245704,25.2174501739369,25.2740055641272,25.2277352917338,25.1505717504272,25.325392518149,25.124837657352,25.1917328656758,25.1917328656758,25.0784999971428,25.1196900631945,25.1351320700124,25.0784999971428,25.325392518149,25.3408035889768,25.2328774638867,25.2328774638867,25.1814441360816,25.124837657352,25.258584458684,25.2431610348875,25.258584458684,25.2328774638867,25.2997022573604,25.2740055641272,25.2328774638867,25.3664835674914,25.1968768433364,25.4178242679226,25.2483024338098,25.464008971053,25.4537474974415,25.4486163763711,25.4793992606996,25.3818884725093,25.3562123467933,25.4537474974415,25.4126913524992,25.4075581805922,25.3870229273887,25.3767537609245,25.2842850136107,25.3459400985342,25.3048408239653,25.2637250847104,25.3613480855689,25.3613480855689,25.2483024338098,25.2380193782588,25.2328774638867,25.4178242679226,25.3202549803643,25.2945634334578,25.3767537609245,25.2997022573604,25.4075581805922,25.2791454175921,25.3510763511273,25.4024247521646,25.3921571255997,25.3972910671794,25.4486163763711,25.3818884725093,25.3356668224182,25.3048408239653,25.4383533655169,25.3408035889768,25.3921571255997,25.3921571255997,25.2894243522202,25.325392518149,25.3562123467933,25.4332214756594,25.4691393236678,25.3972910671794,25.5204287715866,25.2637250847104,25.1299849929454,25.2174501739369,25.1505717504272,25.0578987516956,25.14027888859,25.1557177937613,25.2483024338098,25.258584458684,25.3459400985342,25.2791454175921,25.4332214756594,25.4126913524992,25.4024247521646,25.3202549803643,25.3818884725093,25.4742694202044,25.2945634334578,25.3767537609245,25.4691393236678,25.3048408239653,25.325392518149,25.3562123467933,25.2637250847104,25.2842850136107,25.3099791333095,25.2997022573604,25.325392518149,25.2637250847104,25.3048408239653,25.3767537609245,25.3562123467933,25.2791454175921,25.3562123467933,25.2945634334578,25.3716187925976,25.4075581805922,25.3099791333095,25.3818884725093,25.2997022573604,25.325392518149,25.2945634334578,25.3202549803643,25.4537474974415,25.3870229273887,25.2534435750629,25.2997022573604,25.258584458684,25.3048408239653,25.2791454175921,25.2328774638867,25.2328774638867,25.2483024338098,25.4332214756594,25.3921571255997,25.3510763511273,25.2020205629554,25.3408035889768,25.4024247521646,25.4178242679226,25.494787246305,25.4024247521646,25.4742694202044,25.4691393236678,25.4691393236678,25.4024247521646,25.4588783623232,25.3305297988212,25.2277352917338,25.3356668224182,25.3716187925976,25.4537474974415,25.4537474974415,25.3870229273887,25.5563161681696,25.5050446238429,25.5511901638832,25.5921910475291,25.6895027225489,25.8736309844862,25.7918368132263,25.8787409664887,25.8378540189647,25.7969508507036,25.8531885241579,25.7304485586408,25.8276297483179,25.7918368132263
25.3099791333095,25.3202549803643,25.2277352917338,25.2894243522202,25.1865886299367,25.258584458684,25.1454254487159,25.3356668224182,25.124837657352,25.0063774992726,25.1454254487159,25.1711543738743,25.0063774992726,25.0939482126385,24.9806071469274,25.124837657352,25.2277352917338,25.2945634334578,25.1814441360816,25.2174501739369,25.2688654531791,25.1454254487159,25.1917328656758,25.2071640245704,25.1196900631945,24.9754522977662,25.1454254487159,25.0578987516956,25.1968768433364,25.2688654531791,25.2894243522202,25.2945634334578,25.2534435750629,25.2534435750629,25.1454254487159,25.1299849929454,25.2431610348875,25.1454254487159,25.258584458684,25.0218365972651,25.0990971001769,25.1660091054476,25.14027888859,25.1505717504272,25.258584458684,25.1711543738743,25.2380193782588,25.1865886299367,25.2277352917338,25.0475965748176,25.1762993840732,25.2174501739369,25.2431610348875,25.1762993840732,25.1968768433364,25.2225928617629,25.3151171854302,25.2071640245704,25.1505717504272,25.2483024338098,25.2071640245704,25.1505717504272,25.3408035889768,25.1968768433364,25.1968768433364,25.14027888859,25.1814441360816,25.1762993840732,25.124837657352,25.2791454175921,25.1814441360816,25.0578987516956,25.0527477928007,25.0836496611589,25.1093940990381,25.1968768433364,25.2431610348875,25.2380193782588,25.2431610348875,25.3151171854302,25.2431610348875,25.2945634334578,25.1711543738743,25.2123072282184,25.2688654531791,25.2277352917338,25.2277352917338,25.1145422104357,25.0630494515398,25.2174501739369,25.1865886299367,25.2997022573604,25.2483024338098,25.1865886299367,25.2483024338098,25.3510763511273,25.2842850136107,25.2688654531791,25.3356668224182,25.325392518149,25.3048408239653,25.3099791333095,25.3408035889768,25.4075581805922,25.2637250847104,25.4229569268991,25.3202549803643,25.4588783623232,25.4999160630027,25.5204287715866,25.4229569268991,25.3613480855689,25.4280893294658,25.3613480855689,25.3151171854302,25.3921571255997,25.2842850136107,25.3408035889768,25.4024247521646,25.4280893294658,25.3613480855689,25.3664835674914,25.3664835674914,25.2225928617629,25.2997022573604,25.3099791333095,25.2740055641272,25.1711543738743,25.3048408239653,25.3151171854302,25.3202549803643,25.3510763511273,25.3664835674914,25.3099791333095,25.2791454175921,25.3459400985342,25.4280893294658,25.3202549803643,25.2174501739369,25.1608635787557,25.325392518149,25.4024247521646,25.4332214756594,25.4229569268991,25.4126913524992,25.3664835674914,25.3510763511273,25.2997022573604,25.3972910671794,25.3921571255997,25.4383533655169,25.3972910671794,25.2842850136107,25.3408035889768,25.3767537609245,25.2945634334578,25.2483024338098,25.1454254487159,25.1454254487159,25.2688654531791,25.3048408239653,25.2740055641272,25.3972910671794,25.4229569268991,25.3151171854302,25.2945634334578,25.3459400985342,25.3305297988212,25.3151171854302,25.3408035889768,25.3048408239653,25.2945634334578,25.3202549803643,25.3356668224182,25.2637250847104,25.2740055641272,25.2842850136107,25.3099791333095,25.2688654531791,25.2945634334578,25.2997022573604,25.4229569268991,25.2534435750629,25.4075581805922,25.2740055641272,25.2740055641272,25.1762993840732,25.2328774638867,25.2380193782588,25.2534435750629,25.3459400985342,25.3305297988212,25.2277352917338,25.2328774638867,25.1557177937613,25.3202549803643,25.325392518149,25.3664835674914,25.2637250847104,25.2534435750629,25.1917328656758,25.1608635787557,25.2380193782588,25.1968768433364,25.1865886299367,25.3356668224182,25.3562123467933,25.3356668224182,25.0836496611589,25.2791454175921,25.3870229273887,25.4280893294658,25.4691393236678,25.464008971053,25.3870229273887,25.325392518149,25.3356668224182,25.4024247521646,25.3408035889768,25.3613480855689,25.2791454175921,25.3099791333095,25.3818884725093,25.5050446238429,25.4280893294658,25.3305297988212,25.4896581737131,25.5563161681696,25.5409373888032,25.7202136256143,25.8327420103839,25.7662628184848,25.8020646344419,25.7867225219738,25.7867225219738,25.8276297483179,25.8122914408466,25.8531885241579,25.8327420103839,25.7969508507036
25.2123072282184,25.1711543738743,25.2020205629554,25.1865886299367,25.2380193782588,25.1968768433364,25.1299849929454,24.8929393729232,25.0887990663117,25.0836496611589,25.1711543738743,25.1093940990381,25.0990971001769,25.1454254487159,25.124837657352,25.2688654531791,25.1814441360816,25.1454254487159,25.2174501739369,25.14027888859,25.0733500742259,24.9909160664447,25.1762993840732,25.0836496611589,24.9599861922213,25.0269891112523,24.9960701368761,25.1093940990381,25.1711543738743,25.1711543738743,25.2688654531791,25.2997022573604,25.4845288451903,25.2123072282184,25.1196900631945,25.2277352917338,25.2534435750629,25.3202549803643,25.2688654531791,25.2380193782588,25.0630494515398,25.1711543738743,25.0784999971428,25.1608635787557,25.2688654531791,25.0784999971428,25.2174501739369,25.2534435750629,25.0784999971428,25.2071640245704,25.1093940990381,25.2020205629554,25.3459400985342,25.2534435750629,25.2380193782588,25.2380193782588,25.1299849929454,25.2277352917338,25.2328774638867,25.1762993840732,25.2277352917338,25.2688654531791,25.3099791333095,25.2123072282184,25.2328774638867,25.2534435750629,25.2380193782588,25.1093940990381,25.1093940990381,25.14027888859,25.1557177937613,25.1762993840732,25.0887990663117,25.1042457289643,25.124837657352,25.2637250847104,25.2534435750629,25.1762993840732,25.2328774638867,25.2277352917338,25.3510763511273,25.124837657352,25.1454254487159,25.2328774638867,25.2791454175921,25.2020205629554,25.1660091054476,25.3151171854302,25.1762993840732,25.14027888859,25.2123072282184,25.1711543738743,25.1762993840732,25.2225928617629,25.2431610348875,25.2483024338098,25.3151171854302,25.2842850136107,25.2020205629554,25.1814441360816,25.1660091054476,25.1917328656758,25.3459400985342,25.3664835674914,25.2534435750629,25.4383533655169,25.3870229273887,25.4280893294658,25.5050446238429,25.4742694202044,25.3921571255997,25.4280893294658,25.4742694202044,25.4280893294658,25.4845288451903,25.3870229273887,25.464008971053,25.5204287715866,25.4178242679226,25.4486163763711,25.3151171854302,25.3562123467933,25.258584458684,25.3459400985342,25.2688654531791,25.2431610348875,25.2380193782588,25.1145422104357,25.2534435750629,25.3356668224182,25.2277352917338,25.1917328656758,25.2020205629554,25.2225928617629,25.2483024338098,25.325392518149,25.3202549803643,25.2688654531791,25.1814441360816,25.3099791333095,25.2328774638867,25.3562123467933,25.4126913524992,25.3048408239653,25.2997022573604,25.3099791333095,25.3510763511273,25.494787246305,25.4178242679226,25.325392518149,25.3305297988212,25.3921571255997,25.2894243522202,25.3716187925976,25.1917328656758,25.2071640245704,25.1299849929454,25.2123072282184,25.14027888859,25.2791454175921,25.2842850136107,25.3356668224182,25.2740055641272,25.3870229273887,25.3818884725093,25.2688654531791,25.3510763511273,25.3356668224182,25.4793992606996,25.4588783623232,25.3870229273887,25.4999160630027,25.3356668224182,25.3048408239653,25.3459400985342,25.4537474974415,25.3408035889768,25.4434849990752,25.3151171854302,25.3202549803643,25.3870229273887,25.258584458684,25.258584458684,25.1505717504272,25.2534435750629,25.3818884725093,25.3356668224182,25.3562123467933,25.2534435750629,25.2328774638867,25.2997022573604,25.325392518149,25.3099791333095,25.3048408239653,25.1917328656758,25.3151171854302,25.4075581805922,25.3459400985342,25.2791454175921,25.1711543738743,25.1917328656758,25.2534435750629,25.2277352917338,25.3099791333095,25.2688654531791,25.3510763511273,25.1608635787557,25.3562123467933,25.2123072282184,25.2688654531791,25.3921571255997,25.4280893294658,25.4075581805922,25.4434849990752,25.2791454175921,25.4126913524992,25.3767537609245,25.3870229273887,25.3562123467933,25.3767537609245,25.3408035889768,25.2328774638867,25.3664835674914,25.4486163763711,25.3767537609245,25.3870229273887,25.3818884725093,25.3664835674914,25.6587826573823,25.5255563093646,25.6895027225489,25.7304485586408,25.7816079769097,25.7099776754511,25.7918368132263,25.8174044635856,25.7662628184848,25.7202136256143,25.7457990516862,25.8071781644774
25.14027888859,25.1557177937613,25.1505717504272,25.0527477928007,25.1660091054476,25.1557177937613,25.1814441360816,25.0887990663117,25.0681998923707,25.0063774992726,25.1145422104357,25.124837657352,25.124837657352,25.1145422104357,25.0836496611589,25.1454254487159,25.2842850136107,25.1814441360816,25.2328774638867,25.1505717504272,25.1351320700124,25.14027888859,25.0836496611589,25.14027888859,25.124837657352,25.1351320700124,25.0733500742259,25.1299849929454,25.1711543738743,25.1557177937613,25.3870229273887,25.2277352917338,25.2431610348875,25.1711543738743,25.3613480855689,25.1196900631945,25.2071640245704,25.3716187925976,25.3048408239653,25.1608635787557,25.1865886299367,25.0784999971428,25.0784999971428,25.2071640245704,25.1865886299367,25.1917328656758,25.2174501739369,25.124837657352,25.2534435750629,25.14027888859,25.1814441360816,25.2380193782588,25.2328774638867,25.2277352917338,25.1660091054476,24.9754522977662,25.2225928617629,25.2380193782588,25.14027888859,25.2534435750629,25.1968768433364,25.2997022573604,25.3716187925976,25.1917328656758,25.1299849929454,25.2277352917338,25.1196900631945,25.1917328656758,25.0527477928007,25.0681998923707,25.1917328656758,25.1145422104357,25.1814441360816,25.0115307913128,25.1042457289643,25.1917328656758,25.2431610348875,25.2380193782588,25.2328774638867,25.1917328656758,25.14027888859,25.2277352917338,25.2431610348875,25.2945634334578,25.258584458684,25.124837657352,25.1299849929454,25.3048408239653,25.1762993840732,25.2483024338098,25.325392518149,25.2637250847104,25.2740055641272,25.2637250847104,25.2123072282184,25.2534435750629,25.1968768433364,25.1711543738743,25.4126913524992,25.1865886299367,25.2277352917338,25.3305297988212,25.1865886299367,25.2123072282184,25.3048408239653,25.3664835674914,25.3459400985342,25.464008971053,25.3151171854302,25.3613480855689,25.4999160630027,25.3202549803643,25.3818884725093,25.4486163763711,25.3459400985342,25.494787246305,25.4024247521646,25.4486163763711,25.3356668224182,25.3613480855689,25.3613480855689,25.3613480855689,25.4383533655169,25.325392518149,25.3048408239653,25.1557177937613,25.2945634334578,25.3099791333095,25.258584458684,25.3716187925976,25.1454254487159,25.2791454175921,25.2483024338098,25.3151171854302,25.1917328656758,25.2020205629554,25.2534435750629,25.3099791333095,25.1865886299367,25.4075581805922,25.4126913524992,25.4126913524992,25.3151171854302,25.2791454175921,25.3305297988212,25.2842850136107,25.3562123467933,25.3459400985342,25.3151171854302,25.3202549803643,25.3664835674914,25.4588783623232,25.2894243522202,25.2380193782588,25.1968768433364,25.1660091054476,25.1299849929454,25.2277352917338,25.2791454175921,25.2791454175921,25.2431610348875,25.3818884725093,25.2637250847104,25.3202549803643,25.3048408239653,25.2945634334578,25.2842850136107,25.2894243522202,25.3202549803643,25.3048408239653,25.3408035889768,25.3356668224182,25.3099791333095,25.2997022573604,25.3202549803643,25.2945634334578,25.2740055641272,25.2842850136107,25.3305297988212,25.3459400985342,25.2945634334578,25.1762993840732,25.1711543738743,25.3613480855689,25.2328774638867,25.2225928617629,25.1968768433364,25.3613480855689,25.2894243522202,25.2225928617629,25.2071640245704,25.2791454175921,25.2328774638867,25.2483024338098,25.2740055641272,25.2534435750629,25.3818884725093,25.2534435750629,25.3048408239653,25.2997022573604,25.2380193782588,25.2431610348875,25.3048408239653,25.3202549803643,25.2431610348875,25.3202549803643,25.3356668224182,25.2688654531791,25.2277352917338,25.2842850136107,25.3716187925976,25.4691393236678,25.4434849990752,25.4486163763711,25.3305297988212,25.3818884725093,25.3408035889768,25.3459400985342,25.3202549803643,25.3510763511273,25.258584458684,25.2637250847104,25.4588783623232,25.3870229273887,25.5511901638832,25.4434849990752,25.3767537609245,25.3767537609245,25.3972910671794,25.6587826573823,25.7611472578112,25.7355656438188,25.8020646344419,25.7099776754511,25.7304485586408,25.7816079769097,25.7048593188521,25.8174044635856,25.7509153744483,25.8020646344419
25.2431610348875,25.1557177937613,25.14027888859,25.14027888859,25.2534435750629,25.1762993840732,24.9032571289301,25.0784999971428,25.0475965748176,24.9909160664447,25.1454254487159,24.9754522977662,24.9857617364743,24.9702971889533,24.8877801045559,25.0939482126385,25.1608635787557,25.2997022573604,25.1711543738743,25.1557177937613,25.1505717504272,25.1660091054476,25.1093940990381,25.1557177937613,25.1454254487159,25.2740055641272,25.2791454175921,25.1196900631945,25.258584458684,25.258584458684,25.1968768433364,25.2380193782588,25.2740055641272,25.3664835674914,25.2277352917338,25.1299849929454,25.2791454175921,25.325392518149,25.2431610348875,25.2534435750629,25.1660091054476,25.1608635787557,25.2123072282184,25.1196900631945,25.1608635787557,25.0887990663117,25.0887990663117,25.2071640245704,25.2174501739369,25.2123072282184,25.0321413659635,25.2328774638867,25.2380193782588,25.124837657352,25.1042457289643,25.2277352917338,25.2328774638867,25.0784999971428,24.9599861922213,25.1454254487159,25.1711543738743,25.2328774638867,25.1865886299367,25.1711543738743,25.1505717504272,25.2688654531791,25.1608635787557,25.124837657352,25.124837657352,25.1351320700124,25.2534435750629,25.0681998923707,25.0115307913128,25.0990971001769,25.1660091054476,25.1093940990381,25.1917328656758,25.1196900631945,25.1917328656758,24.9342041538485,25.0527477928007,25.1351320700124,25.1351320700124,25.2534435750629,25.2380193782588,25.2020205629554,25.1968768433364,25.2071640245704,25.124837657352,25.2123072282184,25.2637250847104,25.1557177937613,25.1968768433364,25.1968768433364,25.1762993840732,25.2277352917338,25.1351320700124,25.1299849929454,25.2483024338098,25.1968768433364,25.1299849929454,25.2637250847104,25.2123072282184,25.2225928617629,25.1814441360816,25.2740055641272,25.258584458684,25.3510763511273,25.3356668224182,25.3099791333095,25.3459400985342,25.3562123467933,25.3716187925976,25.3459400985342,25.3562123467933,25.3870229273887,25.4845288451903,25.2534435750629,25.3408035889768,25.3767537609245,25.3510763511273,25.3099791333095,25.3356668224182,25.258584458684,25.3459400985342,25.2431610348875,25.2225928617629,25.2483024338098,25.2997022573604,25.3818884725093,25.2328774638867,25.1557177937613,25.2431610348875,25.3562123467933,25.3048408239653,25.2483024338098,25.2483024338098,25.2740055641272,25.2637250847104,25.2842850136107,25.2997022573604,25.4075581805922,25.3510763511273,25.2637250847104,25.2637250847104,25.1762993840732,25.258584458684,25.2688654531791,25.2637250847104,25.2688654531791,25.2740055641272,25.3356668224182,25.2483024338098,25.1145422104357,25.1145422104357,25.0475965748176,25.0990971001769,25.0321413659635,25.124837657352,25.1660091054476,25.1608635787557,25.3510763511273,25.3818884725093,25.325392518149,25.2277352917338,25.2997022573604,25.3202549803643,25.3202549803643,25.2328774638867,25.2380193782588,25.2328774638867,25.2791454175921,25.2225928617629,25.3048408239653,25.2637250847104,25.2945634334578,25.2791454175921,25.1968768433364,25.124837657352,25.3510763511273,25.2071640245704,25.2842850136107,25.2688654531791,25.2740055641272,25.2740055641272,25.2277352917338,25.2020205629554,25.3408035889768,25.1865886299367,25.2225928617629,25.2020205629554,25.1660091054476,25.2020205629554,25.2277352917338,25.2483024338098,25.2894243522202,25.3202549803643,25.3664835674914,25.2534435750629,25.1968768433364,25.2483024338098,25.2534435750629,25.1557177937613,25.1299849929454,25.1608635787557,25.2328774638867,25.2277352917338,25.1917328656758,25.1762993840732,25.2688654531791,25.2174501739369,25.3562123467933,25.3356668224182,25.3408035889768,25.4383533655169,25.2483024338098,25.3613480855689,25.2225928617629,25.2123072282184,25.2380193782588,25.1042457289643,25.0939482126385,25.2534435750629,25.258584458684,25.4126913524992,25.2534435750629,25.258584458684,25.3921571255997,25.464008971053,25.602438715738,25.622930990963,25.7918368132263,25.7611472578112,25.715095777693,25.8071781644774,25.7969508507036,25.7560314431445,25.7764931779977,25.6946218424375,25.6792637192269
25.1917328656758,25.0887990663117,25.0939482126385,25.1505717504272,25.0012239478063,25.0063774992726,24.9032571289301,25.0836496611589,24.9909160664447,25.0115307913128,24.9754522977662,24.9496741564303,24.9857617364743,24.8980983810354,25.0836496611589,24.9032571289301,25.1608635787557,25.0012239478063,25.0836496611589,25.1505717504272,25.2020205629554,25.0990971001769,25.14027888859,25.2534435750629,25.1093940990381,25.1711543738743,25.2071640245704,25.1711543738743,25.1814441360816,25.1608635787557,25.2637250847104,25.1762993840732,25.0166838239645,25.1865886299367,25.1505717504272,25.1608635787557,25.1299849929454,25.2225928617629,25.2688654531791,25.2997022573604,25.1505717504272,25.2637250847104,25.2380193782588,25.0887990663117,25.0733500742259,25.2380193782588,25.0990971001769,25.1093940990381,25.1814441360816,25.2225928617629,25.2225928617629,25.2740055641272,25.1505717504272,25.325392518149,25.3408035889768,25.2123072282184,25.1145422104357,25.0784999971428,25.0836496611589,25.1299849929454,25.1505717504272,25.1505717504272,25.124837657352,25.1814441360816,25.2328774638867,25.1865886299367,25.2740055641272,25.0836496611589,25.0887990663117,25.0527477928007,25.1814441360816,25.1351320700124,25.0321413659635,25.1505717504272,25.1145422104357,25.1711543738743,25.1711543738743,25.1351320700124,25.1865886299367,25.14027888859,25.1814441360816,25.2945634334578,25.1814441360816,25.1299849929454,25.0887990663117,25.1660091054476,25.2380193782588,25.1711543738743,25.14027888859,25.2225928617629,25.3151171854302,25.14027888859,25.2225928617629,25.3048408239653,25.2020205629554,25.2894243522202,25.2740055641272,25.2380193782588,25.1299849929454,25.2328774638867,25.1454254487159,25.2431610348875,25.1762993840732,25.1093940990381,25.2071640245704,25.3716187925976,25.1711543738743,25.3459400985342,25.3099791333095,25.3356668224182,25.3818884725093,25.2637250847104,25.2483024338098,25.3870229273887,25.3048408239653,25.3099791333095,25.3459400985342,25.2791454175921,25.3305297988212,25.4126913524992,25.3510763511273,25.3664835674914,25.3716187925976,25.3459400985342,25.2380193782588,25.2020205629554,25.1454254487159,25.1711543738743,25.258584458684,25.2431610348875,25.1762993840732,25.2431610348875,25.2380193782588,25.2894243522202,25.325392518149,25.2534435750629,25.1814441360816,25.3870229273887,25.3972910671794,25.3202549803643,25.3151171854302,25.2225928617629,25.2894243522202,25.2997022573604,25.258584458684,25.2328774638867,25.2483024338098,25.2071640245704,25.2020205629554,25.14027888859,25.2740055641272,25.2842850136107,25.2740055641272,25.2740055641272,25.14027888859,25.1917328656758,25.1557177937613,25.1608635787557,25.1505717504272,25.2534435750629,25.2534435750629,25.2842850136107,25.3048408239653,25.3664835674914,25.2534435750629,25.2020205629554,25.0681998923707,25.2277352917338,25.2483024338098,25.3356668224182,25.2380193782588,25.1042457289643,25.2997022573604,25.3048408239653,25.2997022573604,25.124837657352,25.2020205629554,25.1660091054476,25.14027888859,25.325392518149,25.2791454175921,25.3048408239653,25.1762993840732,25.2740055641272,25.2637250847104,25.1762993840732,25.2894243522202,25.1196900631945,25.14027888859,25.1351320700124,25.2071640245704,25.1660091054476,25.2020205629554,25.2997022573604,25.3099791333095,25.2740055641272,25.2997022573604,25.3459400985342,25.1660091054476,25.1454254487159,25.2071640245704,25.1814441360816,25.3151171854302,25.2123072282184,25.1608635787557,25.1660091054476,25.1917328656758,25.1814441360816,25.2483024338098,25.2431610348875,25.2740055641272,25.3562123467933,25.325392518149,25.2791454175921,25.3408035889768,25.3151171854302,25.3510763511273,25.2688654531791,25.1968768433364,25.1145422104357,25.0990971001769,25.2380193782588,25.2328774638867,25.2328774638867,25.4332214756594,25.4280893294658,25.3459400985342,25.2431610348875,25.4896581737131,25.5768176311468,25.7611472578112,25.7611472578112,25.7560314431445,25.7764931779977,25.8071781644774,25.643419186549,25.7816079769097,25.7816079769097,25.8020646344419,25.7560314431445
24.8671404277798,25.0166838239645,25.0681998923707,25.1042457289643,24.9754522977662,24.8051963851263,24.9496741564303,24.9496741564303,25.0990971001769,24.8155229994525,24.7948687272058,24.9084156166453,24.9342041538485,25.0166838239645,25.1660091054476,25.1557177937613,25.14027888859,25.1557177937613,25.0372933614365,25.1660091054476,25.1299849929454,25.2431610348875,25.0321413659635,25.0115307913128,25.2688654531791,25.2740055641272,25.1917328656758,25.2123072282184,25.2431610348875,25.2842850136107,25.1917328656758,25.2431610348875,25.1196900631945,25.2431610348875,25.2277352917338,25.1865886299367,25.2328774638867,25.2328774638867,25.2637250847104,25.258584458684,25.1145422104357,25.1557177937613,25.1814441360816,25.258584458684,25.0784999971428,24.9238895190908,25.0321413659635,24.9342041538485,25.1454254487159,25.2688654531791,25.1299849929454,25.1145422104357,25.1505717504272,25.2277352917338,25.0784999971428,25.124837657352,25.0681998923707,25.124837657352,25.0527477928007,25.0630494515398,25.2483024338098,25.1968768433364,25.1196900631945,25.2791454175921,25.1042457289643,25.0887990663117,25.0012239478063,24.9290469664651,25.0681998923707,25.1145422104357,25.0990971001769,25.1711543738743,25.0990971001769,25.0836496611589,25.1299849929454,25.1454254487159,24.9702971889533,25.14027888859,25.0630494515398,25.1557177937613,25.1762993840732,25.2071640245704,25.1762993840732,25.2431610348875,25.1917328656758,25.1299849929454,25.1917328656758,25.2123072282184,25.2842850136107,25.1505717504272,25.2020205629554,25.1299849929454,25.1196900631945,25.258584458684,25.1917328656758,25.1454254487159,25.2380193782588,25.2534435750629,25.14027888859,25.1351320700124,25.1454254487159,25.1711543738743,25.0990971001769,25.0990971001769,25.2894243522202,25.2688654531791,25.2431610348875,25.2328774638867,25.0990971001769,25.2842850136107,25.2842850136107,25.3048408239653,25.3613480855689,25.2688654531791,25.3356668224182,25.3099791333095,25.3921571255997,25.3716187925976,25.3921571255997,25.3510763511273,25.3459400985342,25.4434849990752,25.2791454175921,25.3048408239653,25.1917328656758,25.2071640245704,25.1762993840732,25.1351320700124,25.2123072282184,25.2277352917338,25.2740055641272,25.1711543738743,25.258584458684,25.2431610348875,25.3099791333095,25.2894243522202,25.3818884725093,25.5306835914689,25.3767537609245,25.3972910671794,25.3356668224182,25.4024247521646,25.2740055641272,25.2740055641272,25.3921571255997,25.2791454175921,25.1968768433364,25.1917328656758,25.2688654531791,25.1660091054476,25.1865886299367,25.2791454175921,25.2174501739369,25.258584458684,25.1608635787557,25.1865886299367,25.1865886299367,25.0939482126385,25.2534435750629,25.2483024338098,25.2997022573604,25.2945634334578,25.2791454175921,25.2277352917338,25.2277352917338,25.2277352917338,25.1917328656758,25.2380193782588,25.2740055641272,25.2637250847104,25.2174501739369,25.2123072282184,25.2431610348875,25.2945634334578,25.2534435750629,25.2431610348875,25.2020205629554,25.258584458684,25.1505717504272,25.2380193782588,25.2071640245704,25.2534435750629,25.1505717504272,25.2740055641272,25.1762993840732,25.2740055641272,25.124837657352,25.1196900631945,25.1814441360816,25.1865886299367,25.2791454175921,25.2174501739369,25.2123072282184,25.1814441360816,25.3048408239653,25.3459400985342,25.3562123467933,25.2380193782588,25.2534435750629,25.2637250847104,25.1351320700124,25.1196900631945,25.124837657352,25.1196900631945,25.1505717504272,25.0836496611589,25.2123072282184,25.2534435750629,25.2225928617629,25.2945634334578,25.1814441360816,25.258584458684,25.3356668224182,25.3459400985342,25.3510763511273,25.2945634334578,25.3356668224182,25.3356668224182,25.1814441360816,25.2071640245704,25.325392518149,25.464008971053,25.2431610348875,25.2791454175921,25.4024247521646,25.4075581805922,25.3048408239653,25.4742694202044,25.4691393236678,25.602438715738,25.6946218424375,25.7764931779977,25.7918368132263,25.8480772758155,25.7713781252015,25.7764931779977,25.7969508507036,25.7406824748218,25.7099776754511,25.6895027225489
25.2431610348875,25.0784999971428,25.0630494515398,24.9651418204509,24.9960701368761,25.0990971001769,25.0012239478063,24.8723007375455,24.9754522977662,24.8103598227198,24.9702971889533,24.9754522977662,24.9445177487934,25.1454254487159,25.124837657352,25.0630494515398,25.1505717504272,24.8877801045559,25.0424450977087,24.9496741564303,25.0887990663117,25.1196900631945,25.1711543738743,25.2225928617629,25.0990971001769,25.0321413659635,25.1865886299367,25.2174501739369,25.2483024338098,25.2380193782588,25.258584458684,25.2534435750629,25.2534435750629,25.2328774638867,25.1865886299367,25.1968768433364,25.2534435750629,25.2637250847104,25.258584458684,25.2997022573604,25.1711543738743,25.0681998923707,25.1660091054476,25.2123072282184,25.2431610348875,25.0630494515398,24.9290469664651,25.1351320700124,25.1196900631945,25.1299849929454,25.1196900631945,25.2431610348875,25.1814441360816,25.1968768433364,25.2328774638867,25.0784999971428,25.0578987516956,25.0733500742259,25.1608635787557,25.2277352917338,25.1351320700124,24.954830304227,25.2225928617629,25.2328774638867,25.2431610348875,25.0836496611589,24.9754522977662,25.1042457289643,24.9290469664651,24.9342041538485,25.1299849929454,25.1505717504272,25.1711543738743,25.1711543738743,25.0424450977087,25.0784999971428,25.2637250847104,25.1608635787557,25.1145422104357,25.1505717504272,25.1196900631945,25.1557177937613,25.2328774638867,25.1093940990381,25.0115307913128,25.1917328656758,25.124837657352,25.2380193782588,25.2740055641272,25.2483024338098,25.1299849929454,25.2071640245704,25.2225928617629,25.124837657352,25.1145422104357,25.1299849929454,25.1711543738743,25.2020205629554,25.2174501739369,25.2688654531791,25.1505717504272,25.1557177937613,25.2020205629554,25.0115307913128,25.2842850136107,25.3562123467933,25.1968768433364,25.0887990663117,25.3510763511273,25.2637250847104,25.1968768433364,25.1711543738743,25.258584458684,25.2483024338098,25.2791454175921,25.2637250847104,25.3613480855689,25.4742694202044,25.3664835674914,25.3099791333095,25.2791454175921,25.3818884725093,25.3562123467933,25.1762993840732,25.2945634334578,25.2431610348875,25.1968768433364,25.1762993840732,25.2123072282184,25.1814441360816,25.1196900631945,25.2483024338098,25.1093940990381,25.1042457289643,25.3151171854302,25.2637250847104,25.3305297988212,25.2328774638867,25.258584458684,25.2483024338098,25.1814441360816,25.0733500742259,25.14027888859,25.2277352917338,25.2894243522202,25.2894243522202,25.2945634334578,25.1814441360816,25.1814441360816,25.2842850136107,25.1917328656758,25.2945634334578,25.2791454175921,25.2380193782588,25.2277352917338,25.1299849929454,25.2277352917338,25.1660091054476,25.2740055641272,25.3562123467933,25.3151171854302,25.325392518149,25.3767537609245,25.3305297988212,25.4280893294658,25.2894243522202,25.3408035889768,25.3562123467933,25.2483024338098,25.258584458684,25.2534435750629,25.3099791333095,25.2328774638867,25.2945634334578,25.1968768433364,25.124837657352,25.1814441360816,25.2842850136107,25.2688654531791,25.2225928617629,25.1711543738743,25.1608635787557,25.1917328656758,25.2123072282184,25.14027888859,25.2328774638867,25.2534435750629,25.1351320700124,25.2071640245704,25.1196900631945,25.1093940990381,25.2071640245704,25.1917328656758,25.2020205629554,25.1557177937613,25.2637250847104,25.2945634334578,25.2483024338098,25.2328774638867,25.2328774638867,25.1505717504272,25.1196900631945,25.1093940990381,25.0784999971428,25.0527477928007,25.1762993840732,25.1762993840732,25.2380193782588,25.1814441360816,25.1660091054476,25.2637250847104,25.325392518149,25.2688654531791,25.3664835674914,25.2688654531791,25.2277352917338,25.2174501739369,25.2328774638867,25.2637250847104,25.1865886299367,25.2431610348875,25.2483024338098,25.2431610348875,25.325392518149,25.3459400985342,25.258584458684,25.2997022573604,25.3870229273887,25.6997407078597,25.602438715738,25.643419186549,25.6946218424375,25.6843833481574,25.8122914408466,25.8071781644774,25.7457990516862,25.6895027225489,25.7560314431445,25.7969508507036,25.8020646344419
25.0578987516956,25.0836496611589,24.9445177487934,24.8155229994525,24.918731811688,24.9342041538485,24.9238895190908,25.1762993840732,24.9909160664447,25.0166838239645,24.9960701368761,24.9702971889533,24.8980983810354,24.9290469664651,25.0836496611589,25.0269891112523,25.0424450977087,24.8826205758957,25.0424450977087,25.0218365972651,25.1093940990381,25.1505717504272,25.0218365972651,25.0990971001769,25.2020205629554,25.2020205629554,25.1505717504272,25.0887990663117,25.1711543738743,25.0784999971428,25.2277352917338,25.3716187925976,25.325392518149,25.2637250847104,25.2020205629554,25.2328774638867,25.2174501739369,25.2791454175921,25.2637250847104,25.1968768433364,25.2483024338098,25.0321413659635,25.0887990663117,24.9135738442187,25.0012239478063,24.9032571289301,24.836173098535,24.8000326866343,24.9909160664447,25.0527477928007,25.0939482126385,25.1814441360816,25.0578987516956,25.2123072282184,25.1196900631945,25.1711543738743,25.0372933614365,25.0321413659635,25.2894243522202,25.2071640245704,25.2123072282184,25.1454254487159,25.2174501739369,25.1711543738743,24.9445177487934,24.8723007375455,25.0784999971428,25.1917328656758,25.1042457289643,25.1145422104357,25.1865886299367,25.1917328656758,25.1762993840732,25.124837657352,25.1042457289643,25.0990971001769,25.1093940990381,25.1557177937613,25.1608635787557,25.0784999971428,25.0836496611589,25.124837657352,25.1454254487159,25.1196900631945,25.14027888859,25.2534435750629,25.2328774638867,25.2071640245704,25.1351320700124,25.2020205629554,25.1454254487159,25.1196900631945,25.1505717504272,25.1557177937613,25.2020205629554,25.1093940990381,25.2071640245704,25.1865886299367,25.1557177937613,25.258584458684,25.2791454175921,25.0372933614365,25.2894243522202,25.2688654531791,25.258584458684,25.4126913524992,25.2740055641272,25.2380193782588,25.2997022573604,25.3664835674914,25.2277352917338,25.1865886299367,25.1454254487159,25.2328774638867,25.2997022573604,25.3510763511273,25.2894243522202,25.2997022573604,25.3767537609245,25.2997022573604,25.2997022573604,25.3972910671794,25.325392518149,25.3202549803643,25.3151171854302,25.3151171854302,25.1814441360816,25.124837657352,25.1814441360816,25.2071640245704,25.1711543738743,25.2431610348875,25.1351320700124,25.0681998923707,25.0990971001769,25.124837657352,25.1505717504272,25.2894243522202,25.1762993840732,25.1505717504272,25.2431610348875,25.258584458684,25.2431610348875,25.2688654531791,25.2740055641272,25.2637250847104,25.1968768433364,25.2945634334578,25.2071640245704,25.2894243522202,25.1762993840732,25.2894243522202,25.2740055641272,25.1505717504272,25.2483024338098,25.1557177937613,25.14027888859,25.2225928617629,25.2431610348875,25.2431610348875,25.1814441360816,25.1505717504272,25.2020205629554,25.3099791333095,25.3202549803643,25.2328774638867,25.2328774638867,25.3562123467933,25.1917328656758,25.3202549803643,25.2997022573604,25.3305297988212,25.4332214756594,25.2277352917338,25.3099791333095,25.1711543738743,25.2740055641272,25.2431610348875,25.2328774638867,25.2380193782588,25.0321413659635,25.0887990663117,25.2174501739369,25.2534435750629,25.1557177937613,25.1505717504272,25.1505717504272,25.2791454175921,25.2483024338098,25.2791454175921,25.1968768433364,25.2225928617629,25.2123072282184,25.1917328656758,25.2071640245704,25.325392518149,25.3048408239653,25.3202549803643,25.2328774638867,25.1299849929454,25.1814441360816,25.1557177937613,25.0784999971428,25.0578987516956,25.0630494515398,25.1762993840732,25.0630494515398,25.0527477928007,25.1968768433364,25.2071640245704,25.1711543738743,25.2997022573604,25.2123072282184,25.3664835674914,25.3767537609245,25.2534435750629,25.3202549803643,25.3305297988212,25.1917328656758,25.1917328656758,25.2894243522202,25.3151171854302,25.2534435750629,25.3408035889768,25.3408035889768,25.4793992606996,25.4793992606996,25.3870229273887,25.494787246305,25.7253312192514,25.6485405982759,25.8787409664887,25.8174044635856,25.7816079769097,25.7355656438188,25.7406824748218,25.8020646344419,25.669023697602,25.602438715738,25.7048593188521
25.1351320700124,25.124837657352,24.9032571289301,24.8258485704877,24.9806071469274,25.0578987516956,24.954830304227,25.1093940990381,24.9651418204509,24.9702971889533,24.9393610812787,24.8980983810354,25.0012239478063,25.124837657352,25.1042457289643,25.0681998923707,25.0784999971428,25.0784999971428,25.1557177937613,25.0269891112523,25.2637250847104,25.0063774992726,25.2225928617629,25.2328774638867,25.2123072282184,25.258584458684,25.1814441360816,25.2431610348875,25.2945634334578,25.3099791333095,25.2380193782588,25.1917328656758,25.3562123467933,25.2328774638867,25.3921571255997,25.2020205629554,25.0424450977087,25.2071640245704,25.2328774638867,25.2277352917338,25.1865886299367,25.0424450977087,25.0166838239645,25.2020205629554,25.0475965748176,24.954830304227,24.9496741564303,25.1351320700124,25.0424450977087,25.1711543738743,25.0527477928007,25.0887990663117,25.1865886299367,25.2225928617629,25.2225928617629,25.1145422104357,25.1865886299367,25.1299849929454,25.1968768433364,25.2380193782588,25.2380193782588,25.1711543738743,25.14027888859,24.9342041538485,24.9290469664651,24.9135738442187,25.14027888859,25.0990971001769,25.1145422104357,25.1762993840732,25.2277352917338,25.3048408239653,25.2791454175921,25.2071640245704,25.2123072282184,25.0578987516956,24.918731811688,25.0681998923707,25.0681998923707,25.1608635787557,25.1557177937613,25.1968768433364,25.1557177937613,25.2740055641272,25.258584458684,25.1454254487159,25.1608635787557,25.2791454175921,25.1968768433364,25.3099791333095,25.1145422104357,25.2020205629554,25.2328774638867,25.3408035889768,25.0527477928007,25.1814441360816,25.0836496611589,25.2020205629554,25.1968768433364,25.0424450977087,25.1660091054476,25.2740055641272,25.2740055641272,25.2071640245704,25.3818884725093,25.2688654531791,25.1865886299367,25.2174501739369,25.3716187925976,25.1454254487159,25.1711543738743,25.2174501739369,25.2174501739369,25.3151171854302,25.2945634334578,25.2688654531791,25.2842850136107,25.2791454175921,25.2688654531791,25.3921571255997,25.2328774638867,25.3408035889768,25.325392518149,25.3151171854302,25.2945634334578,25.3151171854302,25.3716187925976,25.2380193782588,25.2945634334578,25.2431610348875,25.2483024338098,25.1660091054476,25.0475965748176,25.0733500742259,25.0578987516956,25.14027888859,25.1762993840732,25.2842850136107,25.1608635787557,25.2328774638867,25.2534435750629,25.3048408239653,25.2123072282184,25.2380193782588,25.2791454175921,25.2123072282184,25.1968768433364,25.1762993840732,25.1917328656758,25.2071640245704,25.2123072282184,25.2945634334578,25.1711543738743,25.2637250847104,25.2071640245704,25.1917328656758,25.1299849929454,25.2020205629554,25.1814441360816,25.1299849929454,25.0887990663117,25.14027888859,25.2534435750629,25.3562123467933,25.3048408239653,25.2328774638867,25.2225928617629,25.1711543738743,25.2534435750629,25.3562123467933,25.2740055641272,25.2997022573604,25.2534435750629,25.2688654531791,25.2637250847104,25.4126913524992,25.2328774638867,25.2174501739369,25.2225928617629,25.2328774638867,25.2380193782588,25.2534435750629,25.2534435750629,25.1660091054476,25.2483024338098,25.2534435750629,25.1968768433364,25.2225928617629,25.2123072282184,25.1968768433364,25.1762993840732,25.2123072282184,25.2431610348875,25.3510763511273,25.2277352917338,25.2534435750629,25.2225928617629,25.3048408239653,25.2637250847104,25.1557177937613,25.3048408239653,25.1454254487159,25.1608635787557,25.1762993840732,25.2740055641272,25.0578987516956,25.1762993840732,25.0321413659635,24.9445177487934,25.1814441360816,25.1762993840732,25.2894243522202,25.2791454175921,25.2740055641272,25.3716187925976,25.2894243522202,25.2071640245704,25.3408035889768,25.3099791333095,25.1865886299367,25.2997022573604,25.2791454175921,25.2328774638867,25.2637250847104,25.2483024338098,25.4024247521646,25.4332214756594,25.4999160630027,25.6792637192269,25.6741438357205,25.6895027225489,25.7048593188521,25.6843833481574,25.7406824748218,25.643419186549,25.7509153744483,25.6075621671384,25.8071781644774,25.6946218424375,25.6997407078597
25.1557177937613,24.9032571289301,24.7070414568379,24.836173098535,24.9032571289301,24.9342041538485,25.0887990663117,25.0990971001769,24.9702971889533,25.0166838239645,25.1454254487159,24.9599861922213,24.9960701368761,25.0733500742259,25.0939482126385,25.0784999971428,25.0990971001769,25.1093940990381,25.2637250847104,25.1093940990381,25.0630494515398,25.1196900631945,25.2688654531791,25.14027888859,25.2328774638867,25.1917328656758,25.1968768433364,25.2534435750629,25.1762993840732,25.0836496611589,25.1917328656758,25.2123072282184,25.2277352917338,25.2174501739369,25.1299849929454,25.1196900631945,25.1145422104357,25.2277352917338,25.2123072282184,25.1608635787557,25.0063774992726,25.0218365972651,25.1711543738743,25.0939482126385,25.0115307913128,25.0939482126385,25.0166838239645,25.1145422104357,25.1145422104357,25.1660091054476,25.0836496611589,25.1042457289643,25.1557177937613,25.0836496611589,25.1865886299367,25.0784999971428,25.1042457289643,25.0372933614365,25.0218365972651,25.2071640245704,25.124837657352,25.124837657352,25.14027888859,25.1299849929454,25.0630494515398,25.1351320700124,25.124837657352,25.0372933614365,25.1042457289643,25.0939482126385,25.1917328656758,25.1968768433364,25.14027888859,25.2071640245704,25.0321413659635,24.918731811688,25.0733500742259,25.0681998923707,25.0887990663117,25.2225928617629,25.1505717504272,25.2071640245704,25.2328774638867,25.1762993840732,25.2174501739369,25.2277352917338,25.1145422104357,25.1299849929454,25.2483024338098,25.2688654531791,25.1917328656758,25.2277352917338,25.124837657352,25.2997022573604,25.2174501739369,25.0372933614365,25.1351320700124,25.2071640245704,25.1968768433364,25.1865886299367,25.0527477928007,25.2483024338098,25.2328774638867,25.3202549803643,25.1865886299367,25.2380193782588,25.2380193782588,25.2020205629554,25.2123072282184,25.2277352917338,25.3048408239653,25.3510763511273,25.3408035889768,25.2688654531791,25.3305297988212,25.2071640245704,25.2380193782588,25.2174501739369,25.2945634334578,25.2894243522202,25.3048408239653,25.3048408239653,25.3048408239653,25.2842850136107,25.3818884725093,25.2997022573604,25.2997022573604,25.1711543738743,25.2071640245704,25.1968768433364,25.2020205629554,25.2431610348875,25.0321413659635,24.9806071469274,25.1557177937613,25.0630494515398,25.2020205629554,25.2071640245704,25.2277352917338,25.258584458684,25.2277352917338,25.2380193782588,25.2791454175921,25.1660091054476,25.2277352917338,25.1660091054476,25.2020205629554,25.1968768433364,25.2791454175921,25.2328774638867,25.2123072282184,25.1968768433364,25.2945634334578,25.1968768433364,25.2174501739369,25.2997022573604,25.2123072282184,25.2020205629554,25.124837657352,25.124837657352,25.1351320700124,25.124837657352,25.1351320700124,25.2380193782588,25.2637250847104,25.2328774638867,25.2431610348875,25.325392518149,25.1454254487159,25.14027888859,25.2740055641272,25.1762993840732,25.4024247521646,25.3664835674914,25.2945634334578,25.4229569268991,25.2740055641272,25.2688654531791,25.325392518149,25.2071640245704,25.2431610348875,25.2431610348875,25.2328774638867,25.2483024338098,25.3202549803643,25.2380193782588,25.2380193782588,25.3202549803643,25.3202549803643,25.3099791333095,25.2277352917338,25.1814441360816,25.2688654531791,25.2123072282184,25.3613480855689,25.1917328656758,25.1711543738743,25.2020205629554,25.2894243522202,25.2174501739369,25.1557177937613,25.3202549803643,25.0836496611589,25.1711543738743,25.0836496611589,25.0578987516956,25.1814441360816,25.1351320700124,25.1557177937613,25.1557177937613,25.2894243522202,25.2534435750629,25.3510763511273,25.2740055641272,25.2688654531791,25.1505717504272,25.2225928617629,25.3870229273887,25.3818884725093,25.2637250847104,25.2894243522202,25.2380193782588,25.3716187925976,25.3510763511273,25.2431610348875,25.4229569268991,25.494787246305,25.4024247521646,25.6485405982759,25.715095777693,25.6280534222343,25.8020646344419,25.7867225219738,25.7202136256143,25.8225172327306,25.8020646344419,25.6895027225489,25.8225172327306,25.8071781644774,25.6997407078597
24.9084156166453,24.8980983810354,25.0269891112523,25.0578987516956,25.0372933614365,25.1093940990381,25.0990971001769,25.0887990663117,25.0939482126385,25.0990971001769,25.0269891112523,24.9393610812787,25.0527477928007,25.1093940990381,24.9651418204509,24.9445177487934,25.2380193782588,25.1145422104357,25.1299849929454,25.2020205629554,25.14027888859,25.1814441360816,25.3459400985342,25.1351320700124,25.1865886299367,25.2380193782588,25.2123072282184,25.0939482126385,25.2020205629554,25.1762993840732,25.0733500742259,25.2020205629554,25.1917328656758,25.2431610348875,25.2174501739369,25.2328774638867,25.2380193782588,25.1711543738743,25.2225928617629,25.2225928617629,25.0887990663117,25.0063774992726,25.2637250847104,24.9857617364743,25.0012239478063,25.0269891112523,25.1196900631945,25.0475965748176,25.1660091054476,25.2431610348875,25.1865886299367,25.1042457289643,25.0630494515398,25.1196900631945,25.0939482126385,25.0733500742259,25.2431610348875,25.0424450977087,24.9651418204509,25.1042457289643,25.2123072282184,25.1351320700124,25.1351320700124,25.1557177937613,25.0630494515398,25.2277352917338,25.1557177937613,25.0630494515398,25.0063774992726,25.1557177937613,25.1711543738743,25.1711543738743,25.124837657352,25.0630494515398,25.2123072282184,24.9960701368761,25.0166838239645,25.0527477928007,25.0784999971428,25.124837657352,25.14027888859,25.2380193782588,25.1968768433364,25.0218365972651,25.1814441360816,25.3459400985342,25.2328774638867,25.2894243522202,25.3356668224182,25.14027888859,25.2791454175921,25.1814441360816,25.2174501739369,25.2020205629554,25.1968768433364,25.0681998923707,25.0784999971428,25.14027888859,25.1454254487159,25.1865886299367,25.2380193782588,25.2791454175921,25.2637250847104,25.2791454175921,25.2483024338098,25.2174501739369,25.2534435750629,25.2225928617629,25.3972910671794,25.4024247521646,25.2534435750629,25.2842850136107,25.2071640245704,25.3048408239653,25.2740055641272,25.2740055641272,25.2431610348875,25.3305297988212,25.2791454175921,25.2842850136107,25.3202549803643,25.1505717504272,25.3099791333095,25.3459400985342,25.3305297988212,25.2894243522202,25.2842850136107,25.2328774638867,25.2277352917338,25.2791454175921,25.2534435750629,25.1042457289643,25.124837657352,25.0475965748176,25.0784999971428,25.1454254487159,25.1660091054476,25.1711543738743,25.2174501739369,25.2380193782588,25.2945634334578,25.3356668224182,25.1968768433364,25.1557177937613,25.1608635787557,25.2997022573604,25.2071640245704,25.1917328656758,25.2637250847104,25.2123072282184,25.2123072282184,25.1865886299367,25.124837657352,25.3305297988212,25.1505717504272,25.2791454175921,25.1917328656758,25.3562123467933,25.2071640245704,25.1196900631945,25.2791454175921,25.1968768433364,25.1660091054476,25.2791454175921,25.2431610348875,25.2483024338098,25.2431610348875,25.2534435750629,25.2740055641272,25.2071640245704,25.2945634334578,25.2842850136107,25.2945634334578,25.2123072282184,25.2483024338098,25.2791454175921,25.258584458684,25.2071640245704,25.2123072282184,25.1917328656758,25.258584458684,25.2688654531791,25.2688654531791,25.2225928617629,25.2483024338098,25.2534435750629,25.2020205629554,25.2123072282184,25.2277352917338,25.2328774638867,25.1814441360816,25.1762993840732,25.2174501739369,25.2945634334578,25.3048408239653,25.4126913524992,25.4332214756594,25.3099791333095,25.2945634334578,25.3099791333095,25.325392518149,25.2997022573604,25.1711543738743,25.1917328656758,25.1711543738743,25.0733500742259,25.1762993840732,25.2277352917338,25.1711543738743,25.1093940990381,25.2328774638867,25.2842850136107,25.2894243522202,25.2534435750629,25.2431610348875,25.2483024338098,25.14027888859,25.1865886299367,25.2842850136107,25.2688654531791,25.3767537609245,25.3305297988212,25.2534435750629,25.2431610348875,25.3099791333095,25.3613480855689,25.3664835674914,25.5101729288625,25.6587826573823,25.6485405982759,25.7048593188521,25.7048593188521,25.7048593188521,25.6895027225489,25.6178083047144,25.7509153744483,25.7509153744483,25.7355656438188,25.8174044635856,25.7713781252015
25.0733500742259,25.0836496611589,25.14027888859,25.0630494515398,25.0527477928007,25.0784999971428,25.0733500742259,25.2020205629554,25.1145422104357,25.1557177937613,25.1660091054476,25.2688654531791,25.1505717504272,25.1505717504272,25.1196900631945,25.0784999971428,25.1351320700124,25.2277352917338,25.2123072282184,25.3202549803643,25.258584458684,25.2842850136107,25.2123072282184,25.3664835674914,25.2842850136107,25.1557177937613,25.2020205629554,25.14027888859,25.2483024338098,25.2483024338098,25.0887990663117,25.0836496611589,25.2277352917338,25.2328774638867,25.1711543738743,25.2997022573604,25.2277352917338,25.2483024338098,25.2328774638867,25.2071640245704,25.1865886299367,25.2431610348875,24.9857617364743,25.1145422104357,25.0012239478063,25.0939482126385,25.0527477928007,25.2277352917338,25.3356668224182,25.2637250847104,25.2688654531791,25.1762993840732,25.1196900631945,24.9960701368761,25.1711543738743,24.9651418204509,24.9754522977662,25.1351320700124,25.1145422104357,25.1299849929454,25.1299849929454,25.1351320700124,25.2740055641272,25.1865886299367,25.258584458684,25.2174501739369,25.2071640245704,25.0990971001769,25.0887990663117,25.2174501739369,25.1454254487159,25.1762993840732,25.1968768433364,25.1145422104357,25.0836496611589,25.1762993840732,25.2174501739369,25.2328774638867,25.2842850136107,25.2740055641272,25.2842850136107,25.1968768433364,25.3048408239653,25.2225928617629,25.3510763511273,25.2123072282184,25.3510763511273,25.3459400985342,25.2688654531791,25.1557177937613,25.3099791333095,25.2688654531791,25.3151171854302,25.2894243522202,25.1968768433364,25.2020205629554,25.1917328656758,25.1557177937613,25.0784999971428,25.1917328656758,25.1711543738743,25.2740055641272,25.2894243522202,25.258584458684,25.2945634334578,25.3099791333095,25.325392518149,25.3099791333095,25.3818884725093,25.4024247521646,25.4845288451903,25.3921571255997,25.2842850136107,25.2945634334578,25.3408035889768,25.258584458684,25.3510763511273,25.2740055641272,25.2740055641272,25.2791454175921,25.2637250847104,25.3716187925976,25.3408035889768,25.3818884725093,25.2740055641272,25.2997022573604,25.3870229273887,25.2791454175921,25.2483024338098,25.258584458684,25.2483024338098,25.0527477928007,25.0630494515398,25.0321413659635,25.0681998923707,25.1608635787557,25.14027888859,25.2380193782588,25.2894243522202,25.2328774638867,25.3099791333095,25.3202549803643,25.2894243522202,25.2431610348875,25.2945634334578,25.1968768433364,25.258584458684,25.2997022573604,25.2740055641272,25.3151171854302,25.258584458684,25.1917328656758,25.3767537609245,25.1917328656758,25.3202549803643,25.2328774638867,25.2894243522202,25.3459400985342,25.3356668224182,25.1608635787557,25.3510763511273,25.2071640245704,25.2740055641272,25.2688654531791,25.2945634334578,25.2328774638867,25.2534435750629,25.3048408239653,25.3048408239653,25.3305297988212,25.1660091054476,25.2791454175921,25.2020205629554,25.2842850136107,25.2740055641272,25.2894243522202,25.2688654531791,25.2071640245704,25.1711543738743,25.1968768433364,25.2842850136107,25.2380193782588,25.2688654531791,25.2225928617629,25.3972910671794,25.3356668224182,25.1917328656758,25.2123072282184,25.2431610348875,25.1917328656758,25.1865886299367,25.1660091054476,25.3921571255997,25.2791454175921,25.1814441360816,25.2483024338098,25.4024247521646,25.2225928617629,25.3048408239653,25.3048408239653,25.3510763511273,25.3356668224182,25.2174501739369,25.2894243522202,25.2380193782588,25.1557177937613,25.1968768433364,25.2997022573604,25.1299849929454,25.2277352917338,25.2380193782588,25.1557177937613,25.3048408239653,25.2225928617629,25.1660091054476,25.1865886299367,25.1557177937613,25.14027888859,25.3048408239653,25.2997022573604,25.3767537609245,25.3099791333095,25.2997022573604,25.2637250847104,25.2997022573604,25.3767537609245,25.494787246305,25.4075581805922,25.6075621671384,25.7048593188521,25.7457990516862,25.7969508507036,25.7509153744483,25.8174044635856,25.8174044635856,25.7867225219738,25.8174044635856,25.7713781252015,25.8480772758155,25.8225172327306
25.0218365972651,25.1608635787557,25.0012239478063,25.2123072282184,25.1814441360816,25.1351320700124,25.0630494515398,25.1917328656758,25.2123072282184,25.1711543738743,25.2791454175921,25.1660091054476,25.14027888859,24.9909160664447,25.1557177937613,25.1196900631945,25.1711543738743,25.2380193782588,25.2123072282184,25.1454254487159,25.2483024338098,25.2894243522202,25.2020205629554,25.1145422104357,25.0063774992726,25.1968768433364,25.2380193782588,25.2688654531791,25.2174501739369,25.3048408239653,25.3305297988212,25.1660091054476,25.2534435750629,25.2380193782588,25.2328774638867,25.3048408239653,25.2483024338098,25.2637250847104,25.1762993840732,25.2020205629554,25.1505717504272,25.0372933614365,25.1968768433364,25.2483024338098,25.1660091054476,25.1968768433364,25.0836496611589,25.2277352917338,25.3716187925976,25.2431610348875,25.0939482126385,25.2123072282184,25.3048408239653,25.1865886299367,25.1917328656758,25.1145422104357,25.2020205629554,25.0733500742259,25.124837657352,25.2431610348875,25.1762993840732,25.124837657352,25.14027888859,25.2123072282184,25.2380193782588,25.1814441360816,25.1814441360816,25.2020205629554,25.1711543738743,25.0527477928007,25.0475965748176,25.0630494515398,25.2842850136107,25.1917328656758,25.0681998923707,25.0887990663117,25.1865886299367,25.2071640245704,25.1968768433364,25.2997022573604,25.2380193782588,25.2894243522202,25.2380193782588,25.2380193782588,25.3972910671794,25.3510763511273,25.4229569268991,25.3613480855689,25.3870229273887,25.3305297988212,25.4024247521646,25.325392518149,25.2842850136107,25.2483024338098,25.1299849929454,25.2123072282184,25.1917328656758,25.3356668224182,25.2174501739369,25.2277352917338,25.3356668224182,25.2637250847104,25.2483024338098,25.2945634334578,25.2842850136107,25.2842850136107,25.2945634334578,25.3972910671794,25.4126913524992,25.325392518149,25.2380193782588,25.2842850136107,25.2225928617629,25.3151171854302,25.2894243522202,25.4024247521646,25.2020205629554,25.2277352917338,25.258584458684,25.3048408239653,25.2842850136107,25.2997022573604,25.2740055641272,25.2945634334578,25.3972910671794,25.3870229273887,25.2483024338098,25.4126913524992,25.2791454175921,25.3408035889768,25.2123072282184,25.1968768433364,24.9806071469274,25.1968768433364,25.1299849929454,25.2688654531791,25.2225928617629,25.2277352917338,25.2277352917338,25.2945634334578,25.2534435750629,25.2020205629554,25.2791454175921,25.2791454175921,25.3972910671794,25.2328774638867,25.2688654531791,25.3408035889768,25.2020205629554,25.3818884725093,25.3870229273887,25.1660091054476,25.2277352917338,25.325392518149,25.2637250847104,25.2688654531791,25.3305297988212,25.2174501739369,25.3664835674914,25.2123072282184,25.1608635787557,25.2688654531791,25.258584458684,25.3305297988212,25.2688654531791,25.4024247521646,25.2945634334578,25.2534435750629,25.3356668224182,25.325392518149,25.3459400985342,25.2894243522202,25.3716187925976,25.2123072282184,25.3459400985342,25.2483024338098,25.2842850136107,25.14027888859,25.1660091054476,25.2123072282184,25.1917328656758,25.2277352917338,25.3048408239653,25.3408035889768,25.3716187925976,25.1814441360816,25.3613480855689,25.2688654531791,25.2945634334578,25.1762993840732,25.2123072282184,25.2328774638867,25.3099791333095,25.2842850136107,25.3972910671794,25.4178242679226,25.3099791333095,25.4588783623232,25.3664835674914,25.3459400985342,25.3459400985342,25.2534435750629,25.3099791333095,25.2688654531791,25.4332214756594,25.2842850136107,25.1917328656758,25.325392518149,25.2894243522202,25.2688654531791,25.2483024338098,25.2483024338098,25.2225928617629,25.3870229273887,25.3613480855689,25.258584458684,25.2945634334578,25.1454254487159,25.1454254487159,25.2071640245704,25.2997022573604,25.4742694202044,25.3099791333095,25.3510763511273,25.2791454175921,25.3972910671794,25.4588783623232,25.4486163763711,25.6587826573823,25.8020646344419,25.8225172327306,25.8736309844862,25.7611472578112,25.7662628184848,25.8327420103839,25.8736309844862,25.9042870798318,25.7509153744483,25.7816079769097,25.7560314431445
24.8774607869049,25.2020205629554,25.2637250847104,25.2225928617629,25.0887990663117,25.2071640245704,25.1814441360816,25.1093940990381,25.14027888859,25.2071640245704,25.1917328656758,25.2637250847104,25.1660091054476,25.2637250847104,25.1299849929454,25.0372933614365,25.124837657352,25.2328774638867,25.2020205629554,25.2071640245704,25.2020205629554,25.3459400985342,25.2123072282184,25.3408035889768,25.3408035889768,25.3356668224182,25.258584458684,25.325392518149,25.258584458684,25.3562123467933,25.3202549803643,25.1762993840732,25.2688654531791,25.3151171854302,25.2894243522202,25.2997022573604,25.2225928617629,25.2225928617629,25.2945634334578,25.1917328656758,25.1196900631945,25.1762993840732,25.3048408239653,25.2123072282184,25.1042457289643,25.1762993840732,25.0939482126385,25.0836496611589,24.9909160664447,25.2688654531791,25.2225928617629,25.3562123467933,25.3151171854302,25.3459400985342,25.2071640245704,25.1351320700124,25.0681998923707,25.1814441360816,25.258584458684,25.2842850136107,25.4024247521646,25.3716187925976,25.2997022573604,25.2997022573604,25.124837657352,25.2123072282184,25.2431610348875,25.2997022573604,25.2174501739369,25.1505717504272,25.2945634334578,25.1454254487159,25.3099791333095,25.2791454175921,25.3202549803643,25.1917328656758,25.258584458684,25.2945634334578,25.2688654531791,25.2225928617629,25.3151171854302,25.2328774638867,25.3151171854302,25.464008971053,25.325392518149,25.3459400985342,25.4486163763711,25.3613480855689,25.3408035889768,25.2945634334578,25.3972910671794,25.2688654531791,25.2534435750629,25.3664835674914,25.3767537609245,25.1299849929454,25.1557177937613,25.3613480855689,25.2842850136107,25.2842850136107,25.2945634334578,25.2791454175921,25.3972910671794,25.2894243522202,25.2842850136107,25.2997022573604,25.3099791333095,25.3408035889768,25.3664835674914,25.4537474974415,25.2123072282184,25.14027888859,25.2637250847104,25.3767537609245,25.3716187925976,25.3664835674914,25.4280893294658,25.3562123467933,25.2945634334578,25.2740055641272,25.2894243522202,25.2997022573604,25.2791454175921,25.3356668224182,25.3613480855689,25.464008971053,25.3972910671794,25.3459400985342,25.2380193782588,25.2534435750629,25.2534435750629,25.1814441360816,25.0784999971428,25.1196900631945,25.2791454175921,25.3767537609245,25.2225928617629,25.1608635787557,25.2123072282184,25.2277352917338,25.2277352917338,25.3048408239653,25.2740055641272,25.4332214756594,25.4178242679226,25.2688654531791,25.4075581805922,25.325392518149,25.3972910671794,25.3408035889768,25.3562123467933,25.3664835674914,25.3151171854302,25.2637250847104,25.3562123467933,25.3356668224182,25.3151171854302,25.4126913524992,25.3562123467933,25.3613480855689,25.3613480855689,25.124837657352,25.3048408239653,25.4434849990752,25.2637250847104,25.3048408239653,25.2997022573604,25.325392518149,25.3408035889768,25.3202549803643,25.3767537609245,25.3459400985342,25.4537474974415,25.2380193782588,25.3048408239653,25.2740055641272,25.2842850136107,25.2277352917338,25.2174501739369,25.3613480855689,25.3870229273887,25.258584458684,25.2483024338098,25.2328774638867,25.2380193782588,25.4075581805922,25.3305297988212,25.3613480855689,25.2431610348875,25.14027888859,25.3099791333095,25.3099791333095,25.2483024338098,25.2945634334578,25.4742694202044,25.4588783623232,25.3202549803643,25.3099791333095,25.3767537609245,25.3408035889768,25.2945634334578,25.2483024338098,25.2688654531791,25.2328774638867,25.2534435750629,25.3510763511273,25.3510763511273,25.2791454175921,25.5050446238429,25.4024247521646,25.3818884725093,25.4332214756594,25.2688654531791,25.2894243522202,25.2380193782588,25.2894243522202,25.1454254487159,25.2328774638867,25.2534435750629,25.4434849990752,25.2842850136107,25.4280893294658,25.4229569268991,25.3613480855689,25.4178242679226,25.3972910671794,25.6536617552083,25.6946218424375,25.8276297483179,25.8480772758155,25.8122914408466,25.8020646344419,25.7969508507036,25.7816079769097,25.7662628184848,25.7662628184848,25.7662628184848,25.8378540189647,25.8736309844862,25.8327420103839
25.4075581805922,25.1660091054476,25.2328774638867,25.1968768433364,25.2740055641272,25.1968768433364,25.1660091054476,25.2431610348875,25.1557177937613,25.2380193782588,25.1711543738743,25.2123072282184,25.1454254487159,25.2688654531791,25.1093940990381,25.2431610348875,25.1196900631945,25.1351320700124,25.124837657352,25.2123072282184,25.1762993840732,25.2174501739369,25.3562123467933,25.2328774638867,25.3408035889768,25.3459400985342,25.2688654531791,25.3305297988212,25.3099791333095,25.3202549803643,25.4075581805922,25.4075581805922,25.4280893294658,25.3921571255997,25.4178242679226,25.2637250847104,25.325392518149,25.3099791333095,25.4024247521646,25.1865886299367,25.1865886299367,25.3099791333095,25.4742694202044,25.2894243522202,25.1608635787557,25.14027888859,25.1093940990381,25.0372933614365,25.2431610348875,25.2945634334578,25.2637250847104,25.3510763511273,25.3921571255997,25.325392518149,25.325392518149,25.1711543738743,25.1711543738743,25.2431610348875,25.2020205629554,25.3972910671794,25.3356668224182,25.1917328656758,25.2174501739369,25.3099791333095,25.2637250847104,25.2020205629554,25.3151171854302,25.2431610348875,25.3202549803643,25.2637250847104,25.3356668224182,25.3459400985342,25.2945634334578,25.1557177937613,25.2894243522202,25.2688654531791,25.325392518149,25.3048408239653,25.2071640245704,25.1865886299367,25.2997022573604,25.2842850136107,25.3202549803643,25.4588783623232,25.3408035889768,25.3459400985342,25.2071640245704,25.258584458684,25.3767537609245,25.3048408239653,25.3972910671794,25.325392518149,25.2688654531791,25.3716187925976,25.3767537609245,25.3356668224182,25.124837657352,25.3870229273887,25.3408035889768,25.2842850136107,25.3818884725093,25.3099791333095,25.2997022573604,25.3048408239653,25.3459400985342,25.2945634334578,25.2997022573604,25.1351320700124,25.3048408239653,25.2997022573604,25.3305297988212,25.3202549803643,25.3408035889768,25.3151171854302,25.3818884725093,25.3767537609245,25.3048408239653,25.3408035889768,25.3151171854302,25.3356668224182,25.4178242679226,25.3151171854302,25.3459400985342,25.3459400985342,25.4178242679226,25.3613480855689,25.4126913524992,25.4178242679226,25.3048408239653,25.2688654531791,25.2380193782588,25.2174501739369,25.2483024338098,25.2483024338098,25.1917328656758,25.2534435750629,25.2740055641272,25.3664835674914,25.2483024338098,25.258584458684,25.2020205629554,25.3510763511273,25.3664835674914,25.3356668224182,25.3870229273887,25.325392518149,25.1917328656758,25.2637250847104,25.258584458684,25.2637250847104,25.2740055641272,25.3767537609245,25.3459400985342,25.2740055641272,25.3459400985342,25.2637250847104,25.2894243522202,25.3510763511273,25.3151171854302,25.3716187925976,25.3048408239653,25.1505717504272,25.2328774638867,25.2945634334578,25.2791454175921,25.3202549803643,25.3151171854302,25.2997022573604,25.4383533655169,25.3202549803643,25.3716187925976,25.4383533655169,25.3305297988212,25.3510763511273,25.2945634334578,25.3099791333095,25.325392518149,25.3202549803643,25.1917328656758,25.3151171854302,25.3356668224182,25.1762993840732,25.1711543738743,25.3151171854302,25.2637250847104,25.3664835674914,25.325392518149,25.3459400985342,25.2637250847104,25.3408035889768,25.2637250847104,25.2945634334578,25.2945634334578,25.3048408239653,25.464008971053,25.3048408239653,25.3202549803643,25.4332214756594,25.4332214756594,25.2534435750629,25.2431610348875,25.3972910671794,25.3716187925976,25.1608635787557,25.3459400985342,25.2894243522202,25.2637250847104,25.3716187925976,25.2637250847104,25.3151171854302,25.3356668224182,25.4332214756594,25.3972910671794,25.4691393236678,25.2894243522202,25.3562123467933,25.3562123467933,25.2945634334578,25.2020205629554,25.1762993840732,25.325392518149,25.4896581737131,25.4178242679226,25.3202549803643,25.3716187925976,25.3972910671794,25.5563161681696,25.7713781252015,25.8480772758155,25.8940693936838,25.9247194166704,25.9553603376162,25.8582995191601,25.8276297483179,25.8787409664887,25.8122914408466,25.9196117118026,25.9655719566022,25.7969508507036,25.8787409664887
25.1299849929454,25.2791454175921,25.2277352917338,25.1968768433364,25.0990971001769,25.0630494515398,25.0218365972651,25.1711543738743,25.1917328656758,25.1608635787557,25.1505717504272,25.1660091054476,25.1093940990381,25.1505717504272,25.0990971001769,25.124837657352,24.9857617364743,24.954830304227,24.9445177487934,25.1299849929454,25.1660091054476,25.2071640245704,25.2328774638867,25.3356668224182,25.3408035889768,25.2637250847104,25.2842850136107,25.2997022573604,25.2740055641272,25.3972910671794,25.3664835674914,25.2894243522202,25.2997022573604,25.3151171854302,25.4075581805922,25.2842850136107,25.2791454175921,25.1762993840732,25.1917328656758,25.1865886299367,25.2277352917338,25.1762993840732,25.1968768433364,25.3305297988212,25.1454254487159,25.1660091054476,25.124837657352,25.2431610348875,25.2328774638867,25.2688654531791,25.4332214756594,25.2483024338098,25.3048408239653,25.1660091054476,25.3202549803643,25.2997022573604,25.1711543738743,25.0269891112523,25.2534435750629,25.2174501739369,25.258584458684,25.2174501739369,25.2328774638867,25.2791454175921,25.1917328656758,25.2534435750629,25.2380193782588,25.14027888859,25.2534435750629,25.1660091054476,25.14027888859,25.14027888859,25.3202549803643,25.2483024338098,25.3099791333095,25.2071640245704,25.1608635787557,25.2174501739369,25.1762993840732,25.1865886299367,25.2997022573604,25.1660091054476,25.2483024338098,25.2431610348875,25.2431610348875,25.2225928617629,25.2637250847104,25.2020205629554,25.325392518149,25.3562123467933,25.3048408239653,25.3613480855689,25.3048408239653,25.2380193782588,25.2534435750629,25.2071640245704,25.1351320700124,25.2380193782588,25.2997022573604,25.2328774638867,25.3921571255997,25.2740055641272,25.3972910671794,25.3818884725093,25.3562123467933,25.2997022573604,25.14027888859,25.2123072282184,25.3099791333095,25.1608635787557,25.3048408239653,25.3099791333095,25.2842850136107,25.2637250847104,25.3767537609245,25.4024247521646,25.2894243522202,25.3767537609245,25.3048408239653,25.3305297988212,25.1093940990381,25.3099791333095,25.3613480855689,25.3459400985342,25.2945634334578,25.2637250847104,25.3613480855689,25.2945634334578,25.2791454175921,25.2020205629554,25.2174501739369,25.1917328656758,25.124837657352,25.14027888859,25.2020205629554,25.2328774638867,25.2225928617629,25.258584458684,25.2123072282184,25.2534435750629,25.2688654531791,25.3151171854302,25.3921571255997,25.3818884725093,25.3356668224182,25.2637250847104,25.2020205629554,25.1865886299367,25.1917328656758,25.2483024338098,25.2483024338098,25.1968768433364,25.2740055641272,25.3356668224182,25.3305297988212,25.3510763511273,25.325392518149,25.3613480855689,25.3664835674914,25.3459400985342,25.2020205629554,25.2637250847104,25.1660091054476,25.2225928617629,25.3099791333095,25.2740055641272,25.1145422104357,25.2431610348875,25.1093940990381,25.2174501739369,25.4332214756594,25.2997022573604,25.3664835674914,25.2225928617629,25.1814441360816,25.3151171854302,25.3202549803643,25.325392518149,25.2791454175921,25.2894243522202,25.2842850136107,25.2894243522202,25.3562123467933,25.2225928617629,25.2380193782588,25.2431610348875,25.2277352917338,25.3305297988212,25.2637250847104,25.3408035889768,25.2123072282184,25.2791454175921,25.2431610348875,25.2740055641272,25.2740055641272,25.2997022573604,25.2791454175921,25.3767537609245,25.325392518149,25.325392518149,25.2277352917338,25.2380193782588,25.2380193782588,25.1660091054476,25.2637250847104,25.2431610348875,25.3664835674914,25.2997022573604,25.2431610348875,25.2894243522202,25.2791454175921,25.3510763511273,25.2637250847104,25.3870229273887,25.3048408239653,25.3870229273887,25.2842850136107,25.2997022573604,25.2328774638867,25.2123072282184,25.2534435750629,25.3921571255997,25.3408035889768,25.3510763511273,25.3151171854302,25.4075581805922,25.5358106179362,25.715095777693,25.7662628184848,25.8327420103839,25.8276297483179,25.8020646344419,25.7867225219738,25.8736309844862,25.8020646344419,25.9502541492142,25.9757825654037,25.7969508507036,25.8071781644774,25.7509153744483
25.2740055641272,25.2945634334578,25.2483024338098,25.2020205629554,25.1711543738743,25.0372933614365,25.1299849929454,25.1917328656758,25.1660091054476,25.2174501739369,25.1711543738743,25.14027888859,25.1093940990381,25.0784999971428,25.1093940990381,24.9702971889533,25.0424450977087,24.9806071469274,25.0784999971428,25.1351320700124,25.3921571255997,25.3562123467933,25.3305297988212,25.2894243522202,25.3099791333095,25.3613480855689,25.2071640245704,25.2740055641272,25.2894243522202,25.3972910671794,25.3716187925976,25.3870229273887,25.3613480855689,25.2328774638867,25.2791454175921,25.258584458684,25.2637250847104,25.2123072282184,25.2894243522202,25.1711543738743,25.1660091054476,25.1505717504272,25.1557177937613,25.1711543738743,25.1608635787557,25.1454254487159,25.2380193782588,25.1814441360816,25.2020205629554,25.3356668224182,25.3562123467933,25.2997022573604,25.325392518149,25.3151171854302,25.3099791333095,25.3562123467933,25.1865886299367,25.2020205629554,25.14027888859,25.2380193782588,25.2431610348875,25.2225928617629,25.2483024338098,25.2277352917338,25.1865886299367,25.1917328656758,25.1145422104357,25.2997022573604,25.3408035889768,25.2020205629554,25.2277352917338,25.14027888859,25.2123072282184,25.1351320700124,25.2328774638867,25.2791454175921,25.1865886299367,25.3305297988212,25.2328774638867,25.2174501739369,25.1762993840732,25.2174501739369,25.2945634334578,25.3408035889768,25.3459400985342,25.3356668224182,25.3459400985342,25.3459400985342,25.4434849990752,25.3510763511273,25.325392518149,25.3408035889768,25.4383533655169,25.3510763511273,25.2894243522202,25.2071640245704,25.1351320700124,25.2842850136107,25.2328774638867,25.3818884725093,25.2945634334578,25.2791454175921,25.3870229273887,25.3921571255997,25.325392518149,25.3613480855689,25.2997022573604,25.2945634334578,25.2997022573604,25.2997022573604,25.2997022573604,25.4332214756594,25.3664835674914,25.3664835674914,25.3716187925976,25.2688654531791,25.2894243522202,25.3459400985342,25.3048408239653,25.2277352917338,25.2225928617629,25.2842850136107,25.3510763511273,25.2894243522202,25.2277352917338,25.3562123467933,25.2791454175921,25.2637250847104,25.2740055641272,25.2431610348875,25.2431610348875,25.1299849929454,25.0269891112523,25.1968768433364,25.2483024338098,25.2842850136107,25.1814441360816,25.3510763511273,25.2483024338098,25.2431610348875,25.2483024338098,25.2997022573604,25.3356668224182,25.3562123467933,25.2997022573604,25.1865886299367,25.1814441360816,25.2380193782588,25.2894243522202,25.3305297988212,25.2123072282184,25.3818884725093,25.4691393236678,25.3048408239653,25.2894243522202,25.3048408239653,25.2740055641272,25.2791454175921,25.3099791333095,25.2534435750629,25.3048408239653,25.3048408239653,25.3408035889768,25.3716187925976,25.2945634334578,25.2637250847104,25.2740055641272,25.2380193782588,25.2637250847104,25.3767537609245,25.3202549803643,25.2997022573604,25.3151171854302,25.2791454175921,25.3356668224182,25.3099791333095,25.2945634334578,25.4486163763711,25.4024247521646,25.3921571255997,25.3870229273887,25.2740055641272,25.3151171854302,25.2997022573604,25.2688654531791,25.2431610348875,25.2740055641272,25.2534435750629,25.2225928617629,25.2842850136107,25.2380193782588,25.2791454175921,25.3818884725093,25.325392518149,25.2688654531791,25.4075581805922,25.4537474974415,25.4383533655169,25.3818884725093,25.4126913524992,25.3305297988212,25.3408035889768,25.3356668224182,25.3202549803643,25.2688654531791,25.2740055641272,25.2945634334578,25.2534435750629,25.2894243522202,25.2688654531791,25.2791454175921,25.3716187925976,25.3767537609245,25.3305297988212,25.2894243522202,25.2894243522202,25.3151171854302,25.2277352917338,25.1865886299367,25.1814441360816,25.325392518149,25.3972910671794,25.3972910671794,25.325392518149,25.4332214756594,25.5358106179362,25.7713781252015,25.8736309844862,25.8940693936838,25.8378540189647,25.8838506953317,25.8531885241579,25.8020646344419,25.8429657740965,25.7509153744483,25.8531885241579,25.8327420103839,25.7253312192514,25.7918368132263,25.8276297483179
25.2637250847104,25.1865886299367,25.2328774638867,25.2123072282184,25.0836496611589,25.0063774992726,25.1042457289643,25.0990971001769,25.124837657352,25.1454254487159,25.1865886299367,25.1968768433364,25.2791454175921,25.1042457289643,25.1557177937613,25.0681998923707,25.0218365972651,25.0887990663117,24.9857617364743,25.14027888859,25.2740055641272,25.2277352917338,25.3459400985342,25.2380193782588,25.2842850136107,25.3048408239653,25.1042457289643,25.3099791333095,25.2791454175921,25.2174501739369,25.3099791333095,25.2637250847104,25.2688654531791,25.2688654531791,25.3510763511273,25.2534435750629,25.2637250847104,25.2328774638867,25.2328774638867,25.0321413659635,25.2637250847104,25.124837657352,25.1711543738743,25.1814441360816,25.2483024338098,25.1968768433364,25.1042457289643,25.1865886299367,25.1299849929454,25.3305297988212,25.4024247521646,25.2431610348875,25.2997022573604,25.3202549803643,25.1762993840732,25.3305297988212,25.0218365972651,25.1968768433364,25.1711543738743,25.3202549803643,25.2740055641272,25.2431610348875,25.3356668224182,25.1145422104357,25.1196900631945,25.1917328656758,25.1608635787557,25.2945634334578,25.1608635787557,25.1865886299367,25.1454254487159,25.1968768433364,25.2842850136107,25.1196900631945,25.0939482126385,25.124837657352,25.2380193782588,25.2225928617629,25.1660091054476,25.3356668224182,25.1814441360816,25.1660091054476,25.3459400985342,25.3510763511273,25.2945634334578,25.3408035889768,25.3459400985342,25.3459400985342,25.325392518149,25.3664835674914,25.1917328656758,25.3099791333095,25.2791454175921,25.3099791333095,25.2483024338098,25.2225928617629,25.2791454175921,25.2688654531791,25.2842850136107,25.3921571255997,25.2688654531791,25.3099791333095,25.4024247521646,25.3048408239653,25.4999160630027,25.2791454175921,25.2380193782588,25.1454254487159,25.2894243522202,25.3151171854302,25.1660091054476,25.4486163763711,25.325392518149,25.4537474974415,25.3459400985342,25.3921571255997,25.3870229273887,25.3305297988212,25.2534435750629,25.2431610348875,25.2688654531791,25.2431610348875,25.3613480855689,25.3408035889768,25.1196900631945,25.3048408239653,25.3613480855689,25.2225928617629,25.2842850136107,25.3202549803643,25.2071640245704,25.2020205629554,25.124837657352,25.0372933614365,25.2174501739369,25.2020205629554,25.3151171854302,25.1968768433364,25.1711543738743,25.2483024338098,25.1660091054476,25.3099791333095,25.2894243522202,25.3202549803643,25.2945634334578,25.3099791333095,25.2431610348875,25.2071640245704,25.2791454175921,25.1917328656758,25.3099791333095,25.2174501739369,25.2328774638867,25.2791454175921,25.3459400985342,25.2791454175921,25.2945634334578,25.2688654531791,25.2637250847104,25.1762993840732,25.2123072282184,25.2791454175921,25.2791454175921,25.2997022573604,25.3459400985342,25.2791454175921,25.2174501739369,25.1042457289643,25.3099791333095,25.2945634334578,25.2534435750629,25.2791454175921,25.2791454175921,25.2997022573604,25.3202549803643,25.325392518149,25.3151171854302,25.3664835674914,25.4332214756594,25.3818884725093,25.4280893294658,25.3459400985342,25.258584458684,25.2328774638867,25.2277352917338,25.3305297988212,25.3408035889768,25.2225928617629,25.2380193782588,25.2123072282184,25.2688654531791,25.2123072282184,25.2534435750629,25.2328774638867,25.1660091054476,25.2380193782588,25.258584458684,25.2071640245704,25.2637250847104,25.325392518149,25.2431610348875,25.2431610348875,25.2071640245704,25.2997022573604,25.2997022573604,25.2894243522202,25.2894243522202,25.2894243522202,25.2842850136107,25.2791454175921,25.3408035889768,25.2688654531791,25.2688654531791,25.258584458684,25.2534435750629,25.2534435750629,25.2945634334578,25.2791454175921,25.3151171854302,25.3151171854302,25.3356668224182,25.3562123467933,25.3767537609245,25.3613480855689,25.3767537609245,25.5255563093646,25.715095777693,25.7457990516862,25.8889601710514,25.7611472578112,25.9451477081579,25.8174044635856,25.7867225219738,25.7457990516862,25.715095777693,25.7099776754511,25.868520749288,25.7713781252015,25.7304485586408,25.7253312192514
25.1454254487159,25.1711543738743,25.1865886299367,25.1299849929454,25.1968768433364,25.1145422104357,25.1042457289643,25.1145422104357,25.0115307913128,25.0939482126385,25.0887990663117,25.1145422104357,25.1196900631945,25.1454254487159,25.14027888859,25.0475965748176,25.0424450977087,25.0527477928007,25.1608635787557,25.0578987516956,25.3459400985342,25.2997022573604,25.2688654531791,25.2997022573604,25.2277352917338,25.2174501739369,25.3048408239653,25.3048408239653,25.2328774638867,25.3870229273887,25.2945634334578,25.0990971001769,25.1196900631945,25.0990971001769,25.0372933614365,25.2328774638867,25.1917328656758,25.1762993840732,25.2020205629554,25.1660091054476,25.1865886299367,25.1865886299367,25.4075581805922,25.14027888859,25.1762993840732,25.1762993840732,25.1608635787557,25.1711543738743,25.2380193782588,25.2534435750629,25.2997022573604,25.3099791333095,25.1351320700124,25.3151171854302,25.1762993840732,25.14027888859,25.1660091054476,25.2328774638867,25.2945634334578,25.2534435750629,25.0733500742259,25.1557177937613,25.2740055641272,25.1196900631945,24.9806071469274,25.2740055641272,25.2688654531791,25.2020205629554,25.1299849929454,25.1042457289643,25.2842850136107,25.14027888859,25.1917328656758,25.0475965748176,25.1557177937613,25.1505717504272,25.2688654531791,25.0733500742259,25.2225928617629,25.1557177937613,25.1762993840732,25.2020205629554,25.2945634334578,25.2688654531791,25.1557177937613,25.258584458684,25.2534435750629,25.2534435750629,25.2071640245704,25.3099791333095,25.2637250847104,25.2997022573604,25.2637250847104,25.3716187925976,25.1865886299367,25.1608635787557,25.1917328656758,25.258584458684,25.1557177937613,25.1762993840732,25.3151171854302,25.3305297988212,25.2894243522202,25.2842850136107,25.2483024338098,25.2277352917338,25.2328774638867,25.3048408239653,25.2997022573604,25.2894243522202,25.2431610348875,25.3099791333095,25.4024247521646,25.2894243522202,25.3972910671794,25.3048408239653,25.4075581805922,25.3048408239653,25.3818884725093,25.2637250847104,25.258584458684,25.4024247521646,25.325392518149,25.3048408239653,25.3459400985342,25.3716187925976,25.2277352917338,25.2225928617629,25.2945634334578,25.2945634334578,25.2842850136107,25.2071640245704,25.1865886299367,25.3716187925976,25.2123072282184,25.2277352917338,25.2277352917338,25.2277352917338,25.2328774638867,25.2637250847104,25.2380193782588,25.325392518149,25.2894243522202,25.2894243522202,25.2842850136107,25.2894243522202,25.2997022573604,25.3099791333095,25.3202549803643,25.2123072282184,25.2894243522202,25.3716187925976,25.2894243522202,25.3356668224182,25.258584458684,25.3099791333095,25.2791454175921,25.2740055641272,25.14027888859,25.3305297988212,25.3510763511273,25.3408035889768,25.3613480855689,25.3356668224182,25.3202549803643,25.2894243522202,25.2225928617629,25.258584458684,25.3305297988212,25.1917328656758,25.2894243522202,25.2483024338098,25.2483024338098,25.2791454175921,25.3048408239653,25.2791454175921,25.3408035889768,25.2791454175921,25.4126913524992,25.3408035889768,25.3202549803643,25.2740055641272,25.3510763511273,25.3562123467933,25.2945634334578,25.2123072282184,25.2328774638867,25.2483024338098,25.1608635787557,25.2997022573604,25.2380193782588,25.3048408239653,25.2894243522202,25.2431610348875,25.2894243522202,25.1968768433364,25.2328774638867,25.1968768433364,25.2688654531791,25.2894243522202,25.2277352917338,25.2380193782588,25.325392518149,25.2483024338098,25.258584458684,25.1814441360816,25.2483024338098,25.2894243522202,25.3408035889768,25.2328774638867,25.2380193782588,25.2997022573604,25.325392518149,25.4383533655169,25.2277352917338,25.3510763511273,25.2740055641272,25.2894243522202,25.2894243522202,25.1917328656758,25.3818884725093,25.4896581737131,25.4999160630027,25.4537474974415,25.4793992606996,25.602438715738,25.7048593188521,25.7406824748218,25.868520749288,25.7918368132263,25.7202136256143,25.9093955434194,25.715095777693,25.8122914408466,25.8071781644774,25.7509153744483,25.7406824748218,25.8276297483179,25.8480772758155,25.7509153744483
25.2637250847104,25.3972910671794,25.1814441360816,25.1557177937613,25.1711543738743,25.2328774638867,25.1865886299367,25.1917328656758,25.0681998923707,25.1093940990381,25.2380193782588,24.9960701368761,25.1814441360816,25.0681998923707,25.0630494515398,25.0578987516956,25.0630494515398,25.0836496611589,25.1711543738743,25.1608635787557,25.2688654531791,25.3099791333095,25.3099791333095,25.3510763511273,25.2483024338098,25.2277352917338,25.1968768433364,25.1196900631945,25.1917328656758,25.3818884725093,25.2945634334578,25.1660091054476,25.258584458684,25.1608635787557,25.1196900631945,25.0733500742259,25.1093940990381,25.0578987516956,25.0475965748176,25.0475965748176,25.2020205629554,25.1762993840732,25.1968768433364,25.1351320700124,25.2020205629554,25.1917328656758,25.2174501739369,25.3202549803643,25.3510763511273,25.3510763511273,25.2637250847104,25.3151171854302,25.2791454175921,25.1505717504272,25.0990971001769,25.124837657352,25.1660091054476,25.258584458684,25.3408035889768,25.1711543738743,25.2431610348875,25.2225928617629,25.258584458684,25.2740055641272,25.3048408239653,25.3048408239653,25.2431610348875,25.2894243522202,25.2791454175921,25.2740055641272,25.2945634334578,25.2997022573604,25.2071640245704,25.1042457289643,25.0990971001769,25.1145422104357,25.1299849929454,25.0733500742259,25.1351320700124,25.1711543738743,25.2740055641272,25.1917328656758,25.1660091054476,25.2534435750629,25.1351320700124,25.3408035889768,25.2483024338098,25.2328774638867,25.2328774638867,25.2997022573604,25.2740055641272,25.3921571255997,25.258584458684,25.3613480855689,25.3664835674914,25.2637250847104,25.1814441360816,25.1814441360816,25.3048408239653,25.4075581805922,25.2842850136107,25.3870229273887,25.4075581805922,25.3562123467933,25.4383533655169,25.1711543738743,25.3151171854302,25.1711543738743,25.2380193782588,25.3972910671794,25.325392518149,25.3459400985342,25.2328774638867,25.3664835674914,25.2945634334578,25.3048408239653,25.3305297988212,25.2534435750629,25.3099791333095,25.2277352917338,25.3972910671794,25.2894243522202,25.2791454175921,25.2945634334578,25.2842850136107,25.1814441360816,25.2740055641272,25.2688654531791,25.2997022573604,25.2174501739369,25.2328774638867,25.2842850136107,25.2740055641272,25.3664835674914,25.1865886299367,25.2380193782588,25.2020205629554,25.2174501739369,25.3099791333095,25.2688654531791,25.2534435750629,25.3099791333095,25.3870229273887,25.2997022573604,25.3408035889768,25.2894243522202,25.2997022573604,25.2483024338098,25.3664835674914,25.2894243522202,25.4896581737131,25.3664835674914,25.2945634334578,25.2740055641272,25.1917328656758,25.4178242679226,25.3510763511273,25.2894243522202,25.3305297988212,25.2945634334578,25.2791454175921,25.3151171854302,25.3048408239653,25.2637250847104,25.3099791333095,25.3305297988212,25.2740055641272,25.1917328656758,25.1917328656758,25.1865886299367,25.2174501739369,25.2945634334578,25.2328774638867,25.3408035889768,25.3408035889768,25.3408035889768,25.4691393236678,25.3459400985342,25.4383533655169,25.4332214756594,25.3305297988212,25.3716187925976,25.1711543738743,25.325392518149,25.1762993840732,25.1865886299367,25.2431610348875,25.258584458684,25.3099791333095,25.3099791333095,25.2740055641272,25.3356668224182,25.3048408239653,25.2225928617629,25.2380193782588,25.2123072282184,25.2534435750629,25.3408035889768,25.2894243522202,25.4383533655169,25.2945634334578,25.2740055641272,25.2174501739369,25.2071640245704,25.2328774638867,25.1865886299367,25.2945634334578,25.2894243522202,25.3048408239653,25.2740055641272,25.3356668224182,25.2842850136107,25.2791454175921,25.2791454175921,25.325392518149,25.3305297988212,25.2123072282184,25.1865886299367,25.2071640245704,25.2842850136107,25.2071640245704,25.2637250847104,25.3716187925976,25.4793992606996,25.3716187925976,25.3716187925976,25.6178083047144,25.6843833481574,25.7713781252015,25.7764931779977,25.7253312192514,25.7304485586408,25.7304485586408,25.7918368132263,25.7662628184848,25.7304485586408,25.715095777693,25.8531885241579,25.8276297483179,25.7355656438188
25.1814441360816,25.0990971001769,25.1351320700124,25.1711543738743,25.1454254487159,25.1505717504272,25.0012239478063,25.0166838239645,25.0218365972651,25.1454254487159,25.1351320700124,25.1145422104357,25.1299849929454,25.0939482126385,25.0630494515398,25.0630494515398,25.1093940990381,25.1042457289643,25.2123072282184,25.2328774638867,25.2637250847104,25.3767537609245,25.3099791333095,25.2894243522202,25.3562123467933,25.2277352917338,25.2945634334578,25.2328774638867,25.2123072282184,25.2380193782588,25.2380193782588,25.0784999971428,25.1042457289643,25.0990971001769,25.0836496611589,25.0269891112523,25.0733500742259,25.0887990663117,25.2380193782588,25.2225928617629,25.1917328656758,25.1968768433364,25.2020205629554,25.2020205629554,25.2020205629554,25.2740055641272,25.3048408239653,25.3510763511273,25.3408035889768,25.258584458684,25.3408035889768,25.2688654531791,25.1968768433364,25.1557177937613,25.124837657352,25.2637250847104,25.1711543738743,25.3048408239653,25.2483024338098,25.3305297988212,25.1762993840732,25.2740055641272,25.1093940990381,25.1093940990381,25.1093940990381,25.3099791333095,25.2483024338098,25.2380193782588,25.2688654531791,25.2791454175921,25.2894243522202,25.2174501739369,25.2123072282184,25.1762993840732,25.1711543738743,25.1865886299367,25.0887990663117,25.2380193782588,25.1711543738743,25.2071640245704,25.1505717504272,25.1814441360816,25.325392518149,25.2637250847104,25.2431610348875,25.3151171854302,25.2483024338098,25.3099791333095,25.2328774638867,25.3048408239653,25.3202549803643,25.3151171854302,25.2534435750629,25.4126913524992,25.3972910671794,25.2637250847104,25.1865886299367,25.1917328656758,25.1865886299367,25.1865886299367,25.2431610348875,25.3356668224182,25.2997022573604,25.1917328656758,25.3408035889768,25.2534435750629,25.2483024338098,25.1762993840732,25.2791454175921,25.3972910671794,25.3870229273887,25.2483024338098,25.2380193782588,25.3972910671794,25.2894243522202,25.3972910671794,25.2740055641272,25.2020205629554,25.258584458684,25.3972910671794,25.2380193782588,25.3510763511273,25.325392518149,25.2534435750629,25.3151171854302,25.2225928617629,25.3459400985342,25.2123072282184,25.2945634334578,25.2277352917338,25.2894243522202,25.2997022573604,25.325392518149,25.1351320700124,25.1093940990381,25.1711543738743,25.1968768433364,25.1196900631945,25.2174501739369,25.3048408239653,25.3202549803643,25.3562123467933,25.2483024338098,25.2123072282184,25.2945634334578,25.3099791333095,25.2791454175921,25.2277352917338,25.3099791333095,25.3459400985342,25.325392518149,25.3408035889768,25.2842850136107,25.3151171854302,25.2740055641272,25.3048408239653,25.3099791333095,25.3510763511273,25.3151171854302,25.2997022573604,25.3408035889768,25.2431610348875,25.3408035889768,25.325392518149,25.2945634334578,25.2740055641272,25.2997022573604,25.3408035889768,25.258584458684,25.3562123467933,25.3151171854302,25.3099791333095,25.3048408239653,25.3048408239653,25.3151171854302,25.3099791333095,25.4332214756594,25.4075581805922,25.3664835674914,25.4075581805922,25.4332214756594,25.3459400985342,25.3664835674914,25.2894243522202,25.3305297988212,25.2277352917338,25.4075581805922,25.2431610348875,25.2380193782588,25.3048408239653,25.3305297988212,25.2688654531791,25.2842850136107,25.3151171854302,25.2328774638867,25.2123072282184,25.2174501739369,25.3459400985342,25.3613480855689,25.4024247521646,25.2894243522202,25.1865886299367,25.2534435750629,25.0836496611589,25.2225928617629,25.1865886299367,25.2123072282184,25.2431610348875,25.2842850136107,25.2740055641272,25.3151171854302,25.2277352917338,25.2945634334578,25.1814441360816,25.2740055641272,25.3151171854302,25.1968768433364,25.3613480855689,25.2277352917338,25.2123072282184,25.2842850136107,25.3099791333095,25.3870229273887,25.4742694202044,25.4845288451903,25.6946218424375,25.6178083047144,25.5511901638832,25.6997407078597,25.7816079769097,25.8787409664887,25.7713781252015,25.7560314431445,25.7918368132263,25.8071781644774,25.7304485586408,25.8276297483179,25.8582995191601,25.7099776754511,25.8582995191601
25.1196900631945,25.1299849929454,25.2431610348875,25.2380193782588,25.1762993840732,25.1351320700124,25.2123072282184,25.2071640245704,25.14027888859,25.14027888859,25.258584458684,25.2277352917338,25.1917328656758,25.1814441360816,25.2020205629554,25.2071640245704,25.0630494515398,25.2020205629554,25.0990971001769,25.2637250847104,25.1145422104357,25.3099791333095,25.3716187925976,25.325392518149,25.2277352917338,25.1865886299367,25.2071640245704,25.1968768433364,25.1042457289643,25.2328774638867,25.2123072282184,25.0836496611589,25.3099791333095,25.0836496611589,25.1299849929454,25.1093940990381,25.14027888859,25.1865886299367,25.1299849929454,25.1917328656758,25.0733500742259,25.2688654531791,25.1299849929454,25.2123072282184,25.2020205629554,25.2071640245704,25.1865886299367,25.3459400985342,25.3510763511273,25.2328774638867,25.2894243522202,25.2637250847104,25.2225928617629,25.124837657352,25.1454254487159,25.124837657352,25.2688654531791,25.2020205629554,25.2277352917338,25.1557177937613,25.258584458684,25.2842850136107,25.2637250847104,25.2945634334578,25.2071640245704,25.3099791333095,25.2637250847104,25.0939482126385,25.1196900631945,25.0836496611589,25.0990971001769,25.2225928617629,25.2174501739369,25.1557177937613,25.1968768433364,25.1762993840732,25.2123072282184,25.2328774638867,25.1968768433364,25.1454254487159,25.0578987516956,25.0372933614365,25.1814441360816,25.1454254487159,25.2637250847104,25.1454254487159,25.258584458684,25.2997022573604,25.2277352917338,25.2997022573604,25.1814441360816,25.2894243522202,25.2791454175921,25.4178242679226,25.3562123467933,25.4126913524992,25.2534435750629,25.2071640245704,25.2071640245704,25.325392518149,25.2842850136107,25.2740055641272,25.258584458684,25.3151171854302,25.2945634334578,25.2431610348875,25.2997022573604,25.2174501739369,25.2328774638867,25.3716187925976,25.2894243522202,25.2997022573604,25.3613480855689,25.3664835674914,25.3408035889768,25.2174501739369,25.1762993840732,25.0321413659635,25.1814441360816,25.2225928617629,25.4024247521646,25.2688654531791,25.4075581805922,25.3305297988212,25.2842850136107,25.3613480855689,25.2791454175921,25.1557177937613,25.2123072282184,25.3151171854302,25.3099791333095,25.3305297988212,25.2534435750629,25.2637250847104,25.1814441360816,25.0012239478063,25.1196900631945,25.1299849929454,25.2328774638867,25.1557177937613,25.1557177937613,25.2277352917338,25.2431610348875,25.2380193782588,25.2534435750629,25.2020205629554,25.2945634334578,25.3048408239653,25.2637250847104,25.2534435750629,25.2740055641272,25.325392518149,25.3305297988212,25.2740055641272,25.2842850136107,25.325392518149,25.3202549803643,25.3151171854302,25.2225928617629,25.3099791333095,25.2945634334578,25.2894243522202,25.3305297988212,25.3305297988212,25.2277352917338,25.2174501739369,25.2688654531791,25.2740055641272,25.2688654531791,25.2174501739369,25.3818884725093,25.2380193782588,25.2997022573604,25.3510763511273,25.3408035889768,25.3151171854302,25.3870229273887,25.2945634334578,25.3099791333095,25.4434849990752,25.4691393236678,25.4229569268991,25.3767537609245,25.3664835674914,25.3870229273887,25.3408035889768,25.4178242679226,25.4178242679226,25.2431610348875,25.325392518149,25.1557177937613,25.3356668224182,25.3151171854302,25.2894243522202,25.2894243522202,25.2020205629554,25.3510763511273,25.325392518149,25.3305297988212,25.3972910671794,25.3459400985342,25.2842850136107,25.4332214756594,25.2020205629554,25.3048408239653,25.258584458684,25.2740055641272,25.325392518149,25.3613480855689,25.3099791333095,25.2380193782588,25.3408035889768,25.3510763511273,25.4024247521646,25.2431610348875,25.3510763511273,25.2894243522202,25.3408035889768,25.2431610348875,25.2637250847104,25.2483024338098,25.2483024338098,25.3562123467933,25.4793992606996,25.3818884725093,25.669023697602,25.4896581737131,25.5665674104186,25.6895027225489,25.8378540189647,25.8429657740965,25.7202136256143,25.7048593188521,25.7355656438188,25.8174044635856,25.8531885241579,25.8480772758155,25.863410260858,25.8429657740965,25.8582995191601
25.0681998923707,25.0424450977087,25.2791454175921,25.2225928617629,25.0939482126385,25.1454254487159,25.0372933614365,25.1299849929454,25.2328774638867,25.2225928617629,25.1762993840732,25.1093940990381,25.124837657352,25.0424450977087,25.2380193782588,25.2791454175921,25.2174501739369,25.2380193782588,25.2328774638867,25.1711543738743,25.258584458684,25.2791454175921,25.3408035889768,25.2740055641272,25.3562123467933,25.1505717504272,25.1814441360816,25.1454254487159,25.1762993840732,25.1196900631945,25.0630494515398,24.9857617364743,25.1196900631945,25.0990971001769,25.0733500742259,25.14027888859,25.0836496611589,25.1093940990381,25.0475965748176,25.2637250847104,25.1145422104357,25.2534435750629,25.0784999971428,25.2174501739369,25.2431610348875,25.3664835674914,25.3716187925976,25.3767537609245,25.2380193782588,25.1660091054476,25.2688654531791,25.3459400985342,25.3408035889768,25.2431610348875,25.1660091054476,25.2277352917338,25.1968768433364,25.1917328656758,25.2483024338098,25.1968768433364,25.2945634334578,25.1917328656758,25.2123072282184,25.2894243522202,25.2997022573604,25.1968768433364,25.1042457289643,25.0836496611589,25.2740055641272,25.2894243522202,25.2894243522202,25.2380193782588,25.1917328656758,25.1917328656758,25.1814441360816,25.1299849929454,25.2123072282184,25.124837657352,25.0939482126385,25.2020205629554,25.2431610348875,25.1968768433364,25.2534435750629,25.2483024338098,25.2637250847104,25.325392518149,25.3664835674914,25.4024247521646,25.3408035889768,25.3151171854302,25.3767537609245,25.2894243522202,25.1299849929454,25.2945634334578,25.4126913524992,25.3664835674914,25.3818884725093,25.4434849990752,25.2894243522202,25.2740055641272,25.4178242679226,25.3510763511273,25.3305297988212,25.3099791333095,25.2740055641272,25.4742694202044,25.3048408239653,25.2483024338098,25.3099791333095,25.3099791333095,25.4434849990752,25.3151171854302,25.2225928617629,25.2277352917338,25.2740055641272,25.0372933614365,25.1917328656758,25.2483024338098,25.2740055641272,25.2791454175921,25.2894243522202,25.2688654531791,25.2431610348875,25.2997022573604,25.3099791333095,25.2997022573604,25.3408035889768,25.14027888859,25.3305297988212,25.2328774638867,25.2277352917338,25.2997022573604,25.2483024338098,25.2637250847104,25.2791454175921,25.1865886299367,25.2483024338098,25.2328774638867,25.2380193782588,25.2380193782588,25.2277352917338,25.3202549803643,25.2740055641272,25.2380193782588,25.2483024338098,25.3305297988212,25.3408035889768,25.2637250847104,25.2020205629554,25.258584458684,25.2123072282184,25.2894243522202,25.3613480855689,25.3305297988212,25.3099791333095,25.3099791333095,25.2740055641272,25.1711543738743,25.2020205629554,25.3716187925976,25.2945634334578,25.3459400985342,25.3356668224182,25.2483024338098,25.2277352917338,25.1762993840732,25.258584458684,25.3408035889768,25.3099791333095,25.2791454175921,25.2637250847104,25.3151171854302,25.3356668224182,25.3972910671794,25.2791454175921,25.2997022573604,25.3408035889768,25.4229569268991,25.3356668224182,25.3818884725093,25.3664835674914,25.4588783623232,25.4588783623232,25.4537474974415,25.4178242679226,25.3818884725093,25.258584458684,25.2225928617629,25.3408035889768,25.3510763511273,25.3305297988212,25.2637250847104,25.3305297988212,25.3305297988212,25.3356668224182,25.2174501739369,25.2277352917338,25.2483024338098,25.3305297988212,25.3664835674914,25.2842850136107,25.2894243522202,25.2894243522202,25.3305297988212,25.3562123467933,25.325392518149,25.325392518149,25.2123072282184,25.3305297988212,25.1814441360816,25.3202549803643,25.3356668224182,25.2842850136107,25.2483024338098,25.2277352917338,25.2945634334578,25.2328774638867,25.2997022573604,25.2842850136107,25.2123072282184,25.3356668224182,25.2534435750629,25.4537474974415,25.5204287715866,25.6895027225489,25.6485405982759,25.6178083047144,25.6946218424375,25.6792637192269,25.8378540189647,25.8582995191601,25.8225172327306,25.6843833481574,25.7918368132263,25.7560314431445,25.8787409664887,25.8531885241579,25.8020646344419,25.7713781252015,25.8531885241579
25.0218365972651,25.2123072282184,25.4024247521646,25.3356668224182,25.14027888859,25.1865886299367,25.1196900631945,25.0475965748176,25.0578987516956,25.0887990663117,25.1042457289643,25.1196900631945,25.0887990663117,25.1814441360816,25.2174501739369,25.2225928617629,25.258584458684,25.2483024338098,25.1660091054476,25.2483024338098,25.2997022573604,25.2894243522202,25.3151171854302,25.3613480855689,25.3664835674914,25.1865886299367,25.0063774992726,25.0836496611589,25.0321413659635,25.0939482126385,25.2277352917338,25.2328774638867,25.0990971001769,25.1608635787557,25.2277352917338,24.9909160664447,25.0836496611589,25.1351320700124,25.1145422104357,25.1711543738743,25.2842850136107,25.1351320700124,25.2277352917338,25.1557177937613,25.2071640245704,25.258584458684,25.2791454175921,25.1814441360816,25.1660091054476,25.3510763511273,25.1917328656758,25.2997022573604,25.325392518149,25.2534435750629,25.1557177937613,25.2328774638867,25.2020205629554,24.9909160664447,25.1454254487159,24.9806071469274,25.1454254487159,25.1917328656758,25.2071640245704,25.2688654531791,25.1865886299367,25.1145422104357,25.1917328656758,25.0630494515398,25.2123072282184,25.1557177937613,25.2277352917338,25.1814441360816,25.3099791333095,25.1917328656758,25.2071640245704,25.1968768433364,25.1762993840732,25.2225928617629,25.2534435750629,25.2740055641272,25.1711543738743,25.3356668224182,25.2277352917338,25.2740055641272,25.258584458684,25.2791454175921,25.4332214756594,25.3972910671794,25.3870229273887,25.3716187925976,25.2945634334578,25.2894243522202,25.2688654531791,25.3099791333095,25.2328774638867,25.2020205629554,25.3921571255997,25.3048408239653,25.2688654531791,25.3510763511273,25.2637250847104,25.3356668224182,25.3716187925976,25.3613480855689,25.4691393236678,25.4793992606996,25.3305297988212,25.2740055641272,25.2842850136107,25.2791454175921,25.2328774638867,25.2431610348875,25.0527477928007,25.2688654531791,25.2020205629554,25.1968768433364,25.2123072282184,25.2277352917338,25.1557177937613,25.2380193782588,25.2123072282184,25.3921571255997,25.3356668224182,25.3048408239653,25.3510763511273,25.2945634334578,25.3202549803643,25.3151171854302,25.3356668224182,25.2328774638867,25.1917328656758,25.3408035889768,25.2997022573604,25.2431610348875,25.1762993840732,25.2637250847104,25.2997022573604,25.2997022573604,25.1660091054476,25.1351320700124,25.2894243522202,25.3664835674914,25.3048408239653,25.3664835674914,25.2688654531791,25.3099791333095,25.3048408239653,25.2791454175921,25.2277352917338,25.3613480855689,25.3510763511273,25.3459400985342,25.3972910671794,25.3562123467933,25.3151171854302,25.325392518149,25.2791454175921,25.3408035889768,25.1917328656758,25.2071640245704,25.2945634334578,25.2483024338098,25.3408035889768,25.2431610348875,25.1865886299367,25.1660091054476,25.1711543738743,25.2534435750629,25.2225928617629,25.3613480855689,25.2431610348875,25.3767537609245,25.3202549803643,25.3408035889768,25.3202549803643,25.3356668224182,25.2791454175921,25.3305297988212,25.3870229273887,25.4742694202044,25.464008971053,25.3767537609245,25.3921571255997,25.3972910671794,25.1814441360816,25.3048408239653,25.325392518149,25.2945634334578,25.2997022573604,25.3459400985342,25.2431610348875,25.3408035889768,25.3202549803643,25.2842850136107,25.3305297988212,25.2174501739369,25.3356668224182,25.3408035889768,25.2123072282184,25.4178242679226,25.3305297988212,25.2842850136107,25.2740055641272,25.2740055641272,25.2637250847104,25.3408035889768,25.3613480855689,25.3202549803643,25.1814441360816,25.2740055641272,25.3305297988212,25.3459400985342,25.2174501739369,25.2945634334578,25.3408035889768,25.2637250847104,25.3048408239653,25.2945634334578,25.2791454175921,25.2277352917338,25.1814441360816,25.325392518149,25.3510763511273,25.4896581737131,25.4075581805922,25.5153009780981,25.6587826573823,25.7611472578112,25.6587826573823,26.0217178117003,25.8429657740965,25.8020646344419,25.7048593188521,25.7662628184848,25.7867225219738,25.9400410144115,25.8276297483179,25.8276297483179,25.8531885241579,25.7764931779977
25.0475965748176,25.1711543738743,25.1660091054476,25.2020205629554,25.1042457289643,25.0372933614365,25.1711543738743,25.1762993840732,25.1865886299367,25.2328774638867,25.1351320700124,25.2277352917338,25.0990971001769,25.0836496611589,25.1917328656758,25.2842850136107,25.2431610348875,25.2688654531791,25.258584458684,25.3151171854302,25.325392518149,25.3151171854302,25.3202549803643,25.2842850136107,25.0681998923707,25.14027888859,25.2534435750629,25.1505717504272,25.1351320700124,25.1454254487159,25.2740055641272,25.2071640245704,25.2328774638867,25.1351320700124,25.2174501739369,25.1145422104357,25.0733500742259,25.2225928617629,25.1145422104357,25.1196900631945,25.1505717504272,25.2791454175921,25.2431610348875,25.2328774638867,25.2688654531791,25.2431610348875,25.1505717504272,25.3664835674914,25.1865886299367,25.1917328656758,25.2174501739369,25.3408035889768,25.3459400985342,25.2842850136107,25.2431610348875,25.2123072282184,25.2431610348875,25.2688654531791,25.2071640245704,25.1557177937613,25.1814441360816,25.1454254487159,25.1711543738743,25.2123072282184,25.2174501739369,25.2071640245704,25.1917328656758,25.2225928617629,25.1968768433364,25.2328774638867,25.2945634334578,25.3048408239653,25.3048408239653,25.3305297988212,25.3202549803643,25.3510763511273,25.2225928617629,25.2791454175921,25.3870229273887,25.3151171854302,25.3151171854302,25.3562123467933,25.2225928617629,25.2534435750629,25.3356668224182,25.3921571255997,25.3510763511273,25.4434849990752,25.3562123467933,25.2842850136107,25.3356668224182,25.2997022573604,25.2945634334578,25.2225928617629,25.3972910671794,25.3818884725093,25.4486163763711,25.3562123467933,25.3151171854302,25.4280893294658,25.3356668224182,25.3562123467933,25.3870229273887,25.4588783623232,25.464008971053,25.3151171854302,25.4075581805922,25.4126913524992,25.2534435750629,25.2842850136107,25.2997022573604,25.2894243522202,25.5665674104186,25.3870229273887,25.3510763511273,25.3921571255997,25.3099791333095,25.3818884725093,25.3921571255997,25.4126913524992,25.4126913524992,25.3613480855689,25.3613480855689,25.3767537609245,25.3562123467933,25.3562123467933,25.3510763511273,25.3716187925976,25.3151171854302,25.3356668224182,25.3305297988212,25.3408035889768,25.3305297988212,25.2534435750629,25.2842850136107,25.3099791333095,25.258584458684,25.2740055641272,25.2431610348875,25.2431610348875,25.1505717504272,25.2123072282184,25.4691393236678,25.3202549803643,25.4024247521646,25.2277352917338,25.1865886299367,25.2431610348875,25.3305297988212,25.3562123467933,25.3767537609245,25.3818884725093,25.4486163763711,25.3818884725093,25.2688654531791,25.325392518149,25.3562123467933,25.5358106179362,25.3459400985342,25.4486163763711,25.4126913524992,25.2483024338098,25.3356668224182,25.3356668224182,25.3767537609245,25.258584458684,25.2534435750629,25.2328774638867,25.2997022573604,25.3767537609245,25.3921571255997,25.3921571255997,25.3613480855689,25.4024247521646,25.4588783623232,25.3870229273887,25.3716187925976,25.3459400985342,25.4793992606996,25.4742694202044,25.3921571255997,25.4742694202044,25.3767537609245,25.3613480855689,25.4075581805922,25.4383533655169,25.3048408239653,25.3972910671794,25.3356668224182,25.3510763511273,25.3099791333095,25.3202549803643,25.3510763511273,25.3510763511273,25.2945634334578,25.258584458684,25.3305297988212,25.3562123467933,25.3510763511273,25.3408035889768,25.3562123467933,25.3767537609245,25.2688654531791,25.2842850136107,25.2688654531791,25.3562123467933,25.2945634334578,25.3048408239653,25.3818884725093,25.3048408239653,25.2997022573604,25.2534435750629,25.3151171854302,25.3716187925976,25.2997022573604,25.2328774638867,25.2740055641272,25.1814441360816,25.3562123467933,25.2945634334578,25.2945634334578,25.1454254487159,25.5614419170025,25.4486163763711,25.4793992606996,25.5870668306474,25.5921910475291,25.5870668306474,25.9655719566022,25.8582995191601,25.8582995191601,25.8531885241579,25.8838506953317,25.8787409664887,25.8174044635856,25.7355656438188,25.7304485586408,25.7355656438188,25.7355656438188,25.8429657740965
25.1557177937613,25.1762993840732,25.0527477928007,25.0372933614365,25.1454254487159,25.0269891112523,24.918731811688,25.0063774992726,25.0424450977087,25.1814441360816,25.14027888859,25.1145422104357,25.1711543738743,25.1711543738743,25.1660091054476,25.2123072282184,25.3972910671794,25.3048408239653,25.2894243522202,25.3151171854302,25.3408035889768,25.2894243522202,25.2431610348875,25.2225928617629,25.0630494515398,25.1711543738743,25.1968768433364,25.1608635787557,25.2688654531791,25.2740055641272,25.3151171854302,25.3767537609245,25.2380193782588,25.2483024338098,25.2174501739369,25.2123072282184,25.1299849929454,25.2174501739369,25.0733500742259,25.0990971001769,25.1557177937613,25.2534435750629,25.2740055641272,25.2534435750629,25.258584458684,25.258584458684,25.1505717504272,25.2688654531791,25.1917328656758,25.1865886299367,25.2842850136107,25.1814441360816,25.3099791333095,25.3408035889768,25.3459400985342,25.2688654531791,25.4178242679226,25.2277352917338,25.3202549803643,25.3202549803643,25.2123072282184,25.1608635787557,25.3459400985342,25.2997022573604,25.3099791333095,25.494787246305,25.2020205629554,25.1557177937613,25.2020205629554,25.2123072282184,25.2431610348875,25.3099791333095,25.2123072282184,25.2740055641272,25.2842850136107,25.2431610348875,25.2483024338098,25.2328774638867,25.2791454175921,25.2740055641272,25.3356668224182,25.3767537609245,25.3921571255997,25.2431610348875,25.2328774638867,25.2637250847104,25.4280893294658,25.3408035889768,25.3767537609245,25.3048408239653,25.3921571255997,25.2945634334578,25.2071640245704,25.3613480855689,25.5101729288625,25.3767537609245,25.3664835674914,25.464008971053,25.3716187925976,25.5460639041067,25.4845288451903,25.5050446238429,25.5255563093646,25.4178242679226,25.4999160630027,25.3921571255997,25.2997022573604,25.2740055641272,25.3716187925976,25.3356668224182,25.5870668306474,25.5819423585322,25.5819423585322,25.5921910475291,25.5460639041067,25.4280893294658,25.3562123467933,25.3408035889768,25.4280893294658,25.4178242679226,25.2380193782588,25.2740055641272,25.3716187925976,25.3664835674914,25.3459400985342,25.3767537609245,25.3048408239653,25.3356668224182,25.3356668224182,25.4588783623232,25.3972910671794,25.2894243522202,25.3305297988212,25.4845288451903,25.3767537609245,25.2945634334578,25.2688654531791,25.3562123467933,25.14027888859,25.1660091054476,25.1814441360816,25.2380193782588,25.3099791333095,25.3356668224182,25.3305297988212,25.4845288451903,25.3716187925976,25.3510763511273,25.3613480855689,25.4075581805922,25.3972910671794,25.5255563093646,25.4126913524992,25.4280893294658,25.4845288451903,25.3664835674914,25.3459400985342,25.4588783623232,25.3510763511273,25.3408035889768,25.325392518149,25.4024247521646,25.3151171854302,25.3562123467933,25.258584458684,25.2431610348875,25.258584458684,25.2534435750629,25.2637250847104,25.2945634334578,25.2225928617629,25.3716187925976,25.4126913524992,25.3408035889768,25.3972910671794,25.3151171854302,25.4280893294658,25.3716187925976,25.4229569268991,25.4537474974415,25.3972910671794,25.4486163763711,25.494787246305,25.4075581805922,25.2842850136107,25.3870229273887,25.3048408239653,25.3664835674914,25.3562123467933,25.3613480855689,25.2637250847104,25.2534435750629,25.2688654531791,25.2997022573604,25.3099791333095,25.3510763511273,25.325392518149,25.3408035889768,25.4280893294658,25.4280893294658,25.4332214756594,25.3510763511273,25.258584458684,25.4075581805922,25.3356668224182,25.4024247521646,25.2791454175921,25.3562123467933,25.3356668224182,25.3305297988212,25.3202549803643,25.3921571255997,25.2380193782588,25.4075581805922,25.3972910671794,25.4024247521646,25.2637250847104,25.14027888859,25.2894243522202,25.2123072282184,25.2483024338098,25.1968768433364,25.3921571255997,25.5716926484544,25.5665674104186,25.5921910475291,25.7611472578112,25.8480772758155,25.9502541492142,25.863410260858,25.9451477081579,25.868520749288,25.8480772758155,25.8071781644774,25.7406824748218,25.7560314431445,25.8276297483179,25.8531885241579,25.8020646344419,25.7202136256143
25.2483024338098,25.1608635787557,25.0578987516956,25.0372933614365,25.0372933614365,25.0166838239645,24.86197985757,24.8568190268782,24.9857617364743,25.1608635787557,25.1917328656758,25.0887990663117,25.1505717504272,25.2071640245704,25.1865886299367,25.258584458684,25.2431610348875,25.3305297988212,25.2380193782588,25.2277352917338,25.258584458684,25.3048408239653,25.2225928617629,25.2894243522202,25.4332214756594,25.2225928617629,25.0887990663117,25.1968768433364,25.2380193782588,25.1660091054476,25.1814441360816,25.1762993840732,25.2071640245704,25.2328774638867,25.2123072282184,25.2123072282184,25.1968768433364,25.1814441360816,25.14027888859,25.1557177937613,25.1505717504272,25.2894243522202,25.1660091054476,25.2534435750629,25.2380193782588,25.1660091054476,25.3767537609245,25.3818884725093,25.3459400985342,25.3202549803643,25.2020205629554,25.2328774638867,25.3048408239653,25.3305297988212,25.3459400985342,25.2894243522202,25.2688654531791,25.3356668224182,25.2123072282184,25.2688654531791,25.3305297988212,25.3408035889768,25.1454254487159,25.14027888859,25.3202549803643,25.2637250847104,25.3562123467933,25.2637250847104,25.2740055641272,25.3356668224182,25.2688654531791,25.2071640245704,25.3151171854302,25.3356668224182,25.3459400985342,25.2945634334578,25.2945634334578,25.2688654531791,25.3048408239653,25.4075581805922,25.3921571255997,25.325392518149,25.3664835674914,25.3305297988212,25.4126913524992,25.2483024338098,25.3818884725093,25.325392518149,25.3716187925976,25.3972910671794,25.3767537609245,25.325392518149,25.3818884725093,25.3562123467933,25.3510763511273,25.4793992606996,25.4742694202044,25.494787246305,25.6126853634517,25.5255563093646,25.5306835914689,25.4178242679226,25.5101729288625,25.5101729288625,25.3972910671794,25.464008971053,25.3613480855689,25.3921571255997,25.5101729288625,25.4691393236678,25.4793992606996,25.4691393236678,25.3613480855689,25.5716926484544,25.4024247521646,25.4178242679226,25.3664835674914,25.3767537609245,25.3510763511273,25.3767537609245,25.3870229273887,25.4024247521646,25.3202549803643,25.3716187925976,25.3356668224182,25.3510763511273,25.3562123467933,25.4742694202044,25.4280893294658,25.4537474974415,25.3356668224182,25.3972910671794,25.3356668224182,25.2174501739369,25.2791454175921,25.3048408239653,25.2945634334578,25.3716187925976,25.3099791333095,25.2277352917338,25.3048408239653,25.4486163763711,25.1762993840732,25.3408035889768,25.3099791333095,25.4434849990752,25.3099791333095,25.4075581805922,25.3202549803643,25.3870229273887,25.4024247521646,25.4229569268991,25.464008971053,25.4126913524992,25.3870229273887,25.4434849990752,25.5255563093646,25.3613480855689,25.464008971053,25.3613480855689,25.3099791333095,25.3870229273887,25.4075581805922,25.258584458684,25.1454254487159,25.2483024338098,25.3048408239653,25.2688654531791,25.2945634334578,25.4126913524992,25.3305297988212,25.3664835674914,25.3921571255997,25.3818884725093,25.4588783623232,25.4024247521646,25.3870229273887,25.3870229273887,25.4434849990752,25.4486163763711,25.4383533655169,25.3151171854302,25.4229569268991,25.4793992606996,25.3921571255997,25.4178242679226,25.3972910671794,25.3305297988212,25.3664835674914,25.3356668224182,25.3716187925976,25.3305297988212,25.2894243522202,25.325392518149,25.3408035889768,25.2894243522202,25.3562123467933,25.3870229273887,25.3048408239653,25.3818884725093,25.3510763511273,25.4332214756594,25.3664835674914,25.2894243522202,25.3870229273887,25.3613480855689,25.3870229273887,25.3562123467933,25.2020205629554,25.3716187925976,25.4024247521646,25.4024247521646,25.2534435750629,25.3921571255997,25.2894243522202,25.3048408239653,25.4126913524992,25.2483024338098,25.3356668224182,25.1145422104357,25.2894243522202,25.258584458684,25.3151171854302,25.5665674104186,25.5819423585322,25.5870668306474,25.7355656438188,25.7713781252015,25.8889601710514,25.8174044635856,25.8122914408466,25.8787409664887,25.7560314431445,25.7662628184848,25.8531885241579,25.8276297483179,25.7713781252015,25.8787409664887,25.8276297483179,25.7611472578112
25.0990971001769,25.1814441360816,25.2225928617629,25.1865886299367,25.258584458684,25.2020205629554,25.0681998923707,25.0166838239645,25.0475965748176,25.1351320700124,25.2071640245704,25.1762993840732,25.1042457289643,25.2380193782588,25.2945634334578,25.3099791333095,25.3099791333095,25.3202549803643,25.3151171854302,25.1968768433364,25.1299849929454,24.9599861922213,25.1917328656758,25.2894243522202,25.2842850136107,25.0630494515398,25.0269891112523,25.1454254487159,25.1608635787557,25.1711543738743,25.1042457289643,25.1814441360816,25.2123072282184,25.2431610348875,25.1865886299367,25.2174501739369,25.0939482126385,25.1762993840732,25.1557177937613,25.0681998923707,25.1042457289643,25.1145422104357,25.1711543738743,25.2534435750629,25.3613480855689,25.2791454175921,25.2637250847104,25.2842850136107,25.2894243522202,25.1505717504272,25.1762993840732,25.2894243522202,25.2688654531791,25.2431610348875,25.1505717504272,25.3664835674914,25.1711543738743,25.2123072282184,25.258584458684,25.3459400985342,25.3664835674914,25.3151171854302,25.494787246305,25.3613480855689,25.4793992606996,25.4691393236678,25.3408035889768,25.2225928617629,25.2997022573604,25.2174501739369,25.3048408239653,25.2997022573604,25.3510763511273,25.3305297988212,25.2997022573604,25.1608635787557,25.2740055641272,25.3151171854302,25.3408035889768,25.2483024338098,25.3356668224182,25.3921571255997,25.5306835914689,25.2534435750629,25.2688654531791,25.2740055641272,25.2328774638867,25.3305297988212,25.3562123467933,25.4793992606996,25.4024247521646,25.3972910671794,25.494787246305,25.622930990963,25.6126853634517,25.494787246305,25.6587826573823,25.6639033048348,25.643419186549,25.669023697602,25.5306835914689,25.5050446238429,25.5101729288625,25.5204287715866,25.4280893294658,25.4126913524992,25.3921571255997,25.3099791333095,25.3562123467933,25.3921571255997,25.5050446238429,25.4126913524992,25.3716187925976,25.5511901638832,25.3921571255997,25.4280893294658,25.2997022573604,25.3921571255997,25.4126913524992,25.258584458684,25.1917328656758,25.1145422104357,25.2020205629554,25.3408035889768,25.3562123467933,25.3356668224182,25.5050446238429,25.5768176311468,25.4896581737131,25.4999160630027,25.4383533655169,25.3510763511273,25.3562123467933,25.4280893294658,25.3459400985342,25.4024247521646,25.3048408239653,25.2997022573604,25.3870229273887,25.4178242679226,25.2688654531791,25.464008971053,25.4126913524992,25.3459400985342,25.3716187925976,25.3305297988212,25.4588783623232,25.4332214756594,25.3151171854302,25.3562123467933,25.4126913524992,25.4024247521646,25.4229569268991,25.3202549803643,25.3510763511273,25.3356668224182,25.3562123467933,25.3459400985342,25.3202549803643,25.325392518149,25.3510763511273,25.3767537609245,25.2483024338098,25.3151171854302,25.258584458684,25.2894243522202,25.3716187925976,25.325392518149,25.3048408239653,25.325392518149,25.4024247521646,25.4280893294658,25.4126913524992,25.4178242679226,25.5050446238429,25.3870229273887,25.4845288451903,25.4691393236678,25.4742694202044,25.4793992606996,25.4280893294658,25.4588783623232,25.3972910671794,25.3459400985342,25.4383533655169,25.3510763511273,25.325392518149,25.3767537609245,25.4434849990752,25.3510763511273,25.4383533655169,25.2997022573604,25.2791454175921,25.325392518149,25.325392518149,25.2534435750629,25.2380193782588,25.3151171854302,25.4434849990752,25.325392518149,25.3510763511273,25.3510763511273,25.3613480855689,25.2740055641272,25.3099791333095,25.2688654531791,25.3459400985342,25.2637250847104,25.1814441360816,25.3562123467933,25.2380193782588,25.3151171854302,25.2945634334578,25.2842850136107,25.3818884725093,25.2997022573604,25.2894243522202,25.14027888859,25.1917328656758,25.258584458684,25.2483024338098,25.2894243522202,25.4126913524992,25.4999160630027,25.715095777693,25.7253312192514,25.8225172327306,25.9349340679388,25.9451477081579,25.8480772758155,25.863410260858,25.7816079769097,25.9247194166704,25.9400410144115,25.8122914408466,25.7406824748218,25.8889601710514,25.8582995191601,25.9655719566022,25.8429657740965
25.2894243522202,25.1557177937613,25.0733500742259,25.0836496611589,25.2123072282184,25.3151171854302,25.3151171854302,25.2688654531791,25.2071640245704,25.0939482126385,25.2328774638867,25.3408035889768,25.3099791333095,25.2225928617629,25.2431610348875,25.3972910671794,25.3048408239653,25.3356668224182,25.3305297988212,25.2791454175921,25.0887990663117,25.0784999971428,25.1711543738743,25.2997022573604,25.14027888859,25.1042457289643,25.1608635787557,25.0012239478063,25.1454254487159,25.1093940990381,25.1351320700124,25.1299849929454,25.1660091054476,25.258584458684,25.2483024338098,25.1814441360816,25.1917328656758,25.1711543738743,25.1917328656758,25.2380193782588,24.9702971889533,25.1042457289643,25.2225928617629,25.2688654531791,25.2894243522202,25.325392518149,25.2380193782588,25.3202549803643,25.3305297988212,25.1711543738743,25.3151171854302,25.2431610348875,25.2945634334578,25.2894243522202,25.2431610348875,25.2997022573604,25.2688654531791,25.2791454175921,25.2842850136107,25.2894243522202,25.4178242679226,25.3613480855689,25.3202549803643,25.3613480855689,25.3305297988212,25.3356668224182,25.3921571255997,25.3305297988212,25.2431610348875,25.2842850136107,25.3356668224182,25.3664835674914,25.3459400985342,25.4280893294658,25.4332214756594,25.3408035889768,25.4383533655169,25.3818884725093,25.3510763511273,25.4845288451903,25.3202549803643,25.3305297988212,25.2740055641272,25.2945634334578,25.2688654531791,25.2740055641272,25.4075581805922,25.4383533655169,25.325392518149,25.4178242679226,25.4793992606996,25.5921910475291,25.602438715738,25.6280534222343,25.622930990963,25.6485405982759,25.6587826573823,25.7816079769097,25.8531885241579,25.7355656438188,25.7253312192514,25.4178242679226,25.5306835914689,25.6895027225489,25.3972910671794,25.5153009780981,25.3202549803643,25.4332214756594,25.4024247521646,25.4486163763711,25.4383533655169,25.3510763511273,25.4383533655169,25.4537474974415,25.4486163763711,25.4332214756594,25.4178242679226,25.3613480855689,25.5306835914689,25.4075581805922,25.3048408239653,25.2842850136107,25.3510763511273,25.3510763511273,25.3562123467933,25.3356668224182,25.3459400985342,25.4126913524992,25.5153009780981,25.3716187925976,25.4486163763711,25.4229569268991,25.4280893294658,25.4383533655169,25.4178242679226,25.325392518149,25.4742694202044,25.3151171854302,25.4999160630027,25.2997022573604,25.4024247521646,25.2894243522202,25.4486163763711,25.3459400985342,25.4024247521646,25.3408035889768,25.3202549803643,25.3151171854302,25.3459400985342,25.4178242679226,25.3202549803643,25.4178242679226,25.3099791333095,25.2997022573604,25.4845288451903,25.3510763511273,25.2637250847104,25.325392518149,25.3613480855689,25.2431610348875,25.3305297988212,25.4024247521646,25.3459400985342,25.2328774638867,25.3562123467933,25.2997022573604,25.3099791333095,25.2637250847104,25.3356668224182,25.4383533655169,25.4229569268991,25.4126913524992,25.3664835674914,25.3767537609245,25.4691393236678,25.3972910671794,25.4742694202044,25.464008971053,25.4588783623232,25.4793992606996,25.4793992606996,25.4793992606996,25.4332214756594,25.3459400985342,25.4793992606996,25.3510763511273,25.4332214756594,25.3510763511273,25.3305297988212,25.3716187925976,25.3459400985342,25.3818884725093,25.3151171854302,25.3510763511273,25.2945634334578,25.3151171854302,25.4075581805922,25.4075581805922,25.3870229273887,25.2020205629554,25.2842850136107,25.2842850136107,25.258584458684,25.3459400985342,25.3510763511273,25.3048408239653,25.2483024338098,25.2740055641272,25.2688654531791,25.3459400985342,25.2328774638867,25.3664835674914,25.3151171854302,25.4486163763711,25.3767537609245,25.3870229273887,25.3818884725093,25.2071640245704,25.2637250847104,25.258584458684,25.2740055641272,25.2740055641272,25.2945634334578,25.2945634334578,25.7355656438188,25.6843833481574,25.8531885241579,25.9349340679388,25.9196117118026,25.8020646344419,25.8531885241579,25.8327420103839,25.9247194166704,25.8225172327306,25.8122914408466,25.8020646344419,25.8787409664887,25.7816079769097,25.8889601710514,25.7918368132263
25.325392518149,25.2380193782588,25.1505717504272,25.1711543738743,25.1042457289643,25.1917328656758,25.2791454175921,25.2483024338098,25.2020205629554,25.1557177937613,25.2123072282184,25.2328774638867,25.3305297988212,25.2225928617629,25.3767537609245,25.14027888859,25.1660091054476,25.2431610348875,25.3305297988212,25.325392518149,25.1660091054476,25.1042457289643,25.1711543738743,25.1917328656758,25.1351320700124,25.0269891112523,25.0115307913128,25.1505717504272,25.1505717504272,25.1145422104357,25.2380193782588,25.1814441360816,25.124837657352,25.1711543738743,25.1505717504272,25.1762993840732,25.1454254487159,25.258584458684,25.3305297988212,25.1608635787557,25.1660091054476,25.1093940990381,25.14027888859,25.124837657352,25.1196900631945,25.258584458684,25.1093940990381,25.2174501739369,25.2328774638867,25.2894243522202,25.2534435750629,25.1042457289643,25.2688654531791,25.1454254487159,25.3048408239653,25.1608635787557,25.2791454175921,25.2688654531791,25.2688654531791,25.3664835674914,25.2997022573604,25.4280893294658,25.3664835674914,25.4383533655169,25.3151171854302,25.325392518149,25.2328774638867,25.2842850136107,25.3099791333095,25.3099791333095,25.2071640245704,25.3048408239653,25.4229569268991,25.1968768433364,25.2431610348875,25.4434849990752,25.3099791333095,25.4126913524992,25.3562123467933,25.1454254487159,25.3408035889768,25.3972910671794,25.3972910671794,25.2431610348875,25.1454254487159,25.258584458684,25.3921571255997,25.5101729288625,25.3716187925976,25.325392518149,25.3459400985342,25.4280893294658,25.3921571255997,25.4999160630027,25.4896581737131,25.622930990963,25.4896581737131,25.4588783623232,25.6639033048348,25.7662628184848,25.6075621671384,25.4999160630027,25.325392518149,25.4229569268991,25.4024247521646,25.4178242679226,25.4178242679226,25.4537474974415,25.3716187925976,25.4691393236678,25.3972910671794,25.2997022573604,25.4537474974415,25.4845288451903,25.4332214756594,25.4742694202044,25.4178242679226,25.3562123467933,25.3664835674914,25.3305297988212,25.1865886299367,25.2894243522202,25.3202549803643,25.3099791333095,25.2945634334578,25.325392518149,25.3818884725093,25.3972910671794,25.4999160630027,25.3613480855689,25.4229569268991,25.3664835674914,25.4229569268991,25.4383533655169,25.3459400985342,25.3048408239653,25.4383533655169,25.2842850136107,25.4178242679226,25.4178242679226,25.3613480855689,25.3562123467933,25.4896581737131,25.4486163763711,25.4691393236678,25.3664835674914,25.4178242679226,25.4486163763711,25.325392518149,25.3305297988212,25.2842850136107,25.3921571255997,25.4229569268991,25.3099791333095,25.2174501739369,25.2791454175921,25.2688654531791,25.3048408239653,25.3818884725093,25.2483024338098,25.3408035889768,25.3151171854302,25.2277352917338,25.2483024338098,25.2328774638867,25.3048408239653,25.2123072282184,25.2945634334578,25.2842850136107,25.3870229273887,25.3459400985342,25.1968768433364,25.3151171854302,25.2637250847104,25.3818884725093,25.3099791333095,25.4588783623232,25.4075581805922,25.4845288451903,25.3048408239653,25.4332214756594,25.3767537609245,25.3870229273887,25.3972910671794,25.3767537609245,25.3972910671794,25.4075581805922,25.3408035889768,25.2997022573604,25.3613480855689,25.3459400985342,25.2791454175921,25.3767537609245,25.2997022573604,25.3202549803643,25.1505717504272,25.2277352917338,25.4742694202044,25.3099791333095,25.2740055641272,25.2894243522202,25.2431610348875,25.2277352917338,25.2483024338098,25.1454254487159,25.2997022573604,25.3099791333095,25.2791454175921,25.2842850136107,25.2740055641272,25.2688654531791,25.2945634334578,25.3151171854302,25.3870229273887,25.4280893294658,25.3562123467933,25.3972910671794,25.2431610348875,25.2637250847104,25.1711543738743,25.1454254487159,25.2637250847104,25.2688654531791,25.2380193782588,25.4999160630027,25.6946218424375,25.8378540189647,25.8582995191601,25.9247194166704,25.868520749288,25.8225172327306,25.7867225219738,25.8531885241579,25.8327420103839,25.8327420103839,25.8327420103839,25.9145037540644,25.8071781644774,25.7713781252015,25.8787409664887
25.3459400985342,25.2740055641272,25.2328774638867,25.1093940990381,25.0578987516956,25.0733500742259,25.1351320700124,25.1865886299367,25.1454254487159,25.258584458684,25.1711543738743,25.2688654531791,25.258584458684,25.2020205629554,25.3099791333095,25.2380193782588,25.1557177937613,25.124837657352,25.2483024338098,25.1145422104357,25.1660091054476,25.1351320700124,25.1660091054476,25.1454254487159,24.918731811688,25.0733500742259,25.1917328656758,25.0836496611589,25.2380193782588,25.1762993840732,25.2380193782588,25.2225928617629,25.2225928617629,25.1557177937613,25.1711543738743,25.1762993840732,25.1814441360816,25.3459400985342,25.1608635787557,25.2328774638867,25.3151171854302,25.1711543738743,25.1351320700124,25.2225928617629,25.325392518149,25.2534435750629,25.2842850136107,25.2071640245704,25.2534435750629,25.2997022573604,25.1505717504272,25.258584458684,25.3972910671794,25.3818884725093,25.2534435750629,25.2637250847104,25.14027888859,25.2123072282184,25.2688654531791,25.2791454175921,25.3151171854302,25.4126913524992,25.2997022573604,25.2894243522202,25.2997022573604,25.4178242679226,25.325392518149,25.2277352917338,25.2740055641272,25.3716187925976,25.2997022573604,25.2123072282184,25.3099791333095,25.2277352917338,25.2945634334578,25.3305297988212,25.3664835674914,25.3716187925976,25.3459400985342,25.3202549803643,25.2791454175921,25.3151171854302,25.2740055641272,25.1917328656758,25.2740055641272,25.2020205629554,25.4486163763711,25.5409373888032,25.4229569268991,25.4126913524992,25.3972910671794,25.2997022573604,25.2740055641272,25.494787246305,25.5819423585322,25.6639033048348,25.8327420103839,25.7253312192514,25.7304485586408,25.7457990516862,25.7304485586408,25.4588783623232,25.3356668224182,25.2945634334578,25.3151171854302,25.3356668224182,25.3459400985342,25.3716187925976,25.3664835674914,25.3510763511273,25.3202549803643,25.4537474974415,25.5460639041067,25.3356668224182,25.494787246305,25.3870229273887,25.2894243522202,25.3151171854302,25.3613480855689,25.3562123467933,25.4229569268991,25.3459400985342,25.4434849990752,25.3202549803643,25.3202549803643,25.3099791333095,25.3510763511273,25.4434849990752,25.3921571255997,25.4332214756594,25.3716187925976,25.3716187925976,25.3716187925976,25.3664835674914,25.3305297988212,25.4332214756594,25.4229569268991,25.2842850136107,25.2894243522202,25.4537474974415,25.4434849990752,25.4434849990752,25.4075581805922,25.3870229273887,25.4126913524992,25.3099791333095,25.3305297988212,25.3151171854302,25.3151171854302,25.3151171854302,25.3202549803643,25.2431610348875,25.3356668224182,25.2740055641272,25.2688654531791,25.3767537609245,25.2997022573604,25.4075581805922,25.4126913524992,25.3408035889768,25.3459400985342,25.4537474974415,25.2997022573604,25.3099791333095,25.2842850136107,25.2328774638867,25.4537474974415,25.258584458684,25.3767537609245,25.3356668224182,25.3921571255997,25.3767537609245,25.3459400985342,25.3613480855689,25.4434849990752,25.3613480855689,25.4793992606996,25.4332214756594,25.4332214756594,25.2945634334578,25.464008971053,25.3664835674914,25.3921571255997,25.3613480855689,25.4024247521646,25.3716187925976,25.3972910671794,25.3818884725093,25.3664835674914,25.3613480855689,25.3664835674914,25.3818884725093,25.2894243522202,25.3818884725093,25.4383533655169,25.2740055641272,25.2945634334578,25.4742694202044,25.3870229273887,25.4178242679226,25.2997022573604,25.258584458684,25.2328774638867,25.3356668224182,25.3048408239653,25.3305297988212,25.3459400985342,25.2688654531791,25.4691393236678,25.3202549803643,25.4793992606996,25.4075581805922,25.4126913524992,25.4588783623232,25.4126913524992,25.2740055641272,25.4126913524992,25.2431610348875,25.1557177937613,25.2791454175921,25.2791454175921,25.2688654531791,25.2740055641272,25.1865886299367,25.4126913524992,25.6792637192269,25.7918368132263,25.8327420103839,25.8582995191601,25.8276297483179,25.8122914408466,25.8736309844862,25.8736309844862,25.7816079769097,25.863410260858,25.7713781252015,25.8378540189647,25.8276297483179,25.8531885241579,25.9145037540644
25.325392518149,25.1711543738743,25.2688654531791,25.2740055641272,25.2071640245704,25.0939482126385,25.0630494515398,25.1454254487159,25.2225928617629,25.2071640245704,24.9909160664447,25.258584458684,25.2740055641272,25.2637250847104,25.2688654531791,25.3664835674914,25.2483024338098,25.2071640245704,25.2123072282184,25.2071640245704,25.258584458684,25.3202549803643,25.1660091054476,24.9496741564303,25.1351320700124,25.2174501739369,25.1505717504272,25.1711543738743,25.2071640245704,25.2637250847104,25.2020205629554,25.1145422104357,25.2637250847104,25.1917328656758,25.1711543738743,25.2174501739369,25.2483024338098,25.2842850136107,25.2123072282184,25.2431610348875,25.2123072282184,25.3510763511273,25.3151171854302,25.2431610348875,25.1968768433364,25.1814441360816,25.2945634334578,25.0990971001769,25.3562123467933,25.325392518149,25.2174501739369,25.2945634334578,25.2688654531791,25.2277352917338,25.2071640245704,25.2842850136107,25.3459400985342,25.3408035889768,25.3356668224182,25.258584458684,25.3510763511273,25.3921571255997,25.3562123467933,25.3408035889768,25.3716187925976,25.4024247521646,25.4486163763711,25.2997022573604,25.2791454175921,25.3459400985342,25.4178242679226,25.2842850136107,25.2894243522202,25.2637250847104,25.2842850136107,25.3613480855689,25.4024247521646,25.4229569268991,25.3202549803643,25.3459400985342,25.2328774638867,25.1608635787557,25.3870229273887,25.3408035889768,25.3356668224182,25.2997022573604,25.3664835674914,25.4691393236678,25.4434849990752,25.4229569268991,25.4024247521646,25.3818884725093,25.4691393236678,25.7560314431445,25.8991783632653,25.7253312192514,25.7355656438188,25.7304485586408,25.5511901638832,25.4024247521646,25.5306835914689,25.4793992606996,25.3870229273887,25.3151171854302,25.3048408239653,25.3510763511273,25.2791454175921,25.3562123467933,25.3459400985342,25.4332214756594,25.3099791333095,25.3305297988212,25.4537474974415,25.4486163763711,25.4742694202044,25.3664835674914,25.3870229273887,25.3818884725093,25.1557177937613,25.3613480855689,25.3459400985342,25.3408035889768,25.464008971053,25.3202549803643,25.325392518149,25.2637250847104,25.2740055641272,25.4024247521646,25.3716187925976,25.4229569268991,25.3562123467933,25.325392518149,25.1145422104357,25.3099791333095,25.3099791333095,25.3151171854302,25.3099791333095,25.3562123467933,25.4075581805922,25.3972910671794,25.4537474974415,25.3099791333095,25.4332214756594,25.3972910671794,25.3562123467933,25.4229569268991,25.4024247521646,25.2945634334578,25.4383533655169,25.4178242679226,25.3356668224182,25.3408035889768,25.3716187925976,25.3818884725093,25.464008971053,25.3716187925976,25.3048408239653,25.2791454175921,25.3664835674914,25.4075581805922,25.3459400985342,25.3305297988212,25.3613480855689,25.3408035889768,25.2997022573604,25.4126913524992,25.3818884725093,25.3099791333095,25.4486163763711,25.3202549803643,25.4024247521646,25.3048408239653,25.3613480855689,25.2997022573604,25.3664835674914,25.4075581805922,25.3151171854302,25.4896581737131,25.4126913524992,25.4126913524992,25.4537474974415,25.4691393236678,25.4332214756594,25.3972910671794,25.3921571255997,25.4537474974415,25.5563161681696,25.4075581805922,25.3921571255997,25.4486163763711,25.5768176311468,25.3613480855689,25.3767537609245,25.4332214756594,25.4075581805922,25.258584458684,25.2740055641272,25.3562123467933,25.4691393236678,25.3716187925976,25.3664835674914,25.4383533655169,25.3408035889768,25.2945634334578,25.2431610348875,25.4434849990752,25.2791454175921,25.3664835674914,25.4229569268991,25.3972910671794,25.4075581805922,25.5306835914689,25.4178242679226,25.3972910671794,25.4434849990752,25.2740055641272,25.2894243522202,25.2842850136107,25.2740055641272,25.2483024338098,25.3099791333095,25.1917328656758,25.2483024338098,25.2997022573604,25.3921571255997,25.4588783623232,25.7713781252015,25.868520749288,25.8582995191601,25.8736309844862,25.8838506953317,25.8327420103839,25.9196117118026,25.8787409664887,25.8838506953317,25.7713781252015,26.0013046697413,25.7816079769097,25.9247194166704,25.7611472578112
25.2894243522202,25.1865886299367,25.4075581805922,25.3767537609245,25.258584458684,25.2380193782588,25.258584458684,25.124837657352,25.1351320700124,25.0733500742259,25.2277352917338,25.2431610348875,25.258584458684,25.3099791333095,25.2071640245704,25.2431610348875,25.1814441360816,25.1042457289643,25.1762993840732,25.2277352917338,25.1660091054476,25.1351320700124,25.0269891112523,24.9960701368761,25.0990971001769,25.0681998923707,25.124837657352,25.2123072282184,25.2123072282184,25.2380193782588,25.2483024338098,25.2277352917338,25.2277352917338,25.1557177937613,25.2020205629554,25.3356668224182,25.3305297988212,25.3202549803643,25.0990971001769,25.325392518149,25.2174501739369,25.2997022573604,25.2328774638867,25.1968768433364,25.3151171854302,25.1968768433364,25.1814441360816,25.2277352917338,25.2842850136107,25.4126913524992,25.3151171854302,25.3151171854302,25.2071640245704,25.1814441360816,25.3408035889768,25.2483024338098,25.3202549803643,25.2842850136107,25.2842850136107,25.3408035889768,25.3408035889768,25.5153009780981,25.4126913524992,25.3818884725093,25.3562123467933,25.3972910671794,25.3972910671794,25.3921571255997,25.2688654531791,25.2945634334578,25.3151171854302,25.2997022573604,25.2894243522202,25.3664835674914,25.3664835674914,25.4332214756594,25.3972910671794,25.3921571255997,25.3151171854302,25.2945634334578,25.325392518149,25.1917328656758,25.3972910671794,25.3408035889768,25.2842850136107,25.3562123467933,25.3408035889768,25.4024247521646,25.3048408239653,25.1968768433364,25.2534435750629,25.3510763511273,25.3767537609245,25.494787246305,25.4896581737131,25.5153009780981,25.325392518149,25.3151171854302,25.3613480855689,25.5204287715866,25.4845288451903,25.3613480855689,25.3151171854302,25.1660091054476,25.3767537609245,25.1865886299367,25.3356668224182,25.2637250847104,25.3459400985342,25.2842850136107,25.3305297988212,25.3151171854302,25.4332214756594,25.3459400985342,25.3048408239653,25.4896581737131,25.3562123467933,25.3459400985342,25.3664835674914,25.3510763511273,25.3972910671794,25.4126913524992,25.4229569268991,25.4691393236678,25.3202549803643,25.3818884725093,25.3870229273887,25.3459400985342,25.3151171854302,25.3716187925976,25.2071640245704,25.3870229273887,25.3613480855689,25.3562123467933,25.3972910671794,25.2945634334578,25.3151171854302,25.3356668224182,25.4280893294658,25.3870229273887,25.4229569268991,25.3048408239653,25.2997022573604,25.3716187925976,25.4178242679226,25.4229569268991,25.2894243522202,25.4332214756594,25.4280893294658,25.4280893294658,25.3459400985342,25.3099791333095,25.325392518149,25.3151171854302,25.3408035889768,25.2688654531791,25.3562123467933,25.3459400985342,25.4434849990752,25.3510763511273,25.4126913524992,25.3613480855689,25.3613480855689,25.2894243522202,25.3818884725093,25.4691393236678,25.4691393236678,25.2894243522202,25.2174501739369,25.2894243522202,25.2945634334578,25.2945634334578,25.4383533655169,25.4024247521646,25.464008971053,25.3408035889768,25.4588783623232,25.4280893294658,25.3305297988212,25.4332214756594,25.3870229273887,25.4588783623232,25.4486163763711,25.5050446238429,25.4434849990752,25.5204287715866,25.5358106179362,25.5306835914689,25.3921571255997,25.3613480855689,25.4075581805922,25.4280893294658,25.3202549803643,25.3356668224182,25.2740055641272,25.1351320700124,25.3408035889768,25.3767537609245,25.3664835674914,25.3664835674914,25.3716187925976,25.3408035889768,25.3048408239653,25.2688654531791,25.2894243522202,25.3305297988212,25.3099791333095,25.3202549803643,25.3562123467933,25.4075581805922,25.4793992606996,25.4793992606996,25.4332214756594,25.4486163763711,25.4434849990752,25.2894243522202,25.2483024338098,25.2791454175921,25.2071640245704,25.2483024338098,25.2483024338098,25.2277352917338,25.4280893294658,25.2791454175921,25.4229569268991,25.4178242679226,25.6587826573823,25.868520749288,25.8480772758155,25.8225172327306,25.9400410144115,25.8991783632653,25.7918368132263,25.9042870798318,25.8276297483179,25.7867225219738,25.8378540189647,25.8327420103839,25.863410260858,25.8429657740965
25.2688654531791,25.1917328656758,25.1660091054476,25.2328774638867,25.14027888859,25.0836496611589,25.14027888859,25.14027888859,25.0836496611589,25.0166838239645,25.1454254487159,25.1711543738743,25.1917328656758,25.2688654531791,25.1351320700124,25.1093940990381,25.1711543738743,25.0990971001769,25.2688654531791,25.258584458684,25.1093940990381,25.0733500742259,25.0527477928007,25.1042457289643,25.1093940990381,25.0733500742259,25.1608635787557,25.0939482126385,25.1762993840732,25.2483024338098,25.1299849929454,25.1711543738743,25.0321413659635,25.3305297988212,25.325392518149,25.1917328656758,25.3408035889768,25.2842850136107,25.2688654531791,25.2431610348875,25.2225928617629,25.1660091054476,25.2225928617629,25.3099791333095,25.0939482126385,25.1814441360816,25.2225928617629,25.1505717504272,25.1454254487159,25.2637250847104,25.3151171854302,25.2174501739369,25.2123072282184,25.2791454175921,25.2380193782588,25.2791454175921,25.3151171854302,25.3099791333095,25.3510763511273,25.2534435750629,25.3459400985342,25.2894243522202,25.3664835674914,25.3562123467933,25.3716187925976,25.3356668224182,25.3613480855689,25.3716187925976,25.258584458684,25.2740055641272,25.2637250847104,25.2483024338098,25.3151171854302,25.2225928617629,25.2534435750629,25.2740055641272,25.3613480855689,25.3921571255997,25.2894243522202,25.3716187925976,25.4024247521646,25.2277352917338,25.2328774638867,25.2740055641272,25.1608635787557,25.124837657352,25.2740055641272,25.2688654531791,25.2945634334578,25.1660091054476,25.2071640245704,25.2637250847104,25.1917328656758,25.3664835674914,25.2997022573604,25.3613480855689,25.1145422104357,25.0784999971428,25.1557177937613,25.3613480855689,25.3356668224182,25.3151171854302,25.1917328656758,25.1762993840732,25.258584458684,25.2740055641272,25.3202549803643,25.2380193782588,25.2174501739369,25.2688654531791,25.2328774638867,25.2842850136107,25.3305297988212,25.3408035889768,25.2842850136107,25.3716187925976,25.2945634334578,25.2842850136107,25.2740055641272,25.3151171854302,25.3664835674914,25.3510763511273,25.3716187925976,25.2688654531791,25.3921571255997,25.3818884725093,25.3562123467933,25.3870229273887,25.3562123467933,25.2894243522202,25.3972910671794,25.3818884725093,25.3305297988212,25.4024247521646,25.3972910671794,25.4845288451903,25.3664835674914,25.3356668224182,25.3356668224182,25.2020205629554,25.2123072282184,25.3459400985342,25.2174501739369,25.3202549803643,25.3510763511273,25.3818884725093,25.3356668224182,25.2740055641272,25.3459400985342,25.4178242679226,25.3356668224182,25.3716187925976,25.3151171854302,25.3202549803643,25.3921571255997,25.3818884725093,25.1762993840732,25.3716187925976,25.3202549803643,25.3510763511273,25.3459400985342,25.4024247521646,25.4024247521646,25.325392518149,25.3048408239653,25.3305297988212,25.3356668224182,25.2997022573604,25.2997022573604,25.2328774638867,25.3305297988212,25.3562123467933,25.3151171854302,25.3664835674914,25.3767537609245,25.3664835674914,25.3099791333095,25.4229569268991,25.3048408239653,25.3716187925976,25.4229569268991,25.4229569268991,25.4126913524992,25.4178242679226,25.494787246305,25.4229569268991,25.4178242679226,25.4691393236678,25.5614419170025,25.3716187925976,25.3613480855689,25.2328774638867,25.4126913524992,25.2174501739369,25.3562123467933,25.2791454175921,25.3459400985342,25.2225928617629,25.2791454175921,25.3408035889768,25.3099791333095,25.3048408239653,25.3356668224182,25.2997022573604,25.2637250847104,25.2740055641272,25.3408035889768,25.2688654531791,25.2123072282184,25.3459400985342,25.4537474974415,25.3356668224182,25.4280893294658,25.2842850136107,25.2894243522202,25.2740055641272,25.2431610348875,25.2431610348875,25.2431610348875,25.2225928617629,25.2483024338098,25.2894243522202,25.3099791333095,25.4178242679226,25.2842850136107,25.4280893294658,25.602438715738,25.6331755985647,25.8327420103839,25.8122914408466,25.8276297483179,25.8889601710514,25.8940693936838,25.7457990516862,25.8020646344419,25.863410260858,25.8531885241579,25.9349340679388,25.9298268687038,25.8276297483179
25.3356668224182,25.2328774638867,25.2431610348875,25.0733500742259,25.1196900631945,25.1351320700124,25.2123072282184,25.1865886299367,25.1351320700124,25.0990971001769,25.1865886299367,25.2483024338098,25.1762993840732,25.1968768433364,25.2123072282184,25.1865886299367,25.1505717504272,25.2328774638867,25.2688654531791,25.3151171854302,25.0578987516956,25.1711543738743,25.1762993840732,25.1660091054476,25.1711543738743,25.1660091054476,25.3664835674914,25.1660091054476,25.2534435750629,25.2688654531791,25.2534435750629,25.0681998923707,25.1762993840732,25.1608635787557,25.2174501739369,25.2791454175921,25.4486163763711,25.4229569268991,25.3408035889768,25.2534435750629,25.2997022573604,25.2894243522202,25.3664835674914,25.3613480855689,25.1814441360816,25.0681998923707,25.0990971001769,25.2174501739369,25.2225928617629,25.3356668224182,25.4075581805922,25.2328774638867,25.1968768433364,25.2071640245704,25.2997022573604,25.2380193782588,25.2483024338098,25.2997022573604,25.2277352917338,25.3048408239653,25.2945634334578,25.3716187925976,25.3664835674914,25.2997022573604,25.3921571255997,25.2277352917338,25.4229569268991,25.3048408239653,25.2225928617629,25.2380193782588,25.2688654531791,25.2277352917338,25.3305297988212,25.2637250847104,25.3408035889768,25.2688654531791,25.2894243522202,25.3818884725093,25.2997022573604,25.3408035889768,25.2483024338098,25.2380193782588,25.325392518149,25.2894243522202,25.1145422104357,25.2791454175921,25.2431610348875,25.2842850136107,25.1865886299367,25.3099791333095,25.1968768433364,25.1196900631945,25.2431610348875,25.1711543738743,25.3202549803643,25.2842850136107,25.14027888859,25.1454254487159,25.1042457289643,25.1454254487159,25.3305297988212,25.3202549803643,25.2637250847104,25.3356668224182,25.3202549803643,25.3459400985342,25.2225928617629,25.2945634334578,25.2483024338098,25.2483024338098,25.2380193782588,25.3510763511273,25.325392518149,25.3305297988212,25.3099791333095,25.2997022573604,25.3818884725093,25.3099791333095,25.2894243522202,25.3151171854302,25.4332214756594,25.3202549803643,25.2997022573604,25.3870229273887,25.4793992606996,25.3870229273887,25.2842850136107,25.3921571255997,25.4024247521646,25.3972910671794,25.3613480855689,25.4126913524992,25.3972910671794,25.3921571255997,25.5255563093646,25.3562123467933,25.3716187925976,25.4383533655169,25.2997022573604,25.2740055641272,25.2123072282184,25.2431610348875,25.3510763511273,25.494787246305,25.325392518149,25.3459400985342,25.5101729288625,25.3921571255997,25.3099791333095,25.4537474974415,25.4024247521646,25.4434849990752,25.2688654531791,25.3818884725093,25.3305297988212,25.3613480855689,25.3510763511273,25.3459400985342,25.3408035889768,25.3716187925976,25.3459400985342,25.3921571255997,25.3202549803643,25.3767537609245,25.3510763511273,25.4588783623232,25.3510763511273,25.3305297988212,25.2328774638867,25.2945634334578,25.2534435750629,25.2277352917338,25.2894243522202,25.3048408239653,25.2637250847104,25.3459400985342,25.3510763511273,25.3870229273887,25.3510763511273,25.4075581805922,25.4126913524992,25.3562123467933,25.4742694202044,25.4332214756594,25.4229569268991,25.4229569268991,25.4537474974415,25.4229569268991,25.4024247521646,25.3408035889768,25.3562123467933,25.3921571255997,25.3202549803643,25.2945634334578,25.2997022573604,25.3099791333095,25.2071640245704,25.3356668224182,25.3048408239653,25.3664835674914,25.3510763511273,25.1042457289643,25.2483024338098,25.2431610348875,25.2740055641272,25.325392518149,25.2740055641272,25.2894243522202,25.2225928617629,25.4126913524992,25.3305297988212,25.2791454175921,25.4280893294658,25.4075581805922,25.2225928617629,25.3459400985342,25.2225928617629,25.2945634334578,25.3818884725093,25.2997022573604,25.3870229273887,25.2791454175921,25.2483024338098,25.3664835674914,25.2842850136107,25.2791454175921,25.4332214756594,25.5306835914689,25.5563161681696,25.7457990516862,25.8378540189647,25.8531885241579,25.9247194166704,25.7816079769097,25.8122914408466,25.9553603376162,25.8940693936838,25.8940693936838,25.8327420103839,25.8582995191601
25.1865886299367,25.2174501739369,25.0681998923707,25.0733500742259,25.1351320700124,25.1557177937613,25.2534435750629,25.2945634334578,25.2328774638867,25.2328774638867,25.2020205629554,25.3202549803643,25.2225928617629,25.14027888859,25.1505717504272,25.2894243522202,25.1968768433364,25.3099791333095,25.2945634334578,25.2123072282184,25.2842850136107,25.2277352917338,25.0578987516956,25.1711543738743,25.2740055641272,25.2842850136107,25.2174501739369,25.0990971001769,25.0939482126385,25.1814441360816,25.2071640245704,25.2328774638867,25.1608635787557,25.2688654531791,25.2483024338098,25.2997022573604,25.2791454175921,25.3972910671794,25.3048408239653,25.2740055641272,25.2894243522202,25.2637250847104,25.3151171854302,25.3972910671794,25.3356668224182,25.1454254487159,25.1505717504272,25.1968768433364,25.2225928617629,25.2225928617629,25.2174501739369,25.2174501739369,25.1299849929454,25.0887990663117,25.1557177937613,25.1660091054476,25.2945634334578,25.3151171854302,25.2483024338098,25.2842850136107,25.2842850136107,25.1557177937613,25.2483024338098,25.2791454175921,25.3099791333095,25.1814441360816,25.3408035889768,25.3459400985342,25.2123072282184,25.0630494515398,25.0063774992726,25.3408035889768,25.2483024338098,25.2020205629554,25.2483024338098,25.2894243522202,25.3562123467933,25.4383533655169,25.4229569268991,25.2020205629554,25.1968768433364,25.4024247521646,25.3459400985342,25.1968768433364,25.1505717504272,25.2997022573604,25.2945634334578,25.2328774638867,25.2688654531791,25.258584458684,25.2380193782588,25.1145422104357,25.1145422104357,25.2483024338098,25.258584458684,25.258584458684,25.2740055641272,25.1299849929454,25.1505717504272,25.0681998923707,25.1505717504272,25.2431610348875,25.2894243522202,25.3818884725093,25.3099791333095,25.3664835674914,25.2020205629554,25.4075581805922,25.3664835674914,25.3664835674914,25.1917328656758,25.2842850136107,25.258584458684,25.3151171854302,25.3356668224182,25.3972910671794,25.3921571255997,25.2020205629554,25.1865886299367,25.1454254487159,25.2431610348875,25.2945634334578,25.2945634334578,25.4126913524992,25.5204287715866,25.4793992606996,25.3356668224182,25.4588783623232,25.3921571255997,25.3870229273887,25.3408035889768,25.4486163763711,25.3408035889768,25.325392518149,25.325392518149,25.1865886299367,25.1865886299367,25.1762993840732,25.258584458684,25.2225928617629,25.2174501739369,25.494787246305,25.3818884725093,25.3408035889768,25.3870229273887,25.3510763511273,25.3151171854302,25.3562123467933,25.4280893294658,25.3716187925976,25.3716187925976,25.3356668224182,25.325392518149,25.3767537609245,25.3562123467933,25.4024247521646,25.3408035889768,25.4229569268991,25.4383533655169,25.3356668224182,25.4588783623232,25.3510763511273,25.4280893294658,25.325392518149,25.3870229273887,25.5921910475291,25.3151171854302,25.4126913524992,25.3818884725093,25.3202549803643,25.2842850136107,25.2277352917338,25.2534435750629,25.3099791333095,25.3202549803643,25.2688654531791,25.4434849990752,25.2894243522202,25.3613480855689,25.3716187925976,25.3356668224182,25.3305297988212,25.3459400985342,25.4691393236678,25.3972910671794,25.3562123467933,25.3716187925976,25.4383533655169,25.4383533655169,25.4280893294658,25.4229569268991,25.4178242679226,25.3356668224182,25.3613480855689,25.3716187925976,25.2997022573604,25.1968768433364,25.2945634334578,25.3716187925976,25.3767537609245,25.2842850136107,25.2534435750629,25.2740055641272,25.2483024338098,25.2534435750629,25.2020205629554,25.2534435750629,25.2791454175921,25.2637250847104,25.2791454175921,25.4126913524992,25.2225928617629,25.4024247521646,25.325392518149,25.3818884725093,25.2174501739369,25.1814441360816,25.2431610348875,25.3151171854302,25.2791454175921,25.3459400985342,25.3151171854302,25.3767537609245,25.2483024338098,25.3716187925976,25.2534435750629,25.4178242679226,25.4434849990752,25.5563161681696,25.6741438357205,25.7304485586408,25.8174044635856,25.7816079769097,25.9145037540644,25.7406824748218,25.7560314431445,25.9093955434194,25.8071781644774,25.8276297483179,25.7202136256143
25.2071640245704,25.2225928617629,25.3151171854302,25.258584458684,25.2637250847104,25.2945634334578,25.3151171854302,25.2277352917338,25.1299849929454,25.2123072282184,25.2071640245704,25.2483024338098,25.325392518149,25.3305297988212,25.1660091054476,25.2071640245704,25.2328774638867,25.3099791333095,25.2534435750629,25.2328774638867,25.1865886299367,25.4486163763711,25.2997022573604,25.0887990663117,25.2483024338098,25.3664835674914,25.2688654531791,25.3459400985342,25.2277352917338,25.2431610348875,25.2277352917338,25.2483024338098,25.2534435750629,25.3202549803643,25.3305297988212,25.2997022573604,25.2791454175921,25.2071640245704,25.2431610348875,25.2534435750629,25.2894243522202,25.2174501739369,25.4280893294658,25.1762993840732,25.258584458684,25.1660091054476,25.0424450977087,25.2020205629554,25.2123072282184,25.2688654531791,25.2174501739369,25.2225928617629,25.2328774638867,25.1557177937613,25.1505717504272,25.2431610348875,25.3099791333095,25.3870229273887,25.3972910671794,25.3921571255997,25.2637250847104,25.3048408239653,25.2637250847104,25.3562123467933,25.3664835674914,25.3202549803643,25.3459400985342,25.2020205629554,25.2740055641272,25.1814441360816,25.1093940990381,25.2842850136107,25.2945634334578,25.2483024338098,25.2637250847104,25.1608635787557,25.4280893294658,25.4691393236678,25.3356668224182,25.258584458684,25.3459400985342,25.3716187925976,25.3099791333095,25.3459400985342,25.1865886299367,25.2791454175921,25.2894243522202,25.3151171854302,25.2945634334578,25.1917328656758,25.2740055641272,25.1557177937613,25.2791454175921,25.2740055641272,25.3099791333095,25.1608635787557,25.3459400985342,25.14027888859,25.1351320700124,25.0784999971428,25.2431610348875,25.2997022573604,25.2071640245704,25.3664835674914,25.4588783623232,25.4332214756594,25.2945634334578,25.2431610348875,25.3459400985342,25.2225928617629,25.2380193782588,25.2380193782588,25.1505717504272,25.2997022573604,25.3099791333095,25.3818884725093,25.2791454175921,25.1351320700124,25.14027888859,25.2328774638867,25.2945634334578,25.4588783623232,25.4434849990752,25.4383533655169,25.494787246305,25.4126913524992,25.4126913524992,25.3921571255997,25.3870229273887,25.3356668224182,25.4896581737131,25.4383533655169,25.3870229273887,25.4332214756594,25.3767537609245,25.3818884725093,25.3305297988212,25.3510763511273,25.2997022573604,25.2894243522202,25.3202549803643,25.3305297988212,25.3408035889768,25.3716187925976,25.3305297988212,25.3613480855689,25.3664835674914,25.4280893294658,25.3870229273887,25.4383533655169,25.4383533655169,25.3921571255997,25.4742694202044,25.4126913524992,25.3202549803643,25.3510763511273,25.3099791333095,25.3562123467933,25.3099791333095,25.3562123467933,25.3562123467933,25.4126913524992,25.5050446238429,25.3099791333095,25.3716187925976,25.3356668224182,25.325392518149,25.3459400985342,25.3099791333095,25.3099791333095,25.3408035889768,25.2894243522202,25.258584458684,25.3459400985342,25.3562123467933,25.3202549803643,25.3870229273887,25.2688654531791,25.325392518149,25.3562123467933,25.3716187925976,25.4126913524992,25.4126913524992,25.4588783623232,25.4126913524992,25.4845288451903,25.6485405982759,25.4383533655169,25.4280893294658,25.3305297988212,25.4383533655169,25.3562123467933,25.3459400985342,25.2225928617629,25.4178242679226,25.4024247521646,25.2688654531791,25.3510763511273,25.2997022573604,25.2945634334578,25.1660091054476,25.2483024338098,25.3099791333095,25.3048408239653,25.3921571255997,25.2534435750629,25.3562123467933,25.2945634334578,25.3818884725093,25.3356668224182,25.4126913524992,25.3972910671794,25.464008971053,25.3664835674914,25.3305297988212,25.2894243522202,25.1557177937613,25.2534435750629,25.2277352917338,25.325392518149,25.3048408239653,25.4691393236678,25.3972910671794,25.2277352917338,25.2123072282184,25.258584458684,25.4024247521646,25.3972910671794,25.5870668306474,25.7355656438188,25.8480772758155,25.8225172327306,25.9093955434194,25.8940693936838,25.7867225219738,25.8378540189647,25.9451477081579,25.8122914408466,25.8991783632653,25.8276297483179
25.2123072282184,25.2174501739369,25.1196900631945,25.1351320700124,25.3613480855689,25.2688654531791,25.2225928617629,25.1299849929454,25.2020205629554,25.2225928617629,25.2174501739369,25.1711543738743,25.2945634334578,25.2534435750629,25.325392518149,25.3305297988212,25.3202549803643,25.2123072282184,25.2277352917338,25.2380193782588,25.2945634334578,25.2123072282184,25.0836496611589,25.2020205629554,25.1505717504272,25.2791454175921,25.3459400985342,25.1145422104357,25.14027888859,25.2483024338098,25.1865886299367,25.258584458684,25.2637250847104,25.2740055641272,25.2688654531791,25.124837657352,25.1145422104357,25.2637250847104,25.2894243522202,25.2020205629554,25.2483024338098,25.2071640245704,25.4742694202044,25.1351320700124,25.0887990663117,25.2534435750629,25.1351320700124,25.1196900631945,25.1093940990381,25.1608635787557,25.14027888859,25.2380193782588,25.2174501739369,25.2277352917338,25.3664835674914,25.3356668224182,25.2688654531791,25.2637250847104,25.2791454175921,25.2637250847104,25.2483024338098,25.2637250847104,25.2380193782588,25.2740055641272,25.3305297988212,25.2688654531791,25.3408035889768,25.0681998923707,25.0475965748176,25.1557177937613,25.2277352917338,25.1196900631945,25.2483024338098,25.2791454175921,25.4126913524992,25.2894243522202,25.3202549803643,25.2328774638867,25.2123072282184,25.3048408239653,25.2997022573604,25.3099791333095,25.3202549803643,25.3767537609245,25.3613480855689,25.2380193782588,25.3510763511273,25.3356668224182,25.325392518149,25.3151171854302,25.2071640245704,25.2123072282184,25.124837657352,25.1968768433364,25.3356668224182,25.2791454175921,25.258584458684,25.2123072282184,25.2277352917338,25.14027888859,25.2020205629554,25.2894243522202,25.3202549803643,25.4280893294658,25.4024247521646,25.4229569268991,25.3459400985342,25.3664835674914,25.3716187925976,25.3818884725093,25.2431610348875,25.3664835674914,25.2431610348875,25.2894243522202,25.3356668224182,25.3151171854302,25.3408035889768,25.2483024338098,25.1814441360816,25.124837657352,25.3048408239653,25.4229569268991,25.4537474974415,25.4229569268991,25.4742694202044,25.494787246305,25.5819423585322,25.4229569268991,25.3921571255997,25.4742694202044,25.5306835914689,25.4896581737131,25.4332214756594,25.3305297988212,25.3305297988212,25.3870229273887,25.3613480855689,25.2328774638867,25.2945634334578,25.3408035889768,25.2945634334578,25.2842850136107,25.2791454175921,25.2071640245704,25.3818884725093,25.3972910671794,25.2791454175921,25.2894243522202,25.3870229273887,25.5716926484544,25.5511901638832,25.4332214756594,25.4229569268991,25.3613480855689,25.3408035889768,25.2637250847104,25.3716187925976,25.3459400985342,25.3972910671794,25.4742694202044,25.3408035889768,25.3099791333095,25.3356668224182,25.3818884725093,25.3356668224182,25.3562123467933,25.3664835674914,25.2123072282184,25.2071640245704,25.2534435750629,25.3921571255997,25.4075581805922,25.3408035889768,25.2842850136107,25.2842850136107,25.3048408239653,25.2688654531791,25.2688654531791,25.3202549803643,25.4024247521646,25.4126913524992,25.325392518149,25.3510763511273,25.4229569268991,25.2894243522202,25.4229569268991,25.3562123467933,25.4229569268991,25.4178242679226,25.4383533655169,25.3151171854302,25.3716187925976,25.3818884725093,25.4332214756594,25.4229569268991,25.3767537609245,25.4126913524992,25.2534435750629,25.3664835674914,25.3664835674914,25.2997022573604,25.2997022573604,25.2328774638867,25.2534435750629,25.3356668224182,25.258584458684,25.3716187925976,25.3767537609245,25.4280893294658,25.3716187925976,25.3870229273887,25.4229569268991,25.3356668224182,25.3151171854302,25.2997022573604,25.3972910671794,25.2842850136107,25.1608635787557,25.2688654531791,25.325392518149,25.464008971053,25.3716187925976,25.3510763511273,25.2483024338098,25.3356668224182,25.3099791333095,25.3767537609245,25.5050446238429,25.5716926484544,25.5306835914689,25.5870668306474,25.863410260858,25.7304485586408,25.9298268687038,25.8122914408466,25.9451477081579,25.8071781644774,25.8225172327306,25.7764931779977,25.8889601710514
25.0733500742259,25.2842850136107,25.2637250847104,25.1711543738743,25.2174501739369,25.3202549803643,25.2277352917338,25.2328774638867,25.3356668224182,25.2071640245704,25.2483024338098,25.1711543738743,25.2894243522202,25.2997022573604,25.3459400985342,25.325392518149,25.325392518149,25.2380193782588,25.2894243522202,25.2174501739369,25.2174501739369,25.1917328656758,25.0527477928007,25.0836496611589,25.2174501739369,25.0784999971428,25.1042457289643,25.258584458684,25.2071640245704,25.2020205629554,25.325392518149,25.1917328656758,25.2534435750629,25.2020205629554,25.1917328656758,25.1351320700124,25.124837657352,25.1814441360816,25.3408035889768,25.2842850136107,25.2791454175921,25.2534435750629,25.3972910671794,25.1299849929454,25.0372933614365,25.2071640245704,25.2174501739369,25.1814441360816,25.2123072282184,25.1557177937613,25.2277352917338,25.2431610348875,25.2842850136107,25.2328774638867,25.3408035889768,25.3613480855689,25.2894243522202,25.2740055641272,25.258584458684,25.1299849929454,25.2791454175921,25.3305297988212,25.2380193782588,25.3151171854302,25.2071640245704,25.2945634334578,25.3510763511273,25.0475965748176,25.0218365972651,25.0424450977087,25.1968768433364,25.2945634334578,25.2123072282184,25.2894243522202,25.2740055641272,25.2380193782588,25.1968768433364,25.2328774638867,25.3202549803643,25.4126913524992,25.2225928617629,25.3818884725093,25.3099791333095,25.1608635787557,25.1660091054476,25.2945634334578,25.3305297988212,25.3099791333095,25.2534435750629,25.2123072282184,25.3562123467933,25.2225928617629,25.1557177937613,25.258584458684,25.2791454175921,25.2688654531791,25.2071640245704,25.2071640245704,25.1711543738743,25.2071640245704,25.2123072282184,25.258584458684,25.258584458684,25.3921571255997,25.5973150092137,25.4742694202044,25.3767537609245,25.3510763511273,25.2842850136107,25.2328774638867,25.2225928617629,25.3459400985342,25.258584458684,25.3408035889768,25.2945634334578,25.325392518149,25.3510763511273,25.3305297988212,25.1557177937613,25.4126913524992,25.464008971053,25.4332214756594,25.4332214756594,25.4793992606996,25.4537474974415,25.4024247521646,25.4999160630027,25.4178242679226,25.2894243522202,25.4742694202044,25.4126913524992,25.3664835674914,25.325392518149,25.2123072282184,25.3870229273887,25.3099791333095,25.3099791333095,25.3099791333095,25.3767537609245,25.3459400985342,25.2534435750629,25.3151171854302,25.2688654531791,25.3202549803643,25.3356668224182,25.3202549803643,25.3972910671794,25.3972910671794,25.3972910671794,25.2997022573604,25.4434849990752,25.3767537609245,25.2997022573604,25.2740055641272,25.325392518149,25.3151171854302,25.3972910671794,25.4024247521646,25.4229569268991,25.3921571255997,25.3151171854302,25.2945634334578,25.2277352917338,25.3716187925976,25.325392518149,25.3510763511273,25.325392518149,25.3921571255997,25.3767537609245,25.2328774638867,25.2637250847104,25.2894243522202,25.2997022573604,25.2328774638867,25.2431610348875,25.2842850136107,25.3356668224182,25.2688654531791,25.4024247521646,25.3870229273887,25.4178242679226,25.3921571255997,25.3972910671794,25.4024247521646,25.3664835674914,25.3459400985342,25.3510763511273,25.3664835674914,25.3562123467933,25.4332214756594,25.4229569268991,25.3664835674914,25.3408035889768,25.3151171854302,25.4383533655169,25.4178242679226,25.3870229273887,25.3921571255997,25.3099791333095,25.2791454175921,25.3921571255997,25.1814441360816,25.2945634334578,25.2997022573604,25.1968768433364,25.2894243522202,25.2997022573604,25.2688654531791,25.3459400985342,25.2997022573604,25.4999160630027,25.5460639041067,25.4024247521646,25.3048408239653,25.2842850136107,25.4383533655169,25.2791454175921,25.3099791333095,25.4383533655169,25.4793992606996,25.4845288451903,25.464008971053,25.3818884725093,25.2791454175921,25.325392518149,25.3870229273887,25.4024247521646,25.4793992606996,25.4845288451903,25.5870668306474,25.602438715738,25.622930990963,25.8327420103839,25.9655719566022,25.9604662734002,25.8020646344419,25.7764931779977,26.0064083335824,25.6843833481574,25.7764931779977
25.3716187925976,25.2328774638867,25.2997022573604,25.2071640245704,25.2225928617629,25.3408035889768,25.3459400985342,25.3459400985342,25.2277352917338,25.3356668224182,25.2071640245704,25.2997022573604,25.1968768433364,25.2894243522202,25.3305297988212,25.325392518149,25.2534435750629,25.4845288451903,25.4691393236678,25.3818884725093,25.2174501739369,25.2842850136107,25.4126913524992,25.3099791333095,25.3870229273887,25.3664835674914,25.3459400985342,25.2483024338098,25.2123072282184,25.2071640245704,25.2997022573604,25.2431610348875,25.3099791333095,25.2534435750629,25.258584458684,25.1608635787557,25.2328774638867,25.2534435750629,25.3767537609245,25.494787246305,25.3664835674914,25.2431610348875,25.4332214756594,25.3048408239653,25.2894243522202,25.1711543738743,25.3356668224182,25.2894243522202,25.1865886299367,25.2020205629554,25.2277352917338,25.2740055641272,25.2688654531791,25.3048408239653,25.4486163763711,25.3408035889768,25.3921571255997,25.2997022573604,25.3305297988212,25.3151171854302,25.2277352917338,25.2431610348875,25.2380193782588,25.3459400985342,25.2071640245704,25.1505717504272,25.3510763511273,25.3099791333095,25.1711543738743,25.1042457289643,25.2123072282184,25.2174501739369,25.2020205629554,25.3151171854302,25.3818884725093,25.1196900631945,25.2431610348875,25.3099791333095,25.3305297988212,25.2328774638867,25.2431610348875,25.3870229273887,25.325392518149,25.3151171854302,25.3202549803643,25.3099791333095,25.3870229273887,25.3408035889768,25.3613480855689,25.325392518149,25.3510763511273,25.3767537609245,25.3202549803643,25.2483024338098,25.3664835674914,25.3613480855689,25.3048408239653,25.0424450977087,25.0424450977087,25.2071640245704,25.2225928617629,25.3048408239653,25.3151171854302,25.3716187925976,25.5153009780981,25.4178242679226,25.2791454175921,25.2842850136107,25.3664835674914,25.2431610348875,25.1762993840732,25.2174501739369,25.2688654531791,25.325392518149,25.3613480855689,25.3408035889768,25.2791454175921,25.2328774638867,25.2020205629554,25.4126913524992,25.4229569268991,25.5614419170025,25.5614419170025,25.5614419170025,25.4691393236678,25.4434849990752,25.5665674104186,25.5101729288625,25.5306835914689,25.5409373888032,25.3921571255997,25.4229569268991,25.2945634334578,25.3356668224182,25.3408035889768,25.4896581737131,25.325392518149,25.2997022573604,25.3202549803643,25.325392518149,25.3151171854302,25.3151171854302,25.3818884725093,25.1968768433364,25.4434849990752,25.3870229273887,25.4075581805922,25.3818884725093,25.2894243522202,25.4126913524992,25.4588783623232,25.2740055641272,25.4126913524992,25.3305297988212,25.3305297988212,25.494787246305,25.2945634334578,25.3921571255997,25.2740055641272,25.4024247521646,25.3870229273887,25.4075581805922,25.3562123467933,25.4075581805922,25.4178242679226,25.3202549803643,25.325392518149,25.3562123467933,25.3664835674914,25.3510763511273,25.4024247521646,25.3151171854302,25.2431610348875,25.2020205629554,25.3099791333095,25.2688654531791,25.3921571255997,25.3305297988212,25.4075581805922,25.4024247521646,25.3972910671794,25.3972910671794,25.4024247521646,25.4075581805922,25.3613480855689,25.325392518149,25.3664835674914,25.3562123467933,25.4434849990752,25.3921571255997,25.4280893294658,25.3972910671794,25.3921571255997,25.3664835674914,25.4280893294658,25.4075581805922,25.4229569268991,25.3151171854302,25.325392518149,25.3048408239653,25.3305297988212,25.3305297988212,25.3048408239653,25.2894243522202,25.2945634334578,25.2071640245704,25.2894243522202,25.2894243522202,25.3767537609245,25.3767537609245,25.4126913524992,25.4486163763711,25.4691393236678,25.258584458684,25.2894243522202,25.3664835674914,25.2688654531791,25.3921571255997,25.3613480855689,25.3613480855689,25.2534435750629,25.3664835674914,25.3613480855689,25.3099791333095,25.3356668224182,25.3202549803643,25.4126913524992,25.4588783623232,25.6895027225489,25.5050446238429,25.6639033048348,25.6741438357205,25.8225172327306,25.9247194166704,25.8582995191601,25.8889601710514,25.9093955434194,26.0013046697413,25.7867225219738,25.7611472578112
25.3767537609245,25.1968768433364,25.1042457289643,25.2328774638867,25.2225928617629,25.2123072282184,25.1968768433364,25.2431610348875,25.3459400985342,25.3562123467933,25.2277352917338,25.3767537609245,25.3099791333095,25.3356668224182,25.3408035889768,25.4229569268991,25.3716187925976,25.3510763511273,25.4229569268991,25.3716187925976,25.2740055641272,25.3151171854302,25.2842850136107,25.3664835674914,25.4229569268991,25.4486163763711,25.2380193782588,25.4434849990752,25.1814441360816,25.2174501739369,25.1660091054476,25.2740055641272,25.2997022573604,25.258584458684,25.1299849929454,25.2174501739369,25.2637250847104,25.3664835674914,25.4229569268991,25.494787246305,25.3613480855689,25.4280893294658,25.4126913524992,25.325392518149,25.3099791333095,25.0887990663117,25.2020205629554,25.4229569268991,25.2945634334578,25.3921571255997,25.258584458684,25.3356668224182,25.2431610348875,25.2483024338098,25.3202549803643,25.258584458684,25.2842850136107,25.2328774638867,25.3048408239653,25.3356668224182,25.3048408239653,25.3356668224182,25.3151171854302,25.2945634334578,25.3151171854302,25.3099791333095,25.2842850136107,25.2071640245704,25.14027888859,25.2380193782588,25.2945634334578,25.2842850136107,25.3562123467933,25.3870229273887,25.2688654531791,25.2483024338098,25.2277352917338,25.1865886299367,25.2071640245704,25.2328774638867,25.2123072282184,25.3202549803643,25.2791454175921,25.3305297988212,25.3664835674914,25.3099791333095,25.2483024338098,25.3664835674914,25.3716187925976,25.3305297988212,25.3099791333095,25.2688654531791,25.3408035889768,25.1917328656758,25.1814441360816,25.3048408239653,25.2842850136107,25.2431610348875,25.0836496611589,25.2174501739369,25.2842850136107,25.3459400985342,25.325392518149,25.2945634334578,25.4075581805922,25.3972910671794,25.3510763511273,25.2688654531791,25.2534435750629,25.3202549803643,25.3510763511273,25.4332214756594,25.2688654531791,25.4793992606996,25.4742694202044,25.3048408239653,25.3870229273887,25.3664835674914,25.2842850136107,25.5614419170025,25.5768176311468,25.5511901638832,25.5614419170025,25.4691393236678,25.4126913524992,25.6946218424375,25.5409373888032,25.5153009780981,25.4896581737131,25.5204287715866,25.4537474974415,25.4178242679226,25.2740055641272,25.3459400985342,25.325392518149,25.2637250847104,25.2945634334578,25.3716187925976,25.494787246305,25.2894243522202,25.325392518149,25.4178242679226,25.3305297988212,25.3972910671794,25.5204287715866,25.4537474974415,25.3408035889768,25.4024247521646,25.4691393236678,25.4896581737131,25.4691393236678,25.4332214756594,25.4999160630027,25.4024247521646,25.4588783623232,25.4486163763711,25.4434849990752,25.3870229273887,25.4229569268991,25.3459400985342,25.3972910671794,25.4126913524992,25.325392518149,25.3356668224182,25.4229569268991,25.3099791333095,25.3408035889768,25.4075581805922,25.2483024338098,25.3305297988212,25.4126913524992,25.2997022573604,25.2431610348875,25.2997022573604,25.2791454175921,25.3716187925976,25.2688654531791,25.3151171854302,25.3099791333095,25.4178242679226,25.3870229273887,25.4229569268991,25.4332214756594,25.3972910671794,25.4075581805922,25.3562123467933,25.3305297988212,25.3664835674914,25.4588783623232,25.4178242679226,25.4178242679226,25.5665674104186,25.3972910671794,25.464008971053,25.4383533655169,25.4280893294658,25.3202549803643,25.3202549803643,25.3048408239653,25.3305297988212,25.3048408239653,25.2740055641272,25.1917328656758,25.1762993840732,25.3716187925976,25.2894243522202,25.3151171854302,25.2431610348875,25.2740055641272,25.2483024338098,25.3356668224182,25.3356668224182,25.2688654531791,25.2945634334578,25.2945634334578,25.2842850136107,25.4126913524992,25.3664835674914,25.3818884725093,25.2688654531791,25.325392518149,25.258584458684,25.2328774638867,25.2945634334578,25.2791454175921,25.3202549803643,25.3767537609245,25.4896581737131,25.5460639041067,25.5255563093646,25.6331755985647,25.7099776754511,25.6639033048348,25.8071781644774,25.7867225219738,25.868520749288,25.8736309844862,25.9757825654037,25.8582995191601,25.8429657740965
25.1865886299367,25.2431610348875,25.2380193782588,25.1814441360816,25.2483024338098,25.1660091054476,25.1660091054476,25.1557177937613,25.3459400985342,25.3048408239653,25.2174501739369,25.3151171854302,25.1711543738743,25.1505717504272,25.3356668224182,25.3099791333095,25.1608635787557,25.2791454175921,25.4280893294658,25.4126913524992,25.325392518149,25.1968768433364,25.1865886299367,25.325392518149,25.4332214756594,25.4434849990752,25.3356668224182,25.3664835674914,25.3664835674914,25.3767537609245,25.3305297988212,25.2225928617629,25.3048408239653,25.2174501739369,25.2791454175921,25.2894243522202,25.1660091054476,25.2997022573604,25.3664835674914,25.4126913524992,25.4691393236678,25.3459400985342,25.3305297988212,25.2688654531791,25.1762993840732,25.2174501739369,25.1917328656758,25.2997022573604,25.4588783623232,25.4075581805922,25.3818884725093,25.2637250847104,25.2637250847104,25.3767537609245,25.4486163763711,25.3305297988212,25.2380193782588,25.3151171854302,25.2483024338098,25.2997022573604,25.258584458684,25.258584458684,25.2534435750629,25.2945634334578,25.2997022573604,25.1917328656758,25.1917328656758,25.124837657352,25.1917328656758,25.2020205629554,25.3151171854302,25.2945634334578,25.2842850136107,25.3151171854302,25.2842850136107,25.3202549803643,25.1557177937613,25.2328774638867,25.2740055641272,25.3510763511273,25.2997022573604,25.4332214756594,25.3099791333095,25.2740055641272,25.4075581805922,25.2894243522202,25.3202549803643,25.2997022573604,25.3202549803643,25.325392518149,25.2791454175921,25.2328774638867,25.3202549803643,25.3510763511273,25.2020205629554,25.2123072282184,25.2534435750629,25.1299849929454,25.1865886299367,25.2945634334578,25.2894243522202,25.3613480855689,25.3048408239653,25.258584458684,25.3356668224182,25.2842850136107,25.2328774638867,25.3921571255997,25.4588783623232,25.3151171854302,25.3099791333095,25.3562123467933,25.4999160630027,25.4999160630027,25.464008971053,25.4126913524992,25.4845288451903,25.5255563093646,25.3305297988212,25.4126913524992,25.4126913524992,25.3818884725093,25.4229569268991,25.3716187925976,25.4075581805922,25.5255563093646,25.4075581805922,25.3921571255997,25.5050446238429,25.4896581737131,25.4793992606996,25.464008971053,25.3562123467933,25.3356668224182,25.3459400985342,25.3151171854302,25.3510763511273,25.3562123467933,25.3870229273887,25.494787246305,25.3459400985342,25.3408035889768,25.3664835674914,25.4742694202044,25.4486163763711,25.3305297988212,25.3510763511273,25.4332214756594,25.4178242679226,25.2740055641272,25.2791454175921,25.3921571255997,25.3972910671794,25.4075581805922,25.3818884725093,25.4229569268991,25.3356668224182,25.4126913524992,25.3664835674914,25.3921571255997,25.3921571255997,25.3972910671794,25.4332214756594,25.5050446238429,25.4332214756594,25.4383533655169,25.4178242679226,25.3664835674914,25.4691393236678,25.3767537609245,25.2380193782588,25.258584458684,25.2842850136107,25.3870229273887,25.3151171854302,25.2637250847104,25.4024247521646,25.4229569268991,25.4434849990752,25.3767537609245,25.325392518149,25.3562123467933,25.2997022573604,25.4332214756594,25.3818884725093,25.4588783623232,25.3767537609245,25.3921571255997,25.5204287715866,25.4024247521646,25.4793992606996,25.5358106179362,25.4486163763711,25.2997022573604,25.494787246305,25.4229569268991,25.4434849990752,25.4229569268991,25.3818884725093,25.2894243522202,25.4332214756594,25.325392518149,25.2688654531791,25.2174501739369,25.3202549803643,25.3048408239653,25.3099791333095,25.3305297988212,25.3305297988212,25.3818884725093,25.2842850136107,25.4178242679226,25.3305297988212,25.2483024338098,25.3202549803643,25.258584458684,25.4024247521646,25.3716187925976,25.3972910671794,25.3921571255997,25.3818884725093,25.3767537609245,25.3767537609245,25.2791454175921,25.4178242679226,25.4332214756594,25.494787246305,25.494787246305,25.5921910475291,25.5409373888032,25.6331755985647,25.7764931779977,25.7816079769097,25.7816079769097,25.8020646344419,25.8531885241579,25.7867225219738,25.9604662734002,25.8531885241579,25.7713781252015
25.2328774638867,25.2431610348875,25.2328774638867,25.3099791333095,25.2431610348875,25.2431610348875,25.1865886299367,25.2842850136107,25.4742694202044,25.1968768433364,25.2020205629554,25.258584458684,25.1505717504272,25.0733500742259,25.3562123467933,25.3510763511273,25.4537474974415,25.3664835674914,25.2791454175921,25.4229569268991,25.2791454175921,25.1505717504272,25.4178242679226,25.4229569268991,25.325392518149,25.2894243522202,25.3510763511273,25.3767537609245,25.2431610348875,25.3972910671794,25.4691393236678,25.3818884725093,25.2945634334578,25.2945634334578,25.1814441360816,25.2740055641272,25.1711543738743,25.3664835674914,25.3767537609245,25.3305297988212,25.3664835674914,25.4434849990752,25.3202549803643,25.2483024338098,25.3202549803643,25.2431610348875,25.258584458684,25.258584458684,25.3562123467933,25.3972910671794,25.4024247521646,25.325392518149,25.4383533655169,25.4280893294658,25.325392518149,25.4486163763711,25.3408035889768,25.3151171854302,25.3202549803643,25.2740055641272,25.3664835674914,25.3562123467933,25.3613480855689,25.2740055641272,25.3767537609245,25.3767537609245,25.2945634334578,25.3613480855689,25.2328774638867,25.2431610348875,25.2791454175921,25.1145422104357,25.1145422104357,25.2174501739369,25.3099791333095,25.3510763511273,25.3459400985342,25.3664835674914,25.3664835674914,25.3408035889768,25.2534435750629,25.3408035889768,25.3716187925976,25.3510763511273,25.3664835674914,25.4075581805922,25.3099791333095,25.3151171854302,25.3613480855689,25.4126913524992,25.3305297988212,25.2894243522202,25.3305297988212,25.3202549803643,25.1711543738743,25.1968768433364,25.1814441360816,25.2225928617629,25.2020205629554,25.2071640245704,25.4588783623232,25.4280893294658,25.325392518149,25.3151171854302,25.3818884725093,25.2894243522202,25.325392518149,25.3562123467933,25.2328774638867,25.2071640245704,25.3510763511273,25.3613480855689,25.3408035889768,25.3716187925976,25.4896581737131,25.464008971053,25.4332214756594,25.2997022573604,25.2277352917338,25.2688654531791,25.325392518149,25.3664835674914,25.4075581805922,25.4845288451903,25.4999160630027,25.5050446238429,25.4280893294658,25.5511901638832,25.3972910671794,25.3870229273887,25.3613480855689,25.3613480855689,25.5358106179362,25.4537474974415,25.3408035889768,25.3305297988212,25.3459400985342,25.3048408239653,25.3818884725093,25.4537474974415,25.3921571255997,25.4742694202044,25.4075581805922,25.4178242679226,25.4024247521646,25.4126913524992,25.4383533655169,25.3972910671794,25.4691393236678,25.4024247521646,25.3972910671794,25.4588783623232,25.3972910671794,25.464008971053,25.4126913524992,25.4588783623232,25.3664835674914,25.3510763511273,25.3562123467933,25.4126913524992,25.3510763511273,25.4332214756594,25.4383533655169,25.4024247521646,25.464008971053,25.3459400985342,25.4075581805922,25.3151171854302,25.4588783623232,25.3510763511273,25.2380193782588,25.3099791333095,25.2842850136107,25.3870229273887,25.3048408239653,25.3048408239653,25.2842850136107,25.2740055641272,25.3202549803643,25.3202549803643,25.2225928617629,25.3356668224182,25.4280893294658,25.4845288451903,25.4845288451903,25.2997022573604,25.4332214756594,25.4332214756594,25.4434849990752,25.4280893294658,25.4588783623232,25.5101729288625,25.6178083047144,25.4486163763711,25.4434849990752,25.4999160630027,25.3613480855689,25.4588783623232,25.4332214756594,25.2945634334578,25.2945634334578,25.2534435750629,25.2791454175921,25.2123072282184,25.3151171854302,25.3305297988212,25.2380193782588,25.3818884725093,25.2431610348875,25.3510763511273,25.3921571255997,25.3613480855689,25.3305297988212,25.2894243522202,25.2842850136107,25.2380193782588,25.3818884725093,25.4126913524992,25.3767537609245,25.3510763511273,25.2123072282184,25.3664835674914,25.3305297988212,25.3408035889768,25.2688654531791,25.494787246305,25.5153009780981,25.5101729288625,25.5153009780981,25.4434849990752,25.5101729288625,25.643419186549,25.7764931779977,25.8582995191601,25.669023697602,25.863410260858,25.8787409664887,25.7764931779977,25.7764931779977,25.9145037540644
25.2740055641272,25.258584458684,25.2277352917338,25.325392518149,25.3202549803643,25.3818884725093,25.3151171854302,25.2945634334578,25.2997022573604,25.3151171854302,25.1608635787557,24.9651418204509,25.0939482126385,25.14027888859,25.325392518149,25.3972910671794,25.3305297988212,25.3408035889768,25.3562123467933,25.4075581805922,25.325392518149,25.14027888859,25.2842850136107,25.3151171854302,25.2020205629554,25.3870229273887,25.3408035889768,25.3870229273887,25.2020205629554,25.2328774638867,25.2123072282184,25.3099791333095,25.3408035889768,25.3767537609245,25.325392518149,25.3202549803643,25.3870229273887,25.4229569268991,25.4178242679226,25.4793992606996,25.3202549803643,25.3305297988212,25.2534435750629,25.2020205629554,25.2688654531791,25.3510763511273,25.1660091054476,25.1711543738743,25.3202549803643,25.3151171854302,25.2483024338098,25.325392518149,25.3099791333095,25.3305297988212,25.3613480855689,25.2945634334578,25.4537474974415,25.3767537609245,25.2380193782588,25.3151171854302,25.3716187925976,25.3664835674914,25.14027888859,25.2380193782588,25.2277352917338,25.2483024338098,25.3099791333095,25.3562123467933,25.3202549803643,25.2277352917338,24.9909160664447,25.2894243522202,25.3099791333095,25.2791454175921,25.3510763511273,25.3356668224182,25.3664835674914,25.3972910671794,25.3716187925976,25.4229569268991,25.3613480855689,25.3510763511273,25.3151171854302,25.4178242679226,25.4537474974415,25.3510763511273,25.3870229273887,25.3459400985342,25.3048408239653,25.2945634334578,25.2483024338098,25.3202549803643,25.3305297988212,25.4178242679226,25.2791454175921,25.2380193782588,25.2328774638867,25.1814441360816,25.2431610348875,25.2174501739369,25.2483024338098,25.4383533655169,25.5050446238429,25.325392518149,25.3870229273887,25.4075581805922,25.3921571255997,25.464008971053,25.3356668224182,25.3048408239653,25.3767537609245,25.5101729288625,25.4793992606996,25.5050446238429,25.4486163763711,25.4588783623232,25.3510763511273,25.2637250847104,25.3151171854302,25.3356668224182,25.325392518149,25.3151171854302,25.4280893294658,25.4280893294658,25.5101729288625,25.5050446238429,25.4126913524992,25.4383533655169,25.4332214756594,25.4126913524992,25.3767537609245,25.3664835674914,25.3767537609245,25.4537474974415,25.4383533655169,25.5255563093646,25.4588783623232,25.3305297988212,25.4742694202044,25.5101729288625,25.4793992606996,25.5255563093646,25.4383533655169,25.4383533655169,25.4229569268991,25.4691393236678,25.3972910671794,25.3716187925976,25.4691393236678,25.4075581805922,25.3818884725093,25.4793992606996,25.4280893294658,25.3510763511273,25.4434849990752,25.3613480855689,25.2842850136107,25.2225928617629,25.4075581805922,25.3459400985342,25.3921571255997,25.4537474974415,25.4229569268991,25.4229569268991,25.3202549803643,25.4229569268991,25.4126913524992,25.2945634334578,25.3510763511273,25.3921571255997,25.3510763511273,25.3408035889768,25.3202549803643,25.5050446238429,25.2688654531791,25.4280893294658,25.3613480855689,25.3099791333095,25.3202549803643,25.2020205629554,25.1814441360816,25.3151171854302,25.325392518149,25.4383533655169,25.3459400985342,25.4999160630027,25.5460639041067,25.4383533655169,25.4691393236678,25.4383533655169,25.4126913524992,25.4845288451903,25.5101729288625,25.4691393236678,25.4434849990752,25.4793992606996,25.4434849990752,25.4075581805922,25.325392518149,25.2894243522202,25.3151171854302,25.325392518149,25.3151171854302,25.3099791333095,25.2534435750629,25.2842850136107,25.2534435750629,25.3305297988212,25.3870229273887,25.3664835674914,25.3562123467933,25.3921571255997,25.3921571255997,25.3613480855689,25.3870229273887,25.3870229273887,25.3510763511273,25.3767537609245,25.5153009780981,25.4229569268991,25.3767537609245,25.3664835674914,25.2842850136107,25.2945634334578,25.2740055641272,25.4434849990752,25.4793992606996,25.4999160630027,25.4896581737131,25.494787246305,25.5665674104186,25.6126853634517,25.6639033048348,25.7048593188521,25.7816079769097,25.7816079769097,25.7867225219738,25.7764931779977,25.8480772758155,25.8531885241579
25.2380193782588,25.2534435750629,25.2842850136107,25.2842850136107,25.258584458684,25.2688654531791,25.2842850136107,25.2894243522202,25.2945634334578,25.4434849990752,25.1865886299367,25.1454254487159,25.1608635787557,25.1968768433364,25.2688654531791,25.4793992606996,25.3664835674914,25.3151171854302,25.2791454175921,25.2842850136107,25.2842850136107,25.2842850136107,25.3664835674914,25.1762993840732,25.124837657352,25.2842850136107,25.3151171854302,25.2894243522202,25.2071640245704,25.1814441360816,25.325392518149,25.4742694202044,25.4896581737131,25.3716187925976,25.4691393236678,25.4691393236678,25.5511901638832,25.5511901638832,25.5716926484544,25.4793992606996,25.3305297988212,25.2894243522202,25.2740055641272,25.2328774638867,25.3151171854302,25.1865886299367,25.325392518149,25.1762993840732,25.3664835674914,25.2842850136107,25.325392518149,25.2740055641272,25.2945634334578,25.4229569268991,25.3151171854302,25.4075581805922,25.4537474974415,25.4537474974415,25.4126913524992,25.3818884725093,25.3562123467933,24.9960701368761,25.2483024338098,25.3870229273887,25.4280893294658,25.2688654531791,25.4537474974415,25.325392518149,25.4332214756594,25.2483024338098,25.3151171854302,25.3459400985342,25.2791454175921,25.3048408239653,25.4383533655169,25.4383533655169,25.3767537609245,25.3356668224182,25.3716187925976,25.4742694202044,25.3716187925976,25.464008971053,25.3408035889768,25.2688654531791,25.2637250847104,25.3099791333095,25.2483024338098,25.3356668224182,25.2945634334578,25.3099791333095,25.325392518149,25.3151171854302,25.1711543738743,25.3356668224182,25.4332214756594,25.4126913524992,25.2534435750629,25.2123072282184,25.2894243522202,25.2534435750629,25.2688654531791,25.3921571255997,25.4075581805922,25.3510763511273,25.3562123467933,25.3716187925976,25.2123072282184,25.4434849990752,25.464008971053,25.3767537609245,25.3664835674914,25.5255563093646,25.5050446238429,25.3510763511273,25.4588783623232,25.4742694202044,25.325392518149,25.3099791333095,25.3202549803643,25.3202549803643,25.4075581805922,25.4588783623232,25.4383533655169,25.4486163763711,25.4434849990752,25.494787246305,25.4383533655169,25.4434849990752,25.4178242679226,25.4075581805922,25.5255563093646,25.3562123467933,25.4332214756594,25.3202549803643,25.4691393236678,25.4486163763711,25.4896581737131,25.4896581737131,25.4845288451903,25.5204287715866,25.4896581737131,25.5460639041067,25.4691393236678,25.4588783623232,25.5101729288625,25.5255563093646,25.4280893294658,25.3664835674914,25.4742694202044,25.4999160630027,25.3818884725093,25.4742694202044,25.464008971053,25.4229569268991,25.3408035889768,25.3408035889768,25.4178242679226,25.3202549803643,25.5511901638832,25.4845288451903,25.4742694202044,25.4691393236678,25.3613480855689,25.4588783623232,25.3972910671794,25.3870229273887,25.4280893294658,25.4024247521646,25.3870229273887,25.4793992606996,25.4024247521646,25.325392518149,25.325392518149,25.3408035889768,25.2791454175921,25.325392518149,25.3510763511273,25.2997022573604,25.4075581805922,25.3202549803643,25.3305297988212,25.3151171854302,25.3921571255997,25.3408035889768,25.4178242679226,25.4024247521646,25.4126913524992,25.4845288451903,25.4434849990752,25.3151171854302,25.4075581805922,25.3048408239653,25.4383533655169,25.5101729288625,25.4024247521646,25.3716187925976,25.4332214756594,25.4383533655169,25.4178242679226,25.3921571255997,25.3202549803643,25.3048408239653,25.2945634334578,25.1968768433364,25.3613480855689,25.4075581805922,25.3613480855689,25.3972910671794,25.4999160630027,25.3356668224182,25.4024247521646,25.4383533655169,25.3613480855689,25.3459400985342,25.3510763511273,25.2277352917338,25.5050446238429,25.3664835674914,25.4229569268991,25.4383533655169,25.3613480855689,25.4537474974415,25.3664835674914,25.3305297988212,25.4588783623232,25.3151171854302,25.494787246305,25.4793992606996,25.6126853634517,25.5973150092137,25.6126853634517,25.7662628184848,25.7611472578112,25.7713781252015,25.8122914408466,25.868520749288,25.8122914408466,25.8531885241579,25.9196117118026,25.9145037540644
25.2945634334578,25.2380193782588,25.2894243522202,25.2688654531791,25.2997022573604,25.3562123467933,25.2123072282184,25.2071640245704,25.2894243522202,25.2791454175921,25.1917328656758,25.3151171854302,25.2277352917338,25.2277352917338,25.2997022573604,25.2894243522202,25.3099791333095,25.3459400985342,25.3818884725093,25.4383533655169,25.3151171854302,25.3202549803643,25.2894243522202,25.3613480855689,25.2791454175921,25.2534435750629,25.2534435750629,25.2277352917338,25.2328774638867,25.3151171854302,25.2997022573604,25.2123072282184,25.2740055641272,25.3356668224182,25.2894243522202,25.3767537609245,25.4845288451903,25.5973150092137,25.4691393236678,25.4486163763711,25.3921571255997,25.2277352917338,25.2071640245704,25.2123072282184,25.4383533655169,25.325392518149,25.4229569268991,25.3767537609245,25.3767537609245,25.3613480855689,25.2997022573604,25.2997022573604,25.2791454175921,25.3408035889768,25.4434849990752,25.325392518149,25.4383533655169,25.5255563093646,25.3202549803643,25.1454254487159,25.2123072282184,25.3048408239653,25.3202549803643,25.3048408239653,25.3972910671794,25.2740055641272,25.4178242679226,25.2071640245704,25.3767537609245,25.4896581737131,25.4486163763711,25.5153009780981,25.325392518149,25.4537474974415,25.4126913524992,25.3048408239653,25.3510763511273,25.494787246305,25.3767537609245,25.3202549803643,25.4332214756594,25.3305297988212,25.2945634334578,25.3099791333095,25.2688654531791,25.3921571255997,25.325392518149,25.2997022573604,25.3613480855689,25.2791454175921,25.3356668224182,25.1814441360816,25.2997022573604,25.4126913524992,25.4486163763711,25.4691393236678,25.4588783623232,25.258584458684,25.3613480855689,25.3870229273887,25.4383533655169,25.4229569268991,25.4024247521646,25.3921571255997,25.4075581805922,25.3048408239653,25.2997022573604,25.4024247521646,25.3972910671794,25.3356668224182,25.4126913524992,25.494787246305,25.3459400985342,25.3664835674914,25.2894243522202,25.4383533655169,25.4229569268991,25.3099791333095,25.3510763511273,25.325392518149,25.4434849990752,25.5870668306474,25.4280893294658,25.3613480855689,25.3151171854302,25.4383533655169,25.4845288451903,25.3921571255997,25.5614419170025,25.4588783623232,25.3972910671794,25.5306835914689,25.4024247521646,25.5870668306474,25.4537474974415,25.4280893294658,25.4537474974415,25.4845288451903,25.5358106179362,25.4845288451903,25.4024247521646,25.3972910671794,25.4332214756594,25.4280893294658,25.5153009780981,25.4075581805922,25.4383533655169,25.3972910671794,25.3510763511273,25.3459400985342,25.3767537609245,25.3305297988212,25.3716187925976,25.3356668224182,25.3664835674914,25.3510763511273,25.4126913524992,25.2483024338098,25.3048408239653,25.3510763511273,25.3716187925976,25.3870229273887,25.3562123467933,25.4229569268991,25.3767537609245,25.4332214756594,25.3716187925976,25.3356668224182,25.3921571255997,25.3716187925976,25.3716187925976,25.2945634334578,25.2945634334578,25.3202549803643,25.3510763511273,25.3510763511273,25.3408035889768,25.3613480855689,25.4793992606996,25.3664835674914,25.3459400985342,25.3818884725093,25.3510763511273,25.325392518149,25.4229569268991,25.3664835674914,25.4075581805922,25.494787246305,25.4999160630027,25.3356668224182,25.4280893294658,25.3510763511273,25.4075581805922,25.4126913524992,25.3767537609245,25.4742694202044,25.4178242679226,25.325392518149,25.2688654531791,25.4075581805922,25.2534435750629,25.2842850136107,25.3459400985342,25.3818884725093,25.2894243522202,25.3510763511273,25.2688654531791,25.3818884725093,25.3510763511273,25.4896581737131,25.3818884725093,25.4845288451903,25.3408035889768,25.2431610348875,25.3459400985342,25.3972910671794,25.3664835674914,25.3510763511273,25.3870229273887,25.3664835674914,25.3408035889768,25.4537474974415,25.4434849990752,25.4537474974415,25.4691393236678,25.3408035889768,25.3099791333095,25.4793992606996,25.4845288451903,25.5050446238429,25.5460639041067,25.6075621671384,25.7816079769097,25.8020646344419,25.8174044635856,25.985992164309,25.8531885241579,25.863410260858,25.8480772758155,25.8991783632653
25.1968768433364,25.3099791333095,25.2945634334578,25.2945634334578,25.3356668224182,25.258584458684,25.2791454175921,25.2791454175921,25.2894243522202,25.2997022573604,25.3048408239653,25.2945634334578,25.1660091054476,25.2740055641272,25.3305297988212,25.3305297988212,25.3562123467933,25.2945634334578,25.3716187925976,25.4486163763711,25.3767537609245,25.4588783623232,25.2842850136107,25.3099791333095,25.4178242679226,25.2945634334578,25.258584458684,25.3305297988212,25.3459400985342,25.3305297988212,25.3099791333095,25.3921571255997,25.3972910671794,25.5101729288625,25.3510763511273,25.2997022573604,25.494787246305,25.5358106179362,25.4332214756594,25.4280893294658,25.3613480855689,25.1351320700124,25.2071640245704,25.1196900631945,25.1351320700124,25.14027888859,25.2174501739369,25.4742694202044,25.3818884725093,25.4178242679226,25.2894243522202,25.3151171854302,25.3356668224182,25.3562123467933,25.3870229273887,25.2431610348875,25.2740055641272,25.1454254487159,25.1454254487159,25.258584458684,25.2534435750629,25.3151171854302,25.3664835674914,25.3613480855689,25.4075581805922,25.2997022573604,25.258584458684,25.2020205629554,25.1968768433364,25.4126913524992,25.4691393236678,25.4178242679226,25.4280893294658,25.3099791333095,25.3767537609245,25.325392518149,25.4024247521646,25.3972910671794,25.4793992606996,25.4588783623232,25.3562123467933,25.4075581805922,25.3613480855689,25.2020205629554,25.258584458684,25.3099791333095,25.2945634334578,25.2997022573604,25.3099791333095,25.2945634334578,25.2945634334578,25.4126913524992,25.3356668224182,25.4075581805922,25.6536617552083,25.4280893294658,25.4280893294658,25.4024247521646,25.3613480855689,25.3510763511273,25.4896581737131,25.3921571255997,25.4075581805922,25.3562123467933,25.3408035889768,25.494787246305,25.4075581805922,25.5101729288625,25.4178242679226,25.2945634334578,25.4126913524992,25.3510763511273,25.3562123467933,25.3202549803643,25.4229569268991,25.3408035889768,25.2945634334578,25.2945634334578,25.3305297988212,25.4434849990752,25.4588783623232,25.5050446238429,25.5358106179362,25.3664835674914,25.3510763511273,25.4486163763711,25.4178242679226,25.5050446238429,25.4845288451903,25.6382975199907,25.4793992606996,25.3459400985342,25.4024247521646,25.4024247521646,25.5358106179362,25.4588783623232,25.4691393236678,25.4793992606996,25.464008971053,25.464008971053,25.494787246305,25.5563161681696,25.4999160630027,25.4588783623232,25.4178242679226,25.4126913524992,25.3305297988212,25.3664835674914,25.4332214756594,25.4588783623232,25.4845288451903,25.4126913524992,25.4486163763711,25.3921571255997,25.4691393236678,25.3356668224182,25.4383533655169,25.4845288451903,25.4280893294658,25.3510763511273,25.3716187925976,25.4486163763711,25.2842850136107,25.2945634334578,25.3613480855689,25.4434849990752,25.3613480855689,25.4229569268991,25.3562123467933,25.3459400985342,25.2894243522202,25.3767537609245,25.2894243522202,25.2740055641272,25.3151171854302,25.2842850136107,25.325392518149,25.3408035889768,25.3151171854302,25.2791454175921,25.3202549803643,25.3356668224182,25.4126913524992,25.325392518149,25.3510763511273,25.3510763511273,25.5255563093646,25.4126913524992,25.4793992606996,25.3048408239653,25.3408035889768,25.4075581805922,25.3510763511273,25.4229569268991,25.4383533655169,25.464008971053,25.3099791333095,25.325392518149,25.2791454175921,25.3151171854302,25.2894243522202,25.3305297988212,25.3202549803643,25.2637250847104,25.3151171854302,25.3202549803643,25.325392518149,25.3818884725093,25.3408035889768,25.3408035889768,25.4024247521646,25.5153009780981,25.3613480855689,25.3613480855689,25.3716187925976,25.3459400985342,25.3613480855689,25.4024247521646,25.3664835674914,25.3562123467933,25.3510763511273,25.3921571255997,25.325392518149,25.4486163763711,25.4434849990752,25.3408035889768,25.3459400985342,25.5204287715866,25.6485405982759,25.5716926484544,25.6997407078597,25.6639033048348,25.868520749288,25.669023697602,25.9042870798318,25.7918368132263,25.8071781644774,25.9757825654037,25.868520749288,25.8787409664887
25.3048408239653,25.2945634334578,25.3459400985342,25.3305297988212,25.2842850136107,25.2945634334578,25.2431610348875,25.2431610348875,25.2894243522202,25.258584458684,25.2688654531791,25.4024247521646,25.2997022573604,25.3048408239653,25.3818884725093,25.3562123467933,25.3818884725093,25.2894243522202,25.3613480855689,25.2894243522202,25.3818884725093,25.3613480855689,25.325392518149,25.3305297988212,25.2483024338098,25.2534435750629,25.3613480855689,25.2740055641272,25.2637250847104,25.3408035889768,25.3716187925976,25.3716187925976,25.5101729288625,25.2894243522202,25.4075581805922,25.2997022573604,25.2842850136107,25.3305297988212,25.2020205629554,25.2431610348875,25.1711543738743,25.1351320700124,25.1042457289643,25.1196900631945,25.1351320700124,25.2277352917338,25.2380193782588,25.2277352917338,25.3972910671794,25.3408035889768,25.325392518149,25.3664835674914,25.3202549803643,25.3664835674914,25.3408035889768,25.3048408239653,25.2431610348875,25.2894243522202,25.2894243522202,25.4024247521646,25.3459400985342,25.3870229273887,25.3921571255997,25.3767537609245,25.4383533655169,25.4383533655169,25.1917328656758,25.1917328656758,25.2842850136107,25.3151171854302,25.5101729288625,25.5563161681696,25.5511901638832,25.4332214756594,25.4126913524992,25.4896581737131,25.4229569268991,25.4178242679226,25.6331755985647,25.5819423585322,25.4383533655169,25.3972910671794,25.4075581805922,25.4024247521646,25.2791454175921,25.3305297988212,25.3510763511273,25.3048408239653,25.2997022573604,25.2894243522202,25.2945634334578,25.325392518149,25.2842850136107,25.464008971053,25.7509153744483,25.6126853634517,25.464008971053,25.494787246305,25.5101729288625,25.4434849990752,25.4178242679226,25.2791454175921,25.4024247521646,25.4229569268991,25.2174501739369,25.4845288451903,25.5716926484544,25.4126913524992,25.4178242679226,25.325392518149,25.4024247521646,25.3356668224182,25.4434849990752,25.602438715738,25.3613480855689,25.2894243522202,25.3613480855689,25.3870229273887,25.464008971053,25.3151171854302,25.4126913524992,25.4999160630027,25.4742694202044,25.4793992606996,25.3767537609245,25.4845288451903,25.5358106179362,25.5255563093646,25.5204287715866,25.5716926484544,25.5973150092137,25.4845288451903,25.4383533655169,25.4742694202044,25.4742694202044,25.4383533655169,25.4999160630027,25.3972910671794,25.4845288451903,25.5768176311468,25.4793992606996,25.4434849990752,25.3356668224182,25.4588783623232,25.3972910671794,25.4793992606996,25.3767537609245,25.4075581805922,25.3664835674914,25.4845288451903,25.4742694202044,25.4588783623232,25.4691393236678,25.5050446238429,25.3818884725093,25.4588783623232,25.3202549803643,25.2534435750629,25.3459400985342,25.2842850136107,25.3921571255997,25.4742694202044,25.4024247521646,25.4383533655169,25.4434849990752,25.4434849990752,25.4178242679226,25.3767537609245,25.3716187925976,25.2842850136107,25.2791454175921,25.1145422104357,25.3818884725093,25.3664835674914,25.3767537609245,25.2483024338098,25.2534435750629,25.3870229273887,25.3048408239653,25.325392518149,25.3767537609245,25.3202549803643,25.3459400985342,25.3664835674914,25.3716187925976,25.4126913524992,25.4793992606996,25.4896581737131,25.5870668306474,25.5050446238429,25.3767537609245,25.3459400985342,25.3972910671794,25.3562123467933,25.4126913524992,25.4178242679226,25.3305297988212,25.5768176311468,25.3048408239653,25.3408035889768,25.2483024338098,25.2431610348875,25.3305297988212,25.3562123467933,25.3408035889768,25.3664835674914,25.3099791333095,25.3151171854302,25.325392518149,25.2945634334578,25.3459400985342,25.4999160630027,25.5153009780981,25.4332214756594,25.4999160630027,25.464008971053,25.4229569268991,25.3664835674914,25.5306835914689,25.5306835914689,25.3767537609245,25.464008971053,25.4280893294658,25.4845288451903,25.494787246305,25.3459400985342,25.3562123467933,25.4229569268991,25.4691393236678,25.6075621671384,25.6126853634517,25.6946218424375,25.868520749288,25.863410260858,25.9298268687038,25.8480772758155,25.7611472578112,25.9451477081579,25.985992164309,25.9808874910754
25.3202549803643,25.3664835674914,25.3408035889768,25.3459400985342,25.3818884725093,25.3048408239653,25.325392518149,25.2688654531791,25.3510763511273,25.2894243522202,25.3921571255997,25.3664835674914,25.3818884725093,25.3664835674914,25.3305297988212,25.3613480855689,25.2894243522202,25.3921571255997,25.2791454175921,25.2328774638867,25.3151171854302,25.4229569268991,25.3459400985342,25.3664835674914,25.3613480855689,25.3767537609245,25.3459400985342,25.3921571255997,25.325392518149,25.2997022573604,25.3099791333095,25.2637250847104,25.3613480855689,25.4178242679226,25.3408035889768,25.3459400985342,25.4383533655169,25.2174501739369,25.124837657352,25.3510763511273,25.2483024338098,25.325392518149,25.2071640245704,25.2071640245704,25.2534435750629,25.2945634334578,25.3408035889768,25.3099791333095,25.2894243522202,25.3921571255997,25.3818884725093,25.2688654531791,25.1557177937613,25.0527477928007,25.2380193782588,25.2945634334578,25.2894243522202,25.2842850136107,25.2997022573604,25.3151171854302,25.4178242679226,25.3408035889768,25.3151171854302,25.2997022573604,25.2740055641272,25.2894243522202,25.0630494515398,25.2842850136107,25.2277352917338,25.2123072282184,25.3562123467933,25.4742694202044,25.4845288451903,25.4229569268991,25.3818884725093,25.4075581805922,25.4999160630027,25.6331755985647,25.5358106179362,25.4588783623232,25.602438715738,25.5153009780981,25.4434849990752,25.3716187925976,25.2791454175921,25.2997022573604,25.4383533655169,25.4486163763711,25.2997022573604,25.4075581805922,25.2328774638867,25.3151171854302,25.4434849990752,25.4126913524992,25.5921910475291,25.6075621671384,25.715095777693,25.602438715738,25.6331755985647,25.6741438357205,25.4486163763711,25.4178242679226,25.4280893294658,25.4537474974415,25.5460639041067,25.5255563093646,25.7099776754511,25.6382975199907,25.5409373888032,25.4434849990752,25.4691393236678,25.4383533655169,25.3716187925976,25.3562123467933,25.4588783623232,25.4280893294658,25.4691393236678,25.4332214756594,25.4486163763711,25.3716187925976,25.8071781644774,25.669023697602,25.6331755985647,25.643419186549,25.6280534222343,25.4999160630027,25.5204287715866,25.4896581737131,25.4999160630027,25.4075581805922,25.4999160630027,25.4178242679226,25.4845288451903,25.4896581737131,25.4383533655169,25.4845288451903,25.4845288451903,25.4742694202044,25.3408035889768,25.5050446238429,25.494787246305,25.5460639041067,25.4691393236678,25.4075581805922,25.4691393236678,25.4178242679226,25.464008971053,25.3921571255997,25.4999160630027,25.4896581737131,25.4999160630027,25.5153009780981,25.3870229273887,25.5204287715866,25.3921571255997,25.4793992606996,25.3356668224182,25.4896581737131,25.4126913524992,25.4332214756594,25.5204287715866,25.4229569268991,25.4178242679226,25.4332214756594,25.4588783623232,25.4537474974415,25.494787246305,25.4896581737131,25.3972910671794,25.3716187925976,25.4229569268991,25.3870229273887,25.3818884725093,25.3562123467933,25.3972910671794,25.2791454175921,25.258584458684,25.2997022573604,25.3408035889768,25.3972910671794,25.4845288451903,25.3972910671794,25.3356668224182,25.3767537609245,25.5511901638832,25.4537474974415,25.5204287715866,25.6331755985647,25.5101729288625,25.464008971053,25.3459400985342,25.3510763511273,25.3613480855689,25.3921571255997,25.4434849990752,25.3767537609245,25.3510763511273,25.4332214756594,25.4486163763711,25.325392518149,25.3459400985342,25.4537474974415,25.3664835674914,25.325392518149,25.3202549803643,25.3818884725093,25.3664835674914,25.3408035889768,25.3408035889768,25.4434849990752,25.3921571255997,25.5255563093646,25.622930990963,25.4999160630027,25.5665674104186,25.4742694202044,25.4486163763711,25.5460639041067,25.5306835914689,25.4434849990752,25.3972910671794,25.3202549803643,25.3767537609245,25.4588783623232,25.4999160630027,25.5153009780981,25.4332214756594,25.4896581737131,25.5870668306474,25.494787246305,25.6895027225489,25.8122914408466,25.8276297483179,25.8889601710514,25.8889601710514,25.8480772758155,25.8582995191601,25.8480772758155,25.9757825654037,25.7457990516862
25.3099791333095,25.3356668224182,25.3202549803643,25.3151171854302,25.3408035889768,25.2894243522202,25.3356668224182,25.3356668224182,25.3870229273887,25.2894243522202,25.3356668224182,25.2945634334578,25.3818884725093,25.4229569268991,25.3408035889768,25.3870229273887,25.3716187925976,25.2945634334578,25.1711543738743,25.3099791333095,25.2945634334578,25.4075581805922,25.4486163763711,25.4588783623232,25.4332214756594,25.4280893294658,25.5665674104186,25.4434849990752,25.3048408239653,25.2997022573604,25.3408035889768,25.2997022573604,25.4178242679226,25.3664835674914,25.3510763511273,25.4178242679226,25.3356668224182,25.2380193782588,25.3510763511273,25.2945634334578,25.3459400985342,25.3613480855689,25.2431610348875,25.3099791333095,25.3562123467933,25.5614419170025,25.4588783623232,25.3716187925976,25.2945634334578,25.4280893294658,25.3972910671794,25.2483024338098,25.2277352917338,25.0630494515398,25.1968768433364,25.2431610348875,25.3459400985342,25.325392518149,25.3305297988212,25.4126913524992,25.325392518149,25.2020205629554,25.1711543738743,24.9599861922213,25.0166838239645,25.0733500742259,25.0887990663117,25.1093940990381,25.2071640245704,25.0939482126385,25.2842850136107,25.4178242679226,25.3459400985342,25.3202549803643,25.4845288451903,25.3972910671794,25.3972910671794,25.4024247521646,25.5101729288625,25.2842850136107,25.3459400985342,25.4793992606996,25.6587826573823,25.2945634334578,25.3972910671794,25.3716187925976,25.3664835674914,25.3356668224182,25.3716187925976,25.4332214756594,25.3972910671794,25.3767537609245,25.3408035889768,25.4434849990752,25.4537474974415,25.602438715738,25.6178083047144,25.643419186549,25.6331755985647,25.464008971053,25.4537474974415,25.4896581737131,25.4178242679226,25.3305297988212,25.4280893294658,25.3716187925976,25.5511901638832,25.6485405982759,25.669023697602,25.464008971053,25.4383533655169,25.4383533655169,25.4588783623232,25.494787246305,25.3664835674914,25.4588783623232,25.2997022573604,25.3921571255997,25.3870229273887,25.4999160630027,25.5409373888032,25.6126853634517,25.622930990963,25.6895027225489,25.5153009780981,25.5255563093646,25.3408035889768,25.3613480855689,25.5511901638832,25.4280893294658,25.4793992606996,25.4434849990752,25.4691393236678,25.4434849990752,25.4793992606996,25.4486163763711,25.5921910475291,25.494787246305,25.494787246305,25.4845288451903,25.4434849990752,25.4434849990752,25.5153009780981,25.3972910671794,25.4075581805922,25.2688654531791,25.4486163763711,25.4588783623232,25.494787246305,25.3818884725093,25.3870229273887,25.5050446238429,25.3716187925976,25.4075581805922,25.3716187925976,25.4126913524992,25.4691393236678,25.5204287715866,25.494787246305,25.4280893294658,25.3459400985342,25.4126913524992,25.4280893294658,25.4486163763711,25.4434849990752,25.4126913524992,25.3767537609245,25.3459400985342,25.4332214756594,25.3305297988212,25.3716187925976,25.4434849990752,25.3510763511273,25.3870229273887,25.2688654531791,25.2020205629554,25.1814441360816,25.2020205629554,25.2740055641272,25.4024247521646,25.3202549803643,25.3408035889768,25.3151171854302,25.3151171854302,25.2842850136107,25.3972910671794,25.4178242679226,25.5153009780981,25.4793992606996,25.4742694202044,25.2945634334578,25.3767537609245,25.3562123467933,25.258584458684,25.3767537609245,25.4229569268991,25.4178242679226,25.4383533655169,25.4024247521646,25.3202549803643,25.3202549803643,25.3202549803643,25.325392518149,25.3716187925976,25.3716187925976,25.3048408239653,25.3510763511273,25.3305297988212,25.4383533655169,25.4383533655169,25.4434849990752,25.3767537609245,25.4896581737131,25.5409373888032,25.5614419170025,25.4896581737131,25.4742694202044,25.5153009780981,25.5819423585322,25.4383533655169,25.2945634334578,25.3151171854302,25.4075581805922,25.4280893294658,25.5460639041067,25.5358106179362,25.4280893294658,25.5819423585322,25.602438715738,25.622930990963,25.8378540189647,25.8787409664887,25.868520749288,25.9247194166704,25.8838506953317,25.9910965851406,25.9298268687038,26.016614904526,25.9451477081579,25.9298268687038
24.9960701368761,25.325392518149,25.3921571255997,25.2894243522202,25.3613480855689,25.3408035889768,25.3870229273887,25.3408035889768,25.4024247521646,25.4024247521646,25.3972910671794,25.3408035889768,25.3767537609245,25.3818884725093,25.3921571255997,25.3562123467933,25.2842850136107,25.3202549803643,25.2688654531791,25.2945634334578,25.4229569268991,25.2174501739369,25.2637250847104,25.4229569268991,25.4332214756594,25.5358106179362,25.5460639041067,25.4332214756594,25.4383533655169,25.4280893294658,25.4075581805922,25.2791454175921,25.325392518149,25.2894243522202,25.2945634334578,25.2842850136107,25.2534435750629,25.3459400985342,25.2483024338098,25.2637250847104,25.2277352917338,25.2277352917338,25.2534435750629,25.2431610348875,25.464008971053,25.4332214756594,25.3818884725093,25.3408035889768,25.3767537609245,25.3356668224182,25.3921571255997,25.2431610348875,25.4024247521646,25.2431610348875,25.2277352917338,25.3818884725093,25.2174501739369,25.2277352917338,25.2431610348875,25.2945634334578,25.2020205629554,25.0990971001769,25.1814441360816,25.1711543738743,25.1711543738743,25.1762993840732,25.2020205629554,25.258584458684,25.3972910671794,25.4896581737131,25.3613480855689,25.2020205629554,25.3356668224182,25.4999160630027,25.3048408239653,25.3664835674914,25.3972910671794,25.2740055641272,25.2174501739369,25.2791454175921,25.3151171854302,25.3767537609245,25.4126913524992,25.2842850136107,25.3767537609245,25.4229569268991,25.4332214756594,25.3151171854302,25.325392518149,25.4229569268991,25.3767537609245,25.3459400985342,25.3562123467933,25.5716926484544,25.4845288451903,25.5921910475291,25.6075621671384,25.5614419170025,25.494787246305,25.4691393236678,25.4280893294658,25.5204287715866,25.3767537609245,25.4075581805922,25.4280893294658,25.3562123467933,25.3818884725093,25.4434849990752,25.643419186549,25.4024247521646,25.5101729288625,25.4024247521646,25.4537474974415,25.4588783623232,25.4588783623232,25.4588783623232,25.4434849990752,25.494787246305,25.5409373888032,25.4999160630027,25.494787246305,25.4845288451903,25.5973150092137,25.4999160630027,25.3972910671794,25.4845288451903,25.3870229273887,25.4845288451903,25.5870668306474,25.6485405982759,25.5921910475291,25.5101729288625,25.4845288451903,25.464008971053,25.6331755985647,25.6587826573823,25.5358106179362,25.4999160630027,25.5050446238429,25.5973150092137,25.5870668306474,25.464008971053,25.4126913524992,25.4229569268991,25.4793992606996,25.4691393236678,25.4075581805922,25.4280893294658,25.4178242679226,25.4999160630027,25.6382975199907,25.5563161681696,25.4126913524992,25.4332214756594,25.4126913524992,25.4075581805922,25.4075581805922,25.3921571255997,25.5255563093646,25.5358106179362,25.5153009780981,25.5563161681696,25.5563161681696,25.4434849990752,25.5306835914689,25.464008971053,25.4486163763711,25.4126913524992,25.4845288451903,25.494787246305,25.3921571255997,25.4742694202044,25.4845288451903,25.3921571255997,25.4178242679226,25.3767537609245,25.3716187925976,25.3356668224182,25.4024247521646,25.4075581805922,25.3510763511273,25.3972910671794,25.3408035889768,25.3818884725093,25.5409373888032,25.5614419170025,25.5614419170025,25.5358106179362,25.5153009780981,25.4999160630027,25.325392518149,25.3716187925976,25.5358106179362,25.3870229273887,25.464008971053,25.4588783623232,25.3716187925976,25.3459400985342,25.4229569268991,25.3510763511273,25.4280893294658,25.4691393236678,25.3870229273887,25.3510763511273,25.3664835674914,25.4075581805922,25.4178242679226,25.3099791333095,25.3870229273887,25.3562123467933,25.4691393236678,25.4742694202044,25.3613480855689,25.4383533655169,25.4845288451903,25.5768176311468,25.5153009780981,25.5819423585322,25.494787246305,25.4024247521646,25.2945634334578,25.2740055641272,25.4126913524992,25.2894243522202,25.5409373888032,25.4332214756594,25.4280893294658,25.5358106179362,25.6639033048348,25.643419186549,25.6741438357205,25.9400410144115,25.868520749288,25.863410260858,25.9451477081579,25.8531885241579,25.9298268687038,25.7406824748218,25.7662628184848,25.996200753606
24.8826205758957,25.1968768433364,25.2740055641272,25.3151171854302,25.325392518149,25.3716187925976,25.5204287715866,25.3767537609245,25.5358106179362,25.3613480855689,25.2997022573604,25.4434849990752,25.4742694202044,25.3972910671794,25.2894243522202,25.3767537609245,25.3613480855689,25.2842850136107,25.2945634334578,25.2997022573604,25.2328774638867,25.494787246305,25.3562123467933,25.4896581737131,25.3921571255997,25.5409373888032,25.5153009780981,25.4280893294658,25.4332214756594,25.4793992606996,25.3099791333095,25.3356668224182,25.325392518149,25.2842850136107,25.4178242679226,25.3664835674914,25.4332214756594,25.3408035889768,25.2431610348875,25.3818884725093,25.2071640245704,25.2123072282184,25.3408035889768,25.3099791333095,25.3408035889768,25.3151171854302,25.3613480855689,25.3562123467933,25.3664835674914,25.3870229273887,25.4537474974415,25.4178242679226,25.3818884725093,25.3408035889768,25.3716187925976,25.2997022573604,25.4126913524992,25.3048408239653,25.2483024338098,24.9806071469274,25.2842850136107,25.3510763511273,25.2997022573604,25.3202549803643,25.2637250847104,25.2997022573604,25.3459400985342,25.3921571255997,25.464008971053,25.4691393236678,25.3870229273887,25.3870229273887,25.4126913524992,25.3818884725093,25.325392518149,25.2842850136107,25.1711543738743,25.2842850136107,25.258584458684,25.2277352917338,25.2945634334578,25.2791454175921,25.2791454175921,25.325392518149,25.3356668224182,25.3921571255997,25.3305297988212,25.2842850136107,25.4075581805922,25.3870229273887,25.3408035889768,25.3767537609245,25.4486163763711,25.3613480855689,25.5409373888032,25.643419186549,25.7304485586408,25.494787246305,25.4793992606996,25.4588783623232,25.4896581737131,25.4075581805922,25.3767537609245,25.4588783623232,25.4742694202044,25.4178242679226,25.3510763511273,25.3356668224182,25.4229569268991,25.4229569268991,25.4486163763711,25.4332214756594,25.3151171854302,25.3048408239653,25.3818884725093,25.4024247521646,25.3972910671794,25.4434849990752,25.5409373888032,25.4588783623232,25.5204287715866,25.5409373888032,25.6587826573823,25.5050446238429,25.4178242679226,25.4896581737131,25.3921571255997,25.3716187925976,25.4845288451903,25.5768176311468,25.5921910475291,25.4742694202044,25.4742694202044,25.622930990963,25.6075621671384,25.4896581737131,25.5614419170025,25.4178242679226,25.4845288451903,25.5204287715866,25.4793992606996,25.4332214756594,25.5563161681696,25.4126913524992,25.5563161681696,25.4845288451903,25.464008971053,25.4588783623232,25.5358106179362,25.4075581805922,25.5716926484544,25.5511901638832,25.622930990963,25.602438715738,25.4537474974415,25.4178242679226,25.5153009780981,25.4537474974415,25.5153009780981,25.4075581805922,25.4742694202044,25.5050446238429,25.4845288451903,25.5101729288625,25.5255563093646,25.3664835674914,25.4178242679226,25.4486163763711,25.3870229273887,25.5050446238429,25.3408035889768,25.4434849990752,25.4434849990752,25.3099791333095,25.4383533655169,25.4332214756594,25.4178242679226,25.2483024338098,25.325392518149,25.3510763511273,25.3356668224182,25.4024247521646,25.3356668224182,25.4383533655169,25.4486163763711,25.4178242679226,25.5563161681696,25.5358106179362,25.5306835914689,25.5614419170025,25.3613480855689,25.3972910671794,25.3818884725093,25.3716187925976,25.4691393236678,25.3459400985342,25.3818884725093,25.3613480855689,25.325392518149,25.4332214756594,25.3202549803643,25.4793992606996,25.3305297988212,25.3818884725093,25.3459400985342,25.3459400985342,25.3716187925976,25.3664835674914,25.4434849990752,25.3613480855689,25.3510763511273,25.4691393236678,25.4742694202044,25.4486163763711,25.464008971053,25.4280893294658,25.5768176311468,25.5101729288625,25.5973150092137,25.3818884725093,25.2894243522202,25.3151171854302,25.3048408239653,25.4280893294658,25.4280893294658,25.4178242679226,25.5563161681696,25.4075581805922,25.5511901638832,25.7713781252015,25.8378540189647,25.8991783632653,25.9247194166704,25.9247194166704,25.8736309844862,25.9349340679388,25.8276297483179,25.9247194166704,25.9706773872579,25.9247194166704
24.8516579356668,24.8516579356668,25.1968768433364,25.2688654531791,25.2894243522202,25.3562123467933,25.2945634334578,25.4178242679226,25.3305297988212,25.3767537609245,25.3613480855689,25.1711543738743,25.3716187925976,25.2945634334578,25.1968768433364,25.3048408239653,25.3356668224182,25.4075581805922,25.2123072282184,25.4742694202044,25.5101729288625,25.3664835674914,25.3151171854302,25.5204287715866,25.4588783623232,25.5716926484544,25.4280893294658,25.4332214756594,25.2997022573604,25.4126913524992,25.4280893294658,25.325392518149,25.3202549803643,25.4075581805922,25.4588783623232,25.3972910671794,25.4434849990752,25.3767537609245,25.3818884725093,25.3870229273887,25.2431610348875,25.3562123467933,25.3356668224182,25.3613480855689,25.2894243522202,25.3613480855689,25.5306835914689,25.2740055641272,25.3664835674914,25.2945634334578,25.4280893294658,25.3921571255997,25.2997022573604,25.2431610348875,25.3202549803643,25.3459400985342,25.2740055641272,25.2277352917338,25.1196900631945,25.2637250847104,25.2688654531791,25.2791454175921,25.3716187925976,25.2894243522202,25.2740055641272,25.325392518149,25.3818884725093,25.4742694202044,25.3613480855689,25.4024247521646,25.3818884725093,25.3305297988212,25.3305297988212,25.4178242679226,25.2123072282184,25.2328774638867,25.325392518149,25.2431610348875,25.2740055641272,25.3151171854302,25.2688654531791,25.2688654531791,25.258584458684,25.2688654531791,25.3818884725093,25.4280893294658,25.3664835674914,25.325392518149,25.3870229273887,25.464008971053,25.3408035889768,25.2174501739369,25.6126853634517,25.669023697602,25.7099776754511,25.9042870798318,25.7764931779977,25.7457990516862,25.5460639041067,25.494787246305,25.494787246305,25.494787246305,25.4999160630027,25.4691393236678,25.3510763511273,25.4845288451903,25.5563161681696,25.3562123467933,25.4024247521646,25.5101729288625,25.4742694202044,25.4280893294658,25.2277352917338,25.2997022573604,25.2071640245704,25.3305297988212,25.3613480855689,25.4793992606996,25.4024247521646,25.4075581805922,25.5563161681696,25.6075621671384,25.6126853634517,25.4126913524992,25.494787246305,25.4896581737131,25.5153009780981,25.3870229273887,25.4896581737131,25.494787246305,25.4793992606996,25.3972910671794,25.643419186549,25.6331755985647,25.6280534222343,25.5973150092137,25.6331755985647,25.5921910475291,25.5306835914689,25.5255563093646,25.5614419170025,25.5409373888032,25.4486163763711,25.4896581737131,25.4280893294658,25.5665674104186,25.3510763511273,25.4178242679226,25.4383533655169,25.5255563093646,25.4434849990752,25.5716926484544,25.5768176311468,25.5870668306474,25.5153009780981,25.5153009780981,25.5153009780981,25.4075581805922,25.3972910671794,25.5306835914689,25.5358106179362,25.464008971053,25.4588783623232,25.4434849990752,25.3767537609245,25.4434849990752,25.4280893294658,25.3613480855689,25.3664835674914,25.4178242679226,25.3151171854302,25.3305297988212,25.3562123467933,25.4383533655169,25.4024247521646,25.4896581737131,25.4896581737131,25.3099791333095,25.325392518149,25.3510763511273,25.325392518149,25.4126913524992,25.3921571255997,25.2945634334578,25.3870229273887,25.4126913524992,25.4178242679226,25.5563161681696,25.4999160630027,25.5306835914689,25.3459400985342,25.3459400985342,25.4126913524992,25.3099791333095,25.3818884725093,25.3767537609245,25.4537474974415,25.3818884725093,25.3767537609245,25.4075581805922,25.3408035889768,25.4178242679226,25.3921571255997,25.4024247521646,25.3870229273887,25.3510763511273,25.3459400985342,25.3151171854302,25.3459400985342,25.4691393236678,25.2894243522202,25.3202549803643,25.3921571255997,25.3921571255997,25.4126913524992,25.3613480855689,25.5768176311468,25.5563161681696,25.5921910475291,25.4075581805922,25.4126913524992,25.3921571255997,25.2637250847104,25.4588783623232,25.5306835914689,25.3972910671794,25.4434849990752,25.6485405982759,25.5921910475291,25.6741438357205,25.8787409664887,25.8531885241579,25.8838506953317,25.9400410144115,25.9042870798318,25.7764931779977,25.9145037540644,25.9298268687038,25.8327420103839,25.9451477081579
25.0269891112523,24.8464965838976,25.1351320700124,25.0269891112523,25.2894243522202,25.4075581805922,25.4332214756594,25.3613480855689,25.4126913524992,25.3202549803643,25.3562123467933,25.3664835674914,25.3408035889768,25.3099791333095,25.4434849990752,25.3048408239653,25.4280893294658,25.4332214756594,25.2225928617629,25.3767537609245,25.2174501739369,25.2894243522202,25.3048408239653,25.3664835674914,25.4486163763711,25.2945634334578,25.4280893294658,25.4126913524992,25.4075581805922,25.4178242679226,25.3356668224182,25.3099791333095,25.3099791333095,25.3716187925976,25.3510763511273,25.3921571255997,25.4126913524992,25.3613480855689,25.3921571255997,25.2534435750629,25.3767537609245,25.3767537609245,25.1917328656758,25.2740055641272,25.4588783623232,25.1814441360816,25.3613480855689,25.4434849990752,25.2328774638867,25.2534435750629,25.4126913524992,25.3305297988212,25.258584458684,25.2740055641272,25.2894243522202,25.3151171854302,25.3459400985342,25.3099791333095,25.2637250847104,25.2637250847104,25.2380193782588,25.2945634334578,25.3664835674914,25.4486163763711,25.4434849990752,25.4280893294658,25.3716187925976,25.3716187925976,25.4486163763711,25.4229569268991,25.3716187925976,25.3562123467933,25.2071640245704,25.2637250847104,25.3048408239653,25.3921571255997,25.1917328656758,25.258584458684,25.1917328656758,25.2842850136107,25.2637250847104,25.3099791333095,25.2842850136107,25.3562123467933,25.4126913524992,25.4229569268991,25.3818884725093,25.3202549803643,25.3972910671794,25.3972910671794,25.3562123467933,25.3664835674914,25.602438715738,25.7457990516862,25.8582995191601,25.8787409664887,25.7969508507036,25.7099776754511,25.7509153744483,25.6997407078597,25.715095777693,25.5153009780981,25.5255563093646,25.5358106179362,25.4691393236678,25.4024247521646,25.4793992606996,25.4178242679226,25.3972910671794,25.4845288451903,25.6587826573823,25.3716187925976,25.3818884725093,25.3562123467933,25.4178242679226,25.3202549803643,25.3356668224182,25.464008971053,25.4075581805922,25.5511901638832,25.4588783623232,25.6075621671384,25.6639033048348,25.622930990963,25.622930990963,25.4742694202044,25.5768176311468,25.4896581737131,25.5768176311468,25.5306835914689,25.5101729288625,25.494787246305,25.5050446238429,25.5153009780981,25.4999160630027,25.4793992606996,25.4024247521646,25.5306835914689,25.4896581737131,25.4845288451903,25.5153009780981,25.5204287715866,25.4229569268991,25.3613480855689,25.4126913524992,25.4126913524992,25.5716926484544,25.5204287715866,25.5716926484544,25.4280893294658,25.4434849990752,25.464008971053,25.4588783623232,25.4126913524992,25.4178242679226,25.4588783623232,25.4024247521646,25.4486163763711,25.4383533655169,25.4024247521646,25.4178242679226,25.4332214756594,25.3972910671794,25.4178242679226,25.4229569268991,25.4178242679226,25.3305297988212,25.4178242679226,25.3202549803643,25.3305297988212,25.3767537609245,25.4332214756594,25.2174501739369,25.4742694202044,25.2997022573604,25.3408035889768,25.3459400985342,25.2997022573604,25.3305297988212,25.2842850136107,25.3510763511273,25.3664835674914,25.4229569268991,25.3613480855689,25.3921571255997,25.4793992606996,25.5460639041067,25.5153009780981,25.4845288451903,25.4024247521646,25.5255563093646,25.3356668224182,25.4178242679226,25.2945634334578,25.2997022573604,25.3664835674914,25.3921571255997,25.4075581805922,25.4537474974415,25.3921571255997,25.4075581805922,25.3151171854302,25.3459400985342,25.4126913524992,25.3716187925976,25.4434849990752,25.3818884725093,25.3408035889768,25.3818884725093,25.3921571255997,25.464008971053,25.3510763511273,25.2997022573604,25.3510763511273,25.4383533655169,25.3972910671794,25.5973150092137,25.5973150092137,25.5101729288625,25.5306835914689,25.3972910671794,25.4075581805922,25.3870229273887,25.2225928617629,25.4896581737131,25.4229569268991,25.4434849990752,25.4178242679226,25.5819423585322,25.7304485586408,25.8276297483179,25.8429657740965,25.868520749288,25.8378540189647,25.9093955434194,26.0676326338092,25.9298268687038,25.9247194166704,25.8020646344419,25.9400410144115
25.2174501739369,25.0784999971428,24.9857617364743,24.9806071469274,25.3099791333095,25.2225928617629,25.3151171854302,25.3356668224182,25.3356668224182,25.2894243522202,25.3356668224182,25.4280893294658,25.4537474974415,25.3459400985342,25.3921571255997,25.3305297988212,25.3921571255997,25.4024247521646,25.3202549803643,25.3202549803643,25.2534435750629,25.325392518149,25.3408035889768,25.4537474974415,25.4537474974415,25.4075581805922,25.4280893294658,25.4229569268991,25.4126913524992,25.3972910671794,25.3972910671794,25.3716187925976,25.3562123467933,25.3562123467933,25.3356668224182,25.4742694202044,25.3716187925976,25.4178242679226,25.2791454175921,25.2842850136107,25.2740055641272,25.258584458684,25.3099791333095,25.2740055641272,25.2020205629554,25.2945634334578,25.258584458684,25.3099791333095,25.4126913524992,25.258584458684,25.258584458684,25.325392518149,25.3099791333095,25.2534435750629,25.2791454175921,25.3151171854302,25.2637250847104,25.3048408239653,25.3716187925976,25.2945634334578,25.2894243522202,25.2688654531791,25.3716187925976,25.2945634334578,25.3818884725093,25.3562123467933,25.3048408239653,25.4793992606996,25.4332214756594,25.3716187925976,25.4126913524992,25.4845288451903,25.2431610348875,25.3356668224182,25.5204287715866,25.5050446238429,25.3972910671794,25.4896581737131,25.4845288451903,25.3202549803643,25.3664835674914,25.258584458684,25.4126913524992,25.325392518149,25.2945634334578,25.4178242679226,25.4075581805922,25.3818884725093,25.3510763511273,25.4280893294658,25.3767537609245,25.4691393236678,25.6639033048348,25.6639033048348,25.6741438357205,25.8071781644774,25.7867225219738,25.8889601710514,25.7764931779977,25.8582995191601,25.7867225219738,25.6792637192269,25.5050446238429,25.5921910475291,25.6126853634517,25.5204287715866,25.4999160630027,25.4075581805922,25.5101729288625,25.5409373888032,25.3562123467933,25.3870229273887,25.3921571255997,25.4691393236678,25.4691393236678,25.3459400985342,25.4486163763711,25.4691393236678,25.5768176311468,25.5358106179362,25.5973150092137,25.5921910475291,25.5921910475291,25.6485405982759,25.5665674104186,25.5768176311468,25.4845288451903,25.5050446238429,25.4742694202044,25.5409373888032,25.3664835674914,25.4896581737131,25.5153009780981,25.5101729288625,25.5101729288625,25.6331755985647,25.5870668306474,25.4691393236678,25.4999160630027,25.5614419170025,25.5204287715866,25.622930990963,25.5563161681696,25.4383533655169,25.4229569268991,25.4588783623232,25.4742694202044,25.4537474974415,25.4486163763711,25.4434849990752,25.4332214756594,25.4691393236678,25.4332214756594,25.3972910671794,25.5255563093646,25.5460639041067,25.4896581737131,25.5153009780981,25.5101729288625,25.3870229273887,25.2842850136107,25.4075581805922,25.4332214756594,25.4383533655169,25.4332214756594,25.4075581805922,25.4383533655169,25.4588783623232,25.3870229273887,25.4178242679226,25.3613480855689,25.3408035889768,25.3408035889768,25.3099791333095,25.2688654531791,25.2894243522202,25.2483024338098,25.3151171854302,25.2483024338098,25.3870229273887,25.3613480855689,25.5511901638832,25.5460639041067,25.3562123467933,25.4742694202044,25.464008971053,25.4229569268991,25.5563161681696,25.5665674104186,25.5358106179362,25.3972910671794,25.5665674104186,25.3972910671794,25.3716187925976,25.3767537609245,25.3767537609245,25.2637250847104,25.4126913524992,25.4126913524992,25.4434849990752,25.4229569268991,25.3767537609245,25.4178242679226,25.4024247521646,25.3664835674914,25.3972910671794,25.4229569268991,25.3562123467933,25.494787246305,25.4434849990752,25.4742694202044,25.3818884725093,25.3305297988212,25.4588783623232,25.4588783623232,25.5204287715866,25.4742694202044,25.5358106179362,25.464008971053,25.3510763511273,25.4075581805922,25.3459400985342,25.3356668224182,25.4691393236678,25.4075581805922,25.464008971053,25.5306835914689,25.5614419170025,25.6075621671384,25.7611472578112,25.7355656438188,25.8327420103839,25.9042870798318,25.8531885241579,25.8838506953317,25.8736309844862,25.8838506953317,25.9196117118026,25.7304485586408,25.8991783632653
25.1608635787557,25.2020205629554,24.9857617364743,24.9806071469274,25.0424450977087,25.2123072282184,25.3305297988212,25.1608635787557,25.3356668224182,25.2945634334578,25.4486163763711,25.3921571255997,25.3613480855689,25.4486163763711,25.325392518149,25.3562123467933,25.3972910671794,25.3972910671794,25.3202549803643,25.1968768433364,25.2791454175921,25.2740055641272,25.3202549803643,25.3972910671794,25.4742694202044,25.4024247521646,25.4178242679226,25.4229569268991,25.4126913524992,25.3664835674914,25.3151171854302,25.3305297988212,25.4126913524992,25.325392518149,25.3151171854302,25.3151171854302,25.4075581805922,25.3767537609245,25.4126913524992,25.2688654531791,25.325392518149,25.2637250847104,25.2071640245704,25.258584458684,25.2483024338098,25.2020205629554,25.1557177937613,25.2483024338098,25.4024247521646,25.3099791333095,25.4332214756594,25.3202549803643,25.3099791333095,25.2534435750629,25.2380193782588,25.1711543738743,25.3048408239653,25.3562123467933,25.3510763511273,25.4280893294658,25.2791454175921,25.4126913524992,25.2791454175921,25.3099791333095,25.3870229273887,25.3664835674914,25.2997022573604,25.3818884725093,25.5921910475291,25.3818884725093,25.3767537609245,25.2997022573604,25.4075581805922,25.3870229273887,25.4178242679226,25.4075581805922,25.3921571255997,25.4024247521646,25.3356668224182,25.2945634334578,25.1505717504272,25.2688654531791,25.4280893294658,25.2945634334578,25.4126913524992,25.4229569268991,25.3972910671794,25.3459400985342,25.3099791333095,25.3099791333095,25.3048408239653,25.3664835674914,25.464008971053,25.5050446238429,25.5050446238429,25.464008971053,25.5665674104186,25.7099776754511,25.7867225219738,25.715095777693,25.7099776754511,25.5255563093646,25.3870229273887,25.5101729288625,25.3972910671794,25.5768176311468,25.494787246305,25.5050446238429,25.494787246305,25.4280893294658,25.3870229273887,25.4280893294658,25.4896581737131,25.4178242679226,25.2945634334578,25.3202549803643,25.2945634334578,25.4845288451903,25.5153009780981,25.4845288451903,25.5921910475291,25.5563161681696,25.5921910475291,25.464008971053,25.4434849990752,25.3048408239653,25.2997022573604,25.3099791333095,25.3716187925976,25.4588783623232,25.4024247521646,25.3972910671794,25.3716187925976,25.3818884725093,25.4742694202044,25.4845288451903,25.4793992606996,25.5409373888032,25.4383533655169,25.4178242679226,25.464008971053,25.5614419170025,25.4383533655169,25.5255563093646,25.5511901638832,25.4024247521646,25.4896581737131,25.4126913524992,25.5511901638832,25.4280893294658,25.4434849990752,25.4126913524992,25.5358106179362,25.5204287715866,25.4793992606996,25.4332214756594,25.5153009780981,25.4126913524992,25.5204287715866,25.4075581805922,25.3921571255997,25.2894243522202,25.3818884725093,25.4075581805922,25.4332214756594,25.4178242679226,25.4383533655169,25.3818884725093,25.4024247521646,25.4434849990752,25.3459400985342,25.3048408239653,25.3818884725093,25.2945634334578,25.2791454175921,25.2945634334578,25.3048408239653,25.2997022573604,25.2842850136107,25.3459400985342,25.2791454175921,25.3921571255997,25.3921571255997,25.5153009780981,25.4024247521646,25.4178242679226,25.4896581737131,25.4896581737131,25.3921571255997,25.3459400985342,25.4178242679226,25.3459400985342,25.3818884725093,25.3562123467933,25.3716187925976,25.2894243522202,25.258584458684,25.2740055641272,25.4024247521646,25.3870229273887,25.325392518149,25.2842850136107,25.3562123467933,25.3921571255997,25.1557177937613,25.325392518149,25.4126913524992,25.3767537609245,25.3048408239653,25.5306835914689,25.4896581737131,25.4845288451903,25.4075581805922,25.3818884725093,25.4332214756594,25.4383533655169,25.4383533655169,25.5050446238429,25.4280893294658,25.3408035889768,25.3716187925976,25.3408035889768,25.3767537609245,25.2483024338098,25.3664835674914,25.4024247521646,25.4742694202044,25.4999160630027,25.7509153744483,25.7969508507036,25.7509153744483,25.8174044635856,25.9706773872579,25.6895027225489,25.7560314431445,25.9042870798318,25.9042870798318,25.9349340679388,25.8480772758155,25.9247194166704
25.2997022573604,25.1968768433364,24.9806071469274,25.1299849929454,24.9960701368761,25.0527477928007,25.2071640245704,25.3818884725093,25.2483024338098,25.3202549803643,25.5563161681696,25.3562123467933,25.2894243522202,25.4434849990752,25.3716187925976,25.464008971053,25.5614419170025,25.3818884725093,25.4075581805922,25.3099791333095,25.3048408239653,25.2380193782588,25.3613480855689,25.4691393236678,25.4896581737131,25.4588783623232,25.3767537609245,25.4178242679226,25.3767537609245,25.3818884725093,25.2945634334578,25.2637250847104,25.2842850136107,25.4126913524992,25.3767537609245,25.3510763511273,25.3767537609245,25.4280893294658,25.3459400985342,25.3202549803643,25.325392518149,25.2431610348875,25.2791454175921,25.3613480855689,25.4075581805922,25.2894243522202,25.2688654531791,25.2123072282184,25.3562123467933,25.4434849990752,25.3202549803643,25.2740055641272,25.3048408239653,25.1814441360816,25.4691393236678,25.4691393236678,25.3818884725093,25.3767537609245,25.464008971053,25.3048408239653,25.4075581805922,25.3151171854302,25.3408035889768,25.258584458684,25.2791454175921,25.3305297988212,25.3767537609245,25.4793992606996,25.4178242679226,25.5563161681696,25.2842850136107,25.4793992606996,25.5255563093646,25.3818884725093,25.3613480855689,25.3818884725093,25.3716187925976,25.3972910671794,25.464008971053,25.4126913524992,25.3099791333095,25.4280893294658,25.4537474974415,25.4229569268991,25.4229569268991,25.3562123467933,25.4588783623232,25.4537474974415,25.4332214756594,25.2637250847104,25.2483024338098,25.2637250847104,25.3151171854302,25.4229569268991,25.4999160630027,25.5255563093646,25.5255563093646,25.6178083047144,25.6485405982759,25.6997407078597,25.6178083047144,25.4793992606996,25.4126913524992,25.6485405982759,25.5255563093646,25.4793992606996,25.4178242679226,25.4691393236678,25.5563161681696,25.494787246305,25.3767537609245,25.3818884725093,25.3818884725093,25.3716187925976,25.325392518149,25.3459400985342,25.4280893294658,25.5460639041067,25.464008971053,25.5716926484544,25.5101729288625,25.6075621671384,25.4999160630027,25.4691393236678,25.4434849990752,25.4537474974415,25.5204287715866,25.3664835674914,25.464008971053,25.464008971053,25.3613480855689,25.4845288451903,25.3562123467933,25.3562123467933,25.5255563093646,25.4075581805922,25.4537474974415,25.4588783623232,25.4588783623232,25.4383533655169,25.4434849990752,25.4588783623232,25.4075581805922,25.3305297988212,25.3870229273887,25.5409373888032,25.3818884725093,25.3972910671794,25.4383533655169,25.4537474974415,25.3818884725093,25.3459400985342,25.3408035889768,25.2894243522202,25.4845288451903,25.4486163763711,25.5153009780981,25.4332214756594,25.3356668224182,25.5306835914689,25.5153009780981,25.464008971053,25.4126913524992,25.5204287715866,25.4383533655169,25.4075581805922,25.4332214756594,25.3459400985342,25.4537474974415,25.4178242679226,25.4126913524992,25.4126913524992,25.3972910671794,25.5409373888032,25.3048408239653,25.3305297988212,25.3356668224182,25.2020205629554,25.2431610348875,25.3562123467933,25.3408035889768,25.3510763511273,25.4896581737131,25.4024247521646,25.4024247521646,25.5511901638832,25.5614419170025,25.5101729288625,25.5716926484544,25.464008971053,25.5358106179362,25.325392518149,25.2997022573604,25.3767537609245,25.2740055641272,25.2997022573604,25.3613480855689,25.3562123467933,25.3870229273887,25.3048408239653,25.4075581805922,25.3202549803643,25.3818884725093,25.3716187925976,25.3921571255997,25.2945634334578,25.3099791333095,25.2997022573604,25.3972910671794,25.3664835674914,25.3972910671794,25.3716187925976,25.4229569268991,25.4229569268991,25.4537474974415,25.5460639041067,25.4075581805922,25.5101729288625,25.4793992606996,25.5409373888032,25.3562123467933,25.4178242679226,25.4178242679226,25.4126913524992,25.3716187925976,25.3613480855689,25.4178242679226,25.602438715738,25.8020646344419,25.7918368132263,25.8020646344419,25.9451477081579,25.8429657740965,25.8736309844862,26.0115117451654,25.9042870798318,25.8174044635856,25.8736309844862,25.8531885241579,25.9145037540644
24.9702971889533,25.2174501739369,25.2174501739369,25.1917328656758,25.0578987516956,24.9702971889533,25.1093940990381,25.3151171854302,25.3870229273887,25.2688654531791,25.5511901638832,25.3305297988212,25.2688654531791,25.3562123467933,25.3767537609245,25.3510763511273,25.3921571255997,25.3099791333095,25.1196900631945,25.2842850136107,25.3202549803643,25.2791454175921,25.2123072282184,25.2534435750629,25.4537474974415,25.3305297988212,25.3921571255997,25.3048408239653,25.2997022573604,25.3099791333095,25.2688654531791,25.1814441360816,25.3664835674914,25.3767537609245,25.3510763511273,25.3613480855689,25.3921571255997,25.4486163763711,25.3870229273887,25.325392518149,25.3510763511273,25.3048408239653,25.1917328656758,25.2483024338098,25.2637250847104,25.3921571255997,25.3305297988212,25.2740055641272,25.2071640245704,25.3151171854302,25.3459400985342,25.3048408239653,25.1660091054476,25.2225928617629,25.1865886299367,25.2534435750629,25.4537474974415,25.2842850136107,25.3356668224182,25.3562123467933,25.4229569268991,25.464008971053,25.4332214756594,25.3099791333095,25.3921571255997,25.3767537609245,25.3716187925976,25.4332214756594,25.3818884725093,25.2842850136107,25.2945634334578,25.4383533655169,25.4280893294658,25.4178242679226,25.3972910671794,25.3613480855689,25.4691393236678,25.464008971053,25.3870229273887,25.3767537609245,25.2945634334578,25.3099791333095,25.3408035889768,25.1865886299367,25.3459400985342,25.3459400985342,25.3459400985342,25.4024247521646,25.2431610348875,25.3408035889768,25.2534435750629,25.3408035889768,25.3305297988212,25.4229569268991,25.5460639041067,25.7662628184848,25.7764931779977,25.7560314431445,25.6895027225489,25.5101729288625,25.4588783623232,25.6178083047144,25.3921571255997,25.5153009780981,25.4486163763711,25.4537474974415,25.3921571255997,25.4434849990752,25.5819423585322,25.5716926484544,25.3921571255997,25.4280893294658,25.3921571255997,25.2894243522202,25.3613480855689,25.3151171854302,25.5101729288625,25.6536617552083,25.5460639041067,25.4383533655169,25.4793992606996,25.5614419170025,25.4845288451903,25.5101729288625,25.4999160630027,25.4845288451903,25.5563161681696,25.5921910475291,25.464008971053,25.6280534222343,25.3767537609245,25.4486163763711,25.3767537609245,25.4383533655169,25.4691393236678,25.464008971053,25.5460639041067,25.5563161681696,25.4588783623232,25.4793992606996,25.4537474974415,25.5204287715866,25.325392518149,25.3048408239653,25.3562123467933,25.4896581737131,25.494787246305,25.5511901638832,25.4178242679226,25.4588783623232,25.4383533655169,25.4332214756594,25.4537474974415,25.622930990963,25.4691393236678,25.4588783623232,25.4999160630027,25.4588783623232,25.4332214756594,25.3459400985342,25.3613480855689,25.5358106179362,25.4332214756594,25.3921571255997,25.3870229273887,25.2791454175921,25.3818884725093,25.2894243522202,25.3921571255997,25.3099791333095,25.2740055641272,25.3870229273887,25.2174501739369,25.3459400985342,25.3716187925976,25.2688654531791,25.2534435750629,25.2020205629554,25.2020205629554,25.2380193782588,25.2997022573604,25.3305297988212,25.3151171854302,25.325392518149,25.258584458684,25.4332214756594,25.4486163763711,25.5153009780981,25.3356668224182,25.3921571255997,25.3870229273887,25.3767537609245,25.3613480855689,25.3664835674914,25.3459400985342,25.3716187925976,25.2842850136107,25.2894243522202,25.2842850136107,25.2842850136107,25.2791454175921,25.3510763511273,25.2997022573604,25.3716187925976,25.3099791333095,25.2431610348875,25.3099791333095,25.2945634334578,25.2945634334578,25.3716187925976,25.4178242679226,25.3870229273887,25.3664835674914,25.3151171854302,25.4280893294658,25.4742694202044,25.4178242679226,25.3408035889768,25.4332214756594,25.4742694202044,25.3408035889768,25.3356668224182,25.3459400985342,25.3356668224182,25.4742694202044,25.3716187925976,25.4178242679226,25.4178242679226,25.602438715738,25.7918368132263,25.8991783632653,25.9349340679388,25.8122914408466,25.7406824748218,25.9145037540644,25.8582995191601,25.8582995191601,25.8531885241579,25.8378540189647,25.8225172327306
25.124837657352,25.1145422104357,25.2174501739369,25.1660091054476,25.1196900631945,25.0218365972651,24.9393610812787,25.0939482126385,25.325392518149,25.2842850136107,25.3048408239653,25.3099791333095,25.3613480855689,25.3459400985342,25.3972910671794,25.325392518149,25.3921571255997,25.325392518149,25.2997022573604,25.3305297988212,25.5255563093646,25.3716187925976,25.3048408239653,25.3048408239653,25.2842850136107,25.124837657352,25.2842850136107,25.2020205629554,25.2842850136107,25.1660091054476,25.2740055641272,25.258584458684,25.3870229273887,25.4588783623232,25.3356668224182,25.3099791333095,25.4588783623232,25.4691393236678,25.4280893294658,25.4845288451903,25.3151171854302,25.3510763511273,25.3613480855689,25.325392518149,25.2380193782588,25.2945634334578,25.1711543738743,25.2688654531791,25.2483024338098,25.2431610348875,25.325392518149,25.3613480855689,25.1505717504272,25.2380193782588,25.3151171854302,25.3305297988212,25.3510763511273,25.2483024338098,25.1814441360816,25.2688654531791,25.3305297988212,25.4024247521646,25.3562123467933,25.2123072282184,25.4075581805922,25.2431610348875,25.4845288451903,25.4896581737131,25.3664835674914,25.3356668224182,25.3408035889768,25.4280893294658,25.4383533655169,25.3870229273887,25.3510763511273,25.3562123467933,25.494787246305,25.3921571255997,25.4280893294658,25.3048408239653,25.3048408239653,25.2997022573604,25.2740055641272,25.3818884725093,25.3767537609245,25.3356668224182,25.4537474974415,25.464008971053,25.3921571255997,25.3305297988212,25.3305297988212,25.325392518149,25.2740055641272,25.3459400985342,25.5409373888032,25.9451477081579,25.7918368132263,25.6126853634517,25.8020646344419,25.5204287715866,25.5153009780981,25.5973150092137,25.4383533655169,25.5358106179362,25.4793992606996,25.494787246305,25.4024247521646,25.5409373888032,25.5460639041067,25.5819423585322,25.4383533655169,25.4126913524992,25.4793992606996,25.4691393236678,25.4229569268991,25.4332214756594,25.494787246305,25.6587826573823,25.602438715738,25.5665674104186,25.4845288451903,25.5973150092137,25.5460639041067,25.5716926484544,25.5870668306474,25.4588783623232,25.6536617552083,25.5665674104186,25.5204287715866,25.5973150092137,25.4280893294658,25.4999160630027,25.464008971053,25.4793992606996,25.5614419170025,25.5614419170025,25.6075621671384,25.5716926484544,25.5409373888032,25.5460639041067,25.4999160630027,25.5358106179362,25.4486163763711,25.5306835914689,25.3767537609245,25.4075581805922,25.3716187925976,25.4434849990752,25.4332214756594,25.4126913524992,25.464008971053,25.4588783623232,25.4845288451903,25.4588783623232,25.4896581737131,25.3305297988212,25.4383533655169,25.4691393236678,25.4537474974415,25.4434849990752,25.4126913524992,25.4537474974415,25.3664835674914,25.4229569268991,25.4691393236678,25.4126913524992,25.3408035889768,25.3921571255997,25.4126913524992,25.3562123467933,25.3613480855689,25.4024247521646,25.4178242679226,25.3510763511273,25.3099791333095,25.3099791333095,25.2123072282184,25.2380193782588,25.2483024338098,25.2637250847104,25.3459400985342,25.2945634334578,25.3510763511273,25.4024247521646,25.4126913524992,25.5050446238429,25.494787246305,25.5153009780981,25.464008971053,25.3767537609245,25.5204287715866,25.4126913524992,25.3972910671794,25.2534435750629,25.3562123467933,25.4178242679226,25.3664835674914,25.4434849990752,25.3921571255997,25.3356668224182,25.3664835674914,25.5050446238429,25.3716187925976,25.4691393236678,25.4229569268991,25.3305297988212,25.3099791333095,25.4178242679226,25.325392518149,25.4332214756594,25.4178242679226,25.3818884725093,25.3972910671794,25.5716926484544,25.464008971053,25.4588783623232,25.4537474974415,25.4075581805922,25.3613480855689,25.4793992606996,25.3305297988212,25.4537474974415,25.4691393236678,25.2483024338098,25.3767537609245,25.3562123467933,25.3921571255997,25.5153009780981,25.5973150092137,25.6331755985647,26.0064083335824,25.8174044635856,25.8122914408466,25.8378540189647,25.9502541492142,26.0319228696336,25.9093955434194,25.8071781644774,25.8940693936838,25.8531885241579
25.0836496611589,25.0887990663117,25.1299849929454,25.2483024338098,25.2997022573604,25.0630494515398,24.9599861922213,25.0681998923707,25.2688654531791,25.2277352917338,25.3356668224182,25.3048408239653,25.2894243522202,25.2174501739369,25.3356668224182,25.3716187925976,25.3716187925976,25.3151171854302,25.1608635787557,25.1145422104357,25.1968768433364,25.1196900631945,25.3048408239653,25.2380193782588,25.3099791333095,25.2740055641272,25.1557177937613,25.3048408239653,25.325392518149,25.4229569268991,25.2071640245704,25.1093940990381,25.3510763511273,25.3510763511273,25.2740055641272,25.2997022573604,25.4332214756594,25.4999160630027,25.6178083047144,25.4024247521646,25.3716187925976,25.2945634334578,25.3202549803643,25.4383533655169,25.3818884725093,25.1711543738743,25.2894243522202,25.2791454175921,25.3202549803643,25.258584458684,25.1968768433364,25.2842850136107,25.2174501739369,25.1557177937613,25.3151171854302,25.3099791333095,25.4126913524992,25.2637250847104,25.3921571255997,25.2380193782588,25.2688654531791,25.3972910671794,25.3562123467933,25.3099791333095,25.2174501739369,25.3048408239653,25.3356668224182,25.2945634334578,25.3356668224182,25.3305297988212,25.3356668224182,25.3151171854302,25.325392518149,25.3202549803643,25.3048408239653,25.4845288451903,25.3818884725093,25.3664835674914,25.4229569268991,25.2637250847104,25.4486163763711,25.4229569268991,25.3716187925976,25.4280893294658,25.4024247521646,25.3151171854302,25.3716187925976,25.3818884725093,25.4024247521646,25.3099791333095,25.3972910671794,25.3305297988212,25.3305297988212,25.4691393236678,25.5204287715866,25.5255563093646,25.643419186549,25.5050446238429,25.6485405982759,25.4280893294658,25.4178242679226,25.6075621671384,25.5870668306474,25.3870229273887,25.4024247521646,25.4691393236678,25.5563161681696,25.4742694202044,25.3202549803643,25.4691393236678,25.4126913524992,25.3921571255997,25.3767537609245,25.4075581805922,25.4126913524992,25.4075581805922,25.4178242679226,25.6382975199907,25.4229569268991,25.6075621671384,25.6639033048348,25.7253312192514,25.5255563093646,25.669023697602,25.464008971053,25.3870229273887,25.4332214756594,25.3921571255997,25.5101729288625,25.494787246305,25.4793992606996,25.4537474974415,25.3972910671794,25.4434849990752,25.3664835674914,25.4332214756594,25.6997407078597,25.602438715738,25.5050446238429,25.5921910475291,25.5358106179362,25.5819423585322,25.5460639041067,25.4332214756594,25.3562123467933,25.4588783623232,25.4280893294658,25.3767537609245,25.4024247521646,25.4178242679226,25.3870229273887,25.3099791333095,25.3459400985342,25.3099791333095,25.3099791333095,25.325392518149,25.3305297988212,25.5050446238429,25.4486163763711,25.4383533655169,25.4793992606996,25.3972910671794,25.3099791333095,25.3870229273887,25.3613480855689,25.2945634334578,25.3048408239653,25.2842850136107,25.2997022573604,25.3408035889768,25.3921571255997,25.3099791333095,25.3767537609245,25.3048408239653,25.2534435750629,25.2225928617629,25.2071640245704,25.2123072282184,25.2997022573604,25.3459400985342,25.2534435750629,25.3767537609245,25.325392518149,25.2894243522202,25.3613480855689,25.3613480855689,25.3870229273887,25.4024247521646,25.4537474974415,25.4332214756594,25.3972910671794,25.3818884725093,25.3613480855689,25.3459400985342,25.3562123467933,25.3151171854302,25.3459400985342,25.3459400985342,25.2997022573604,25.2894243522202,25.3613480855689,25.3356668224182,25.3408035889768,25.3408035889768,25.2842850136107,25.2328774638867,25.2071640245704,25.3202549803643,25.3510763511273,25.3048408239653,25.2842850136107,25.3202549803643,25.2740055641272,25.5665674104186,25.4845288451903,25.5665674104186,25.3767537609245,25.3767537609245,25.3870229273887,25.4332214756594,25.4537474974415,25.325392518149,25.3202549803643,25.1454254487159,25.3202549803643,25.4537474974415,25.3921571255997,25.4280893294658,25.5614419170025,25.6178083047144,25.8071781644774,25.8174044635856,25.7918368132263,25.8889601710514,25.863410260858,25.9298268687038,25.9042870798318,25.8838506953317,25.8889601710514,25.9400410144115
25.1865886299367,25.1454254487159,25.0681998923707,25.3048408239653,25.2791454175921,25.3818884725093,25.2637250847104,25.0475965748176,25.0630494515398,25.325392518149,25.1762993840732,25.2637250847104,25.1196900631945,25.1145422104357,25.0424450977087,25.1145422104357,25.0939482126385,24.918731811688,25.0012239478063,25.0990971001769,25.0836496611589,25.2894243522202,25.2174501739369,25.2997022573604,25.1711543738743,25.0836496611589,25.1968768433364,25.3048408239653,25.2842850136107,25.3048408239653,25.3510763511273,25.2174501739369,25.1711543738743,25.1145422104357,25.3562123467933,25.3459400985342,25.4896581737131,25.4075581805922,25.4896581737131,25.4588783623232,25.3613480855689,25.2380193782588,25.2174501739369,25.3716187925976,25.2071640245704,25.1762993840732,25.2637250847104,25.2791454175921,25.3305297988212,25.1865886299367,25.325392518149,25.3767537609245,25.3099791333095,25.4178242679226,25.3510763511273,25.4332214756594,25.4075581805922,25.3767537609245,25.3818884725093,25.3305297988212,25.258584458684,25.3099791333095,25.325392518149,25.3048408239653,25.4024247521646,25.3870229273887,25.3459400985342,25.325392518149,25.3305297988212,25.3305297988212,25.3305297988212,25.4178242679226,25.2740055641272,25.3408035889768,25.3921571255997,25.4024247521646,25.4434849990752,25.2842850136107,25.4332214756594,25.3613480855689,25.3664835674914,25.325392518149,25.3562123467933,25.3870229273887,25.4486163763711,25.3562123467933,25.4280893294658,25.3356668224182,25.3818884725093,25.3202549803643,25.3151171854302,25.3099791333095,25.2791454175921,25.2483024338098,25.3048408239653,25.3613480855689,25.5563161681696,25.4793992606996,25.5050446238429,25.4229569268991,25.5153009780981,25.5870668306474,25.4588783623232,25.4434849990752,25.4588783623232,25.3767537609245,25.4434849990752,25.4229569268991,25.4024247521646,25.4126913524992,25.3202549803643,25.3408035889768,25.464008971053,25.4588783623232,25.2894243522202,25.4434849990752,25.494787246305,25.5511901638832,25.5153009780981,25.5768176311468,25.715095777693,25.6895027225489,25.602438715738,25.6485405982759,25.6946218424375,25.5716926484544,25.5153009780981,25.5358106179362,25.5204287715866,25.6126853634517,25.5255563093646,25.4896581737131,25.5153009780981,25.3972910671794,25.3459400985342,25.2483024338098,25.4229569268991,25.5204287715866,25.5665674104186,25.5511901638832,25.7253312192514,25.4691393236678,25.4332214756594,25.4793992606996,25.5819423585322,25.5460639041067,25.3562123467933,25.3716187925976,25.3562123467933,25.4075581805922,25.4588783623232,25.4793992606996,25.2997022573604,25.3613480855689,25.3305297988212,25.3305297988212,25.3510763511273,25.4229569268991,25.494787246305,25.464008971053,25.4126913524992,25.4178242679226,25.4178242679226,25.3716187925976,25.4486163763711,25.4280893294658,25.2945634334578,25.2997022573604,25.4024247521646,25.3151171854302,25.3408035889768,25.3099791333095,25.3562123467933,25.2997022573604,25.3151171854302,25.2997022573604,25.2225928617629,25.2740055641272,25.3767537609245,25.464008971053,25.4075581805922,25.3716187925976,25.3048408239653,25.3664835674914,25.5358106179362,25.4024247521646,25.494787246305,25.4434849990752,25.4845288451903,25.4434849990752,25.4486163763711,25.2740055641272,25.4075581805922,25.4075581805922,25.3356668224182,25.4486163763711,25.4691393236678,25.3613480855689,25.4896581737131,25.3716187925976,25.3202549803643,25.3202549803643,25.3459400985342,25.3510763511273,25.3459400985342,25.2277352917338,25.3305297988212,25.4383533655169,25.3613480855689,25.2894243522202,25.2997022573604,25.2894243522202,25.3099791333095,25.4486163763711,25.4793992606996,25.464008971053,25.4588783623232,25.3870229273887,25.5050446238429,25.4793992606996,25.3716187925976,25.3202549803643,25.4691393236678,25.3305297988212,25.4024247521646,25.3972910671794,25.4024247521646,25.4383533655169,25.5511901638832,25.6331755985647,25.7867225219738,25.8531885241579,25.8071781644774,25.8480772758155,25.8225172327306,25.8276297483179,25.868520749288,25.8122914408466,25.8480772758155,25.9042870798318
25.1917328656758,25.3202549803643,25.0424450977087,25.124837657352,25.1660091054476,25.4126913524992,25.258584458684,25.2225928617629,25.0784999971428,25.1196900631945,25.258584458684,25.2380193782588,25.1968768433364,25.325392518149,25.1711543738743,25.2380193782588,25.0218365972651,25.1557177937613,25.1196900631945,25.2997022573604,25.2791454175921,25.2020205629554,25.0939482126385,25.2123072282184,25.3048408239653,25.2123072282184,25.3202549803643,25.2740055641272,25.2997022573604,25.3870229273887,25.4537474974415,25.3818884725093,25.3356668224182,25.1351320700124,25.1145422104357,25.2277352917338,25.4434849990752,25.4691393236678,25.3870229273887,25.4434849990752,25.3716187925976,25.2483024338098,25.2123072282184,25.2997022573604,25.2225928617629,25.1454254487159,25.2791454175921,25.2688654531791,25.2328774638867,25.2483024338098,25.3408035889768,25.2328774638867,25.3510763511273,25.2071640245704,25.3664835674914,25.3562123467933,25.3870229273887,25.4999160630027,25.5204287715866,25.3613480855689,25.2380193782588,25.2431610348875,25.2123072282184,25.3099791333095,25.258584458684,25.3562123467933,25.3664835674914,25.325392518149,25.2483024338098,25.1814441360816,25.2071640245704,25.2894243522202,25.3048408239653,25.3562123467933,25.2997022573604,25.3870229273887,25.3921571255997,25.4742694202044,25.4486163763711,25.3613480855689,25.4742694202044,25.4126913524992,25.4229569268991,25.3459400985342,25.3613480855689,25.4075581805922,25.3305297988212,25.3356668224182,25.3202549803643,25.4486163763711,25.4486163763711,25.4537474974415,25.3202549803643,25.3202549803643,25.2483024338098,25.2894243522202,25.5665674104186,25.4280893294658,25.4691393236678,25.3510763511273,25.3818884725093,25.4793992606996,25.3048408239653,25.2791454175921,25.2225928617629,25.4486163763711,25.3972910671794,25.5101729288625,25.4280893294658,25.3767537609245,25.3921571255997,25.3459400985342,25.3921571255997,25.5153009780981,25.5204287715866,25.5050446238429,25.4024247521646,25.4588783623232,25.5101729288625,25.6331755985647,25.5255563093646,25.4793992606996,25.3562123467933,25.4178242679226,25.4486163763711,25.5665674104186,25.6382975199907,25.4588783623232,25.5101729288625,25.464008971053,25.3972910671794,25.4332214756594,25.3767537609245,25.4126913524992,25.4793992606996,25.5563161681696,25.622930990963,25.5614419170025,25.6126853634517,25.6946218424375,25.5306835914689,25.5050446238429,25.5050446238429,25.4280893294658,25.5511901638832,25.5511901638832,25.4280893294658,25.464008971053,25.4434849990752,25.4075581805922,25.5101729288625,25.4280893294658,25.4024247521646,25.3613480855689,25.4178242679226,25.4896581737131,25.4178242679226,25.4588783623232,25.4537474974415,25.4793992606996,25.464008971053,25.4691393236678,25.5306835914689,25.4383533655169,25.4896581737131,25.4383533655169,25.4332214756594,25.3151171854302,25.2997022573604,25.3305297988212,25.3613480855689,25.3151171854302,25.3048408239653,25.2997022573604,25.2534435750629,25.2431610348875,25.2277352917338,25.2483024338098,25.3356668224182,25.2688654531791,25.3562123467933,25.2791454175921,25.2997022573604,25.3818884725093,25.3818884725093,25.494787246305,25.4896581737131,25.4588783623232,25.4434849990752,25.5563161681696,25.4178242679226,25.4229569268991,25.4537474974415,25.2945634334578,25.3459400985342,25.4332214756594,25.4178242679226,25.4126913524992,25.4896581737131,25.3562123467933,25.4332214756594,25.2534435750629,25.3562123467933,25.3562123467933,25.2123072282184,25.3356668224182,25.3459400985342,25.3716187925976,25.3716187925976,25.3613480855689,25.4024247521646,25.3048408239653,25.2842850136107,25.3818884725093,25.4178242679226,25.4024247521646,25.3921571255997,25.4383533655169,25.3562123467933,25.4845288451903,25.4896581737131,25.4537474974415,25.325392518149,25.3562123467933,25.4383533655169,25.4383533655169,25.4588783623232,25.5153009780981,25.6280534222343,25.6895027225489,25.6895027225489,25.8378540189647,25.8787409664887,25.8276297483179,25.9196117118026,25.7816079769097,25.8787409664887,25.9757825654037,25.9145037540644,25.8378540189647
25.4742694202044,25.2842850136107,25.1299849929454,25.1711543738743,25.2483024338098,25.2688654531791,25.2020205629554,25.2277352917338,25.2277352917338,25.2071640245704,25.124837657352,25.2637250847104,25.2637250847104,25.258584458684,25.124837657352,25.2483024338098,25.3048408239653,25.2534435750629,25.2174501739369,25.3151171854302,25.3099791333095,25.1351320700124,25.0063774992726,25.14027888859,25.2174501739369,25.2174501739369,25.4486163763711,25.4486163763711,25.3356668224182,25.3818884725093,25.4896581737131,25.3664835674914,25.3202549803643,25.1505717504272,25.3151171854302,25.1968768433364,25.2071640245704,25.4126913524992,25.2225928617629,25.3870229273887,25.2380193782588,25.2328774638867,25.1865886299367,25.1762993840732,25.14027888859,25.4537474974415,25.4486163763711,25.2842850136107,25.258584458684,25.2277352917338,25.2483024338098,25.2020205629554,25.2123072282184,25.1917328656758,25.3305297988212,25.1762993840732,25.3202549803643,25.464008971053,25.2277352917338,25.3562123467933,25.2997022573604,25.2534435750629,25.2945634334578,25.3562123467933,25.3459400985342,25.2123072282184,25.1505717504272,25.2534435750629,25.3305297988212,25.3202549803643,25.1917328656758,25.3151171854302,25.2945634334578,25.2791454175921,25.4588783623232,25.5409373888032,25.4075581805922,25.4332214756594,25.4434849990752,25.3767537609245,25.2791454175921,25.2842850136107,25.4280893294658,25.4075581805922,25.3613480855689,25.3716187925976,25.3767537609245,25.464008971053,25.4280893294658,25.4588783623232,25.3921571255997,25.3716187925976,25.3510763511273,25.4434849990752,25.3305297988212,25.1968768433364,25.4126913524992,25.3459400985342,25.3613480855689,25.3870229273887,25.5921910475291,25.4332214756594,25.2791454175921,25.2791454175921,25.2842850136107,25.3613480855689,25.4332214756594,25.4486163763711,25.4229569268991,25.2688654531791,25.3870229273887,25.4742694202044,25.3305297988212,25.5050446238429,25.5153009780981,25.3972910671794,25.4845288451903,25.4588783623232,25.5204287715866,25.6382975199907,25.3972910671794,25.4280893294658,25.4126913524992,25.4126913524992,25.4178242679226,25.4024247521646,25.4229569268991,25.4024247521646,25.4383533655169,25.4383533655169,25.6178083047144,25.4178242679226,25.4486163763711,25.4434849990752,25.4178242679226,25.3664835674914,25.4845288451903,25.4229569268991,25.464008971053,25.494787246305,25.5614419170025,25.4434849990752,25.4332214756594,25.5511901638832,25.4229569268991,25.3972910671794,25.5050446238429,25.464008971053,25.4434849990752,25.464008971053,25.4999160630027,25.4383533655169,25.4126913524992,25.4896581737131,25.4486163763711,25.4793992606996,25.494787246305,25.4537474974415,25.4742694202044,25.4537474974415,25.3767537609245,25.4280893294658,25.4434849990752,25.3716187925976,25.2894243522202,25.4537474974415,25.4126913524992,25.3818884725093,25.3048408239653,25.3767537609245,25.3716187925976,25.3818884725093,25.325392518149,25.1968768433364,25.0939482126385,25.2431610348875,25.1660091054476,25.2688654531791,25.2688654531791,25.2483024338098,25.3716187925976,25.2791454175921,25.3151171854302,25.3664835674914,25.4588783623232,25.5460639041067,25.4075581805922,25.5101729288625,25.4383533655169,25.4434849990752,25.5050446238429,25.4999160630027,25.3562123467933,25.3664835674914,25.464008971053,25.4486163763711,25.4332214756594,25.3870229273887,25.3870229273887,25.3664835674914,25.3870229273887,25.4845288451903,25.1865886299367,25.3818884725093,25.2637250847104,25.325392518149,25.3459400985342,25.2123072282184,25.3870229273887,25.3972910671794,25.2688654531791,25.2997022573604,25.3972910671794,25.4024247521646,25.4075581805922,25.4845288451903,25.4434849990752,25.4024247521646,25.4126913524992,25.4280893294658,25.3562123467933,25.4383533655169,25.3664835674914,25.3870229273887,25.3356668224182,25.5511901638832,25.3870229273887,25.5921910475291,25.5870668306474,25.5409373888032,25.715095777693,25.7560314431445,25.9247194166704,25.9502541492142,25.8531885241579,25.9502541492142,25.8480772758155,25.9808874910754,25.8276297483179,25.8276297483179
25.3356668224182,25.4588783623232,25.2174501739369,25.1814441360816,25.2791454175921,25.2277352917338,25.2071640245704,25.2997022573604,25.2842850136107,25.2688654531791,25.0836496611589,25.1042457289643,25.2534435750629,25.2534435750629,25.2791454175921,25.3818884725093,25.3818884725093,25.2997022573604,25.3408035889768,25.2842850136107,25.1145422104357,25.0939482126385,25.2997022573604,25.1968768433364,25.3562123467933,25.3099791333095,25.4383533655169,25.4434849990752,25.3459400985342,25.3870229273887,25.3613480855689,25.2483024338098,25.258584458684,25.1917328656758,25.3048408239653,25.258584458684,25.2277352917338,25.3613480855689,25.3767537609245,25.2380193782588,25.2277352917338,25.2225928617629,25.2225928617629,25.2740055641272,25.2277352917338,25.2380193782588,25.4178242679226,25.2225928617629,25.3099791333095,25.2277352917338,25.4126913524992,25.3356668224182,25.3459400985342,25.1814441360816,25.3202549803643,25.5921910475291,25.4537474974415,25.5101729288625,25.3356668224182,25.2842850136107,25.2740055641272,25.2637250847104,25.325392518149,25.3972910671794,25.3716187925976,25.3562123467933,25.2380193782588,25.2637250847104,25.3151171854302,25.2894243522202,25.3099791333095,25.3408035889768,25.3048408239653,25.3921571255997,25.494787246305,25.4742694202044,25.4280893294658,25.494787246305,25.4126913524992,25.4075581805922,25.3870229273887,25.4537474974415,25.4588783623232,25.5358106179362,25.3408035889768,25.3562123467933,25.4588783623232,25.4691393236678,25.5255563093646,25.4383533655169,25.4588783623232,25.3972910671794,25.2997022573604,25.3664835674914,25.2740055641272,25.2894243522202,25.2740055641272,25.3459400985342,25.3510763511273,25.3562123467933,25.5153009780981,25.4486163763711,25.4383533655169,25.2637250847104,25.3099791333095,25.4896581737131,25.4691393236678,25.4742694202044,25.4691393236678,25.4588783623232,25.4537474974415,25.4896581737131,25.4999160630027,25.3972910671794,25.4845288451903,25.3613480855689,25.5101729288625,25.5358106179362,25.6126853634517,25.7355656438188,25.5870668306474,25.5563161681696,25.4178242679226,25.4537474974415,25.4126913524992,25.4075581805922,25.4229569268991,25.4178242679226,25.4383533655169,25.6997407078597,25.669023697602,25.5358106179362,25.4486163763711,25.5665674104186,25.4280893294658,25.5306835914689,25.6075621671384,25.4845288451903,25.4691393236678,25.4742694202044,25.4486163763711,25.6075621671384,25.5255563093646,25.4126913524992,25.4999160630027,25.4537474974415,25.464008971053,25.4537474974415,25.4383533655169,25.5101729288625,25.4434849990752,25.5050446238429,25.4126913524992,25.5153009780981,25.4229569268991,25.4588783623232,25.5665674104186,25.494787246305,25.4742694202044,25.5563161681696,25.5358106179362,25.5101729288625,25.464008971053,25.3562123467933,25.4332214756594,25.4332214756594,25.4178242679226,25.3356668224182,25.3510763511273,25.3151171854302,25.3099791333095,25.3356668224182,25.3613480855689,25.2688654531791,25.2945634334578,25.1968768433364,25.1454254487159,25.0063774992726,25.2688654531791,25.4332214756594,25.3459400985342,25.2894243522202,25.4024247521646,25.3151171854302,25.4742694202044,25.5973150092137,25.3972910671794,25.4691393236678,25.4178242679226,25.4999160630027,25.5306835914689,25.5306835914689,25.4742694202044,25.4486163763711,25.3921571255997,25.464008971053,25.4537474974415,25.4024247521646,25.3921571255997,25.4229569268991,25.3921571255997,25.3716187925976,25.4742694202044,25.3664835674914,25.1454254487159,24.7742102793675,25.2020205629554,25.3305297988212,25.3613480855689,25.3818884725093,25.4126913524992,25.3459400985342,25.3921571255997,25.2637250847104,25.4280893294658,25.3870229273887,25.3921571255997,25.3972910671794,25.4588783623232,25.4691393236678,25.3972910671794,25.3921571255997,25.3562123467933,25.3356668224182,25.2534435750629,25.4486163763711,25.5665674104186,25.5511901638832,25.5665674104186,25.5819423585322,25.6587826573823,25.7662628184848,25.9196117118026,25.8174044635856,25.9451477081579,25.8582995191601,25.8582995191601,25.8122914408466,25.8071781644774,25.8429657740965
25.4126913524992,25.3870229273887,25.3716187925976,25.2174501739369,25.2225928617629,25.3459400985342,25.3151171854302,25.2740055641272,25.3048408239653,25.258584458684,25.0887990663117,25.0372933614365,24.954830304227,25.2688654531791,25.2688654531791,25.2842850136107,25.2688654531791,25.2174501739369,25.1454254487159,25.258584458684,25.3099791333095,25.2174501739369,25.2020205629554,25.2225928617629,25.2997022573604,25.3767537609245,25.4075581805922,25.4075581805922,25.3767537609245,25.3972910671794,25.3870229273887,25.2483024338098,25.1968768433364,25.2637250847104,25.3767537609245,25.3921571255997,25.1917328656758,25.4742694202044,25.2842850136107,25.3818884725093,25.2842850136107,25.1762993840732,25.1865886299367,25.3099791333095,25.2071640245704,25.2380193782588,25.4434849990752,25.4691393236678,25.4588783623232,25.3202549803643,25.3767537609245,25.4486163763711,25.3305297988212,25.3356668224182,25.3613480855689,25.5716926484544,25.5768176311468,25.4280893294658,25.464008971053,25.3921571255997,25.3921571255997,25.3305297988212,25.3151171854302,25.4024247521646,25.3972910671794,25.3870229273887,25.2431610348875,25.3202549803643,25.2997022573604,25.3562123467933,25.258584458684,25.4178242679226,25.325392518149,25.4229569268991,25.3921571255997,25.3716187925976,25.2431610348875,25.4024247521646,25.464008971053,25.3921571255997,25.3972910671794,25.3818884725093,25.4383533655169,25.4537474974415,25.3664835674914,25.5460639041067,25.5153009780981,25.3921571255997,25.3767537609245,25.4537474974415,25.4793992606996,25.3099791333095,25.4178242679226,25.2997022573604,25.2997022573604,25.2791454175921,25.3818884725093,25.4229569268991,25.3510763511273,25.4075581805922,25.5050446238429,25.2637250847104,25.4126913524992,25.4486163763711,25.4434849990752,25.4126913524992,25.4588783623232,25.464008971053,25.3818884725093,25.4383533655169,25.5921910475291,25.5614419170025,25.5973150092137,25.6639033048348,25.3818884725093,25.3510763511273,25.4999160630027,25.464008971053,25.4486163763711,25.5973150092137,25.5973150092137,25.6075621671384,25.5921910475291,25.5255563093646,25.4178242679226,25.4280893294658,25.4024247521646,25.494787246305,25.4537474974415,25.4486163763711,25.6075621671384,25.6741438357205,25.5511901638832,25.5819423585322,25.5870668306474,25.5409373888032,25.5511901638832,25.464008971053,25.494787246305,25.4588783623232,25.5050446238429,25.4280893294658,25.4742694202044,25.4793992606996,25.5204287715866,25.4845288451903,25.4383533655169,25.4537474974415,25.3664835674914,25.5101729288625,25.4383533655169,25.5819423585322,25.4793992606996,25.5153009780981,25.4999160630027,25.5921910475291,25.5409373888032,25.5358106179362,25.5153009780981,25.494787246305,25.4845288451903,25.4332214756594,25.4537474974415,25.3716187925976,25.3459400985342,25.3305297988212,25.3305297988212,25.3202549803643,25.3562123467933,25.3305297988212,25.3099791333095,25.464008971053,25.3048408239653,25.464008971053,25.325392518149,25.2688654531791,25.2431610348875,25.3151171854302,25.3818884725093,25.3870229273887,25.3613480855689,25.4434849990752,25.3408035889768,25.4486163763711,25.494787246305,25.5921910475291,25.4024247521646,25.4229569268991,25.3921571255997,25.3870229273887,25.4126913524992,25.5153009780981,25.4178242679226,25.4126913524992,25.4486163763711,25.4999160630027,25.4845288451903,25.3818884725093,25.4691393236678,25.3664835674914,25.4537474974415,25.4793992606996,25.4383533655169,25.3818884725093,25.0372933614365,24.1005223164376,24.7122098579989,25.124837657352,25.3510763511273,25.2842850136107,25.325392518149,25.3202549803643,25.3613480855689,25.3664835674914,25.3972910671794,25.4178242679226,25.2431610348875,25.4280893294658,25.2894243522202,25.4229569268991,25.4280893294658,25.4588783623232,25.4332214756594,25.3305297988212,25.3613480855689,25.4383533655169,25.669023697602,25.6126853634517,25.5768176311468,25.6536617552083,25.5563161681696,25.8020646344419,25.8020646344419,25.9553603376162,25.9042870798318,25.9655719566022,25.868520749288,25.9655719566022,25.868520749288,25.9093955434194
25.0372933614365,25.1505717504272,25.4024247521646,25.4024247521646,25.3305297988212,25.3305297988212,25.2894243522202,25.2020205629554,25.2174501739369,25.2894243522202,25.2894243522202,25.1042457289643,25.0115307913128,25.0012239478063,25.2483024338098,25.2071640245704,25.1865886299367,25.1711543738743,25.4691393236678,25.2945634334578,25.3921571255997,25.2894243522202,25.14027888859,25.1968768433364,25.2225928617629,25.3818884725093,25.4229569268991,25.3818884725093,25.1968768433364,25.2071640245704,25.2842850136107,25.3613480855689,25.258584458684,25.3767537609245,25.3048408239653,25.1814441360816,25.1762993840732,25.2328774638867,25.3151171854302,25.1660091054476,25.2174501739369,25.2534435750629,25.3151171854302,25.3562123467933,25.3870229273887,25.3151171854302,25.4383533655169,25.2688654531791,25.4229569268991,25.4178242679226,25.3048408239653,25.4024247521646,25.4126913524992,25.3202549803643,25.3562123467933,25.5563161681696,25.602438715738,25.4229569268991,25.3818884725093,25.2637250847104,25.3767537609245,25.3767537609245,25.2791454175921,25.325392518149,25.3818884725093,25.3459400985342,25.3459400985342,25.3202549803643,25.2483024338098,25.3356668224182,25.3099791333095,25.2174501739369,25.4024247521646,25.325392518149,25.3972910671794,25.3818884725093,25.4075581805922,25.3972910671794,25.3921571255997,25.3510763511273,25.3972910671794,25.3664835674914,25.3716187925976,25.4691393236678,25.4742694202044,25.4742694202044,25.3870229273887,25.4383533655169,25.4383533655169,25.4383533655169,25.4742694202044,25.3613480855689,25.3459400985342,25.3099791333095,25.2894243522202,25.2688654531791,25.3818884725093,25.2740055641272,25.3818884725093,25.3818884725093,25.4229569268991,25.3818884725093,25.3921571255997,25.2997022573604,25.4793992606996,25.4332214756594,25.4588783623232,25.3818884725093,25.3099791333095,25.494787246305,25.4793992606996,25.6280534222343,25.4845288451903,25.5563161681696,25.4024247521646,25.4845288451903,25.5819423585322,25.5563161681696,25.4383533655169,25.5870668306474,25.6331755985647,25.622930990963,25.5716926484544,25.4999160630027,25.494787246305,25.5870668306474,25.5153009780981,25.5665674104186,25.5255563093646,25.5819423585322,25.5358106179362,25.4793992606996,25.5819423585322,25.4896581737131,25.4332214756594,25.5665674104186,25.5716926484544,25.4691393236678,25.5665674104186,25.4845288451903,25.5204287715866,25.464008971053,25.4537474974415,25.602438715738,25.5050446238429,25.4383533655169,25.5204287715866,25.4486163763711,25.3099791333095,25.3459400985342,25.4178242679226,25.3716187925976,25.4024247521646,25.5921910475291,25.4537474974415,25.4332214756594,25.5101729288625,25.4332214756594,25.5050446238429,25.5358106179362,25.4845288451903,25.4691393236678,25.4845288451903,25.4178242679226,25.5050446238429,25.3562123467933,25.3870229273887,25.4178242679226,25.3870229273887,25.325392518149,25.3305297988212,25.4075581805922,25.4024247521646,25.2277352917338,25.3151171854302,25.3099791333095,25.3664835674914,25.3562123467933,25.2894243522202,25.4537474974415,25.3921571255997,25.3870229273887,25.325392518149,25.3613480855689,25.3921571255997,25.4024247521646,25.3972910671794,25.4126913524992,25.4024247521646,25.4280893294658,25.4178242679226,25.4126913524992,25.4178242679226,25.4742694202044,25.4280893294658,25.3972910671794,25.4280893294658,25.4537474974415,25.3972910671794,25.3664835674914,25.3613480855689,25.3870229273887,25.3767537609245,25.4999160630027,25.3921571255997,25.1454254487159,25.1196900631945,25.1608635787557,25.3716187925976,25.4486163763711,25.3613480855689,25.3510763511273,25.3048408239653,25.3921571255997,25.3664835674914,25.4537474974415,25.3664835674914,25.3972910671794,25.4075581805922,25.3664835674914,25.3613480855689,25.3818884725093,25.4280893294658,25.2637250847104,25.3767537609245,25.3818884725093,25.3613480855689,25.5665674104186,25.5921910475291,25.5563161681696,25.5768176311468,25.6587826573823,25.8582995191601,25.9093955434194,25.8787409664887,25.8991783632653,25.7713781252015,25.8940693936838,25.868520749288,25.868520749288
25.2380193782588,25.2225928617629,25.3356668224182,25.5409373888032,25.4178242679226,25.2791454175921,25.2431610348875,25.2071640245704,25.3048408239653,25.4280893294658,25.2328774638867,25.2842850136107,25.2740055641272,25.0681998923707,24.918731811688,25.1711543738743,25.1454254487159,25.2123072282184,25.3613480855689,25.3562123467933,25.4845288451903,25.4999160630027,25.3408035889768,25.0887990663117,25.0578987516956,25.2123072282184,25.3921571255997,25.3921571255997,25.4126913524992,25.3870229273887,25.2740055641272,25.4126913524992,25.3921571255997,25.3921571255997,25.3664835674914,25.3767537609245,25.3510763511273,25.1865886299367,25.2174501739369,25.2945634334578,25.3202549803643,25.2740055641272,25.2637250847104,25.3099791333095,25.3870229273887,25.1762993840732,25.3818884725093,25.5255563093646,25.3151171854302,25.4126913524992,25.5409373888032,25.4178242679226,25.4383533655169,25.5101729288625,25.2688654531791,25.4383533655169,25.5921910475291,25.3972910671794,25.3972910671794,25.3510763511273,25.3870229273887,25.3921571255997,25.2997022573604,25.3048408239653,25.3562123467933,25.4075581805922,25.3870229273887,25.3716187925976,25.325392518149,25.4024247521646,25.325392518149,25.4537474974415,25.3048408239653,25.3716187925976,25.3716187925976,25.3870229273887,25.4537474974415,25.494787246305,25.4075581805922,25.4280893294658,25.3305297988212,25.3459400985342,25.3664835674914,25.4332214756594,25.4486163763711,25.4075581805922,25.4229569268991,25.4434849990752,25.5255563093646,25.464008971053,25.4486163763711,25.3356668224182,25.2894243522202,25.3562123467933,25.2791454175921,25.2842850136107,25.2688654531791,25.2997022573604,25.3818884725093,25.4280893294658,25.4486163763711,25.4486163763711,25.4178242679226,25.4537474974415,25.3818884725093,25.3099791333095,25.4434849990752,25.5050446238429,25.4845288451903,25.4588783623232,25.5614419170025,25.4486163763711,25.5870668306474,25.4486163763711,25.4178242679226,25.5204287715866,25.5665674104186,25.4486163763711,25.4383533655169,25.4332214756594,25.6075621671384,25.6382975199907,25.6843833481574,25.4383533655169,25.4486163763711,25.5101729288625,25.494787246305,25.5255563093646,25.5306835914689,25.5665674104186,25.5204287715866,25.4742694202044,25.3408035889768,25.4229569268991,25.4332214756594,25.5153009780981,25.6075621671384,25.602438715738,25.5563161681696,25.5768176311468,25.5665674104186,25.4178242679226,25.4075581805922,25.4742694202044,25.4229569268991,25.4280893294658,25.4178242679226,25.464008971053,25.494787246305,25.4383533655169,25.5101729288625,25.4383533655169,25.4229569268991,25.5255563093646,25.464008971053,25.4024247521646,25.4896581737131,25.3921571255997,25.4280893294658,25.5255563093646,25.5358106179362,25.4229569268991,25.4178242679226,25.3972910671794,25.4845288451903,25.2997022573604,25.4280893294658,25.4075581805922,25.4024247521646,25.3972910671794,25.3099791333095,25.3870229273887,25.3510763511273,25.2894243522202,25.3151171854302,25.2791454175921,25.2997022573604,25.2997022573604,25.3767537609245,25.4691393236678,25.3202549803643,25.5255563093646,25.4742694202044,25.4691393236678,25.3972910671794,25.4075581805922,25.4691393236678,25.5563161681696,25.4742694202044,25.4229569268991,25.4332214756594,25.4896581737131,25.4126913524992,25.4434849990752,25.4691393236678,25.4691393236678,25.3972910671794,25.4999160630027,25.5255563093646,25.4383533655169,25.494787246305,25.4383533655169,25.3921571255997,25.4537474974415,25.4434849990752,25.3818884725093,25.3613480855689,25.3818884725093,25.3356668224182,25.3767537609245,25.3613480855689,25.3716187925976,25.4280893294658,25.4896581737131,25.4126913524992,25.4280893294658,25.4126913524992,25.4537474974415,25.4024247521646,25.464008971053,25.3716187925976,25.3921571255997,25.3921571255997,25.4537474974415,25.3562123467933,25.4075581805922,25.3305297988212,25.494787246305,25.5768176311468,25.5358106179362,25.5460639041067,25.6485405982759,25.7867225219738,25.8174044635856,25.9298268687038,25.9247194166704,25.8531885241579,25.8174044635856,25.8276297483179,25.8020646344419
25.3921571255997,25.3408035889768,25.3613480855689,25.3202549803643,25.4845288451903,25.3305297988212,25.325392518149,25.3459400985342,25.3716187925976,25.325392518149,25.2740055641272,25.3716187925976,25.1454254487159,25.0424450977087,25.0115307913128,24.9032571289301,25.1968768433364,25.2791454175921,25.4024247521646,25.3202549803643,25.3356668224182,25.4896581737131,25.494787246305,25.3408035889768,25.1968768433364,25.1454254487159,25.3048408239653,25.3613480855689,25.3972910671794,25.3767537609245,25.3767537609245,25.3562123467933,25.3818884725093,25.2431610348875,25.4126913524992,25.2842850136107,25.325392518149,25.3151171854302,25.3305297988212,25.1865886299367,25.3716187925976,25.3305297988212,25.2945634334578,25.4280893294658,25.3921571255997,25.3870229273887,25.3716187925976,25.4024247521646,25.3099791333095,25.494787246305,25.4229569268991,25.4126913524992,25.4075581805922,25.3972910671794,25.4126913524992,25.4383533655169,25.4024247521646,25.4229569268991,25.3972910671794,25.3921571255997,25.3870229273887,25.3818884725093,25.2842850136107,25.3305297988212,25.3664835674914,25.3408035889768,25.4486163763711,25.3305297988212,25.3305297988212,25.3408035889768,25.4280893294658,25.4075581805922,25.3972910671794,25.4178242679226,25.3767537609245,25.4024247521646,25.4999160630027,25.5563161681696,25.4537474974415,25.2534435750629,25.4126913524992,25.3510763511273,25.3921571255997,25.4588783623232,25.2997022573604,25.3048408239653,25.3305297988212,25.3921571255997,25.4588783623232,25.3202549803643,25.4332214756594,25.4434849990752,25.2842850136107,25.3767537609245,25.3921571255997,25.3613480855689,25.3048408239653,25.3510763511273,25.3921571255997,25.3562123467933,25.4126913524992,25.4434849990752,25.4126913524992,25.4332214756594,25.3921571255997,25.4332214756594,25.4537474974415,25.4126913524992,25.5409373888032,25.4383533655169,25.4383533655169,25.5614419170025,25.5716926484544,25.4742694202044,25.4793992606996,25.5563161681696,25.5358106179362,25.5768176311468,25.5973150092137,25.5870668306474,25.464008971053,25.5819423585322,25.4383533655169,25.3562123467933,25.4126913524992,25.4126913524992,25.5101729288625,25.5153009780981,25.5409373888032,25.5460639041067,25.4793992606996,25.5614419170025,25.4332214756594,25.4383533655169,25.3870229273887,25.4383533655169,25.464008971053,25.3870229273887,25.4075581805922,25.5973150092137,25.5153009780981,25.3972910671794,25.3921571255997,25.4075581805922,25.4999160630027,25.4178242679226,25.5306835914689,25.5050446238429,25.4383533655169,25.4896581737131,25.4793992606996,25.4896581737131,25.4229569268991,25.4845288451903,25.4383533655169,25.3562123467933,25.4691393236678,25.5101729288625,25.5563161681696,25.5050446238429,25.5306835914689,25.4742694202044,25.4434849990752,25.4383533655169,25.4434849990752,25.3870229273887,25.4280893294658,25.4024247521646,25.3870229273887,25.4486163763711,25.3562123467933,25.3921571255997,25.3664835674914,25.4075581805922,25.3510763511273,25.2945634334578,25.2740055641272,25.3870229273887,25.4126913524992,25.4126913524992,25.3151171854302,25.5204287715866,25.3870229273887,25.5306835914689,25.5665674104186,25.5614419170025,25.4845288451903,25.4178242679226,25.4793992606996,25.5204287715866,25.4383533655169,25.4793992606996,25.4896581737131,25.494787246305,25.4845288451903,25.4691393236678,25.494787246305,25.5101729288625,25.5614419170025,25.5511901638832,25.5101729288625,25.4896581737131,25.5050446238429,25.4845288451903,25.494787246305,25.5306835914689,25.4486163763711,25.5204287715866,25.4434849990752,25.3767537609245,25.5050446238429,25.4126913524992,25.4896581737131,25.4896581737131,25.494787246305,25.4229569268991,25.3972910671794,25.3716187925976,25.4588783623232,25.4178242679226,25.5409373888032,25.4434849990752,25.3972910671794,25.5204287715866,25.464008971053,25.4229569268991,25.3972910671794,25.5101729288625,25.5153009780981,25.5460639041067,25.5511901638832,25.6792637192269,25.6382975199907,25.8071781644774,25.6792637192269,25.8889601710514,25.8736309844862,25.7457990516862,25.5870668306474,25.7048593188521
25.2277352917338,25.3459400985342,25.2688654531791,25.1917328656758,25.4075581805922,25.4383533655169,25.4126913524992,25.4075581805922,25.3613480855689,25.3048408239653,25.124837657352,25.1351320700124,25.1454254487159,25.2534435750629,25.2894243522202,24.9960701368761,24.9702971889533,25.1917328656758,25.2020205629554,25.4845288451903,25.3151171854302,25.2483024338098,25.3767537609245,25.4691393236678,25.4742694202044,25.1145422104357,25.2945634334578,25.3767537609245,25.3048408239653,25.2740055641272,25.2997022573604,25.4075581805922,25.2431610348875,25.3818884725093,25.3870229273887,25.2688654531791,25.1814441360816,25.2483024338098,25.2740055641272,25.2483024338098,25.3408035889768,25.3459400985342,25.258584458684,25.3510763511273,25.3562123467933,25.4537474974415,25.3870229273887,25.4075581805922,25.3459400985342,25.3305297988212,25.4332214756594,25.4280893294658,25.3972910671794,25.3972910671794,25.3613480855689,25.4075581805922,25.3305297988212,25.4024247521646,25.3716187925976,25.4126913524992,25.3613480855689,25.3818884725093,25.3048408239653,25.3921571255997,25.325392518149,25.5358106179362,25.3408035889768,25.2483024338098,25.2997022573604,25.3202549803643,25.4024247521646,25.3305297988212,25.4280893294658,25.4178242679226,25.4024247521646,25.258584458684,25.4075581805922,25.3870229273887,25.4588783623232,25.4742694202044,25.3356668224182,25.4486163763711,25.4588783623232,25.4178242679226,25.3305297988212,25.4742694202044,25.4896581737131,25.6382975199907,25.3972910671794,25.464008971053,25.4845288451903,25.4434849990752,25.4332214756594,25.4434849990752,25.3664835674914,25.3716187925976,25.3459400985342,25.4075581805922,25.4178242679226,25.4229569268991,25.5614419170025,25.4280893294658,25.4332214756594,25.2071640245704,25.3562123467933,25.3408035889768,25.4126913524992,25.4383533655169,25.4178242679226,25.5306835914689,25.5255563093646,25.4383533655169,25.4075581805922,25.4280893294658,25.4999160630027,25.5716926484544,25.5768176311468,25.5563161681696,25.5204287715866,25.5768176311468,25.4178242679226,25.4793992606996,25.5563161681696,25.5358106179362,25.4383533655169,25.4024247521646,25.4691393236678,25.5614419170025,25.5358106179362,25.5101729288625,25.5921910475291,25.5614419170025,25.5973150092137,25.4178242679226,25.4178242679226,25.4280893294658,25.4280893294658,25.4280893294658,25.4537474974415,25.4537474974415,25.4178242679226,25.5358106179362,25.5460639041067,25.464008971053,25.4434849990752,25.4793992606996,25.4332214756594,25.5460639041067,25.4486163763711,25.494787246305,25.4229569268991,25.3818884725093,25.3818884725093,25.5050446238429,25.4178242679226,25.4229569268991,25.4896581737131,25.3818884725093,25.3972910671794,25.494787246305,25.4999160630027,25.4486163763711,25.4845288451903,25.4486163763711,25.4999160630027,25.4537474974415,25.3818884725093,25.3613480855689,25.4178242679226,25.3099791333095,25.3459400985342,25.4075581805922,25.3099791333095,25.4024247521646,25.3356668224182,25.4178242679226,25.3613480855689,25.3048408239653,25.3048408239653,25.3048408239653,25.3099791333095,25.4280893294658,25.5511901638832,25.5050446238429,25.5204287715866,25.5204287715866,25.5204287715866,25.5665674104186,25.5306835914689,25.5101729288625,25.4280893294658,25.4229569268991,25.4999160630027,25.3818884725093,25.4383533655169,25.464008971053,25.4537474974415,25.4793992606996,25.4896581737131,25.4588783623232,25.3870229273887,25.2894243522202,25.4280893294658,25.3767537609245,25.464008971053,25.4537474974415,25.4434849990752,25.5358106179362,25.4434849990752,25.3716187925976,25.3818884725093,25.4075581805922,25.464008971053,25.4691393236678,25.4845288451903,25.5101729288625,25.325392518149,25.5050446238429,25.4229569268991,25.4229569268991,25.4075581805922,25.3972910671794,25.4383533655169,25.4075581805922,25.3767537609245,25.3562123467933,25.3151171854302,25.4383533655169,25.5358106179362,25.622930990963,25.8122914408466,25.715095777693,25.7406824748218,25.8122914408466,25.7406824748218,25.9502541492142,25.9298268687038,25.868520749288,25.6587826573823,25.7611472578112
25.643419186549,25.6178083047144,25.4999160630027,25.325392518149,25.2842850136107,25.3818884725093,25.2637250847104,25.3972910671794,25.4742694202044,25.4024247521646,25.0681998923707,25.1608635787557,25.2637250847104,25.2997022573604,25.4024247521646,25.2945634334578,24.9806071469274,25.0578987516956,25.2534435750629,25.1968768433364,25.2328774638867,25.4793992606996,25.4896581737131,25.3818884725093,25.2740055641272,25.2020205629554,25.2637250847104,25.2431610348875,25.3510763511273,25.2431610348875,25.2534435750629,25.3664835674914,25.4229569268991,25.4126913524992,25.4178242679226,25.4691393236678,25.2842850136107,25.258584458684,25.3202549803643,25.3202549803643,25.3356668224182,25.3767537609245,25.4126913524992,25.3562123467933,25.3870229273887,25.4075581805922,25.3870229273887,25.3151171854302,25.3048408239653,25.2945634334578,25.3716187925976,25.3921571255997,25.4280893294658,25.3972910671794,25.3767537609245,25.3613480855689,25.3716187925976,25.4486163763711,25.4486163763711,25.3356668224182,25.3716187925976,25.4486163763711,25.3305297988212,25.3408035889768,25.258584458684,25.3921571255997,25.3510763511273,25.3151171854302,25.2740055641272,25.3305297988212,25.2328774638867,25.4075581805922,25.2894243522202,25.4845288451903,25.4588783623232,25.3972910671794,25.2791454175921,25.3870229273887,25.3716187925976,25.5101729288625,25.3408035889768,25.3202549803643,25.3202549803643,25.2945634334578,25.3099791333095,25.4280893294658,25.4024247521646,25.4024247521646,25.3716187925976,25.4537474974415,25.3664835674914,25.4999160630027,25.4280893294658,25.6639033048348,25.3356668224182,25.4229569268991,25.4178242679226,25.4075581805922,25.4126913524992,25.3767537609245,25.3356668224182,25.4075581805922,25.4793992606996,25.4075581805922,25.3716187925976,25.4383533655169,25.4537474974415,25.4537474974415,25.4280893294658,25.4280893294658,25.5204287715866,25.3921571255997,25.4280893294658,25.4178242679226,25.5716926484544,25.5153009780981,25.5563161681696,25.4793992606996,25.4075581805922,25.4332214756594,25.4229569268991,25.4691393236678,25.4691393236678,25.494787246305,25.4999160630027,25.4845288451903,25.4588783623232,25.5358106179362,25.5511901638832,25.5973150092137,25.5153009780981,25.622930990963,25.622930990963,25.5870668306474,25.6946218424375,25.4486163763711,25.4486163763711,25.4280893294658,25.4126913524992,25.4075581805922,25.3921571255997,25.3921571255997,25.5460639041067,25.4793992606996,25.4024247521646,25.3767537609245,25.4537474974415,25.5614419170025,25.4383533655169,25.5409373888032,25.4126913524992,25.4999160630027,25.4537474974415,25.5050446238429,25.4845288451903,25.3459400985342,25.4434849990752,25.4845288451903,25.4280893294658,25.5204287715866,25.622930990963,25.5255563093646,25.4486163763711,25.3818884725093,25.4332214756594,25.3972910671794,25.464008971053,25.4486163763711,25.4845288451903,25.4024247521646,25.4024247521646,25.3767537609245,25.3972910671794,25.3613480855689,25.4486163763711,25.4332214756594,25.3613480855689,25.464008971053,25.3716187925976,25.4742694202044,25.3305297988212,25.3151171854302,25.3972910671794,25.4691393236678,25.5563161681696,25.6946218424375,25.4845288451903,25.5819423585322,25.5101729288625,25.464008971053,25.4178242679226,25.4126913524992,25.3767537609245,25.4793992606996,25.4691393236678,25.4691393236678,25.4793992606996,25.5511901638832,25.4588783623232,25.4793992606996,25.3818884725093,25.4126913524992,25.4229569268991,25.4742694202044,25.4486163763711,25.464008971053,25.4126913524992,25.4332214756594,25.4999160630027,25.3459400985342,25.5204287715866,25.4332214756594,25.4280893294658,25.3921571255997,25.4075581805922,25.4537474974415,25.4229569268991,25.4280893294658,25.4793992606996,25.4434849990752,25.4434849990752,25.4896581737131,25.4024247521646,25.4126913524992,25.3870229273887,25.494787246305,25.3767537609245,25.5614419170025,25.6126853634517,25.7764931779977,25.7969508507036,25.8225172327306,25.9451477081579,25.9145037540644,25.9706773872579,25.9706773872579,26.0064083335824,25.8531885241579,25.868520749288,25.863410260858
25.6639033048348,25.494787246305,25.4845288451903,25.3562123467933,25.3716187925976,25.2894243522202,25.3356668224182,25.4691393236678,25.4434849990752,25.3459400985342,25.0578987516956,25.0990971001769,25.0681998923707,25.1145422104357,25.2945634334578,25.2894243522202,25.3202549803643,25.1917328656758,24.9702971889533,24.9806071469274,25.3202549803643,25.2945634334578,25.2740055641272,25.2842850136107,25.2740055641272,25.2945634334578,25.3099791333095,25.3613480855689,25.1660091054476,25.2431610348875,25.3921571255997,25.3921571255997,25.4280893294658,25.4229569268991,25.3562123467933,25.3305297988212,25.3048408239653,25.1762993840732,25.3305297988212,25.3972910671794,25.3356668224182,25.3459400985342,25.2791454175921,25.5153009780981,25.5204287715866,25.3972910671794,25.5255563093646,25.464008971053,25.2791454175921,25.3613480855689,25.2997022573604,25.3562123467933,25.4024247521646,25.464008971053,25.3921571255997,25.3664835674914,25.4075581805922,25.3562123467933,25.4383533655169,25.4332214756594,25.3459400985342,25.5101729288625,25.3818884725093,25.3305297988212,25.3613480855689,25.2997022573604,25.3151171854302,25.3356668224182,25.2997022573604,25.2380193782588,25.4793992606996,25.4229569268991,25.4229569268991,25.3818884725093,25.4126913524992,25.4999160630027,25.4075581805922,25.4075581805922,25.5204287715866,25.3510763511273,25.4178242679226,25.4332214756594,25.4793992606996,25.3305297988212,25.3510763511273,25.3510763511273,25.325392518149,25.4486163763711,25.4280893294658,25.325392518149,25.2894243522202,25.2945634334578,25.4075581805922,25.2997022573604,25.4126913524992,25.3972910671794,25.4126913524992,25.4229569268991,25.3151171854302,25.3151171854302,25.3972910671794,25.4126913524992,25.3921571255997,25.3972910671794,25.3716187925976,25.4229569268991,25.4742694202044,25.5870668306474,25.5870668306474,25.4742694202044,25.3664835674914,25.3972910671794,25.5768176311468,25.4332214756594,25.5716926484544,25.5819423585322,25.4845288451903,25.3972910671794,25.4280893294658,25.4229569268991,25.3818884725093,25.4383533655169,25.3613480855689,25.3716187925976,25.4332214756594,25.5460639041067,25.4691393236678,25.5716926484544,25.4280893294658,25.5563161681696,25.5101729288625,25.4178242679226,25.5153009780981,25.4229569268991,25.4434849990752,25.5921910475291,25.5050446238429,25.464008971053,25.3972910671794,25.4280893294658,25.3767537609245,25.4332214756594,25.5614419170025,25.5101729288625,25.5050446238429,25.3562123467933,25.5050446238429,25.3613480855689,25.5665674104186,25.5768176311468,25.5460639041067,25.4793992606996,25.4999160630027,25.5204287715866,25.5050446238429,25.4280893294658,25.5101729288625,25.4434849990752,25.3972910671794,25.4793992606996,25.4845288451903,25.5050446238429,25.4126913524992,25.494787246305,25.4691393236678,25.4178242679226,25.4691393236678,25.4280893294658,25.3356668224182,25.3716187925976,25.3408035889768,25.3664835674914,25.2791454175921,25.2997022573604,25.3716187925976,25.3613480855689,25.4383533655169,25.5153009780981,25.5204287715866,25.4845288451903,25.4280893294658,25.4537474974415,25.494787246305,25.3870229273887,25.5921910475291,25.5204287715866,25.5716926484544,25.5511901638832,25.4742694202044,25.5409373888032,25.4024247521646,25.3562123467933,25.3818884725093,25.3664835674914,25.2483024338098,25.4845288451903,25.4383533655169,25.4434849990752,25.3664835674914,25.4178242679226,25.3921571255997,25.4434849990752,25.4229569268991,25.4178242679226,25.4742694202044,25.4537474974415,25.4742694202044,25.5204287715866,25.3870229273887,25.3716187925976,25.3459400985342,25.4537474974415,25.3870229273887,25.4691393236678,25.3972910671794,25.3767537609245,25.4332214756594,25.3202549803643,25.4486163763711,25.4229569268991,25.4434849990752,25.4332214756594,25.3972910671794,25.3510763511273,25.3972910671794,25.4229569268991,25.4024247521646,25.5563161681696,25.5204287715866,25.7764931779977,25.9145037540644,25.7662628184848,25.9655719566022,25.9145037540644,25.9400410144115,25.9298268687038,25.9451477081579,25.868520749288,25.8327420103839,25.8378540189647
25.5460639041067,25.5306835914689,25.4793992606996,25.3921571255997,25.2637250847104,25.14027888859,25.3099791333095,25.3613480855689,25.3202549803643,25.3408035889768,25.3048408239653,25.0630494515398,25.325392518149,25.1711543738743,25.3305297988212,25.3356668224182,25.2842850136107,25.2791454175921,25.1865886299367,24.9496741564303,25.1299849929454,25.3151171854302,25.2842850136107,25.2688654531791,25.3972910671794,25.3459400985342,25.3972910671794,25.3767537609245,25.3510763511273,25.3818884725093,25.3408035889768,25.3613480855689,25.3613480855689,25.4229569268991,25.325392518149,25.2380193782588,25.3408035889768,25.2123072282184,25.3664835674914,25.3510763511273,25.3613480855689,25.3510763511273,25.3562123467933,25.4126913524992,25.4742694202044,25.4075581805922,25.4691393236678,25.4229569268991,25.3716187925976,25.4075581805922,25.3870229273887,25.3716187925976,25.4178242679226,25.3664835674914,25.4486163763711,25.4332214756594,25.3510763511273,25.3510763511273,25.3613480855689,25.4332214756594,25.4178242679226,25.4793992606996,25.2483024338098,25.325392518149,25.2380193782588,25.0733500742259,25.2534435750629,25.2431610348875,25.2483024338098,25.1299849929454,25.4229569268991,25.3767537609245,25.4024247521646,25.258584458684,25.3202549803643,25.4229569268991,25.4229569268991,25.4178242679226,25.5101729288625,25.4691393236678,25.5050446238429,25.4178242679226,25.3562123467933,25.3613480855689,25.4024247521646,25.3664835674914,25.4588783623232,25.3202549803643,25.4434849990752,25.3202549803643,25.4383533655169,25.4486163763711,25.4332214756594,25.4075581805922,25.4178242679226,25.3716187925976,25.3510763511273,25.4126913524992,25.325392518149,25.2637250847104,25.2431610348875,25.3972910671794,25.3562123467933,25.4229569268991,25.3716187925976,25.3972910671794,25.3767537609245,25.4588783623232,25.5101729288625,25.4075581805922,25.3972910671794,25.4024247521646,25.3972910671794,25.4486163763711,25.5358106179362,25.5358106179362,25.4793992606996,25.3716187925976,25.4229569268991,25.3870229273887,25.3767537609245,25.3767537609245,25.3870229273887,25.3510763511273,25.4896581737131,25.4691393236678,25.5716926484544,25.4383533655169,25.4742694202044,25.4793992606996,25.5870668306474,25.4126913524992,25.4229569268991,25.4075581805922,25.4075581805922,25.3151171854302,25.4742694202044,25.5716926484544,25.3972910671794,25.3921571255997,25.3972910671794,25.3510763511273,25.4075581805922,25.5460639041067,25.4742694202044,25.3099791333095,25.4537474974415,25.4383533655169,25.5358106179362,25.4434849990752,25.4537474974415,25.3767537609245,25.5101729288625,25.5665674104186,25.3767537609245,25.4178242679226,25.3562123467933,25.4229569268991,25.4229569268991,25.4229569268991,25.3664835674914,25.3767537609245,25.4075581805922,25.494787246305,25.494787246305,25.4537474974415,25.3202549803643,25.3664835674914,25.3870229273887,25.4126913524992,25.3818884725093,25.4075581805922,25.2945634334578,25.258584458684,25.2740055641272,25.2997022573604,25.4126913524992,25.3664835674914,25.4999160630027,25.4024247521646,25.4332214756594,25.4024247521646,25.3972910671794,25.3818884725093,25.4896581737131,25.5819423585322,25.5306835914689,25.5050446238429,25.4434849990752,25.5973150092137,25.4178242679226,25.3818884725093,25.4588783623232,25.4434849990752,25.3716187925976,25.4178242679226,25.3818884725093,25.4537474974415,25.3613480855689,25.3459400985342,25.4126913524992,25.3921571255997,25.3972910671794,25.4537474974415,25.3921571255997,25.464008971053,25.4742694202044,25.4332214756594,25.3664835674914,25.4280893294658,25.4383533655169,25.3202549803643,25.3664835674914,25.3818884725093,25.3664835674914,25.2945634334578,25.3613480855689,25.3202549803643,25.3921571255997,25.325392518149,25.3408035889768,25.4588783623232,25.325392518149,25.3818884725093,25.4075581805922,25.464008971053,25.464008971053,25.6126853634517,25.5306835914689,25.7918368132263,25.8276297483179,25.9451477081579,25.9706773872579,25.9093955434194,25.9604662734002,25.9808874910754,25.9706773872579,25.8020646344419,25.9247194166704,25.863410260858
25.3767537609245,25.3459400985342,25.2894243522202,25.3767537609245,25.2997022573604,25.3664835674914,25.4178242679226,25.4434849990752,25.2842850136107,25.3356668224182,25.3613480855689,25.2174501739369,25.3408035889768,25.3459400985342,25.3202549803643,25.2740055641272,25.2020205629554,25.2842850136107,25.1608635787557,25.0166838239645,25.2483024338098,25.3151171854302,25.2637250847104,25.0733500742259,25.2842850136107,25.3972910671794,25.3870229273887,25.4742694202044,25.3613480855689,25.3151171854302,25.2380193782588,25.3562123467933,25.4229569268991,25.2071640245704,25.2997022573604,25.2894243522202,25.3356668224182,25.3716187925976,25.2380193782588,25.2431610348875,25.3459400985342,25.3510763511273,25.2637250847104,25.3870229273887,25.3921571255997,25.5716926484544,25.5358106179362,25.258584458684,25.4229569268991,25.4126913524992,25.3459400985342,25.4075581805922,25.2894243522202,25.4229569268991,25.3972910671794,25.5511901638832,25.4588783623232,25.4178242679226,25.4486163763711,25.4537474974415,25.3921571255997,25.3408035889768,25.3972910671794,25.3459400985342,25.4383533655169,25.2431610348875,25.4024247521646,25.2997022573604,25.3305297988212,25.2688654531791,25.3408035889768,25.2945634334578,25.2483024338098,25.2431610348875,25.3613480855689,25.4126913524992,25.4332214756594,25.4024247521646,25.3048408239653,25.3716187925976,25.4075581805922,25.4434849990752,25.4383533655169,25.4332214756594,25.3613480855689,25.3716187925976,25.4178242679226,25.4383533655169,25.4434849990752,25.4178242679226,25.4486163763711,25.4280893294658,25.3921571255997,25.3972910671794,25.4229569268991,25.4075581805922,25.3202549803643,25.3818884725093,25.3818884725093,25.2945634334578,25.2688654531791,25.3151171854302,25.325392518149,25.3613480855689,25.4229569268991,25.4126913524992,25.4332214756594,25.4332214756594,25.4896581737131,25.494787246305,25.4178242679226,25.3972910671794,25.4024247521646,25.3767537609245,25.4332214756594,25.4588783623232,25.4486163763711,25.5511901638832,25.4691393236678,25.4126913524992,25.3870229273887,25.3562123467933,25.4280893294658,25.3459400985342,25.4126913524992,25.3767537609245,25.5204287715866,25.5358106179362,25.6792637192269,25.5306835914689,25.6382975199907,25.5614419170025,25.4126913524992,25.4332214756594,25.4229569268991,25.3767537609245,25.4024247521646,25.5563161681696,25.4896581737131,25.4332214756594,25.3870229273887,25.4793992606996,25.5255563093646,25.5153009780981,25.5153009780981,25.5460639041067,25.4332214756594,25.2997022573604,25.464008971053,25.4229569268991,25.3870229273887,25.3613480855689,25.4691393236678,25.4691393236678,25.4434849990752,25.4742694202044,25.4332214756594,25.4332214756594,25.4537474974415,25.3664835674914,25.3818884725093,25.494787246305,25.4075581805922,25.3972910671794,25.3202549803643,25.3767537609245,25.3459400985342,25.3305297988212,25.3921571255997,25.3356668224182,25.4332214756594,25.3510763511273,25.3921571255997,25.3562123467933,25.4332214756594,25.3510763511273,25.3562123467933,25.3613480855689,25.494787246305,25.4280893294658,25.4793992606996,25.4486163763711,25.5050446238429,25.4075581805922,25.4793992606996,25.5665674104186,25.5768176311468,25.5716926484544,25.5255563093646,25.4383533655169,25.4075581805922,25.4588783623232,25.4178242679226,25.4486163763711,25.5409373888032,25.4434849990752,25.3818884725093,25.4486163763711,25.4280893294658,25.4486163763711,25.4332214756594,25.3562123467933,25.4229569268991,25.3613480855689,25.4588783623232,25.4742694202044,25.4126913524992,25.4588783623232,25.4742694202044,25.3921571255997,25.4280893294658,25.464008971053,25.4588783623232,25.2123072282184,25.3613480855689,25.3202549803643,25.4434849990752,25.4742694202044,25.3305297988212,25.4434849990752,25.4845288451903,25.4229569268991,25.4383533655169,25.3664835674914,25.4178242679226,25.4793992606996,25.4486163763711,25.5204287715866,25.7764931779977,25.8378540189647,25.9910965851406,25.9196117118026,25.9093955434194,25.8991783632653,25.9093955434194,25.863410260858,25.8889601710514,25.9502541492142,25.8582995191601,25.8582995191601
25.5153009780981,25.2894243522202,25.2894243522202,25.3613480855689,25.2894243522202,25.2483024338098,25.4178242679226,25.464008971053,25.4896581737131,25.3459400985342,25.3510763511273,25.3664835674914,25.2328774638867,25.2945634334578,25.3202549803643,25.3151171854302,25.1814441360816,25.3202549803643,25.2791454175921,25.1762993840732,25.0681998923707,25.1814441360816,25.2174501739369,25.0475965748176,25.0424450977087,25.3870229273887,25.3921571255997,25.464008971053,25.3921571255997,25.2791454175921,25.0784999971428,25.2380193782588,25.1351320700124,25.3767537609245,25.4332214756594,25.3664835674914,25.3305297988212,25.2483024338098,25.2534435750629,25.258584458684,25.3305297988212,25.2945634334578,25.4845288451903,25.2380193782588,25.1351320700124,25.3510763511273,25.2328774638867,25.2534435750629,25.124837657352,25.3408035889768,25.3510763511273,25.3562123467933,25.3972910671794,25.4588783623232,25.4793992606996,25.4486163763711,25.4896581737131,25.5050446238429,25.4229569268991,25.5665674104186,25.4793992606996,25.3972910671794,25.325392518149,25.4588783623232,25.4999160630027,25.3305297988212,25.3562123467933,25.3716187925976,25.3818884725093,25.3151171854302,25.2071640245704,25.124837657352,25.1454254487159,25.2380193782588,25.3613480855689,25.3510763511273,25.2277352917338,25.1608635787557,25.3459400985342,25.3562123467933,25.3459400985342,25.5101729288625,25.3664835674914,25.4588783623232,25.5050446238429,25.3408035889768,25.4383533655169,25.4383533655169,25.4537474974415,25.3613480855689,25.3664835674914,25.3664835674914,25.4280893294658,25.4383533655169,25.4024247521646,25.4178242679226,25.2997022573604,25.3202549803643,25.3099791333095,25.3613480855689,25.3972910671794,25.4126913524992,25.4024247521646,25.3870229273887,25.3202549803643,25.2894243522202,25.3818884725093,25.4434849990752,25.4742694202044,25.4742694202044,25.4126913524992,25.3921571255997,25.4280893294658,25.5255563093646,25.4691393236678,25.4999160630027,25.4691393236678,25.5614419170025,25.5819423585322,25.4691393236678,25.2431610348875,25.1865886299367,25.3664835674914,25.2380193782588,25.3767537609245,25.4280893294658,25.4229569268991,25.4229569268991,25.5614419170025,25.5255563093646,25.4537474974415,25.5511901638832,25.4024247521646,25.3716187925976,25.4178242679226,25.4280893294658,25.4229569268991,25.4383533655169,25.3818884725093,25.4332214756594,25.4229569268991,25.4588783623232,25.5614419170025,25.4075581805922,25.4383533655169,25.3356668224182,25.4486163763711,25.4383533655169,25.4075581805922,25.3870229273887,25.3818884725093,25.3510763511273,25.4075581805922,25.4383533655169,25.3818884725093,25.4537474974415,25.3870229273887,25.4126913524992,25.4434849990752,25.4486163763711,25.4024247521646,25.3716187925976,25.3459400985342,25.2740055641272,25.3818884725093,25.3510763511273,25.3202549803643,25.3202549803643,25.3048408239653,25.4024247521646,25.2997022573604,25.4588783623232,25.2123072282184,25.2894243522202,25.2637250847104,25.2637250847104,25.4486163763711,25.4126913524992,25.4229569268991,25.4229569268991,25.4537474974415,25.5460639041067,25.4126913524992,25.5358106179362,25.4896581737131,25.4075581805922,25.4999160630027,25.5153009780981,25.5101729288625,25.5665674104186,25.4075581805922,25.2894243522202,25.4178242679226,25.4383533655169,25.2791454175921,25.3767537609245,25.4588783623232,25.4229569268991,25.4280893294658,25.4229569268991,25.4332214756594,25.3972910671794,25.3305297988212,25.4075581805922,25.3870229273887,25.4793992606996,25.4691393236678,25.5358106179362,25.5255563093646,25.3972910671794,25.4024247521646,25.4383533655169,25.4486163763711,25.4537474974415,25.2791454175921,25.3510763511273,25.4024247521646,25.3972910671794,25.3716187925976,25.3305297988212,25.4537474974415,25.4742694202044,25.4332214756594,25.4383533655169,25.4383533655169,25.4434849990752,25.5101729288625,25.7509153744483,25.8020646344419,25.9349340679388,25.863410260858,25.9145037540644,25.9655719566022,25.8991783632653,25.8787409664887,25.868520749288,26.0625319946962,25.7304485586408,26.0625319946962,25.9553603376162
25.3613480855689,25.3716187925976,25.4845288451903,25.3356668224182,25.3099791333095,25.2328774638867,25.4126913524992,25.4280893294658,25.3562123467933,25.4024247521646,25.3767537609245,25.3613480855689,25.4434849990752,25.3613480855689,25.3459400985342,25.3202549803643,25.258584458684,25.1968768433364,25.258584458684,25.2431610348875,25.2020205629554,25.1968768433364,25.3818884725093,25.2534435750629,25.0475965748176,25.2740055641272,25.4537474974415,25.4896581737131,25.5614419170025,25.4537474974415,25.325392518149,25.4383533655169,25.258584458684,25.3510763511273,25.3151171854302,25.3202549803643,25.325392518149,25.2842850136107,25.3818884725093,25.1608635787557,25.1865886299367,25.2328774638867,25.1145422104357,25.2225928617629,25.1660091054476,24.9496741564303,25.2020205629554,25.3048408239653,25.2483024338098,25.1196900631945,25.258584458684,25.3664835674914,25.4588783623232,25.4691393236678,25.464008971053,25.4486163763711,25.4793992606996,25.4999160630027,25.4126913524992,25.4126913524992,25.3972910671794,25.4845288451903,25.3151171854302,25.3305297988212,25.4588783623232,25.4793992606996,25.4280893294658,25.3818884725093,25.3664835674914,25.3613480855689,25.4229569268991,25.2997022573604,25.3151171854302,25.2071640245704,25.3510763511273,25.3613480855689,25.2483024338098,25.2688654531791,25.3613480855689,25.4229569268991,25.2688654531791,25.4024247521646,25.5306835914689,25.5153009780981,25.4537474974415,25.4332214756594,25.3921571255997,25.4845288451903,25.4075581805922,25.4486163763711,25.3716187925976,25.494787246305,25.5306835914689,25.5306835914689,25.4691393236678,25.3664835674914,25.3356668224182,25.3613480855689,25.4280893294658,25.325392518149,25.3767537609245,25.4024247521646,25.3716187925976,25.3818884725093,25.4229569268991,25.4588783623232,25.464008971053,25.4486163763711,25.464008971053,25.5204287715866,25.4383533655169,25.3972910671794,25.3870229273887,25.5101729288625,25.5255563093646,25.6178083047144,25.4845288451903,25.494787246305,25.3870229273887,25.4486163763711,25.4126913524992,25.2020205629554,25.2328774638867,25.3562123467933,25.4075581805922,25.4178242679226,25.3664835674914,25.4280893294658,25.464008971053,25.3972910671794,25.4537474974415,25.4691393236678,25.3767537609245,25.3818884725093,25.3870229273887,25.3818884725093,25.4075581805922,25.3767537609245,25.4332214756594,25.4332214756594,25.4280893294658,25.3972910671794,25.602438715738,25.5358106179362,25.5409373888032,25.4024247521646,25.4024247521646,25.4793992606996,25.3510763511273,25.3716187925976,25.5050446238429,25.4999160630027,25.4280893294658,25.5358106179362,25.4383533655169,25.4588783623232,25.4486163763711,25.4434849990752,25.4126913524992,25.494787246305,25.4280893294658,25.4229569268991,25.4024247521646,25.3818884725093,25.325392518149,25.3202549803643,25.2637250847104,25.3151171854302,25.3818884725093,25.4126913524992,25.3202549803643,25.4126913524992,25.258584458684,25.258584458684,25.2277352917338,25.2534435750629,25.3972910671794,25.2945634334578,25.4075581805922,25.3921571255997,25.4075581805922,25.4486163763711,25.4742694202044,25.6126853634517,25.4537474974415,25.5716926484544,25.4588783623232,25.3921571255997,25.5101729288625,25.4691393236678,25.4691393236678,25.3870229273887,25.3921571255997,25.4383533655169,25.4280893294658,25.4229569268991,25.4229569268991,25.4691393236678,25.4075581805922,25.4178242679226,25.3921571255997,25.4486163763711,25.3356668224182,25.4075581805922,25.3818884725093,25.4126913524992,25.325392518149,25.4229569268991,25.4075581805922,25.5050446238429,25.3972910671794,25.4332214756594,25.4537474974415,25.4383533655169,25.4793992606996,25.4434849990752,25.325392518149,25.3510763511273,25.4537474974415,25.3459400985342,25.2997022573604,25.3356668224182,25.3818884725093,25.4383533655169,25.3716187925976,25.4537474974415,25.5255563093646,25.7304485586408,25.7253312192514,25.8122914408466,25.8889601710514,25.9298268687038,25.8889601710514,25.8787409664887,25.9349340679388,25.9604662734002,25.9093955434194,25.868520749288,25.8838506953317,25.8838506953317
25.4845288451903,25.4845288451903,25.3202549803643,25.2071640245704,25.2483024338098,25.2380193782588,25.3972910671794,25.3921571255997,25.4229569268991,25.3408035889768,25.464008971053,25.3716187925976,25.4691393236678,25.3613480855689,25.3356668224182,25.3818884725093,25.2894243522202,25.3459400985342,25.2225928617629,25.2174501739369,25.3099791333095,25.3099791333095,25.2123072282184,25.2174501739369,25.1196900631945,25.0218365972651,25.3921571255997,25.4742694202044,25.4793992606996,25.4178242679226,25.494787246305,25.3459400985342,25.2637250847104,25.1711543738743,25.2225928617629,25.3459400985342,25.2637250847104,25.2328774638867,25.2842850136107,25.2225928617629,25.1299849929454,25.1505717504272,25.0887990663117,25.0218365972651,25.0887990663117,25.2071640245704,25.1196900631945,25.3459400985342,25.3510763511273,25.3716187925976,25.3510763511273,25.4024247521646,25.4742694202044,25.5973150092137,25.4999160630027,25.4332214756594,25.4999160630027,25.4486163763711,25.5204287715866,25.5050446238429,25.4178242679226,25.3408035889768,25.3356668224182,25.3510763511273,25.4537474974415,25.4332214756594,25.4332214756594,25.3408035889768,25.325392518149,25.3408035889768,25.3664835674914,25.4178242679226,25.3870229273887,25.1968768433364,25.3099791333095,25.4434849990752,25.3767537609245,25.3818884725093,25.4486163763711,25.3921571255997,25.4126913524992,25.4280893294658,25.4999160630027,25.4537474974415,25.4280893294658,25.4280893294658,25.4332214756594,25.3613480855689,25.4383533655169,25.4024247521646,25.4588783623232,25.5101729288625,25.4075581805922,25.3664835674914,25.3921571255997,25.3716187925976,25.3099791333095,25.4588783623232,25.4126913524992,25.4332214756594,25.4178242679226,25.4691393236678,25.4075581805922,25.4845288451903,25.5101729288625,25.4999160630027,25.4332214756594,25.5255563093646,25.5358106179362,25.4793992606996,25.4024247521646,25.4793992606996,25.3716187925976,25.3459400985342,25.5101729288625,25.5819423585322,25.5358106179362,25.464008971053,25.4486163763711,25.4742694202044,25.5460639041067,25.3664835674914,25.4588783623232,25.3921571255997,25.4229569268991,25.4024247521646,25.4999160630027,25.4486163763711,25.494787246305,25.4486163763711,25.4742694202044,25.5563161681696,25.1814441360816,25.3716187925976,25.494787246305,25.4486163763711,25.4126913524992,25.4793992606996,25.4280893294658,25.3870229273887,25.5511901638832,25.4383533655169,25.4999160630027,25.5409373888032,25.4537474974415,25.4280893294658,25.4537474974415,25.4742694202044,25.4486163763711,25.3818884725093,25.464008971053,25.4280893294658,25.4434849990752,25.494787246305,25.4588783623232,25.5409373888032,25.4845288451903,25.464008971053,25.4896581737131,25.3818884725093,25.4126913524992,25.3613480855689,25.4075581805922,25.4024247521646,25.3921571255997,25.3408035889768,25.3510763511273,25.2431610348875,25.3972910671794,25.3151171854302,25.3921571255997,25.4075581805922,25.3099791333095,25.2740055641272,25.3048408239653,25.2534435750629,25.3151171854302,25.258584458684,25.4075581805922,25.4332214756594,25.4075581805922,25.4742694202044,25.4999160630027,25.5563161681696,25.4178242679226,25.4434849990752,25.4280893294658,25.5716926484544,25.4793992606996,25.4229569268991,25.464008971053,25.3972910671794,25.3972910671794,25.4280893294658,25.3767537609245,25.3767537609245,25.4332214756594,25.4691393236678,25.4793992606996,25.3716187925976,25.4178242679226,25.3408035889768,25.3510763511273,25.4896581737131,25.3099791333095,25.4024247521646,25.4126913524992,25.4999160630027,25.494787246305,25.4588783623232,25.4280893294658,25.3921571255997,25.3510763511273,25.4024247521646,25.3664835674914,25.3716187925976,25.3562123467933,25.4537474974415,25.4229569268991,25.4178242679226,25.4280893294658,25.4332214756594,25.5101729288625,25.3972910671794,25.4126913524992,25.622930990963,25.6280534222343,25.8480772758155,25.7713781252015,25.863410260858,25.863410260858,25.8940693936838,25.8940693936838,25.9655719566022,25.8327420103839,25.7969508507036,25.8940693936838,25.8787409664887,25.9042870798318,25.8991783632653
25.4896581737131,25.4896581737131,25.3048408239653,25.2174501739369,25.2688654531791,25.3459400985342,25.4024247521646,25.3870229273887,25.3818884725093,25.2637250847104,25.3664835674914,25.3716187925976,25.3613480855689,25.4793992606996,25.3408035889768,25.4896581737131,25.3921571255997,25.3356668224182,25.2637250847104,25.1660091054476,25.2688654531791,25.4229569268991,25.2534435750629,25.2020205629554,25.3664835674914,25.0063774992726,24.8774607869049,25.1917328656758,25.2791454175921,25.4229569268991,25.5358106179362,25.4383533655169,25.494787246305,25.2842850136107,25.3202549803643,25.2534435750629,25.2380193782588,25.1505717504272,25.3408035889768,25.1299849929454,25.1093940990381,25.0269891112523,25.1299849929454,24.9702971889533,24.9651418204509,25.2123072282184,25.258584458684,25.3305297988212,25.4999160630027,25.3767537609245,25.3767537609245,25.2791454175921,25.4126913524992,25.4691393236678,25.5050446238429,25.4691393236678,25.4280893294658,25.4126913524992,25.3921571255997,25.5204287715866,25.3562123467933,25.325392518149,25.3818884725093,25.3356668224182,25.3510763511273,25.4434849990752,25.5050446238429,25.4742694202044,25.3562123467933,25.4229569268991,25.2945634334578,25.4024247521646,25.3408035889768,25.3972910671794,25.3767537609245,25.3818884725093,25.3716187925976,25.3716187925976,25.4280893294658,25.2894243522202,25.3562123467933,25.3972910671794,25.2842850136107,25.4486163763711,25.3716187925976,25.4332214756594,25.4845288451903,25.5050446238429,25.3562123467933,25.4383533655169,25.4793992606996,25.4999160630027,25.4434849990752,25.494787246305,25.3921571255997,25.3767537609245,25.4383533655169,25.4793992606996,25.3921571255997,25.4691393236678,25.3870229273887,25.3921571255997,25.4332214756594,25.4896581737131,25.6075621671384,25.6075621671384,25.4280893294658,25.5460639041067,25.5511901638832,25.4896581737131,25.3921571255997,25.3818884725093,25.4383533655169,25.3459400985342,25.5101729288625,25.5101729288625,25.4793992606996,25.4691393236678,25.3921571255997,25.4178242679226,25.4537474974415,25.4075581805922,25.3767537609245,25.3099791333095,25.4178242679226,25.4075581805922,25.464008971053,25.3818884725093,25.4126913524992,25.4793992606996,25.5255563093646,25.4383533655169,25.5511901638832,25.4383533655169,25.4024247521646,25.3921571255997,25.4280893294658,25.4691393236678,25.4434849990752,25.4486163763711,25.3613480855689,25.3613480855689,25.5204287715866,25.4383533655169,25.4691393236678,25.5358106179362,25.4999160630027,25.4793992606996,25.3613480855689,25.4896581737131,25.4691393236678,25.5306835914689,25.3921571255997,25.4588783623232,25.4486163763711,25.4896581737131,25.4486163763711,25.3151171854302,25.4793992606996,25.464008971053,25.4537474974415,25.494787246305,25.4332214756594,25.4126913524992,25.3356668224182,25.4178242679226,25.3664835674914,25.3099791333095,25.2945634334578,25.3767537609245,25.3048408239653,25.3716187925976,25.3099791333095,25.2997022573604,25.2842850136107,25.4024247521646,25.2740055641272,25.2945634334578,25.4024247521646,25.4486163763711,25.4178242679226,25.5768176311468,25.4229569268991,25.5563161681696,25.4793992606996,25.4332214756594,25.3305297988212,25.5870668306474,25.4691393236678,25.4742694202044,25.2534435750629,25.3921571255997,25.3767537609245,25.3972910671794,25.4332214756594,25.3972910671794,25.4178242679226,25.5306835914689,25.3972910671794,25.4999160630027,25.4178242679226,25.3716187925976,25.3870229273887,25.3613480855689,25.5101729288625,25.5050446238429,25.5050446238429,25.4691393236678,25.4691393236678,25.4332214756594,25.4075581805922,25.3767537609245,25.2791454175921,25.4075581805922,25.3510763511273,25.3562123467933,25.3613480855689,25.5511901638832,25.3613480855689,25.4178242679226,25.3972910671794,25.3972910671794,25.4793992606996,25.4434849990752,25.3972910671794,25.5050446238429,25.7406824748218,25.8174044635856,25.8531885241579,25.8582995191601,25.9196117118026,25.8838506953317,25.9502541492142,25.8122914408466,25.863410260858,25.8736309844862,25.9808874910754,25.9247194166704,25.9093955434194,25.8327420103839
25.3151171854302,25.3716187925976,25.3048408239653,25.2997022573604,25.3151171854302,25.4075581805922,25.3818884725093,25.4588783623232,25.4691393236678,25.4383533655169,25.3716187925976,25.2740055641272,25.3818884725093,25.5409373888032,25.4896581737131,25.3613480855689,25.3562123467933,25.2637250847104,25.2277352917338,25.4383533655169,25.3510763511273,25.4280893294658,25.4024247521646,25.4075581805922,25.1968768433364,25.1660091054476,25.0012239478063,24.9754522977662,25.0527477928007,25.2740055641272,25.4383533655169,25.5306835914689,25.3356668224182,25.325392518149,25.3459400985342,25.1711543738743,25.1814441360816,25.124837657352,25.2688654531791,25.2483024338098,25.1299849929454,25.1196900631945,25.2534435750629,25.2483024338098,25.0115307913128,25.1505717504272,25.124837657352,25.5921910475291,25.4126913524992,25.3818884725093,25.5255563093646,25.5306835914689,25.3972910671794,25.4742694202044,25.5306835914689,25.5511901638832,25.5153009780981,25.3459400985342,25.4999160630027,25.4280893294658,25.2688654531791,25.4486163763711,25.3767537609245,25.3408035889768,25.3459400985342,25.5153009780981,25.4793992606996,25.3972910671794,25.3305297988212,25.3459400985342,25.2740055641272,25.3099791333095,25.3716187925976,25.3818884725093,25.3562123467933,25.4588783623232,25.3459400985342,25.2997022573604,25.3459400985342,25.325392518149,25.3202549803643,25.4383533655169,25.4486163763711,25.4434849990752,25.4896581737131,25.4486163763711,25.4434849990752,25.4178242679226,25.4332214756594,25.4332214756594,25.4896581737131,25.4126913524992,25.4178242679226,25.3972910671794,25.325392518149,25.3921571255997,25.4588783623232,25.3921571255997,25.3664835674914,25.4229569268991,25.3818884725093,25.4332214756594,25.4691393236678,25.5409373888032,25.5563161681696,25.5870668306474,25.464008971053,25.5409373888032,25.5563161681696,25.464008971053,25.3613480855689,25.494787246305,25.4588783623232,25.4075581805922,25.4332214756594,25.4588783623232,25.4383533655169,25.3202549803643,25.3870229273887,25.3202549803643,25.3664835674914,25.4024247521646,25.3921571255997,25.2534435750629,25.3921571255997,25.4691393236678,25.5050446238429,25.4434849990752,25.4332214756594,25.4537474974415,25.4383533655169,25.464008971053,25.3818884725093,25.4588783623232,25.4486163763711,25.4691393236678,25.4126913524992,25.4332214756594,25.4486163763711,25.4280893294658,25.5255563093646,25.3870229273887,25.5358106179362,25.5101729288625,25.494787246305,25.494787246305,25.5358106179362,25.3664835674914,25.3562123467933,25.4126913524992,25.4537474974415,25.5511901638832,25.5563161681696,25.4742694202044,25.4588783623232,25.4383533655169,25.4332214756594,25.4383533655169,25.2842850136107,25.4434849990752,25.3870229273887,25.4742694202044,25.3510763511273,25.4126913524992,25.3972910671794,25.325392518149,25.258584458684,25.3921571255997,25.4024247521646,25.3408035889768,25.3613480855689,25.4075581805922,25.3818884725093,25.2534435750629,25.2534435750629,25.3356668224182,25.2637250847104,25.2791454175921,25.3818884725093,25.4229569268991,25.4332214756594,25.3151171854302,25.4588783623232,25.5614419170025,25.4845288451903,25.325392518149,25.4588783623232,25.4742694202044,25.4588783623232,25.4691393236678,25.4178242679226,25.4075581805922,25.4126913524992,25.3562123467933,25.3510763511273,25.3818884725093,25.4537474974415,25.4896581737131,25.6331755985647,25.6075621671384,25.3664835674914,25.3613480855689,25.3921571255997,25.4126913524992,25.4126913524992,25.5306835914689,25.5716926484544,25.4999160630027,25.4126913524992,25.3818884725093,25.464008971053,25.4229569268991,25.3870229273887,25.3767537609245,25.3716187925976,25.3613480855689,25.3664835674914,25.4280893294658,25.3099791333095,25.4126913524992,25.4075581805922,25.4383533655169,25.4896581737131,25.4999160630027,25.4486163763711,25.6331755985647,25.8480772758155,25.8531885241579,25.9757825654037,25.8736309844862,25.8582995191601,25.8787409664887,25.8889601710514,25.9247194166704,25.996200753606,25.8020646344419,25.985992164309,25.9093955434194,25.8736309844862,25.8889601710514
25.4896581737131,25.4024247521646,25.3459400985342,25.3099791333095,25.325392518149,25.4691393236678,25.4845288451903,25.3408035889768,25.3870229273887,25.4537474974415,25.3613480855689,25.4742694202044,25.3664835674914,25.3818884725093,25.464008971053,25.4126913524992,25.3818884725093,25.3613480855689,25.2225928617629,25.2225928617629,25.4075581805922,25.4588783623232,25.4126913524992,25.3510763511273,25.2431610348875,25.0475965748176,25.2225928617629,24.9909160664447,24.9806071469274,25.1505717504272,25.3356668224182,25.3202549803643,25.1762993840732,25.2225928617629,25.1762993840732,25.1351320700124,25.2483024338098,25.3408035889768,25.1814441360816,25.1762993840732,25.1968768433364,25.2174501739369,25.3459400985342,25.3613480855689,25.2945634334578,25.1145422104357,25.325392518149,25.3048408239653,25.4178242679226,25.4280893294658,25.5768176311468,25.4178242679226,25.5101729288625,25.3459400985342,25.4742694202044,25.4845288451903,25.5358106179362,25.4126913524992,25.4229569268991,25.3613480855689,25.5204287715866,25.4845288451903,25.4691393236678,25.494787246305,25.4537474974415,25.4845288451903,25.464008971053,25.3818884725093,25.4229569268991,25.4280893294658,25.3562123467933,25.4178242679226,25.4332214756594,25.4229569268991,25.3562123467933,25.4537474974415,25.2997022573604,25.4229569268991,25.4434849990752,25.4383533655169,25.3767537609245,25.4229569268991,25.3202549803643,25.3408035889768,25.4588783623232,25.4486163763711,25.3356668224182,25.4486163763711,25.3356668224182,25.5409373888032,25.4280893294658,25.4126913524992,25.4024247521646,25.4024247521646,25.3972910671794,25.3716187925976,25.4434849990752,25.3972910671794,25.4229569268991,25.3870229273887,25.4588783623232,25.5050446238429,25.4793992606996,25.602438715738,25.5768176311468,25.5921910475291,25.5409373888032,25.5563161681696,25.4691393236678,25.3818884725093,25.3716187925976,25.4434849990752,25.5050446238429,25.4537474974415,25.5255563093646,25.5101729288625,25.5101729288625,25.3921571255997,25.3716187925976,25.3099791333095,25.3921571255997,25.4280893294658,25.3870229273887,25.4742694202044,25.5050446238429,25.4742694202044,25.5050446238429,25.4383533655169,25.4229569268991,25.4793992606996,25.5409373888032,25.4383533655169,25.5050446238429,25.4024247521646,25.4075581805922,25.3921571255997,25.5409373888032,25.4691393236678,25.4845288451903,25.4691393236678,25.4845288451903,25.5460639041067,25.4691393236678,25.5153009780981,25.5255563093646,25.4742694202044,25.4896581737131,25.4999160630027,25.4999160630027,25.4126913524992,25.5050446238429,25.5358106179362,25.5563161681696,25.4280893294658,25.4229569268991,25.2997022573604,25.2945634334578,25.3562123467933,25.3202549803643,25.4383533655169,25.4280893294658,25.4332214756594,25.3972910671794,25.325392518149,25.3767537609245,25.3562123467933,25.3716187925976,25.3151171854302,25.4383533655169,25.4024247521646,25.2740055641272,25.3767537609245,25.3972910671794,25.2328774638867,25.3767537609245,25.3202549803643,25.1968768433364,25.1968768433364,25.2431610348875,25.4024247521646,25.4383533655169,25.4845288451903,25.5563161681696,25.4742694202044,25.3972910671794,25.3972910671794,25.4742694202044,25.4537474974415,25.494787246305,25.4691393236678,25.4178242679226,25.4075581805922,25.3356668224182,25.3151171854302,25.4126913524992,25.3767537609245,25.4537474974415,25.4537474974415,25.5255563093646,25.4588783623232,25.5204287715866,25.5306835914689,25.4896581737131,25.3767537609245,25.5255563093646,25.5614419170025,25.5716926484544,25.5665674104186,25.5819423585322,25.494787246305,25.4075581805922,25.4486163763711,25.3921571255997,25.3870229273887,25.3921571255997,25.3921571255997,25.325392518149,25.4588783623232,25.3305297988212,25.4126913524992,25.4075581805922,25.4075581805922,25.4229569268991,25.4486163763711,25.4537474974415,25.7355656438188,25.8378540189647,25.8480772758155,25.9757825654037,25.9553603376162,25.8736309844862,25.8889601710514,25.8327420103839,25.8327420103839,25.9196117118026,25.7816079769097,25.9145037540644,25.8940693936838,25.8582995191601,25.9808874910754
25.4280893294658,25.3818884725093,25.3305297988212,25.3408035889768,25.4280893294658,25.4332214756594,25.4793992606996,25.4075581805922,25.5050446238429,25.4486163763711,25.4588783623232,25.3818884725093,25.5204287715866,25.4691393236678,25.4280893294658,25.4742694202044,25.4229569268991,25.2380193782588,25.4024247521646,25.3356668224182,25.3818884725093,25.4793992606996,25.3562123467933,25.4024247521646,25.3562123467933,25.0012239478063,25.3510763511273,25.1608635787557,25.0939482126385,25.0681998923707,25.0424450977087,25.14027888859,25.2123072282184,25.14027888859,25.2997022573604,25.3099791333095,25.2791454175921,25.3048408239653,25.2997022573604,25.1351320700124,25.3613480855689,25.2997022573604,25.1608635787557,25.1711543738743,25.1865886299367,25.124837657352,25.2842850136107,25.2740055641272,25.4332214756594,25.4126913524992,25.4075581805922,25.4126913524992,25.5050446238429,25.4742694202044,25.4742694202044,25.5204287715866,25.4896581737131,25.4845288451903,25.4178242679226,25.5409373888032,25.5306835914689,25.4075581805922,25.4024247521646,25.3972910671794,25.3510763511273,25.4024247521646,25.3664835674914,25.3099791333095,25.2997022573604,25.4537474974415,25.3818884725093,25.3818884725093,25.2688654531791,25.3459400985342,25.4178242679226,25.3664835674914,25.325392518149,25.3510763511273,25.3048408239653,25.1968768433364,25.2020205629554,25.3356668224182,25.3562123467933,25.4126913524992,25.4793992606996,25.4845288451903,25.4537474974415,25.4486163763711,25.4845288451903,25.5204287715866,25.4280893294658,25.4999160630027,25.4024247521646,25.3664835674914,25.4229569268991,25.4845288451903,25.3870229273887,25.4588783623232,25.4793992606996,25.4383533655169,25.4383533655169,25.4486163763711,25.4280893294658,25.4229569268991,25.4434849990752,25.5921910475291,25.5460639041067,25.5358106179362,25.464008971053,25.2740055641272,25.5050446238429,25.6126853634517,25.4999160630027,25.4896581737131,25.6178083047144,25.6280534222343,25.4742694202044,25.464008971053,25.4588783623232,25.4178242679226,25.4691393236678,25.4845288451903,25.4024247521646,25.4075581805922,25.3767537609245,25.4845288451903,25.4537474974415,25.4742694202044,25.4332214756594,25.5153009780981,25.5050446238429,25.4024247521646,25.3716187925976,25.2945634334578,25.3818884725093,25.3664835674914,25.4434849990752,25.464008971053,25.4793992606996,25.5716926484544,25.494787246305,25.5563161681696,25.5409373888032,25.5255563093646,25.5050446238429,25.4126913524992,25.5153009780981,25.5050446238429,25.4793992606996,25.4896581737131,25.464008971053,25.5153009780981,25.5153009780981,25.4434849990752,25.4280893294658,25.2894243522202,25.4229569268991,25.4075581805922,25.4178242679226,25.4075581805922,25.4793992606996,25.4178242679226,25.4280893294658,25.3870229273887,25.3305297988212,25.3818884725093,25.3202549803643,25.3972910671794,25.4229569268991,25.2225928617629,25.2328774638867,25.3972910671794,25.3305297988212,25.3767537609245,25.4075581805922,25.3305297988212,25.2225928617629,25.2071640245704,25.2431610348875,25.3048408239653,25.3099791333095,25.4383533655169,25.5563161681696,25.3972910671794,25.5614419170025,25.4999160630027,25.6075621671384,25.464008971053,25.464008971053,25.4742694202044,25.4588783623232,25.5409373888032,25.4537474974415,25.3356668224182,25.3305297988212,25.4486163763711,25.4691393236678,25.4742694202044,25.4845288451903,25.5306835914689,25.4896581737131,25.464008971053,25.5563161681696,25.6331755985647,25.5921910475291,25.5614419170025,25.5870668306474,25.4537474974415,25.5665674104186,25.5255563093646,25.4999160630027,25.3972910671794,25.4024247521646,25.4537474974415,25.4024247521646,25.4537474974415,25.4280893294658,25.3716187925976,25.3305297988212,25.3305297988212,25.4280893294658,25.4126913524992,25.4024247521646,25.3870229273887,25.4845288451903,25.643419186549,25.9400410144115,25.8429657740965,25.8736309844862,25.9604662734002,25.8991783632653,25.9298268687038,25.9247194166704,25.8838506953317,25.9247194166704,25.8940693936838,25.9451477081579,25.8838506953317,25.863410260858,26.0064083335824
25.4793992606996,25.3921571255997,25.4075581805922,25.4126913524992,25.4024247521646,25.4434849990752,25.4434849990752,25.4434849990752,25.4691393236678,25.4178242679226,25.494787246305,25.4229569268991,25.4896581737131,25.4126913524992,25.4332214756594,25.3972910671794,25.3870229273887,25.4024247521646,25.3562123467933,25.3562123467933,25.3510763511273,25.3408035889768,25.3716187925976,25.3151171854302,25.2688654531791,25.2894243522202,25.3562123467933,25.4793992606996,25.0681998923707,25.3356668224182,25.2328774638867,25.1917328656758,25.2997022573604,25.1814441360816,25.2997022573604,25.2894243522202,25.2894243522202,25.3305297988212,25.3818884725093,25.3972910671794,25.3151171854302,25.4793992606996,25.3459400985342,25.2328774638867,25.3305297988212,25.2997022573604,25.3048408239653,25.4024247521646,25.4024247521646,25.4126913524992,25.4126913524992,25.4229569268991,25.5050446238429,25.5973150092137,25.4434849990752,25.5665674104186,25.5819423585322,25.4742694202044,25.4896581737131,25.4126913524992,25.4280893294658,25.4024247521646,25.4537474974415,25.5050446238429,25.3972910671794,25.4126913524992,25.3356668224182,25.4896581737131,25.4537474974415,25.5153009780981,25.4178242679226,25.3408035889768,25.3408035889768,25.3972910671794,25.4793992606996,25.4999160630027,25.3870229273887,25.4691393236678,25.4691393236678,25.2945634334578,25.4178242679226,25.4588783623232,25.4588783623232,25.3870229273887,25.4999160630027,25.5973150092137,25.464008971053,25.5153009780981,25.4486163763711,25.4896581737131,25.4793992606996,25.4229569268991,25.4742694202044,25.4742694202044,25.3870229273887,25.3870229273887,25.5306835914689,25.4280893294658,25.5050446238429,25.4126913524992,25.4075581805922,25.4434849990752,25.4896581737131,25.5460639041067,25.5101729288625,25.4742694202044,25.5460639041067,25.4434849990752,25.4896581737131,25.4537474974415,25.5101729288625,25.6536617552083,25.643419186549,25.6126853634517,25.4793992606996,25.602438715738,25.6280534222343,25.4691393236678,25.4793992606996,25.464008971053,25.3921571255997,25.4999160630027,25.3408035889768,25.4383533655169,25.5101729288625,25.4434849990752,25.4434849990752,25.4178242679226,25.3818884725093,25.4383533655169,25.3510763511273,25.3767537609245,25.3921571255997,25.4742694202044,25.2894243522202,25.4178242679226,25.3972910671794,25.4178242679226,25.4434849990752,25.464008971053,25.5665674104186,25.4999160630027,25.4178242679226,25.4999160630027,25.4999160630027,25.464008971053,25.4332214756594,25.4793992606996,25.4280893294658,25.4588783623232,25.4024247521646,25.4486163763711,25.464008971053,25.4332214756594,25.3562123467933,25.5255563093646,25.4126913524992,25.3716187925976,25.4280893294658,25.4434849990752,25.2894243522202,25.2894243522202,25.2842850136107,25.3151171854302,25.325392518149,25.4126913524992,25.3151171854302,25.3099791333095,25.3818884725093,25.3613480855689,25.4126913524992,25.4332214756594,25.4075581805922,25.3870229273887,25.3870229273887,25.3099791333095,25.3510763511273,25.2945634334578,25.2277352917338,25.3408035889768,25.3716187925976,25.3099791333095,25.4229569268991,25.5255563093646,25.6075621671384,25.5050446238429,25.4024247521646,25.5204287715866,25.5101729288625,25.4691393236678,25.4229569268991,25.3818884725093,25.4793992606996,25.4537474974415,25.5870668306474,25.5409373888032,25.5306835914689,25.4229569268991,25.4229569268991,25.4845288451903,25.3459400985342,25.3818884725093,25.4024247521646,25.4793992606996,25.5153009780981,25.5768176311468,25.4280893294658,25.4332214756594,25.4075581805922,25.494787246305,25.3921571255997,25.4537474974415,25.3972910671794,25.3870229273887,25.4537474974415,25.4383533655169,25.4332214756594,25.3972910671794,25.3510763511273,25.4280893294658,25.4075581805922,25.3459400985342,25.5101729288625,25.4229569268991,25.4434849990752,25.8531885241579,25.868520749288,25.9502541492142,25.8429657740965,26.0013046697413,25.9502541492142,25.9502541492142,25.9400410144115,25.9042870798318,25.8787409664887,25.8991783632653,25.9553603376162,25.8071781644774,25.9247194166704,25.985992164309
25.5921910475291,25.494787246305,25.4024247521646,25.3716187925976,25.4845288451903,25.5511901638832,25.4845288451903,25.4434849990752,25.4024247521646,25.494787246305,25.5358106179362,25.5204287715866,25.5204287715866,25.5204287715866,25.3716187925976,25.3870229273887,25.4383533655169,25.3716187925976,25.3459400985342,25.4742694202044,25.5050446238429,25.3613480855689,25.3716187925976,25.3356668224182,25.4024247521646,25.3408035889768,25.3356668224182,25.2842850136107,25.1660091054476,25.3562123467933,25.2945634334578,25.3099791333095,25.2431610348875,25.2277352917338,25.2123072282184,25.3099791333095,25.3818884725093,25.3562123467933,25.3767537609245,25.4024247521646,25.3562123467933,25.3099791333095,25.3562123467933,25.3305297988212,25.3408035889768,25.3408035889768,25.3510763511273,25.325392518149,25.4229569268991,25.4332214756594,25.4793992606996,25.4229569268991,25.4691393236678,25.4383533655169,25.4383533655169,25.4537474974415,25.4383533655169,25.4896581737131,25.5819423585322,25.4845288451903,25.5819423585322,25.3972910671794,25.5204287715866,25.5050446238429,25.4845288451903,25.5255563093646,25.4999160630027,25.4999160630027,25.3510763511273,25.4229569268991,25.3972910671794,25.3305297988212,25.3048408239653,25.3562123467933,25.5716926484544,25.3921571255997,25.4537474974415,25.4537474974415,25.5204287715866,25.4332214756594,25.4691393236678,25.4742694202044,25.3408035889768,25.4280893294658,25.6075621671384,25.5050446238429,25.5204287715866,25.5306835914689,25.5204287715866,25.6178083047144,25.4999160630027,25.3562123467933,25.3510763511273,25.4999160630027,25.4896581737131,25.4999160630027,25.4999160630027,25.4742694202044,25.5101729288625,25.4537474974415,25.5511901638832,25.5973150092137,25.6178083047144,25.4024247521646,25.3921571255997,25.4075581805922,25.4178242679226,25.3972910671794,25.5101729288625,25.6075621671384,25.5921910475291,25.6126853634517,25.5819423585322,25.5050446238429,25.4434849990752,25.7099776754511,25.4537474974415,25.494787246305,25.494787246305,25.4896581737131,25.5511901638832,25.5050446238429,25.4332214756594,25.4793992606996,25.4999160630027,25.5306835914689,25.5153009780981,25.4537474974415,25.3972910671794,25.5153009780981,25.4691393236678,25.3459400985342,25.5665674104186,25.3305297988212,25.3408035889768,25.464008971053,25.4691393236678,25.4126913524992,25.494787246305,25.4896581737131,25.5153009780981,25.5255563093646,25.4229569268991,25.5050446238429,25.6843833481574,25.4793992606996,25.494787246305,25.494787246305,25.4999160630027,25.4793992606996,25.4434849990752,25.5255563093646,25.4896581737131,25.602438715738,25.3870229273887,25.4486163763711,25.4383533655169,25.4024247521646,25.4178242679226,25.4024247521646,25.4537474974415,25.4332214756594,25.3870229273887,25.3818884725093,25.3716187925976,25.4024247521646,25.3202549803643,25.4075581805922,25.2791454175921,25.4178242679226,25.4793992606996,25.4075581805922,25.4229569268991,25.5101729288625,25.3151171854302,25.3356668224182,25.3972910671794,25.2945634334578,25.3613480855689,25.2637250847104,25.3870229273887,25.3562123467933,25.4845288451903,25.5563161681696,25.5563161681696,25.4845288451903,25.4742694202044,25.4999160630027,25.5255563093646,25.5255563093646,25.5204287715866,25.6178083047144,25.5511901638832,25.3921571255997,25.4537474974415,25.4588783623232,25.4486163763711,25.4434849990752,25.5153009780981,25.5511901638832,25.4537474974415,25.4024247521646,25.4280893294658,25.5358106179362,25.5358106179362,25.5409373888032,25.494787246305,25.4280893294658,25.4126913524992,25.4742694202044,25.494787246305,25.4999160630027,25.5101729288625,25.4845288451903,25.4126913524992,25.5204287715866,25.4434849990752,25.4845288451903,25.3921571255997,25.4126913524992,25.4126913524992,25.464008971053,25.5050446238429,25.4537474974415,25.5409373888032,25.7560314431445,25.8378540189647,26.1186251803434,26.1339180390234,26.0931320526798,26.0778331565889,25.9502541492142,25.9604662734002,26.0778331565889,25.9757825654037,25.9757825654037,26.0574311037199,26.0217178117003,26.0013046697413,25.9247194166704
25.4024247521646,25.3767537609245,25.3356668224182,25.3818884725093,25.3921571255997,25.4999160630027,25.4691393236678,25.4280893294658,25.4537474974415,25.464008971053,25.3305297988212,25.4896581737131,25.4742694202044,25.5204287715866,25.5204287715866,25.4434849990752,25.4229569268991,25.2534435750629,25.3767537609245,25.3767537609245,25.4024247521646,25.4537474974415,25.3510763511273,25.2894243522202,25.3613480855689,25.3510763511273,25.2174501739369,25.1557177937613,25.0424450977087,25.1814441360816,25.2225928617629,25.2020205629554,25.2277352917338,25.1711543738743,25.1145422104357,25.3613480855689,25.2791454175921,25.3305297988212,25.3202549803643,25.4280893294658,25.4332214756594,25.4845288451903,25.4486163763711,25.3870229273887,25.3510763511273,25.4229569268991,25.4178242679226,25.4178242679226,25.4434849990752,25.4229569268991,25.4229569268991,25.3459400985342,25.4486163763711,25.4537474974415,25.4588783623232,25.4486163763711,25.4588783623232,25.5204287715866,25.4691393236678,25.4126913524992,25.5358106179362,25.4229569268991,25.3767537609245,25.325392518149,25.5973150092137,25.5358106179362,25.5409373888032,25.494787246305,25.2071640245704,25.4075581805922,25.2123072282184,25.4178242679226,25.4178242679226,25.4742694202044,25.4486163763711,25.3202549803643,25.3972910671794,25.4280893294658,25.3510763511273,25.5101729288625,25.3716187925976,25.3356668224182,25.4486163763711,25.4075581805922,25.5255563093646,25.5716926484544,25.4742694202044,25.4793992606996,25.4845288451903,25.5716926484544,25.5665674104186,25.5409373888032,25.4793992606996,25.4280893294658,25.4845288451903,25.4588783623232,25.4896581737131,25.5153009780981,25.5665674104186,25.5050446238429,25.5358106179362,25.5921910475291,25.4793992606996,25.4742694202044,25.4383533655169,25.4383533655169,25.4229569268991,25.5563161681696,25.622930990963,25.669023697602,25.622930990963,25.5306835914689,25.5870668306474,25.6178083047144,25.4691393236678,25.622930990963,25.4588783623232,25.4793992606996,25.4845288451903,25.464008971053,25.5101729288625,25.4075581805922,25.4280893294658,25.4075581805922,25.4588783623232,25.4537474974415,25.4691393236678,25.464008971053,25.3870229273887,25.3818884725093,25.3818884725093,25.3972910671794,25.4999160630027,25.494787246305,25.3767537609245,25.4434849990752,25.2997022573604,25.2945634334578,25.4434849990752,25.5358106179362,25.5358106179362,25.5358106179362,25.4280893294658,25.4793992606996,25.4588783623232,25.5306835914689,25.4742694202044,25.5153009780981,25.5153009780981,25.464008971053,25.4588783623232,25.464008971053,25.3818884725093,25.3818884725093,25.4280893294658,25.494787246305,25.4332214756594,25.3972910671794,25.4024247521646,25.4383533655169,25.4383533655169,25.4126913524992,25.4332214756594,25.3562123467933,25.3151171854302,25.3562123467933,25.3151171854302,25.4178242679226,25.4075581805922,25.3356668224182,25.4178242679226,25.3767537609245,25.3921571255997,25.3510763511273,25.3767537609245,25.2842850136107,25.2791454175921,25.3459400985342,25.3613480855689,25.2688654531791,25.2225928617629,25.3870229273887,25.494787246305,25.5101729288625,25.4742694202044,25.4793992606996,25.4588783623232,25.5204287715866,25.464008971053,25.4691393236678,25.4999160630027,25.4537474974415,25.4793992606996,25.4691393236678,25.4486163763711,25.4126913524992,25.4229569268991,25.4332214756594,25.4280893294658,25.5460639041067,25.5563161681696,25.4896581737131,25.5204287715866,25.4178242679226,25.4332214756594,25.5358106179362,25.4383533655169,25.4383533655169,25.4434849990752,25.4999160630027,25.3716187925976,25.4332214756594,25.4383533655169,25.494787246305,25.4588783623232,25.3664835674914,25.3767537609245,25.494787246305,25.4229569268991,25.4126913524992,25.4434849990752,25.4434849990752,25.602438715738,25.464008971053,25.5255563093646,25.7560314431445,25.9196117118026,25.9298268687038,26.0676326338092,26.0574311037199,25.9349340679388,25.9349340679388,25.9655719566022,25.9502541492142,25.9757825654037,25.9757825654037,26.0268204667242,25.9093955434194,26.0013046697413,25.9298268687038
25.5511901638832,25.5665674104186,25.4178242679226,25.5665674104186,25.3921571255997,25.4434849990752,25.4845288451903,25.5358106179362,25.5255563093646,25.4434849990752,25.4742694202044,25.5050446238429,25.602438715738,25.4845288451903,25.4588783623232,25.4896581737131,25.4434849990752,25.3664835674914,25.3972910671794,25.4793992606996,25.4178242679226,25.325392518149,25.4332214756594,25.3767537609245,25.4383533655169,25.2740055641272,25.3664835674914,25.3459400985342,25.1865886299367,25.2123072282184,25.0527477928007,25.0527477928007,25.2123072282184,24.9342041538485,25.0990971001769,25.3613480855689,25.3048408239653,25.3305297988212,25.4126913524992,25.4691393236678,25.3408035889768,25.4845288451903,25.4229569268991,25.4691393236678,25.3510763511273,25.2380193782588,25.4229569268991,25.5101729288625,25.4024247521646,25.3613480855689,25.3408035889768,25.3356668224182,25.3202549803643,25.4793992606996,25.3459400985342,25.3562123467933,25.4845288451903,25.464008971053,25.4486163763711,25.4691393236678,25.4896581737131,25.4691393236678,25.3613480855689,25.1917328656758,25.3562123467933,25.494787246305,25.5973150092137,25.5050446238429,25.2071640245704,25.4229569268991,25.2020205629554,25.2020205629554,25.4383533655169,25.4793992606996,25.3151171854302,25.3048408239653,25.4793992606996,25.5153009780981,25.4075581805922,25.4691393236678,25.494787246305,25.5614419170025,25.3921571255997,25.3870229273887,25.5101729288625,25.5306835914689,25.5819423585322,25.4999160630027,25.4742694202044,25.494787246305,25.4896581737131,25.464008971053,25.4434849990752,25.3510763511273,25.4588783623232,25.494787246305,25.5306835914689,25.5409373888032,25.5153009780981,25.6382975199907,25.4999160630027,25.6587826573823,25.6280534222343,25.4896581737131,25.4896581737131,25.3870229273887,25.5101729288625,25.643419186549,25.7099776754511,25.7099776754511,25.5870668306474,25.5101729288625,25.5870668306474,25.5563161681696,25.5563161681696,25.4280893294658,25.4896581737131,25.5563161681696,25.4537474974415,25.4229569268991,25.4588783623232,25.464008971053,25.3972910671794,25.4434849990752,25.4537474974415,25.4588783623232,25.4588783623232,25.4537474974415,25.4024247521646,25.3870229273887,25.622930990963,25.4691393236678,25.5460639041067,25.4075581805922,25.3664835674914,25.4999160630027,25.3562123467933,25.2894243522202,25.2842850136107,25.4588783623232,25.4332214756594,25.464008971053,25.4280893294658,25.5306835914689,25.5255563093646,25.4999160630027,25.4537474974415,25.4896581737131,25.464008971053,25.6280534222343,25.4537474974415,25.4588783623232,25.4434849990752,25.3767537609245,25.4332214756594,25.3613480855689,25.5255563093646,25.3921571255997,25.4126913524992,25.3716187925976,25.4896581737131,25.4588783623232,25.3510763511273,25.4588783623232,25.3972910671794,25.4126913524992,25.4178242679226,25.3099791333095,25.3099791333095,25.3151171854302,25.4024247521646,25.4229569268991,25.4742694202044,25.4126913524992,25.4486163763711,25.3716187925976,25.3459400985342,25.3716187925976,25.3818884725093,25.2380193782588,25.2688654531791,25.3202549803643,25.4793992606996,25.5306835914689,25.4024247521646,25.5050446238429,25.4434849990752,25.494787246305,25.4178242679226,25.4896581737131,25.3972910671794,25.4845288451903,25.4691393236678,25.4434849990752,25.3408035889768,25.4024247521646,25.4537474974415,25.5716926484544,25.5358106179362,25.4280893294658,25.5358106179362,25.4588783623232,25.4332214756594,25.4434849990752,25.4896581737131,25.258584458684,25.4434849990752,25.4383533655169,25.3613480855689,25.3048408239653,25.4588783623232,25.3151171854302,25.5153009780981,25.3664835674914,25.4126913524992,25.4178242679226,25.3972910671794,25.4383533655169,25.4126913524992,25.4178242679226,25.464008971053,25.4588783623232,25.4793992606996,25.5921910475291,25.5101729288625,25.7713781252015,25.9349340679388,26.0115117451654,26.0829330403271,25.9553603376162,25.9196117118026,25.9400410144115,25.8429657740965,25.9451477081579,25.9298268687038,26.0421269192526,25.9349340679388,25.9553603376162,25.9247194166704,25.9145037540644
25.3562123467933,25.5614419170025,25.4537474974415,25.5665674104186,25.5460639041067,25.5460639041067,25.494787246305,25.4588783623232,25.4383533655169,25.4896581737131,25.5050446238429,25.494787246305,25.6382975199907,25.5101729288625,25.4742694202044,25.5563161681696,25.464008971053,25.3613480855689,25.3664835674914,25.4126913524992,25.3510763511273,25.4588783623232,25.3767537609245,25.4691393236678,25.3459400985342,25.3356668224182,25.4229569268991,25.4383533655169,25.3356668224182,25.3562123467933,25.2945634334578,25.258584458684,25.2431610348875,25.3818884725093,25.2431610348875,25.3099791333095,25.3459400985342,25.3151171854302,25.3202549803643,25.4691393236678,25.6075621671384,25.4793992606996,25.5460639041067,25.4332214756594,25.4229569268991,25.3408035889768,25.4434849990752,25.4280893294658,25.3202549803643,25.3099791333095,25.2277352917338,25.3356668224182,25.3356668224182,25.3408035889768,25.3664835674914,25.3510763511273,25.4280893294658,25.5050446238429,25.494787246305,25.464008971053,25.3921571255997,25.325392518149,25.3459400985342,25.4588783623232,25.1814441360816,25.4999160630027,25.4896581737131,25.4280893294658,25.4126913524992,25.3972910671794,25.1917328656758,25.2225928617629,25.4588783623232,25.5050446238429,25.4742694202044,25.3510763511273,25.3459400985342,25.4588783623232,25.3716187925976,25.4075581805922,25.464008971053,25.4332214756594,25.4793992606996,25.4588783623232,25.4845288451903,25.4999160630027,25.4845288451903,25.5204287715866,25.494787246305,25.5255563093646,25.5563161681696,25.4845288451903,25.4434849990752,25.5563161681696,25.4537474974415,25.4845288451903,25.7202136256143,25.6075621671384,25.5614419170025,25.6587826573823,25.6639033048348,25.602438715738,25.4845288451903,25.5050446238429,25.4229569268991,25.4024247521646,25.5358106179362,25.5614419170025,25.6895027225489,25.6331755985647,25.6280534222343,25.4588783623232,25.602438715738,25.5153009780981,25.5204287715866,25.5768176311468,25.4845288451903,25.4229569268991,25.5409373888032,25.5306835914689,25.4793992606996,25.5921910475291,25.4486163763711,25.4845288451903,25.4999160630027,25.4126913524992,25.4434849990752,25.3870229273887,25.464008971053,25.3356668224182,25.4999160630027,25.4896581737131,25.4793992606996,25.5050446238429,25.3202549803643,25.4742694202044,25.3870229273887,25.3921571255997,25.4229569268991,25.4383533655169,25.4280893294658,25.4229569268991,25.5204287715866,25.4845288451903,25.4537474974415,25.4793992606996,25.4024247521646,25.4588783623232,25.4588783623232,25.5255563093646,25.4537474974415,25.4537474974415,25.4280893294658,25.4126913524992,25.4332214756594,25.3921571255997,25.4280893294658,25.3818884725093,25.258584458684,25.4024247521646,25.4126913524992,25.4383533655169,25.4434849990752,25.3716187925976,25.4332214756594,25.4845288451903,25.4229569268991,25.3510763511273,25.325392518149,25.494787246305,25.3921571255997,25.3972910671794,25.464008971053,25.3510763511273,25.4024247521646,25.2431610348875,25.3510763511273,25.2483024338098,25.2431610348875,25.258584458684,25.3716187925976,25.3048408239653,25.3818884725093,25.3767537609245,25.4896581737131,25.5101729288625,25.5050446238429,25.4178242679226,25.4742694202044,25.4793992606996,25.4691393236678,25.4024247521646,25.3972910671794,25.4024247521646,25.4126913524992,25.5768176311468,25.4742694202044,25.5716926484544,25.464008971053,25.4075581805922,25.464008971053,25.5101729288625,25.5153009780981,25.4332214756594,25.4845288451903,25.325392518149,25.4332214756594,25.2997022573604,25.4178242679226,25.4896581737131,25.3818884725093,25.4178242679226,25.4588783623232,25.3921571255997,25.5614419170025,25.3664835674914,25.3818884725093,25.4383533655169,25.4434849990752,25.3562123467933,25.4024247521646,25.4178242679226,25.4999160630027,25.4896581737131,25.5921910475291,25.7713781252015,25.8020646344419,26.0370250204644,25.985992164309,25.9655719566022,25.9298268687038,25.9400410144115,25.9093955434194,25.9298268687038,25.8787409664887,26.0523299608444,25.8071781644774,25.9093955434194,25.8940693936838,25.9451477081579
25.643419186549,25.5563161681696,25.5511901638832,25.5665674104186,25.5716926484544,25.602438715738,25.494787246305,25.4588783623232,25.4332214756594,25.4383533655169,25.4588783623232,25.5050446238429,25.5204287715866,25.4896581737131,25.4383533655169,25.5255563093646,25.4434849990752,25.4178242679226,25.3716187925976,25.3664835674914,25.3921571255997,25.4280893294658,25.3767537609245,25.2945634334578,25.3408035889768,25.3921571255997,25.4126913524992,25.4229569268991,25.4332214756594,25.2791454175921,25.2842850136107,25.2997022573604,25.2431610348875,25.2328774638867,25.3151171854302,25.124837657352,25.3048408239653,25.5921910475291,25.4691393236678,25.464008971053,25.4486163763711,25.4280893294658,25.4999160630027,25.4742694202044,25.5101729288625,25.4383533655169,25.5153009780981,25.4537474974415,25.3408035889768,25.2277352917338,25.2123072282184,25.2225928617629,25.2123072282184,25.1608635787557,25.258584458684,25.4280893294658,25.4999160630027,25.4126913524992,25.4588783623232,25.4742694202044,25.4845288451903,25.4793992606996,25.4742694202044,25.5101729288625,25.5204287715866,25.3870229273887,25.4845288451903,25.3099791333095,25.3613480855689,25.4486163763711,25.464008971053,25.4486163763711,25.4383533655169,25.4434849990752,25.4383533655169,25.4075581805922,25.4434849990752,25.4537474974415,25.3870229273887,25.4434849990752,25.3972910671794,25.5409373888032,25.4999160630027,25.5050446238429,25.4332214756594,25.4024247521646,25.5153009780981,25.5255563093646,25.3972910671794,25.4896581737131,25.5768176311468,25.5358106179362,25.4588783623232,25.464008971053,25.494787246305,25.4691393236678,25.5716926484544,25.5665674104186,25.6946218424375,25.5716926484544,25.6126853634517,25.6536617552083,25.494787246305,25.4332214756594,25.4126913524992,25.5563161681696,25.4691393236678,25.6587826573823,25.6639033048348,25.7099776754511,25.4691393236678,25.464008971053,25.5973150092137,25.5973150092137,25.4691393236678,25.5306835914689,25.4229569268991,25.4486163763711,25.4486163763711,25.4486163763711,25.4229569268991,25.3972910671794,25.3972910671794,25.4537474974415,25.5204287715866,25.464008971053,25.4537474974415,25.4793992606996,25.3972910671794,25.3356668224182,25.4075581805922,25.5101729288625,25.3048408239653,25.5050446238429,25.2071640245704,25.4332214756594,25.2380193782588,25.4537474974415,25.4383533655169,25.5409373888032,25.4793992606996,25.3305297988212,25.494787246305,25.494787246305,25.4896581737131,25.3767537609245,25.4126913524992,25.4383533655169,25.3613480855689,25.5358106179362,25.3356668224182,25.4588783623232,25.3562123467933,25.3048408239653,25.4280893294658,25.4383533655169,25.2637250847104,25.3408035889768,25.3356668224182,25.4126913524992,25.3510763511273,25.3972910671794,25.5101729288625,25.4434849990752,25.3818884725093,25.4126913524992,25.4434849990752,25.4434849990752,25.4793992606996,25.4024247521646,25.3408035889768,25.4896581737131,25.4537474974415,25.3716187925976,25.4383533655169,25.3459400985342,25.3305297988212,25.1145422104357,25.2483024338098,25.2380193782588,25.2791454175921,25.2277352917338,25.3664835674914,25.4691393236678,25.4793992606996,25.5204287715866,25.4178242679226,25.3664835674914,25.4588783623232,25.4896581737131,25.4434849990752,25.494787246305,25.4075581805922,25.4793992606996,25.4486163763711,25.3972910671794,25.4537474974415,25.5511901638832,25.5563161681696,25.4691393236678,25.464008971053,25.5306835914689,25.5665674104186,25.5153009780981,25.4793992606996,25.6178083047144,25.4588783623232,25.3099791333095,25.4486163763711,25.4280893294658,25.4691393236678,25.3562123467933,25.4434849990752,25.3099791333095,25.3613480855689,25.3562123467933,25.3510763511273,25.3664835674914,25.3613480855689,25.5204287715866,25.4332214756594,25.4742694202044,25.4896581737131,25.5204287715866,25.7816079769097,25.7202136256143,25.9757825654037,25.9706773872579,25.8531885241579,25.9349340679388,25.9706773872579,25.8582995191601,25.9349340679388,25.9247194166704,25.9042870798318,26.0319228696336,25.8889601710514,25.9093955434194,25.8225172327306,25.8787409664887
25.6178083047144,25.6331755985647,25.5101729288625,25.6587826573823,25.622930990963,25.5614419170025,25.3613480855689,25.4126913524992,25.3767537609245,25.4280893294658,25.494787246305,25.5153009780981,25.4742694202044,25.4280893294658,25.2842850136107,25.5101729288625,25.4178242679226,25.3408035889768,25.4486163763711,25.3408035889768,25.3459400985342,25.3972910671794,25.3202549803643,25.2277352917338,25.4024247521646,25.3818884725093,25.3767537609245,25.4383533655169,25.3664835674914,25.4434849990752,25.3356668224182,25.2842850136107,25.2071640245704,25.2071640245704,25.1145422104357,25.1145422104357,25.2637250847104,25.4742694202044,25.4896581737131,25.4126913524992,25.4845288451903,25.4383533655169,25.4024247521646,25.464008971053,25.3870229273887,25.4383533655169,25.4486163763711,25.3921571255997,25.325392518149,25.2020205629554,25.124837657352,25.0939482126385,25.1968768433364,25.2277352917338,25.3921571255997,25.3562123467933,25.4537474974415,25.3767537609245,25.4229569268991,25.4229569268991,25.4896581737131,25.4742694202044,25.4434849990752,25.5819423585322,25.4486163763711,25.4178242679226,25.494787246305,25.464008971053,25.4126913524992,25.4691393236678,25.4896581737131,25.5153009780981,25.2791454175921,25.2842850136107,25.4178242679226,25.2740055641272,25.4229569268991,25.4332214756594,25.4178242679226,25.4434849990752,25.5101729288625,25.5255563093646,25.3972910671794,25.3818884725093,25.3767537609245,25.4742694202044,25.3664835674914,25.4742694202044,25.3870229273887,25.4793992606996,25.5614419170025,25.5614419170025,25.5716926484544,25.4537474974415,25.5511901638832,25.669023697602,25.5973150092137,25.6895027225489,25.7048593188521,25.6587826573823,25.6126853634517,25.7048593188521,25.5460639041067,25.4486163763711,25.3870229273887,25.4383533655169,25.5460639041067,25.5614419170025,25.5563161681696,25.7202136256143,25.715095777693,25.5716926484544,25.5921910475291,25.5768176311468,25.5563161681696,25.5819423585322,25.4332214756594,25.5409373888032,25.5409373888032,25.4793992606996,25.4691393236678,25.4024247521646,25.4588783623232,25.4280893294658,25.464008971053,25.3972910671794,25.4537474974415,25.4486163763711,25.4742694202044,25.3921571255997,25.3921571255997,25.5358106179362,25.5614419170025,25.5870668306474,25.3818884725093,25.3151171854302,25.2997022573604,25.4434849990752,25.464008971053,25.464008971053,25.5255563093646,25.464008971053,25.464008971053,25.5050446238429,25.464008971053,25.3664835674914,25.3202549803643,25.4280893294658,25.3408035889768,25.4486163763711,25.4537474974415,25.3921571255997,25.3459400985342,25.325392518149,25.3048408239653,25.4383533655169,25.3356668224182,25.4024247521646,25.3664835674914,25.3972910671794,25.4896581737131,25.6280534222343,25.4383533655169,25.3613480855689,25.4383533655169,25.4691393236678,25.325392518149,25.4332214756594,25.3048408239653,25.2688654531791,25.4229569268991,25.3099791333095,25.4024247521646,25.3356668224182,25.4332214756594,25.4486163763711,25.2534435750629,25.3202549803643,25.2740055641272,25.3613480855689,25.3562123467933,25.3613480855689,25.3408035889768,25.4024247521646,25.3921571255997,25.4588783623232,25.3459400985342,25.4229569268991,25.494787246305,25.3767537609245,25.4229569268991,25.4178242679226,25.4229569268991,25.4126913524992,25.4588783623232,25.494787246305,25.5768176311468,25.4999160630027,25.4999160630027,25.3562123467933,25.3613480855689,25.4434849990752,25.3716187925976,25.4588783623232,25.494787246305,25.5204287715866,25.5101729288625,25.3921571255997,25.3099791333095,25.3048408239653,25.3459400985342,25.4742694202044,25.3562123467933,25.4486163763711,25.3767537609245,25.3767537609245,25.3151171854302,25.325392518149,25.3870229273887,25.4126913524992,25.5255563093646,25.4896581737131,25.5204287715866,25.7048593188521,25.7918368132263,25.8174044635856,25.9655719566022,25.9910965851406,25.9757825654037,25.9042870798318,25.9502541492142,25.9400410144115,25.8787409664887,25.9910965851406,25.8736309844862,25.9451477081579,25.868520749288,25.9145037540644,26.0064083335824,25.9349340679388
25.4793992606996,25.6639033048348,25.5819423585322,25.6741438357205,25.5973150092137,25.5358106179362,25.5358106179362,25.3613480855689,25.5768176311468,25.5973150092137,25.3613480855689,25.4845288451903,25.4178242679226,25.4024247521646,25.4486163763711,25.4383533655169,25.3921571255997,25.4280893294658,25.464008971053,25.4537474974415,25.4280893294658,25.3510763511273,25.4845288451903,25.4024247521646,25.4332214756594,25.4332214756594,25.3870229273887,25.3664835674914,25.4332214756594,25.3510763511273,25.4280893294658,25.3099791333095,25.2328774638867,25.2328774638867,25.3099791333095,25.2380193782588,25.2174501739369,25.3408035889768,25.1814441360816,25.1917328656758,25.0939482126385,25.0887990663117,25.2997022573604,25.4075581805922,25.4486163763711,25.4434849990752,25.4486163763711,25.4229569268991,25.325392518149,25.2483024338098,25.2328774638867,25.1968768433364,25.2071640245704,25.3202549803643,25.5101729288625,25.3767537609245,25.5716926484544,25.464008971053,25.4178242679226,25.5306835914689,25.4691393236678,25.4434849990752,25.5563161681696,25.5153009780981,25.5614419170025,25.5409373888032,25.4280893294658,25.4486163763711,25.494787246305,25.4588783623232,25.2740055641272,25.2894243522202,25.2945634334578,25.2637250847104,25.2791454175921,25.4075581805922,25.5101729288625,25.4486163763711,25.464008971053,25.622930990963,25.5665674104186,25.5050446238429,25.4691393236678,25.4793992606996,25.5306835914689,25.5255563093646,25.5101729288625,25.4434849990752,25.5204287715866,25.5153009780981,25.5563161681696,25.494787246305,25.4178242679226,25.5973150092137,25.6075621671384,25.6895027225489,25.669023697602,25.6639033048348,25.7253312192514,25.6331755985647,25.715095777693,25.6895027225489,25.622930990963,25.494787246305,25.3459400985342,25.4691393236678,25.4742694202044,25.4126913524992,25.5614419170025,25.5665674104186,25.6843833481574,25.5870668306474,25.7099776754511,25.6792637192269,25.7969508507036,25.5358106179362,25.5921910475291,25.6946218424375,25.5306835914689,25.5358106179362,25.5204287715866,25.4537474974415,25.5409373888032,25.5460639041067,25.4999160630027,25.5358106179362,25.464008971053,25.5306835914689,25.3921571255997,25.4126913524992,25.464008971053,25.643419186549,25.6126853634517,25.5204287715866,25.5306835914689,25.5050446238429,25.3459400985342,25.4075581805922,25.622930990963,25.6895027225489,25.5460639041067,25.5614419170025,25.5614419170025,25.4896581737131,25.4793992606996,25.2380193782588,25.4126913524992,25.4075581805922,25.4178242679226,25.3972910671794,25.5306835914689,25.3613480855689,25.3151171854302,25.3716187925976,25.3305297988212,25.3664835674914,25.3716187925976,25.2688654531791,25.3818884725093,25.4691393236678,25.5563161681696,25.6997407078597,25.5306835914689,25.464008971053,25.4178242679226,25.3459400985342,25.464008971053,25.325392518149,25.3356668224182,25.3459400985342,25.4178242679226,25.4229569268991,25.4229569268991,25.4126913524992,25.4434849990752,25.2997022573604,25.2791454175921,25.2997022573604,25.3048408239653,25.3972910671794,25.4178242679226,25.3202549803643,25.3870229273887,25.3664835674914,25.3716187925976,25.3818884725093,25.3305297988212,25.5050446238429,25.4434849990752,25.4845288451903,25.4537474974415,25.464008971053,25.4178242679226,25.4434849990752,25.4537474974415,25.5921910475291,25.6280534222343,25.4793992606996,25.5204287715866,25.5101729288625,25.4742694202044,25.5204287715866,25.3870229273887,25.4126913524992,25.5358106179362,25.5255563093646,25.3767537609245,25.4383533655169,25.4434849990752,25.3562123467933,25.3459400985342,25.4793992606996,25.4126913524992,25.4588783623232,25.3613480855689,25.3921571255997,25.3716187925976,25.3356668224182,25.3459400985342,25.3562123467933,25.4126913524992,25.5460639041067,25.4793992606996,25.6485405982759,25.9247194166704,25.8480772758155,25.9910965851406,26.149208635445,26.0013046697413,25.9757825654037,26.0268204667242,25.8940693936838,25.8889601710514,25.8071781644774,26.0217178117003,25.8838506953317,25.9553603376162,25.9706773872579,26.0472285660339,25.9502541492142
25.6331755985647,25.5153009780981,25.643419186549,25.5819423585322,25.5409373888032,25.5921910475291,25.5870668306474,25.6075621671384,25.5665674104186,25.464008971053,25.5153009780981,25.5768176311468,25.4280893294658,25.5358106179362,25.464008971053,25.5255563093646,25.4229569268991,25.4178242679226,25.3870229273887,25.3562123467933,25.4383533655169,25.3305297988212,25.2380193782588,25.3716187925976,25.4126913524992,25.3459400985342,25.3818884725093,25.3870229273887,25.3818884725093,25.4229569268991,25.4434849990752,25.3972910671794,25.3510763511273,25.2328774638867,25.3767537609245,25.4845288451903,25.3716187925976,25.1145422104357,25.1505717504272,25.1814441360816,25.2791454175921,25.4126913524992,25.2997022573604,25.1865886299367,25.1865886299367,25.3716187925976,25.3562123467933,25.4024247521646,25.4793992606996,25.2380193782588,25.1968768433364,25.1814441360816,25.2688654531791,25.2842850136107,25.4999160630027,25.4896581737131,25.494787246305,25.5511901638832,25.4075581805922,25.4178242679226,25.4126913524992,25.4126913524992,25.4280893294658,25.5614419170025,25.5511901638832,25.5511901638832,25.4383533655169,25.4229569268991,25.6280534222343,25.4537474974415,25.2431610348875,25.2740055641272,25.2740055641272,25.2380193782588,25.4280893294658,25.4896581737131,25.5306835914689,25.4845288451903,25.4742694202044,25.4486163763711,25.4588783623232,25.4896581737131,25.5563161681696,25.494787246305,25.5101729288625,25.5255563093646,25.4845288451903,25.4691393236678,25.4332214756594,25.464008971053,25.5768176311468,25.6536617552083,25.464008971053,25.6843833481574,25.5973150092137,25.6843833481574,25.7048593188521,25.7253312192514,25.6895027225489,25.6843833481574,25.6792637192269,25.7662628184848,25.6126853634517,25.4537474974415,25.4075581805922,25.4126913524992,25.4691393236678,25.2020205629554,25.4024247521646,25.5358106179362,25.5511901638832,25.5614419170025,25.6485405982759,25.6997407078597,25.6843833481574,25.5409373888032,25.4024247521646,25.4999160630027,25.4845288451903,25.5409373888032,25.5358106179362,25.4537474974415,25.5101729288625,25.5460639041067,25.5460639041067,25.5204287715866,25.5204287715866,25.5665674104186,25.5255563093646,25.4588783623232,25.5255563093646,25.6536617552083,25.5921910475291,25.4793992606996,25.5255563093646,25.4845288451903,25.5153009780981,25.5255563093646,25.4896581737131,25.5768176311468,25.4588783623232,25.4742694202044,25.5460639041067,25.494787246305,25.3048408239653,25.3664835674914,25.4383533655169,25.3510763511273,25.4537474974415,25.3562123467933,25.3921571255997,25.4024247521646,25.3921571255997,25.3613480855689,25.325392518149,25.4229569268991,25.4434849990752,25.3613480855689,25.4383533655169,25.4742694202044,25.4486163763711,25.4588783623232,25.4793992606996,25.3870229273887,25.3562123467933,25.2637250847104,25.4229569268991,25.3818884725093,25.4691393236678,25.3972910671794,25.4486163763711,25.5050446238429,25.4332214756594,25.5460639041067,25.3099791333095,25.2740055641272,25.3202549803643,25.3870229273887,25.3356668224182,25.3921571255997,25.3870229273887,25.4383533655169,25.4280893294658,25.3716187925976,25.5101729288625,25.4383533655169,25.3921571255997,25.3921571255997,25.4793992606996,25.4332214756594,25.4075581805922,25.4126913524992,25.4537474974415,25.5768176311468,25.6741438357205,25.5665674104186,25.5614419170025,25.5050446238429,25.5665674104186,25.5409373888032,25.5255563093646,25.5050446238429,25.5050446238429,25.4845288451903,25.5050446238429,25.494787246305,25.5153009780981,25.464008971053,25.5101729288625,25.4332214756594,25.4024247521646,25.464008971053,25.4691393236678,25.3921571255997,25.5614419170025,25.3921571255997,25.3818884725093,25.4024247521646,25.3510763511273,25.4178242679226,25.4075581805922,25.4332214756594,25.5306835914689,25.6075621671384,25.7969508507036,26.0064083335824,25.985992164309,25.9604662734002,25.9910965851406,25.9706773872579,26.016614904526,25.9145037540644,25.9349340679388,25.9604662734002,25.9706773872579,25.9910965851406,25.9400410144115,25.9706773872579,25.9604662734002,25.9196117118026
25.3716187925976,25.4896581737131,25.464008971053,25.4999160630027,25.5050446238429,25.5819423585322,25.4691393236678,25.5460639041067,25.4999160630027,25.4742694202044,25.4845288451903,25.4588783623232,25.5460639041067,25.4126913524992,25.3613480855689,25.5358106179362,25.3408035889768,25.3305297988212,25.4332214756594,25.4229569268991,25.4280893294658,25.3562123467933,25.3202549803643,25.3510763511273,25.4691393236678,25.4075581805922,25.3972910671794,25.3664835674914,25.4588783623232,25.4280893294658,25.4383533655169,25.5101729288625,25.5153009780981,25.3459400985342,25.3664835674914,25.4280893294658,25.4024247521646,25.2637250847104,25.2842850136107,25.2791454175921,25.1917328656758,25.3972910671794,25.4486163763711,25.4024247521646,25.3613480855689,25.3716187925976,25.3562123467933,25.3356668224182,25.4126913524992,25.3202549803643,25.325392518149,25.1711543738743,25.2842850136107,25.3305297988212,25.3613480855689,25.3716187925976,25.3562123467933,25.3972910671794,25.4075581805922,25.4178242679226,25.622930990963,25.4280893294658,25.2637250847104,25.4434849990752,25.4588783623232,25.4178242679226,25.3818884725093,25.4024247521646,25.4383533655169,25.3716187925976,25.3870229273887,25.4486163763711,25.3716187925976,25.3562123467933,25.5409373888032,25.5153009780981,25.4845288451903,25.4793992606996,25.5306835914689,25.4537474974415,25.464008971053,25.4742694202044,25.4742694202044,25.5358106179362,25.5153009780981,25.5973150092137,25.4896581737131,25.4229569268991,25.5358106179362,25.4486163763711,25.5255563093646,25.4793992606996,25.5511901638832,25.5665674104186,25.5768176311468,25.5921910475291,25.6946218424375,25.7253312192514,25.7202136256143,25.6895027225489,25.715095777693,25.6946218424375,25.622930990963,25.5460639041067,25.4280893294658,25.5306835914689,25.3972910671794,25.2894243522202,25.4075581805922,25.4434849990752,25.3870229273887,25.3510763511273,25.4588783623232,25.6126853634517,25.6126853634517,25.6843833481574,25.4229569268991,25.3972910671794,25.4896581737131,25.5306835914689,25.5716926484544,25.5614419170025,25.5511901638832,25.6280534222343,25.4434849990752,25.4999160630027,25.5153009780981,25.4793992606996,25.5204287715866,25.4434849990752,25.602438715738,25.6843833481574,25.602438715738,25.602438715738,25.5153009780981,25.5050446238429,25.5460639041067,25.6587826573823,25.4793992606996,25.5614419170025,25.5768176311468,25.4537474974415,25.5511901638832,25.5358106179362,25.3202549803643,25.3099791333095,25.3151171854302,25.3408035889768,25.3664835674914,25.4178242679226,25.3305297988212,25.3767537609245,25.4280893294658,25.3151171854302,25.3408035889768,25.3459400985342,25.3356668224182,25.3716187925976,25.325392518149,25.1557177937613,25.4588783623232,25.4999160630027,25.4896581737131,25.4332214756594,25.4896581737131,25.4588783623232,25.4793992606996,25.4896581737131,25.4999160630027,25.3305297988212,25.5050446238429,25.4999160630027,25.464008971053,25.602438715738,25.4383533655169,25.3099791333095,25.3716187925976,25.3767537609245,25.4537474974415,25.4793992606996,25.4588783623232,25.3356668224182,25.3151171854302,25.4434849990752,25.3613480855689,25.3613480855689,25.4075581805922,25.4024247521646,25.3459400985342,25.494787246305,25.3716187925976,25.3767537609245,25.494787246305,25.494787246305,25.5409373888032,25.5511901638832,25.5819423585322,25.5511901638832,25.5973150092137,25.4999160630027,25.5101729288625,25.4845288451903,25.4845288451903,25.4075581805922,25.5255563093646,25.4896581737131,25.3870229273887,25.4896581737131,25.4332214756594,25.4126913524992,25.4126913524992,25.3870229273887,25.3099791333095,25.3408035889768,25.4332214756594,25.4229569268991,25.3151171854302,25.3510763511273,25.3716187925976,25.1762993840732,25.1711543738743,25.2637250847104,25.5665674104186,25.5101729288625,25.7662628184848,25.8838506953317,26.0319228696336,26.0013046697413,25.9808874910754,25.9655719566022,25.8531885241579,26.0217178117003,25.9706773872579,25.9757825654037,25.9757825654037,26.0523299608444,25.8225172327306,25.9553603376162,25.8174044635856,25.9808874910754
25.5973150092137,25.4742694202044,25.3767537609245,25.4691393236678,25.5716926484544,25.4793992606996,25.325392518149,25.4434849990752,25.4383533655169,25.5511901638832,25.4588783623232,25.4537474974415,25.464008971053,25.4383533655169,25.4691393236678,25.5511901638832,25.4588783623232,25.3716187925976,25.4486163763711,25.4332214756594,25.4280893294658,25.4075581805922,25.3870229273887,25.4537474974415,25.2894243522202,25.4691393236678,25.3356668224182,25.4075581805922,25.3613480855689,25.5563161681696,25.464008971053,25.464008971053,25.5563161681696,25.4075581805922,25.3356668224182,25.3510763511273,25.3408035889768,25.3459400985342,25.4126913524992,25.4126913524992,25.4486163763711,25.4691393236678,25.1865886299367,25.3921571255997,25.4024247521646,25.3818884725093,25.3151171854302,25.3562123467933,25.1762993840732,25.3767537609245,25.3408035889768,25.2431610348875,25.3459400985342,25.5153009780981,25.5358106179362,25.3972910671794,25.4588783623232,25.464008971053,25.2894243522202,25.4229569268991,25.494787246305,25.2740055641272,25.2534435750629,25.5819423585322,25.494787246305,25.5255563093646,25.5101729288625,25.5665674104186,25.4126913524992,25.3767537609245,25.2945634334578,25.3048408239653,25.3356668224182,25.2277352917338,25.4691393236678,25.4845288451903,25.4793992606996,25.4793992606996,25.4845288451903,25.4486163763711,25.5050446238429,25.2997022573604,25.4332214756594,25.4742694202044,25.5358106179362,25.5511901638832,25.4588783623232,25.4332214756594,25.4537474974415,25.5665674104186,25.5460639041067,25.5768176311468,25.5973150092137,25.6536617552083,25.5665674104186,25.7099776754511,25.6639033048348,25.6536617552083,25.6587826573823,25.7099776754511,25.7099776754511,25.6741438357205,25.6997407078597,25.4793992606996,25.5973150092137,25.4691393236678,25.4075581805922,25.3716187925976,25.4332214756594,25.4280893294658,25.3921571255997,25.4332214756594,25.5153009780981,25.5973150092137,25.7048593188521,25.5511901638832,25.3870229273887,25.3921571255997,25.4280893294658,25.5204287715866,25.5614419170025,25.6331755985647,25.4896581737131,25.5716926484544,25.4691393236678,25.5050446238429,25.6843833481574,25.5204287715866,25.5101729288625,25.5204287715866,25.5973150092137,25.7560314431445,25.5819423585322,25.5460639041067,25.5050446238429,25.5050446238429,25.5511901638832,25.5101729288625,25.5768176311468,25.5665674104186,25.4434849990752,25.4486163763711,25.4229569268991,25.5306835914689,25.4588783623232,25.4178242679226,25.325392518149,25.3305297988212,25.3972910671794,25.4588783623232,25.4075581805922,25.325392518149,25.3972910671794,25.3972910671794,25.3408035889768,25.2997022573604,25.3356668224182,25.3356668224182,25.3099791333095,25.14027888859,25.3151171854302,25.4537474974415,25.4332214756594,25.2534435750629,25.4588783623232,25.6126853634517,25.5101729288625,25.5409373888032,25.5050446238429,25.5153009780981,25.4229569268991,25.3408035889768,25.5050446238429,25.5255563093646,25.4126913524992,25.4126913524992,25.3767537609245,25.3972910671794,25.3664835674914,25.4332214756594,25.4999160630027,25.5153009780981,25.3562123467933,25.3305297988212,25.4178242679226,25.3562123467933,25.4024247521646,25.4486163763711,25.4537474974415,25.5050446238429,25.3408035889768,25.4126913524992,25.4845288451903,25.5306835914689,25.5204287715866,25.4332214756594,25.7457990516862,25.602438715738,25.5870668306474,25.5665674104186,25.5409373888032,25.3870229273887,25.4999160630027,25.4896581737131,25.4280893294658,25.4332214756594,25.5050446238429,25.4229569268991,25.5768176311468,25.4434849990752,25.4742694202044,25.3972910671794,25.3921571255997,25.4383533655169,25.4280893294658,25.4280893294658,25.2997022573604,25.3356668224182,25.3356668224182,25.3305297988212,25.2945634334578,25.325392518149,25.4075581805922,25.5050446238429,25.5665674104186,25.8889601710514,25.8940693936838,25.9706773872579,25.9910965851406,25.8838506953317,25.9451477081579,25.9757825654037,25.9553603376162,25.863410260858,25.7969508507036,25.9706773872579,25.9145037540644,25.985992164309,25.8889601710514,25.996200753606
25.4537474974415,25.4434849990752,25.5050446238429,25.4896581737131,25.5153009780981,25.5255563093646,25.5306835914689,25.4075581805922,25.3356668224182,25.464008971053,25.5563161681696,25.4691393236678,25.4793992606996,25.4332214756594,25.4742694202044,25.464008971053,25.5101729288625,25.3459400985342,25.3356668224182,25.3151171854302,25.4024247521646,25.3664835674914,25.3356668224182,25.4024247521646,25.2380193782588,25.4742694202044,25.4793992606996,25.4537474974415,25.3664835674914,25.5460639041067,25.4280893294658,25.5460639041067,25.4332214756594,25.4383533655169,25.3716187925976,25.2483024338098,25.3459400985342,25.3921571255997,25.4280893294658,25.4845288451903,25.5204287715866,25.4126913524992,25.2997022573604,25.3562123467933,25.3613480855689,25.5153009780981,25.2997022573604,25.4383533655169,25.4280893294658,25.3613480855689,25.258584458684,25.1660091054476,25.3356668224182,25.2945634334578,25.464008971053,25.5409373888032,25.3870229273887,25.325392518149,25.5614419170025,25.4229569268991,25.4486163763711,25.2637250847104,25.4793992606996,25.5563161681696,25.4588783623232,25.5614419170025,25.4332214756594,25.4383533655169,25.5204287715866,25.3664835674914,25.4024247521646,25.494787246305,25.3767537609245,25.4691393236678,25.4588783623232,25.5255563093646,25.494787246305,25.4691393236678,25.5153009780981,25.4999160630027,25.5768176311468,25.5204287715866,25.5101729288625,25.4742694202044,25.5101729288625,25.494787246305,25.5614419170025,25.4845288451903,25.4486163763711,25.4588783623232,25.5768176311468,25.5101729288625,25.5306835914689,25.6792637192269,25.6587826573823,25.5511901638832,25.6280534222343,25.7048593188521,25.6126853634517,25.6178083047144,25.6382975199907,25.6382975199907,25.669023697602,25.5870668306474,25.3870229273887,25.2791454175921,25.3972910671794,25.4075581805922,25.3972910671794,25.4075581805922,25.4075581805922,25.464008971053,25.4075581805922,25.5716926484544,25.6075621671384,25.7048593188521,25.494787246305,25.4383533655169,25.4537474974415,25.4332214756594,25.4691393236678,25.5101729288625,25.5665674104186,25.5511901638832,25.5255563093646,25.5563161681696,25.4845288451903,25.5204287715866,25.5306835914689,25.643419186549,25.5973150092137,25.5255563093646,25.4845288451903,25.5819423585322,25.4742694202044,25.5050446238429,25.4999160630027,25.4896581737131,25.5665674104186,25.5665674104186,25.5768176311468,25.5716926484544,25.5306835914689,25.4896581737131,25.5204287715866,25.4178242679226,25.4332214756594,25.325392518149,25.4178242679226,25.4332214756594,25.3921571255997,25.4075581805922,25.4024247521646,25.3048408239653,25.5306835914689,25.3099791333095,25.2123072282184,25.3099791333095,25.3562123467933,25.0063774992726,25.3099791333095,25.3459400985342,25.2894243522202,25.3356668224182,25.4075581805922,25.5973150092137,25.464008971053,25.5460639041067,25.5306835914689,25.5358106179362,25.5358106179362,25.4537474974415,25.5101729288625,25.494787246305,25.3972910671794,25.4999160630027,25.464008971053,25.3716187925976,25.3151171854302,25.4280893294658,25.4434849990752,25.4024247521646,25.4178242679226,25.4691393236678,25.3664835674914,25.4229569268991,25.3870229273887,25.3921571255997,25.4332214756594,25.4178242679226,25.4999160630027,25.494787246305,25.494787246305,25.5768176311468,25.622930990963,25.622930990963,25.6126853634517,25.5255563093646,25.4691393236678,25.494787246305,25.4999160630027,25.5101729288625,25.4434849990752,25.4383533655169,25.4691393236678,25.4024247521646,25.4024247521646,25.5306835914689,25.5050446238429,25.4178242679226,25.4588783623232,25.4280893294658,25.4075581805922,25.4691393236678,25.6485405982759,25.3613480855689,25.4280893294658,25.2997022573604,25.3099791333095,25.2997022573604,25.3202549803643,25.3562123467933,25.5101729288625,25.4896581737131,25.6382975199907,25.8889601710514,25.9553603376162,25.9502541492142,25.996200753606,25.8838506953317,25.9196117118026,25.8736309844862,25.9093955434194,25.9604662734002,25.9298268687038,25.9553603376162,25.9655719566022,25.9910965851406,25.9298268687038,25.868520749288
25.3408035889768,25.4075581805922,25.3716187925976,25.3356668224182,25.5511901638832,25.5255563093646,25.3408035889768,25.2997022573604,25.3356668224182,25.4691393236678,25.5306835914689,25.4691393236678,25.3151171854302,25.4742694202044,25.3767537609245,25.3921571255997,25.4999160630027,25.4434849990752,25.4999160630027,25.494787246305,25.3459400985342,25.325392518149,25.4537474974415,25.3048408239653,25.3767537609245,25.4845288451903,25.4588783623232,25.4845288451903,25.4434849990752,25.4434849990752,25.4486163763711,25.3356668224182,25.4178242679226,25.4845288451903,25.4588783623232,25.3562123467933,25.3562123467933,25.4280893294658,25.3408035889768,25.4075581805922,25.4229569268991,25.4280893294658,25.4024247521646,25.2894243522202,25.3510763511273,25.3562123467933,25.5101729288625,25.3202549803643,25.3716187925976,25.3921571255997,25.3459400985342,25.1608635787557,25.2740055641272,25.3459400985342,25.3870229273887,25.4126913524992,25.2997022573604,25.3818884725093,25.3459400985342,25.4793992606996,25.5358106179362,25.464008971053,25.4742694202044,25.4691393236678,25.4486163763711,25.4383533655169,25.4434849990752,25.3767537609245,25.4280893294658,25.4434849990752,25.4588783623232,25.4793992606996,25.3664835674914,25.3510763511273,25.3408035889768,25.4691393236678,25.5101729288625,25.494787246305,25.5153009780981,25.325392518149,25.4280893294658,25.5563161681696,25.5358106179362,25.4845288451903,25.4999160630027,25.5101729288625,25.4999160630027,25.4691393236678,25.5153009780981,25.5358106179362,25.5460639041067,25.5716926484544,25.4845288451903,25.6587826573823,25.6331755985647,25.5460639041067,25.6331755985647,25.6485405982759,25.6178083047144,25.6946218424375,25.6895027225489,25.6126853634517,25.602438715738,25.6280534222343,25.4691393236678,25.4126913524992,25.3818884725093,25.2997022573604,25.3972910671794,25.3716187925976,25.3305297988212,25.4742694202044,25.3305297988212,25.4588783623232,25.5614419170025,25.5255563093646,25.4742694202044,25.4486163763711,25.4742694202044,25.5153009780981,25.4845288451903,25.494787246305,25.4332214756594,25.4486163763711,25.5306835914689,25.5409373888032,25.4691393236678,25.5563161681696,25.5819423585322,25.5050446238429,25.622930990963,25.5921910475291,25.5768176311468,25.4742694202044,25.5460639041067,25.4793992606996,25.5306835914689,25.3202549803643,25.4486163763711,25.5768176311468,25.5716926484544,25.5870668306474,25.6126853634517,25.5973150092137,25.4229569268991,25.4434849990752,25.3459400985342,25.325392518149,25.325392518149,25.3459400985342,25.2020205629554,25.2328774638867,25.3099791333095,25.3510763511273,25.3716187925976,25.3356668224182,25.3459400985342,25.3202549803643,25.3613480855689,25.2997022573604,25.258584458684,25.2483024338098,25.3202549803643,25.2842850136107,25.3972910671794,25.4126913524992,25.5511901638832,25.4537474974415,25.5409373888032,25.5409373888032,25.4075581805922,25.3459400985342,25.494787246305,25.4332214756594,25.5306835914689,25.4896581737131,25.4126913524992,25.3767537609245,25.3818884725093,25.3408035889768,25.4434849990752,25.4229569268991,25.4178242679226,25.4178242679226,25.3459400985342,25.3818884725093,25.3716187925976,25.3767537609245,25.3767537609245,25.5665674104186,25.4845288451903,25.5101729288625,25.5358106179362,25.5153009780981,25.5870668306474,25.5973150092137,25.6382975199907,25.4999160630027,25.464008971053,25.4742694202044,25.5973150092137,25.5101729288625,25.5870668306474,25.5819423585322,25.4280893294658,25.5665674104186,25.4280893294658,25.4280893294658,25.4537474974415,25.4486163763711,25.4845288451903,25.4075581805922,25.4280893294658,25.4075581805922,25.3151171854302,25.3408035889768,25.4588783623232,25.4229569268991,25.3613480855689,25.3818884725093,25.3099791333095,25.3151171854302,25.3767537609245,25.4793992606996,25.4793992606996,25.8020646344419,25.9298268687038,25.9042870798318,25.9604662734002,25.9145037540644,25.9093955434194,25.9145037540644,26.0574311037199,25.8787409664887,26.0064083335824,25.7560314431445,25.8889601710514,25.9808874910754,25.9042870798318,25.9042870798318
25.5101729288625,25.5511901638832,25.5358106179362,25.4999160630027,25.464008971053,25.464008971053,25.3870229273887,25.3664835674914,25.3613480855689,25.4434849990752,25.4588783623232,25.4383533655169,25.4742694202044,25.4691393236678,25.4793992606996,25.5768176311468,25.5050446238429,25.6382975199907,25.4742694202044,25.4126913524992,25.5101729288625,25.3972910671794,25.3356668224182,25.4845288451903,25.4126913524992,25.494787246305,25.4537474974415,25.4588783623232,25.3664835674914,25.4383533655169,25.4896581737131,25.5153009780981,25.4537474974415,25.602438715738,25.5101729288625,25.5101729288625,25.3613480855689,25.4537474974415,25.3767537609245,25.3870229273887,25.325392518149,25.4126913524992,25.3818884725093,25.2791454175921,25.4229569268991,25.3613480855689,25.3972910671794,25.3716187925976,25.5153009780981,25.4383533655169,25.3972910671794,25.4075581805922,25.2945634334578,25.4280893294658,25.4383533655169,25.5101729288625,25.5153009780981,25.5358106179362,25.494787246305,25.4434849990752,25.3870229273887,25.5255563093646,25.5409373888032,25.4434849990752,25.5101729288625,25.4434849990752,25.4024247521646,25.4383533655169,25.4999160630027,25.5358106179362,25.3767537609245,25.4126913524992,25.4793992606996,25.4178242679226,25.3613480855689,25.3510763511273,25.5050446238429,25.4537474974415,25.4793992606996,25.4126913524992,25.4280893294658,25.5563161681696,25.5409373888032,25.4178242679226,25.4486163763711,25.5050446238429,25.4383533655169,25.4537474974415,25.4486163763711,25.5665674104186,25.5921910475291,25.5255563093646,25.5819423585322,25.6741438357205,25.6997407078597,25.5511901638832,25.6485405982759,25.6280534222343,25.6331755985647,25.6280534222343,25.6639033048348,25.6536617552083,25.6639033048348,25.643419186549,25.5665674104186,25.5409373888032,25.5870668306474,25.4691393236678,25.4178242679226,25.3972910671794,25.3972910671794,25.494787246305,25.4999160630027,25.4793992606996,25.4691393236678,25.4280893294658,25.3870229273887,25.4486163763711,25.5358106179362,25.464008971053,25.4588783623232,25.4229569268991,25.5204287715866,25.5306835914689,25.5768176311468,25.5716926484544,25.5306835914689,25.643419186549,25.5460639041067,25.5563161681696,25.5050446238429,25.5973150092137,25.5716926484544,25.622930990963,25.5768176311468,25.494787246305,25.5153009780981,25.4332214756594,25.4845288451903,25.5460639041067,25.5716926484544,25.5409373888032,25.6587826573823,25.5921910475291,25.4178242679226,25.4383533655169,25.4024247521646,25.4178242679226,25.3921571255997,25.3613480855689,25.3972910671794,25.3151171854302,25.3459400985342,25.3972910671794,25.2791454175921,25.325392518149,25.3305297988212,25.3048408239653,25.3151171854302,25.2637250847104,25.2740055641272,25.2483024338098,25.3459400985342,25.3459400985342,25.3818884725093,25.5050446238429,25.5050446238429,25.5358106179362,25.5460639041067,25.4126913524992,25.3356668224182,25.3716187925976,25.4280893294658,25.494787246305,25.4999160630027,25.4793992606996,25.4178242679226,25.4486163763711,25.4486163763711,25.3151171854302,25.4486163763711,25.4075581805922,25.5050446238429,25.4024247521646,25.4896581737131,25.3972910671794,25.3767537609245,25.3408035889768,25.5101729288625,25.5101729288625,25.5255563093646,25.4999160630027,25.5409373888032,25.6331755985647,25.5716926484544,25.6075621671384,25.5614419170025,25.602438715738,25.494787246305,25.4229569268991,25.4691393236678,25.5563161681696,25.4588783623232,25.5819423585322,25.494787246305,25.5153009780981,25.4178242679226,25.4999160630027,25.5409373888032,25.4024247521646,25.3818884725093,25.4126913524992,25.4178242679226,25.4075581805922,25.4229569268991,25.3767537609245,25.3305297988212,25.4332214756594,25.4332214756594,25.3305297988212,25.3562123467933,25.3921571255997,25.3716187925976,25.3099791333095,25.6178083047144,25.868520749288,25.8327420103839,25.8991783632653,26.0217178117003,26.0013046697413,25.9757825654037,25.8838506953317,26.0421269192526,25.8225172327306,25.8991783632653,25.9298268687038,25.8327420103839,25.8327420103839,25.8480772758155,25.9706773872579
25.4434849990752,25.3921571255997,25.4075581805922,25.4486163763711,25.4896581737131,25.4178242679226,25.4075581805922,25.3870229273887,25.3664835674914,25.3767537609245,25.3870229273887,25.4845288451903,25.464008971053,25.4793992606996,25.4229569268991,25.3716187925976,25.4845288451903,25.4229569268991,25.4896581737131,25.4588783623232,25.3459400985342,25.494787246305,25.3972910671794,25.464008971053,25.3408035889768,25.4280893294658,25.4588783623232,25.4896581737131,25.4793992606996,25.5101729288625,25.4434849990752,25.5306835914689,25.5101729288625,25.4434849990752,25.4588783623232,25.464008971053,25.4383533655169,25.4280893294658,25.4588783623232,25.2225928617629,25.2842850136107,25.4126913524992,25.3202549803643,25.2071640245704,25.2277352917338,25.4793992606996,25.4999160630027,25.4434849990752,25.5768176311468,25.4999160630027,25.5563161681696,25.4126913524992,25.4126913524992,25.2534435750629,25.4383533655169,25.5101729288625,25.5306835914689,25.4742694202044,25.5255563093646,25.7048593188521,25.6485405982759,25.5511901638832,25.5460639041067,25.5511901638832,25.5409373888032,25.4332214756594,25.4486163763711,25.5153009780981,25.4434849990752,25.5511901638832,25.4383533655169,25.4845288451903,25.4691393236678,25.4024247521646,25.4742694202044,25.464008971053,25.3202549803643,25.4434849990752,25.3972910671794,25.5921910475291,25.6178083047144,25.464008971053,25.5614419170025,25.5870668306474,25.4742694202044,25.4896581737131,25.5921910475291,25.4999160630027,25.5050446238429,25.4742694202044,25.6075621671384,25.5101729288625,25.5665674104186,25.6485405982759,25.6792637192269,25.6895027225489,25.5973150092137,25.6382975199907,25.7253312192514,25.602438715738,25.622930990963,25.7457990516862,25.5614419170025,25.5973150092137,25.5460639041067,25.5870668306474,25.5819423585322,25.4229569268991,25.3972910671794,25.4486163763711,25.4793992606996,25.5101729288625,25.5153009780981,25.464008971053,25.3099791333095,25.4332214756594,25.2894243522202,25.3305297988212,25.3767537609245,25.3305297988212,25.2637250847104,25.4845288451903,25.4793992606996,25.5306835914689,25.4999160630027,25.5255563093646,25.5870668306474,25.4845288451903,25.5204287715866,25.5768176311468,25.5358106179362,25.6382975199907,25.5870668306474,25.5665674104186,25.5870668306474,25.4691393236678,25.5153009780981,25.5153009780981,25.5665674104186,25.5563161681696,25.5870668306474,25.5973150092137,25.5563161681696,25.5819423585322,25.494787246305,25.3664835674914,25.4178242679226,25.3459400985342,25.3716187925976,25.3972910671794,25.4383533655169,25.3664835674914,25.4075581805922,25.4793992606996,25.3818884725093,25.3510763511273,25.3921571255997,25.325392518149,25.325392518149,25.325392518149,25.4024247521646,25.3459400985342,25.3613480855689,25.2534435750629,25.3767537609245,25.494787246305,25.5050446238429,25.5819423585322,25.5306835914689,25.4126913524992,25.5768176311468,25.4024247521646,25.3972910671794,25.4434849990752,25.5716926484544,25.5921910475291,25.4126913524992,25.3510763511273,25.4178242679226,25.4383533655169,25.4075581805922,25.4229569268991,25.4126913524992,25.4075581805922,25.3664835674914,25.3818884725093,25.3664835674914,25.3510763511273,25.4332214756594,25.5153009780981,25.622930990963,25.643419186549,25.5358106179362,25.6536617552083,25.5973150092137,25.6178083047144,25.669023697602,25.5306835914689,25.4742694202044,25.4896581737131,25.464008971053,25.5050446238429,25.5614419170025,25.4280893294658,25.4178242679226,25.4024247521646,25.5204287715866,25.4999160630027,25.5614419170025,25.3716187925976,25.3767537609245,25.4691393236678,25.3613480855689,25.4486163763711,25.4075581805922,25.3459400985342,25.4486163763711,25.3716187925976,25.5255563093646,25.4126913524992,25.4383533655169,25.3408035889768,25.5255563093646,25.4024247521646,25.6280534222343,25.7918368132263,25.8122914408466,25.8429657740965,26.0064083335824,25.9553603376162,25.9553603376162,25.9400410144115,25.9502541492142,25.9349340679388,25.8991783632653,25.9247194166704,25.8940693936838,25.8787409664887,25.8838506953317,25.8327420103839
25.4742694202044,25.3921571255997,25.3921571255997,25.4280893294658,25.3664835674914,25.3921571255997,25.4434849990752,25.4280893294658,25.325392518149,25.3716187925976,25.4742694202044,25.4742694202044,25.4024247521646,25.3664835674914,25.3664835674914,25.3356668224182,25.4075581805922,25.4229569268991,25.3716187925976,25.4126913524992,25.4024247521646,25.494787246305,25.3870229273887,25.4178242679226,25.4332214756594,25.5409373888032,25.5153009780981,25.5511901638832,25.6075621671384,25.4691393236678,25.4229569268991,25.4486163763711,25.4178242679226,25.4691393236678,25.5358106179362,25.5563161681696,25.3818884725093,25.2483024338098,25.4332214756594,25.3151171854302,25.2431610348875,25.3459400985342,25.4024247521646,25.3921571255997,25.3099791333095,25.4280893294658,25.3613480855689,25.3305297988212,25.3510763511273,25.5153009780981,25.4383533655169,25.4075581805922,25.4793992606996,25.2842850136107,25.3818884725093,25.3818884725093,25.5306835914689,25.5306835914689,25.4793992606996,25.5050446238429,25.7099776754511,25.4691393236678,25.5460639041067,25.5460639041067,25.5511901638832,25.5153009780981,25.4434849990752,25.5153009780981,25.4434849990752,25.4024247521646,25.3664835674914,25.4383533655169,25.4691393236678,25.4896581737131,25.3305297988212,25.3870229273887,25.4332214756594,25.3305297988212,25.5255563093646,25.602438715738,25.5306835914689,25.5358106179362,25.5255563093646,25.5460639041067,25.4178242679226,25.5204287715866,25.4845288451903,25.5614419170025,25.4793992606996,25.4229569268991,25.5153009780981,25.5870668306474,25.5665674104186,25.622930990963,25.622930990963,25.6946218424375,25.6331755985647,25.6126853634517,25.7304485586408,25.6178083047144,25.6178083047144,25.6126853634517,25.6178083047144,25.5973150092137,25.5819423585322,25.5716926484544,25.5101729288625,25.4075581805922,25.3921571255997,25.4742694202044,25.6075621671384,25.4999160630027,25.4691393236678,25.5101729288625,25.5101729288625,25.4691393236678,25.4075581805922,25.5101729288625,25.5460639041067,25.4024247521646,25.4332214756594,25.464008971053,25.5716926484544,25.5255563093646,25.5255563093646,25.4486163763711,25.5255563093646,25.5358106179362,25.5716926484544,25.6485405982759,25.5921910475291,25.5819423585322,25.5665674104186,25.4896581737131,25.5204287715866,25.5050446238429,25.4793992606996,25.464008971053,25.4999160630027,25.5204287715866,25.4486163763711,25.5665674104186,25.5973150092137,25.5101729288625,25.3613480855689,25.3818884725093,25.2020205629554,25.258584458684,25.3510763511273,25.3202549803643,25.3767537609245,25.3664835674914,25.4486163763711,25.4229569268991,25.4178242679226,25.3818884725093,25.3613480855689,25.3664835674914,25.3921571255997,25.3510763511273,25.3510763511273,25.3510763511273,25.3408035889768,25.3408035889768,25.3870229273887,25.4024247521646,25.4537474974415,25.4999160630027,25.4486163763711,25.4691393236678,25.4434849990752,25.3972910671794,25.4075581805922,25.4280893294658,25.4896581737131,25.4537474974415,25.4332214756594,25.4332214756594,25.4024247521646,25.4178242679226,25.4537474974415,25.5204287715866,25.622930990963,25.4588783623232,25.3408035889768,25.4280893294658,25.4178242679226,25.3664835674914,25.2637250847104,25.5255563093646,25.5409373888032,25.494787246305,25.5204287715866,25.5819423585322,25.6587826573823,25.5768176311468,25.4999160630027,25.4588783623232,25.4845288451903,25.4742694202044,25.5921910475291,25.4742694202044,25.4280893294658,25.4486163763711,25.4793992606996,25.4434849990752,25.3921571255997,25.4999160630027,25.5409373888032,25.5511901638832,25.4383533655169,25.3356668224182,25.3459400985342,25.3099791333095,25.3510763511273,25.3510763511273,25.3048408239653,25.3510763511273,25.3510763511273,25.3767537609245,25.3562123467933,25.3972910671794,25.3613480855689,25.3870229273887,25.5460639041067,25.6843833481574,25.8276297483179,25.868520749288,25.9910965851406,25.9349340679388,25.8940693936838,25.9196117118026,25.863410260858,25.8378540189647,25.8991783632653,26.0217178117003,25.8991783632653,25.8940693936838,25.8736309844862,25.9655719566022
25.2174501739369,25.3767537609245,25.4691393236678,25.3921571255997,25.2894243522202,25.3048408239653,25.3664835674914,25.4588783623232,25.4434849990752,25.3870229273887,25.4537474974415,25.4434849990752,25.4075581805922,25.4024247521646,25.2688654531791,25.3972910671794,25.3870229273887,25.3870229273887,25.325392518149,25.3202549803643,25.2225928617629,25.3356668224182,25.3972910671794,25.5101729288625,25.4178242679226,25.3767537609245,25.4793992606996,25.4793992606996,25.4999160630027,25.3716187925976,25.4691393236678,25.4742694202044,25.5409373888032,25.494787246305,25.4383533655169,25.3870229273887,25.4126913524992,25.3305297988212,25.3459400985342,25.4229569268991,25.3151171854302,25.3408035889768,25.4537474974415,25.3099791333095,25.3870229273887,25.2225928617629,25.3202549803643,25.3356668224182,25.3664835674914,25.5101729288625,25.3921571255997,25.4486163763711,25.3459400985342,25.3921571255997,25.3408035889768,25.2997022573604,25.4434849990752,25.4537474974415,25.5306835914689,25.5409373888032,25.5921910475291,25.5358106179362,25.5460639041067,25.5409373888032,25.5511901638832,25.5306835914689,25.5614419170025,25.464008971053,25.3972910671794,25.5255563093646,25.4742694202044,25.464008971053,25.5665674104186,25.5204287715866,25.3305297988212,25.4537474974415,25.4486163763711,25.4691393236678,25.4486163763711,25.6126853634517,25.4845288451903,25.5204287715866,25.5409373888032,25.5511901638832,25.4075581805922,25.4126913524992,25.4486163763711,25.4178242679226,25.494787246305,25.4537474974415,25.5768176311468,25.5921910475291,25.602438715738,25.6126853634517,25.6178083047144,25.6587826573823,25.6741438357205,25.6946218424375,25.6895027225489,25.7509153744483,25.6792637192269,25.622930990963,25.643419186549,25.6382975199907,25.6741438357205,25.6843833481574,25.5563161681696,25.4332214756594,25.4383533655169,25.5153009780981,25.5614419170025,25.5768176311468,25.5153009780981,25.464008971053,25.4486163763711,25.4332214756594,25.4075581805922,25.4383533655169,25.6741438357205,25.4229569268991,25.5563161681696,25.5768176311468,25.5409373888032,25.4793992606996,25.5358106179362,25.5153009780981,25.5153009780981,25.5153009780981,25.5716926484544,25.5973150092137,25.5153009780981,25.5665674104186,25.5306835914689,25.4793992606996,25.464008971053,25.5358106179362,25.5255563093646,25.602438715738,25.5614419170025,25.5665674104186,25.5614419170025,25.5921910475291,25.5768176311468,25.5409373888032,25.5614419170025,25.3562123467933,25.4537474974415,25.3613480855689,25.464008971053,25.3099791333095,25.3664835674914,25.4999160630027,25.5204287715866,25.5563161681696,25.5306835914689,25.3972910671794,25.3818884725093,25.3767537609245,25.3921571255997,25.3305297988212,25.3048408239653,25.2637250847104,25.3613480855689,25.3664835674914,25.4280893294658,25.4383533655169,25.4178242679226,25.4075581805922,25.4434849990752,25.5306835914689,25.5460639041067,25.5460639041067,25.5460639041067,25.4588783623232,25.4486163763711,25.4383533655169,25.4280893294658,25.3202549803643,25.4178242679226,25.3921571255997,25.4229569268991,25.4434849990752,25.494787246305,25.5460639041067,25.3613480855689,25.3818884725093,25.4229569268991,25.325392518149,25.4434849990752,25.3921571255997,25.5563161681696,25.4434849990752,25.5563161681696,25.6895027225489,25.643419186549,25.6126853634517,25.4793992606996,25.4691393236678,25.4537474974415,25.4537474974415,25.4486163763711,25.4999160630027,25.4178242679226,25.4075581805922,25.4383533655169,25.3921571255997,25.4999160630027,25.4332214756594,25.3767537609245,25.5973150092137,25.4383533655169,25.3562123467933,25.4691393236678,25.3870229273887,25.3459400985342,25.3151171854302,25.4588783623232,25.3716187925976,25.3818884725093,25.3921571255997,25.4024247521646,25.4075581805922,25.3562123467933,25.4229569268991,25.5563161681696,25.6587826573823,25.8122914408466,25.8276297483179,26.0472285660339,25.868520749288,25.9553603376162,25.9093955434194,25.9655719566022,25.8582995191601,25.868520749288,25.9196117118026,25.8174044635856,26.0472285660339,25.8787409664887,25.8787409664887
25.2071640245704,25.2225928617629,25.3921571255997,25.4742694202044,25.4691393236678,25.4383533655169,25.3613480855689,25.3870229273887,25.3921571255997,25.3972910671794,25.3870229273887,25.3716187925976,25.4126913524992,25.4229569268991,25.4075581805922,25.3921571255997,25.4742694202044,25.4075581805922,25.3921571255997,25.3972910671794,25.4024247521646,25.2431610348875,25.3664835674914,25.4537474974415,25.3562123467933,25.2791454175921,25.3767537609245,25.4896581737131,25.4486163763711,25.3459400985342,25.494787246305,25.4178242679226,25.4486163763711,25.5153009780981,25.5153009780981,25.5255563093646,25.4896581737131,25.4178242679226,25.4280893294658,25.3664835674914,25.325392518149,25.3202549803643,25.4486163763711,25.5050446238429,25.3921571255997,25.4896581737131,25.4075581805922,25.3818884725093,25.4229569268991,25.5153009780981,25.4434849990752,25.4383533655169,25.4742694202044,25.2328774638867,25.2534435750629,25.3510763511273,25.4691393236678,25.4229569268991,25.4434849990752,25.4383533655169,25.5204287715866,25.5409373888032,25.6126853634517,25.4434849990752,25.715095777693,25.5563161681696,25.5306835914689,25.4999160630027,25.5050446238429,25.4896581737131,25.4845288451903,25.4588783623232,25.4793992606996,25.5050446238429,25.3151171854302,25.3305297988212,25.3510763511273,25.4024247521646,25.5409373888032,25.5050446238429,25.5255563093646,25.4793992606996,25.6536617552083,25.3510763511273,25.4691393236678,25.4896581737131,25.4332214756594,25.4383533655169,25.5511901638832,25.5665674104186,25.5358106179362,25.5665674104186,25.602438715738,25.6895027225489,25.5819423585322,25.6536617552083,25.6792637192269,25.6792637192269,25.6178083047144,25.7099776754511,25.7048593188521,25.7764931779977,25.643419186549,25.7560314431445,25.5921910475291,25.6485405982759,25.5101729288625,25.5460639041067,25.4742694202044,25.5614419170025,25.5101729288625,25.5768176311468,25.4537474974415,25.4742694202044,25.4383533655169,25.4845288451903,25.4486163763711,25.3408035889768,25.5563161681696,25.5358106179362,25.4588783623232,25.5255563093646,25.4434849990752,25.5614419170025,25.5306835914689,25.5511901638832,25.5306835914689,25.6741438357205,25.7253312192514,25.5921910475291,25.7048593188521,25.5716926484544,25.5716926484544,25.5973150092137,25.5716926484544,25.6178083047144,25.6382975199907,25.5768176311468,25.5921910475291,25.5870668306474,25.4332214756594,25.5460639041067,25.602438715738,25.5665674104186,25.5819423585322,25.464008971053,25.4075581805922,25.494787246305,25.3305297988212,25.2894243522202,25.5204287715866,25.5460639041067,25.6126853634517,25.5358106179362,25.5204287715866,25.5306835914689,25.3972910671794,25.5204287715866,25.3818884725093,25.3356668224182,25.4588783623232,25.2945634334578,25.3818884725093,25.3613480855689,25.494787246305,25.3870229273887,25.5153009780981,25.4024247521646,25.3767537609245,25.3613480855689,25.3562123467933,25.4742694202044,25.5255563093646,25.4691393236678,25.4229569268991,25.4434849990752,25.4434849990752,25.464008971053,25.4126913524992,25.4383533655169,25.4999160630027,25.5050446238429,25.4075581805922,25.4024247521646,25.5358106179362,25.4024247521646,25.3818884725093,25.4691393236678,25.4126913524992,25.4537474974415,25.4999160630027,25.5716926484544,25.4537474974415,25.5255563093646,25.5511901638832,25.6997407078597,25.6126853634517,25.4486163763711,25.5409373888032,25.6178083047144,25.4793992606996,25.5511901638832,25.3510763511273,25.5101729288625,25.3510763511273,25.4332214756594,25.4332214756594,25.4845288451903,25.4999160630027,25.4691393236678,25.4588783623232,25.4845288451903,25.4793992606996,25.3305297988212,25.3510763511273,25.3767537609245,25.4434849990752,25.3459400985342,25.5358106179362,25.4537474974415,25.4126913524992,25.4229569268991,25.3613480855689,25.5358106179362,25.7202136256143,25.6843833481574,25.7355656438188,25.8480772758155,25.8940693936838,25.9655719566022,25.9502541492142,25.9910965851406,25.9706773872579,25.9247194166704,25.8991783632653,25.9042870798318,25.9247194166704,25.8378540189647,25.8020646344419,25.9553603376162
25.2791454175921,25.3099791333095,25.4280893294658,25.4742694202044,25.4793992606996,25.3870229273887,25.3305297988212,25.4691393236678,25.3767537609245,25.3767537609245,25.3870229273887,25.4075581805922,25.4024247521646,25.3921571255997,25.3202549803643,25.3664835674914,25.3921571255997,25.325392518149,25.3818884725093,25.3459400985342,25.5050446238429,25.2328774638867,25.3099791333095,25.3151171854302,25.1660091054476,25.3818884725093,25.494787246305,25.4691393236678,25.4332214756594,25.3613480855689,25.4588783623232,25.4588783623232,25.4178242679226,25.4126913524992,25.5255563093646,25.5511901638832,25.494787246305,25.4742694202044,25.4075581805922,25.4999160630027,25.5255563093646,25.494787246305,25.4486163763711,25.3408035889768,25.4486163763711,25.3613480855689,25.4280893294658,25.3099791333095,25.4434849990752,25.3613480855689,25.2997022573604,25.3099791333095,25.2225928617629,25.2894243522202,25.3356668224182,25.4332214756594,25.4588783623232,25.5204287715866,25.5409373888032,25.4691393236678,25.5563161681696,25.5716926484544,25.5409373888032,25.5460639041067,25.5255563093646,25.5153009780981,25.4383533655169,25.4999160630027,25.4691393236678,25.5614419170025,25.4383533655169,25.5409373888032,25.4691393236678,25.4691393236678,25.4999160630027,25.4742694202044,25.5563161681696,25.5665674104186,25.4896581737131,25.4280893294658,25.3613480855689,25.4999160630027,25.4999160630027,25.3870229273887,25.4383533655169,25.4742694202044,25.4126913524992,25.5306835914689,25.5614419170025,25.5050446238429,25.5306835914689,25.4845288451903,25.7355656438188,25.5768176311468,25.7048593188521,25.6843833481574,25.7099776754511,25.6331755985647,25.7764931779977,25.6280534222343,25.6075621671384,25.6895027225489,25.7867225219738,25.6946218424375,25.622930990963,25.5870668306474,25.4588783623232,25.5870668306474,25.5921910475291,25.5563161681696,25.5768176311468,25.5358106179362,25.5204287715866,25.5460639041067,25.4229569268991,25.3613480855689,25.3151171854302,25.3972910671794,25.4229569268991,25.4793992606996,25.464008971053,25.4434849990752,25.494787246305,25.6075621671384,25.6178083047144,25.5409373888032,25.5306835914689,25.464008971053,25.6639033048348,25.7253312192514,25.6946218424375,25.5563161681696,25.6536617552083,25.6741438357205,25.5665674104186,25.6331755985647,25.6536617552083,25.6126853634517,25.5511901638832,25.5921910475291,25.3664835674914,25.4537474974415,25.602438715738,25.5409373888032,25.5460639041067,25.5050446238429,25.4999160630027,25.4229569268991,25.3767537609245,25.3716187925976,25.4537474974415,25.5614419170025,25.5563161681696,25.5973150092137,25.5716926484544,25.5358106179362,25.4075581805922,25.4024247521646,25.5153009780981,25.4896581737131,25.4793992606996,25.4896581737131,25.4896581737131,25.3408035889768,25.2740055641272,25.4793992606996,25.5255563093646,25.5101729288625,25.5255563093646,25.3664835674914,25.4537474974415,25.4537474974415,25.4383533655169,25.4332214756594,25.2894243522202,25.2431610348875,25.4280893294658,25.4075581805922,25.3921571255997,25.3716187925976,25.4742694202044,25.494787246305,25.4793992606996,25.5050446238429,25.4075581805922,25.4178242679226,25.3716187925976,25.4742694202044,25.4742694202044,25.3664835674914,25.4588783623232,25.5460639041067,25.4999160630027,25.6587826573823,25.6075621671384,25.6178083047144,25.5101729288625,25.4793992606996,25.5101729288625,25.5460639041067,25.5153009780981,25.5665674104186,25.5153009780981,25.4588783623232,25.4588783623232,25.494787246305,25.4896581737131,25.4845288451903,25.4332214756594,25.4024247521646,25.4793992606996,25.3510763511273,25.4434849990752,25.3664835674914,25.3099791333095,25.4588783623232,25.4332214756594,25.4691393236678,25.3767537609245,25.3818884725093,25.4178242679226,25.3459400985342,25.4486163763711,25.4999160630027,25.643419186549,25.5153009780981,25.6536617552083,25.7202136256143,25.7764931779977,25.9400410144115,25.9093955434194,25.9502541492142,25.9400410144115,25.8889601710514,25.9706773872579,25.9451477081579,25.9502541492142,25.9196117118026,25.996200753606,26.0013046697413
25.3510763511273,25.3664835674914,25.3972910671794,25.3099791333095,25.4280893294658,25.3305297988212,25.4742694202044,25.5153009780981,25.2842850136107,25.4280893294658,25.4486163763711,25.3870229273887,25.3972910671794,25.3818884725093,25.4229569268991,25.3664835674914,25.325392518149,25.2123072282184,25.2380193782588,25.1660091054476,25.4999160630027,25.2174501739369,25.1042457289643,25.0990971001769,25.0424450977087,25.2688654531791,25.3921571255997,25.4896581737131,25.494787246305,25.4793992606996,25.4691393236678,25.5665674104186,25.4793992606996,25.4434849990752,25.3562123467933,25.464008971053,25.3767537609245,25.3921571255997,25.3921571255997,25.4332214756594,25.5511901638832,25.4229569268991,25.3613480855689,25.4024247521646,25.4383533655169,25.4229569268991,25.4280893294658,25.2740055641272,25.4075581805922,25.3459400985342,25.2997022573604,25.3202549803643,25.3459400985342,25.5306835914689,25.4332214756594,25.3664835674914,25.5255563093646,25.5716926484544,25.5050446238429,25.494787246305,25.4332214756594,25.5716926484544,25.5153009780981,25.5204287715866,25.5819423585322,25.4845288451903,25.2431610348875,25.5101729288625,25.5460639041067,25.464008971053,25.5665674104186,25.325392518149,25.4742694202044,25.5460639041067,25.5358106179362,25.5614419170025,25.4999160630027,25.5409373888032,25.4024247521646,25.4588783623232,25.4999160630027,25.494787246305,25.4332214756594,25.5050446238429,25.4178242679226,25.464008971053,25.4588783623232,25.4999160630027,25.3818884725093,25.5050446238429,25.4588783623232,25.5101729288625,25.6587826573823,25.6639033048348,25.6536617552083,25.6946218424375,25.6946218424375,25.6536617552083,25.6895027225489,25.6843833481574,25.6178083047144,25.7202136256143,25.715095777693,25.602438715738,25.5973150092137,25.5153009780981,25.602438715738,25.6331755985647,25.5614419170025,25.4588783623232,25.5255563093646,25.5511901638832,25.5460639041067,25.4999160630027,25.4332214756594,25.4742694202044,25.4075581805922,25.5460639041067,25.5563161681696,25.7867225219738,25.4742694202044,25.4793992606996,25.464008971053,25.494787246305,25.5358106179362,25.5460639041067,25.5358106179362,25.643419186549,25.6843833481574,25.6587826573823,25.6895027225489,25.5768176311468,25.5870668306474,25.5358106179362,25.5358106179362,25.6280534222343,25.5973150092137,25.5973150092137,25.5870668306474,25.5460639041067,25.5306835914689,25.4486163763711,25.5255563093646,25.4999160630027,25.5101729288625,25.4742694202044,25.5153009780981,25.494787246305,25.5306835914689,25.5153009780981,25.5460639041067,25.3818884725093,25.643419186549,25.5563161681696,25.5460639041067,25.5153009780981,25.5306835914689,25.5255563093646,25.5306835914689,25.4999160630027,25.5870668306474,25.4896581737131,25.4999160630027,25.4742694202044,25.4434849990752,25.4280893294658,25.4999160630027,25.5665674104186,25.5153009780981,25.4332214756594,25.5050446238429,25.4588783623232,25.2945634334578,25.4229569268991,25.4537474974415,25.2791454175921,25.2740055641272,25.464008971053,25.4024247521646,25.3510763511273,25.4537474974415,25.5665674104186,25.4588783623232,25.3716187925976,25.4332214756594,25.464008971053,25.3921571255997,25.3716187925976,25.3972910671794,25.4588783623232,25.464008971053,25.4896581737131,25.6639033048348,25.669023697602,25.6331755985647,25.5358106179362,25.5306835914689,25.4075581805922,25.4434849990752,25.5665674104186,25.4742694202044,25.5101729288625,25.5665674104186,25.3716187925976,25.4486163763711,25.4383533655169,25.3664835674914,25.3972910671794,25.3716187925976,25.4075581805922,25.3510763511273,25.4486163763711,25.4588783623232,25.4537474974415,25.4280893294658,25.3356668224182,25.4024247521646,25.3408035889768,25.4383533655169,25.4280893294658,25.3459400985342,25.4845288451903,25.4742694202044,25.5153009780981,25.602438715738,25.602438715738,25.6075621671384,25.7457990516862,25.7202136256143,25.7713781252015,25.9196117118026,25.9451477081579,25.9400410144115,25.8991783632653,25.8531885241579,25.9400410144115,25.9298268687038,25.868520749288,25.9757825654037,25.9196117118026
25.4075581805922,25.494787246305,25.5050446238429,25.4486163763711,25.5101729288625,25.5101729288625,25.5050446238429,25.494787246305,25.4896581737131,25.4742694202044,25.4537474974415,25.4229569268991,25.3818884725093,25.5050446238429,25.4896581737131,25.4999160630027,25.325392518149,25.2380193782588,25.2277352917338,25.2277352917338,25.1865886299367,25.2071640245704,25.0939482126385,25.1711543738743,25.2688654531791,25.3716187925976,25.5563161681696,25.464008971053,25.5563161681696,25.5716926484544,25.5870668306474,25.4024247521646,25.4691393236678,25.4999160630027,25.4896581737131,25.5204287715866,25.4896581737131,25.4075581805922,25.3972910671794,25.5153009780981,25.5101729288625,25.3870229273887,25.3356668224182,25.3870229273887,25.3202549803643,25.4126913524992,25.494787246305,25.3921571255997,25.4178242679226,25.4793992606996,25.3972910671794,25.3305297988212,25.3305297988212,25.4075581805922,25.4383533655169,25.2123072282184,25.4896581737131,25.464008971053,25.4229569268991,25.3613480855689,25.5050446238429,25.5204287715866,25.5973150092137,25.5101729288625,25.5460639041067,25.4588783623232,25.4434849990752,25.5614419170025,25.6485405982759,25.5921910475291,25.5973150092137,25.4845288451903,25.464008971053,25.4691393236678,25.4999160630027,25.5665674104186,25.4793992606996,25.5050446238429,25.4178242679226,25.5255563093646,25.6536617552083,25.4588783623232,25.4742694202044,25.4434849990752,25.4229569268991,25.3921571255997,25.4229569268991,25.4742694202044,25.3870229273887,25.4178242679226,25.4126913524992,25.5306835914689,25.5768176311468,25.7560314431445,25.6895027225489,25.7918368132263,25.6895027225489,25.7304485586408,25.7611472578112,25.7457990516862,25.6485405982759,25.6946218424375,25.6997407078597,25.7048593188521,25.6639033048348,25.622930990963,25.6485405982759,25.6280534222343,25.5973150092137,25.5050446238429,25.5358106179362,25.4332214756594,25.4434849990752,25.5409373888032,25.4896581737131,25.4742694202044,25.4845288451903,25.5409373888032,25.4845288451903,25.5204287715866,25.5511901638832,25.5511901638832,25.6178083047144,25.622930990963,25.5921910475291,25.5050446238429,25.6536617552083,25.6997407078597,25.669023697602,25.6946218424375,25.7713781252015,25.7099776754511,25.6997407078597,25.6741438357205,25.6895027225489,25.6997407078597,25.6382975199907,25.5460639041067,25.5153009780981,25.5921910475291,25.5050446238429,25.4024247521646,25.622930990963,25.7662628184848,25.5768176311468,25.6741438357205,25.7560314431445,25.602438715738,25.643419186549,25.6946218424375,25.6843833481574,25.6280534222343,25.602438715738,25.5716926484544,25.5409373888032,25.5255563093646,25.6126853634517,25.5306835914689,25.5563161681696,25.5511901638832,25.5204287715866,25.4999160630027,25.4845288451903,25.4896581737131,25.4845288451903,25.5973150092137,25.4742694202044,25.5768176311468,25.5255563093646,25.494787246305,25.4845288451903,25.4024247521646,25.4075581805922,25.2688654531791,25.2791454175921,25.4024247521646,25.4434849990752,25.4075581805922,25.4793992606996,25.4537474974415,25.6075621671384,25.4383533655169,25.4126913524992,25.4332214756594,25.5409373888032,25.5409373888032,25.4126913524992,25.3716187925976,25.4126913524992,25.4383533655169,25.5306835914689,25.5101729288625,25.6536617552083,25.6587826573823,25.6536617552083,25.6331755985647,25.6075621671384,25.5973150092137,25.4896581737131,25.4126913524992,25.3972910671794,25.5768176311468,25.6741438357205,25.5511901638832,25.4896581737131,25.4793992606996,25.5204287715866,25.494787246305,25.4332214756594,25.4896581737131,25.4742694202044,25.4742694202044,25.4024247521646,25.4588783623232,25.4588783623232,25.4742694202044,25.3408035889768,25.3664835674914,25.4024247521646,25.4383533655169,25.4845288451903,25.3818884725093,25.4845288451903,25.5050446238429,25.6331755985647,25.7662628184848,25.7611472578112,25.7457990516862,25.9757825654037,25.996200753606,25.9502541492142,25.9196117118026,25.9553603376162,25.9349340679388,25.9757825654037,25.9093955434194,26.0217178117003,26.0064083335824,26.0268204667242,26.0217178117003
25.3099791333095,25.4332214756594,25.4537474974415,25.4896581737131,25.3767537609245,25.5153009780981,25.5153009780981,25.494787246305,25.5153009780981,25.4434849990752,25.4280893294658,25.3972910671794,25.3305297988212,25.5050446238429,25.4691393236678,25.3870229273887,25.2431610348875,25.2791454175921,25.2688654531791,25.2534435750629,25.2020205629554,25.1557177937613,25.2945634334578,25.3151171854302,25.3048408239653,25.3099791333095,25.2997022573604,25.4280893294658,25.5050446238429,25.5665674104186,25.5460639041067,25.5819423585322,25.4793992606996,25.4434849990752,25.4896581737131,25.4588783623232,25.4896581737131,25.464008971053,25.3818884725093,25.4280893294658,25.325392518149,25.3099791333095,25.325392518149,25.2380193782588,25.2174501739369,25.2380193782588,25.2071640245704,25.3510763511273,25.4229569268991,25.3613480855689,25.4537474974415,25.4845288451903,25.2997022573604,25.2225928617629,25.2328774638867,25.3510763511273,25.4126913524992,25.5921910475291,25.3356668224182,25.4691393236678,25.4383533655169,25.4999160630027,25.5255563093646,25.5973150092137,25.5665674104186,25.5153009780981,25.5358106179362,25.4588783623232,25.6280534222343,25.5050446238429,25.4434849990752,25.4742694202044,25.3356668224182,25.5306835914689,25.3613480855689,25.4486163763711,25.4280893294658,25.4434849990752,25.3972910671794,25.4075581805922,25.5358106179362,25.5306835914689,25.5050446238429,25.5768176311468,25.4999160630027,25.3613480855689,25.4280893294658,25.3818884725093,25.3664835674914,25.4024247521646,25.4793992606996,25.4280893294658,25.6536617552083,25.7253312192514,25.7457990516862,25.7304485586408,25.7560314431445,25.7406824748218,25.7202136256143,25.6536617552083,25.6382975199907,25.715095777693,25.7304485586408,25.6741438357205,25.6178083047144,25.6126853634517,25.6485405982759,25.5460639041067,25.5409373888032,25.602438715738,25.4383533655169,25.4537474974415,25.5716926484544,25.6075621671384,25.4332214756594,25.5101729288625,25.4999160630027,25.5409373888032,25.5870668306474,25.6485405982759,25.7304485586408,25.5511901638832,25.5511901638832,25.6331755985647,25.5870668306474,25.6075621671384,25.6997407078597,25.6639033048348,25.8327420103839,25.6536617552083,25.7867225219738,25.6997407078597,25.6843833481574,25.6946218424375,25.6741438357205,25.6126853634517,25.4999160630027,25.8174044635856,25.6382975199907,25.5101729288625,25.3613480855689,25.5204287715866,25.6382975199907,25.6587826573823,25.5409373888032,25.6280534222343,25.7764931779977,25.7202136256143,25.5921910475291,25.6895027225489,25.6792637192269,25.622930990963,25.6587826573823,25.5870668306474,25.5768176311468,25.5204287715866,25.5306835914689,25.6382975199907,25.5306835914689,25.6536617552083,25.6382975199907,25.6639033048348,25.6895027225489,25.622930990963,25.5460639041067,25.5050446238429,25.6843833481574,25.6843833481574,25.5973150092137,25.5768176311468,25.5973150092137,25.5358106179362,25.4537474974415,25.2894243522202,25.3664835674914,25.3972910671794,25.4383533655169,25.4588783623232,25.4280893294658,25.4486163763711,25.6178083047144,25.4588783623232,25.3972910671794,25.4332214756594,25.4024247521646,25.5153009780981,25.4999160630027,25.4537474974415,25.3716187925976,25.4075581805922,25.602438715738,25.5768176311468,25.4742694202044,25.6126853634517,25.6126853634517,25.4896581737131,25.4845288451903,25.6792637192269,25.5409373888032,25.4999160630027,25.4896581737131,25.4896581737131,25.5050446238429,25.5716926484544,25.4691393236678,25.5768176311468,25.5409373888032,25.3510763511273,25.4896581737131,25.3972910671794,25.4126913524992,25.4229569268991,25.5255563093646,25.464008971053,25.4178242679226,25.4280893294658,25.3305297988212,25.3510763511273,25.4793992606996,25.3972910671794,25.3972910671794,25.4845288451903,25.3921571255997,25.4024247521646,25.5563161681696,25.6536617552083,25.6587826573823,25.7662628184848,25.7662628184848,25.9349340679388,25.9757825654037,25.9706773872579,25.9247194166704,25.9655719566022,25.9655719566022,26.0421269192526,26.0115117451654,26.0421269192526,26.0064083335824,26.016614904526
25.4075581805922,25.4486163763711,25.5050446238429,25.5716926484544,25.5973150092137,25.602438715738,25.6280534222343,25.5921910475291,25.4845288451903,25.3664835674914,25.4383533655169,25.3716187925976,25.3921571255997,25.3870229273887,25.4075581805922,25.3767537609245,25.3716187925976,25.3613480855689,25.2637250847104,25.2277352917338,25.1917328656758,25.1968768433364,25.3202549803643,25.3818884725093,25.3870229273887,25.1299849929454,25.3870229273887,25.4126913524992,25.4434849990752,25.4280893294658,25.4486163763711,25.4024247521646,25.4793992606996,25.4537474974415,25.4691393236678,25.4280893294658,25.5050446238429,25.4742694202044,25.4280893294658,25.4896581737131,25.4178242679226,25.3818884725093,25.1968768433364,25.3664835674914,25.2071640245704,25.1762993840732,25.1814441360816,25.2277352917338,25.124837657352,25.3356668224182,25.4024247521646,25.4024247521646,25.2740055641272,25.0578987516956,25.2123072282184,25.2071640245704,25.1968768433364,25.4332214756594,25.4999160630027,25.4537474974415,25.4691393236678,25.4383533655169,25.6075621671384,25.5973150092137,25.6126853634517,25.5716926484544,25.5921910475291,25.5255563093646,25.5511901638832,25.4588783623232,25.4537474974415,25.4691393236678,25.3459400985342,25.4280893294658,25.5050446238429,25.4383533655169,25.3716187925976,25.3921571255997,25.5665674104186,25.5563161681696,25.4742694202044,25.5255563093646,25.6536617552083,25.5409373888032,25.5050446238429,25.3613480855689,25.3716187925976,25.4691393236678,25.4280893294658,25.5255563093646,25.5921910475291,25.4896581737131,25.6485405982759,25.7304485586408,25.7099776754511,25.7457990516862,25.7355656438188,25.7764931779977,25.6587826573823,25.7048593188521,25.622930990963,25.669023697602,25.6126853634517,25.7099776754511,25.7509153744483,25.5819423585322,25.6075621671384,25.5563161681696,25.5870668306474,25.5153009780981,25.5716926484544,25.6126853634517,25.6126853634517,25.5819423585322,25.5614419170025,25.464008971053,25.5511901638832,25.5819423585322,25.5460639041067,25.5614419170025,25.5460639041067,25.5101729288625,25.5921910475291,25.5614419170025,25.5716926484544,25.5819423585322,25.602438715738,25.6792637192269,25.6843833481574,25.6639033048348,25.669023697602,25.6792637192269,25.6639033048348,25.6843833481574,25.6126853634517,25.6126853634517,25.5921910475291,25.602438715738,25.5870668306474,25.5306835914689,25.2945634334578,25.3510763511273,25.5563161681696,25.5409373888032,25.6382975199907,25.6792637192269,25.715095777693,25.7509153744483,25.622930990963,25.5921910475291,25.7099776754511,25.643419186549,25.715095777693,25.643419186549,25.5614419170025,25.464008971053,25.5409373888032,25.5460639041067,25.5768176311468,25.5204287715866,25.4999160630027,25.5716926484544,25.622930990963,25.5716926484544,25.6536617552083,25.6639033048348,25.6485405982759,25.643419186549,25.7048593188521,25.643419186549,25.6895027225489,25.669023697602,25.3048408239653,25.3408035889768,25.2534435750629,25.3818884725093,25.4178242679226,25.2637250847104,25.3921571255997,25.3459400985342,25.4896581737131,25.4024247521646,25.5973150092137,25.6587826573823,25.5255563093646,25.5153009780981,25.494787246305,25.5255563093646,25.3459400985342,25.4332214756594,25.6075621671384,25.5921910475291,25.602438715738,25.602438715738,25.4999160630027,25.5358106179362,25.5306835914689,25.6485405982759,25.494787246305,25.494787246305,25.4793992606996,25.4537474974415,25.4691393236678,25.5870668306474,25.5819423585322,25.4896581737131,25.5870668306474,25.4383533655169,25.4280893294658,25.4280893294658,25.5050446238429,25.4999160630027,25.464008971053,25.5101729288625,25.5665674104186,25.4280893294658,25.4845288451903,25.4075581805922,25.4024247521646,25.3767537609245,25.4178242679226,25.4178242679226,25.4742694202044,25.4075581805922,25.5255563093646,25.622930990963,25.7355656438188,25.7816079769097,25.8582995191601,25.8889601710514,25.9553603376162,25.9910965851406,25.9706773872579,25.9910965851406,26.0064083335824,26.0115117451654,25.9093955434194,25.9042870798318,25.9553603376162,25.9451477081579
25.4332214756594,25.3510763511273,25.4383533655169,25.4999160630027,25.6178083047144,25.6382975199907,25.6485405982759,25.494787246305,25.3664835674914,25.4126913524992,25.4332214756594,25.3870229273887,25.4537474974415,25.4896581737131,25.3664835674914,25.4075581805922,25.3664835674914,25.3562123467933,25.3664835674914,25.2071640245704,25.2740055641272,25.4024247521646,25.4126913524992,25.4178242679226,25.3562123467933,25.2688654531791,25.1351320700124,25.0939482126385,25.464008971053,25.4793992606996,25.4075581805922,25.4588783623232,25.4229569268991,25.4691393236678,25.4588783623232,25.4896581737131,25.3870229273887,25.4486163763711,25.4896581737131,25.4896581737131,25.5409373888032,25.4229569268991,25.3664835674914,25.2997022573604,25.3356668224182,25.2020205629554,25.1917328656758,25.2225928617629,25.1505717504272,25.3459400985342,25.3767537609245,25.3151171854302,25.3818884725093,25.3613480855689,25.2123072282184,25.2637250847104,25.4332214756594,25.4280893294658,25.4383533655169,25.4691393236678,25.4691393236678,25.5255563093646,25.5563161681696,25.5511901638832,25.5306835914689,25.5614419170025,25.4434849990752,25.5973150092137,25.4845288451903,25.3562123467933,25.3510763511273,25.4280893294658,25.4126913524992,25.3151171854302,25.3048408239653,25.3972910671794,25.4742694202044,25.4229569268991,25.4742694202044,25.4126913524992,25.5050446238429,25.5973150092137,25.5204287715866,25.5050446238429,25.5050446238429,25.4845288451903,25.3767537609245,25.3818884725093,25.4383533655169,25.4588783623232,25.4896581737131,25.643419186549,25.7509153744483,25.715095777693,25.8225172327306,25.8327420103839,25.7202136256143,25.8122914408466,25.7304485586408,25.6741438357205,25.6843833481574,25.6280534222343,25.5973150092137,25.6792637192269,25.669023697602,25.7099776754511,25.6075621671384,25.6741438357205,25.5460639041067,25.5101729288625,25.5870668306474,25.6792637192269,25.7457990516862,25.6485405982759,25.5511901638832,25.4332214756594,25.5511901638832,25.5460639041067,25.5768176311468,25.5050446238429,25.5306835914689,25.494787246305,25.4280893294658,25.5614419170025,25.5768176311468,25.6382975199907,25.6946218424375,25.715095777693,25.7253312192514,25.6997407078597,25.6639033048348,25.6741438357205,25.6485405982759,25.715095777693,25.669023697602,25.602438715738,25.669023697602,25.6895027225489,25.5870668306474,25.5921910475291,25.5973150092137,25.5050446238429,25.5716926484544,25.6485405982759,25.6587826573823,25.6946218424375,25.7202136256143,25.7918368132263,25.7099776754511,25.7202136256143,25.6382975199907,25.6485405982759,25.7611472578112,25.6331755985647,25.5614419170025,25.5255563093646,25.5614419170025,25.5819423585322,25.5460639041067,25.6536617552083,25.5870668306474,25.6587826573823,25.6587826573823,25.6946218424375,25.6587826573823,25.643419186549,25.6741438357205,25.6536617552083,25.7662628184848,25.715095777693,25.6895027225489,25.5204287715866,25.4280893294658,25.2483024338098,25.4024247521646,25.4075581805922,25.3767537609245,25.3870229273887,25.4280893294658,25.4434849990752,25.4024247521646,25.3356668224182,25.4280893294658,25.5204287715866,25.5050446238429,25.5153009780981,25.4793992606996,25.4537474974415,25.3921571255997,25.4486163763711,25.4537474974415,25.4691393236678,25.3562123467933,25.5973150092137,25.5511901638832,25.5973150092137,25.5409373888032,25.6178083047144,25.5819423585322,25.5870668306474,25.4742694202044,25.464008971053,25.5050446238429,25.5306835914689,25.5358106179362,25.5819423585322,25.5358106179362,25.4280893294658,25.5255563093646,25.4434849990752,25.4537474974415,25.3818884725093,25.4383533655169,25.5665674104186,25.4999160630027,25.4434849990752,25.4999160630027,25.3408035889768,25.4896581737131,25.3818884725093,25.4537474974415,25.494787246305,25.4691393236678,25.5101729288625,25.5870668306474,25.643419186549,25.7099776754511,25.7355656438188,25.8531885241579,25.9502541492142,26.0013046697413,26.0013046697413,25.9808874910754,25.9247194166704,25.9451477081579,25.9247194166704,25.9349340679388,25.9093955434194,25.9808874910754,25.8940693936838
25.6639033048348,25.4588783623232,25.6382975199907,25.6382975199907,25.5101729288625,25.643419186549,25.4845288451903,25.6075621671384,25.5819423585322,25.464008971053,25.3921571255997,25.4742694202044,25.4178242679226,25.4486163763711,25.3305297988212,25.3305297988212,25.2328774638867,25.3048408239653,25.2791454175921,25.3767537609245,25.3921571255997,25.2740055641272,25.3921571255997,25.3562123467933,25.2945634334578,25.2123072282184,25.1351320700124,25.1351320700124,25.3408035889768,25.4178242679226,25.4075581805922,25.5101729288625,25.4383533655169,25.3870229273887,25.4999160630027,25.4896581737131,25.4486163763711,25.4999160630027,25.4793992606996,25.4742694202044,25.4280893294658,25.2894243522202,25.3972910671794,25.3870229273887,25.3921571255997,25.3870229273887,25.3202549803643,25.3459400985342,25.1762993840732,25.3408035889768,25.3818884725093,25.4434849990752,25.3767537609245,25.4434849990752,25.3562123467933,25.4075581805922,25.5563161681696,25.3921571255997,25.4845288451903,25.5563161681696,25.6280534222343,25.5665674104186,25.3767537609245,25.3664835674914,25.3510763511273,25.6075621671384,25.4075581805922,25.3151171854302,25.2945634334578,25.3510763511273,25.3305297988212,25.3767537609245,25.4075581805922,25.3716187925976,25.4024247521646,25.4024247521646,25.5358106179362,25.3870229273887,25.4229569268991,25.4280893294658,25.6536617552083,25.643419186549,25.6792637192269,25.4793992606996,25.5665674104186,25.5768176311468,25.5050446238429,25.3767537609245,25.3921571255997,25.464008971053,25.5409373888032,25.5409373888032,25.6895027225489,25.7048593188521,25.7764931779977,25.7406824748218,25.7611472578112,25.643419186549,25.7202136256143,25.715095777693,25.5665674104186,25.5511901638832,25.602438715738,25.7202136256143,25.7304485586408,25.5870668306474,25.5614419170025,25.6280534222343,25.5460639041067,25.5716926484544,25.5409373888032,25.5716926484544,25.6485405982759,25.6997407078597,25.602438715738,25.5153009780981,25.4024247521646,25.4075581805922,25.5409373888032,25.6178083047144,25.6587826573823,25.6075621671384,25.5614419170025,25.5716926484544,25.5819423585322,25.6075621671384,25.6331755985647,25.643419186549,25.7253312192514,25.6485405982759,25.7355656438188,25.6587826573823,25.602438715738,25.6639033048348,25.6536617552083,25.6792637192269,25.5921910475291,25.6792637192269,25.5921910475291,25.5819423585322,25.6178083047144,25.5768176311468,25.6485405982759,25.6536617552083,25.6639033048348,25.669023697602,25.6997407078597,25.6946218424375,25.7457990516862,25.7253312192514,25.6997407078597,25.6639033048348,25.715095777693,25.7048593188521,25.5050446238429,25.602438715738,25.5921910475291,25.5563161681696,25.6741438357205,25.5511901638832,25.643419186549,25.6536617552083,25.6485405982759,25.6639033048348,25.6485405982759,25.6741438357205,25.669023697602,25.669023697602,25.6075621671384,25.8225172327306,25.6843833481574,25.4332214756594,25.5358106179362,25.4126913524992,25.3099791333095,25.3767537609245,25.3459400985342,25.4332214756594,25.3767537609245,25.4075581805922,25.3664835674914,25.3972910671794,25.4383533655169,25.4845288451903,25.494787246305,25.464008971053,25.4691393236678,25.4742694202044,25.4178242679226,25.4332214756594,25.5306835914689,25.4691393236678,25.4537474974415,25.4793992606996,25.6075621671384,25.5768176311468,25.5973150092137,25.5768176311468,25.5563161681696,25.5050446238429,25.325392518149,25.4691393236678,25.4024247521646,25.4434849990752,25.4896581737131,25.5819423585322,25.4896581737131,25.4896581737131,25.4896581737131,25.4280893294658,25.4537474974415,25.5255563093646,25.5050446238429,25.4793992606996,25.4537474974415,25.3870229273887,25.4999160630027,25.4742694202044,25.4075581805922,25.494787246305,25.4793992606996,25.4896581737131,25.4742694202044,25.4691393236678,25.3356668224182,25.6382975199907,25.7509153744483,25.7662628184848,25.8480772758155,25.9400410144115,25.9247194166704,25.9757825654037,26.0370250204644,26.0829330403271,25.9757825654037,25.9093955434194,25.985992164309,25.985992164309,25.8991783632653,25.985992164309
25.4896581737131,25.4896581737131,25.4691393236678,25.5511901638832,25.5665674104186,25.4280893294658,25.5768176311468,25.5614419170025,25.5563161681696,25.4486163763711,25.4075581805922,25.3716187925976,25.4434849990752,25.4742694202044,25.4075581805922,25.3151171854302,25.3408035889768,25.2328774638867,25.258584458684,25.2431610348875,25.2225928617629,25.3818884725093,25.3408035889768,25.4383533655169,25.3510763511273,25.2740055641272,25.124837657352,25.1351320700124,24.9342041538485,25.3510763511273,25.2997022573604,25.3613480855689,25.2483024338098,25.3459400985342,25.3613480855689,25.3767537609245,25.5204287715866,25.4434849990752,25.5101729288625,25.4280893294658,25.4434849990752,25.4486163763711,25.4486163763711,25.3613480855689,25.3664835674914,25.325392518149,25.5101729288625,25.3459400985342,25.4280893294658,25.3459400985342,25.3613480855689,25.4537474974415,25.3562123467933,25.3818884725093,25.3664835674914,25.4332214756594,25.4999160630027,25.4793992606996,25.5614419170025,25.5511901638832,25.4742694202044,25.494787246305,25.3818884725093,25.2483024338098,25.1608635787557,25.3510763511273,25.3459400985342,25.3151171854302,25.5921910475291,25.4178242679226,25.4126913524992,25.4178242679226,25.3716187925976,25.325392518149,25.3972910671794,25.3099791333095,25.4896581737131,25.4178242679226,25.4178242679226,25.4332214756594,25.5665674104186,25.494787246305,25.6331755985647,25.5153009780981,25.4126913524992,25.5255563093646,25.4075581805922,25.4537474974415,25.4075581805922,25.3972910671794,25.5511901638832,25.5204287715866,25.6126853634517,25.7816079769097,25.7406824748218,25.8276297483179,25.6639033048348,25.7202136256143,25.6639033048348,25.622930990963,25.6485405982759,25.4896581737131,25.643419186549,25.5511901638832,25.5665674104186,25.6587826573823,25.5563161681696,25.5614419170025,25.4896581737131,25.4486163763711,25.494787246305,25.6485405982759,25.4999160630027,25.6536617552083,25.5819423585322,25.4434849990752,25.4075581805922,25.5614419170025,25.5306835914689,25.5306835914689,25.5306835914689,25.5563161681696,25.5870668306474,25.494787246305,25.5716926484544,25.6587826573823,25.5819423585322,25.6331755985647,25.5204287715866,25.643419186549,25.643419186549,25.5921910475291,25.622930990963,25.643419186549,25.6382975199907,25.5921910475291,25.669023697602,25.6075621671384,25.5819423585322,25.5819423585322,25.494787246305,25.5409373888032,25.5460639041067,25.6178083047144,25.5614419170025,25.5716926484544,25.6792637192269,25.6843833481574,25.6741438357205,25.6485405982759,25.5614419170025,25.5819423585322,25.5819423585322,25.7304485586408,25.6382975199907,25.5768176311468,25.5665674104186,25.4999160630027,25.4691393236678,25.5665674104186,25.6280534222343,25.5973150092137,25.5921910475291,25.5153009780981,25.5870668306474,25.6485405982759,25.6485405982759,25.6485405982759,25.6485405982759,25.6895027225489,25.669023697602,25.5204287715866,25.5255563093646,25.3099791333095,25.3048408239653,25.3151171854302,25.3510763511273,25.2688654531791,25.3048408239653,25.4383533655169,25.4486163763711,25.4742694202044,25.4024247521646,25.4588783623232,25.4588783623232,25.4537474974415,25.4845288451903,25.4537474974415,25.4742694202044,25.4383533655169,25.4434849990752,25.5409373888032,25.5101729288625,25.5665674104186,25.4999160630027,25.6178083047144,25.5563161681696,25.5563161681696,25.494787246305,25.6331755985647,25.4075581805922,25.3459400985342,25.3716187925976,25.2534435750629,25.3664835674914,25.4691393236678,25.4896581737131,25.4537474974415,25.464008971053,25.4537474974415,25.3613480855689,25.4434849990752,25.4742694202044,25.464008971053,25.4383533655169,25.4178242679226,25.4075581805922,25.5101729288625,25.4075581805922,25.3972910671794,25.494787246305,25.464008971053,25.3716187925976,25.2791454175921,25.4537474974415,25.4434849990752,25.6485405982759,25.7611472578112,25.8378540189647,25.8838506953317,25.8531885241579,25.8838506953317,25.9349340679388,25.9093955434194,25.9706773872579,25.8991783632653,25.9196117118026,25.8991783632653,25.8378540189647,25.9808874910754
25.3921571255997,25.4742694202044,25.4178242679226,25.3562123467933,25.4845288451903,25.4434849990752,25.5204287715866,25.6126853634517,25.5563161681696,25.4434849990752,25.3818884725093,25.3664835674914,25.4075581805922,25.494787246305,25.5204287715866,25.3870229273887,25.3716187925976,25.3767537609245,25.3716187925976,25.2997022573604,25.2945634334578,25.3767537609245,25.5511901638832,25.2688654531791,25.1608635787557,25.3562123467933,25.2842850136107,25.1351320700124,25.1505717504272,25.2174501739369,25.4075581805922,25.2945634334578,25.2842850136107,25.3408035889768,25.3510763511273,25.4486163763711,25.4383533655169,25.3048408239653,25.3921571255997,25.4588783623232,25.4793992606996,25.4434849990752,25.2534435750629,25.2997022573604,25.4486163763711,25.3459400985342,25.3921571255997,25.4126913524992,25.3408035889768,25.4486163763711,25.3613480855689,25.3613480855689,25.3767537609245,25.3664835674914,25.494787246305,25.4075581805922,25.5255563093646,25.4999160630027,25.5460639041067,25.4793992606996,25.3767537609245,25.3921571255997,25.4075581805922,25.2431610348875,25.3562123467933,25.3613480855689,25.3613480855689,25.4588783623232,25.4742694202044,25.4434849990752,25.4126913524992,25.3048408239653,25.3562123467933,25.4793992606996,25.2842850136107,25.4126913524992,25.3972910671794,25.3459400985342,25.4332214756594,25.5050446238429,25.4332214756594,25.494787246305,25.5921910475291,25.5768176311468,25.5511901638832,25.5255563093646,25.4537474974415,25.4383533655169,25.5050446238429,25.5460639041067,25.4434849990752,25.494787246305,25.5819423585322,25.8225172327306,25.6843833481574,25.7662628184848,25.7202136256143,25.7048593188521,25.6895027225489,25.6536617552083,25.6485405982759,25.5614419170025,25.5358106179362,25.5665674104186,25.5716926484544,25.5665674104186,25.5614419170025,25.5563161681696,25.4742694202044,25.5101729288625,25.4486163763711,25.3048408239653,25.4486163763711,25.4486163763711,25.4178242679226,25.5153009780981,25.4024247521646,25.4024247521646,25.5255563093646,25.5306835914689,25.602438715738,25.5358106179362,25.5921910475291,25.5563161681696,25.5768176311468,25.6741438357205,25.6587826573823,25.5870668306474,25.6382975199907,25.5716926484544,25.6792637192269,25.5306835914689,25.5870668306474,25.5819423585322,25.5973150092137,25.6536617552083,25.669023697602,25.6075621671384,25.5768176311468,25.4793992606996,25.6741438357205,25.6639033048348,25.5511901638832,25.6075621671384,25.6792637192269,25.669023697602,25.669023697602,25.5870668306474,25.5358106179362,25.602438715738,25.5511901638832,25.5358106179362,25.5255563093646,25.5819423585322,25.6485405982759,25.5819423585322,25.5819423585322,25.5921910475291,25.5563161681696,25.5563161681696,25.5973150092137,25.6075621671384,25.602438715738,25.5358106179362,25.5973150092137,25.6075621671384,25.669023697602,25.6485405982759,25.7560314431445,25.7662628184848,25.6741438357205,25.5255563093646,25.5306835914689,25.3202549803643,25.3202549803643,25.3202549803643,25.3356668224182,25.2483024338098,25.3459400985342,25.4024247521646,25.3767537609245,25.3972910671794,25.4486163763711,25.464008971053,25.4229569268991,25.4537474974415,25.4742694202044,25.4793992606996,25.4793992606996,25.4691393236678,25.5204287715866,25.3562123467933,25.4332214756594,25.5358106179362,25.4845288451903,25.5563161681696,25.5665674104186,25.4383533655169,25.4383533655169,25.4280893294658,25.4588783623232,25.2945634334578,25.2842850136107,25.3716187925976,25.4383533655169,25.4126913524992,25.4588783623232,25.4588783623232,25.3921571255997,25.4024247521646,25.3408035889768,25.5204287715866,25.3870229273887,25.4845288451903,25.5153009780981,25.4742694202044,25.4075581805922,25.4126913524992,25.5306835914689,25.494787246305,25.3870229273887,25.4896581737131,25.2791454175921,25.4793992606996,25.3459400985342,25.4537474974415,25.4793992606996,25.6843833481574,25.8020646344419,25.8889601710514,25.9298268687038,25.9042870798318,25.9042870798318,25.985992164309,25.8174044635856,25.9042870798318,25.8991783632653,25.7918368132263,25.8889601710514,25.8327420103839
25.4896581737131,25.5255563093646,25.4434849990752,25.4434849990752,25.4999160630027,25.4742694202044,25.5204287715866,25.5255563093646,25.5101729288625,25.4486163763711,25.4332214756594,25.5460639041067,25.3613480855689,25.494787246305,25.4588783623232,25.3716187925976,25.4896581737131,25.464008971053,25.3767537609245,25.3613480855689,25.3099791333095,25.3305297988212,25.5050446238429,25.3562123467933,25.3562123467933,25.494787246305,25.3921571255997,25.3510763511273,25.2380193782588,25.1093940990381,25.3048408239653,25.4691393236678,25.2997022573604,25.3151171854302,25.3151171854302,25.3510763511273,25.3562123467933,25.3408035889768,25.1608635787557,25.4229569268991,25.4383533655169,25.2894243522202,25.2431610348875,25.1814441360816,25.2945634334578,25.3099791333095,25.3972910671794,25.4024247521646,25.3048408239653,25.3870229273887,25.3613480855689,25.5204287715866,25.4588783623232,25.3562123467933,25.4486163763711,25.4845288451903,25.5921910475291,25.494787246305,25.4845288451903,25.4178242679226,25.4280893294658,25.1299849929454,25.1299849929454,25.1299849929454,25.3716187925976,25.3921571255997,25.3921571255997,25.464008971053,25.4742694202044,25.5665674104186,25.5306835914689,25.3562123467933,25.3356668224182,25.4588783623232,25.4126913524992,25.3921571255997,25.4793992606996,25.4075581805922,25.3664835674914,25.4280893294658,25.4178242679226,25.5460639041067,25.5511901638832,25.5306835914689,25.5306835914689,25.6280534222343,25.622930990963,25.5050446238429,25.5665674104186,25.3562123467933,25.5460639041067,25.6485405982759,25.5511901638832,25.6895027225489,25.7867225219738,25.7509153744483,25.5665674104186,25.5768176311468,25.6587826573823,25.6843833481574,25.7253312192514,25.6382975199907,25.5511901638832,25.6178083047144,25.669023697602,25.6639033048348,25.6792637192269,25.7099776754511,25.6792637192269,25.5101729288625,25.5204287715866,25.4280893294658,25.494787246305,25.5204287715866,25.5563161681696,25.5050446238429,25.5973150092137,25.5101729288625,25.6075621671384,25.5716926484544,25.6741438357205,25.5563161681696,25.5768176311468,25.6075621671384,25.5409373888032,25.6536617552083,25.6485405982759,25.5511901638832,25.5204287715866,25.5973150092137,25.622930990963,25.602438715738,25.6843833481574,25.6792637192269,25.6792637192269,25.6331755985647,25.6382975199907,25.6587826573823,25.5665674104186,25.5460639041067,25.5563161681696,25.5819423585322,25.6126853634517,25.669023697602,25.7662628184848,25.5921910475291,25.5716926484544,25.5716926484544,25.6946218424375,25.5819423585322,25.5255563093646,25.5716926484544,25.5306835914689,25.6178083047144,25.6382975199907,25.6997407078597,25.5153009780981,25.5819423585322,25.5768176311468,25.5460639041067,25.602438715738,25.5921910475291,25.6178083047144,25.643419186549,25.5511901638832,25.6280534222343,25.6126853634517,25.7509153744483,25.8122914408466,25.6741438357205,25.6997407078597,25.5358106179362,25.5409373888032,25.494787246305,25.4691393236678,25.3459400985342,25.4229569268991,25.3099791333095,25.2945634334578,25.3716187925976,25.3921571255997,25.464008971053,25.4075581805922,25.4537474974415,25.4845288451903,25.4486163763711,25.5921910475291,25.5819423585322,25.494787246305,25.5460639041067,25.4999160630027,25.3921571255997,25.4845288451903,25.5460639041067,25.4486163763711,25.4434849990752,25.6331755985647,25.6741438357205,25.464008971053,25.5511901638832,25.4383533655169,25.5101729288625,25.4229569268991,25.3356668224182,25.5306835914689,25.4742694202044,25.4793992606996,25.4280893294658,25.4434849990752,25.3510763511273,25.3767537609245,25.3921571255997,25.5153009780981,25.4742694202044,25.5153009780981,25.5255563093646,25.4793992606996,25.4486163763711,25.4845288451903,25.4742694202044,25.4896581737131,25.4537474974415,25.4845288451903,25.4793992606996,25.4896581737131,25.4742694202044,25.6075621671384,25.7611472578112,25.8531885241579,25.8940693936838,26.0319228696336,25.9553603376162,25.9808874910754,25.9298268687038,25.9706773872579,25.8940693936838,26.0472285660339,26.0880326723456,25.9247194166704,25.9349340679388
25.5153009780981,25.464008971053,25.3099791333095,25.3767537609245,25.3151171854302,25.2842850136107,25.3356668224182,25.3305297988212,25.3818884725093,25.4024247521646,25.4178242679226,25.4126913524992,25.4126913524992,25.4434849990752,25.3818884725093,25.4742694202044,25.6485405982759,25.4229569268991,25.4486163763711,25.4332214756594,25.2945634334578,25.3921571255997,25.325392518149,25.1968768433364,25.3562123467933,25.3870229273887,25.3664835674914,25.3767537609245,25.2791454175921,25.2688654531791,25.3356668224182,25.4332214756594,25.4588783623232,25.4588783623232,25.0784999971428,25.0836496611589,25.3202549803643,25.5563161681696,25.3818884725093,25.4280893294658,25.464008971053,25.4537474974415,25.1968768433364,25.4537474974415,25.2174501739369,25.3510763511273,25.4896581737131,25.3151171854302,25.2997022573604,25.4383533655169,25.4742694202044,25.5306835914689,25.4742694202044,25.5101729288625,25.4999160630027,25.4999160630027,25.5563161681696,25.3921571255997,25.5101729288625,25.4229569268991,25.4229569268991,25.14027888859,25.0527477928007,25.1299849929454,25.2483024338098,25.3716187925976,25.3459400985342,25.4075581805922,25.4793992606996,25.5563161681696,25.4229569268991,25.4126913524992,25.2071640245704,25.325392518149,25.3305297988212,25.4434849990752,25.3048408239653,25.2997022573604,25.3202549803643,25.3408035889768,25.3510763511273,25.1711543738743,25.3510763511273,25.4434849990752,25.3151171854302,25.4434849990752,25.4434849990752,25.4793992606996,25.5870668306474,25.4486163763711,25.4793992606996,25.6382975199907,25.5511901638832,25.5921910475291,25.5563161681696,25.5870668306474,25.4742694202044,25.4845288451903,25.4229569268991,25.5973150092137,25.6075621671384,25.5614419170025,25.6280534222343,25.5870668306474,25.6639033048348,25.5870668306474,25.7099776754511,25.669023697602,25.6792637192269,25.5255563093646,25.4588783623232,25.4280893294658,25.4742694202044,25.464008971053,25.3972910671794,25.464008971053,25.4896581737131,25.4383533655169,25.6126853634517,25.715095777693,25.6741438357205,25.622930990963,25.5716926484544,25.5306835914689,25.5204287715866,25.7457990516862,25.5614419170025,25.5768176311468,25.5819423585322,25.2688654531791,25.602438715738,25.602438715738,25.6382975199907,25.6587826573823,25.6587826573823,25.669023697602,25.5614419170025,25.6485405982759,25.5204287715866,25.622930990963,25.5563161681696,25.5153009780981,25.622930990963,25.6741438357205,25.5819423585322,25.5768176311468,25.6382975199907,25.5921910475291,25.6536617552083,25.5665674104186,25.669023697602,25.5358106179362,25.5665674104186,25.5973150092137,25.7662628184848,25.6126853634517,25.4845288451903,25.6178083047144,25.5870668306474,25.494787246305,25.6075621671384,25.6331755985647,25.6178083047144,25.6280534222343,25.5665674104186,25.6843833481574,25.6075621671384,25.715095777693,25.7253312192514,25.6997407078597,25.7611472578112,25.5409373888032,25.4280893294658,25.5153009780981,25.4024247521646,25.3099791333095,25.2637250847104,25.4793992606996,25.3510763511273,25.464008971053,25.3202549803643,25.3305297988212,25.4075581805922,25.4229569268991,25.494787246305,25.5768176311468,25.5409373888032,25.5409373888032,25.494787246305,25.3305297988212,25.5460639041067,25.5255563093646,25.4845288451903,25.4588783623232,25.4588783623232,25.5050446238429,25.5460639041067,25.602438715738,25.4588783623232,25.4332214756594,25.5255563093646,25.3716187925976,25.4280893294658,25.4024247521646,25.494787246305,25.3921571255997,25.4691393236678,25.5050446238429,25.5050446238429,25.3921571255997,25.3767537609245,25.5358106179362,25.4896581737131,25.4896581737131,25.5204287715866,25.4742694202044,25.4742694202044,25.4793992606996,25.5255563093646,25.5050446238429,25.494787246305,25.4896581737131,25.494787246305,25.4793992606996,25.4126913524992,25.5614419170025,25.5665674104186,25.7253312192514,25.8787409664887,25.9247194166704,25.9349340679388,25.9298268687038,25.9502541492142,25.9093955434194,25.9706773872579,25.9451477081579,25.9196117118026,26.0472285660339,25.9247194166704,25.8889601710514
25.2534435750629,25.3818884725093,25.2945634334578,25.3562123467933,25.4024247521646,25.325392518149,25.3305297988212,25.4229569268991,25.3870229273887,25.4691393236678,25.3510763511273,25.5511901638832,25.4024247521646,25.4742694202044,25.4332214756594,25.4742694202044,25.5101729288625,25.5870668306474,25.4126913524992,25.3459400985342,25.1711543738743,25.1917328656758,25.3510763511273,25.3767537609245,25.3716187925976,25.1711543738743,25.3767537609245,25.3202549803643,25.3664835674914,25.325392518149,25.3921571255997,25.3562123467933,25.3921571255997,25.2945634334578,25.2071640245704,24.9238895190908,25.2174501739369,25.3202549803643,25.2277352917338,25.3870229273887,25.4332214756594,25.4434849990752,25.4896581737131,25.4486163763711,25.1917328656758,25.3510763511273,25.5768176311468,25.3664835674914,25.4845288451903,25.5921910475291,25.5050446238429,25.5204287715866,25.464008971053,25.4332214756594,25.4332214756594,25.4999160630027,25.5153009780981,25.5460639041067,25.464008971053,25.4742694202044,25.4024247521646,25.2842850136107,25.2791454175921,25.3048408239653,25.4178242679226,25.4793992606996,25.4280893294658,25.4537474974415,25.3202549803643,25.3613480855689,25.5255563093646,25.5768176311468,25.4178242679226,25.3818884725093,25.3408035889768,25.3408035889768,25.2328774638867,25.2277352917338,25.3510763511273,25.2534435750629,25.1762993840732,25.3562123467933,25.4691393236678,25.3459400985342,25.3716187925976,25.4537474974415,25.4434849990752,25.4486163763711,25.4332214756594,25.5409373888032,25.5460639041067,25.4742694202044,25.5614419170025,25.5101729288625,25.5665674104186,25.5358106179362,25.3099791333095,25.3767537609245,25.2997022573604,25.4178242679226,25.6178083047144,25.5665674104186,25.5973150092137,25.6741438357205,25.669023697602,25.6536617552083,25.6792637192269,25.715095777693,25.6587826573823,25.6639033048348,25.5255563093646,25.4486163763711,25.5665674104186,25.4793992606996,25.4126913524992,25.4845288451903,25.4999160630027,25.602438715738,25.4896581737131,25.5921910475291,25.669023697602,25.5768176311468,25.5409373888032,25.6126853634517,25.6485405982759,25.6792637192269,25.4537474974415,25.6382975199907,25.4588783623232,25.4434849990752,25.3972910671794,25.5973150092137,25.602438715738,25.5819423585322,25.6178083047144,25.6331755985647,25.5511901638832,25.6587826573823,25.5204287715866,25.4024247521646,25.5306835914689,25.3818884725093,25.6280534222343,25.6895027225489,25.6485405982759,25.6639033048348,25.669023697602,25.5819423585322,25.6485405982759,25.715095777693,25.5563161681696,25.6331755985647,25.5153009780981,25.6843833481574,25.6382975199907,25.4999160630027,25.6382975199907,25.7406824748218,25.6792637192269,25.602438715738,25.6382975199907,25.6331755985647,25.6536617552083,25.7048593188521,25.6792637192269,25.6075621671384,25.8071781644774,25.7918368132263,25.7816079769097,25.6792637192269,25.6639033048348,25.669023697602,25.5153009780981,25.325392518149,25.3305297988212,25.3151171854302,25.3818884725093,25.3921571255997,25.4896581737131,25.4075581805922,25.3305297988212,25.3202549803643,25.3921571255997,25.4999160630027,25.5563161681696,25.494787246305,25.5716926484544,25.5563161681696,25.4896581737131,25.325392518149,25.4845288451903,25.6536617552083,25.5306835914689,25.4126913524992,25.3972910671794,25.3459400985342,25.4229569268991,25.5716926484544,25.5614419170025,25.4486163763711,25.4126913524992,25.4280893294658,25.4229569268991,25.4537474974415,25.4588783623232,25.3972910671794,25.4793992606996,25.4896581737131,25.4229569268991,25.3664835674914,25.4537474974415,25.325392518149,25.494787246305,25.6639033048348,25.5306835914689,25.4280893294658,25.4896581737131,25.4537474974415,25.3921571255997,25.3870229273887,25.4434849990752,25.4075581805922,25.4742694202044,25.4793992606996,25.494787246305,25.5358106179362,25.6382975199907,25.7509153744483,25.7764931779977,25.8531885241579,25.9042870798318,25.9349340679388,25.9196117118026,25.9808874910754,25.9706773872579,26.0931320526798,25.9298268687038,25.9706773872579,25.9400410144115,25.9196117118026
25.3716187925976,25.3408035889768,25.3048408239653,25.258584458684,25.3870229273887,25.3151171854302,25.1608635787557,25.4691393236678,25.4178242679226,25.3510763511273,25.494787246305,25.5665674104186,25.5511901638832,25.4742694202044,25.4588783623232,25.494787246305,25.3664835674914,25.4383533655169,25.4486163763711,25.3818884725093,25.3099791333095,25.1660091054476,25.1505717504272,25.1762993840732,25.124837657352,25.2637250847104,25.3767537609245,25.2740055641272,25.3510763511273,25.3818884725093,25.3099791333095,25.3202549803643,25.3613480855689,25.4126913524992,25.1917328656758,25.2225928617629,25.2997022573604,25.3151171854302,25.4537474974415,25.4383533655169,25.4793992606996,25.4537474974415,25.3972910671794,25.4742694202044,25.4229569268991,25.464008971053,25.3099791333095,25.3202549803643,25.4280893294658,25.4178242679226,25.5204287715866,25.4793992606996,25.5716926484544,25.7202136256143,25.4588783623232,25.5716926484544,25.5511901638832,25.5563161681696,25.5050446238429,25.4486163763711,25.602438715738,25.5921910475291,25.6280534222343,25.5204287715866,25.5460639041067,25.4126913524992,25.464008971053,25.4588783623232,25.325392518149,25.3408035889768,25.5204287715866,25.5665674104186,25.4896581737131,25.5204287715866,25.4075581805922,25.3562123467933,25.2123072282184,25.2791454175921,25.4280893294658,25.3664835674914,25.2842850136107,25.5255563093646,25.5306835914689,25.3716187925976,25.4486163763711,25.5050446238429,25.4383533655169,25.4896581737131,25.5768176311468,25.5563161681696,25.5409373888032,25.4999160630027,25.4280893294658,25.5460639041067,25.5819423585322,25.4178242679226,25.3664835674914,25.2225928617629,25.2945634334578,25.2894243522202,25.3408035889768,25.6536617552083,25.7355656438188,25.6843833481574,25.643419186549,25.6331755985647,25.6587826573823,25.7509153744483,25.6587826573823,25.6382975199907,25.5614419170025,25.6075621671384,25.5716926484544,25.4793992606996,25.4588783623232,25.464008971053,25.6178083047144,25.6587826573823,25.7406824748218,25.5870668306474,25.6536617552083,25.5973150092137,25.5204287715866,25.6178083047144,25.602438715738,25.6382975199907,25.6536617552083,25.6331755985647,25.4691393236678,25.4024247521646,25.3972910671794,25.5819423585322,25.5460639041067,25.643419186549,25.6741438357205,25.5870668306474,25.5870668306474,25.5614419170025,25.5255563093646,25.5204287715866,25.3818884725093,25.464008971053,25.4537474974415,25.622930990963,25.6895027225489,25.6485405982759,25.6331755985647,25.6280534222343,25.6075621671384,25.6946218424375,25.6331755985647,25.7048593188521,25.5409373888032,25.5973150092137,25.669023697602,25.6639033048348,25.5921910475291,25.643419186549,25.6178083047144,25.6485405982759,25.6536617552083,25.6895027225489,25.6895027225489,25.6075621671384,25.7509153744483,25.7764931779977,25.8122914408466,25.8020646344419,25.7509153744483,25.6639033048348,25.6639033048348,25.6792637192269,25.6331755985647,25.3767537609245,25.3716187925976,25.3202549803643,25.3562123467933,25.3767537609245,25.325392518149,25.494787246305,25.4075581805922,25.4024247521646,25.5614419170025,25.5511901638832,25.5614419170025,25.5716926484544,25.5921910475291,25.5306835914689,25.5358106179362,25.5306835914689,25.643419186549,25.5665674104186,25.5563161681696,25.5153009780981,25.4691393236678,25.5665674104186,25.5768176311468,25.5870668306474,25.4229569268991,25.5358106179362,25.4434849990752,25.4588783623232,25.4280893294658,25.464008971053,25.4999160630027,25.4999160630027,25.4178242679226,25.5460639041067,25.5511901638832,25.4486163763711,25.3767537609245,25.4383533655169,25.4229569268991,25.494787246305,25.4280893294658,25.4024247521646,25.5358106179362,25.5204287715866,25.4896581737131,25.4332214756594,25.4588783623232,25.5101729288625,25.4896581737131,25.4332214756594,25.5153009780981,25.5921910475291,25.5511901638832,25.5768176311468,25.9145037540644,25.7662628184848,25.9042870798318,25.9298268687038,25.9553603376162,25.9808874910754,25.9655719566022,26.016614904526,25.9451477081579,26.016614904526,26.0064083335824,26.0370250204644
25.3716187925976,25.3202549803643,25.3408035889768,25.2791454175921,25.2894243522202,25.2842850136107,25.4434849990752,25.4434849990752,25.4588783623232,25.5358106179362,25.5050446238429,25.5050446238429,25.5255563093646,25.4793992606996,25.6126853634517,25.4793992606996,25.4537474974415,25.5563161681696,25.5716926484544,25.5050446238429,25.4126913524992,25.3767537609245,25.2328774638867,25.2380193782588,25.3305297988212,25.4280893294658,25.3818884725093,25.3716187925976,25.4024247521646,25.3459400985342,25.3870229273887,25.3972910671794,25.3972910671794,25.3972910671794,25.4537474974415,25.4691393236678,25.4280893294658,25.6126853634517,25.6126853634517,25.4742694202044,25.5460639041067,25.5665674104186,25.5153009780981,25.4845288451903,25.4537474974415,25.4537474974415,25.3870229273887,25.3870229273887,25.5921910475291,25.5563161681696,25.3870229273887,25.4280893294658,25.5665674104186,25.464008971053,25.5665674104186,25.4024247521646,25.5358106179362,25.5358106179362,25.5306835914689,25.4999160630027,25.494787246305,25.5768176311468,25.5973150092137,25.5921910475291,25.5255563093646,25.643419186549,25.6075621671384,25.4793992606996,25.325392518149,25.1660091054476,25.4588783623232,25.4691393236678,25.4229569268991,25.3870229273887,25.3870229273887,25.3870229273887,25.2328774638867,25.258584458684,25.258584458684,25.1814441360816,25.3408035889768,25.4793992606996,25.5409373888032,25.5306835914689,25.5460639041067,25.4383533655169,25.4896581737131,25.4691393236678,25.5511901638832,25.5870668306474,25.4845288451903,25.4999160630027,25.3767537609245,25.5870668306474,25.5101729288625,25.5204287715866,25.3562123467933,25.3305297988212,25.3356668224182,25.2791454175921,25.3408035889768,25.4280893294658,25.6843833481574,25.6895027225489,25.6331755985647,25.6946218424375,25.6485405982759,25.6331755985647,25.6843833481574,25.622930990963,25.602438715738,25.5870668306474,25.5614419170025,25.3921571255997,25.3921571255997,25.4537474974415,25.5665674104186,25.6639033048348,25.6741438357205,25.669023697602,25.669023697602,25.6331755985647,25.5511901638832,25.6075621671384,25.6639033048348,25.6639033048348,25.5255563093646,25.5204287715866,25.4896581737131,25.4178242679226,25.3870229273887,25.5614419170025,25.5716926484544,25.6843833481574,25.643419186549,25.5716926484544,25.5306835914689,25.4537474974415,25.2637250847104,25.3356668224182,25.3767537609245,25.2842850136107,25.1917328656758,25.3767537609245,25.6331755985647,25.7202136256143,25.6587826573823,25.602438715738,25.6126853634517,25.5665674104186,25.5870668306474,25.4691393236678,25.5204287715866,25.5973150092137,25.6997407078597,25.5614419170025,25.5819423585322,25.4896581737131,25.5716926484544,25.6331755985647,25.6843833481574,25.6792637192269,25.7662628184848,25.5973150092137,25.7918368132263,25.6946218424375,25.7560314431445,25.7969508507036,25.7202136256143,25.669023697602,25.6485405982759,25.5460639041067,25.494787246305,25.4280893294658,25.3716187925976,25.4075581805922,25.3305297988212,25.3870229273887,25.3870229273887,25.4024247521646,25.4793992606996,25.3972910671794,25.3356668224182,25.4999160630027,25.5358106179362,25.5204287715866,25.5358106179362,25.4999160630027,25.4486163763711,25.5101729288625,25.5409373888032,25.5204287715866,25.5255563093646,25.6280534222343,25.464008971053,25.4126913524992,25.4434849990752,25.4999160630027,25.5511901638832,25.5358106179362,25.4486163763711,25.4126913524992,25.4383533655169,25.3767537609245,25.4845288451903,25.5460639041067,25.3818884725093,25.4999160630027,25.3613480855689,25.3716187925976,25.4383533655169,25.4332214756594,25.4793992606996,25.4383533655169,25.4178242679226,25.4229569268991,25.4793992606996,25.4588783623232,25.3972910671794,25.464008971053,25.4434849990752,25.3562123467933,25.5153009780981,25.3305297988212,25.6178083047144,25.5563161681696,25.5204287715866,25.7406824748218,25.7560314431445,25.8531885241579,25.9298268687038,25.9145037540644,26.0268204667242,25.9145037540644,25.8889601710514,25.9298268687038,25.7969508507036,25.9349340679388,25.9247194166704,25.8582995191601
25.4178242679226,25.3459400985342,25.2740055641272,25.2123072282184,25.1865886299367,25.1505717504272,25.4178242679226,25.4075581805922,25.4845288451903,25.5204287715866,25.4896581737131,25.5665674104186,25.5101729288625,25.4999160630027,25.494787246305,25.4793992606996,25.4742694202044,25.4537474974415,25.464008971053,25.4434849990752,25.4024247521646,25.4691393236678,25.3972910671794,25.3408035889768,25.2791454175921,25.3459400985342,25.4024247521646,25.3818884725093,25.3972910671794,25.3767537609245,25.2791454175921,25.3818884725093,25.3972910671794,25.4126913524992,25.4999160630027,25.3972910671794,25.4896581737131,25.602438715738,25.5101729288625,25.5050446238429,25.6331755985647,25.6382975199907,25.6178083047144,25.4280893294658,25.4434849990752,25.4537474974415,25.4691393236678,25.4178242679226,25.3151171854302,25.3716187925976,25.3818884725093,25.4178242679226,25.6126853634517,25.5460639041067,25.4537474974415,25.4999160630027,25.5204287715866,25.5306835914689,25.5563161681696,25.5614419170025,25.622930990963,25.6280534222343,25.5819423585322,25.5306835914689,25.5255563093646,25.5563161681696,25.5460639041067,25.5358106179362,25.4999160630027,25.1608635787557,25.4691393236678,25.5050446238429,25.5921910475291,25.5819423585322,25.4178242679226,25.3099791333095,25.3099791333095,25.3716187925976,25.3048408239653,25.2894243522202,25.3048408239653,25.3562123467933,25.4691393236678,25.4691393236678,25.5358106179362,25.5409373888032,25.4383533655169,25.494787246305,25.5460639041067,25.4999160630027,25.5973150092137,25.4691393236678,25.5768176311468,25.5716926484544,25.5716926484544,25.4075581805922,25.4793992606996,25.5358106179362,25.2997022573604,25.5101729288625,25.3664835674914,25.1711543738743,25.3151171854302,25.4229569268991,25.5563161681696,25.622930990963,25.602438715738,25.7406824748218,25.6843833481574,25.5614419170025,25.5921910475291,25.5563161681696,25.5665674104186,25.4229569268991,25.3767537609245,25.5614419170025,25.5306835914689,25.6895027225489,25.6843833481574,25.6587826573823,25.5921910475291,25.6126853634517,25.622930990963,25.622930990963,25.5153009780981,25.6536617552083,25.5306835914689,25.5358106179362,25.464008971053,25.4280893294658,25.4691393236678,25.4742694202044,25.5819423585322,25.7457990516862,25.6792637192269,25.6536617552083,25.5050446238429,25.3716187925976,25.2894243522202,25.3408035889768,25.3510763511273,25.3099791333095,25.2380193782588,25.464008971053,25.6178083047144,25.6485405982759,25.6178083047144,25.643419186549,25.6382975199907,25.5716926484544,25.5409373888032,25.7457990516862,25.5870668306474,25.5665674104186,25.5050446238429,25.5614419170025,25.5614419170025,25.5870668306474,25.6946218424375,25.5870668306474,25.5819423585322,25.5358106179362,25.5511901638832,25.5768176311468,25.5870668306474,25.7509153744483,25.7867225219738,25.8531885241579,25.7867225219738,25.7611472578112,25.5460639041067,25.6536617552083,25.6382975199907,25.5460639041067,25.3972910671794,25.4024247521646,25.4537474974415,25.4383533655169,25.4537474974415,25.3818884725093,25.4691393236678,25.4588783623232,25.4742694202044,25.4793992606996,25.622930990963,25.5306835914689,25.494787246305,25.5306835914689,25.5050446238429,25.5358106179362,25.6280534222343,25.4075581805922,25.464008971053,25.5050446238429,25.4691393236678,25.4845288451903,25.5511901638832,25.4742694202044,25.5153009780981,25.464008971053,25.5153009780981,25.3613480855689,25.4075581805922,25.3664835674914,25.464008971053,25.4075581805922,25.4999160630027,25.4229569268991,25.3767537609245,25.3870229273887,25.4024247521646,25.4229569268991,25.4486163763711,25.4896581737131,25.4486163763711,25.3459400985342,25.4383533655169,25.464008971053,25.4332214756594,25.5050446238429,25.4229569268991,25.4280893294658,25.4383533655169,25.4434849990752,25.6075621671384,25.4332214756594,25.5716926484544,25.6382975199907,25.6280534222343,26.0013046697413,25.9451477081579,25.9349340679388,26.0370250204644,25.9042870798318,25.8787409664887,25.9093955434194,25.9400410144115,25.868520749288,25.9247194166704,25.9400410144115
25.0990971001769,25.2637250847104,25.0836496611589,25.0939482126385,25.1299849929454,25.1505717504272,25.3716187925976,25.3972910671794,25.5101729288625,25.4896581737131,25.494787246305,25.4793992606996,25.5255563093646,25.3921571255997,25.4742694202044,25.4383533655169,25.4896581737131,25.5306835914689,25.5819423585322,25.5563161681696,25.4024247521646,25.4691393236678,25.4229569268991,25.4024247521646,25.3613480855689,25.3921571255997,25.3972910671794,25.3305297988212,25.2740055641272,25.4126913524992,25.3870229273887,25.4178242679226,25.4229569268991,25.4075581805922,25.464008971053,25.5101729288625,25.4332214756594,25.5358106179362,25.6126853634517,25.5973150092137,25.5614419170025,25.5921910475291,25.7253312192514,25.5358106179362,25.3972910671794,25.4742694202044,25.5306835914689,25.4793992606996,25.2688654531791,25.5153009780981,25.3921571255997,25.4999160630027,25.5358106179362,25.3921571255997,25.4588783623232,25.3870229273887,25.5153009780981,25.5716926484544,25.494787246305,25.4793992606996,25.4383533655169,25.5870668306474,25.6331755985647,25.5768176311468,25.4793992606996,25.5511901638832,25.4742694202044,25.3562123467933,25.3510763511273,25.3048408239653,25.4793992606996,25.4999160630027,25.4742694202044,25.4383533655169,25.4383533655169,25.3099791333095,25.3870229273887,25.2842850136107,25.3305297988212,25.5409373888032,25.4537474974415,25.3613480855689,25.3870229273887,25.5563161681696,25.5460639041067,25.4896581737131,25.4383533655169,25.5101729288625,25.5665674104186,25.5255563093646,25.4999160630027,25.5716926484544,25.5819423585322,25.464008971053,25.5870668306474,25.5819423585322,25.5358106179362,25.5716926484544,25.5255563093646,25.5101729288625,25.494787246305,25.2791454175921,25.4537474974415,25.3664835674914,25.2791454175921,25.4691393236678,25.669023697602,25.5255563093646,25.5768176311468,25.6075621671384,25.5101729288625,25.5870668306474,25.5409373888032,25.3716187925976,25.5358106179362,25.5716926484544,25.5563161681696,25.6639033048348,25.6178083047144,25.602438715738,25.5768176311468,25.5973150092137,25.6126853634517,25.5973150092137,25.5153009780981,25.5153009780981,25.5870668306474,25.4229569268991,25.3818884725093,25.4229569268991,25.5358106179362,25.5460639041067,25.6178083047144,25.6126853634517,25.5870668306474,25.669023697602,25.5153009780981,25.4486163763711,25.4486163763711,25.2894243522202,25.3562123467933,25.3613480855689,25.3613480855689,25.3870229273887,25.622930990963,25.715095777693,25.6126853634517,25.6331755985647,25.6639033048348,25.5511901638832,25.5716926484544,25.7611472578112,25.7304485586408,25.6331755985647,25.7304485586408,25.622930990963,25.5973150092137,25.5973150092137,25.6075621671384,25.5358106179362,25.622930990963,25.5306835914689,25.5563161681696,25.5255563093646,25.5511901638832,25.6382975199907,25.6075621671384,25.7969508507036,25.7662628184848,25.622930990963,25.602438715738,25.5716926484544,25.6126853634517,25.5563161681696,25.5511901638832,25.5358106179362,25.4588783623232,25.5460639041067,25.4896581737131,25.3767537609245,25.3818884725093,25.3972910671794,25.494787246305,25.5460639041067,25.6639033048348,25.5460639041067,25.5460639041067,25.5306835914689,25.5306835914689,25.464008971053,25.5870668306474,25.494787246305,25.5409373888032,25.5563161681696,25.5511901638832,25.4229569268991,25.5409373888032,25.5255563093646,25.5306835914689,25.5204287715866,25.4383533655169,25.4486163763711,25.4845288451903,25.4280893294658,25.3613480855689,25.5358106179362,25.4332214756594,25.5306835914689,25.5306835914689,25.4588783623232,25.3972910671794,25.4691393236678,25.4588783623232,25.4537474974415,25.3767537609245,25.325392518149,25.4383533655169,25.4845288451903,25.4383533655169,25.5101729288625,25.4742694202044,25.4434849990752,25.5358106179362,25.5614419170025,25.6075621671384,25.5204287715866,25.5768176311468,25.7764931779977,25.7918368132263,25.9553603376162,25.9451477081579,25.9655719566022,26.0370250204644,25.9553603376162,26.0115117451654,26.016614904526,25.9145037540644,25.9349340679388,25.9655719566022,25.9298268687038
25.0527477928007,25.2123072282184,25.1762993840732,25.1351320700124,25.0939482126385,24.9651418204509,25.1814441360816,25.3613480855689,25.5050446238429,25.5358106179362,25.5050446238429,25.4126913524992,25.4742694202044,25.464008971053,25.464008971053,25.5204287715866,25.4537474974415,25.3716187925976,25.4588783623232,25.5153009780981,25.5255563093646,25.5306835914689,25.4126913524992,25.5306835914689,25.3767537609245,25.3613480855689,25.325392518149,25.2740055641272,25.3202549803643,25.2791454175921,25.4486163763711,25.3664835674914,25.2791454175921,25.4280893294658,25.4486163763711,25.5768176311468,25.5511901638832,25.6126853634517,25.5153009780981,25.6741438357205,25.5921910475291,25.5921910475291,25.6178083047144,25.6792637192269,25.5665674104186,25.4537474974415,25.3972910671794,25.4383533655169,25.464008971053,25.3818884725093,25.3767537609245,25.3664835674914,25.5460639041067,25.3972910671794,25.2997022573604,25.3870229273887,25.5409373888032,25.5306835914689,25.5153009780981,25.4332214756594,25.4383533655169,25.5050446238429,25.5716926484544,25.6331755985647,25.5563161681696,25.5819423585322,25.4691393236678,25.4691393236678,25.2534435750629,25.464008971053,25.494787246305,25.3048408239653,25.3305297988212,25.4537474974415,25.3921571255997,25.4537474974415,25.4024247521646,25.4588783623232,25.5665674104186,25.4434849990752,25.5563161681696,25.4024247521646,25.3562123467933,25.5409373888032,25.5716926484544,25.4486163763711,25.4383533655169,25.5511901638832,25.5358106179362,25.5716926484544,25.5973150092137,25.6382975199907,25.6178083047144,25.5870668306474,25.6639033048348,25.5819423585322,25.6639033048348,25.5819423585322,25.5870668306474,25.3664835674914,25.4896581737131,25.494787246305,25.4486163763711,25.5306835914689,25.4486163763711,25.5819423585322,25.6126853634517,25.5050446238429,25.643419186549,25.6280534222343,25.5306835914689,25.5819423585322,25.5768176311468,25.4126913524992,25.5409373888032,25.4588783623232,25.6997407078597,25.7611472578112,25.6741438357205,25.6895027225489,25.7099776754511,25.6997407078597,25.715095777693,25.6895027225489,25.5460639041067,25.494787246305,25.5306835914689,25.464008971053,25.4742694202044,25.5050446238429,25.4793992606996,25.5870668306474,25.6331755985647,25.6997407078597,25.6997407078597,25.6997407078597,25.5716926484544,25.4845288451903,25.4742694202044,25.4332214756594,25.3972910671794,25.3818884725093,25.3099791333095,25.3767537609245,25.5819423585322,25.6485405982759,25.6536617552083,25.5255563093646,25.464008971053,25.4588783623232,25.4793992606996,25.7099776754511,25.6178083047144,25.7560314431445,25.7355656438188,25.5563161681696,25.7304485586408,25.7713781252015,25.6843833481574,25.6639033048348,25.602438715738,25.4486163763711,25.4486163763711,25.5563161681696,25.4229569268991,25.5255563093646,25.5306835914689,25.7969508507036,25.7611472578112,25.6126853634517,25.622930990963,25.5819423585322,25.6331755985647,25.5973150092137,25.6639033048348,25.5306835914689,25.5563161681696,25.5460639041067,25.5511901638832,25.5358106179362,25.3870229273887,25.4178242679226,25.4742694202044,25.5306835914689,25.4845288451903,25.4742694202044,25.5511901638832,25.5204287715866,25.4742694202044,25.5101729288625,25.4793992606996,25.4845288451903,25.4845288451903,25.5460639041067,25.4434849990752,25.5050446238429,25.4434849990752,25.4280893294658,25.4691393236678,25.4691393236678,25.4793992606996,25.4434849990752,25.5409373888032,25.4742694202044,25.4434849990752,25.5306835914689,25.5306835914689,25.4742694202044,25.494787246305,25.464008971053,25.4126913524992,25.4178242679226,25.3716187925976,25.4280893294658,25.4742694202044,25.4434849990752,25.4229569268991,25.4332214756594,25.5255563093646,25.5101729288625,25.5409373888032,25.5409373888032,25.5460639041067,25.5716926484544,25.4486163763711,25.494787246305,25.5511901638832,25.5819423585322,25.8327420103839,25.8276297483179,25.9604662734002,25.985992164309,25.9349340679388,25.9808874910754,25.9808874910754,25.9400410144115,25.9349340679388,25.9145037540644,25.9349340679388,25.9553603376162
25.2328774638867,25.258584458684,25.3099791333095,25.1711543738743,24.9032571289301,24.8155229994525,25.0527477928007,25.3099791333095,25.5358106179362,25.6331755985647,25.5153009780981,25.494787246305,25.5101729288625,25.4742694202044,25.4793992606996,25.464008971053,25.5716926484544,25.494787246305,25.3921571255997,25.3664835674914,25.4999160630027,25.5563161681696,25.6536617552083,25.643419186549,25.4999160630027,25.3664835674914,25.4075581805922,25.4434849990752,25.3202549803643,25.2894243522202,25.2894243522202,25.3972910671794,25.5153009780981,25.3921571255997,25.5563161681696,25.5768176311468,25.4075581805922,25.4845288451903,25.4793992606996,25.602438715738,25.5921910475291,25.6587826573823,25.602438715738,25.6280534222343,25.6485405982759,25.4434849990752,25.4332214756594,25.4896581737131,25.4126913524992,25.3767537609245,25.3716187925976,25.2380193782588,25.4229569268991,25.3664835674914,25.1865886299367,25.3818884725093,25.4383533655169,25.5768176311468,25.5101729288625,25.4742694202044,25.4742694202044,25.5563161681696,25.5768176311468,25.5204287715866,25.4691393236678,25.5204287715866,25.5716926484544,25.4332214756594,25.3870229273887,25.5460639041067,25.4999160630027,25.2483024338098,25.4999160630027,25.6536617552083,25.464008971053,25.5358106179362,25.4588783623232,25.3818884725093,25.3972910671794,25.5716926484544,25.5665674104186,25.4434849990752,25.4383533655169,25.4434849990752,25.5255563093646,25.494787246305,25.4280893294658,25.5306835914689,25.5306835914689,25.5921910475291,25.5973150092137,25.6126853634517,25.602438715738,25.7099776754511,25.715095777693,25.5973150092137,25.5819423585322,25.7457990516862,25.5511901638832,25.494787246305,25.5511901638832,25.5665674104186,25.4383533655169,25.4999160630027,25.6536617552083,25.5563161681696,25.5511901638832,25.4229569268991,25.5614419170025,25.6997407078597,25.6178083047144,25.5665674104186,25.6280534222343,25.5563161681696,25.5819423585322,25.3613480855689,25.7048593188521,25.5819423585322,25.6382975199907,25.6639033048348,25.6997407078597,25.715095777693,25.715095777693,25.6536617552083,25.5255563093646,25.5921910475291,25.5716926484544,25.4845288451903,25.4845288451903,25.4588783623232,25.4793992606996,25.5204287715866,25.7355656438188,25.669023697602,25.6485405982759,25.602438715738,25.6331755985647,25.4999160630027,25.4845288451903,25.4178242679226,25.3305297988212,25.2945634334578,25.258584458684,25.4126913524992,25.3356668224182,25.6280534222343,25.5204287715866,25.5050446238429,25.4896581737131,25.5614419170025,25.5768176311468,25.5768176311468,25.6280534222343,25.7099776754511,25.6382975199907,25.5921910475291,25.6485405982759,25.7355656438188,25.7406824748218,25.6639033048348,25.6997407078597,25.5358106179362,25.6075621671384,25.5563161681696,25.5870668306474,25.5358106179362,25.5460639041067,25.8020646344419,25.6075621671384,25.5614419170025,25.6843833481574,25.7355656438188,25.6997407078597,25.868520749288,25.5973150092137,25.5358106179362,25.4434849990752,25.5665674104186,25.5204287715866,25.3870229273887,25.4178242679226,25.5153009780981,25.4537474974415,25.4999160630027,25.5050446238429,25.5358106179362,25.4999160630027,25.5614419170025,25.494787246305,25.5409373888032,25.5665674104186,25.5511901638832,25.5255563093646,25.5511901638832,25.5665674104186,25.4434849990752,25.5153009780981,25.5050446238429,25.5050446238429,25.4486163763711,25.4742694202044,25.3767537609245,25.4691393236678,25.3613480855689,25.602438715738,25.5563161681696,25.5511901638832,25.494787246305,25.4383533655169,25.5716926484544,25.4178242679226,25.464008971053,25.3972910671794,25.4383533655169,25.4742694202044,25.4332214756594,25.4434849990752,25.4845288451903,25.4178242679226,25.5050446238429,25.4178242679226,25.5563161681696,25.5409373888032,25.6587826573823,25.7304485586408,25.5921910475291,25.6126853634517,25.6280534222343,25.8020646344419,25.9451477081579,25.9757825654037,25.8480772758155,25.9910965851406,26.016614904526,25.9757825654037,25.9400410144115,26.0472285660339,25.9298268687038,25.9298268687038,26.0727330210948
24.9702971889533,25.0630494515398,25.1351320700124,24.954830304227,24.9754522977662,24.9599861922213,25.1968768433364,25.3870229273887,25.2071640245704,25.4229569268991,25.5050446238429,25.4896581737131,25.4332214756594,25.5563161681696,25.494787246305,25.464008971053,25.5716926484544,25.5409373888032,25.4332214756594,25.3664835674914,25.4383533655169,25.5511901638832,25.5153009780981,25.6587826573823,25.4896581737131,25.5768176311468,25.4588783623232,25.0784999971428,25.4126913524992,25.258584458684,25.4229569268991,25.4434849990752,25.4229569268991,25.3716187925976,25.4588783623232,25.3562123467933,25.3972910671794,25.4332214756594,25.4588783623232,25.5409373888032,25.6843833481574,25.643419186549,25.5358106179362,25.602438715738,25.5819423585322,25.5665674104186,25.5716926484544,25.4999160630027,25.4332214756594,25.2483024338098,25.2997022573604,25.3972910671794,25.3562123467933,25.3151171854302,25.2174501739369,25.3818884725093,25.3870229273887,25.4896581737131,25.4434849990752,25.5563161681696,25.4999160630027,25.5306835914689,25.5153009780981,25.5973150092137,25.1968768433364,25.0990971001769,25.2071640245704,25.4126913524992,25.4896581737131,25.5870668306474,25.494787246305,25.2225928617629,25.3459400985342,25.494787246305,25.5306835914689,25.4793992606996,25.3767537609245,25.2020205629554,25.3664835674914,25.5614419170025,25.5665674104186,25.5819423585322,25.4588783623232,25.464008971053,25.4486163763711,25.5665674104186,25.643419186549,25.5255563093646,25.5870668306474,25.494787246305,25.6178083047144,25.7304485586408,25.7048593188521,25.6126853634517,25.6843833481574,25.7253312192514,25.7304485586408,25.6280534222343,25.602438715738,25.5204287715866,25.7816079769097,25.6741438357205,25.5716926484544,25.5101729288625,25.6587826573823,25.5665674104186,25.5870668306474,25.4999160630027,25.4742694202044,25.5921910475291,25.7253312192514,25.6792637192269,25.5716926484544,25.5358106179362,25.6639033048348,25.5614419170025,25.5716926484544,25.669023697602,25.5768176311468,25.8276297483179,25.5870668306474,25.6536617552083,25.669023697602,25.5819423585322,25.5409373888032,25.5511901638832,25.4691393236678,25.5768176311468,25.4999160630027,25.3921571255997,25.5255563093646,25.6741438357205,25.6280534222343,25.6997407078597,25.6997407078597,25.6997407078597,25.5768176311468,25.4434849990752,25.3818884725093,25.4434849990752,25.3562123467933,25.4486163763711,25.4332214756594,25.3562123467933,25.4178242679226,25.4896581737131,25.4896581737131,25.4793992606996,25.4280893294658,25.4793992606996,25.6075621671384,25.5409373888032,25.6997407078597,25.7253312192514,25.6382975199907,25.5921910475291,25.622930990963,25.7253312192514,25.7509153744483,25.643419186549,25.7406824748218,25.6895027225489,25.6639033048348,25.6792637192269,25.669023697602,25.5973150092137,25.5409373888032,25.6536617552083,25.6126853634517,25.5973150092137,25.6843833481574,25.7253312192514,25.8787409664887,25.643419186549,25.6382975199907,25.5563161681696,25.5409373888032,25.5511901638832,25.5921910475291,25.5306835914689,25.3921571255997,25.5306835914689,25.4588783623232,25.5101729288625,25.5101729288625,25.5306835914689,25.5409373888032,25.4793992606996,25.4896581737131,25.5460639041067,25.6280534222343,25.5050446238429,25.5768176311468,25.5306835914689,25.5255563093646,25.4999160630027,25.622930990963,25.5306835914689,25.4383533655169,25.4691393236678,25.4896581737131,25.4845288451903,25.5716926484544,25.4383533655169,25.3716187925976,25.5460639041067,25.5511901638832,25.4383533655169,25.5870668306474,25.5665674104186,25.4845288451903,25.3972910671794,25.4024247521646,25.4742694202044,25.4588783623232,25.4434849990752,25.4383533655169,25.4434849990752,25.5050446238429,25.4229569268991,25.5306835914689,25.5511901638832,25.5511901638832,25.7202136256143,25.5665674104186,25.5614419170025,25.5563161681696,25.6895027225489,25.8071781644774,25.9502541492142,25.985992164309,25.9451477081579,26.0013046697413,25.996200753606,26.0115117451654,25.9655719566022,25.9400410144115,26.1186251803434,26.0472285660339,25.9604662734002
24.9909160664447,25.0424450977087,25.0372933614365,24.9445177487934,24.918731811688,24.9754522977662,25.2020205629554,25.2997022573604,25.3099791333095,25.4280893294658,25.4742694202044,25.5101729288625,25.4845288451903,25.4742694202044,25.4793992606996,25.5819423585322,25.4691393236678,25.5358106179362,25.4793992606996,25.5511901638832,25.5563161681696,25.5306835914689,25.4332214756594,25.6792637192269,25.5101729288625,25.494787246305,25.4793992606996,25.2431610348875,25.464008971053,25.4332214756594,25.4434849990752,25.5921910475291,25.4383533655169,25.4229569268991,25.4434849990752,25.3921571255997,25.2688654531791,25.2071640245704,25.1454254487159,25.494787246305,25.6946218424375,25.669023697602,25.5921910475291,25.669023697602,25.5921910475291,25.5358106179362,25.6382975199907,25.6331755985647,25.4537474974415,25.3972910671794,25.4383533655169,25.4588783623232,25.4537474974415,25.4332214756594,25.4332214756594,25.2020205629554,25.3459400985342,25.5563161681696,25.6331755985647,25.622930990963,25.6639033048348,25.6536617552083,25.5101729288625,25.622930990963,25.3972910671794,25.0990971001769,25.0939482126385,25.2842850136107,25.669023697602,25.6587826573823,25.4793992606996,25.4075581805922,25.5050446238429,25.5563161681696,25.6587826573823,25.464008971053,25.4178242679226,25.2740055641272,25.5460639041067,25.6178083047144,25.5973150092137,25.6280534222343,25.4486163763711,25.602438715738,25.5819423585322,25.602438715738,25.5870668306474,25.6126853634517,25.5511901638832,25.6843833481574,25.602438715738,25.6126853634517,25.7048593188521,25.7253312192514,25.6997407078597,25.7304485586408,25.7202136256143,25.6946218424375,25.6639033048348,25.6843833481574,25.5870668306474,25.6331755985647,25.5768176311468,25.4896581737131,25.643419186549,25.602438715738,25.5409373888032,25.5204287715866,25.464008971053,25.5614419170025,25.5614419170025,25.6382975199907,25.4999160630027,25.5614419170025,25.6741438357205,25.7355656438188,25.7253312192514,25.643419186549,25.5511901638832,25.7099776754511,25.5563161681696,25.5716926484544,25.5716926484544,25.669023697602,25.6280534222343,25.4383533655169,25.4486163763711,25.5614419170025,25.602438715738,25.5101729288625,25.6178083047144,25.5716926484544,25.669023697602,25.6178083047144,25.622930990963,25.7099776754511,25.6639033048348,25.6075621671384,25.4999160630027,25.4588783623232,25.4126913524992,25.3048408239653,25.4024247521646,25.4332214756594,25.3664835674914,25.4075581805922,25.4588783623232,25.4537474974415,25.4280893294658,25.5358106179362,25.643419186549,25.4845288451903,25.6536617552083,25.5870668306474,25.6075621671384,25.4588783623232,25.6126853634517,25.6946218424375,25.6280534222343,25.6485405982759,25.643419186549,25.622930990963,25.6178083047144,25.5665674104186,25.6587826573823,25.669023697602,25.6485405982759,25.7202136256143,25.6178083047144,25.6382975199907,25.5973150092137,25.7611472578112,25.6792637192269,25.7560314431445,25.7560314431445,25.7509153744483,25.5511901638832,25.5665674104186,25.4742694202044,25.3562123467933,25.5358106179362,25.5460639041067,25.5204287715866,25.7560314431445,25.5306835914689,25.5153009780981,25.6075621671384,25.5665674104186,25.5665674104186,25.602438715738,25.5870668306474,25.5921910475291,25.602438715738,25.6178083047144,25.5870668306474,25.5101729288625,25.6075621671384,25.6382975199907,25.5460639041067,25.5614419170025,25.6382975199907,25.4845288451903,25.4332214756594,25.494787246305,25.4537474974415,25.602438715738,25.5973150092137,25.6280534222343,25.494787246305,25.4383533655169,25.4896581737131,25.5511901638832,25.4793992606996,25.4486163763711,25.5716926484544,25.4742694202044,25.5768176311468,25.5511901638832,25.4742694202044,25.5511901638832,25.5511901638832,25.5409373888032,25.5460639041067,25.5973150092137,25.602438715738,25.5563161681696,25.5665674104186,25.7713781252015,25.7816079769097,25.9502541492142,25.9145037540644,26.0370250204644,25.996200753606,25.9093955434194,25.9910965851406,25.9655719566022,25.9145037540644,25.9502541492142,26.0268204667242,25.9706773872579
25.0733500742259,24.8206859153626,24.6967038696157,24.954830304227,25.0681998923707,24.9806071469274,25.2123072282184,25.2997022573604,25.0990971001769,25.4024247521646,25.5358106179362,25.5358106179362,25.5460639041067,25.4178242679226,25.6280534222343,25.6075621671384,25.4793992606996,25.5306835914689,25.6331755985647,25.5153009780981,25.494787246305,25.494787246305,25.5409373888032,25.5358106179362,25.4896581737131,25.4691393236678,25.4793992606996,25.4588783623232,25.4280893294658,25.4588783623232,25.4537474974415,25.4537474974415,25.4075581805922,25.3818884725093,25.4434849990752,25.4793992606996,25.4434849990752,25.124837657352,25.1505717504272,25.4075581805922,25.5511901638832,25.5819423585322,25.6280534222343,25.602438715738,25.6997407078597,25.5716926484544,25.5460639041067,25.4383533655169,25.5460639041067,25.4537474974415,25.6382975199907,25.5460639041067,25.4280893294658,25.3202549803643,25.5153009780981,25.3202549803643,25.3151171854302,25.5204287715866,25.6382975199907,25.6946218424375,25.5358106179362,25.5153009780981,25.4793992606996,25.3356668224182,25.2534435750629,25.3151171854302,25.2431610348875,25.6485405982759,25.6895027225489,25.6536617552083,25.622930990963,25.4383533655169,25.4896581737131,25.5358106179362,25.4486163763711,25.4383533655169,25.3972910671794,25.5050446238429,25.4075581805922,25.622930990963,25.4691393236678,25.3510763511273,25.602438715738,25.5050446238429,25.5409373888032,25.5358106179362,25.5153009780981,25.7202136256143,25.6178083047144,25.4845288451903,25.5511901638832,25.5921910475291,25.7048593188521,25.7918368132263,25.7048593188521,25.6331755985647,25.6280534222343,25.7253312192514,25.6843833481574,25.6741438357205,25.6997407078597,25.5819423585322,25.5819423585322,25.6485405982759,25.6485405982759,25.6280534222343,25.7304485586408,25.5768176311468,25.5563161681696,25.4588783623232,25.5204287715866,25.622930990963,25.5716926484544,25.5306835914689,25.5819423585322,25.5973150092137,25.6382975199907,25.4280893294658,25.5716926484544,25.5665674104186,25.5563161681696,25.5665674104186,25.6639033048348,25.5819423585322,25.5921910475291,25.5409373888032,25.5665674104186,25.5768176311468,25.4793992606996,25.5358106179362,25.5358106179362,25.622930990963,25.5511901638832,25.5665674104186,25.643419186549,25.6331755985647,25.643419186549,25.6280534222343,25.6382975199907,25.4691393236678,25.4075581805922,25.2483024338098,25.3921571255997,25.4178242679226,25.3818884725093,25.464008971053,25.3716187925976,25.4332214756594,25.4742694202044,25.5511901638832,25.5665674104186,25.669023697602,25.6382975199907,25.5921910475291,25.4537474974415,25.4691393236678,25.3408035889768,25.5358106179362,25.4537474974415,25.602438715738,25.622930990963,25.6485405982759,25.6382975199907,25.6382975199907,25.6895027225489,25.6075621671384,25.6178083047144,25.7457990516862,25.7509153744483,25.7202136256143,25.5973150092137,25.7099776754511,25.7509153744483,25.7509153744483,25.7560314431445,25.7560314431445,25.669023697602,25.5511901638832,25.464008971053,25.5204287715866,25.5306835914689,25.5204287715866,25.5306835914689,25.5306835914689,25.5460639041067,25.6536617552083,25.5306835914689,25.4845288451903,25.5870668306474,25.5665674104186,25.5870668306474,25.5973150092137,25.6895027225489,25.5768176311468,25.6331755985647,25.622930990963,25.6741438357205,25.622930990963,25.5101729288625,25.5153009780981,25.4896581737131,25.494787246305,25.5101729288625,25.5563161681696,25.5665674104186,25.5409373888032,25.6331755985647,25.622930990963,25.4742694202044,25.5101729288625,25.4691393236678,25.5050446238429,25.5409373888032,25.4691393236678,25.4588783623232,25.4588783623232,25.5511901638832,25.5665674104186,25.5460639041067,25.5358106179362,25.6178083047144,25.6126853634517,25.5665674104186,25.5511901638832,25.5409373888032,25.5768176311468,25.6792637192269,25.7457990516862,25.9502541492142,25.8378540189647,26.0268204667242,25.9604662734002,26.016614904526,26.0217178117003,25.985992164309,26.0829330403271,26.0523299608444,26.0472285660339,25.9349340679388,25.9298268687038
24.9496741564303,25.0115307913128,24.8464965838976,25.2534435750629,25.1505717504272,25.1145422104357,25.1865886299367,24.8980983810354,25.0321413659635,25.2688654531791,25.5255563093646,25.4588783623232,25.5153009780981,25.5563161681696,25.4742694202044,25.5204287715866,25.643419186549,25.5716926484544,25.5101729288625,25.494787246305,25.5409373888032,25.4896581737131,25.5050446238429,25.494787246305,25.4999160630027,25.4486163763711,25.4383533655169,25.4691393236678,25.3408035889768,25.3408035889768,25.3510763511273,25.4691393236678,25.4024247521646,25.4280893294658,25.2997022573604,25.4434849990752,25.3613480855689,25.3151171854302,25.2328774638867,25.4229569268991,25.5306835914689,25.602438715738,25.4691393236678,25.6126853634517,25.7918368132263,25.5768176311468,25.5255563093646,25.4742694202044,25.6126853634517,25.6587826573823,25.6639033048348,25.622930990963,25.5819423585322,25.2945634334578,25.3151171854302,25.494787246305,25.3356668224182,25.4486163763711,25.5050446238429,25.7202136256143,25.5460639041067,25.4999160630027,25.3972910671794,25.3305297988212,25.2483024338098,25.2071640245704,25.4075581805922,25.6587826573823,25.6587826573823,25.5870668306474,25.6536617552083,25.5358106179362,25.4845288451903,25.3818884725093,25.4793992606996,25.4537474974415,25.3767537609245,25.4742694202044,25.4332214756594,25.5101729288625,25.5768176311468,25.4793992606996,25.5716926484544,25.5716926484544,25.5563161681696,25.5563161681696,25.5204287715866,25.5204287715866,25.5255563093646,25.6178083047144,25.602438715738,25.6331755985647,25.7048593188521,25.7202136256143,25.7099776754511,25.622930990963,25.6587826573823,25.6331755985647,25.6895027225489,25.6485405982759,25.7304485586408,25.5921910475291,25.6075621671384,25.6485405982759,25.6639033048348,25.6639033048348,25.6792637192269,25.7611472578112,25.7304485586408,25.4434849990752,25.5255563093646,25.5255563093646,25.5716926484544,25.5768176311468,25.5716926484544,25.5255563093646,25.494787246305,25.4999160630027,25.5716926484544,25.4383533655169,25.494787246305,25.5563161681696,25.622930990963,25.6485405982759,25.5358106179362,25.4896581737131,25.5306835914689,25.4742694202044,25.5306835914689,25.4999160630027,25.5409373888032,25.4434849990752,25.5819423585322,25.5973150092137,25.6997407078597,25.7048593188521,25.6075621671384,25.4742694202044,25.4126913524992,25.4229569268991,25.2688654531791,25.3305297988212,25.4075581805922,25.4332214756594,25.4178242679226,25.4332214756594,25.3613480855689,25.4126913524992,25.5358106179362,25.6178083047144,25.602438715738,25.5870668306474,25.602438715738,25.5204287715866,25.5153009780981,25.4845288451903,25.6075621671384,25.5870668306474,25.5204287715866,25.5409373888032,25.6792637192269,25.5819423585322,25.6741438357205,25.6536617552083,25.6536617552083,25.6382975199907,25.6485405982759,25.7560314431445,25.8122914408466,25.6843833481574,25.715095777693,25.6997407078597,25.7253312192514,25.7560314431445,25.6843833481574,25.6075621671384,25.7611472578112,25.5973150092137,25.5306835914689,25.6075621671384,25.5665674104186,25.5358106179362,25.6331755985647,25.5358106179362,25.5255563093646,25.5563161681696,25.494787246305,25.4537474974415,25.5255563093646,25.5511901638832,25.5921910475291,25.6178083047144,25.5973150092137,25.602438715738,25.622930990963,25.6075621671384,25.5101729288625,25.5153009780981,25.5255563093646,25.4999160630027,25.5153009780981,25.5716926484544,25.6485405982759,25.5665674104186,25.5050446238429,25.5101729288625,25.5306835914689,25.6382975199907,25.5255563093646,25.4691393236678,25.622930990963,25.4845288451903,25.5768176311468,25.4742694202044,25.494787246305,25.4434849990752,25.4126913524992,25.3972910671794,25.4691393236678,25.5460639041067,25.5409373888032,25.5306835914689,25.5768176311468,25.6639033048348,25.6382975199907,25.5563161681696,25.6895027225489,25.9706773872579,25.985992164309,26.0064083335824,26.0472285660339,26.0421269192526,25.985992164309,26.0064083335824,26.0421269192526,25.9757825654037,26.0421269192526,25.9247194166704,26.0115117451654,25.9757825654037
25.2791454175921,25.0527477928007,25.2945634334578,25.3870229273887,25.2123072282184,25.124837657352,24.954830304227,24.918731811688,25.0733500742259,25.4229569268991,25.4178242679226,25.2637250847104,25.4434849990752,25.5665674104186,25.6792637192269,25.5050446238429,25.5768176311468,25.6792637192269,25.5101729288625,25.5255563093646,25.5511901638832,25.4691393236678,25.6485405982759,25.494787246305,25.4229569268991,25.5153009780981,25.4280893294658,25.4486163763711,25.4896581737131,25.4742694202044,25.3767537609245,25.1711543738743,25.1660091054476,25.0836496611589,25.1196900631945,25.2123072282184,25.2071640245704,25.3099791333095,25.3408035889768,25.3151171854302,25.5563161681696,25.5973150092137,25.5614419170025,25.6280534222343,25.643419186549,25.5306835914689,25.4742694202044,25.5563161681696,25.6126853634517,25.8991783632653,25.8889601710514,25.6382975199907,25.715095777693,25.6587826573823,25.5204287715866,25.4434849990752,25.4793992606996,25.3305297988212,25.5153009780981,25.4793992606996,25.5101729288625,25.4896581737131,25.4075581805922,25.4486163763711,25.4332214756594,25.4537474974415,25.643419186549,25.6536617552083,25.643419186549,25.7048593188521,25.643419186549,25.3818884725093,25.5819423585322,25.2997022573604,25.4588783623232,25.494787246305,25.3870229273887,25.4793992606996,25.6178083047144,25.6126853634517,25.7662628184848,25.4742694202044,25.4793992606996,25.4845288451903,25.4178242679226,25.4691393236678,25.5255563093646,25.5819423585322,25.5819423585322,25.5050446238429,25.6126853634517,25.669023697602,25.7867225219738,25.6946218424375,25.6741438357205,25.7253312192514,25.7713781252015,25.7048593188521,25.6587826573823,25.6331755985647,25.7099776754511,25.643419186549,25.7406824748218,25.6895027225489,25.6587826573823,25.6536617552083,25.7253312192514,25.7457990516862,25.7304485586408,25.715095777693,25.6997407078597,25.5306835914689,25.6485405982759,25.6331755985647,25.7304485586408,25.7253312192514,25.6126853634517,25.4999160630027,25.5306835914689,25.5255563093646,25.3562123467933,25.3356668224182,25.494787246305,25.5973150092137,25.6587826573823,25.5358106179362,25.6126853634517,25.4742694202044,25.4845288451903,25.464008971053,25.4691393236678,25.4332214756594,25.4793992606996,25.6075621671384,25.6331755985647,25.6331755985647,25.5921910475291,25.5716926484544,25.4229569268991,25.4178242679226,25.4229569268991,25.3202549803643,25.4434849990752,25.494787246305,25.3921571255997,25.464008971053,25.3921571255997,25.3664835674914,25.5101729288625,25.6178083047144,25.6485405982759,25.5204287715866,25.5153009780981,25.5101729288625,25.5409373888032,25.4588783623232,25.5460639041067,25.622930990963,25.6946218424375,25.7304485586408,25.6075621671384,25.6382975199907,25.7560314431445,25.6331755985647,25.7662628184848,25.7713781252015,25.7713781252015,25.8480772758155,25.8020646344419,25.8531885241579,25.7764931779977,25.7355656438188,25.7662628184848,25.7202136256143,25.6741438357205,25.669023697602,25.7457990516862,25.6587826573823,25.5614419170025,25.5716926484544,25.5409373888032,25.5409373888032,25.6895027225489,25.6843833481574,25.6382975199907,25.6639033048348,25.5101729288625,25.4896581737131,25.4999160630027,25.5409373888032,25.6178083047144,25.7457990516862,25.5973150092137,25.6843833481574,25.6792637192269,25.602438715738,25.6536617552083,25.6178083047144,25.6178083047144,25.6639033048348,25.5716926484544,25.6639033048348,25.643419186549,25.5358106179362,25.4999160630027,25.5665674104186,25.5255563093646,25.5204287715866,25.4999160630027,25.5153009780981,25.6126853634517,25.4999160630027,25.4588783623232,25.5204287715866,25.5614419170025,25.4537474974415,25.494787246305,25.4434849990752,25.5153009780981,25.5409373888032,25.6280534222343,25.5921910475291,25.5153009780981,25.4537474974415,25.4999160630027,25.6741438357205,25.7202136256143,25.8174044635856,25.9553603376162,26.0370250204644,26.0676326338092,26.0676326338092,26.0217178117003,26.0727330210948,25.9910965851406,26.1186251803434,25.8991783632653,25.9042870798318,25.9145037540644,25.9196117118026
25.4434849990752,25.3870229273887,25.5050446238429,25.325392518149,25.2740055641272,25.1093940990381,25.1042457289643,24.9084156166453,25.124837657352,25.3202549803643,25.3048408239653,25.325392518149,25.4742694202044,25.4588783623232,25.5511901638832,25.4845288451903,25.5409373888032,25.8122914408466,25.5511901638832,25.5870668306474,25.5614419170025,25.5870668306474,25.4383533655169,25.3972910671794,25.4280893294658,25.4178242679226,25.4332214756594,25.3972910671794,25.4793992606996,25.4691393236678,25.3818884725093,25.2431610348875,25.1814441360816,25.2791454175921,25.1762993840732,25.1814441360816,25.1968768433364,25.3921571255997,25.3408035889768,25.3664835674914,25.4588783623232,25.4999160630027,25.4588783623232,25.5204287715866,25.5204287715866,25.5358106179362,25.5101729288625,25.4999160630027,25.5614419170025,25.6331755985647,25.7253312192514,25.669023697602,25.5921910475291,25.5409373888032,25.4537474974415,25.5101729288625,25.464008971053,25.4588783623232,25.5050446238429,25.2225928617629,25.3972910671794,25.3510763511273,25.2020205629554,25.2328774638867,25.3921571255997,25.6331755985647,25.6536617552083,25.5563161681696,25.5306835914689,25.6587826573823,25.3613480855689,25.4280893294658,25.3818884725093,25.2328774638867,25.2791454175921,25.3048408239653,25.5153009780981,25.494787246305,25.464008971053,25.4793992606996,25.6075621671384,25.4486163763711,25.464008971053,25.4845288451903,25.4999160630027,25.5255563093646,25.5870668306474,25.5563161681696,25.4896581737131,25.5973150092137,25.5973150092137,25.643419186549,25.6946218424375,25.6639033048348,25.7253312192514,25.6895027225489,25.6741438357205,25.7048593188521,25.6382975199907,25.6331755985647,25.6792637192269,25.6895027225489,25.7355656438188,25.6843833481574,25.7816079769097,25.6741438357205,25.7355656438188,25.7253312192514,25.6587826573823,25.6997407078597,25.6792637192269,25.5358106179362,25.5665674104186,25.7048593188521,25.715095777693,25.6331755985647,25.643419186549,25.5921910475291,25.6126853634517,25.5255563093646,25.5306835914689,25.3408035889768,25.3202549803643,25.5921910475291,25.4896581737131,25.4845288451903,25.4999160630027,25.5716926484544,25.5255563093646,25.4896581737131,25.494787246305,25.4486163763711,25.494787246305,25.5819423585322,25.5819423585322,25.5511901638832,25.5768176311468,25.5460639041067,25.4280893294658,25.4229569268991,25.4280893294658,25.4178242679226,25.3562123467933,25.4537474974415,25.4742694202044,25.4793992606996,25.5409373888032,25.4537474974415,25.4845288451903,25.5101729288625,25.6075621671384,25.5306835914689,25.3818884725093,25.5204287715866,25.5358106179362,25.5716926484544,25.4588783623232,25.5973150092137,25.6331755985647,25.6792637192269,25.6997407078597,25.6946218424375,25.6280534222343,25.643419186549,25.6485405982759,25.7662628184848,25.7713781252015,25.8378540189647,25.8378540189647,25.7764931779977,25.7048593188521,25.7406824748218,25.7202136256143,25.7457990516862,25.6331755985647,25.669023697602,25.6382975199907,25.6382975199907,25.6536617552083,25.5716926484544,25.6997407078597,25.5614419170025,25.6895027225489,25.5409373888032,25.7202136256143,25.7304485586408,25.5358106179362,25.5921910475291,25.5153009780981,25.5511901638832,25.6178083047144,25.6178083047144,25.6536617552083,25.622930990963,25.5204287715866,25.622930990963,25.5306835914689,25.5870668306474,25.6485405982759,25.6741438357205,25.5768176311468,25.6382975199907,25.5614419170025,25.5306835914689,25.4434849990752,25.5101729288625,25.5511901638832,25.5050446238429,25.5306835914689,25.4486163763711,25.4742694202044,25.4537474974415,25.4999160630027,25.4588783623232,25.4793992606996,25.4691393236678,25.4793992606996,25.4434849990752,25.5306835914689,25.4742694202044,25.5768176311468,25.5563161681696,25.5101729288625,25.5204287715866,25.4434849990752,25.5358106179362,25.6639033048348,25.8225172327306,25.9604662734002,25.9604662734002,25.9196117118026,25.8991783632653,25.9910965851406,25.9298268687038,26.0319228696336,25.9655719566022,26.0421269192526,26.0268204667242,25.9196117118026,25.9247194166704
25.4332214756594,25.3664835674914,25.3767537609245,25.2277352917338,25.2277352917338,25.2483024338098,25.1299849929454,25.1196900631945,25.1557177937613,25.3510763511273,25.2997022573604,25.2637250847104,25.258584458684,25.5204287715866,25.5306835914689,25.5358106179362,25.5409373888032,25.5050446238429,25.4896581737131,25.6997407078597,25.5511901638832,25.4537474974415,25.3664835674914,25.2945634334578,25.3408035889768,25.258584458684,25.3870229273887,25.4537474974415,25.4793992606996,25.3818884725093,25.3921571255997,25.325392518149,25.2483024338098,25.3870229273887,25.0630494515398,24.8774607869049,25.1608635787557,25.3099791333095,25.3459400985342,25.4332214756594,25.3562123467933,25.3716187925976,25.3202549803643,25.3921571255997,25.494787246305,25.3767537609245,25.464008971053,25.5101729288625,25.4896581737131,25.4742694202044,25.5460639041067,25.8889601710514,25.5614419170025,25.5306835914689,25.5614419170025,25.5358106179362,25.622930990963,25.6075621671384,25.4845288451903,25.2071640245704,25.1299849929454,25.124837657352,25.1351320700124,25.258584458684,25.3921571255997,25.6997407078597,25.622930990963,25.3562123467933,25.7202136256143,25.4229569268991,25.3613480855689,25.4229569268991,25.3767537609245,25.3664835674914,25.2791454175921,25.4178242679226,25.5306835914689,25.5563161681696,25.5921910475291,25.4126913524992,25.4742694202044,25.4537474974415,25.4845288451903,25.5921910475291,25.5050446238429,25.4178242679226,25.4845288451903,25.4486163763711,25.6280534222343,25.6280534222343,25.6331755985647,25.6536617552083,25.7099776754511,25.6895027225489,25.7560314431445,25.6741438357205,25.6126853634517,25.5460639041067,25.6843833481574,25.643419186549,25.6331755985647,25.6536617552083,25.6843833481574,25.6485405982759,25.6382975199907,25.6536617552083,25.6741438357205,25.7560314431445,25.6639033048348,25.7253312192514,25.6126853634517,25.6639033048348,25.6843833481574,25.6843833481574,25.6946218424375,25.6075621671384,25.5614419170025,25.6331755985647,25.5870668306474,25.5050446238429,25.5511901638832,25.3716187925976,25.4742694202044,25.4588783623232,25.464008971053,25.4537474974415,25.4588783623232,25.4845288451903,25.4793992606996,25.4126913524992,25.4537474974415,25.5768176311468,25.4793992606996,25.4999160630027,25.5614419170025,25.5358106179362,25.6382975199907,25.5716926484544,25.5563161681696,25.4126913524992,25.325392518149,25.4486163763711,25.4691393236678,25.4024247521646,25.602438715738,25.4383533655169,25.4896581737131,25.4332214756594,25.4126913524992,25.5101729288625,25.4229569268991,25.3305297988212,25.3562123467933,25.4845288451903,25.7304485586408,25.6843833481574,25.7304485586408,25.7867225219738,25.6741438357205,25.6946218424375,25.7713781252015,25.643419186549,25.715095777693,25.6587826573823,25.6382975199907,25.6485405982759,25.7560314431445,25.8531885241579,25.7509153744483,25.7560314431445,25.7406824748218,25.643419186549,25.7099776754511,25.6639033048348,25.7406824748218,25.7918368132263,25.6587826573823,25.7202136256143,25.6946218424375,25.602438715738,25.5665674104186,25.5716926484544,25.6536617552083,25.5921910475291,25.6946218424375,25.6485405982759,25.5460639041067,25.5768176311468,25.6075621671384,25.5255563093646,25.5101729288625,25.6178083047144,25.6178083047144,25.643419186549,25.5665674104186,25.5153009780981,25.494787246305,25.6382975199907,25.5358106179362,25.5563161681696,25.6741438357205,25.6587826573823,25.5153009780981,25.4537474974415,25.6587826573823,25.464008971053,25.5460639041067,25.5306835914689,25.5204287715866,25.4434849990752,25.4280893294658,25.4691393236678,25.3921571255997,25.4229569268991,25.464008971053,25.5358106179362,25.4896581737131,25.4845288451903,25.464008971053,25.5511901638832,25.5153009780981,25.5409373888032,25.5409373888032,25.5255563093646,25.4999160630027,25.5614419170025,25.6895027225489,25.7457990516862,25.9298268687038,26.0319228696336,25.9757825654037,26.0829330403271,25.9655719566022,26.016614904526,25.8940693936838,26.016614904526,26.0268204667242,26.0421269192526,25.996200753606,25.868520749288
25.3459400985342,25.1145422104357,25.1145422104357,25.1351320700124,25.3099791333095,25.2842850136107,25.2894243522202,25.1762993840732,25.2740055641272,25.3870229273887,25.3716187925976,25.3356668224182,25.258584458684,25.4280893294658,25.5101729288625,25.5819423585322,25.5050446238429,25.5460639041067,25.5255563093646,25.5255563093646,25.6997407078597,25.4691393236678,25.4280893294658,25.4486163763711,25.3870229273887,25.3767537609245,25.4588783623232,25.325392518149,25.3048408239653,25.3305297988212,25.3921571255997,25.3408035889768,25.3459400985342,25.1814441360816,24.7535476535085,25.0166838239645,25.3459400985342,25.4486163763711,25.3972910671794,25.5511901638832,25.3921571255997,25.4024247521646,25.3767537609245,25.3921571255997,25.3510763511273,25.3459400985342,25.3408035889768,25.4588783623232,25.5204287715866,25.3305297988212,25.5050446238429,25.7099776754511,25.7048593188521,25.4896581737131,25.5460639041067,25.5204287715866,25.7253312192514,25.4999160630027,25.4742694202044,25.4999160630027,25.5101729288625,25.325392518149,25.3305297988212,25.3459400985342,25.3613480855689,25.0475965748176,25.0424450977087,25.1299849929454,25.1608635787557,25.3716187925976,25.5870668306474,25.5460639041067,25.3716187925976,25.4229569268991,25.4178242679226,25.3562123467933,25.4178242679226,25.4126913524992,25.5921910475291,25.494787246305,25.464008971053,25.4742694202044,25.5255563093646,25.6382975199907,25.5306835914689,25.5306835914689,25.4178242679226,25.4383533655169,25.4793992606996,25.6331755985647,25.7406824748218,25.7406824748218,25.669023697602,25.6075621671384,25.7202136256143,25.669023697602,25.5204287715866,25.5614419170025,25.602438715738,25.5358106179362,25.6126853634517,25.6178083047144,25.6485405982759,25.6895027225489,25.464008971053,25.4845288451903,25.6895027225489,25.6946218424375,25.669023697602,25.715095777693,25.6997407078597,25.7048593188521,25.5973150092137,25.6843833481574,25.715095777693,25.5665674104186,25.5716926484544,25.7304485586408,25.5409373888032,25.5716926484544,25.5409373888032,25.4537474974415,25.4229569268991,25.4486163763711,25.3716187925976,25.4486163763711,25.4588783623232,25.3870229273887,25.4332214756594,25.4793992606996,25.4896581737131,25.5768176311468,25.5460639041067,25.5768176311468,25.5973150092137,25.5819423585322,25.5665674104186,25.5153009780981,25.5665674104186,25.464008971053,25.4280893294658,25.3356668224182,25.4332214756594,25.494787246305,25.4999160630027,25.4024247521646,25.464008971053,25.464008971053,25.4383533655169,25.4999160630027,25.4024247521646,25.2483024338098,25.3151171854302,25.494787246305,25.5973150092137,25.6280534222343,25.7406824748218,25.7304485586408,25.8020646344419,25.8122914408466,25.7099776754511,25.7253312192514,25.7048593188521,25.6382975199907,25.715095777693,25.715095777693,25.7355656438188,25.7202136256143,25.7406824748218,25.8429657740965,25.6639033048348,25.602438715738,25.4896581737131,25.5716926484544,25.6946218424375,25.6178083047144,25.6331755985647,25.6382975199907,25.602438715738,25.6382975199907,25.6485405982759,25.5460639041067,25.622930990963,25.6946218424375,25.5768176311468,25.5460639041067,25.6280534222343,25.5614419170025,25.5563161681696,25.5665674104186,25.4434849990752,25.4999160630027,25.5050446238429,25.4896581737131,25.4588783623232,25.5511901638832,25.6178083047144,25.5870668306474,25.6382975199907,25.5409373888032,25.6997407078597,25.669023697602,25.5255563093646,25.5306835914689,25.6843833481574,25.5511901638832,25.4383533655169,25.5204287715866,25.4178242679226,25.6178083047144,25.4537474974415,25.4280893294658,25.4332214756594,25.4075581805922,25.4691393236678,25.4126913524992,25.4229569268991,25.3870229273887,25.5409373888032,25.464008971053,25.5358106179362,25.5204287715866,25.4999160630027,25.4332214756594,25.5306835914689,25.5358106179362,25.6178083047144,25.9196117118026,26.016614904526,25.9706773872579,25.9093955434194,26.0115117451654,25.9757825654037,25.9553603376162,26.0319228696336,26.1288206708731,26.0217178117003,26.0421269192526,25.9247194166704,25.9400410144115
25.5255563093646,25.3818884725093,25.4126913524992,25.2483024338098,25.1454254487159,25.3099791333095,25.3202549803643,25.2380193782588,25.1917328656758,25.325392518149,25.1145422104357,25.3305297988212,25.4537474974415,25.464008971053,25.4793992606996,25.5460639041067,25.464008971053,25.5204287715866,25.5306835914689,25.5255563093646,25.5768176311468,25.4999160630027,25.5306835914689,25.3972910671794,25.4280893294658,25.4280893294658,25.2483024338098,25.4383533655169,25.1145422104357,25.1865886299367,25.2071640245704,25.2997022573604,25.2534435750629,25.0115307913128,25.0115307913128,25.1968768433364,25.4537474974415,25.3613480855689,25.4434849990752,25.4537474974415,25.5460639041067,25.4486163763711,25.3870229273887,25.3510763511273,25.4126913524992,25.4229569268991,25.4691393236678,25.4742694202044,25.4691393236678,25.464008971053,25.4742694202044,25.5101729288625,25.7048593188521,25.6843833481574,25.4537474974415,25.4434849990752,25.4742694202044,25.4845288451903,25.4845288451903,25.4896581737131,25.4845288451903,25.5358106179362,25.5358106179362,25.5716926484544,25.3510763511273,25.3767537609245,25.3356668224182,25.3870229273887,25.3613480855689,25.3767537609245,25.5409373888032,25.5255563093646,25.2740055641272,25.4126913524992,25.4332214756594,25.4537474974415,25.3048408239653,25.3408035889768,25.3613480855689,25.325392518149,25.4742694202044,25.494787246305,25.5614419170025,25.5870668306474,25.622930990963,25.5768176311468,25.5921910475291,25.5255563093646,25.464008971053,25.5460639041067,25.4896581737131,25.6536617552083,25.6331755985647,25.7099776754511,25.6946218424375,25.6382975199907,25.6536617552083,25.5870668306474,25.3818884725093,25.5511901638832,25.5204287715866,25.6280534222343,25.6792637192269,25.5614419170025,25.4793992606996,25.4486163763711,25.7355656438188,25.5563161681696,25.6075621671384,25.7048593188521,25.6997407078597,25.6997407078597,25.6639033048348,25.6280534222343,25.5870668306474,25.5665674104186,25.5870668306474,25.7202136256143,25.5511901638832,25.5819423585322,25.4845288451903,25.4280893294658,25.4383533655169,25.4434849990752,25.4434849990752,25.4486163763711,25.4793992606996,25.4486163763711,25.4383533655169,25.4383533655169,25.4383533655169,25.4999160630027,25.5921910475291,25.464008971053,25.5819423585322,25.669023697602,25.6075621671384,25.5921910475291,25.5050446238429,25.3921571255997,25.5101729288625,25.2225928617629,25.4588783623232,25.5101729288625,25.4537474974415,25.3870229273887,25.3921571255997,25.4229569268991,25.5101729288625,25.5716926484544,25.3562123467933,25.3459400985342,25.4126913524992,25.602438715738,25.7457990516862,25.7406824748218,25.7406824748218,25.7509153744483,25.7202136256143,25.8122914408466,25.7099776754511,25.6587826573823,25.8071781644774,25.7816079769097,25.6946218424375,25.7048593188521,25.7099776754511,25.7969508507036,25.7560314431445,25.7253312192514,25.6997407078597,25.6382975199907,25.4845288451903,25.5921910475291,25.5870668306474,25.5716926484544,25.5614419170025,25.5870668306474,25.6485405982759,25.6075621671384,25.5358106179362,25.6126853634517,25.6587826573823,25.5614419170025,25.5306835914689,25.5614419170025,25.4537474974415,25.4486163763711,25.5870668306474,25.5204287715866,25.4280893294658,25.3459400985342,25.464008971053,25.464008971053,25.4691393236678,25.4793992606996,25.5409373888032,25.5409373888032,25.5255563093646,25.6382975199907,25.6792637192269,25.643419186549,25.5563161681696,25.6741438357205,25.5614419170025,25.5204287715866,25.5511901638832,25.5614419170025,25.5511901638832,25.5153009780981,25.5153009780981,25.4537474974415,25.4691393236678,25.4793992606996,25.4075581805922,25.4588783623232,25.5460639041067,25.5511901638832,25.4999160630027,25.4896581737131,25.3870229273887,25.4434849990752,25.4793992606996,25.5358106179362,25.5101729288625,25.5409373888032,25.7560314431445,25.9042870798318,25.9706773872579,25.996200753606,26.0217178117003,26.0370250204644,25.9706773872579,26.0625319946962,25.9757825654037,26.1033300584395,25.9145037540644,25.9298268687038,26.0319228696336,25.9196117118026
25.4178242679226,25.5358106179362,25.5358106179362,25.1351320700124,25.2174501739369,25.2842850136107,25.2020205629554,25.1711543738743,25.2483024338098,24.9909160664447,25.1711543738743,25.4383533655169,25.3613480855689,25.3716187925976,25.464008971053,25.4126913524992,25.4742694202044,25.5204287715866,25.5255563093646,25.4793992606996,25.464008971053,25.3767537609245,25.3767537609245,25.4434849990752,25.3562123467933,25.4793992606996,25.3305297988212,25.2894243522202,25.0939482126385,25.2380193782588,25.3767537609245,25.3818884725093,25.2225928617629,25.2945634334578,25.3972910671794,25.4075581805922,25.4691393236678,25.4383533655169,25.4383533655169,25.3716187925976,25.4126913524992,25.4178242679226,25.3562123467933,25.3664835674914,25.3202549803643,25.3562123467933,25.4332214756594,25.5153009780981,25.5050446238429,25.5255563093646,25.5819423585322,25.5409373888032,25.6895027225489,25.7406824748218,25.4588783623232,25.4383533655169,25.3562123467933,25.4896581737131,25.5306835914689,25.5460639041067,25.643419186549,25.5511901638832,25.5511901638832,25.4999160630027,25.4178242679226,25.6536617552083,25.5050446238429,25.5101729288625,25.4845288451903,25.5050446238429,25.5306835914689,25.5409373888032,25.4332214756594,25.4486163763711,25.4434849990752,25.5563161681696,25.325392518149,25.4075581805922,25.3151171854302,25.4126913524992,25.4793992606996,25.4742694202044,25.6178083047144,25.5204287715866,25.5204287715866,25.643419186549,25.5819423585322,25.4434849990752,25.4691393236678,25.4178242679226,25.5716926484544,25.5511901638832,25.5306835914689,25.5921910475291,25.6946218424375,25.6741438357205,25.7202136256143,25.6485405982759,25.6331755985647,25.5460639041067,25.5921910475291,25.6843833481574,25.5665674104186,25.3613480855689,25.3305297988212,25.4742694202044,25.4537474974415,25.7099776754511,25.5358106179362,25.6331755985647,25.7048593188521,25.669023697602,25.7048593188521,25.6126853634517,25.5358106179362,25.5614419170025,25.5409373888032,25.5563161681696,25.5563161681696,25.5306835914689,25.4280893294658,25.5614419170025,25.5460639041067,25.4332214756594,25.5153009780981,25.4434849990752,25.4588783623232,25.4434849990752,25.4896581737131,25.5511901638832,25.4486163763711,25.5101729288625,25.4024247521646,25.4845288451903,25.4075581805922,25.4537474974415,25.6587826573823,25.602438715738,25.4896581737131,25.4845288451903,25.4178242679226,25.5409373888032,25.4742694202044,25.4845288451903,25.4332214756594,25.4486163763711,25.4434849990752,25.3664835674914,25.4999160630027,25.4229569268991,25.4383533655169,25.2740055641272,25.3664835674914,25.3510763511273,25.5563161681696,25.5716926484544,25.7457990516862,25.8429657740965,25.7969508507036,25.7816079769097,25.7099776754511,25.6280534222343,25.715095777693,25.7918368132263,25.7202136256143,25.7662628184848,25.7202136256143,25.6895027225489,25.715095777693,25.715095777693,25.7253312192514,25.5614419170025,25.5768176311468,25.5768176311468,25.5819423585322,25.5665674104186,25.4434849990752,25.5768176311468,25.6331755985647,25.6382975199907,25.602438715738,25.602438715738,25.5358106179362,25.5665674104186,25.5204287715866,25.5563161681696,25.5716926484544,25.5819423585322,25.5665674104186,25.4537474974415,25.4332214756594,25.4332214756594,25.4280893294658,25.4486163763711,25.4793992606996,25.4999160630027,25.5101729288625,25.4896581737131,25.494787246305,25.669023697602,25.5511901638832,25.6485405982759,25.6639033048348,25.669023697602,25.464008971053,25.5716926484544,25.5563161681696,25.5716926484544,25.4126913524992,25.4896581737131,25.643419186549,25.4999160630027,25.4742694202044,25.4742694202044,25.4742694202044,25.4229569268991,25.4229569268991,25.5460639041067,25.464008971053,25.4896581737131,25.4691393236678,25.5050446238429,25.4229569268991,25.4691393236678,25.4793992606996,25.5101729288625,25.643419186549,25.8174044635856,25.9196117118026,25.9196117118026,25.9349340679388,25.985992164309,25.985992164309,26.0064083335824,25.8378540189647,26.016614904526,25.985992164309,25.9093955434194,25.9196117118026,25.9145037540644
25.4024247521646,25.5358106179362,25.2997022573604,24.9960701368761,25.1917328656758,25.3151171854302,25.124837657352,25.2894243522202,25.3356668224182,25.3664835674914,25.2945634334578,25.3870229273887,25.4229569268991,25.5358106179362,25.494787246305,25.4896581737131,25.5204287715866,25.5921910475291,25.5204287715866,25.5819423585322,25.5358106179362,25.5153009780981,25.5409373888032,25.4588783623232,25.4537474974415,25.4691393236678,25.3972910671794,25.3202549803643,25.3305297988212,25.2534435750629,25.325392518149,25.3459400985342,25.3510763511273,25.3664835674914,25.4999160630027,25.6126853634517,25.464008971053,25.4588783623232,25.5153009780981,25.5768176311468,25.5306835914689,25.4075581805922,25.325392518149,25.4383533655169,25.4229569268991,25.4229569268991,25.4793992606996,25.6946218424375,25.5460639041067,25.5255563093646,25.3613480855689,25.4896581737131,25.6895027225489,25.6126853634517,25.4383533655169,25.4332214756594,25.464008971053,25.5153009780981,25.5563161681696,25.4332214756594,25.7560314431445,25.5511901638832,25.5409373888032,25.4486163763711,25.4537474974415,25.5973150092137,25.6126853634517,25.622930990963,25.6536617552083,25.5358106179362,25.5409373888032,25.5614419170025,25.4999160630027,25.4178242679226,25.4126913524992,25.3870229273887,25.2997022573604,25.4280893294658,25.4280893294658,25.2483024338098,25.4229569268991,25.4537474974415,25.4588783623232,25.6331755985647,25.5101729288625,25.5358106179362,25.5255563093646,25.494787246305,25.5306835914689,25.5153009780981,25.5614419170025,25.7509153744483,25.6075621671384,25.6126853634517,25.6639033048348,25.7099776754511,25.669023697602,25.6536617552083,25.6178083047144,25.6946218424375,25.6382975199907,25.6331755985647,25.5460639041067,25.5614419170025,25.4434849990752,25.4229569268991,25.3356668224182,25.6126853634517,25.4691393236678,25.6075621671384,25.6178083047144,25.6485405982759,25.6946218424375,25.4896581737131,25.494787246305,25.5050446238429,25.5460639041067,25.5511901638832,25.5665674104186,25.4999160630027,25.4793992606996,25.5614419170025,25.5153009780981,25.4332214756594,25.5255563093646,25.4845288451903,25.5050446238429,25.5614419170025,25.5614419170025,25.4075581805922,25.4280893294658,25.5409373888032,25.4845288451903,25.5511901638832,25.5255563093646,25.4845288451903,25.4075581805922,25.4845288451903,25.4024247521646,25.494787246305,25.4588783623232,25.4845288451903,25.4691393236678,25.4332214756594,25.4075581805922,25.3870229273887,25.4178242679226,25.3972910671794,25.4896581737131,25.4126913524992,25.3099791333095,25.4024247521646,25.3767537609245,25.3716187925976,25.464008971053,25.5716926484544,25.5716926484544,25.7713781252015,25.602438715738,25.7560314431445,25.7764931779977,25.7048593188521,25.5768176311468,25.7099776754511,25.7509153744483,25.7611472578112,25.6485405982759,25.6331755985647,25.7202136256143,25.715095777693,25.6485405982759,25.5614419170025,25.6178083047144,25.5665674104186,25.6587826573823,25.5819423585322,25.5819423585322,25.5870668306474,25.622930990963,25.6280534222343,25.6741438357205,25.6382975199907,25.6536617552083,25.669023697602,25.6536617552083,25.5409373888032,25.6126853634517,25.5921910475291,25.5819423585322,25.5921910475291,25.5563161681696,25.3972910671794,25.4588783623232,25.5306835914689,25.5716926484544,25.4896581737131,25.6587826573823,25.7560314431445,25.6075621671384,25.715095777693,25.6639033048348,25.6331755985647,25.5973150092137,25.5819423585322,25.5358106179362,25.5870668306474,25.5819423585322,25.5511901638832,25.5409373888032,25.5255563093646,25.5460639041067,25.4999160630027,25.4126913524992,25.4486163763711,25.4793992606996,25.4075581805922,25.4588783623232,25.5614419170025,25.4537474974415,25.4896581737131,25.494787246305,25.4691393236678,25.5050446238429,25.5819423585322,25.5050446238429,25.5716926484544,25.7509153744483,25.7918368132263,25.9042870798318,25.9910965851406,25.9145037540644,26.0370250204644,25.996200753606,26.0115117451654,26.0370250204644,26.016614904526,26.0370250204644,25.9451477081579,26.0268204667242,26.0370250204644
25.6587826573823,25.4588783623232,25.258584458684,25.2997022573604,25.3305297988212,25.3305297988212,25.1865886299367,25.2791454175921,25.3818884725093,25.3818884725093,25.3664835674914,25.4537474974415,25.4537474974415,25.4537474974415,25.5101729288625,25.494787246305,25.5101729288625,25.4793992606996,25.4742694202044,25.4075581805922,25.4793992606996,25.5716926484544,25.325392518149,25.3972910671794,25.4896581737131,25.3510763511273,25.4896581737131,25.3048408239653,25.3459400985342,25.4742694202044,25.3664835674914,25.4126913524992,25.4742694202044,25.4845288451903,25.4896581737131,25.6126853634517,25.4537474974415,25.5050446238429,25.4793992606996,25.5153009780981,25.5306835914689,25.5255563093646,25.4024247521646,25.3099791333095,25.3048408239653,25.3972910671794,25.5819423585322,25.5716926484544,25.3716187925976,25.3818884725093,25.2688654531791,25.1505717504272,25.3767537609245,25.6843833481574,25.4537474974415,25.4383533655169,25.5921910475291,25.5665674104186,25.5563161681696,25.6639033048348,25.7611472578112,25.6741438357205,25.6280534222343,25.7509153744483,25.6895027225489,25.6331755985647,25.7406824748218,25.6895027225489,25.6639033048348,25.5358106179362,25.4742694202044,25.4742694202044,25.4999160630027,25.4486163763711,25.3664835674914,25.4332214756594,25.3305297988212,25.4999160630027,25.4024247521646,25.3716187925976,25.4075581805922,25.4126913524992,25.4691393236678,25.6536617552083,25.5921910475291,25.6536617552083,25.5716926484544,25.5153009780981,25.5563161681696,25.5511901638832,25.5563161681696,25.7304485586408,25.6536617552083,25.5563161681696,25.6792637192269,25.7406824748218,25.6639033048348,25.6741438357205,25.6587826573823,25.6741438357205,25.6639033048348,25.622930990963,25.5358106179362,25.5563161681696,25.4280893294658,25.4999160630027,25.5460639041067,25.6178083047144,25.6178083047144,25.715095777693,25.715095777693,25.6485405982759,25.6843833481574,25.5563161681696,25.3613480855689,25.5460639041067,25.6178083047144,25.5870668306474,25.602438715738,25.5819423585322,25.5358106179362,25.5204287715866,25.602438715738,25.5460639041067,25.5255563093646,25.5204287715866,25.5511901638832,25.6075621671384,25.5665674104186,25.5819423585322,25.5819423585322,25.5563161681696,25.5870668306474,25.5358106179362,25.4075581805922,25.4024247521646,25.494787246305,25.4793992606996,25.6075621671384,25.5614419170025,25.4793992606996,25.4537474974415,25.4691393236678,25.4537474974415,25.4075581805922,25.3818884725093,25.4332214756594,25.5153009780981,25.5153009780981,25.4383533655169,25.2945634334578,25.2791454175921,25.3716187925976,25.4742694202044,25.4332214756594,25.3613480855689,25.464008971053,25.5768176311468,25.6741438357205,25.7202136256143,25.7764931779977,25.715095777693,25.5409373888032,25.7048593188521,25.7560314431445,25.7509153744483,25.7457990516862,25.7918368132263,25.7867225219738,25.7099776754511,25.6946218424375,25.5460639041067,25.602438715738,25.6075621671384,25.6075621671384,25.5819423585322,25.6280534222343,25.622930990963,25.6178083047144,25.643419186549,25.5973150092137,25.622930990963,25.6792637192269,25.6587826573823,25.5460639041067,25.5819423585322,25.669023697602,25.5921910475291,25.6126853634517,25.4588783623232,25.3562123467933,25.4434849990752,25.4588783623232,25.5921910475291,25.4793992606996,25.5101729288625,25.5973150092137,25.6331755985647,25.6280534222343,25.643419186549,25.5973150092137,25.7406824748218,25.5921910475291,25.4896581737131,25.5563161681696,25.494787246305,25.5050446238429,25.5204287715866,25.4845288451903,25.4793992606996,25.4434849990752,25.5050446238429,25.5306835914689,25.4742694202044,25.4793992606996,25.5101729288625,25.4075581805922,25.3459400985342,25.4588783623232,25.4691393236678,25.5716926484544,25.4793992606996,25.4486163763711,25.5204287715866,25.4588783623232,25.5050446238429,25.7457990516862,25.7867225219738,25.9093955434194,25.9196117118026,25.9502541492142,25.9706773872579,26.0370250204644,26.0421269192526,26.0268204667242,25.9757825654037,25.9910965851406,25.9502541492142,26.0217178117003,25.8531885241579
25.3151171854302,25.325392518149,25.2945634334578,25.325392518149,25.4178242679226,25.2894243522202,25.2225928617629,25.3408035889768,25.4845288451903,25.4845288451903,25.3921571255997,25.3716187925976,25.3870229273887,25.4742694202044,25.4793992606996,25.4845288451903,25.4896581737131,25.622930990963,25.5255563093646,25.4691393236678,25.4537474974415,25.4075581805922,25.3972910671794,25.3716187925976,25.4845288451903,25.4229569268991,25.4793992606996,25.4280893294658,25.3562123467933,25.4588783623232,25.3356668224182,25.3202549803643,25.3716187925976,25.4383533655169,25.4896581737131,25.325392518149,25.2071640245704,25.2791454175921,25.4434849990752,25.5153009780981,25.5101729288625,25.4845288451903,25.5665674104186,25.4896581737131,25.4229569268991,25.3408035889768,25.3151171854302,25.2688654531791,25.258584458684,25.2431610348875,25.1968768433364,25.3818884725093,25.4486163763711,25.622930990963,25.4691393236678,25.2225928617629,25.5255563093646,25.5563161681696,25.5255563093646,25.6639033048348,25.5460639041067,25.3767537609245,25.5460639041067,25.7713781252015,25.8071781644774,25.7611472578112,25.8020646344419,25.6997407078597,25.5768176311468,25.6331755985647,25.4280893294658,25.5153009780981,25.4537474974415,25.5255563093646,25.2894243522202,25.4383533655169,25.5870668306474,25.5665674104186,25.4075581805922,25.4280893294658,25.4383533655169,25.4126913524992,25.5204287715866,25.5050446238429,25.5460639041067,25.5153009780981,25.5409373888032,25.5460639041067,25.5973150092137,25.5870668306474,25.5614419170025,25.6280534222343,25.602438715738,25.6331755985647,25.7099776754511,25.7560314431445,25.7713781252015,25.6895027225489,25.6485405982759,25.6485405982759,25.6382975199907,25.5716926484544,25.6382975199907,25.5716926484544,25.4486163763711,25.5716926484544,25.4691393236678,25.5768176311468,25.4845288451903,25.6280534222343,25.715095777693,25.6536617552083,25.3818884725093,25.5255563093646,25.3048408239653,25.5665674104186,25.4999160630027,25.4537474974415,25.4691393236678,25.5358106179362,25.4537474974415,25.494787246305,25.6536617552083,25.669023697602,25.5563161681696,25.5409373888032,25.5204287715866,25.5716926484544,25.5870668306474,25.5306835914689,25.5358106179362,25.4383533655169,25.5460639041067,25.5358106179362,25.5409373888032,25.5204287715866,25.4793992606996,25.4845288451903,25.4691393236678,25.5153009780981,25.5101729288625,25.5511901638832,25.5460639041067,25.4793992606996,25.3048408239653,25.494787246305,25.3921571255997,25.4537474974415,25.4845288451903,25.6075621671384,25.4537474974415,25.3048408239653,25.3767537609245,25.4229569268991,25.4793992606996,25.4434849990752,25.3305297988212,25.5716926484544,25.5870668306474,25.7457990516862,25.7202136256143,25.6946218424375,25.8838506953317,25.7560314431445,25.7304485586408,25.7713781252015,25.6997407078597,25.6587826573823,25.5973150092137,25.715095777693,25.7048593188521,25.5409373888032,25.6280534222343,25.6485405982759,25.6946218424375,25.6382975199907,25.5768176311468,25.5973150092137,25.6280534222343,25.6485405982759,25.4896581737131,25.6587826573823,25.5768176311468,25.6639033048348,25.5716926484544,25.5716926484544,25.4588783623232,25.5460639041067,25.5819423585322,25.4486163763711,25.4178242679226,25.4178242679226,25.3767537609245,25.3716187925976,25.464008971053,25.5255563093646,25.5409373888032,25.643419186549,25.5973150092137,25.6946218424375,25.6280534222343,25.602438715738,25.5973150092137,25.5306835914689,25.4845288451903,25.494787246305,25.4999160630027,25.4896581737131,25.5255563093646,25.622930990963,25.4896581737131,25.4845288451903,25.4691393236678,25.4537474974415,25.4280893294658,25.5101729288625,25.4486163763711,25.4588783623232,25.4486163763711,25.4742694202044,25.5563161681696,25.3664835674914,25.4896581737131,25.4691393236678,25.464008971053,25.5768176311468,25.7662628184848,25.7816079769097,25.9042870798318,25.9298268687038,26.1441120212736,25.9910965851406,26.0268204667242,25.9298268687038,25.9400410144115,26.0268204667242,25.9706773872579,25.996200753606,26.0013046697413,25.9042870798318
25.3202549803643,25.2637250847104,25.3099791333095,25.4486163763711,25.3202549803643,25.3459400985342,25.4383533655169,25.325392518149,25.3099791333095,25.4075581805922,25.4537474974415,25.4075581805922,25.4178242679226,25.3818884725093,25.4691393236678,25.4691393236678,25.4896581737131,25.3972910671794,25.3510763511273,25.3972910671794,25.3151171854302,25.4486163763711,25.3356668224182,25.3099791333095,25.4434849990752,25.4845288451903,25.4332214756594,25.5409373888032,25.4434849990752,25.4999160630027,25.4999160630027,25.3305297988212,25.4742694202044,25.3818884725093,25.3664835674914,25.3305297988212,25.3202549803643,25.0630494515398,25.2791454175921,25.5204287715866,25.4999160630027,25.4896581737131,25.5050446238429,25.4434849990752,25.325392518149,25.4383533655169,25.3510763511273,25.3562123467933,25.3510763511273,25.3510763511273,25.3921571255997,25.4229569268991,25.5870668306474,25.6485405982759,25.7202136256143,25.4588783623232,25.5614419170025,25.6843833481574,25.3972910671794,25.4896581737131,25.4024247521646,25.3921571255997,25.5358106179362,25.7406824748218,25.7304485586408,25.7611472578112,25.7202136256143,25.6895027225489,25.6997407078597,25.6946218424375,25.4332214756594,25.494787246305,25.5255563093646,25.4024247521646,25.4024247521646,25.494787246305,25.5716926484544,25.5511901638832,25.4793992606996,25.4178242679226,25.3767537609245,25.4075581805922,25.4229569268991,25.5409373888032,25.5819423585322,25.5870668306474,25.602438715738,25.5460639041067,25.6075621671384,25.5665674104186,25.6280534222343,25.622930990963,25.643419186549,25.6946218424375,25.7048593188521,25.7406824748218,25.7457990516862,25.7713781252015,25.6536617552083,25.6382975199907,25.7816079769097,25.6382975199907,25.5716926484544,25.6382975199907,25.622930990963,25.5768176311468,25.5819423585322,25.6126853634517,25.5870668306474,25.7355656438188,25.7099776754511,25.5870668306474,25.5306835914689,25.4896581737131,25.4999160630027,25.4999160630027,25.5460639041067,25.5255563093646,25.5050446238429,25.6280534222343,25.5255563093646,25.5409373888032,25.5870668306474,25.5460639041067,25.5153009780981,25.5153009780981,25.5870668306474,25.5973150092137,25.5819423585322,25.5819423585322,25.5409373888032,25.4332214756594,25.5665674104186,25.6126853634517,25.5921910475291,25.3716187925976,25.5921910475291,25.494787246305,25.4691393236678,25.4434849990752,25.4434849990752,25.5563161681696,25.5358106179362,25.4896581737131,25.3510763511273,25.5101729288625,25.4126913524992,25.4075581805922,25.4075581805922,25.4383533655169,25.4075581805922,25.4793992606996,25.325392518149,25.3562123467933,25.4588783623232,25.4486163763711,25.4486163763711,25.5665674104186,25.7406824748218,25.7253312192514,25.7048593188521,25.7560314431445,25.7406824748218,25.7662628184848,25.7304485586408,25.7202136256143,25.6895027225489,25.715095777693,25.7099776754511,25.669023697602,25.7202136256143,25.6536617552083,25.7764931779977,25.6485405982759,25.6639033048348,25.643419186549,25.6178083047144,25.622930990963,25.6075621671384,25.4588783623232,25.5050446238429,25.643419186549,25.6485405982759,25.6536617552083,25.5255563093646,25.6792637192269,25.5460639041067,25.4999160630027,25.494787246305,25.4742694202044,25.4229569268991,25.3767537609245,25.4793992606996,25.4588783623232,25.494787246305,25.6178083047144,25.669023697602,25.6895027225489,25.5870668306474,25.6280534222343,25.622930990963,25.6792637192269,25.5768176311468,25.5050446238429,25.5716926484544,25.5768176311468,25.6126853634517,25.5358106179362,25.5204287715866,25.5255563093646,25.5050446238429,25.3767537609245,25.464008971053,25.4896581737131,25.4845288451903,25.3562123467933,25.3921571255997,25.4434849990752,25.4999160630027,25.4742694202044,25.5665674104186,25.4537474974415,25.4896581737131,25.5563161681696,25.4588783623232,25.602438715738,25.7611472578112,25.8889601710514,25.8940693936838,25.8838506953317,25.996200753606,25.996200753606,26.0370250204644,25.9808874910754,25.9400410144115,26.0370250204644,26.0472285660339,25.8991783632653,26.0115117451654,25.9042870798318
25.5460639041067,25.3099791333095,25.464008971053,25.4742694202044,25.4999160630027,25.4486163763711,25.4332214756594,25.4280893294658,25.4486163763711,25.464008971053,25.4024247521646,25.3870229273887,25.4691393236678,25.4537474974415,25.4434849990752,25.4845288451903,25.5153009780981,25.4742694202044,25.4793992606996,25.3664835674914,25.3562123467933,25.3767537609245,25.4434849990752,25.3870229273887,25.3972910671794,25.464008971053,25.4280893294658,25.4845288451903,25.4383533655169,25.494787246305,25.1917328656758,25.3048408239653,25.3562123467933,25.2740055641272,25.3716187925976,25.3305297988212,25.3921571255997,25.258584458684,25.2483024338098,25.5255563093646,25.5255563093646,25.4845288451903,25.5563161681696,25.4896581737131,25.5306835914689,25.5101729288625,25.5460639041067,25.4896581737131,25.3356668224182,25.4383533655169,25.6997407078597,25.6792637192269,25.7304485586408,25.6587826573823,25.7099776754511,25.5716926484544,25.464008971053,25.4999160630027,25.5306835914689,25.2894243522202,25.3818884725093,25.3305297988212,25.6382975199907,25.6792637192269,25.7304485586408,25.6331755985647,25.6741438357205,25.5101729288625,25.6178083047144,25.6485405982759,25.4999160630027,25.5255563093646,25.5460639041067,25.4742694202044,25.5614419170025,25.4691393236678,25.4434849990752,25.4588783623232,25.5255563093646,25.494787246305,25.4332214756594,25.3870229273887,25.5460639041067,25.6178083047144,25.7867225219738,25.6536617552083,25.5255563093646,25.5768176311468,25.6331755985647,25.6485405982759,25.5870668306474,25.7355656438188,25.622930990963,25.7457990516862,25.6639033048348,25.7611472578112,25.7713781252015,25.7713781252015,25.7662628184848,25.5409373888032,25.622930990963,25.6485405982759,25.6331755985647,25.5973150092137,25.5460639041067,25.6946218424375,25.6280534222343,25.6075621671384,25.6280534222343,25.5306835914689,25.6485405982759,25.643419186549,25.494787246305,25.464008971053,25.4383533655169,25.5614419170025,25.5306835914689,25.5973150092137,25.5921910475291,25.5306835914689,25.5358106179362,25.5153009780981,25.6382975199907,25.5665674104186,25.5511901638832,25.5050446238429,25.5614419170025,25.5358106179362,25.5358106179362,25.5768176311468,25.5255563093646,25.4742694202044,25.4742694202044,25.4588783623232,25.6382975199907,25.6126853634517,25.5460639041067,25.5819423585322,25.4896581737131,25.4896581737131,25.4383533655169,25.5153009780981,25.4486163763711,25.4793992606996,25.3562123467933,25.4383533655169,25.4229569268991,25.4280893294658,25.3099791333095,25.3870229273887,25.4793992606996,25.464008971053,25.4383533655169,25.4845288451903,25.4434849990752,25.4486163763711,25.5204287715866,25.6997407078597,25.6843833481574,25.6946218424375,25.7509153744483,25.6587826573823,25.7253312192514,25.6895027225489,25.7304485586408,25.6843833481574,25.7509153744483,25.715095777693,25.5716926484544,25.6946218424375,25.6639033048348,25.5921910475291,25.6485405982759,25.7457990516862,25.6639033048348,25.6382975199907,25.6331755985647,25.5819423585322,25.6126853634517,25.643419186549,25.5153009780981,25.6587826573823,25.669023697602,25.669023697602,25.5563161681696,25.6485405982759,25.5921910475291,25.5870668306474,25.494787246305,25.5409373888032,25.5819423585322,25.4537474974415,25.4434849990752,25.5204287715866,25.6536617552083,25.5614419170025,25.6587826573823,25.6792637192269,25.7099776754511,25.6741438357205,25.6946218424375,25.5716926484544,25.4999160630027,25.4896581737131,25.5768176311468,25.4999160630027,25.5358106179362,25.5870668306474,25.5665674104186,25.5306835914689,25.4793992606996,25.5050446238429,25.5563161681696,25.4537474974415,25.5101729288625,25.4845288451903,25.4486163763711,25.5204287715866,25.4537474974415,25.494787246305,25.5665674104186,25.5716926484544,25.5306835914689,25.5204287715866,25.5716926484544,25.6792637192269,25.8940693936838,25.8940693936838,25.9910965851406,25.9655719566022,25.9247194166704,25.9808874910754,26.0064083335824,26.0421269192526,26.0013046697413,26.0064083335824,26.0064083335824,25.9400410144115,25.9910965851406,25.985992164309
25.4742694202044,25.3305297988212,25.3510763511273,25.4332214756594,25.5255563093646,25.4845288451903,25.4742694202044,25.494787246305,25.494787246305,25.4999160630027,25.4024247521646,25.3459400985342,25.4332214756594,25.5409373888032,25.4845288451903,25.2534435750629,25.3048408239653,25.4229569268991,25.4024247521646,25.4742694202044,25.4434849990752,25.5409373888032,25.3562123467933,25.4742694202044,25.4024247521646,25.464008971053,25.5460639041067,25.5973150092137,25.4383533655169,25.4383533655169,24.9599861922213,25.3767537609245,25.2945634334578,25.3202549803643,25.325392518149,25.3202549803643,25.0012239478063,25.0372933614365,25.2894243522202,25.6485405982759,25.5921910475291,25.6587826573823,25.5255563093646,25.464008971053,25.2380193782588,25.464008971053,25.5101729288625,25.4691393236678,25.1042457289643,25.4793992606996,25.6792637192269,25.6382975199907,25.5973150092137,25.6178083047144,25.6946218424375,25.5716926484544,25.4434849990752,25.4588783623232,25.5409373888032,25.5665674104186,25.4742694202044,25.5255563093646,25.4383533655169,25.5358106179362,25.6382975199907,25.7304485586408,25.5153009780981,25.5050446238429,25.5358106179362,25.602438715738,25.669023697602,25.6126853634517,25.5306835914689,25.5768176311468,25.4999160630027,25.4486163763711,25.4383533655169,25.4691393236678,25.5665674104186,25.494787246305,25.4383533655169,25.464008971053,25.5306835914689,25.5716926484544,25.5204287715866,25.6178083047144,25.5665674104186,25.5358106179362,25.5768176311468,25.5614419170025,25.622930990963,25.6382975199907,25.6075621671384,25.6280534222343,25.7304485586408,25.7611472578112,25.7406824748218,25.7509153744483,25.6741438357205,25.6536617552083,25.4434849990752,25.6536617552083,25.6178083047144,25.4742694202044,25.4999160630027,25.602438715738,25.4896581737131,25.4896581737131,25.6331755985647,25.7713781252015,25.669023697602,25.6178083047144,25.4588783623232,25.464008971053,25.4486163763711,25.5358106179362,25.5768176311468,25.5563161681696,25.6280534222343,25.5511901638832,25.5819423585322,25.6178083047144,25.5870668306474,25.5614419170025,25.5460639041067,25.5665674104186,25.5614419170025,25.5614419170025,25.5921910475291,25.602438715738,25.602438715738,25.5716926484544,25.5614419170025,25.4845288451903,25.602438715738,25.5511901638832,25.669023697602,25.5768176311468,25.5716926484544,25.5460639041067,25.5768176311468,25.4845288451903,25.4126913524992,25.4999160630027,25.3818884725093,25.4434849990752,25.3767537609245,25.4383533655169,25.4383533655169,25.3459400985342,25.4126913524992,25.4793992606996,25.4434849990752,25.3818884725093,25.3921571255997,25.3972910671794,25.4742694202044,25.5511901638832,25.5819423585322,25.6075621671384,25.6843833481574,25.6075621671384,25.6741438357205,25.6843833481574,25.669023697602,25.5409373888032,25.6946218424375,25.6792637192269,25.6741438357205,25.6741438357205,25.643419186549,25.6741438357205,25.669023697602,25.6792637192269,25.622930990963,25.6587826573823,25.6126853634517,25.6178083047144,25.5306835914689,25.5973150092137,25.5768176311468,25.6946218424375,25.643419186549,25.6639033048348,25.6741438357205,25.6536617552083,25.5255563093646,25.494787246305,25.5050446238429,25.5973150092137,25.4075581805922,25.4075581805922,25.4742694202044,25.5101729288625,25.5511901638832,25.669023697602,25.6382975199907,25.5819423585322,25.643419186549,25.7457990516862,25.622930990963,25.7202136256143,25.5665674104186,25.5358106179362,25.5409373888032,25.5716926484544,25.5511901638832,25.5768176311468,25.5409373888032,25.5153009780981,25.464008971053,25.4793992606996,25.494787246305,25.4537474974415,25.4280893294658,25.4178242679226,25.4999160630027,25.4486163763711,25.4383533655169,25.4588783623232,25.4691393236678,25.4126913524992,25.4434849990752,25.5511901638832,25.5306835914689,25.6792637192269,25.9502541492142,25.9145037540644,25.9093955434194,25.996200753606,25.9808874910754,26.0778331565889,26.0217178117003,26.0370250204644,26.016614904526,26.0523299608444,26.0268204667242,25.8940693936838,25.996200753606,25.8889601710514
25.4383533655169,25.5255563093646,25.4537474974415,25.4742694202044,25.494787246305,25.4742694202044,25.3099791333095,25.4075581805922,25.3818884725093,25.4588783623232,25.5050446238429,25.4434849990752,25.6075621671384,25.4332214756594,25.3613480855689,25.4537474974415,25.3818884725093,25.4126913524992,25.5306835914689,25.3716187925976,25.4383533655169,25.5563161681696,25.4742694202044,25.643419186549,25.5358106179362,25.5255563093646,25.5255563093646,25.5050446238429,25.4537474974415,25.4588783623232,25.3356668224182,25.5153009780981,25.4691393236678,25.3716187925976,25.3305297988212,25.0990971001769,24.9651418204509,24.9857617364743,25.3818884725093,25.5768176311468,25.6792637192269,25.6741438357205,25.602438715738,25.4588783623232,25.325392518149,25.4793992606996,25.4845288451903,25.4588783623232,25.2483024338098,25.494787246305,25.6485405982759,25.622930990963,25.6126853634517,25.5716926484544,25.5050446238429,25.8071781644774,25.5716926484544,25.5870668306474,25.2945634334578,25.5204287715866,25.5716926484544,25.5153009780981,25.5306835914689,25.6280534222343,25.5409373888032,25.6280534222343,25.5050446238429,25.4896581737131,25.4588783623232,25.5511901638832,25.6536617552083,25.5768176311468,25.643419186549,25.6587826573823,25.3972910671794,25.5306835914689,25.4229569268991,25.5255563093646,25.3613480855689,25.5101729288625,25.4024247521646,25.5050446238429,25.4075581805922,25.4383533655169,25.5204287715866,25.622930990963,25.5716926484544,25.6382975199907,25.6382975199907,25.6280534222343,25.5614419170025,25.5255563093646,25.5716926484544,25.5768176311468,25.6178083047144,25.7560314431445,25.7611472578112,25.7253312192514,25.6639033048348,25.7764931779977,25.4742694202044,25.602438715738,25.6280534222343,25.6280534222343,25.6178083047144,25.5870668306474,25.4486163763711,25.4178242679226,25.5358106179362,25.6843833481574,25.6792637192269,25.5716926484544,25.5921910475291,25.5460639041067,25.4486163763711,25.5819423585322,25.6280534222343,25.464008971053,25.5819423585322,25.5511901638832,25.5358106179362,25.622930990963,25.5665674104186,25.5870668306474,25.5101729288625,25.4845288451903,25.4588783623232,25.5716926484544,25.4793992606996,25.5768176311468,25.6280534222343,25.6382975199907,25.5409373888032,25.5460639041067,25.5768176311468,25.6178083047144,25.643419186549,25.622930990963,25.602438715738,25.4845288451903,25.4280893294658,25.4075581805922,25.5460639041067,25.3972910671794,25.3972910671794,25.4434849990752,25.3921571255997,25.2997022573604,25.3972910671794,25.3459400985342,25.3767537609245,25.464008971053,25.3510763511273,25.3408035889768,25.3305297988212,25.3510763511273,25.3921571255997,25.4845288451903,25.7202136256143,25.7202136256143,25.6792637192269,25.643419186549,25.602438715738,25.6843833481574,25.5768176311468,25.6946218424375,25.7816079769097,25.715095777693,25.6843833481574,25.6792637192269,25.622930990963,25.6997407078597,25.7611472578112,25.669023697602,25.7509153744483,25.7099776754511,25.7509153744483,25.7048593188521,25.6382975199907,25.6382975199907,25.4999160630027,25.643419186549,25.6485405982759,25.6792637192269,25.6382975199907,25.6382975199907,25.6280534222343,25.6382975199907,25.5255563093646,25.5358106179362,25.5101729288625,25.464008971053,25.3870229273887,25.494787246305,25.6536617552083,25.6741438357205,25.7355656438188,25.6331755985647,25.7713781252015,25.7304485586408,25.6485405982759,25.5921910475291,25.669023697602,25.5255563093646,25.4793992606996,25.5460639041067,25.4896581737131,25.5614419170025,25.5153009780981,25.5409373888032,25.4537474974415,25.4999160630027,25.4691393236678,25.494787246305,25.4126913524992,25.4383533655169,25.3459400985342,25.4434849990752,25.4383533655169,25.5101729288625,25.4434849990752,25.5153009780981,25.5716926484544,25.602438715738,25.6536617552083,25.8889601710514,25.8838506953317,25.9196117118026,25.9247194166704,26.0064083335824,25.8991783632653,25.9553603376162,25.9451477081579,26.0217178117003,26.0268204667242,26.1135270578924,26.0268204667242,26.0982311813659,26.0319228696336,26.0727330210948
25.4742694202044,25.3818884725093,25.3510763511273,25.3408035889768,25.4742694202044,25.4126913524992,25.4280893294658,25.4332214756594,25.4486163763711,25.4691393236678,25.3664835674914,25.2534435750629,25.3767537609245,25.3664835674914,25.2894243522202,25.4075581805922,25.3972910671794,25.3818884725093,25.3972910671794,25.5101729288625,25.4999160630027,25.643419186549,25.643419186549,25.5460639041067,25.5614419170025,25.4280893294658,25.5306835914689,25.4178242679226,25.5306835914689,25.4486163763711,25.4588783623232,25.4588783623232,25.4280893294658,25.2945634334578,25.1968768433364,25.0475965748176,25.2277352917338,25.1762993840732,25.3099791333095,25.5050446238429,25.5409373888032,25.5511901638832,25.4999160630027,25.4742694202044,25.4845288451903,25.4793992606996,25.4742694202044,25.3510763511273,25.3664835674914,25.4896581737131,25.6331755985647,25.5409373888032,25.5870668306474,25.4691393236678,25.5819423585322,25.5973150092137,25.7867225219738,25.7406824748218,25.6075621671384,25.4588783623232,25.4999160630027,25.5460639041067,25.494787246305,25.4793992606996,25.5204287715866,25.6126853634517,25.5358106179362,25.5973150092137,25.494787246305,25.5050446238429,25.5409373888032,25.6741438357205,25.6331755985647,25.5460639041067,25.4075581805922,25.325392518149,25.4999160630027,25.5563161681696,25.3921571255997,25.3870229273887,25.3921571255997,25.4280893294658,25.4486163763711,25.4126913524992,25.5563161681696,25.5973150092137,25.6178083047144,25.6382975199907,25.5768176311468,25.622930990963,25.5768176311468,25.602438715738,25.5716926484544,25.5563161681696,25.7713781252015,25.6485405982759,25.8071781644774,25.8225172327306,25.6946218424375,25.602438715738,25.6792637192269,25.669023697602,25.5665674104186,25.5511901638832,25.4793992606996,25.4845288451903,25.4126913524992,25.3870229273887,25.5768176311468,25.5716926484544,25.6536617552083,25.5973150092137,25.5768176311468,25.5768176311468,25.5563161681696,25.5614419170025,25.5973150092137,25.5563161681696,25.6280534222343,25.6587826573823,25.669023697602,25.5306835914689,25.7816079769097,25.5768176311468,25.5101729288625,25.5306835914689,25.5614419170025,25.4845288451903,25.5921910475291,25.5768176311468,25.5409373888032,25.4845288451903,25.5768176311468,25.5768176311468,25.602438715738,25.6126853634517,25.6178083047144,25.715095777693,25.602438715738,25.3048408239653,25.4332214756594,25.4793992606996,25.4075581805922,25.3459400985342,25.2637250847104,25.3921571255997,25.3818884725093,25.3664835674914,25.325392518149,25.4691393236678,25.3664835674914,25.4383533655169,25.5460639041067,25.5409373888032,25.4742694202044,25.3818884725093,25.5306835914689,25.5460639041067,25.5153009780981,25.6126853634517,25.7202136256143,25.6895027225489,25.6997407078597,25.6741438357205,25.7048593188521,25.7764931779977,25.7509153744483,25.6997407078597,25.6741438357205,25.6639033048348,25.6331755985647,25.6997407078597,25.6485405982759,25.5768176311468,25.6639033048348,25.6895027225489,25.6792637192269,25.6485405982759,25.6178083047144,25.6997407078597,25.6382975199907,25.643419186549,25.6587826573823,25.6075621671384,25.602438715738,25.5973150092137,25.6331755985647,25.5204287715866,25.5101729288625,25.5306835914689,25.5921910475291,25.4896581737131,25.4229569268991,25.4845288451903,25.4332214756594,25.6280534222343,25.6895027225489,25.6639033048348,25.7457990516862,25.7202136256143,25.6895027225489,25.602438715738,25.5665674104186,25.4742694202044,25.5409373888032,25.4742694202044,25.5409373888032,25.5255563093646,25.5358106179362,25.5563161681696,25.4280893294658,25.4075581805922,25.4178242679226,25.5511901638832,25.4229569268991,25.5153009780981,25.4229569268991,25.4280893294658,25.4999160630027,25.494787246305,25.5204287715866,25.4383533655169,25.5563161681696,25.5409373888032,25.6895027225489,25.863410260858,25.9910965851406,25.9196117118026,25.9145037540644,25.9757825654037,25.9502541492142,26.149208635445,26.0064083335824,26.0217178117003,26.0676326338092,25.9553603376162,25.9349340679388,26.0625319946962,25.8480772758155,25.8991783632653
25.3613480855689,25.3716187925976,25.4280893294658,25.3408035889768,25.4332214756594,25.4229569268991,25.3972910671794,25.3767537609245,25.4486163763711,25.3459400985342,25.2740055641272,25.3099791333095,25.4075581805922,25.2483024338098,25.2894243522202,25.4691393236678,25.3099791333095,25.325392518149,25.4178242679226,25.3972910671794,25.5665674104186,25.5306835914689,25.5050446238429,25.4691393236678,25.4742694202044,25.4229569268991,25.464008971053,25.3921571255997,25.3818884725093,25.4280893294658,25.4845288451903,25.464008971053,25.3151171854302,25.0475965748176,25.0372933614365,25.2071640245704,25.3408035889768,25.3048408239653,25.6178083047144,25.5716926484544,25.5819423585322,25.602438715738,25.5665674104186,25.4588783623232,25.4486163763711,25.3767537609245,25.4537474974415,25.4588783623232,25.464008971053,25.4691393236678,25.6382975199907,25.6485405982759,25.6280534222343,25.6331755985647,25.5768176311468,25.622930990963,25.5921910475291,25.5255563093646,25.7253312192514,25.4332214756594,25.4588783623232,25.4383533655169,25.5921910475291,25.5101729288625,25.4280893294658,25.5306835914689,25.5665674104186,25.5614419170025,25.3870229273887,25.4896581737131,25.4691393236678,25.5563161681696,25.5511901638832,25.5255563093646,25.5204287715866,25.5050446238429,25.4332214756594,25.4896581737131,25.4742694202044,25.4332214756594,25.4845288451903,25.5306835914689,25.4896581737131,25.3972910671794,25.4999160630027,25.4793992606996,25.6280534222343,25.6843833481574,25.5870668306474,25.5973150092137,25.5870668306474,25.5050446238429,25.5921910475291,25.6178083047144,25.622930990963,25.6843833481574,25.7816079769097,25.6587826573823,25.669023697602,25.5716926484544,25.643419186549,25.6843833481574,25.4896581737131,25.4896581737131,25.643419186549,25.5614419170025,25.4588783623232,25.4742694202044,25.4999160630027,25.5716926484544,25.5460639041067,25.5306835914689,25.5306835914689,25.5563161681696,25.5511901638832,25.5101729288625,25.5511901638832,25.5255563093646,25.5819423585322,25.622930990963,25.5614419170025,25.5511901638832,25.5768176311468,25.5409373888032,25.5614419170025,25.5101729288625,25.4999160630027,25.5921910475291,25.5409373888032,25.4486163763711,25.5358106179362,25.6126853634517,25.6485405982759,25.602438715738,25.5973150092137,25.6587826573823,25.6536617552083,25.6895027225489,25.6126853634517,25.4434849990752,25.494787246305,25.494787246305,25.5204287715866,25.4691393236678,25.3613480855689,25.2380193782588,25.4742694202044,25.4383533655169,25.3767537609245,25.2431610348875,25.2123072282184,25.325392518149,25.3562123467933,25.464008971053,25.4588783623232,25.464008971053,25.464008971053,25.5819423585322,25.5614419170025,25.6178083047144,25.7099776754511,25.7048593188521,25.7202136256143,25.7355656438188,25.7560314431445,25.6741438357205,25.7816079769097,25.8122914408466,25.6895027225489,25.7611472578112,25.6639033048348,25.5921910475291,25.6331755985647,25.6075621671384,25.6843833481574,25.6587826573823,25.602438715738,25.6382975199907,25.5511901638832,25.5921910475291,25.5819423585322,25.6280534222343,25.6792637192269,25.6536617552083,25.5768176311468,25.5614419170025,25.5409373888032,25.5306835914689,25.6741438357205,25.602438715738,25.5050446238429,25.5819423585322,25.3870229273887,25.5050446238429,25.6587826573823,25.7048593188521,25.7509153744483,25.7816079769097,25.7918368132263,25.7304485586408,25.6843833481574,25.6178083047144,25.5614419170025,25.5819423585322,25.602438715738,25.5511901638832,25.5050446238429,25.5358106179362,25.5358106179362,25.5409373888032,25.5665674104186,25.5665674104186,25.4178242679226,25.4486163763711,25.4126913524992,25.3459400985342,25.5050446238429,25.5050446238429,25.3664835674914,25.4280893294658,25.3972910671794,25.3870229273887,25.5973150092137,25.6075621671384,25.715095777693,25.9093955434194,25.9910965851406,25.9910965851406,25.985992164309,26.0982311813659,25.996200753606,25.8940693936838,26.0370250204644,26.0625319946962,26.016614904526,26.0931320526798,26.0115117451654,26.0625319946962,25.9757825654037,25.9093955434194
25.4999160630027,25.4434849990752,25.4332214756594,25.3716187925976,25.4075581805922,25.4486163763711,25.3921571255997,25.4332214756594,25.3767537609245,25.4075581805922,25.3870229273887,25.4742694202044,25.5511901638832,25.4024247521646,25.3972910671794,25.4332214756594,25.3767537609245,25.3716187925976,25.3459400985342,25.602438715738,25.622930990963,25.5973150092137,25.5409373888032,25.5921910475291,25.4537474974415,25.5768176311468,25.5870668306474,25.4178242679226,25.494787246305,25.3562123467933,25.5050446238429,25.4896581737131,25.325392518149,24.9342041538485,25.1917328656758,25.1814441360816,25.3716187925976,25.4845288451903,25.3716187925976,25.5101729288625,25.5153009780981,25.4280893294658,25.4793992606996,25.3562123467933,25.464008971053,25.3408035889768,25.6536617552083,25.2842850136107,25.3562123467933,25.3510763511273,25.5921910475291,25.6075621671384,25.6382975199907,25.6382975199907,25.5306835914689,25.5255563093646,25.4588783623232,25.5050446238429,25.7406824748218,25.6382975199907,25.5614419170025,25.5358106179362,25.494787246305,25.4742694202044,25.3716187925976,25.464008971053,25.3921571255997,25.5204287715866,25.4486163763711,25.4999160630027,25.4280893294658,25.4537474974415,25.4075581805922,25.5255563093646,25.6843833481574,25.5358106179362,25.6946218424375,25.4229569268991,25.494787246305,25.5101729288625,25.5153009780981,25.5511901638832,25.622930990963,25.622930990963,25.5255563093646,25.622930990963,25.6178083047144,25.7099776754511,25.643419186549,25.6741438357205,25.5614419170025,25.5614419170025,25.5819423585322,25.622930990963,25.464008971053,25.6178083047144,25.669023697602,25.669023697602,25.6639033048348,25.7406824748218,25.4793992606996,25.5050446238429,25.7048593188521,25.7099776754511,25.5716926484544,25.5153009780981,25.602438715738,25.4845288451903,25.4691393236678,25.4742694202044,25.5614419170025,25.5563161681696,25.6485405982759,25.6126853634517,25.5255563093646,25.5255563093646,25.602438715738,25.5870668306474,25.6280534222343,25.6331755985647,25.5870668306474,25.5460639041067,25.5409373888032,25.5511901638832,25.5614419170025,25.494787246305,25.5101729288625,25.5409373888032,25.5255563093646,25.5921910475291,25.5716926484544,25.5921910475291,25.5153009780981,25.643419186549,25.6075621671384,25.7099776754511,25.7253312192514,25.6843833481574,25.4691393236678,25.5101729288625,25.5614419170025,25.4845288451903,25.4486163763711,25.2945634334578,25.464008971053,25.4178242679226,25.4486163763711,25.4845288451903,25.3664835674914,25.325392518149,25.2225928617629,25.4537474974415,25.5511901638832,25.5614419170025,25.4434849990752,25.4383533655169,25.5204287715866,25.669023697602,25.7099776754511,25.7662628184848,25.6741438357205,25.6997407078597,25.7816079769097,25.7304485586408,25.8020646344419,25.7048593188521,25.7099776754511,25.7662628184848,25.6946218424375,25.7099776754511,25.5665674104186,25.669023697602,25.6792637192269,25.6382975199907,25.5870668306474,25.6792637192269,25.643419186549,25.5870668306474,25.6075621671384,25.5973150092137,25.5716926484544,25.6075621671384,25.5819423585322,25.5921910475291,25.6331755985647,25.602438715738,25.5306835914689,25.5921910475291,25.622930990963,25.5358106179362,25.5306835914689,25.5358106179362,25.6280534222343,25.6792637192269,25.6946218424375,25.6997407078597,25.7253312192514,25.669023697602,25.6280534222343,25.7509153744483,25.6792637192269,25.6741438357205,25.5973150092137,25.5665674104186,25.5870668306474,25.6946218424375,25.5563161681696,25.4075581805922,25.5101729288625,25.3972910671794,25.4486163763711,25.4178242679226,25.5358106179362,25.4178242679226,25.494787246305,25.4332214756594,25.4434849990752,25.4999160630027,25.4024247521646,25.3870229273887,25.4691393236678,25.5255563093646,25.5460639041067,25.5306835914689,25.6536617552083,25.9093955434194,25.9298268687038,25.9145037540644,25.9604662734002,25.9604662734002,26.0523299608444,26.0523299608444,25.9655719566022,26.0319228696336,26.0319228696336,26.0421269192526,25.8889601710514,26.0523299608444,25.9349340679388,26.0727330210948
25.4896581737131,25.3408035889768,25.4024247521646,25.4178242679226,25.4383533655169,25.4024247521646,25.3459400985342,25.4434849990752,25.4742694202044,25.4742694202044,25.5409373888032,25.464008971053,25.4691393236678,25.3767537609245,25.4126913524992,25.4075581805922,25.3459400985342,25.3613480855689,25.494787246305,25.4691393236678,25.494787246305,25.4793992606996,25.4229569268991,25.4793992606996,25.4126913524992,25.3818884725093,25.3972910671794,25.4075581805922,25.4075581805922,25.3305297988212,25.3305297988212,25.3459400985342,25.325392518149,25.2637250847104,25.2945634334578,25.1608635787557,25.4024247521646,25.5358106179362,25.4793992606996,25.5870668306474,25.3613480855689,25.1968768433364,25.4486163763711,25.4537474974415,25.4486163763711,25.4332214756594,25.494787246305,25.3356668224182,25.1505717504272,25.3664835674914,25.622930990963,25.5563161681696,25.6178083047144,25.6126853634517,25.5204287715866,25.4742694202044,25.3613480855689,25.5460639041067,25.5973150092137,25.6843833481574,25.5614419170025,25.4486163763711,25.6331755985647,25.5819423585322,25.3151171854302,25.4486163763711,25.3716187925976,25.4845288451903,25.4691393236678,25.464008971053,25.464008971053,25.4075581805922,25.4024247521646,25.3767537609245,25.5204287715866,25.4588783623232,25.5563161681696,25.4434849990752,25.5614419170025,25.5716926484544,25.5101729288625,25.5973150092137,25.6178083047144,25.4845288451903,25.4845288451903,25.4999160630027,25.5614419170025,25.6382975199907,25.7355656438188,25.6741438357205,25.643419186549,25.6536617552083,25.602438715738,25.5358106179362,25.4896581737131,25.5870668306474,25.6280534222343,25.6126853634517,25.669023697602,25.6639033048348,25.6280534222343,25.6895027225489,25.715095777693,25.715095777693,25.602438715738,25.4332214756594,25.4793992606996,25.5204287715866,25.4845288451903,25.5050446238429,25.5460639041067,25.6895027225489,25.5460639041067,25.5614419170025,25.5306835914689,25.6178083047144,25.6382975199907,25.643419186549,25.5460639041067,25.6485405982759,25.5409373888032,25.5460639041067,25.5511901638832,25.5409373888032,25.5409373888032,25.5614419170025,25.5460639041067,25.602438715738,25.622930990963,25.6382975199907,25.622930990963,25.6178083047144,25.5358106179362,25.6639033048348,25.6895027225489,25.6536617552083,25.715095777693,25.6331755985647,25.5716926484544,25.602438715738,25.5204287715866,25.5204287715866,25.4383533655169,25.4229569268991,25.4691393236678,25.4691393236678,25.3716187925976,25.4537474974415,25.3870229273887,25.2945634334578,25.2637250847104,25.4126913524992,25.4691393236678,25.4280893294658,25.4383533655169,25.5306835914689,25.4588783623232,25.6639033048348,25.669023697602,25.6792637192269,25.7202136256143,25.6946218424375,25.7457990516862,25.7509153744483,25.7304485586408,25.7662628184848,25.7048593188521,25.7253312192514,25.8020646344419,25.6741438357205,25.6843833481574,25.6997407078597,25.7662628184848,25.7457990516862,25.643419186549,25.7304485586408,25.7304485586408,25.6536617552083,25.622930990963,25.6792637192269,25.5870668306474,25.5409373888032,25.6843833481574,25.5819423585322,25.5768176311468,25.5306835914689,25.622930990963,25.5563161681696,25.5921910475291,25.5409373888032,25.6382975199907,25.6178083047144,25.602438715738,25.6895027225489,25.8327420103839,25.8327420103839,25.6946218424375,25.6741438357205,25.6997407078597,25.6843833481574,25.6997407078597,25.6946218424375,25.5870668306474,25.6280534222343,25.6331755985647,25.5358106179362,25.5460639041067,25.5153009780981,25.5101729288625,25.5204287715866,25.4280893294658,25.4742694202044,25.4742694202044,25.4845288451903,25.3408035889768,25.3613480855689,25.4999160630027,25.4845288451903,25.4383533655169,25.5050446238429,25.5614419170025,25.5921910475291,25.5819423585322,25.7202136256143,25.8327420103839,25.9910965851406,26.0574311037199,25.9400410144115,26.0268204667242,26.016614904526,26.0370250204644,25.9706773872579,26.1186251803434,25.9808874910754,26.0523299608444,26.0472285660339,26.0829330403271,26.0370250204644,26.0880326723456,26.0931320526798
25.3510763511273,25.3408035889768,25.3408035889768,25.5101729288625,25.4024247521646,25.3459400985342,25.3767537609245,25.3818884725093,25.5716926484544,25.5819423585322,25.5409373888032,25.4383533655169,25.4896581737131,25.4383533655169,25.3818884725093,25.3510763511273,25.3613480855689,25.5153009780981,25.3356668224182,25.4793992606996,25.5460639041067,25.4588783623232,25.3972910671794,25.3408035889768,25.3408035889768,25.1917328656758,25.4024247521646,25.3151171854302,25.2997022573604,25.0475965748176,25.3151171854302,25.3613480855689,25.2277352917338,25.1505717504272,25.1505717504272,25.2020205629554,25.2431610348875,25.5204287715866,25.6843833481574,25.6997407078597,25.2020205629554,25.3664835674914,25.5768176311468,25.4383533655169,25.4999160630027,25.4434849990752,25.3818884725093,25.3305297988212,25.2945634334578,25.3870229273887,25.3870229273887,25.6382975199907,25.5563161681696,25.5255563093646,25.4999160630027,25.5409373888032,25.3767537609245,25.4332214756594,25.5563161681696,25.7253312192514,25.5511901638832,25.5511901638832,25.464008971053,25.5614419170025,25.5358106179362,25.4075581805922,25.494787246305,25.3459400985342,25.4845288451903,25.4280893294658,25.4024247521646,25.4075581805922,25.464008971053,25.2688654531791,25.4537474974415,25.4383533655169,25.4178242679226,25.4280893294658,25.4126913524992,25.5409373888032,25.5153009780981,25.5153009780981,25.4126913524992,25.4896581737131,25.5819423585322,25.6382975199907,25.6382975199907,25.6485405982759,25.6946218424375,25.5870668306474,25.5921910475291,25.5563161681696,25.7048593188521,25.5973150092137,25.4588783623232,25.5768176311468,25.5973150092137,25.4999160630027,25.6075621671384,25.5204287715866,25.5511901638832,25.7713781252015,25.6639033048348,25.7560314431445,25.6280534222343,25.4537474974415,25.4691393236678,25.3613480855689,25.4742694202044,25.5050446238429,25.6536617552083,25.6639033048348,25.5409373888032,25.5050446238429,25.5768176311468,25.5768176311468,25.5870668306474,25.5768176311468,25.5819423585322,25.5768176311468,25.5716926484544,25.5511901638832,25.6587826573823,25.4229569268991,25.4332214756594,25.5204287715866,25.5050446238429,25.4434849990752,25.5153009780981,25.5153009780981,25.5768176311468,25.494787246305,25.5665674104186,25.5204287715866,25.6280534222343,25.6843833481574,25.5921910475291,25.6382975199907,25.5563161681696,25.5665674104186,25.5409373888032,25.669023697602,25.5050446238429,25.4075581805922,25.4588783623232,25.464008971053,25.4742694202044,25.4486163763711,25.3613480855689,25.4691393236678,25.2842850136107,25.4075581805922,25.4178242679226,25.4486163763711,25.464008971053,25.4742694202044,25.5870668306474,25.6895027225489,25.7713781252015,25.7662628184848,25.7764931779977,25.7048593188521,25.7099776754511,25.7713781252015,25.7304485586408,25.7713781252015,25.7764931779977,25.7406824748218,25.715095777693,25.7048593188521,25.6126853634517,25.6331755985647,25.6843833481574,25.7048593188521,25.715095777693,25.6536617552083,25.6587826573823,25.622930990963,25.5563161681696,25.622930990963,25.6280534222343,25.622930990963,25.5563161681696,25.5614419170025,25.5716926484544,25.5511901638832,25.5870668306474,25.6075621671384,25.6280534222343,25.5358106179362,25.5665674104186,25.5614419170025,25.6280534222343,25.622930990963,25.6895027225489,25.8276297483179,25.6382975199907,25.6997407078597,25.6792637192269,25.6639033048348,25.7509153744483,25.622930990963,25.5921910475291,25.6792637192269,25.5614419170025,25.5665674104186,25.5050446238429,25.5306835914689,25.5460639041067,25.4332214756594,25.4691393236678,25.5101729288625,25.5101729288625,25.5153009780981,25.4588783623232,25.494787246305,25.4486163763711,25.4845288451903,25.4691393236678,25.6178083047144,25.5153009780981,25.5409373888032,25.715095777693,25.9093955434194,25.8736309844862,25.9451477081579,25.9042870798318,25.996200753606,26.0013046697413,25.9400410144115,26.0217178117003,26.0370250204644,26.0370250204644,26.0421269192526,26.016614904526,26.0523299608444,26.0727330210948,26.0319228696336,25.8787409664887,25.9604662734002
25.4537474974415,25.3818884725093,25.4742694202044,25.4383533655169,25.3870229273887,25.5050446238429,25.5101729288625,25.494787246305,25.5819423585322,25.5460639041067,25.5819423585322,25.5614419170025,25.4588783623232,25.4383533655169,25.3870229273887,25.5358106179362,25.5153009780981,25.4691393236678,25.3408035889768,25.4742694202044,25.5563161681696,25.5358106179362,25.4434849990752,25.2637250847104,25.2740055641272,25.3305297988212,25.3870229273887,25.4845288451903,25.2020205629554,24.9806071469274,25.3459400985342,25.3613480855689,25.1454254487159,25.1814441360816,25.1968768433364,25.3562123467933,25.4383533655169,25.4280893294658,25.6178083047144,25.5768176311468,25.2225928617629,25.6075621671384,25.7713781252015,25.7918368132263,25.5204287715866,25.6075621671384,25.5460639041067,25.1557177937613,25.3408035889768,25.5614419170025,25.602438715738,25.5409373888032,25.622930990963,25.5768176311468,25.5409373888032,25.6741438357205,25.5255563093646,25.5306835914689,25.5819423585322,25.6792637192269,25.5716926484544,25.6075621671384,25.5819423585322,25.5204287715866,25.4691393236678,25.5358106179362,25.4434849990752,25.4537474974415,25.4178242679226,25.4332214756594,25.4024247521646,25.2842850136107,25.3664835674914,25.2534435750629,25.4178242679226,25.4075581805922,25.4896581737131,25.4793992606996,25.494787246305,25.4691393236678,25.7969508507036,25.5563161681696,25.5050446238429,25.4896581737131,25.622930990963,25.6075621671384,25.494787246305,25.8020646344419,25.6536617552083,25.5870668306474,25.3613480855689,25.6741438357205,25.5768176311468,25.5870668306474,25.5819423585322,25.5511901638832,25.5921910475291,25.5870668306474,25.4588783623232,25.4537474974415,25.7406824748218,25.7816079769097,25.6331755985647,25.7764931779977,25.7560314431445,25.5511901638832,25.4126913524992,25.4075581805922,25.4537474974415,25.5768176311468,25.5153009780981,25.6126853634517,25.5101729288625,25.5460639041067,25.6485405982759,25.6639033048348,25.5306835914689,25.5511901638832,25.5665674104186,25.5973150092137,25.5511901638832,25.643419186549,25.6587826573823,25.5409373888032,25.5306835914689,25.5511901638832,25.5204287715866,25.5716926484544,25.5101729288625,25.5819423585322,25.5973150092137,25.5204287715866,25.4691393236678,25.5716926484544,25.5973150092137,25.5460639041067,25.5358106179362,25.5460639041067,25.5614419170025,25.5921910475291,25.7509153744483,25.6536617552083,25.6126853634517,25.3664835674914,25.3767537609245,25.4896581737131,25.4178242679226,25.3716187925976,25.3870229273887,25.5101729288625,25.3613480855689,25.4229569268991,25.4691393236678,25.4999160630027,25.4229569268991,25.4691393236678,25.3870229273887,25.5716926484544,25.6792637192269,25.6946218424375,25.7816079769097,25.7202136256143,25.7509153744483,25.7918368132263,25.7406824748218,25.715095777693,25.7918368132263,25.7764931779977,25.7713781252015,25.7560314431445,25.8174044635856,25.7099776754511,25.7253312192514,25.7202136256143,25.602438715738,25.622930990963,25.6741438357205,25.6536617552083,25.643419186549,25.5306835914689,25.6741438357205,25.5716926484544,25.6895027225489,25.643419186549,25.622930990963,25.5665674104186,25.5973150092137,25.5306835914689,25.5511901638832,25.494787246305,25.5255563093646,25.5204287715866,25.5460639041067,25.6485405982759,25.715095777693,25.8122914408466,25.7048593188521,25.6536617552083,25.6126853634517,25.5973150092137,25.6178083047144,25.4742694202044,25.6587826573823,25.5255563093646,25.4126913524992,25.6587826573823,25.5511901638832,25.4845288451903,25.464008971053,25.4280893294658,25.4999160630027,25.3818884725093,25.5358106179362,25.4793992606996,25.4845288451903,25.4332214756594,25.4486163763711,25.4383533655169,25.4178242679226,25.4845288451903,25.4691393236678,25.6075621671384,25.7099776754511,25.8940693936838,25.8327420103839,25.996200753606,26.0676326338092,26.1135270578924,25.9502541492142,26.1033300584395,26.016614904526,26.0217178117003,26.1033300584395,26.0319228696336,26.0268204667242,26.0625319946962,26.0319228696336,26.0727330210948,25.9502541492142,26.0370250204644
25.3664835674914,25.3921571255997,25.3818884725093,25.4024247521646,25.3664835674914,25.4229569268991,25.3870229273887,25.3562123467933,25.4383533655169,25.4332214756594,25.4332214756594,25.5460639041067,25.4588783623232,25.4024247521646,25.4229569268991,25.3972910671794,25.4434849990752,25.3972910671794,25.3305297988212,25.3459400985342,25.4793992606996,25.4024247521646,25.3048408239653,25.1557177937613,25.1968768433364,25.325392518149,25.5306835914689,25.4178242679226,25.258584458684,25.3099791333095,25.3151171854302,25.2225928617629,25.2431610348875,25.3202549803643,25.4486163763711,25.3716187925976,25.3099791333095,25.2174501739369,25.3510763511273,25.3716187925976,25.2020205629554,25.3921571255997,25.4742694202044,25.4691393236678,25.5204287715866,25.4742694202044,25.5819423585322,25.3356668224182,25.3459400985342,25.5921910475291,25.602438715738,25.5819423585322,25.6382975199907,25.5716926484544,25.5050446238429,25.4178242679226,25.5255563093646,25.5204287715866,25.5050446238429,25.602438715738,25.5460639041067,25.5563161681696,25.6178083047144,25.3972910671794,25.5716926484544,25.6178083047144,25.5409373888032,25.4075581805922,25.4178242679226,25.4691393236678,25.3202549803643,25.4434849990752,25.5050446238429,25.4588783623232,25.2431610348875,25.4896581737131,25.494787246305,25.4845288451903,25.5101729288625,25.6178083047144,25.7969508507036,25.5716926484544,25.5614419170025,25.4896581737131,25.5358106179362,25.5768176311468,25.5511901638832,25.7918368132263,25.8020646344419,25.6587826573823,25.4793992606996,25.5409373888032,25.5716926484544,25.4793992606996,25.4793992606996,25.4486163763711,25.5870668306474,25.622930990963,25.4178242679226,25.5204287715866,25.6639033048348,25.643419186549,25.7867225219738,25.6895027225489,25.5614419170025,25.4075581805922,25.494787246305,25.4229569268991,25.5306835914689,25.5101729288625,25.5101729288625,25.5306835914689,25.5716926484544,25.5614419170025,25.6741438357205,25.6792637192269,25.5409373888032,25.5409373888032,25.5614419170025,25.5870668306474,25.5204287715866,25.5563161681696,25.6536617552083,25.5819423585322,25.5511901638832,25.5153009780981,25.5204287715866,25.5460639041067,25.5819423585322,25.602438715738,25.5921910475291,25.5973150092137,25.6536617552083,25.5204287715866,25.5358106179362,25.6280534222343,25.5563161681696,25.6485405982759,25.5973150092137,25.7918368132263,25.7918368132263,25.5409373888032,25.5614419170025,25.4588783623232,25.3972910671794,25.3870229273887,25.4691393236678,25.3613480855689,25.3921571255997,25.3510763511273,25.1660091054476,25.464008971053,25.5153009780981,25.4691393236678,25.4793992606996,25.4024247521646,25.4588783623232,25.5716926484544,25.7611472578112,25.6895027225489,25.8020646344419,25.7918368132263,25.7764931779977,25.8174044635856,25.7304485586408,25.643419186549,25.7406824748218,25.7764931779977,25.7406824748218,25.7918368132263,25.6946218424375,25.7406824748218,25.7048593188521,25.6536617552083,25.669023697602,25.6587826573823,25.7099776754511,25.6280534222343,25.6331755985647,25.5511901638832,25.5716926484544,25.5255563093646,25.5716926484544,25.5614419170025,25.622930990963,25.5614419170025,25.5511901638832,25.4845288451903,25.4845288451903,25.5101729288625,25.4999160630027,25.5409373888032,25.6331755985647,25.6587826573823,25.7099776754511,25.6639033048348,25.6485405982759,25.6946218424375,25.6895027225489,25.7048593188521,25.5358106179362,25.5921910475291,25.5563161681696,25.494787246305,25.4126913524992,25.4126913524992,25.4024247521646,25.5050446238429,25.3510763511273,25.4178242679226,25.4280893294658,25.3613480855689,25.5204287715866,25.4126913524992,25.4280893294658,25.4537474974415,25.4075581805922,25.4793992606996,25.3202549803643,25.4537474974415,25.4332214756594,25.5409373888032,25.6075621671384,25.8838506953317,26.0115117451654,26.0421269192526,26.0013046697413,26.0625319946962,26.0013046697413,25.9349340679388,25.9553603376162,26.0268204667242,26.0217178117003,26.016614904526,26.1288206708731,26.0778331565889,26.0523299608444,25.9808874910754,25.9298268687038,25.9655719566022
25.5101729288625,25.5665674104186,25.5101729288625,25.5101729288625,25.5460639041067,25.4845288451903,25.5153009780981,25.4024247521646,25.5665674104186,25.4229569268991,25.4229569268991,25.4229569268991,25.4383533655169,25.4075581805922,25.4588783623232,25.4537474974415,25.3562123467933,25.3818884725093,25.2688654531791,25.2791454175921,25.3870229273887,25.2688654531791,25.1557177937613,25.1968768433364,25.2071640245704,25.3767537609245,25.4280893294658,25.4024247521646,25.3356668224182,25.4691393236678,25.325392518149,25.4588783623232,25.3408035889768,25.3613480855689,25.4486163763711,25.3459400985342,25.2534435750629,25.1814441360816,25.1968768433364,25.1814441360816,25.1968768433364,25.4280893294658,25.4229569268991,25.3767537609245,25.4537474974415,25.464008971053,25.5973150092137,25.5460639041067,25.4691393236678,25.4486163763711,25.5819423585322,25.7253312192514,25.7048593188521,25.6075621671384,25.5153009780981,25.5563161681696,25.5870668306474,25.6331755985647,25.8276297483179,25.5511901638832,25.6895027225489,25.4999160630027,25.5563161681696,25.5716926484544,25.5665674104186,25.5973150092137,25.5255563093646,25.4691393236678,25.2945634334578,25.4126913524992,25.4691393236678,25.6331755985647,25.5460639041067,25.4075581805922,25.4075581805922,25.4229569268991,25.4383533655169,25.464008971053,25.5460639041067,25.6331755985647,25.7816079769097,25.6792637192269,25.6843833481574,25.4742694202044,25.5921910475291,25.6126853634517,25.5768176311468,25.494787246305,25.5716926484544,25.6178083047144,25.5768176311468,25.4793992606996,25.5409373888032,25.5050446238429,25.4383533655169,25.4793992606996,25.6997407078597,25.7406824748218,25.5306835914689,25.6331755985647,25.7099776754511,25.6639033048348,25.7867225219738,25.6946218424375,25.6075621671384,25.5665674104186,25.4691393236678,25.5358106179362,25.5716926484544,25.494787246305,25.5819423585322,25.5768176311468,25.5716926484544,25.5614419170025,25.5665674104186,25.5306835914689,25.5614419170025,25.6075621671384,25.669023697602,25.5973150092137,25.5921910475291,25.602438715738,25.669023697602,25.5204287715866,25.6126853634517,25.5050446238429,25.5255563093646,25.602438715738,25.5870668306474,25.6075621671384,25.6075621671384,25.6280534222343,25.6280534222343,25.6639033048348,25.6587826573823,25.6639033048348,25.6587826573823,25.5921910475291,25.5614419170025,25.7969508507036,25.7304485586408,25.5563161681696,25.5409373888032,25.4999160630027,25.4896581737131,25.4896581737131,25.5153009780981,25.4793992606996,25.3459400985342,25.4383533655169,25.4280893294658,25.3972910671794,25.4896581737131,25.4999160630027,25.4793992606996,25.464008971053,25.5511901638832,25.6587826573823,25.6741438357205,25.7867225219738,25.7406824748218,25.7816079769097,25.6331755985647,25.7099776754511,25.6587826573823,25.6741438357205,25.7304485586408,25.7662628184848,25.7764931779977,25.715095777693,25.7918368132263,25.6792637192269,25.6741438357205,25.6895027225489,25.6946218424375,25.6382975199907,25.6792637192269,25.6741438357205,25.5255563093646,25.6126853634517,25.6331755985647,25.5563161681696,25.5665674104186,25.5665674104186,25.6536617552083,25.5665674104186,25.5101729288625,25.5665674104186,25.5306835914689,25.5255563093646,25.5921910475291,25.5409373888032,25.6587826573823,25.5153009780981,25.5768176311468,25.643419186549,25.6895027225489,25.6485405982759,25.6485405982759,25.6382975199907,25.5511901638832,25.5716926484544,25.5511901638832,25.5358106179362,25.5306835914689,25.4434849990752,25.3921571255997,25.4742694202044,25.4845288451903,25.4896581737131,25.494787246305,25.4486163763711,25.4537474974415,25.5306835914689,25.4537474974415,25.4537474974415,25.464008971053,25.4742694202044,25.4229569268991,25.5204287715866,25.6178083047144,25.622930990963,25.9604662734002,25.8940693936838,25.9145037540644,26.1033300584395,26.1695925799393,25.9808874910754,26.0013046697413,25.9502541492142,26.0370250204644,26.0268204667242,26.0370250204644,25.9757825654037,26.0370250204644,26.0421269192526,26.0676326338092,26.0268204667242,26.1339180390234,25.996200753606
25.4126913524992,25.3818884725093,25.3972910671794,25.5255563093646,25.6485405982759,25.5101729288625,25.464008971053,25.4280893294658,25.5255563093646,25.3818884725093,25.4126913524992,25.4280893294658,25.4486163763711,25.4434849990752,25.4691393236678,25.4178242679226,25.3510763511273,25.3459400985342,25.3408035889768,25.2997022573604,25.2174501739369,25.1351320700124,25.0939482126385,25.0372933614365,25.4229569268991,25.4588783623232,25.5716926484544,25.4896581737131,25.4896581737131,25.4434849990752,25.3202549803643,25.2534435750629,25.2740055641272,25.3716187925976,25.2637250847104,25.2534435750629,25.2277352917338,25.1351320700124,25.1917328656758,25.1968768433364,25.4075581805922,25.4178242679226,25.4024247521646,25.2791454175921,25.5716926484544,25.4896581737131,25.5716926484544,25.5358106179362,25.4537474974415,25.4383533655169,25.5614419170025,25.7048593188521,25.669023697602,25.6997407078597,25.5921910475291,25.4588783623232,25.7457990516862,25.7048593188521,25.7560314431445,25.622930990963,25.602438715738,25.3972910671794,25.5511901638832,25.5614419170025,25.5716926484544,25.5973150092137,25.5870668306474,25.5870668306474,25.4896581737131,25.5101729288625,25.5921910475291,25.7406824748218,25.6485405982759,25.5153009780981,25.3716187925976,25.4280893294658,25.4178242679226,25.4332214756594,25.4845288451903,25.5921910475291,25.6382975199907,25.5921910475291,25.622930990963,25.6843833481574,25.5409373888032,25.6382975199907,25.6075621671384,25.5973150092137,25.5460639041067,25.5819423585322,25.602438715738,25.5460639041067,25.5921910475291,25.4999160630027,25.5255563093646,25.6126853634517,25.8838506953317,25.7764931779977,25.5563161681696,25.5921910475291,25.669023697602,25.5460639041067,25.5050446238429,25.602438715738,25.5716926484544,25.5614419170025,25.4537474974415,25.4691393236678,25.3972910671794,25.464008971053,25.5921910475291,25.4999160630027,25.5101729288625,25.5665674104186,25.5511901638832,25.5665674104186,25.6536617552083,25.669023697602,25.669023697602,25.5563161681696,25.5973150092137,25.602438715738,25.6792637192269,25.5870668306474,25.5973150092137,25.6382975199907,25.5973150092137,25.6178083047144,25.5204287715866,25.5409373888032,25.4999160630027,25.622930990963,25.6075621671384,25.6639033048348,25.669023697602,25.6587826573823,25.6792637192269,25.6536617552083,25.643419186549,25.6382975199907,25.6997407078597,25.6997407078597,25.5768176311468,25.5153009780981,25.4999160630027,25.5306835914689,25.5050446238429,25.4845288451903,25.4075581805922,25.3972910671794,25.4229569268991,25.5665674104186,25.3151171854302,25.4332214756594,25.5409373888032,25.4793992606996,25.5409373888032,25.6741438357205,25.7355656438188,25.7253312192514,25.6587826573823,25.7253312192514,25.7611472578112,25.7509153744483,25.7509153744483,25.7355656438188,25.6382975199907,25.7611472578112,25.7560314431445,25.7560314431445,25.8174044635856,25.669023697602,25.6895027225489,25.669023697602,25.6895027225489,25.6126853634517,25.6485405982759,25.602438715738,25.6946218424375,25.5204287715866,25.5819423585322,25.6280534222343,25.5153009780981,25.5665674104186,25.5614419170025,25.5614419170025,25.5768176311468,25.464008971053,25.4383533655169,25.4999160630027,25.5153009780981,25.5460639041067,25.5409373888032,25.6536617552083,25.669023697602,25.7662628184848,25.7355656438188,25.6485405982759,25.622930990963,25.622930990963,25.4332214756594,25.5768176311468,25.6075621671384,25.5306835914689,25.4845288451903,25.4793992606996,25.5665674104186,25.4229569268991,25.4742694202044,25.494787246305,25.4486163763711,25.4845288451903,25.4793992606996,25.4845288451903,25.4742694202044,25.4845288451903,25.5511901638832,25.4434849990752,25.5255563093646,25.4280893294658,25.5973150092137,25.6792637192269,25.9298268687038,25.9553603376162,25.996200753606,26.0217178117003,26.0574311037199,26.0931320526798,25.996200753606,25.9706773872579,25.9757825654037,26.0268204667242,25.9502541492142,26.0421269192526,26.0319228696336,26.0676326338092,26.016614904526,26.016614904526,25.9910965851406,25.9910965851406
25.325392518149,25.5665674104186,25.3921571255997,25.5050446238429,25.4999160630027,25.4896581737131,25.4178242679226,25.4280893294658,25.5409373888032,25.3767537609245,25.3716187925976,25.3716187925976,25.5563161681696,25.4383533655169,25.464008971053,25.4229569268991,25.3408035889768,25.3870229273887,25.3613480855689,25.3151171854302,25.14027888859,24.9960701368761,25.0887990663117,25.1196900631945,25.5819423585322,25.4383533655169,25.6178083047144,25.6946218424375,25.5665674104186,25.258584458684,25.2740055641272,25.2431610348875,25.3459400985342,25.2483024338098,25.2431610348875,25.3562123467933,25.1711543738743,25.2071640245704,25.2225928617629,25.0321413659635,25.4537474974415,25.5665674104186,25.4178242679226,25.2380193782588,25.4332214756594,25.6331755985647,25.6895027225489,25.6382975199907,25.5460639041067,25.5973150092137,25.7457990516862,25.7202136256143,25.7099776754511,25.6587826573823,25.5973150092137,25.6536617552083,25.6946218424375,25.7202136256143,25.643419186549,25.5870668306474,25.5255563093646,25.715095777693,25.7662628184848,25.5768176311468,25.5870668306474,25.5665674104186,25.6792637192269,25.6639033048348,25.5716926484544,25.5973150092137,25.622930990963,25.6280534222343,25.6075621671384,25.5563161681696,25.4280893294658,25.4434849990752,25.4845288451903,25.4896581737131,25.5665674104186,25.5819423585322,25.5870668306474,25.6382975199907,25.622930990963,25.622930990963,25.5204287715866,25.4793992606996,25.5870668306474,25.5358106179362,25.5921910475291,25.5614419170025,25.5973150092137,25.5358106179362,25.6126853634517,25.4742694202044,25.5819423585322,25.669023697602,25.6895027225489,25.6485405982759,25.6126853634517,25.6331755985647,25.4793992606996,25.3870229273887,25.4383533655169,25.4229569268991,25.4537474974415,25.5665674104186,25.4742694202044,25.4332214756594,25.4178242679226,25.494787246305,25.4537474974415,25.4999160630027,25.4896581737131,25.5716926484544,25.5563161681696,25.5409373888032,25.5255563093646,25.6792637192269,25.6587826573823,25.5716926484544,25.5921910475291,25.6126853634517,25.5614419170025,25.6178083047144,25.5716926484544,25.5563161681696,25.6536617552083,25.5665674104186,25.602438715738,25.6075621671384,25.5306835914689,25.5973150092137,25.6382975199907,25.6639033048348,25.6536617552083,25.6075621671384,25.6485405982759,25.643419186549,25.6126853634517,25.6587826573823,25.6946218424375,25.7764931779977,25.4691393236678,25.4845288451903,25.5870668306474,25.602438715738,25.5101729288625,25.4075581805922,25.3613480855689,25.4999160630027,25.4280893294658,25.4691393236678,25.4332214756594,25.4280893294658,25.5204287715866,25.6792637192269,25.7918368132263,25.6946218424375,25.7816079769097,25.7304485586408,25.7509153744483,25.8225172327306,25.7457990516862,25.7202136256143,25.7969508507036,25.7099776754511,25.7253312192514,25.715095777693,25.7662628184848,25.7764931779977,25.6895027225489,25.6126853634517,25.7304485586408,25.6946218424375,25.6639033048348,25.5921910475291,25.6331755985647,25.6126853634517,25.6178083047144,25.5306835914689,25.5973150092137,25.5460639041067,25.5819423585322,25.5511901638832,25.5563161681696,25.5614419170025,25.5511901638832,25.5563161681696,25.5101729288625,25.5255563093646,25.5358106179362,25.5870668306474,25.5460639041067,25.643419186549,25.6741438357205,25.6741438357205,25.7457990516862,25.7918368132263,25.6178083047144,25.622930990963,25.5716926484544,25.5409373888032,25.4896581737131,25.4896581737131,25.4691393236678,25.4486163763711,25.3356668224182,25.5153009780981,25.4332214756594,25.3356668224182,25.4280893294658,25.4332214756594,25.4486163763711,25.4691393236678,25.4588783623232,25.464008971053,25.5665674104186,25.5358106179362,25.4434849990752,25.5153009780981,25.6843833481574,25.9451477081579,25.9298268687038,26.0778331565889,25.9706773872579,26.0472285660339,26.0574311037199,26.0370250204644,25.985992164309,26.0217178117003,26.0931320526798,26.0472285660339,25.9349340679388,25.996200753606,26.016614904526,26.0727330210948,26.0013046697413,26.0268204667242,25.9808874910754,25.868520749288
25.2123072282184,25.3356668224182,25.4588783623232,25.3921571255997,25.494787246305,25.4486163763711,25.4229569268991,25.4178242679226,25.464008971053,25.3921571255997,25.3818884725093,25.1865886299367,25.4434849990752,25.6382975199907,25.5921910475291,25.5973150092137,25.4332214756594,25.4742694202044,25.3664835674914,25.1660091054476,25.1660091054476,24.9754522977662,24.9754522977662,25.0836496611589,25.3972910671794,25.5358106179362,25.6178083047144,25.5563161681696,25.5409373888032,25.2945634334578,25.258584458684,25.2740055641272,25.5204287715866,25.3510763511273,25.2431610348875,25.2688654531791,25.2534435750629,25.1557177937613,25.0733500742259,25.1968768433364,25.6331755985647,25.602438715738,25.2328774638867,25.4178242679226,25.6178083047144,25.7867225219738,25.8020646344419,25.7969508507036,25.5921910475291,25.5358106179362,25.715095777693,25.7253312192514,25.7355656438188,25.6792637192269,25.5563161681696,25.7764931779977,25.6536617552083,25.8174044635856,25.5768176311468,25.5716926484544,25.5665674104186,25.6895027225489,25.6843833481574,25.6331755985647,25.5819423585322,25.5614419170025,25.5921910475291,25.6126853634517,25.602438715738,25.5768176311468,25.4896581737131,25.4742694202044,25.622930990963,25.5973150092137,25.4075581805922,25.325392518149,25.4178242679226,25.4486163763711,25.5819423585322,25.5768176311468,25.5768176311468,25.5870668306474,25.6126853634517,25.622930990963,25.5716926484544,25.5101729288625,25.6639033048348,25.6178083047144,25.5511901638832,25.5409373888032,25.5973150092137,25.6126853634517,25.5819423585322,25.5409373888032,25.4845288451903,25.494787246305,25.6075621671384,25.6280534222343,25.6280534222343,25.6280534222343,25.643419186549,25.5358106179362,25.5768176311468,25.4075581805922,25.5460639041067,25.5101729288625,25.2894243522202,25.325392518149,25.4178242679226,25.5306835914689,25.5101729288625,25.4383533655169,25.5614419170025,25.5665674104186,25.622930990963,25.643419186549,25.6536617552083,25.5716926484544,25.5819423585322,25.715095777693,25.5614419170025,25.5306835914689,25.5819423585322,25.5716926484544,25.5409373888032,25.5716926484544,25.5921910475291,25.5511901638832,25.602438715738,25.6075621671384,25.6639033048348,25.5973150092137,25.6280534222343,25.6587826573823,25.6126853634517,25.6741438357205,25.6126853634517,25.5819423585322,25.6792637192269,25.5921910475291,25.6331755985647,25.6126853634517,25.6075621671384,25.5204287715866,25.4845288451903,25.5768176311468,25.5921910475291,25.4229569268991,25.3305297988212,25.1917328656758,25.3305297988212,25.3767537609245,25.4537474974415,25.4896581737131,25.4896581737131,25.669023697602,25.6895027225489,25.7253312192514,25.622930990963,25.6331755985647,25.7406824748218,25.7355656438188,25.7611472578112,25.7355656438188,25.7202136256143,25.7099776754511,25.7457990516862,25.669023697602,25.6843833481574,25.6792637192269,25.669023697602,25.602438715738,25.6741438357205,25.6331755985647,25.6536617552083,25.6126853634517,25.622930990963,25.6178083047144,25.6280534222343,25.5306835914689,25.6126853634517,25.5511901638832,25.5768176311468,25.5409373888032,25.5563161681696,25.5153009780981,25.4486163763711,25.5973150092137,25.3305297988212,25.4537474974415,25.4178242679226,25.5255563093646,25.6536617552083,25.6741438357205,25.6639033048348,25.6331755985647,25.669023697602,25.7048593188521,25.6741438357205,25.5870668306474,25.6485405982759,25.5306835914689,25.5358106179362,25.4434849990752,25.4588783623232,25.3870229273887,25.4486163763711,25.3202549803643,25.3664835674914,25.3408035889768,25.4075581805922,25.4024247521646,25.3613480855689,25.3972910671794,25.4537474974415,25.3921571255997,25.4537474974415,25.2894243522202,25.4332214756594,25.5870668306474,25.5153009780981,25.8174044635856,25.9298268687038,25.9196117118026,25.996200753606,26.0319228696336,26.0319228696336,25.9400410144115,25.9247194166704,25.9196117118026,25.8276297483179,25.9298268687038,25.9706773872579,25.9042870798318,25.8991783632653,26.0268204667242,25.9553603376162,25.985992164309,25.9349340679388,25.9706773872579
25.2791454175921,25.3305297988212,25.5255563093646,25.5358106179362,25.494787246305,25.3613480855689,25.325392518149,25.4178242679226,25.3613480855689,25.4896581737131,25.4178242679226,25.4075581805922,25.464008971053,25.669023697602,25.4486163763711,25.4691393236678,25.643419186549,25.5819423585322,25.5409373888032,25.3972910671794,24.8826205758957,25.0836496611589,25.2328774638867,25.5819423585322,25.6178083047144,25.6280534222343,25.643419186549,25.5819423585322,25.5409373888032,25.5819423585322,25.5768176311468,25.5819423585322,25.5921910475291,25.3716187925976,25.2483024338098,25.2328774638867,25.1351320700124,25.0321413659635,25.1762993840732,25.3664835674914,25.6382975199907,25.5614419170025,25.5255563093646,25.5563161681696,25.7355656438188,25.7764931779977,25.7202136256143,25.7969508507036,25.602438715738,25.5306835914689,25.7202136256143,25.7355656438188,25.7560314431445,25.715095777693,25.325392518149,25.6895027225489,25.8122914408466,25.7355656438188,25.5204287715866,25.4896581737131,25.6126853634517,25.6382975199907,25.5358106179362,25.6126853634517,25.6178083047144,25.5153009780981,25.5563161681696,25.5511901638832,25.5255563093646,25.4691393236678,25.5665674104186,25.5819423585322,25.5563161681696,25.5973150092137,25.5563161681696,25.4332214756594,25.3716187925976,25.4845288451903,25.669023697602,25.4742694202044,25.5870668306474,25.6331755985647,25.6331755985647,25.5563161681696,25.4486163763711,25.6126853634517,25.4742694202044,25.4691393236678,25.6280534222343,25.6126853634517,25.5050446238429,25.7253312192514,25.602438715738,25.5511901638832,25.5153009780981,25.6075621671384,25.5563161681696,25.5614419170025,25.6280534222343,25.643419186549,25.5768176311468,25.5204287715866,25.5716926484544,25.5716926484544,25.5614419170025,25.2945634334578,25.2277352917338,25.3921571255997,25.5255563093646,25.4229569268991,25.5511901638832,25.4024247521646,25.5153009780981,25.5460639041067,25.6587826573823,25.5460639041067,25.5460639041067,25.5511901638832,25.5358106179362,25.6792637192269,25.5460639041067,25.5358106179362,25.5306835914689,25.5563161681696,25.6331755985647,25.5973150092137,25.5768176311468,25.6075621671384,25.5358106179362,25.5819423585322,25.5665674104186,25.5716926484544,25.5870668306474,25.5563161681696,25.6126853634517,25.5973150092137,25.5255563093646,25.5870668306474,25.5973150092137,25.6587826573823,25.6639033048348,25.6178083047144,25.5768176311468,25.5358106179362,25.6075621671384,25.5306835914689,25.4896581737131,25.4126913524992,25.5153009780981,25.3510763511273,25.3356668224182,25.4742694202044,25.5358106179362,25.5614419170025,25.5511901638832,25.6485405982759,25.6843833481574,25.5973150092137,25.7611472578112,25.6331755985647,25.669023697602,25.7253312192514,25.7457990516862,25.7048593188521,25.7253312192514,25.643419186549,25.6843833481574,25.7560314431445,25.6792637192269,25.7304485586408,25.6639033048348,25.6639033048348,25.6843833481574,25.6178083047144,25.6741438357205,25.6741438357205,25.6382975199907,25.622930990963,25.6280534222343,25.6280534222343,25.602438715738,25.6895027225489,25.6997407078597,25.6843833481574,25.6536617552083,25.6075621671384,25.5563161681696,25.5870668306474,25.5409373888032,25.4793992606996,25.4588783623232,25.643419186549,25.494787246305,25.5665674104186,25.7253312192514,25.6280534222343,25.643419186549,25.6536617552083,25.602438715738,25.643419186549,25.7406824748218,25.5204287715866,25.4999160630027,25.4486163763711,25.3356668224182,25.4178242679226,25.4126913524992,25.4178242679226,25.3972910671794,25.4075581805922,25.3921571255997,25.4280893294658,25.325392518149,25.3870229273887,25.4691393236678,25.4896581737131,25.5255563093646,25.4126913524992,25.4691393236678,25.5716926484544,25.6946218424375,25.8327420103839,25.9400410144115,25.9093955434194,25.9604662734002,26.0370250204644,25.9757825654037,25.9655719566022,26.0421269192526,25.9757825654037,26.0268204667242,25.9808874910754,26.0013046697413,26.0319228696336,25.9808874910754,26.0013046697413,25.9247194166704,25.985992164309,25.8276297483179,25.9604662734002
25.3408035889768,25.2277352917338,25.2328774638867,25.3767537609245,25.5050446238429,25.4126913524992,25.464008971053,25.3305297988212,25.4486163763711,25.4332214756594,25.3921571255997,25.4742694202044,25.4383533655169,25.5614419170025,25.464008971053,25.5716926484544,25.7509153744483,25.5973150092137,25.6997407078597,25.3408035889768,24.9599861922213,25.325392518149,25.3202549803643,25.4896581737131,25.5870668306474,25.5409373888032,25.5358106179362,25.2123072282184,25.2997022573604,25.4999160630027,25.5050446238429,25.5921910475291,25.602438715738,25.3562123467933,25.124837657352,25.3305297988212,25.0372933614365,25.0269891112523,25.2431610348875,25.3459400985342,25.4742694202044,25.4845288451903,25.5358106179362,25.5460639041067,25.622930990963,25.5563161681696,25.5563161681696,25.5204287715866,25.4383533655169,25.5153009780981,25.5255563093646,25.7253312192514,25.6792637192269,25.5050446238429,25.4896581737131,25.6997407078597,25.6843833481574,25.7560314431445,25.4793992606996,25.5255563093646,25.5358106179362,25.5511901638832,25.5563161681696,25.4178242679226,25.5973150092137,25.5153009780981,25.5614419170025,25.5665674104186,25.5255563093646,25.4434849990752,25.4691393236678,25.4793992606996,25.5614419170025,25.5614419170025,25.5204287715866,25.2688654531791,25.4126913524992,25.4537474974415,25.4229569268991,25.4332214756594,25.5973150092137,25.6946218424375,25.464008971053,25.5614419170025,25.5204287715866,25.643419186549,25.4845288451903,25.4537474974415,25.4793992606996,25.5973150092137,25.6126853634517,25.5921910475291,25.5153009780981,25.5101729288625,25.5665674104186,25.6485405982759,25.5204287715866,25.4793992606996,25.5870668306474,25.5921910475291,25.5768176311468,25.5614419170025,25.6075621671384,25.5819423585322,25.4229569268991,25.3459400985342,25.3459400985342,25.4126913524992,25.5358106179362,25.5306835914689,25.5665674104186,25.5460639041067,25.5563161681696,25.5460639041067,25.6280534222343,25.5614419170025,25.4537474974415,25.6536617552083,25.5665674104186,25.4486163763711,25.5204287715866,25.5460639041067,25.5460639041067,25.6075621671384,25.5665674104186,25.6178083047144,25.6382975199907,25.6126853634517,25.6178083047144,25.5409373888032,25.5768176311468,25.5819423585322,25.5050446238429,25.5050446238429,25.5819423585322,25.6536617552083,25.5870668306474,25.4588783623232,25.5870668306474,25.5870668306474,25.6178083047144,25.6178083047144,25.6126853634517,25.6178083047144,25.5870668306474,25.494787246305,25.4126913524992,25.5153009780981,25.3972910671794,25.4024247521646,25.1557177937613,25.4383533655169,25.494787246305,25.5358106179362,25.6178083047144,25.6792637192269,25.715095777693,25.5716926484544,25.5819423585322,25.6895027225489,25.6587826573823,25.715095777693,25.7611472578112,25.7867225219738,25.6843833481574,25.7816079769097,25.6895027225489,25.6126853634517,25.6792637192269,25.6382975199907,25.6280534222343,25.7457990516862,25.643419186549,25.6075621671384,25.6946218424375,25.6639033048348,25.7048593188521,25.6280534222343,25.715095777693,25.643419186549,25.6536617552083,25.6126853634517,25.5973150092137,25.5819423585322,25.5563161681696,25.5614419170025,25.5409373888032,25.464008971053,25.4537474974415,25.4229569268991,25.4024247521646,25.4999160630027,25.622930990963,25.6536617552083,25.6536617552083,25.5870668306474,25.6280534222343,25.5460639041067,25.6382975199907,25.5716926484544,25.602438715738,25.5050446238429,25.4896581737131,25.4486163763711,25.4178242679226,25.3459400985342,25.4075581805922,25.4126913524992,25.3972910671794,25.4178242679226,25.3921571255997,25.4537474974415,25.3921571255997,25.4229569268991,25.4537474974415,25.4896581737131,25.5973150092137,25.4845288451903,25.4999160630027,25.6895027225489,25.7560314431445,25.7048593188521,25.8020646344419,25.8940693936838,25.863410260858,25.9655719566022,26.016614904526,26.016614904526,26.0319228696336,26.0421269192526,25.9910965851406,25.9247194166704,25.9553603376162,26.0931320526798,25.9808874910754,25.9808874910754,25.9808874910754,25.9349340679388,25.9400410144115,25.9757825654037
25.494787246305,25.494787246305,25.3510763511273,25.2431610348875,25.4845288451903,25.4742694202044,25.4537474974415,25.3716187925976,25.3664835674914,25.4691393236678,25.4793992606996,25.4537474974415,25.3870229273887,25.4588783623232,25.4742694202044,25.4742694202044,25.6895027225489,25.602438715738,25.6895027225489,25.4280893294658,25.4691393236678,25.4280893294658,25.5819423585322,25.5153009780981,25.6075621671384,25.4999160630027,25.5255563093646,25.3048408239653,25.2483024338098,25.3664835674914,25.3613480855689,25.3613480855689,25.4742694202044,25.3716187925976,25.2688654531791,25.2483024338098,25.1505717504272,25.0218365972651,25.2637250847104,25.3408035889768,25.3613480855689,25.2380193782588,25.5306835914689,25.5255563093646,25.3562123467933,25.3870229273887,25.3664835674914,25.2791454175921,25.2997022573604,25.4332214756594,25.4691393236678,25.4793992606996,25.4537474974415,25.5101729288625,25.4588783623232,25.4845288451903,25.6741438357205,25.7969508507036,25.4691393236678,25.4793992606996,25.5204287715866,25.5460639041067,25.6178083047144,25.4383533655169,25.5614419170025,25.5255563093646,25.5511901638832,25.5716926484544,25.4999160630027,25.5050446238429,25.5153009780981,25.1660091054476,25.3972910671794,25.4024247521646,25.5409373888032,25.3767537609245,25.464008971053,25.4588783623232,25.5665674104186,25.464008971053,25.4588783623232,25.6178083047144,25.5409373888032,25.5358106179362,25.5614419170025,25.4691393236678,25.4742694202044,25.5409373888032,25.494787246305,25.5921910475291,25.5921910475291,25.6587826573823,25.5204287715866,25.5819423585322,25.5870668306474,25.6843833481574,25.4845288451903,25.4999160630027,25.5255563093646,25.5511901638832,25.4537474974415,25.6075621671384,25.5409373888032,25.4280893294658,25.4229569268991,25.3767537609245,25.4280893294658,25.4024247521646,25.5716926484544,25.6280534222343,25.5409373888032,25.5460639041067,25.6536617552083,25.669023697602,25.6075621671384,25.5511901638832,25.6639033048348,25.6587826573823,25.5973150092137,25.5819423585322,25.5716926484544,25.5819423585322,25.6587826573823,25.5511901638832,25.5819423585322,25.643419186549,25.602438715738,25.5460639041067,25.6126853634517,25.643419186549,25.5460639041067,25.5511901638832,25.5511901638832,25.5460639041067,25.6075621671384,25.5716926484544,25.5973150092137,25.5716926484544,25.5973150092137,25.4999160630027,25.5819423585322,25.6331755985647,25.6178083047144,25.5870668306474,25.5255563093646,25.5460639041067,25.5306835914689,25.5255563093646,25.3562123467933,25.3921571255997,25.2483024338098,25.4486163763711,25.5101729288625,25.6126853634517,25.6280534222343,25.6126853634517,25.4486163763711,25.6741438357205,25.6331755985647,25.6075621671384,25.5665674104186,25.6178083047144,25.6587826573823,25.669023697602,25.643419186549,25.6895027225489,25.8020646344419,25.7764931779977,25.6639033048348,25.6075621671384,25.7253312192514,25.6536617552083,25.6485405982759,25.6331755985647,25.602438715738,25.6075621671384,25.6126853634517,25.7355656438188,25.6997407078597,25.7457990516862,25.5870668306474,25.5614419170025,25.6946218424375,25.602438715738,25.6331755985647,25.5921910475291,25.5101729288625,25.4742694202044,25.464008971053,25.4126913524992,25.464008971053,25.4742694202044,25.5973150092137,25.602438715738,25.6331755985647,25.643419186549,25.5204287715866,25.5511901638832,25.6126853634517,25.5870668306474,25.6843833481574,25.5460639041067,25.4793992606996,25.3408035889768,25.4075581805922,25.3408035889768,25.5101729288625,25.4178242679226,25.4024247521646,25.4178242679226,25.3972910671794,25.464008971053,25.4434849990752,25.4024247521646,25.4229569268991,25.5050446238429,25.4691393236678,25.4588783623232,25.6178083047144,25.7611472578112,25.6741438357205,25.7713781252015,25.7662628184848,25.7764931779977,25.7764931779977,25.8736309844862,26.016614904526,25.985992164309,25.9042870798318,26.0064083335824,25.8889601710514,25.8378540189647,25.9400410144115,25.9808874910754,25.9349340679388,25.9655719566022,25.9145037540644,25.9400410144115,25.8838506953317,25.9247194166704
25.3305297988212,25.4178242679226,25.3562123467933,25.3459400985342,25.3870229273887,25.4178242679226,25.4486163763711,25.3664835674914,25.464008971053,25.3562123467933,25.4793992606996,25.4075581805922,25.3613480855689,25.4486163763711,25.3716187925976,25.5973150092137,25.4845288451903,25.4793992606996,25.4793992606996,25.4999160630027,25.5511901638832,25.4383533655169,25.5306835914689,25.464008971053,25.4332214756594,25.5768176311468,25.4280893294658,25.2842850136107,25.0939482126385,25.3459400985342,25.3202549803643,25.4793992606996,25.4793992606996,25.4126913524992,25.3972910671794,25.4024247521646,25.2380193782588,25.1762993840732,25.4537474974415,25.2688654531791,25.4691393236678,25.2483024338098,25.2020205629554,25.2071640245704,25.2894243522202,25.3664835674914,25.2740055641272,25.258584458684,25.3613480855689,25.3459400985342,25.3818884725093,25.2945634334578,25.3151171854302,25.3202549803643,25.4896581737131,25.464008971053,25.4178242679226,25.5101729288625,25.5409373888032,25.4845288451903,25.6126853634517,25.5409373888032,25.5614419170025,25.5460639041067,25.4691393236678,25.5870668306474,25.5819423585322,25.5153009780981,25.4896581737131,25.5153009780981,25.5204287715866,25.3921571255997,25.3818884725093,25.5255563093646,25.4845288451903,25.3972910671794,25.4434849990752,25.3613480855689,25.4024247521646,25.4126913524992,25.4383533655169,25.5358106179362,25.5819423585322,25.6178083047144,25.622930990963,25.5050446238429,25.602438715738,25.4896581737131,25.494787246305,25.5050446238429,25.5101729288625,25.6075621671384,25.494787246305,25.5819423585322,25.5870668306474,25.6536617552083,25.4999160630027,25.5204287715866,25.5204287715866,25.4588783623232,25.5050446238429,25.4691393236678,25.464008971053,25.4742694202044,25.4486163763711,25.4537474974415,25.4280893294658,25.4075581805922,25.622930990963,25.4742694202044,25.5306835914689,25.5973150092137,25.6382975199907,25.6536617552083,25.5768176311468,25.6280534222343,25.5358106179362,25.5204287715866,25.5306835914689,25.4588783623232,25.5665674104186,25.5768176311468,25.5563161681696,25.5665674104186,25.643419186549,25.643419186549,25.602438715738,25.6382975199907,25.5614419170025,25.5409373888032,25.4896581737131,25.5563161681696,25.5973150092137,25.5819423585322,25.5768176311468,25.5768176311468,25.5870668306474,25.6331755985647,25.6639033048348,25.6075621671384,25.602438715738,25.6075621671384,25.464008971053,25.5768176311468,25.5460639041067,25.6075621671384,25.5255563093646,25.3716187925976,25.4229569268991,25.4229569268991,25.3202549803643,25.4178242679226,25.4896581737131,25.3921571255997,25.4793992606996,25.5973150092137,25.5306835914689,25.5768176311468,25.6792637192269,25.6485405982759,25.6126853634517,25.5768176311468,25.6536617552083,25.6639033048348,25.6280534222343,25.7918368132263,25.6895027225489,25.7202136256143,25.7662628184848,25.7304485586408,25.602438715738,25.6126853634517,25.6485405982759,25.7457990516862,25.5973150092137,25.5870668306474,25.6587826573823,25.7406824748218,25.7406824748218,25.6997407078597,25.6946218424375,25.6280534222343,25.5973150092137,25.5819423585322,25.5460639041067,25.5768176311468,25.494787246305,25.4793992606996,25.4280893294658,25.4896581737131,25.4588783623232,25.6485405982759,25.4999160630027,25.602438715738,25.5306835914689,25.4999160630027,25.7406824748218,25.6280534222343,25.6126853634517,25.5614419170025,25.6126853634517,25.464008971053,25.5204287715866,25.4024247521646,25.4075581805922,25.4178242679226,25.4229569268991,25.464008971053,25.4537474974415,25.3972910671794,25.4075581805922,25.3972910671794,25.3870229273887,25.3613480855689,25.4486163763711,25.5358106179362,25.6178083047144,25.5665674104186,25.7253312192514,25.7867225219738,25.7304485586408,25.7406824748218,25.7048593188521,25.7611472578112,25.8071781644774,25.8225172327306,26.0421269192526,26.0217178117003,25.9247194166704,25.8991783632653,25.9093955434194,25.8327420103839,25.8991783632653,25.9196117118026,25.9553603376162,25.9451477081579,25.9400410144115,25.9553603376162,25.8787409664887,25.8787409664887
25.5716926484544,25.2791454175921,25.325392518149,25.3356668224182,25.4075581805922,25.4742694202044,25.4691393236678,25.4742694202044,25.4126913524992,25.4434849990752,25.3818884725093,25.4280893294658,25.4486163763711,25.4537474974415,25.3305297988212,25.3202549803643,25.4588783623232,25.3613480855689,25.4486163763711,25.4434849990752,25.5409373888032,25.4126913524992,25.4383533655169,25.3767537609245,25.4588783623232,25.5204287715866,25.464008971053,25.2740055641272,25.2431610348875,25.124837657352,25.3459400985342,25.4742694202044,25.4845288451903,25.4075581805922,25.4075581805922,25.4691393236678,25.3972910671794,25.3048408239653,25.2277352917338,25.1968768433364,25.2431610348875,25.1762993840732,25.1660091054476,25.2740055641272,25.3870229273887,25.4229569268991,25.4434849990752,25.3613480855689,25.3613480855689,25.3613480855689,25.325392518149,25.2431610348875,25.5563161681696,25.464008971053,25.3664835674914,25.3972910671794,25.4486163763711,25.5511901638832,25.5409373888032,25.464008971053,25.5973150092137,25.6536617552083,25.4537474974415,25.4742694202044,25.4896581737131,25.4999160630027,25.4999160630027,25.5050446238429,25.5255563093646,25.5050446238429,25.5153009780981,25.4793992606996,25.5101729288625,25.4793992606996,25.4280893294658,25.4383533655169,25.464008971053,25.3870229273887,25.4024247521646,25.4588783623232,25.6126853634517,25.6997407078597,25.6280534222343,25.602438715738,25.5050446238429,25.5511901638832,25.5460639041067,25.4793992606996,25.5050446238429,25.5358106179362,25.5511901638832,25.7048593188521,25.6382975199907,25.4793992606996,25.4793992606996,25.622930990963,25.5255563093646,25.494787246305,25.4126913524992,25.4999160630027,25.4793992606996,25.4126913524992,25.5358106179362,25.5306835914689,25.3716187925976,25.3870229273887,25.4896581737131,25.4486163763711,25.6126853634517,25.5358106179362,25.622930990963,25.715095777693,25.6895027225489,25.622930990963,25.5306835914689,25.6075621671384,25.4793992606996,25.5614419170025,25.5101729288625,25.4383533655169,25.5716926484544,25.6178083047144,25.5768176311468,25.4999160630027,25.6331755985647,25.6382975199907,25.643419186549,25.5665674104186,25.6280534222343,25.5409373888032,25.4434849990752,25.5511901638832,25.5665674104186,25.5050446238429,25.5409373888032,25.5870668306474,25.5716926484544,25.6126853634517,25.5973150092137,25.6075621671384,25.622930990963,25.5921910475291,25.5665674104186,25.5665674104186,25.5768176311468,25.5614419170025,25.5614419170025,25.6485405982759,25.3664835674914,25.3408035889768,25.2380193782588,25.2842850136107,25.4126913524992,25.4024247521646,25.5819423585322,25.5973150092137,25.6075621671384,25.5716926484544,25.6075621671384,25.669023697602,25.622930990963,25.6075621671384,25.643419186549,25.6587826573823,25.669023697602,25.7048593188521,25.6126853634517,25.7611472578112,25.6741438357205,25.6587826573823,25.6126853634517,25.5870668306474,25.6485405982759,25.6843833481574,25.643419186549,25.7202136256143,25.622930990963,25.5870668306474,25.6485405982759,25.8327420103839,25.6280534222343,25.6075621671384,25.6741438357205,25.5870668306474,25.6280534222343,25.5460639041067,25.5409373888032,25.494787246305,25.4280893294658,25.4588783623232,25.4486163763711,25.5973150092137,25.6178083047144,25.494787246305,25.5768176311468,25.6280534222343,25.7202136256143,25.5614419170025,25.6792637192269,25.5306835914689,25.5921910475291,25.5563161681696,25.4178242679226,25.3408035889768,25.4178242679226,25.4178242679226,25.464008971053,25.4280893294658,25.4537474974415,25.3562123467933,25.4280893294658,25.3921571255997,25.464008971053,25.3972910671794,25.4845288451903,25.602438715738,25.669023697602,25.6178083047144,25.6382975199907,25.7202136256143,25.7304485586408,25.5819423585322,25.602438715738,25.7509153744483,25.9093955434194,26.0217178117003,25.996200753606,26.0268204667242,26.0319228696336,25.8940693936838,25.9502541492142,25.9196117118026,26.0268204667242,25.9247194166704,25.9910965851406,26.0268204667242,25.9706773872579,25.9808874910754,25.8889601710514,25.8736309844862
25.3408035889768,25.325392518149,25.3459400985342,25.3716187925976,25.4280893294658,25.4178242679226,25.4845288451903,25.464008971053,25.3870229273887,25.3870229273887,25.4126913524992,25.4691393236678,25.4434849990752,25.4332214756594,25.4434849990752,25.3356668224182,25.4075581805922,25.3202549803643,25.3202549803643,25.464008971053,25.5050446238429,25.3202549803643,25.2688654531791,25.4332214756594,25.3767537609245,25.4126913524992,25.5101729288625,25.4075581805922,25.2997022573604,25.1660091054476,25.325392518149,25.5153009780981,25.5665674104186,25.2842850136107,25.4024247521646,25.3870229273887,25.2483024338098,25.2277352917338,25.2174501739369,25.1042457289643,25.2225928617629,25.1042457289643,25.0733500742259,25.4024247521646,25.5358106179362,25.4075581805922,25.4178242679226,25.2894243522202,25.3048408239653,25.2894243522202,25.2174501739369,25.1865886299367,25.2945634334578,25.4434849990752,25.5358106179362,25.3767537609245,25.5511901638832,25.5409373888032,25.6536617552083,25.464008971053,25.6126853634517,25.5358106179362,25.464008971053,25.3818884725093,25.5153009780981,25.4332214756594,25.5306835914689,25.5306835914689,25.4075581805922,25.4691393236678,25.4999160630027,25.4332214756594,25.325392518149,25.3870229273887,25.3870229273887,25.3562123467933,25.3767537609245,25.3664835674914,25.3767537609245,25.3870229273887,25.5358106179362,25.5870668306474,25.5973150092137,25.5819423585322,25.5409373888032,25.5768176311468,25.5460639041067,25.4896581737131,25.4229569268991,25.4999160630027,25.5255563093646,25.5870668306474,25.7099776754511,25.4588783623232,25.4793992606996,25.464008971053,25.5768176311468,25.4999160630027,25.494787246305,25.4126913524992,25.4229569268991,25.4742694202044,25.4742694202044,25.5050446238429,25.4742694202044,25.3716187925976,25.4691393236678,25.602438715738,25.5358106179362,25.4537474974415,25.5511901638832,25.6178083047144,25.6895027225489,25.5511901638832,25.5973150092137,25.4742694202044,25.5204287715866,25.5614419170025,25.4332214756594,25.5768176311468,25.5716926484544,25.5870668306474,25.5716926484544,25.5665674104186,25.5921910475291,25.5973150092137,25.5768176311468,25.5819423585322,25.5716926484544,25.622930990963,25.5614419170025,25.5358106179362,25.5153009780981,25.5255563093646,25.5358106179362,25.4793992606996,25.5665674104186,25.4999160630027,25.622930990963,25.5409373888032,25.5409373888032,25.5255563093646,25.5563161681696,25.464008971053,25.5511901638832,25.5716926484544,25.5511901638832,25.6485405982759,25.5511901638832,25.3818884725093,25.3151171854302,25.258584458684,25.3664835674914,25.4383533655169,25.4229569268991,25.5921910475291,25.5973150092137,25.5870668306474,25.622930990963,25.6075621671384,25.5716926484544,25.602438715738,25.6331755985647,25.6997407078597,25.5921910475291,25.6485405982759,25.643419186549,25.7969508507036,25.6639033048348,25.6895027225489,25.7099776754511,25.5973150092137,25.5768176311468,25.669023697602,25.464008971053,25.5716926484544,25.6178083047144,25.5921910475291,25.6536617552083,25.7304485586408,25.6485405982759,25.5870668306474,25.5870668306474,25.5973150092137,25.5563161681696,25.5511901638832,25.5563161681696,25.5563161681696,25.3870229273887,25.4229569268991,25.494787246305,25.5973150092137,25.5716926484544,25.622930990963,25.5870668306474,25.5101729288625,25.5050446238429,25.5921910475291,25.5921910475291,25.5819423585322,25.4280893294658,25.3716187925976,25.4486163763711,25.4178242679226,25.4024247521646,25.3048408239653,25.4383533655169,25.4486163763711,25.3613480855689,25.4126913524992,25.4075581805922,25.3716187925976,25.4178242679226,25.4691393236678,25.464008971053,25.5614419170025,25.622930990963,25.5204287715866,25.5870668306474,25.5665674104186,25.5614419170025,25.5716926484544,25.5614419170025,25.5358106179362,25.7662628184848,25.8991783632653,25.9400410144115,25.8787409664887,25.9502541492142,25.985992164309,26.0319228696336,25.8940693936838,25.9145037540644,25.8838506953317,25.985992164309,25.8838506953317,25.9042870798318,25.9502541492142,25.9604662734002,26.0268204667242
25.3151171854302,25.2945634334578,25.3305297988212,25.3356668224182,25.3408035889768,25.2688654531791,25.4486163763711,25.5358106179362,25.4229569268991,25.4383533655169,25.4588783623232,25.3562123467933,25.4896581737131,25.3870229273887,25.3972910671794,25.3099791333095,25.3664835674914,25.3151171854302,25.3202549803643,25.2637250847104,25.3048408239653,25.1660091054476,25.2225928617629,25.3562123467933,25.4896581737131,25.4229569268991,25.494787246305,25.3613480855689,25.3972910671794,25.3408035889768,25.3664835674914,25.5255563093646,25.4178242679226,25.4588783623232,25.4024247521646,25.3972910671794,25.3151171854302,25.2225928617629,25.2380193782588,25.1814441360816,25.0784999971428,25.2020205629554,25.4229569268991,25.5358106179362,25.5204287715866,25.4178242679226,25.5153009780981,25.5101729288625,25.4691393236678,25.4537474974415,25.3818884725093,25.2534435750629,25.2534435750629,25.2740055641272,25.5255563093646,25.4588783623232,25.5358106179362,25.5409373888032,25.6331755985647,25.5409373888032,25.6587826573823,25.5409373888032,25.5973150092137,25.4229569268991,25.4742694202044,25.494787246305,25.4229569268991,25.4793992606996,25.2637250847104,25.494787246305,25.5306835914689,25.4075581805922,25.3972910671794,25.3305297988212,25.494787246305,25.4075581805922,25.3972910671794,25.4742694202044,25.2740055641272,25.3151171854302,25.494787246305,25.6126853634517,25.715095777693,25.602438715738,25.5716926484544,25.5819423585322,25.4845288451903,25.5460639041067,25.4383533655169,25.464008971053,25.669023697602,25.5973150092137,25.6075621671384,25.5870668306474,25.6331755985647,25.464008971053,25.6280534222343,25.5870668306474,25.622930990963,25.5050446238429,25.5101729288625,25.5101729288625,25.5768176311468,25.5358106179362,25.3921571255997,25.5101729288625,25.643419186549,25.5870668306474,25.5409373888032,25.6075621671384,25.622930990963,25.6485405982759,25.6178083047144,25.622930990963,25.6382975199907,25.5409373888032,25.5716926484544,25.5460639041067,25.5768176311468,25.5614419170025,25.6895027225489,25.5768176311468,25.5870668306474,25.622930990963,25.643419186549,25.5870668306474,25.6178083047144,25.643419186549,25.5819423585322,25.6331755985647,25.5819423585322,25.5511901638832,25.5716926484544,25.5614419170025,25.5460639041067,25.5716926484544,25.464008971053,25.464008971053,25.4537474974415,25.5716926484544,25.5819423585322,25.5511901638832,25.5614419170025,25.5614419170025,25.5204287715866,25.5614419170025,25.5614419170025,25.5563161681696,25.5460639041067,25.4383533655169,25.3048408239653,25.258584458684,25.3202549803643,25.3356668224182,25.3716187925976,25.4332214756594,25.4537474974415,25.6126853634517,25.5819423585322,25.6587826573823,25.6126853634517,25.6741438357205,25.5921910475291,25.5614419170025,25.5716926484544,25.5819423585322,25.7099776754511,25.6741438357205,25.7202136256143,25.6280534222343,25.6536617552083,25.6639033048348,25.6639033048348,25.669023697602,25.6639033048348,25.643419186549,25.5665674104186,25.5819423585322,25.6485405982759,25.6895027225489,25.6741438357205,25.6792637192269,25.6536617552083,25.6382975199907,25.6331755985647,25.6331755985647,25.4793992606996,25.5511901638832,25.3870229273887,25.4332214756594,25.5460639041067,25.6331755985647,25.6639033048348,25.669023697602,25.5306835914689,25.6792637192269,25.6126853634517,25.5153009780981,25.5768176311468,25.5614419170025,25.5460639041067,25.4486163763711,25.4229569268991,25.4075581805922,25.3870229273887,25.3767537609245,25.4229569268991,25.4434849990752,25.4332214756594,25.4075581805922,25.3305297988212,25.3716187925976,25.4486163763711,25.464008971053,25.6331755985647,25.5768176311468,25.6587826573823,25.6741438357205,25.5614419170025,25.5716926484544,25.6280534222343,25.7304485586408,25.5511901638832,25.6382975199907,25.7509153744483,25.8122914408466,25.8940693936838,25.9349340679388,25.9400410144115,25.9145037540644,25.9502541492142,25.9451477081579,26.0064083335824,25.9502541492142,25.9910965851406,25.9502541492142,26.1135270578924,25.9451477081579,25.8736309844862,25.9093955434194
25.3048408239653,25.2997022573604,25.325392518149,25.3099791333095,25.2123072282184,25.3408035889768,25.3099791333095,25.3664835674914,25.3664835674914,25.4434849990752,25.2534435750629,25.3818884725093,25.4178242679226,25.3305297988212,25.1865886299367,25.3459400985342,25.2637250847104,25.3921571255997,25.3048408239653,25.1351320700124,25.1042457289643,25.1351320700124,24.9909160664447,25.2945634334578,25.4332214756594,25.2842850136107,25.3870229273887,25.2791454175921,25.2842850136107,25.3818884725093,25.4588783623232,25.4024247521646,25.5204287715866,25.5306835914689,25.3716187925976,25.2842850136107,25.1711543738743,25.258584458684,25.124837657352,25.1093940990381,25.0939482126385,25.4024247521646,25.4537474974415,25.4537474974415,25.3972910671794,25.4383533655169,25.4691393236678,25.4845288451903,25.5050446238429,25.4845288451903,25.4075581805922,25.3767537609245,25.2791454175921,25.2997022573604,25.2791454175921,25.3972910671794,25.5358106179362,25.5563161681696,25.602438715738,25.5409373888032,25.5921910475291,25.494787246305,25.6178083047144,25.5204287715866,25.3767537609245,25.4024247521646,25.4229569268991,25.3921571255997,25.3767537609245,25.5870668306474,25.4896581737131,25.5153009780981,25.3356668224182,25.3613480855689,25.3305297988212,25.5153009780981,25.3818884725093,25.3459400985342,25.3408035889768,25.3664835674914,25.4126913524992,25.4845288451903,25.715095777693,25.6178083047144,25.6075621671384,25.4588783623232,25.5665674104186,25.5306835914689,25.5101729288625,25.4896581737131,25.5460639041067,25.6075621671384,25.5870668306474,25.3716187925976,25.3510763511273,25.4691393236678,25.622930990963,25.6382975199907,25.622930990963,25.5768176311468,25.5665674104186,25.622930990963,25.5563161681696,25.5358106179362,25.5460639041067,25.5153009780981,25.5511901638832,25.5819423585322,25.4845288451903,25.5716926484544,25.622930990963,25.5870668306474,25.5614419170025,25.602438715738,25.4434849990752,25.4793992606996,25.4383533655169,25.5255563093646,25.5306835914689,25.6485405982759,25.6485405982759,25.5921910475291,25.5306835914689,25.5870668306474,25.5973150092137,25.5921910475291,25.6382975199907,25.6485405982759,25.6536617552083,25.643419186549,25.5921910475291,25.5870668306474,25.5358106179362,25.6331755985647,25.5460639041067,25.5153009780981,25.4742694202044,25.5050446238429,25.494787246305,25.5665674104186,25.5870668306474,25.5511901638832,25.5921910475291,25.5358106179362,25.5614419170025,25.4537474974415,25.4588783623232,25.4332214756594,25.5563161681696,25.4383533655169,25.4793992606996,25.3870229273887,25.2945634334578,25.2997022573604,25.4845288451903,25.4332214756594,25.6126853634517,25.602438715738,25.7406824748218,25.6178083047144,25.5921910475291,25.6587826573823,25.643419186549,25.6485405982759,25.6382975199907,25.7202136256143,25.6178083047144,25.7253312192514,25.6536617552083,25.7202136256143,25.7713781252015,25.669023697602,25.6792637192269,25.6587826573823,25.6895027225489,25.6536617552083,25.6485405982759,25.6331755985647,25.6126853634517,25.669023697602,25.7304485586408,25.6843833481574,25.6639033048348,25.7509153744483,25.7202136256143,25.5409373888032,25.5306835914689,25.5409373888032,25.5921910475291,25.5921910475291,25.5768176311468,25.643419186549,25.6126853634517,25.6946218424375,25.6639033048348,25.5306835914689,25.6485405982759,25.5716926484544,25.464008971053,25.4332214756594,25.4383533655169,25.5716926484544,25.3716187925976,25.3767537609245,25.4024247521646,25.4486163763711,25.4229569268991,25.3921571255997,25.3870229273887,25.464008971053,25.4280893294658,25.4178242679226,25.4332214756594,25.4537474974415,25.5716926484544,25.6075621671384,25.5614419170025,25.5716926484544,25.5870668306474,25.5255563093646,25.6382975199907,25.5870668306474,25.6331755985647,25.5665674104186,25.7509153744483,25.9196117118026,26.016614904526,26.016614904526,26.164496970573,26.0268204667242,25.9400410144115,25.996200753606,26.0268204667242,26.0013046697413,26.0217178117003,25.9757825654037,25.9910965851406,25.9093955434194,25.9349340679388,25.9298268687038
25.3613480855689,25.325392518149,25.3870229273887,25.3408035889768,25.4178242679226,25.464008971053,25.3510763511273,25.2637250847104,25.3613480855689,25.2688654531791,25.3921571255997,25.3356668224182,25.4229569268991,25.3921571255997,25.3562123467933,25.2688654531791,25.258584458684,25.3048408239653,25.3305297988212,25.2277352917338,25.325392518149,25.2431610348875,25.1968768433364,25.2842850136107,25.4588783623232,25.464008971053,25.3202549803643,25.2791454175921,25.4332214756594,25.3870229273887,25.3716187925976,25.494787246305,25.494787246305,25.5101729288625,25.2997022573604,25.2277352917338,25.14027888859,25.1814441360816,25.1145422104357,25.1762993840732,25.2174501739369,25.4178242679226,25.5204287715866,25.4742694202044,25.4332214756594,25.4793992606996,25.3202549803643,25.4896581737131,25.5050446238429,25.4793992606996,25.5358106179362,25.4537474974415,25.4229569268991,25.5255563093646,25.2431610348875,25.2380193782588,25.5101729288625,25.5358106179362,25.4691393236678,25.5306835914689,25.5050446238429,25.5460639041067,25.494787246305,25.3921571255997,25.4845288451903,25.4434849990752,25.4126913524992,25.4691393236678,25.464008971053,25.464008971053,25.5255563093646,25.5255563093646,25.4332214756594,25.2740055641272,25.3716187925976,25.2740055641272,25.3305297988212,25.258584458684,25.3972910671794,25.4742694202044,25.5921910475291,25.3562123467933,25.5973150092137,25.6997407078597,25.6946218424375,25.5768176311468,25.622930990963,25.464008971053,25.5050446238429,25.5204287715866,25.4383533655169,25.5921910475291,25.5921910475291,25.4691393236678,25.4793992606996,25.325392518149,25.5306835914689,25.6280534222343,25.622930990963,25.5153009780981,25.602438715738,25.5409373888032,25.5614419170025,25.5665674104186,25.5768176311468,25.6331755985647,25.5870668306474,25.5460639041067,25.5870668306474,25.5716926484544,25.5255563093646,25.6382975199907,25.5768176311468,25.622930990963,25.4845288451903,25.3870229273887,25.4229569268991,25.4126913524992,25.4229569268991,25.6741438357205,25.4588783623232,25.5768176311468,25.5716926484544,25.5870668306474,25.6331755985647,25.5921910475291,25.6382975199907,25.5921910475291,25.6536617552083,25.6126853634517,25.5973150092137,25.6382975199907,25.5716926484544,25.5614419170025,25.5255563093646,25.5460639041067,25.5255563093646,25.5358106179362,25.6126853634517,25.5204287715866,25.5870668306474,25.6075621671384,25.6126853634517,25.6075621671384,25.5460639041067,25.4332214756594,25.5768176311468,25.5563161681696,25.4742694202044,25.4126913524992,25.3305297988212,25.2894243522202,25.4126913524992,25.3972910671794,25.325392518149,25.6178083047144,25.5409373888032,25.6178083047144,25.622930990963,25.622930990963,25.5973150092137,25.6331755985647,25.6382975199907,25.5973150092137,25.6178083047144,25.7509153744483,25.7406824748218,25.7406824748218,25.7355656438188,25.7406824748218,25.6895027225489,25.7048593188521,25.6741438357205,25.6895027225489,25.6946218424375,25.602438715738,25.6895027225489,25.5973150092137,25.6331755985647,25.6331755985647,25.6536617552083,25.5665674104186,25.6587826573823,25.6075621671384,25.669023697602,25.5358106179362,25.5460639041067,25.6485405982759,25.6639033048348,25.5665674104186,25.5870668306474,25.5460639041067,25.5716926484544,25.6792637192269,25.6792637192269,25.6280534222343,25.6126853634517,25.4999160630027,25.4742694202044,25.3870229273887,25.4332214756594,25.4024247521646,25.3664835674914,25.4280893294658,25.4742694202044,25.4742694202044,25.4742694202044,25.4691393236678,25.3716187925976,25.3870229273887,25.4229569268991,25.464008971053,25.4742694202044,25.4845288451903,25.7202136256143,25.7048593188521,25.7406824748218,25.6536617552083,25.5665674104186,25.5921910475291,25.7355656438188,25.5973150092137,25.5921910475291,25.6587826573823,25.7509153744483,25.9451477081579,26.0013046697413,25.9604662734002,25.996200753606,25.9145037540644,25.9349340679388,25.9451477081579,25.9349340679388,25.996200753606,26.0523299608444,26.159401110059,25.9298268687038,26.0115117451654,26.0319228696336,26.0268204667242
25.4691393236678,25.5614419170025,25.3818884725093,25.4537474974415,25.4383533655169,25.3613480855689,25.4280893294658,25.2174501739369,25.3972910671794,25.3818884725093,25.3664835674914,25.4434849990752,25.4999160630027,25.3664835674914,25.3921571255997,25.3870229273887,25.3151171854302,25.258584458684,25.3202549803643,25.2431610348875,25.258584458684,25.3562123467933,25.2637250847104,25.4332214756594,25.4537474974415,25.4537474974415,25.2637250847104,25.2123072282184,25.3099791333095,25.2020205629554,25.2997022573604,25.4845288451903,25.3664835674914,25.2997022573604,25.2483024338098,25.14027888859,25.2534435750629,25.1505717504272,25.1660091054476,25.14027888859,25.3870229273887,25.4024247521646,25.5101729288625,25.4691393236678,25.4537474974415,25.4742694202044,25.3613480855689,25.4280893294658,25.5101729288625,25.494787246305,25.4845288451903,25.5153009780981,25.5153009780981,25.4383533655169,25.2328774638867,25.4332214756594,25.6126853634517,25.6280534222343,25.5153009780981,25.6075621671384,25.494787246305,25.5511901638832,25.5153009780981,25.4793992606996,25.5101729288625,25.494787246305,25.3305297988212,25.4793992606996,25.5716926484544,25.4999160630027,25.5819423585322,25.4742694202044,25.5204287715866,25.3870229273887,25.4280893294658,25.4178242679226,25.3716187925976,25.4280893294658,25.4126913524992,25.4691393236678,25.5101729288625,25.3921571255997,25.6997407078597,25.7355656438188,25.6997407078597,25.5921910475291,25.5973150092137,25.5358106179362,25.5358106179362,25.5204287715866,25.4896581737131,25.5409373888032,25.6126853634517,25.5921910475291,25.4845288451903,25.5255563093646,25.6382975199907,25.6946218424375,25.6536617552083,25.622930990963,25.5460639041067,25.3972910671794,25.5716926484544,25.5716926484544,25.5101729288625,25.6587826573823,25.6741438357205,25.5716926484544,25.5921910475291,25.5563161681696,25.5716926484544,25.6485405982759,25.643419186549,25.622930990963,25.494787246305,25.5460639041067,25.4537474974415,25.4691393236678,25.5819423585322,25.6178083047144,25.5460639041067,25.5716926484544,25.5819423585322,25.5768176311468,25.6075621671384,25.6946218424375,25.622930990963,25.6639033048348,25.6639033048348,25.6587826573823,25.6639033048348,25.643419186549,25.4075581805922,25.5819423585322,25.5665674104186,25.5306835914689,25.4691393236678,25.5255563093646,25.5358106179362,25.5819423585322,25.464008971053,25.6126853634517,25.5306835914689,25.4280893294658,25.4845288451903,25.4434849990752,25.5050446238429,25.4845288451903,25.4075581805922,25.4178242679226,25.4896581737131,25.4588783623232,25.3921571255997,25.325392518149,25.5255563093646,25.4896581737131,25.5204287715866,25.6587826573823,25.643419186549,25.6178083047144,25.6382975199907,25.622930990963,25.4896581737131,25.622930990963,25.5973150092137,25.7355656438188,25.6639033048348,25.7457990516862,25.7202136256143,25.7406824748218,25.6331755985647,25.6741438357205,25.6639033048348,25.622930990963,25.6843833481574,25.6997407078597,25.6382975199907,25.6126853634517,25.602438715738,25.6639033048348,25.7304485586408,25.6382975199907,25.669023697602,25.7253312192514,25.6382975199907,25.7457990516862,25.669023697602,25.669023697602,25.6331755985647,25.6485405982759,25.6485405982759,25.6485405982759,25.622930990963,25.715095777693,25.6536617552083,25.6280534222343,25.5768176311468,25.4486163763711,25.4434849990752,25.4486163763711,25.5050446238429,25.4383533655169,25.4486163763711,25.5614419170025,25.4537474974415,25.4537474974415,25.4332214756594,25.4896581737131,25.4280893294658,25.3972910671794,25.4588783623232,25.4742694202044,25.464008971053,25.464008971053,25.5973150092137,25.7611472578112,25.7713781252015,25.7355656438188,25.6178083047144,25.5921910475291,25.7355656438188,25.6946218424375,25.5768176311468,25.7253312192514,25.868520749288,25.8736309844862,25.9451477081579,26.0217178117003,25.9298268687038,25.9298268687038,25.9655719566022,25.8429657740965,25.9706773872579,25.9655719566022,26.0472285660339,25.868520749288,25.9400410144115,25.9298268687038,25.9093955434194,25.9247194166704
25.5255563093646,25.5101729288625,25.5511901638832,25.4691393236678,25.3716187925976,25.3716187925976,25.3408035889768,25.2071640245704,25.2483024338098,25.3716187925976,25.3767537609245,25.3716187925976,25.3305297988212,25.3151171854302,25.325392518149,25.494787246305,25.3202549803643,25.5050446238429,25.1093940990381,25.2483024338098,25.2431610348875,25.2380193782588,25.3510763511273,25.2997022573604,25.4332214756594,25.4332214756594,25.3099791333095,25.2945634334578,25.2123072282184,25.3562123467933,25.2945634334578,25.3613480855689,24.9960701368761,25.1711543738743,25.1865886299367,25.1865886299367,25.1454254487159,25.1557177937613,25.2637250847104,25.2483024338098,25.1814441360816,25.3972910671794,25.3972910671794,25.5511901638832,25.4537474974415,25.3562123467933,25.4845288451903,25.5768176311468,25.4588783623232,25.4588783623232,25.4999160630027,25.4178242679226,25.5255563093646,25.4229569268991,25.3151171854302,25.4024247521646,25.6331755985647,25.5870668306474,25.5460639041067,25.6280534222343,25.5409373888032,25.4588783623232,25.4588783623232,25.622930990963,25.4537474974415,25.4588783623232,25.464008971053,25.4486163763711,25.4691393236678,25.4845288451903,25.5614419170025,25.5050446238429,25.4434849990752,25.5050446238429,25.4383533655169,25.3716187925976,25.4126913524992,25.4229569268991,25.5819423585322,25.669023697602,25.5921910475291,25.4537474974415,25.5870668306474,25.6895027225489,25.6895027225489,25.5614419170025,25.715095777693,25.6126853634517,25.4793992606996,25.5460639041067,25.5409373888032,25.4793992606996,25.464008971053,25.622930990963,25.4742694202044,25.6587826573823,25.6536617552083,25.7099776754511,25.5921910475291,25.6126853634517,25.4588783623232,25.4896581737131,25.5460639041067,25.5819423585322,25.5460639041067,25.4999160630027,25.5204287715866,25.5768176311468,25.5665674104186,25.4845288451903,25.6126853634517,25.6639033048348,25.5870668306474,25.6280534222343,25.4691393236678,25.4793992606996,25.4126913524992,25.5306835914689,25.6280534222343,25.5255563093646,25.643419186549,25.6587826573823,25.602438715738,25.6126853634517,25.6639033048348,25.6741438357205,25.6843833481574,25.5255563093646,25.6792637192269,25.6178083047144,25.6075621671384,25.6178083047144,25.6126853634517,25.5921910475291,25.5768176311468,25.5870668306474,25.4845288451903,25.5101729288625,25.5204287715866,25.5768176311468,25.6075621671384,25.5050446238429,25.5768176311468,25.4280893294658,25.4280893294658,25.3202549803643,25.4486163763711,25.4896581737131,25.5050446238429,25.3972910671794,25.464008971053,25.3510763511273,25.4075581805922,25.3408035889768,25.4229569268991,25.4537474974415,25.5358106179362,25.643419186549,25.6895027225489,25.6075621671384,25.5973150092137,25.6382975199907,25.6178083047144,25.6741438357205,25.643419186549,25.669023697602,25.6946218424375,25.7560314431445,25.7304485586408,25.7048593188521,25.715095777693,25.6792637192269,25.7099776754511,25.643419186549,25.6126853634517,25.7048593188521,25.6895027225489,25.6280534222343,25.7457990516862,25.7355656438188,25.6382975199907,25.7099776754511,25.5563161681696,25.7304485586408,25.6587826573823,25.5819423585322,25.6536617552083,25.5716926484544,25.6587826573823,25.6485405982759,25.6639033048348,25.5511901638832,25.6997407078597,25.6178083047144,25.6536617552083,25.6280534222343,25.5870668306474,25.5153009780981,25.4845288451903,25.4383533655169,25.4537474974415,25.4486163763711,25.4229569268991,25.3921571255997,25.4383533655169,25.4486163763711,25.4486163763711,25.4383533655169,25.4178242679226,25.464008971053,25.464008971053,25.4691393236678,25.4588783623232,25.4434849990752,25.5819423585322,25.7355656438188,25.7560314431445,25.6075621671384,25.5819423585322,25.5870668306474,25.6382975199907,25.5665674104186,25.5614419170025,25.7406824748218,25.9400410144115,25.9298268687038,26.0319228696336,26.0319228696336,26.016614904526,25.9196117118026,25.9349340679388,25.9655719566022,25.9655719566022,26.149208635445,25.9298268687038,26.0472285660339,25.996200753606,26.016614904526,26.016614904526,25.9349340679388
25.3818884725093,25.5101729288625,25.5204287715866,25.4537474974415,25.4896581737131,25.3510763511273,25.2791454175921,25.2945634334578,25.4024247521646,25.4486163763711,25.4486163763711,25.5409373888032,25.3921571255997,25.3921571255997,25.4126913524992,25.3664835674914,25.3870229273887,25.3818884725093,25.3099791333095,25.2483024338098,25.258584458684,25.2534435750629,25.1814441360816,25.4280893294658,25.464008971053,25.3921571255997,25.4999160630027,25.3716187925976,25.3510763511273,25.3510763511273,25.3459400985342,25.3459400985342,25.1608635787557,25.2997022573604,25.1711543738743,25.2071640245704,25.1557177937613,25.1917328656758,25.1557177937613,25.1762993840732,25.3356668224182,25.2740055641272,25.3921571255997,25.3151171854302,25.4845288451903,25.3459400985342,25.4999160630027,25.4588783623232,25.3921571255997,25.4742694202044,25.5460639041067,25.4383533655169,25.4280893294658,25.3459400985342,25.3870229273887,25.3099791333095,25.5716926484544,25.6485405982759,25.5921910475291,25.4229569268991,25.3562123467933,25.5204287715866,25.6946218424375,25.5768176311468,25.4845288451903,25.494787246305,25.5153009780981,25.5101729288625,25.5153009780981,25.4896581737131,25.5768176311468,25.5050446238429,25.4434849990752,25.494787246305,25.464008971053,25.4178242679226,25.4075581805922,25.3510763511273,25.4486163763711,25.6280534222343,25.4896581737131,25.5921910475291,25.4845288451903,25.6280534222343,25.6741438357205,25.5921910475291,25.6946218424375,25.715095777693,25.5050446238429,25.4537474974415,25.5563161681696,25.4793992606996,25.4793992606996,25.6178083047144,25.4691393236678,25.6280534222343,25.6587826573823,25.5511901638832,25.602438715738,25.5768176311468,25.3716187925976,25.5204287715866,25.4588783623232,25.3921571255997,25.5101729288625,25.6485405982759,25.4845288451903,25.6792637192269,25.5819423585322,25.6843833481574,25.6587826573823,25.643419186549,25.622930990963,25.5870668306474,25.5716926484544,25.669023697602,25.6485405982759,25.5563161681696,25.5204287715866,25.602438715738,25.6126853634517,25.643419186549,25.7202136256143,25.6843833481574,25.6741438357205,25.7457990516862,25.6536617552083,25.7355656438188,25.6946218424375,25.6280534222343,25.6741438357205,25.6280534222343,25.6075621671384,25.602438715738,25.5768176311468,25.5819423585322,25.4999160630027,25.4896581737131,25.5153009780981,25.494787246305,25.5614419170025,25.5409373888032,25.5101729288625,25.4229569268991,25.3716187925976,25.4691393236678,25.3510763511273,25.4691393236678,25.3870229273887,25.3613480855689,25.3972910671794,25.3408035889768,25.3099791333095,25.3408035889768,25.4383533655169,25.5358106179362,25.6126853634517,25.6587826573823,25.6997407078597,25.7202136256143,25.7048593188521,25.7099776754511,25.6741438357205,25.6126853634517,25.7253312192514,25.7611472578112,25.715095777693,25.6946218424375,25.6843833481574,25.7253312192514,25.7304485586408,25.7304485586408,25.7253312192514,25.7304485586408,25.6946218424375,25.7202136256143,25.7099776754511,25.6895027225489,25.7202136256143,25.7764931779977,25.6536617552083,25.643419186549,25.6639033048348,25.6126853634517,25.6536617552083,25.7099776754511,25.643419186549,25.6946218424375,25.6382975199907,25.6485405982759,25.5563161681696,25.5716926484544,25.6536617552083,25.5870668306474,25.7764931779977,25.6895027225489,25.5614419170025,25.4793992606996,25.4383533655169,25.5153009780981,25.5614419170025,25.4178242679226,25.4588783623232,25.4588783623232,25.4999160630027,25.4793992606996,25.5358106179362,25.4896581737131,25.4486163763711,25.3356668224182,25.4383533655169,25.4280893294658,25.464008971053,25.5358106179362,25.5665674104186,25.7509153744483,25.7457990516862,25.7509153744483,25.7457990516862,25.5921910475291,25.7099776754511,25.6178083047144,25.7202136256143,25.8889601710514,25.9298268687038,26.0268204667242,26.0472285660339,26.0829330403271,26.0421269192526,26.0727330210948,26.0064083335824,26.0013046697413,26.0472285660339,26.0421269192526,25.9604662734002,26.016614904526,26.0013046697413,26.0217178117003,26.016614904526,25.9400410144115
25.3510763511273,25.494787246305,25.4896581737131,25.5358106179362,25.4691393236678,25.2945634334578,25.2277352917338,25.2791454175921,25.3048408239653,25.4332214756594,25.4280893294658,25.4434849990752,25.4024247521646,25.3767537609245,25.4383533655169,25.3613480855689,25.3510763511273,25.3818884725093,25.2483024338098,25.2328774638867,25.258584458684,25.2534435750629,25.1968768433364,25.2020205629554,25.3459400985342,25.3048408239653,25.4126913524992,25.5101729288625,25.5050446238429,25.3510763511273,25.1917328656758,25.2997022573604,25.325392518149,25.4896581737131,25.14027888859,25.1196900631945,25.1454254487159,25.2380193782588,25.3818884725093,25.3818884725093,25.3305297988212,25.2431610348875,25.3151171854302,25.3356668224182,25.325392518149,25.5665674104186,25.5460639041067,25.4742694202044,25.5153009780981,25.2380193782588,25.3356668224182,25.4178242679226,25.3921571255997,25.5665674104186,25.5563161681696,25.5921910475291,25.669023697602,25.7918368132263,25.6587826573823,25.5306835914689,25.4024247521646,25.4793992606996,25.643419186549,25.5306835914689,25.715095777693,25.5255563093646,25.5101729288625,25.494787246305,25.5306835914689,25.5665674104186,25.5716926484544,25.5819423585322,25.5153009780981,25.5819423585322,25.6382975199907,25.4537474974415,25.4178242679226,25.5204287715866,25.5358106179362,25.6485405982759,25.5716926484544,25.6075621671384,25.5153009780981,25.5306835914689,25.6280534222343,25.5973150092137,25.7099776754511,25.6280534222343,25.5204287715866,25.6331755985647,25.6178083047144,25.5870668306474,25.6178083047144,25.6178083047144,25.5665674104186,25.5665674104186,25.6587826573823,25.7304485586408,25.8736309844862,25.5511901638832,25.3613480855689,25.4896581737131,25.4024247521646,25.4742694202044,25.6382975199907,25.602438715738,25.5870668306474,25.5665674104186,25.6792637192269,25.669023697602,25.5665674104186,25.6331755985647,25.5665674104186,25.5306835914689,25.5921910475291,25.4793992606996,25.5563161681696,25.6126853634517,25.643419186549,25.5973150092137,25.7253312192514,25.6485405982759,25.5716926484544,25.7509153744483,25.8480772758155,25.8071781644774,25.6946218424375,25.6485405982759,25.622930990963,25.6178083047144,25.622930990963,25.602438715738,25.6075621671384,25.5460639041067,25.5306835914689,25.6075621671384,25.494787246305,25.5306835914689,25.5614419170025,25.5358106179362,25.4332214756594,25.494787246305,25.5460639041067,25.5409373888032,25.3767537609245,25.4178242679226,25.3510763511273,25.3408035889768,25.4588783623232,25.3664835674914,25.4075581805922,25.3510763511273,25.3151171854302,25.4383533655169,25.5101729288625,25.5921910475291,25.4999160630027,25.4742694202044,25.5819423585322,25.464008971053,25.6536617552083,25.6587826573823,25.5409373888032,25.5973150092137,25.6946218424375,25.643419186549,25.6843833481574,25.7560314431445,25.6843833481574,25.5921910475291,25.7202136256143,25.7304485586408,25.6536617552083,25.6536617552083,25.6536617552083,25.6741438357205,25.7918368132263,25.6075621671384,25.7662628184848,25.7099776754511,25.669023697602,25.6280534222343,25.6331755985647,25.5768176311468,25.7099776754511,25.6843833481574,25.7048593188521,25.6331755985647,25.494787246305,25.7202136256143,25.5819423585322,25.6280534222343,25.669023697602,25.715095777693,25.5973150092137,25.5563161681696,25.5563161681696,25.494787246305,25.5255563093646,25.464008971053,25.5665674104186,25.4896581737131,25.4742694202044,25.5101729288625,25.4588783623232,25.494787246305,25.4742694202044,25.5050446238429,25.4896581737131,25.5921910475291,25.4332214756594,25.4486163763711,25.464008971053,25.5870668306474,25.643419186549,25.6741438357205,25.6895027225489,25.7457990516862,25.7048593188521,25.6280534222343,25.5921910475291,25.6843833481574,25.863410260858,26.016614904526,26.0115117451654,26.0829330403271,26.0727330210948,25.9910965851406,26.0064083335824,25.9247194166704,26.0319228696336,26.0013046697413,26.0319228696336,26.1288206708731,26.0370250204644,26.1441120212736,26.1848779015089,25.9706773872579,26.0268204667242,26.0319228696336
25.0681998923707,25.3613480855689,25.4999160630027,25.3356668224182,25.3664835674914,25.4024247521646,25.2277352917338,25.1814441360816,25.2380193782588,25.4588783623232,25.3459400985342,25.4486163763711,25.4434849990752,25.5255563093646,25.4024247521646,25.3818884725093,25.325392518149,25.4178242679226,25.3048408239653,25.3562123467933,25.3510763511273,25.2534435750629,25.2380193782588,25.2380193782588,25.325392518149,25.4845288451903,25.4229569268991,25.5101729288625,25.4332214756594,25.3818884725093,25.3459400985342,25.1660091054476,25.3510763511273,25.2123072282184,24.9032571289301,24.8671404277798,25.1762993840732,25.1762993840732,25.3151171854302,25.3972910671794,25.3613480855689,25.2174501739369,25.2842850136107,25.2997022573604,25.4742694202044,25.5716926484544,25.3818884725093,25.2431610348875,25.4075581805922,25.3664835674914,25.3818884725093,25.4126913524992,25.2740055641272,25.5768176311468,25.6178083047144,25.6895027225489,25.6741438357205,25.6536617552083,25.6741438357205,25.6280534222343,25.6331755985647,25.5153009780981,25.464008971053,25.6946218424375,25.5153009780981,25.4588783623232,25.5614419170025,25.4691393236678,25.5768176311468,25.5204287715866,25.5973150092137,25.5101729288625,25.5204287715866,25.5101729288625,25.4588783623232,25.4486163763711,25.3664835674914,25.3459400985342,25.3459400985342,25.5050446238429,25.6485405982759,25.4793992606996,25.494787246305,25.5306835914689,25.6895027225489,25.715095777693,25.5614419170025,25.6075621671384,25.5306835914689,25.5716926484544,25.5050446238429,25.4896581737131,25.6178083047144,25.622930990963,25.5870668306474,25.6331755985647,25.7099776754511,25.7253312192514,25.715095777693,25.5409373888032,25.4742694202044,25.4126913524992,25.4229569268991,25.5973150092137,25.6331755985647,25.4999160630027,25.5819423585322,25.5409373888032,25.7355656438188,25.4537474974415,25.464008971053,25.5716926484544,25.5306835914689,25.4793992606996,25.5409373888032,25.5101729288625,25.6792637192269,25.6895027225489,25.6331755985647,25.6946218424375,25.6075621671384,25.6485405982759,25.7202136256143,25.7713781252015,25.7918368132263,25.7764931779977,25.715095777693,25.494787246305,25.5050446238429,25.4845288451903,25.5716926484544,25.5460639041067,25.5204287715866,25.5614419170025,25.5819423585322,25.494787246305,25.5358106179362,25.5973150092137,25.5614419170025,25.6075621671384,25.5563161681696,25.5665674104186,25.5460639041067,25.5563161681696,25.4024247521646,25.3870229273887,25.3510763511273,25.3664835674914,25.3202549803643,25.3048408239653,25.3510763511273,25.4075581805922,25.3767537609245,25.3048408239653,25.4280893294658,25.3408035889768,25.5255563093646,25.2945634334578,25.3510763511273,25.325392518149,25.5819423585322,25.5921910475291,25.5768176311468,25.3870229273887,25.6280534222343,25.5768176311468,25.6997407078597,25.6382975199907,25.6331755985647,25.6126853634517,25.6075621671384,25.5716926484544,25.6741438357205,25.6997407078597,25.6843833481574,25.5153009780981,25.6536617552083,25.5921910475291,25.5409373888032,25.6843833481574,25.7253312192514,25.5973150092137,25.6485405982759,25.602438715738,25.715095777693,25.6485405982759,25.5665674104186,25.6280534222343,25.6997407078597,25.6536617552083,25.6382975199907,25.622930990963,25.5409373888032,25.6075621671384,25.5614419170025,25.5768176311468,25.5306835914689,25.5358106179362,25.5306835914689,25.4024247521646,25.4845288451903,25.4793992606996,25.4383533655169,25.4383533655169,25.4896581737131,25.464008971053,25.5204287715866,25.5306835914689,25.494787246305,25.5716926484544,25.4537474974415,25.4845288451903,25.4793992606996,25.5460639041067,25.715095777693,25.6997407078597,25.7764931779977,25.5614419170025,25.5563161681696,25.7560314431445,25.7202136256143,25.7304485586408,25.9093955434194,25.9400410144115,26.0778331565889,26.0676326338092,26.0778331565889,26.0319228696336,26.0064083335824,26.0370250204644,26.0370250204644,26.0064083335824,26.0115117451654,25.9808874910754,26.1084286839364,26.0217178117003,26.0523299608444,26.0268204667242,26.0013046697413,25.9247194166704
24.9290469664651,25.1145422104357,25.4742694202044,25.4178242679226,25.2894243522202,25.0887990663117,25.14027888859,25.3202549803643,25.2123072282184,25.2740055641272,25.2380193782588,25.3716187925976,25.4229569268991,25.3870229273887,25.4126913524992,25.5870668306474,25.4075581805922,25.3664835674914,25.4434849990752,25.3305297988212,25.2123072282184,25.2380193782588,25.2431610348875,25.2483024338098,25.4896581737131,25.4024247521646,25.3870229273887,25.5665674104186,25.3818884725093,25.3664835674914,25.2534435750629,25.2380193782588,25.1814441360816,25.2020205629554,24.9702971889533,25.0527477928007,25.1968768433364,25.2020205629554,25.3305297988212,25.3613480855689,25.5921910475291,25.1865886299367,25.2894243522202,25.4537474974415,25.5409373888032,25.5460639041067,25.4896581737131,25.5563161681696,25.5563161681696,25.4691393236678,25.5255563093646,25.2688654531791,25.4332214756594,25.5563161681696,25.6382975199907,25.643419186549,25.5870668306474,25.7253312192514,25.6997407078597,25.6485405982759,25.5306835914689,25.643419186549,25.6382975199907,25.643419186549,25.494787246305,25.643419186549,25.5768176311468,25.5716926484544,25.5358106179362,25.5050446238429,25.5204287715866,25.5665674104186,25.4383533655169,25.4999160630027,25.5716926484544,25.4332214756594,25.4332214756594,25.4588783623232,25.3767537609245,25.5204287715866,25.5204287715866,25.3921571255997,25.5255563093646,25.5358106179362,25.5460639041067,25.5768176311468,25.5973150092137,25.602438715738,25.5563161681696,25.6280534222343,25.4537474974415,25.494787246305,25.4793992606996,25.4896581737131,25.4845288451903,25.494787246305,25.6741438357205,25.7253312192514,25.6946218424375,25.5921910475291,25.5409373888032,25.4588783623232,25.4126913524992,25.5921910475291,25.4332214756594,25.4229569268991,25.5563161681696,25.6280534222343,25.6075621671384,25.5716926484544,25.4434849990752,25.5153009780981,25.5563161681696,25.6587826573823,25.5511901638832,25.5614419170025,25.622930990963,25.602438715738,25.6178083047144,25.6382975199907,25.5614419170025,25.5870668306474,25.6485405982759,25.6843833481574,25.7662628184848,25.7867225219738,25.7202136256143,25.6485405982759,25.5101729288625,25.4999160630027,25.5204287715866,25.5358106179362,25.5358106179362,25.464008971053,25.3664835674914,25.3767537609245,25.3664835674914,25.5614419170025,25.5614419170025,25.5870668306474,25.5973150092137,25.5204287715866,25.5460639041067,25.5409373888032,25.4024247521646,25.3716187925976,25.3664835674914,25.2380193782588,25.3408035889768,25.3562123467933,25.2894243522202,25.4691393236678,25.4178242679226,25.4229569268991,25.4075581805922,25.3870229273887,25.4229569268991,25.3408035889768,25.3305297988212,25.325392518149,25.5460639041067,25.622930990963,25.5768176311468,25.5870668306474,25.5716926484544,25.6843833481574,25.6741438357205,25.7560314431445,25.669023697602,25.7406824748218,25.7048593188521,25.7099776754511,25.6536617552083,25.6126853634517,25.669023697602,25.6587826573823,25.5460639041067,25.6382975199907,25.5460639041067,25.6946218424375,25.6485405982759,25.6485405982759,25.6178083047144,25.7099776754511,25.5819423585322,25.6587826573823,25.6741438357205,25.6843833481574,25.6485405982759,25.715095777693,25.7457990516862,25.7253312192514,25.6075621671384,25.5973150092137,25.5460639041067,25.5204287715866,25.5819423585322,25.5204287715866,25.4691393236678,25.4999160630027,25.3818884725093,25.4742694202044,25.4896581737131,25.3305297988212,25.3408035889768,25.4280893294658,25.5460639041067,25.5204287715866,25.5306835914689,25.6126853634517,25.5665674104186,25.4383533655169,25.5716926484544,25.5255563093646,25.7457990516862,25.5563161681696,25.622930990963,25.7304485586408,25.643419186549,25.6536617552083,25.7304485586408,25.6792637192269,25.8531885241579,25.9247194166704,26.0625319946962,26.016614904526,26.0676326338092,26.0421269192526,26.0931320526798,25.996200753606,26.1339180390234,26.0931320526798,26.123723051325,26.1033300584395,26.1186251803434,26.0370250204644,25.9604662734002,25.996200753606,26.0319228696336,25.985992164309
24.8929393729232,25.1145422104357,25.3562123467933,25.3562123467933,25.2071640245704,25.1968768433364,25.1557177937613,25.3099791333095,25.2277352917338,25.325392518149,25.3356668224182,25.3459400985342,25.2688654531791,25.4126913524992,25.5921910475291,25.4024247521646,25.4793992606996,25.4178242679226,25.4434849990752,25.4742694202044,25.2637250847104,25.4075581805922,25.2945634334578,25.3151171854302,25.4793992606996,25.4896581737131,25.5204287715866,25.5255563093646,25.3870229273887,25.3972910671794,25.3716187925976,25.3356668224182,25.2174501739369,25.0527477928007,25.0475965748176,25.14027888859,25.0630494515398,25.2997022573604,25.5306835914689,25.3972910671794,25.4280893294658,25.3972910671794,25.3202549803643,25.6280534222343,25.7969508507036,25.622930990963,25.6485405982759,25.6075621671384,25.4280893294658,25.4126913524992,25.3921571255997,25.3870229273887,25.4126913524992,25.5358106179362,25.5716926484544,25.6126853634517,25.6382975199907,25.7048593188521,25.6997407078597,25.622930990963,25.5665674104186,25.6178083047144,25.6331755985647,25.6485405982759,25.6178083047144,25.643419186549,25.5921910475291,25.5819423585322,25.6485405982759,25.494787246305,25.4742694202044,25.4588783623232,25.5716926484544,25.464008971053,25.5768176311468,25.4742694202044,25.4793992606996,25.4434849990752,25.4024247521646,25.494787246305,25.3716187925976,25.5101729288625,25.4793992606996,25.4845288451903,25.464008971053,25.5255563093646,25.5511901638832,25.5460639041067,25.5153009780981,25.6126853634517,25.5716926484544,25.7048593188521,25.494787246305,25.4896581737131,25.4024247521646,25.4126913524992,25.7253312192514,25.7253312192514,25.7355656438188,25.6331755985647,25.6536617552083,25.4793992606996,25.6331755985647,25.5563161681696,25.5358106179362,25.4896581737131,25.6126853634517,25.6946218424375,25.602438715738,25.6485405982759,25.4434849990752,25.5460639041067,25.4691393236678,25.4691393236678,25.5255563093646,25.5973150092137,25.7048593188521,25.6895027225489,25.6792637192269,25.6741438357205,25.669023697602,25.6331755985647,25.6792637192269,25.6075621671384,25.7304485586408,25.622930990963,25.5563161681696,25.5204287715866,25.5358106179362,25.5255563093646,25.6639033048348,25.5409373888032,25.5665674104186,25.4486163763711,25.6178083047144,25.4999160630027,25.3305297988212,25.5050446238429,25.5050446238429,25.5870668306474,25.5563161681696,25.602438715738,25.4434849990752,25.4793992606996,25.4742694202044,25.4742694202044,25.3562123467933,25.3562123467933,25.2688654531791,25.3048408239653,25.4383533655169,25.3870229273887,25.3613480855689,25.4691393236678,25.494787246305,25.3510763511273,25.2894243522202,25.325392518149,25.3562123467933,25.3099791333095,25.3459400985342,25.4383533655169,25.4588783623232,25.4793992606996,25.4896581737131,25.5050446238429,25.5716926484544,25.6280534222343,25.622930990963,25.6280534222343,25.6178083047144,25.6331755985647,25.6639033048348,25.643419186549,25.6639033048348,25.6382975199907,25.494787246305,25.5921910475291,25.5921910475291,25.5870668306474,25.5973150092137,25.6946218424375,25.6741438357205,25.6178083047144,25.5768176311468,25.6587826573823,25.6536617552083,25.7253312192514,25.6536617552083,25.7560314431445,25.8225172327306,25.6895027225489,25.5768176311468,25.5921910475291,25.4537474974415,25.5563161681696,25.4793992606996,25.494787246305,25.3562123467933,25.4742694202044,25.3921571255997,25.4537474974415,25.5101729288625,25.4126913524992,25.3562123467933,25.5409373888032,25.4280893294658,25.5050446238429,25.5204287715866,25.5306835914689,25.5716926484544,25.5921910475291,25.464008971053,25.5768176311468,25.5768176311468,25.7406824748218,25.5768176311468,25.6946218424375,25.7202136256143,25.863410260858,25.7662628184848,25.7253312192514,25.8582995191601,25.9400410144115,26.0523299608444,26.0472285660339,26.0727330210948,26.0625319946962,26.0115117451654,26.0268204667242,25.9808874910754,26.0523299608444,25.9910965851406,26.1695925799393,26.1695925799393,26.0472285660339,26.0625319946962,25.9808874910754,25.9604662734002,26.0217178117003
24.836173098535,25.1145422104357,25.3459400985342,25.3048408239653,24.9960701368761,25.0527477928007,25.2174501739369,25.2123072282184,25.1711543738743,25.2123072282184,25.2637250847104,25.325392518149,25.2894243522202,25.2894243522202,25.3613480855689,25.3356668224182,25.3408035889768,25.3356668224182,25.4486163763711,25.4434849990752,25.4229569268991,25.2483024338098,25.2225928617629,25.325392518149,25.3767537609245,25.4075581805922,25.5101729288625,25.5563161681696,25.4332214756594,25.258584458684,25.3202549803643,25.2534435750629,24.9857617364743,25.0424450977087,24.8723007375455,25.14027888859,25.0372933614365,25.3099791333095,25.325392518149,25.2534435750629,25.4280893294658,25.3664835674914,25.3818884725093,25.643419186549,25.7969508507036,25.643419186549,25.622930990963,25.6331755985647,25.602438715738,25.4126913524992,25.2842850136107,25.5050446238429,25.5050446238429,25.4383533655169,25.602438715738,25.5870668306474,25.643419186549,25.6536617552083,25.4434849990752,25.643419186549,25.4280893294658,25.5921910475291,25.5409373888032,25.4588783623232,25.5921910475291,25.5819423585322,25.4845288451903,25.622930990963,25.5409373888032,25.4793992606996,25.4280893294658,25.3818884725093,25.4845288451903,25.5306835914689,25.4588783623232,25.4537474974415,25.5306835914689,25.4845288451903,25.4793992606996,25.3613480855689,25.4588783623232,25.4229569268991,25.5101729288625,25.5255563093646,25.4845288451903,25.4691393236678,25.5870668306474,25.5665674104186,25.5665674104186,25.5306835914689,25.643419186549,25.6178083047144,25.4024247521646,25.4486163763711,25.4075581805922,25.4486163763711,25.5511901638832,25.7509153744483,25.6895027225489,25.6946218424375,25.6587826573823,25.5101729288625,25.6178083047144,25.4229569268991,25.4742694202044,25.4793992606996,25.5819423585322,25.5563161681696,25.5204287715866,25.3870229273887,25.4691393236678,25.4229569268991,25.464008971053,25.4691393236678,25.622930990963,25.6792637192269,25.7457990516862,25.7099776754511,25.643419186549,25.669023697602,25.6843833481574,25.6741438357205,25.7202136256143,25.6639033048348,25.6741438357205,25.6280534222343,25.5921910475291,25.5306835914689,25.5306835914689,25.5306835914689,25.6178083047144,25.5204287715866,25.5255563093646,25.4896581737131,25.5819423585322,25.4742694202044,25.494787246305,25.5460639041067,25.6178083047144,25.5563161681696,25.6178083047144,25.5050446238429,25.4999160630027,25.4024247521646,25.3305297988212,25.3510763511273,25.3202549803643,25.3613480855689,25.3356668224182,25.2688654531791,25.2791454175921,25.325392518149,25.3151171854302,25.5460639041067,25.3716187925976,25.3408035889768,25.4229569268991,25.2431610348875,25.2277352917338,25.1660091054476,25.2894243522202,25.4383533655169,25.3972910671794,25.494787246305,25.4742694202044,25.5665674104186,25.5255563093646,25.6178083047144,25.6280534222343,25.6382975199907,25.669023697602,25.6331755985647,25.6997407078597,25.6741438357205,25.6792637192269,25.5716926484544,25.5921910475291,25.6485405982759,25.5921910475291,25.5460639041067,25.643419186549,25.6075621671384,25.6280534222343,25.6178083047144,25.5768176311468,25.5563161681696,25.5358106179362,25.5921910475291,25.7048593188521,25.643419186549,25.6741438357205,25.6331755985647,25.6382975199907,25.5665674104186,25.5358106179362,25.4486163763711,25.4845288451903,25.4229569268991,25.4742694202044,25.4075581805922,25.464008971053,25.3921571255997,25.2225928617629,25.3716187925976,25.4126913524992,25.4229569268991,25.3972910671794,25.4434849990752,25.4691393236678,25.5358106179362,25.5460639041067,25.4332214756594,25.4434849990752,25.4486163763711,25.5101729288625,25.6843833481574,25.5050446238429,25.6075621671384,25.5973150092137,25.7253312192514,25.6126853634517,25.6382975199907,25.8480772758155,25.8991783632653,26.0676326338092,26.0115117451654,26.0676326338092,26.0013046697413,26.1186251803434,26.0013046697413,26.016614904526,25.9808874910754,25.996200753606,26.0727330210948,26.0013046697413,25.8480772758155,26.0115117451654,26.0523299608444,26.0421269192526,25.9349340679388
24.9238895190908,25.2277352917338,25.3510763511273,25.1608635787557,25.0063774992726,24.9909160664447,25.2071640245704,25.0887990663117,25.2431610348875,25.2071640245704,25.2894243522202,25.2740055641272,25.258584458684,25.2277352917338,25.258584458684,25.4588783623232,25.5921910475291,25.4332214756594,25.4537474974415,25.325392518149,25.325392518149,25.3305297988212,25.2894243522202,25.3408035889768,25.3870229273887,25.4178242679226,25.4845288451903,25.4024247521646,25.3767537609245,25.4537474974415,25.3818884725093,25.0990971001769,25.2380193782588,25.0475965748176,24.8516579356668,25.1557177937613,25.0784999971428,25.0733500742259,25.0321413659635,25.2225928617629,25.3818884725093,25.6075621671384,25.5153009780981,25.6536617552083,25.6382975199907,25.5716926484544,25.5768176311468,25.464008971053,25.4178242679226,25.4383533655169,25.2894243522202,25.2328774638867,25.3972910671794,25.4332214756594,25.494787246305,25.6485405982759,25.6178083047144,25.643419186549,25.4383533655169,25.5716926484544,25.5358106179362,25.6126853634517,25.5819423585322,25.4999160630027,25.5511901638832,25.4793992606996,25.5665674104186,25.5101729288625,25.4178242679226,25.4793992606996,25.5050446238429,25.5101729288625,25.4896581737131,25.5255563093646,25.5665674104186,25.5563161681696,25.5101729288625,25.4588783623232,25.494787246305,25.5101729288625,25.464008971053,25.4024247521646,25.4126913524992,25.4537474974415,25.4434849990752,25.5511901638832,25.4793992606996,25.5716926484544,25.5716926484544,25.5819423585322,25.715095777693,25.5409373888032,25.5870668306474,25.464008971053,25.4383533655169,25.4691393236678,25.6895027225489,25.6843833481574,25.7099776754511,25.5819423585322,25.5101729288625,25.622930990963,25.5050446238429,25.5716926484544,25.5358106179362,25.494787246305,25.4229569268991,25.6280534222343,25.4845288451903,25.4896581737131,25.5511901638832,25.4691393236678,25.4332214756594,25.4793992606996,25.6741438357205,25.6639033048348,25.6997407078597,25.6895027225489,25.6843833481574,25.6843833481574,25.6639033048348,25.7560314431445,25.7457990516862,25.6843833481574,25.5768176311468,25.6178083047144,25.5511901638832,25.5563161681696,25.5409373888032,25.5101729288625,25.5768176311468,25.4999160630027,25.4999160630027,25.494787246305,25.622930990963,25.494787246305,25.5306835914689,25.5358106179362,25.5614419170025,25.5973150092137,25.5306835914689,25.494787246305,25.4229569268991,25.4999160630027,25.3408035889768,25.3562123467933,25.3510763511273,25.2328774638867,25.1660091054476,25.4793992606996,25.3613480855689,25.4999160630027,25.3305297988212,25.3767537609245,25.3716187925976,25.464008971053,25.325392518149,25.2277352917338,25.258584458684,25.258584458684,25.2431610348875,25.4486163763711,25.5409373888032,25.5870668306474,25.5050446238429,25.5255563093646,25.6178083047144,25.6485405982759,25.715095777693,25.6331755985647,25.5614419170025,25.6382975199907,25.6485405982759,25.7969508507036,25.5460639041067,25.6485405982759,25.6741438357205,25.6587826573823,25.669023697602,25.6792637192269,25.5358106179362,25.6843833481574,25.5511901638832,25.5511901638832,25.5665674104186,25.6792637192269,25.6075621671384,25.6126853634517,25.6382975199907,25.6587826573823,25.6639033048348,25.6382975199907,25.622930990963,25.4999160630027,25.4537474974415,25.5460639041067,25.4332214756594,25.4793992606996,25.4126913524992,25.3510763511273,25.4742694202044,25.3767537609245,25.3305297988212,25.3767537609245,25.4332214756594,25.4434849990752,25.3356668224182,25.4486163763711,25.4486163763711,25.5921910475291,25.494787246305,25.5460639041067,25.5153009780981,25.4434849990752,25.4332214756594,25.4691393236678,25.5921910475291,25.6741438357205,25.7253312192514,25.7202136256143,25.7355656438188,25.6536617552083,25.8582995191601,25.8889601710514,25.9451477081579,26.0217178117003,26.0217178117003,25.996200753606,26.0115117451654,26.0931320526798,26.0064083335824,25.9757825654037,25.996200753606,26.0727330210948,26.0574311037199,26.1135270578924,26.0523299608444,25.9655719566022,26.0523299608444,26.0268204667242
25.1042457289643,25.1351320700124,25.2380193782588,25.14027888859,24.9960701368761,24.9857617364743,25.0836496611589,25.1865886299367,25.1968768433364,25.0887990663117,25.0578987516956,25.2328774638867,25.1196900631945,25.1145422104357,25.2483024338098,25.3613480855689,25.3510763511273,25.464008971053,25.3510763511273,25.3305297988212,25.3562123467933,25.3972910671794,25.3870229273887,25.3664835674914,25.2894243522202,25.3921571255997,25.4588783623232,25.3921571255997,25.4024247521646,25.4742694202044,25.3613480855689,25.14027888859,25.1917328656758,24.9754522977662,25.0424450977087,25.2020205629554,25.0424450977087,25.1351320700124,25.0372933614365,25.14027888859,25.2431610348875,25.6280534222343,25.5101729288625,25.6639033048348,25.6536617552083,25.643419186549,25.5768176311468,25.4383533655169,25.3818884725093,25.4229569268991,25.3202549803643,25.3818884725093,25.4280893294658,25.3664835674914,25.5563161681696,25.6382975199907,25.5973150092137,25.643419186549,25.4588783623232,25.4075581805922,25.6280534222343,25.6178083047144,25.4793992606996,25.5050446238429,25.5050446238429,25.4434849990752,25.5870668306474,25.5358106179362,25.5460639041067,25.5665674104186,25.5306835914689,25.5050446238429,25.6075621671384,25.6075621671384,25.5306835914689,25.5870668306474,25.5050446238429,25.602438715738,25.5768176311468,25.5101729288625,25.5306835914689,25.4280893294658,25.464008971053,25.5563161681696,25.4280893294658,25.5511901638832,25.494787246305,25.5358106179362,25.6741438357205,25.643419186549,25.602438715738,25.6280534222343,25.5306835914689,25.5101729288625,25.5153009780981,25.5870668306474,25.5511901638832,25.5614419170025,25.6895027225489,25.5306835914689,25.5973150092137,25.5358106179362,25.5204287715866,25.5614419170025,25.4845288451903,25.602438715738,25.5050446238429,25.5563161681696,25.6536617552083,25.6382975199907,25.5511901638832,25.4742694202044,25.4691393236678,25.3664835674914,25.5921910475291,25.6485405982759,25.6075621671384,25.6587826573823,25.8122914408466,25.7253312192514,26.0013046697413,25.7969508507036,25.7662628184848,25.6178083047144,25.6331755985647,25.5563161681696,25.3870229273887,25.643419186549,25.4178242679226,25.5255563093646,25.622930990963,25.5563161681696,25.4588783623232,25.4896581737131,25.5153009780981,25.5358106179362,25.5153009780981,25.4896581737131,25.464008971053,25.4999160630027,25.494787246305,25.494787246305,25.4742694202044,25.4588783623232,25.5050446238429,25.3613480855689,25.3664835674914,25.1968768433364,25.1762993840732,25.3562123467933,25.3870229273887,25.3151171854302,25.5204287715866,25.3305297988212,25.3459400985342,25.3818884725093,25.3459400985342,25.4075581805922,25.1917328656758,25.2637250847104,25.2020205629554,25.4537474974415,25.5306835914689,25.4588783623232,25.4896581737131,25.6331755985647,25.6997407078597,25.622930990963,25.6587826573823,25.7202136256143,25.6331755985647,25.6946218424375,25.622930990963,25.5973150092137,25.6382975199907,25.6741438357205,25.643419186549,25.6587826573823,25.669023697602,25.5306835914689,25.5716926484544,25.5973150092137,25.5358106179362,25.602438715738,25.5563161681696,25.5665674104186,25.4537474974415,25.6178083047144,25.6843833481574,25.6536617552083,25.6639033048348,25.6075621671384,25.5614419170025,25.5768176311468,25.5511901638832,25.4793992606996,25.4896581737131,25.464008971053,25.4896581737131,25.4126913524992,25.4280893294658,25.4126913524992,25.3972910671794,25.3510763511273,25.4075581805922,25.4486163763711,25.4588783623232,25.4691393236678,25.5204287715866,25.5511901638832,25.5050446238429,25.4691393236678,25.4793992606996,25.4383533655169,25.4383533655169,25.6536617552083,25.5768176311468,25.6485405982759,25.6178083047144,25.7253312192514,25.863410260858,25.9093955434194,25.9604662734002,26.0319228696336,25.9910965851406,26.0778331565889,26.0982311813659,26.0217178117003,26.0319228696336,26.016614904526,26.0217178117003,26.123723051325,26.0013046697413,25.9349340679388,25.9706773872579,26.016614904526,25.9196117118026,26.0319228696336,25.8736309844862,26.0574311037199
25.1042457289643,25.124837657352,25.124837657352,25.1608635787557,25.1145422104357,24.8671404277798,25.0063774992726,25.2225928617629,25.2534435750629,25.1196900631945,24.9960701368761,25.0733500742259,25.1093940990381,25.1145422104357,25.1505717504272,25.3202549803643,25.1042457289643,25.3510763511273,25.3972910671794,25.4537474974415,25.5204287715866,25.5101729288625,25.5050446238429,25.3202549803643,25.4691393236678,25.2740055641272,25.3613480855689,25.3921571255997,25.4793992606996,25.3921571255997,25.1968768433364,25.3716187925976,25.2534435750629,25.0578987516956,25.0681998923707,25.0990971001769,24.9290469664651,25.0475965748176,25.1093940990381,25.0681998923707,25.1042457289643,25.3510763511273,25.6382975199907,25.622930990963,25.5614419170025,25.5973150092137,25.6280534222343,25.4588783623232,25.2997022573604,25.4742694202044,25.4280893294658,25.3613480855689,25.2431610348875,25.3767537609245,25.4742694202044,25.5819423585322,25.7253312192514,25.6382975199907,25.4999160630027,25.4075581805922,25.5511901638832,25.6946218424375,25.4691393236678,25.5204287715866,25.4691393236678,25.5614419170025,25.4178242679226,25.5665674104186,25.5460639041067,25.4229569268991,25.4999160630027,25.4999160630027,25.5101729288625,25.622930990963,25.5153009780981,25.622930990963,25.5870668306474,25.5358106179362,25.6639033048348,25.4537474974415,25.4793992606996,25.4024247521646,25.325392518149,25.4126913524992,25.2842850136107,25.4434849990752,25.4896581737131,25.5716926484544,25.7253312192514,25.5511901638832,25.5768176311468,25.6382975199907,25.5409373888032,25.4178242679226,25.4588783623232,25.5358106179362,25.5050446238429,25.5255563093646,25.6536617552083,25.5768176311468,25.602438715738,25.5050446238429,25.3767537609245,25.3613480855689,25.4999160630027,25.4896581737131,25.3664835674914,25.5460639041067,25.6485405982759,25.669023697602,25.4896581737131,25.494787246305,25.5101729288625,25.5101729288625,25.4383533655169,25.5665674104186,25.643419186549,25.6843833481574,25.6382975199907,25.8736309844862,25.8480772758155,25.5870668306474,25.6792637192269,25.643419186549,25.5563161681696,25.5819423585322,25.5665674104186,25.4434849990752,25.5255563093646,25.5153009780981,25.5563161681696,25.6075621671384,25.4896581737131,25.6075621671384,25.5306835914689,25.4999160630027,25.5819423585322,25.5870668306474,25.5921910475291,25.5460639041067,25.4896581737131,25.6075621671384,25.4383533655169,25.494787246305,25.464008971053,25.2997022573604,25.3613480855689,25.2688654531791,25.3099791333095,25.3562123467933,25.4742694202044,25.4588783623232,25.4588783623232,25.4793992606996,25.4126913524992,25.4229569268991,25.3767537609245,25.2894243522202,25.2123072282184,25.1917328656758,25.1968768433364,25.4024247521646,25.4332214756594,25.5306835914689,25.602438715738,25.7048593188521,25.622930990963,25.6280534222343,25.715095777693,25.6587826573823,25.6639033048348,25.6075621671384,25.6485405982759,25.6280534222343,25.6946218424375,25.6331755985647,25.6331755985647,25.5460639041067,25.5870668306474,25.602438715738,25.5460639041067,25.5614419170025,25.5358106179362,25.5973150092137,25.5716926484544,25.5768176311468,25.4486163763711,25.5665674104186,25.6843833481574,25.6178083047144,25.5153009780981,25.5768176311468,25.5255563093646,25.4845288451903,25.4793992606996,25.4486163763711,25.3613480855689,25.4691393236678,25.4588783623232,25.3408035889768,25.4588783623232,25.3562123467933,25.4024247521646,25.4486163763711,25.3099791333095,25.3048408239653,25.4486163763711,25.4383533655169,25.494787246305,25.5255563093646,25.4896581737131,25.5153009780981,25.5153009780981,25.4793992606996,25.4486163763711,25.5819423585322,25.5768176311468,25.5716926484544,25.6946218424375,25.6741438357205,25.8531885241579,25.9808874910754,26.0778331565889,25.8736309844862,26.0625319946962,26.016614904526,26.0982311813659,26.0778331565889,26.0370250204644,26.0217178117003,26.0115117451654,25.9808874910754,26.0268204667242,25.9604662734002,25.9451477081579,26.0370250204644,26.0523299608444,25.9451477081579,26.0064083335824,25.9706773872579
24.9238895190908,24.9135738442187,25.1917328656758,25.1917328656758,25.1042457289643,24.8723007375455,24.9754522977662,25.0115307913128,25.2071640245704,25.1865886299367,25.0012239478063,25.1145422104357,25.0578987516956,25.1660091054476,25.0887990663117,25.0836496611589,25.2020205629554,25.2894243522202,25.3818884725093,25.4845288451903,25.3716187925976,25.5050446238429,25.5409373888032,25.464008971053,25.4178242679226,25.258584458684,25.3459400985342,25.4845288451903,25.3459400985342,25.3870229273887,25.1968768433364,25.325392518149,25.3356668224182,25.1145422104357,25.1917328656758,25.0424450977087,24.8568190268782,25.2380193782588,25.0372933614365,25.0630494515398,25.0939482126385,25.3356668224182,25.5409373888032,25.6639033048348,25.5819423585322,25.5973150092137,25.6639033048348,25.5255563093646,25.3972910671794,25.3921571255997,25.4178242679226,25.4434849990752,25.4229569268991,25.3870229273887,25.4742694202044,25.4896581737131,25.6587826573823,25.5358106179362,25.4434849990752,25.3972910671794,25.5768176311468,25.622930990963,25.5204287715866,25.494787246305,25.5358106179362,25.4793992606996,25.5614419170025,25.5511901638832,25.494787246305,25.5511901638832,25.3408035889768,25.494787246305,25.5768176311468,25.5101729288625,25.4999160630027,25.6075621671384,25.669023697602,25.5255563093646,25.6331755985647,25.5819423585322,25.5511901638832,25.4999160630027,25.3613480855689,25.4075581805922,25.258584458684,25.5511901638832,25.5255563093646,25.6741438357205,25.5563161681696,25.4229569268991,25.6946218424375,25.6382975199907,25.622930990963,25.4742694202044,25.4999160630027,25.5153009780981,25.5409373888032,25.602438715738,25.7560314431445,25.6280534222343,25.4845288451903,25.3664835674914,25.2277352917338,25.464008971053,25.3767537609245,25.494787246305,25.4588783623232,25.622930990963,25.7764931779977,25.6536617552083,25.5870668306474,25.494787246305,25.5204287715866,25.9042870798318,25.715095777693,25.7253312192514,25.669023697602,25.7253312192514,25.6997407078597,25.7969508507036,25.8582995191601,25.6895027225489,25.622930990963,25.5870668306474,25.6126853634517,25.5614419170025,25.5921910475291,25.5614419170025,25.6331755985647,25.5614419170025,25.6331755985647,25.6331755985647,25.6536617552083,25.494787246305,25.5358106179362,25.5306835914689,25.4896581737131,25.5511901638832,25.5870668306474,25.5511901638832,25.7099776754511,25.6639033048348,25.494787246305,25.5409373888032,25.4588783623232,25.3664835674914,25.3664835674914,25.3664835674914,25.3202549803643,25.3202549803643,25.5358106179362,25.3767537609245,25.4793992606996,25.3048408239653,25.4383533655169,25.4486163763711,25.3716187925976,25.3305297988212,25.2997022573604,25.3048408239653,25.1557177937613,25.1968768433364,25.4229569268991,25.6280534222343,25.5101729288625,25.6997407078597,25.6126853634517,25.6741438357205,25.6280534222343,25.6946218424375,25.669023697602,25.643419186549,25.669023697602,25.5460639041067,25.602438715738,25.6075621671384,25.643419186549,25.6178083047144,25.5921910475291,25.5460639041067,25.5870668306474,25.494787246305,25.5306835914689,25.5255563093646,25.5768176311468,25.4896581737131,25.4537474974415,25.4793992606996,25.6075621671384,25.5511901638832,25.4999160630027,25.494787246305,25.494787246305,25.464008971053,25.4793992606996,25.4588783623232,25.3613480855689,25.4383533655169,25.4075581805922,25.3459400985342,25.3510763511273,25.3408035889768,25.3562123467933,25.4126913524992,25.4024247521646,25.4075581805922,25.3921571255997,25.4793992606996,25.4742694202044,25.5358106179362,25.5050446238429,25.4896581737131,25.5358106179362,25.4486163763711,25.4537474974415,25.5563161681696,25.5153009780981,25.5101729288625,25.7253312192514,25.7304485586408,25.9553603376162,26.016614904526,26.0013046697413,26.0268204667242,26.1084286839364,26.0115117451654,26.0064083335824,26.0064083335824,26.0574311037199,26.0064083335824,26.0319228696336,26.0370250204644,26.0778331565889,26.0064083335824,25.9706773872579,26.0115117451654,26.0217178117003,26.016614904526,26.0064083335824,26.0064083335824
25.2277352917338,25.14027888859,25.4024247521646,25.1917328656758,25.2740055641272,25.0939482126385,24.9960701368761,25.0372933614365,25.2534435750629,25.1968768433364,25.2020205629554,25.1042457289643,25.1145422104357,25.1351320700124,25.0681998923707,25.0424450977087,25.2277352917338,25.1145422104357,25.2431610348875,25.4024247521646,25.5973150092137,25.5563161681696,25.622930990963,25.6075621671384,25.4126913524992,25.2483024338098,25.4178242679226,25.4126913524992,25.3356668224182,25.4486163763711,25.3664835674914,25.4280893294658,25.14027888859,25.3151171854302,25.2380193782588,24.8671404277798,25.0475965748176,25.1454254487159,25.0939482126385,25.0939482126385,24.9445177487934,25.1299849929454,25.5409373888032,25.5511901638832,25.5358106179362,25.6946218424375,25.5768176311468,25.4793992606996,25.4588783623232,25.4383533655169,25.4126913524992,25.4126913524992,25.4075581805922,25.3921571255997,25.3356668224182,25.4537474974415,25.4383533655169,25.4332214756594,25.464008971053,25.3767537609245,25.4999160630027,25.5460639041067,25.6126853634517,25.602438715738,25.4896581737131,25.4742694202044,25.5409373888032,25.4486163763711,25.5409373888032,25.5819423585322,25.4742694202044,25.5306835914689,25.6126853634517,25.5050446238429,25.622930990963,25.4896581737131,25.5819423585322,25.669023697602,25.6997407078597,25.4383533655169,25.5101729288625,25.5409373888032,25.3870229273887,25.2791454175921,25.4126913524992,25.4332214756594,25.6178083047144,25.6536617552083,25.5409373888032,25.5716926484544,25.5819423585322,25.6280534222343,25.5973150092137,25.5819423585322,25.5358106179362,25.5050446238429,25.4537474974415,25.7662628184848,25.5153009780981,25.3202549803643,25.3562123467933,25.3613480855689,25.3099791333095,25.3562123467933,25.4742694202044,25.5973150092137,25.5050446238429,25.5973150092137,25.7048593188521,25.643419186549,25.5358106179362,25.5050446238429,25.6843833481574,25.7406824748218,25.7713781252015,25.7048593188521,25.7304485586408,25.8225172327306,25.8531885241579,25.8122914408466,25.7253312192514,25.6075621671384,25.602438715738,25.5870668306474,25.5819423585322,25.5101729288625,25.602438715738,25.5614419170025,25.5870668306474,25.5255563093646,25.5563161681696,25.4999160630027,25.4896581737131,25.4537474974415,25.5614419170025,25.4537474974415,25.4486163763711,25.4845288451903,25.5716926484544,25.5255563093646,25.5204287715866,25.5819423585322,25.5050446238429,25.5460639041067,25.5716926484544,25.4178242679226,25.4280893294658,25.4126913524992,25.3510763511273,25.3921571255997,25.4229569268991,25.4486163763711,25.2740055641272,25.3305297988212,25.3459400985342,25.4896581737131,25.3870229273887,25.4229569268991,25.2997022573604,25.1968768433364,25.3356668224182,25.3613480855689,25.4280893294658,25.6280534222343,25.6331755985647,25.6178083047144,25.7048593188521,25.6331755985647,25.6075621671384,25.6792637192269,25.6280534222343,25.5819423585322,25.6126853634517,25.6331755985647,25.6280534222343,25.5921910475291,25.6382975199907,25.6075621671384,25.5511901638832,25.5870668306474,25.5921910475291,25.6075621671384,25.4999160630027,25.4845288451903,25.5870668306474,25.4896581737131,25.3818884725093,25.494787246305,25.6126853634517,25.4999160630027,25.3664835674914,25.4383533655169,25.4896581737131,25.4742694202044,25.4691393236678,25.464008971053,25.4845288451903,25.4280893294658,25.4434849990752,25.3972910671794,25.4229569268991,25.3921571255997,25.4434849990752,25.3510763511273,25.4280893294658,25.4588783623232,25.4793992606996,25.4691393236678,25.4332214756594,25.5101729288625,25.4845288451903,25.494787246305,25.3921571255997,25.464008971053,25.5255563093646,25.5563161681696,25.5460639041067,25.5819423585322,25.5768176311468,25.8378540189647,25.9502541492142,26.1033300584395,26.0013046697413,26.0013046697413,26.0676326338092,26.0370250204644,26.123723051325,26.0676326338092,26.0268204667242,26.0370250204644,26.123723051325,26.0523299608444,26.016614904526,26.0319228696336,26.0319228696336,26.0064083335824,26.0319228696336,25.9808874910754,25.9502541492142,25.985992164309
25.1557177937613,25.4126913524992,25.325392518149,25.2997022573604,25.2688654531791,25.0681998923707,24.8774607869049,24.8929393729232,25.1145422104357,25.2123072282184,25.3099791333095,25.2997022573604,24.9960701368761,25.1968768433364,25.0681998923707,25.0475965748176,25.0681998923707,24.8258485704877,25.1505717504272,25.3921571255997,25.5921910475291,25.5973150092137,25.5358106179362,25.5973150092137,25.3818884725093,25.2740055641272,25.3972910671794,25.3664835674914,25.3048408239653,25.325392518149,25.3048408239653,25.2123072282184,25.2123072282184,25.2534435750629,25.2174501739369,24.8671404277798,24.918731811688,25.258584458684,25.2020205629554,25.325392518149,25.1711543738743,25.1093940990381,25.3408035889768,25.0063774992726,25.2071640245704,25.5358106179362,25.6485405982759,25.4280893294658,25.4999160630027,25.464008971053,25.5614419170025,25.5460639041067,25.4024247521646,25.4075581805922,25.4075581805922,25.325392518149,25.4383533655169,25.5153009780981,25.5614419170025,25.464008971053,25.4126913524992,25.494787246305,25.5358106179362,25.5204287715866,25.4845288451903,25.4999160630027,25.4383533655169,25.5768176311468,25.5358106179362,25.5511901638832,25.5665674104186,25.5204287715866,25.5409373888032,25.6792637192269,25.5614419170025,25.3356668224182,25.3921571255997,25.5768176311468,25.3562123467933,25.4024247521646,25.3202549803643,25.464008971053,25.258584458684,25.4126913524992,25.4178242679226,25.4075581805922,25.5716926484544,25.6895027225489,25.3921571255997,25.4075581805922,25.5921910475291,25.5921910475291,25.6178083047144,25.4024247521646,25.5460639041067,25.4793992606996,25.4691393236678,25.4178242679226,25.4229569268991,25.325392518149,25.2997022573604,25.2740055641272,25.2740055641272,25.3716187925976,25.4793992606996,25.4691393236678,25.5358106179362,25.4691393236678,25.4434849990752,25.5153009780981,25.6075621671384,25.4126913524992,25.494787246305,25.7048593188521,25.7048593188521,25.7662628184848,25.6639033048348,25.6792637192269,25.6792637192269,25.7355656438188,25.5819423585322,25.4229569268991,25.4434849990752,25.3870229273887,25.5460639041067,25.4434849990752,25.6280534222343,25.5870668306474,25.5204287715866,25.5973150092137,25.5511901638832,25.5153009780981,25.4434849990752,25.4793992606996,25.4486163763711,25.5358106179362,25.4486163763711,25.4999160630027,25.494787246305,25.5614419170025,25.6075621671384,25.5101729288625,25.5358106179362,25.4434849990752,25.4332214756594,25.4537474974415,25.4075581805922,25.4280893294658,25.3510763511273,25.4075581805922,25.4383533655169,25.4280893294658,25.325392518149,25.3510763511273,25.3408035889768,25.3305297988212,25.3664835674914,25.3972910671794,25.325392518149,25.3356668224182,25.3459400985342,25.325392518149,25.3818884725093,25.6485405982759,25.6843833481574,25.6280534222343,25.6792637192269,25.7099776754511,25.6126853634517,25.5665674104186,25.602438715738,25.6075621671384,25.7304485586408,25.622930990963,25.6075621671384,25.5716926484544,25.5870668306474,25.5306835914689,25.5973150092137,25.5716926484544,25.5306835914689,25.5921910475291,25.6741438357205,25.5101729288625,25.4793992606996,25.4896581737131,25.4793992606996,25.5255563093646,25.4793992606996,25.5101729288625,25.494787246305,25.4075581805922,25.3972910671794,25.3818884725093,25.464008971053,25.4793992606996,25.494787246305,25.494787246305,25.4742694202044,25.3818884725093,25.4793992606996,25.3664835674914,25.3716187925976,25.4588783623232,25.3716187925976,25.4332214756594,25.4999160630027,25.5153009780981,25.6485405982759,25.4691393236678,25.4896581737131,25.4691393236678,25.464008971053,25.4742694202044,25.4537474974415,25.5511901638832,25.5614419170025,25.4383533655169,25.5050446238429,25.6126853634517,25.8940693936838,26.0064083335824,26.0778331565889,26.1288206708731,26.1084286839364,26.1033300584395,26.0421269192526,25.996200753606,26.0268204667242,26.0829330403271,26.0574311037199,26.0421269192526,26.0370250204644,26.1135270578924,26.0421269192526,26.0472285660339,26.0625319946962,26.0727330210948,25.9910965851406,25.9451477081579
25.2071640245704,25.3613480855689,25.2997022573604,25.2894243522202,25.0269891112523,25.0218365972651,24.8568190268782,25.0372933614365,25.2740055641272,25.4742694202044,25.3818884725093,25.2997022573604,24.9496741564303,25.0836496611589,24.9857617364743,25.2123072282184,24.8206859153626,24.8826205758957,25.2688654531791,25.5101729288625,25.5768176311468,25.5870668306474,25.4845288451903,25.622930990963,25.5204287715866,25.4896581737131,25.4793992606996,25.3562123467933,25.2945634334578,25.1505717504272,25.3202549803643,25.2997022573604,25.1917328656758,25.1042457289643,25.1608635787557,25.1711543738743,24.9960701368761,25.4742694202044,25.6382975199907,25.4691393236678,25.3151171854302,25.2431610348875,25.325392518149,25.2123072282184,25.0321413659635,25.3099791333095,25.4999160630027,25.4896581737131,25.4588783623232,25.4999160630027,25.5665674104186,25.5716926484544,25.5050446238429,25.494787246305,25.3921571255997,25.4434849990752,25.5921910475291,25.5870668306474,25.464008971053,25.4793992606996,25.5409373888032,25.6126853634517,25.5409373888032,25.5511901638832,25.5204287715866,25.494787246305,25.4434849990752,25.5716926484544,25.5921910475291,25.5409373888032,25.5921910475291,25.6075621671384,25.622930990963,25.622930990963,25.6280534222343,25.4742694202044,25.3870229273887,25.4588783623232,25.4075581805922,25.4537474974415,25.3664835674914,25.4845288451903,25.3459400985342,25.4383533655169,25.4332214756594,25.4486163763711,25.6331755985647,25.5665674104186,25.4896581737131,25.3921571255997,25.5409373888032,25.602438715738,25.6178083047144,25.4896581737131,25.5870668306474,25.6075621671384,25.4280893294658,25.2740055641272,25.3818884725093,25.2945634334578,25.2997022573604,25.3818884725093,25.4588783623232,25.4280893294658,25.5153009780981,25.6485405982759,25.5665674104186,25.4588783623232,25.3408035889768,25.4588783623232,25.4280893294658,25.4332214756594,25.6126853634517,25.6843833481574,25.7918368132263,25.7304485586408,25.6843833481574,25.7202136256143,25.8378540189647,25.6895027225489,25.6741438357205,25.5921910475291,25.5768176311468,25.5665674104186,25.4742694202044,25.5768176311468,25.6792637192269,25.6895027225489,25.5819423585322,25.6792637192269,25.6587826573823,25.4999160630027,25.5819423585322,25.5614419170025,25.4332214756594,25.5153009780981,25.5358106179362,25.5306835914689,25.4793992606996,25.5409373888032,25.5819423585322,25.4793992606996,25.5306835914689,25.4383533655169,25.4486163763711,25.4126913524992,25.4332214756594,25.4024247521646,25.4024247521646,25.4332214756594,25.5614419170025,25.5153009780981,25.4845288451903,25.3510763511273,25.258584458684,25.2483024338098,25.3613480855689,25.3356668224182,25.4126913524992,25.3305297988212,25.3921571255997,25.4024247521646,25.4896581737131,25.6126853634517,25.6946218424375,25.8225172327306,25.715095777693,25.7048593188521,25.7253312192514,25.669023697602,25.5614419170025,25.6178083047144,25.6280534222343,25.7048593188521,25.602438715738,25.7048593188521,25.622930990963,25.5665674104186,25.4896581737131,25.5460639041067,25.6639033048348,25.6126853634517,25.6178083047144,25.6075621671384,25.5563161681696,25.5614419170025,25.669023697602,25.4742694202044,25.5153009780981,25.494787246305,25.5563161681696,25.5101729288625,25.5050446238429,25.4793992606996,25.4742694202044,25.4845288451903,25.4742694202044,25.4742694202044,25.5460639041067,25.4845288451903,25.3613480855689,25.4588783623232,25.3870229273887,25.3151171854302,25.3972910671794,25.4229569268991,25.464008971053,25.5306835914689,25.6075621671384,25.5460639041067,25.4742694202044,25.6382975199907,25.5255563093646,25.494787246305,25.5255563093646,25.4332214756594,25.5255563093646,25.5614419170025,25.5306835914689,25.5101729288625,25.5870668306474,25.863410260858,26.0319228696336,26.0982311813659,26.123723051325,26.1339180390234,26.0064083335824,26.123723051325,26.0319228696336,26.0319228696336,26.0574311037199,26.0319228696336,26.0880326723456,26.0268204667242,26.1033300584395,26.0574311037199,26.1084286839364,25.8940693936838,26.0064083335824,26.0013046697413
25.3459400985342,25.325392518149,25.3613480855689,25.2534435750629,25.1660091054476,24.9651418204509,24.8774607869049,24.8826205758957,25.1968768433364,25.4742694202044,25.3151171854302,25.3048408239653,25.0990971001769,24.836173098535,24.8258485704877,25.0887990663117,24.8826205758957,24.8826205758957,25.0784999971428,25.4691393236678,25.5614419170025,25.5819423585322,25.4280893294658,25.4537474974415,25.4383533655169,25.4332214756594,25.5255563093646,25.3356668224182,25.0784999971428,25.0681998923707,25.2380193782588,25.3202549803643,25.3716187925976,25.1505717504272,25.2483024338098,25.1711543738743,25.2123072282184,25.3202549803643,25.4999160630027,25.4845288451903,25.5255563093646,25.3818884725093,25.2020205629554,25.2894243522202,25.2277352917338,25.3716187925976,25.494787246305,25.5050446238429,25.4126913524992,25.4178242679226,25.4691393236678,25.4075581805922,25.4486163763711,25.3716187925976,25.4229569268991,25.5050446238429,25.6280534222343,25.5255563093646,25.5973150092137,25.622930990963,25.5973150092137,25.6075621671384,25.6178083047144,25.6331755985647,25.5460639041067,25.4537474974415,25.494787246305,25.5819423585322,25.602438715738,25.5768176311468,25.6280534222343,25.6382975199907,25.7202136256143,25.715095777693,25.6946218424375,25.4178242679226,25.3664835674914,25.3870229273887,25.3767537609245,25.3716187925976,25.494787246305,25.5101729288625,25.4178242679226,25.494787246305,25.5050446238429,25.6178083047144,25.6382975199907,25.4896581737131,25.5050446238429,25.4229569268991,25.4434849990752,25.5870668306474,25.602438715738,25.6331755985647,25.602438715738,25.5358106179362,25.4178242679226,25.4126913524992,25.2997022573604,25.2894243522202,25.3562123467933,25.3562123467933,25.5614419170025,25.5050446238429,25.7560314431445,25.622930990963,25.7816079769097,25.5460639041067,25.494787246305,25.5768176311468,25.5870668306474,25.5973150092137,25.5716926484544,25.7969508507036,25.7764931779977,25.7918368132263,25.7406824748218,25.6587826573823,25.8174044635856,25.7099776754511,25.6946218424375,25.5409373888032,25.5460639041067,25.6075621671384,25.622930990963,25.6075621671384,25.6895027225489,25.622930990963,25.7202136256143,25.5870668306474,25.5973150092137,25.5768176311468,25.5409373888032,25.5665674104186,25.5921910475291,25.5665674104186,25.6331755985647,25.5563161681696,25.5819423585322,25.4742694202044,25.5153009780981,25.5204287715866,25.4896581737131,25.5511901638832,25.4126913524992,25.3202549803643,25.3510763511273,25.3202549803643,25.325392518149,25.5101729288625,25.4588783623232,25.5153009780981,25.4434849990752,25.4383533655169,25.3510763511273,25.1814441360816,25.2740055641272,25.3305297988212,25.325392518149,25.3305297988212,25.4434849990752,25.6126853634517,25.6843833481574,25.6587826573823,25.6895027225489,25.6997407078597,25.6741438357205,25.7202136256143,25.7202136256143,25.7202136256143,25.7406824748218,25.7202136256143,25.7406824748218,25.622930990963,25.643419186549,25.715095777693,25.6178083047144,25.6075621671384,25.5153009780981,25.5665674104186,25.6382975199907,25.6075621671384,25.6126853634517,25.622930990963,25.602438715738,25.5973150092137,25.5050446238429,25.4896581737131,25.5460639041067,25.494787246305,25.3870229273887,25.3972910671794,25.4537474974415,25.4486163763711,25.5204287715866,25.4537474974415,25.4999160630027,25.5358106179362,25.4896581737131,25.4845288451903,25.4793992606996,25.4280893294658,25.4793992606996,25.4383533655169,25.4742694202044,25.4537474974415,25.5716926484544,25.4691393236678,25.4691393236678,25.5101729288625,25.5819423585322,25.6075621671384,25.5358106179362,25.5614419170025,25.4229569268991,25.5153009780981,25.4793992606996,25.5768176311468,25.5870668306474,25.5204287715866,25.5819423585322,25.863410260858,25.9553603376162,26.1288206708731,26.1135270578924,26.0982311813659,26.0982311813659,25.9808874910754,25.9706773872579,26.0931320526798,26.1746879381935,26.0778331565889,26.0217178117003,26.1033300584395,26.0574311037199,26.0982311813659,26.0931320526798,26.0778331565889,26.0013046697413,26.0727330210948
25.0578987516956,25.2174501739369,25.3202549803643,25.1917328656758,25.1145422104357,24.918731811688,24.8877801045559,25.0939482126385,25.1042457289643,25.1608635787557,25.2637250847104,25.1711543738743,25.0372933614365,24.9754522977662,25.0166838239645,25.0630494515398,25.0681998923707,24.7897045068028,25.0733500742259,25.4126913524992,25.4434849990752,25.4178242679226,25.3305297988212,25.3356668224182,25.3356668224182,25.4383533655169,25.4024247521646,25.14027888859,25.1196900631945,25.0733500742259,25.1454254487159,25.3099791333095,25.2842850136107,25.1917328656758,25.2688654531791,25.1608635787557,25.2483024338098,25.3202549803643,25.4845288451903,25.4793992606996,25.3921571255997,25.2791454175921,25.2225928617629,25.2688654531791,25.2225928617629,25.3305297988212,25.3356668224182,25.2174501739369,25.1608635787557,25.2174501739369,25.2842850136107,25.3356668224182,25.3664835674914,25.2791454175921,25.4280893294658,25.5204287715866,25.5306835914689,25.4742694202044,25.5306835914689,25.5921910475291,25.6280534222343,25.5921910475291,25.6536617552083,25.5768176311468,25.4845288451903,25.494787246305,25.5460639041067,25.5153009780981,25.5614419170025,25.622930990963,25.5819423585322,25.6126853634517,25.6639033048348,25.6178083047144,25.4332214756594,25.3408035889768,25.3510763511273,25.1351320700124,25.2277352917338,25.3921571255997,25.3202549803643,25.2225928617629,25.4588783623232,25.4229569268991,25.5204287715866,25.643419186549,25.6075621671384,25.5255563093646,25.5050446238429,25.3870229273887,25.3613480855689,25.5255563093646,25.5870668306474,25.5870668306474,25.5511901638832,25.4537474974415,25.5511901638832,25.494787246305,25.464008971053,25.3562123467933,25.3510763511273,25.4075581805922,25.6331755985647,25.669023697602,25.6382975199907,25.5563161681696,25.5409373888032,25.4691393236678,25.5819423585322,25.6587826573823,25.5716926484544,25.643419186549,25.5665674104186,25.5716926484544,25.6843833481574,25.6946218424375,25.6741438357205,25.5921910475291,25.6741438357205,25.6075621671384,25.5921910475291,25.5563161681696,25.6178083047144,25.5768176311468,25.6280534222343,25.5716926484544,25.6587826573823,25.6485405982759,25.7099776754511,25.6639033048348,25.5511901638832,25.5870668306474,25.5819423585322,25.5768176311468,25.6075621671384,25.6382975199907,25.5563161681696,25.5716926484544,25.6126853634517,25.5358106179362,25.5870668306474,25.3510763511273,25.5563161681696,25.3459400985342,25.4280893294658,25.3099791333095,25.1814441360816,25.1762993840732,25.3613480855689,25.3613480855689,25.4691393236678,25.4691393236678,25.4588783623232,25.3972910671794,25.3664835674914,25.2894243522202,25.1557177937613,25.3151171854302,25.3459400985342,25.3921571255997,25.325392518149,25.4434849990752,25.5921910475291,25.6843833481574,25.5973150092137,25.622930990963,25.715095777693,25.6997407078597,25.6997407078597,25.7253312192514,25.6741438357205,25.7867225219738,25.7509153744483,25.6382975199907,25.7048593188521,25.6997407078597,25.669023697602,25.5511901638832,25.5460639041067,25.602438715738,25.5511901638832,25.6843833481574,25.5614419170025,25.5973150092137,25.5614419170025,25.643419186549,25.5460639041067,25.5306835914689,25.494787246305,25.4486163763711,25.3972910671794,25.4999160630027,25.4691393236678,25.4486163763711,25.4280893294658,25.4434849990752,25.4896581737131,25.4793992606996,25.4742694202044,25.4486163763711,25.4691393236678,25.4793992606996,25.3356668224182,25.4229569268991,25.4383533655169,25.4383533655169,25.4588783623232,25.4896581737131,25.5870668306474,25.5665674104186,25.494787246305,25.5511901638832,25.5768176311468,25.494787246305,25.5153009780981,25.5409373888032,25.5665674104186,25.5050446238429,25.5819423585322,25.5358106179362,25.5460639041067,25.6280534222343,25.8378540189647,26.0421269192526,26.1084286839364,26.0982311813659,26.0829330403271,26.123723051325,26.0829330403271,25.985992164309,26.0268204667242,26.0268204667242,26.0115117451654,26.0013046697413,26.1084286839364,26.0523299608444,26.0370250204644,26.0370250204644,25.996200753606,25.9042870798318
25.2328774638867,25.2483024338098,25.1968768433364,25.2020205629554,25.2380193782588,25.1608635787557,24.8671404277798,24.9496741564303,25.1299849929454,25.3664835674914,25.258584458684,25.0115307913128,24.6708553211965,24.6708553211965,24.9857617364743,25.1196900631945,25.0475965748176,24.7897045068028,25.3151171854302,25.4332214756594,25.5409373888032,25.5204287715866,25.3099791333095,25.3408035889768,25.4126913524992,25.4126913524992,25.1711543738743,25.3356668224182,25.1660091054476,25.1711543738743,25.1557177937613,25.3151171854302,25.3099791333095,25.3202549803643,25.1660091054476,25.1608635787557,25.2431610348875,25.325392518149,25.4537474974415,25.3613480855689,25.5255563093646,25.4434849990752,25.3356668224182,25.3099791333095,25.3818884725093,25.325392518149,25.1660091054476,25.1660091054476,25.1454254487159,25.1557177937613,25.2123072282184,25.3048408239653,25.3408035889768,25.3716187925976,25.4896581737131,25.4793992606996,25.4691393236678,25.5101729288625,25.6126853634517,25.669023697602,25.6587826573823,25.6997407078597,25.6126853634517,25.6331755985647,25.5101729288625,25.6741438357205,25.5306835914689,25.6178083047144,25.6792637192269,25.6536617552083,25.6997407078597,25.6485405982759,25.3202549803643,25.4486163763711,25.4691393236678,25.3921571255997,25.4332214756594,25.1505717504272,25.1865886299367,25.3562123467933,25.3767537609245,25.3767537609245,25.4537474974415,25.5306835914689,25.4332214756594,25.4793992606996,25.5358106179362,25.5050446238429,25.3870229273887,25.3767537609245,25.4280893294658,25.6536617552083,25.5819423585322,25.622930990963,25.5204287715866,25.5255563093646,25.5306835914689,25.5563161681696,25.3921571255997,25.3408035889768,25.3716187925976,25.7202136256143,25.715095777693,25.6639033048348,25.5768176311468,25.6485405982759,25.5511901638832,25.7611472578112,25.6946218424375,25.7406824748218,25.7253312192514,25.8531885241579,25.7355656438188,25.6639033048348,25.5921910475291,25.5921910475291,25.5768176311468,25.643419186549,25.7202136256143,25.7509153744483,25.6382975199907,25.5870668306474,25.5563161681696,25.5511901638832,25.622930990963,25.6178083047144,25.5921910475291,25.669023697602,25.6792637192269,25.669023697602,25.5768176311468,25.5614419170025,25.5819423585322,25.6382975199907,25.5614419170025,25.6382975199907,25.6075621671384,25.5614419170025,25.5614419170025,25.6946218424375,25.5819423585322,25.5153009780981,25.5153009780981,25.5050446238429,25.4126913524992,25.3151171854302,25.3510763511273,25.1814441360816,25.1968768433364,25.3048408239653,25.5409373888032,25.4691393236678,25.464008971053,25.4024247521646,25.4075581805922,25.3716187925976,25.4537474974415,25.4691393236678,25.3356668224182,25.3408035889768,25.3818884725093,25.3870229273887,25.6895027225489,25.6587826573823,25.6895027225489,25.6536617552083,25.6280534222343,25.6536617552083,25.6536617552083,25.7457990516862,25.7202136256143,25.7304485586408,25.6741438357205,25.6331755985647,25.715095777693,25.6536617552083,25.643419186549,25.5511901638832,25.5460639041067,25.6485405982759,25.5716926484544,25.6280534222343,25.6126853634517,25.5716926484544,25.5921910475291,25.5153009780981,25.4896581737131,25.5204287715866,25.5460639041067,25.3972910671794,25.3972910671794,25.3921571255997,25.4280893294658,25.3870229273887,25.4280893294658,25.4742694202044,25.4588783623232,25.5563161681696,25.4742694202044,25.4845288451903,25.4280893294658,25.4332214756594,25.3767537609245,25.2997022573604,25.3305297988212,25.4280893294658,25.3818884725093,25.602438715738,25.4691393236678,25.5306835914689,25.4537474974415,25.5511901638832,25.5511901638832,25.5921910475291,25.5563161681696,25.5716926484544,25.5255563093646,25.5665674104186,25.5819423585322,25.5614419170025,25.5153009780981,25.5255563093646,25.8327420103839,25.9706773872579,26.0829330403271,26.1084286839364,26.0115117451654,26.0880326723456,26.0727330210948,25.9706773872579,26.016614904526,26.0982311813659,26.0829330403271,26.0880326723456,26.016614904526,26.0013046697413,26.016614904526,26.016614904526,26.0523299608444,26.0421269192526
25.3510763511273,25.2483024338098,25.2688654531791,25.2483024338098,25.2637250847104,25.1608635787557,24.8464965838976,24.9032571289301,24.9754522977662,25.1042457289643,24.8671404277798,24.5466910676864,24.3290390547373,24.836173098535,24.8826205758957,24.9909160664447,25.0836496611589,24.9651418204509,25.3099791333095,25.464008971053,25.5614419170025,25.4793992606996,25.3921571255997,25.4691393236678,25.325392518149,25.4486163763711,25.2740055641272,25.2483024338098,25.4588783623232,25.0887990663117,25.2483024338098,25.2277352917338,25.2997022573604,25.0939482126385,24.9599861922213,25.1351320700124,25.3870229273887,25.4896581737131,25.5716926484544,25.5563161681696,25.4280893294658,25.494787246305,25.5101729288625,25.5255563093646,25.3767537609245,25.3356668224182,25.1711543738743,25.2020205629554,25.1711543738743,25.2174501739369,25.1865886299367,25.5358106179362,25.4332214756594,25.4383533655169,25.4486163763711,25.5153009780981,25.4332214756594,25.4229569268991,25.4537474974415,25.715095777693,25.622930990963,25.622930990963,25.622930990963,25.5460639041067,25.643419186549,25.5921910475291,25.6331755985647,25.6331755985647,25.7048593188521,25.715095777693,25.6639033048348,25.5973150092137,25.3408035889768,25.464008971053,25.4434849990752,25.4280893294658,25.3767537609245,25.2997022573604,25.3510763511273,25.3818884725093,25.5050446238429,25.3202549803643,25.5050446238429,25.6382975199907,25.5614419170025,25.4229569268991,25.5204287715866,25.5101729288625,25.4434849990752,25.3664835674914,25.2483024338098,25.5050446238429,25.6280534222343,25.6382975199907,25.5716926484544,25.4537474974415,25.5153009780981,25.5460639041067,25.4793992606996,25.4691393236678,25.3202549803643,25.6639033048348,25.6792637192269,25.6075621671384,25.3818884725093,25.3870229273887,25.5306835914689,25.5153009780981,25.4999160630027,25.5870668306474,25.5716926484544,25.5306835914689,25.5563161681696,25.5665674104186,25.5973150092137,25.5768176311468,25.5409373888032,25.5358106179362,25.602438715738,25.5460639041067,25.602438715738,25.6126853634517,25.6485405982759,25.5870668306474,25.5819423585322,25.6331755985647,25.5768176311468,25.5870668306474,25.5973150092137,25.643419186549,25.6741438357205,25.6639033048348,25.6792637192269,25.6639033048348,25.6639033048348,25.622930990963,25.6331755985647,25.5563161681696,25.5460639041067,25.5665674104186,25.5614419170025,25.5101729288625,25.5101729288625,25.4588783623232,25.3716187925976,25.4280893294658,25.3510763511273,25.3716187925976,25.3870229273887,25.3408035889768,25.4280893294658,25.4434849990752,25.4845288451903,25.4588783623232,25.4229569268991,25.3202549803643,25.4691393236678,25.4845288451903,25.494787246305,25.4845288451903,25.494787246305,25.5511901638832,25.6536617552083,25.5870668306474,25.669023697602,25.6997407078597,25.643419186549,25.7099776754511,25.669023697602,25.7304485586408,25.7867225219738,25.7406824748218,25.6843833481574,25.7816079769097,25.7099776754511,25.7099776754511,25.5665674104186,25.6126853634517,25.6587826573823,25.6536617552083,25.6946218424375,25.7816079769097,25.6126853634517,25.6639033048348,25.602438715738,25.5819423585322,25.5665674104186,25.5921910475291,25.4999160630027,25.5050446238429,25.4332214756594,25.5255563093646,25.4229569268991,25.4486163763711,25.3202549803643,25.4588783623232,25.4999160630027,25.5716926484544,25.464008971053,25.5204287715866,25.4999160630027,25.4075581805922,25.5665674104186,25.3716187925976,25.4024247521646,25.3972910671794,25.4537474974415,25.5716926484544,25.6280534222343,25.5716926484544,25.5460639041067,25.5511901638832,25.5768176311468,25.6075621671384,25.5050446238429,25.6741438357205,25.5819423585322,25.5973150092137,25.5768176311468,25.4229569268991,25.5409373888032,25.4178242679226,25.6126853634517,25.8071781644774,26.0727330210948,26.1033300584395,26.0829330403271,26.0523299608444,26.0778331565889,25.9808874910754,25.9706773872579,25.9808874910754,26.0115117451654,26.0931320526798,26.0727330210948,26.0829330403271,25.996200753606,25.9553603376162,26.0370250204644,26.0370250204644
25.2483024338098,25.2380193782588,25.2328774638867,25.3408035889768,25.1865886299367,25.258584458684,25.0012239478063,24.9909160664447,25.0321413659635,24.7897045068028,24.7535476535085,24.6191385780148,24.5570438632356,24.7483813439431,24.7638794888426,25.14027888859,25.1505717504272,25.2688654531791,25.3305297988212,25.4793992606996,25.4486163763711,25.4280893294658,25.3818884725093,25.4075581805922,25.3767537609245,25.2842850136107,25.1608635787557,25.2071640245704,25.1814441360816,25.1145422104357,25.2328774638867,25.0784999971428,25.2637250847104,24.9702971889533,24.9806071469274,25.1093940990381,25.3767537609245,25.6331755985647,25.4537474974415,25.5716926484544,25.4588783623232,25.4486163763711,25.5306835914689,25.5819423585322,25.4588783623232,25.14027888859,25.1711543738743,25.0218365972651,25.1917328656758,25.1660091054476,25.3202549803643,25.3664835674914,25.4229569268991,25.3972910671794,25.4999160630027,25.3048408239653,25.4845288451903,25.4178242679226,25.5511901638832,25.5870668306474,25.5819423585322,25.643419186549,25.622930990963,25.643419186549,25.6331755985647,25.6843833481574,25.6792637192269,25.6741438357205,25.643419186549,25.6843833481574,25.6485405982759,25.715095777693,25.3767537609245,25.4845288451903,25.622930990963,25.4999160630027,25.3510763511273,25.3099791333095,25.3408035889768,25.3664835674914,25.3305297988212,25.3356668224182,25.4383533655169,25.6075621671384,25.6382975199907,25.5563161681696,25.5665674104186,25.5614419170025,25.3972910671794,25.4845288451903,25.4486163763711,25.5460639041067,25.602438715738,25.5153009780981,25.5358106179362,25.5255563093646,25.4588783623232,25.4793992606996,25.4126913524992,25.3921571255997,25.3818884725093,25.3818884725093,25.4229569268991,25.3870229273887,25.3408035889768,25.3870229273887,25.3921571255997,25.5255563093646,25.4691393236678,25.5050446238429,25.5870668306474,25.5921910475291,25.5768176311468,25.6178083047144,25.6536617552083,25.6126853634517,25.5665674104186,25.5614419170025,25.5614419170025,25.5460639041067,25.6075621671384,25.5511901638832,25.5614419170025,25.4383533655169,25.6485405982759,25.6331755985647,25.5768176311468,25.5665674104186,25.5204287715866,25.622930990963,25.6536617552083,25.6536617552083,25.6587826573823,25.5716926484544,25.4332214756594,25.5409373888032,25.5358106179362,25.5204287715866,25.4486163763711,25.5973150092137,25.5563161681696,25.5973150092137,25.5050446238429,25.5153009780981,25.5204287715866,25.4024247521646,25.4229569268991,25.3716187925976,25.3613480855689,25.3510763511273,25.4486163763711,25.494787246305,25.4793992606996,25.4024247521646,25.464008971053,25.4537474974415,25.4896581737131,25.5716926484544,25.5050446238429,25.494787246305,25.5460639041067,25.5050446238429,25.669023697602,25.6485405982759,25.6639033048348,25.6639033048348,25.6485405982759,25.6587826573823,25.6485405982759,25.6639033048348,25.6792637192269,25.6792637192269,25.6997407078597,25.7355656438188,25.6639033048348,25.5409373888032,25.6843833481574,25.5768176311468,25.5511901638832,25.6639033048348,25.6178083047144,25.669023697602,25.669023697602,25.643419186549,25.5973150092137,25.5563161681696,25.5973150092137,25.5050446238429,25.464008971053,25.4691393236678,25.4742694202044,25.4486163763711,25.4229569268991,25.4332214756594,25.4075581805922,25.3305297988212,25.4332214756594,25.3562123467933,25.4434849990752,25.5101729288625,25.4024247521646,25.4229569268991,25.2791454175921,25.4229569268991,25.3921571255997,25.3870229273887,25.4024247521646,25.5358106179362,25.4280893294658,25.5306835914689,25.464008971053,25.5460639041067,25.5409373888032,25.4486163763711,25.5204287715866,25.5460639041067,25.6126853634517,25.5306835914689,25.4691393236678,25.4280893294658,25.4537474974415,25.4383533655169,25.5563161681696,25.7918368132263,25.8582995191601,26.0880326723456,26.0676326338092,26.0829330403271,26.0472285660339,26.0268204667242,25.9502541492142,26.0319228696336,25.9553603376162,26.0829330403271,26.0013046697413,26.0013046697413,26.0064083335824,26.0013046697413,25.9757825654037,25.9808874910754
25.4178242679226,25.4178242679226,25.3202549803643,25.2431610348875,25.2842850136107,25.1608635787557,25.0269891112523,25.0681998923707,25.0166838239645,24.7122098579989,24.7173779975772,24.5622198668973,24.6501717687129,24.6243114319154,24.9857617364743,25.0733500742259,25.2894243522202,25.4896581737131,25.5358106179362,25.4178242679226,25.3972910671794,25.464008971053,25.4024247521646,25.4588783623232,25.3305297988212,25.1505717504272,25.1557177937613,25.0990971001769,25.0887990663117,25.1299849929454,25.2277352917338,25.0063774992726,25.2483024338098,25.2071640245704,25.2020205629554,25.1196900631945,25.4383533655169,25.5768176311468,25.6382975199907,25.6075621671384,25.4229569268991,25.5511901638832,25.5716926484544,25.5665674104186,25.3664835674914,25.0887990663117,24.9909160664447,25.1968768433364,25.1711543738743,25.4434849990752,25.3048408239653,25.3870229273887,25.4024247521646,25.3921571255997,25.4896581737131,25.4434849990752,25.494787246305,25.4845288451903,25.4332214756594,25.5870668306474,25.6280534222343,25.5409373888032,25.5921910475291,25.6536617552083,25.6792637192269,25.5306835914689,25.6536617552083,25.6280534222343,25.6178083047144,25.6997407078597,25.7202136256143,25.6946218424375,25.5358106179362,25.5050446238429,25.6946218424375,25.6178083047144,25.4126913524992,25.3562123467933,25.3818884725093,25.2688654531791,25.3305297988212,25.2688654531791,25.464008971053,25.7867225219738,25.5460639041067,25.5460639041067,25.4075581805922,25.5460639041067,25.4434849990752,25.6536617552083,25.5511901638832,25.5460639041067,25.6280534222343,25.5306835914689,25.5819423585322,25.5921910475291,25.3921571255997,25.4537474974415,25.3356668224182,25.3870229273887,25.4280893294658,25.3664835674914,25.4075581805922,25.3408035889768,25.464008971053,25.5101729288625,25.643419186549,25.6639033048348,25.6382975199907,25.5358106179362,25.6382975199907,25.8429657740965,25.8736309844862,25.7509153744483,25.6178083047144,25.6280534222343,25.5460639041067,25.5204287715866,25.5204287715866,25.5563161681696,25.5306835914689,25.6331755985647,25.5255563093646,25.6485405982759,25.6485405982759,25.5563161681696,25.602438715738,25.5716926484544,25.5460639041067,25.6485405982759,25.5870668306474,25.6075621671384,25.4999160630027,25.5409373888032,25.5204287715866,25.4486163763711,25.5563161681696,25.5306835914689,25.5460639041067,25.5973150092137,25.602438715738,25.5819423585322,25.464008971053,25.602438715738,25.4896581737131,25.5716926484544,25.3613480855689,25.4178242679226,25.4434849990752,25.3202549803643,25.3459400985342,25.5204287715866,25.4280893294658,25.4178242679226,25.4434849990752,25.3613480855689,25.4896581737131,25.5819423585322,25.5614419170025,25.494787246305,25.5716926484544,25.6382975199907,25.5870668306474,25.5870668306474,25.6843833481574,25.5921910475291,25.6792637192269,25.7253312192514,25.7304485586408,25.5768176311468,25.6075621671384,25.6536617552083,25.5665674104186,25.6843833481574,25.6331755985647,25.5358106179362,25.6587826573823,25.5358106179362,25.5255563093646,25.6997407078597,25.6587826573823,25.6178083047144,25.643419186549,25.6382975199907,25.602438715738,25.5973150092137,25.5870668306474,25.4742694202044,25.4793992606996,25.5153009780981,25.4537474974415,25.5409373888032,25.4126913524992,25.4588783623232,25.4691393236678,25.2842850136107,25.4537474974415,25.4332214756594,25.4434849990752,25.494787246305,25.4024247521646,25.4178242679226,25.4434849990752,25.4229569268991,25.3767537609245,25.5153009780981,25.464008971053,25.4896581737131,25.5665674104186,25.5204287715866,25.4896581737131,25.4793992606996,25.602438715738,25.5614419170025,25.602438715738,25.5716926484544,25.5306835914689,25.5768176311468,25.5409373888032,25.5358106179362,25.4434849990752,25.4845288451903,25.5870668306474,25.5921910475291,25.9400410144115,25.9349340679388,26.0523299608444,26.1135270578924,26.016614904526,26.0013046697413,26.0523299608444,26.0064083335824,26.0625319946962,26.1033300584395,26.0370250204644,26.0880326723456,26.1033300584395,26.016614904526,25.9910965851406,26.0064083335824
25.2277352917338,25.1917328656758,25.258584458684,25.1660091054476,25.2534435750629,25.2277352917338,25.0424450977087,24.9806071469274,24.9857617364743,24.5673956078683,24.5673956078683,24.7173779975772,24.7587137017957,24.8826205758957,25.1865886299367,24.9909160664447,25.3459400985342,25.5409373888032,25.5460639041067,25.4588783623232,25.1917328656758,25.4742694202044,25.325392518149,25.3767537609245,25.2380193782588,24.9909160664447,25.1762993840732,25.2071640245704,25.2277352917338,25.2020205629554,25.1968768433364,24.9445177487934,25.2071640245704,25.2225928617629,25.1660091054476,25.1093940990381,25.5358106179362,25.643419186549,25.6382975199907,25.6075621671384,25.5768176311468,25.4332214756594,25.4383533655169,25.5563161681696,25.3510763511273,25.2020205629554,25.1711543738743,25.1814441360816,25.2123072282184,25.5306835914689,25.4383533655169,25.4486163763711,25.2894243522202,25.4280893294658,25.4280893294658,25.4280893294658,25.4691393236678,25.5768176311468,25.5614419170025,25.4332214756594,25.602438715738,25.6536617552083,25.6639033048348,25.7048593188521,25.6843833481574,25.7099776754511,25.6946218424375,25.715095777693,25.6485405982759,25.715095777693,25.7867225219738,25.7969508507036,25.6075621671384,25.5921910475291,25.5409373888032,25.4383533655169,25.3305297988212,25.4434849990752,25.2945634334578,25.3870229273887,25.2842850136107,25.325392518149,25.464008971053,25.602438715738,25.4486163763711,25.4332214756594,25.4126913524992,25.4178242679226,25.4486163763711,25.6075621671384,25.6946218424375,25.494787246305,25.5614419170025,25.6946218424375,25.4999160630027,25.4075581805922,25.464008971053,25.4434849990752,25.4486163763711,25.4793992606996,25.4178242679226,25.5409373888032,25.3972910671794,25.4537474974415,25.4793992606996,25.4742694202044,25.6946218424375,25.7406824748218,25.6382975199907,25.5819423585322,25.6280534222343,25.6843833481574,25.9706773872579,25.8071781644774,25.7816079769097,25.5716926484544,25.6280534222343,25.5358106179362,25.5716926484544,25.5973150092137,25.5768176311468,25.5973150092137,25.6536617552083,25.5921910475291,25.6382975199907,25.6485405982759,25.5358106179362,25.5563161681696,25.6587826573823,25.6178083047144,25.6587826573823,25.5614419170025,25.6587826573823,25.5921910475291,25.6536617552083,25.5204287715866,25.5870668306474,25.5358106179362,25.6280534222343,25.5665674104186,25.4999160630027,25.622930990963,25.6126853634517,25.6126853634517,25.494787246305,25.6075621671384,25.4999160630027,25.5511901638832,25.4434849990752,25.3151171854302,25.3972910671794,25.494787246305,25.464008971053,25.3459400985342,25.325392518149,25.3767537609245,25.3613480855689,25.5153009780981,25.5563161681696,25.5665674104186,25.494787246305,25.6485405982759,25.6536617552083,25.6536617552083,25.6075621671384,25.6536617552083,25.8174044635856,25.6946218424375,25.7099776754511,25.6485405982759,25.6946218424375,25.6280534222343,25.7509153744483,25.6997407078597,25.669023697602,25.7253312192514,25.5716926484544,25.602438715738,25.5511901638832,25.5153009780981,25.6895027225489,25.622930990963,25.6331755985647,25.7355656438188,25.6639033048348,25.6075621671384,25.6126853634517,25.5665674104186,25.4896581737131,25.4588783623232,25.5101729288625,25.5101729288625,25.494787246305,25.5870668306474,25.4896581737131,25.4845288451903,25.4332214756594,25.464008971053,25.5716926484544,25.5716926484544,25.4793992606996,25.4229569268991,25.3972910671794,25.4742694202044,25.3972910671794,25.4486163763711,25.3870229273887,25.602438715738,25.5973150092137,25.5921910475291,25.5768176311468,25.6895027225489,25.5921910475291,25.5921910475291,25.602438715738,25.5768176311468,25.6075621671384,25.5665674104186,25.464008971053,25.4486163763711,25.5255563093646,25.4588783623232,25.5409373888032,25.5768176311468,25.7662628184848,25.9196117118026,25.9400410144115,26.0370250204644,26.0931320526798,25.9706773872579,26.0064083335824,26.0523299608444,25.9655719566022,26.0778331565889,26.0982311813659,26.0778331565889,26.1033300584395,26.0370250204644,25.9910965851406,26.0064083335824
25.2277352917338,25.2894243522202,25.2688654531791,25.2534435750629,25.2020205629554,25.1762993840732,25.0269891112523,24.9702971889533,24.918731811688,24.7018727940562,24.6553430497988,24.6760255545029,24.7277134921382,25.1608635787557,25.2842850136107,25.4075581805922,25.5614419170025,25.5819423585322,25.5819423585322,25.4896581737131,25.3048408239653,25.1505717504272,25.3305297988212,25.2483024338098,25.124837657352,25.2225928617629,25.1917328656758,25.1660091054476,25.1865886299367,25.2071640245704,25.1917328656758,25.0630494515398,25.3664835674914,25.4383533655169,25.2842850136107,25.1145422104357,25.5665674104186,25.6126853634517,25.622930990963,25.4845288451903,25.5563161681696,25.3459400985342,25.2534435750629,25.3305297988212,25.3202549803643,25.2020205629554,25.2020205629554,25.325392518149,25.2688654531791,25.4486163763711,25.4332214756594,25.5255563093646,25.2791454175921,25.4486163763711,25.5204287715866,25.5101729288625,25.4024247521646,25.5460639041067,25.4896581737131,25.5921910475291,25.5768176311468,25.5819423585322,25.5973150092137,25.7099776754511,25.7304485586408,25.7406824748218,25.6792637192269,25.5716926484544,25.602438715738,25.7969508507036,25.6895027225489,25.6639033048348,25.5101729288625,25.5101729288625,25.5101729288625,25.4588783623232,25.464008971053,25.464008971053,25.3562123467933,25.3305297988212,25.3151171854302,25.5921910475291,25.4691393236678,25.5255563093646,25.4075581805922,25.4537474974415,25.4588783623232,25.5153009780981,25.6382975199907,25.7969508507036,25.4999160630027,25.4178242679226,25.5255563093646,25.5101729288625,25.5563161681696,25.464008971053,25.464008971053,25.494787246305,25.4588783623232,25.494787246305,25.4486163763711,25.5306835914689,25.5921910475291,25.5614419170025,25.6587826573823,25.643419186549,25.4999160630027,25.6382975199907,25.643419186549,25.5204287715866,25.5819423585322,25.6485405982759,25.6280534222343,25.8531885241579,25.8787409664887,25.5358106179362,25.7406824748218,25.7355656438188,25.6895027225489,25.6895027225489,25.6126853634517,25.5358106179362,25.5153009780981,25.5050446238429,25.643419186549,25.643419186549,25.5665674104186,25.643419186549,25.6331755985647,25.6331755985647,25.6536617552083,25.643419186549,25.5563161681696,25.6075621671384,25.5358106179362,25.6126853634517,25.5665674104186,25.5716926484544,25.6280534222343,25.602438715738,25.602438715738,25.6536617552083,25.5358106179362,25.622930990963,25.6075621671384,25.5563161681696,25.5255563093646,25.4793992606996,25.5255563093646,25.4845288451903,25.5460639041067,25.5358106179362,25.5204287715866,25.4075581805922,25.3202549803643,25.3356668224182,25.3767537609245,25.494787246305,25.4588783623232,25.494787246305,25.5870668306474,25.5768176311468,25.602438715738,25.6280534222343,25.6280534222343,25.6895027225489,25.6946218424375,25.6741438357205,25.7457990516862,25.643419186549,25.6536617552083,25.6536617552083,25.6895027225489,25.643419186549,25.6485405982759,25.6280534222343,25.6280534222343,25.6126853634517,25.6178083047144,25.6126853634517,25.622930990963,25.6382975199907,25.715095777693,25.6843833481574,25.622930990963,25.6792637192269,25.6587826573823,25.4742694202044,25.5511901638832,25.4742694202044,25.602438715738,25.5870668306474,25.5921910475291,25.4742694202044,25.5460639041067,25.4434849990752,25.5460639041067,25.4537474974415,25.4486163763711,25.4486163763711,25.4178242679226,25.4178242679226,25.3870229273887,25.4332214756594,25.3818884725093,25.4537474974415,25.4793992606996,25.5665674104186,25.5870668306474,25.6895027225489,25.5768176311468,25.6946218424375,25.4845288451903,25.5716926484544,25.602438715738,25.5255563093646,25.643419186549,25.6075621671384,25.5358106179362,25.4845288451903,25.4588783623232,25.5358106179362,25.5563161681696,25.7304485586408,25.7918368132263,25.9196117118026,25.9451477081579,25.9706773872579,25.9808874910754,26.0064083335824,25.996200753606,26.0472285660339,25.9808874910754,26.0880326723456,26.0829330403271,26.0064083335824,26.0778331565889,26.0013046697413,26.0370250204644,26.0064083335824
25.258584458684,25.124837657352,25.2534435750629,25.258584458684,25.2225928617629,25.14027888859,25.2174501739369,25.0630494515398,24.9032571289301,24.8413349715329,24.7432147730614,24.8413349715329,24.8206859153626,25.2380193782588,25.4383533655169,25.5511901638832,25.6075621671384,25.6126853634517,25.5921910475291,25.4896581737131,25.3510763511273,25.258584458684,25.3510763511273,25.2637250847104,25.2688654531791,25.3716187925976,25.3716187925976,25.1917328656758,25.2071640245704,25.1814441360816,25.1814441360816,25.2174501739369,25.3716187925976,25.4434849990752,25.3562123467933,25.1454254487159,25.3305297988212,25.494787246305,25.6382975199907,25.4793992606996,25.4845288451903,25.2945634334578,25.3356668224182,25.2174501739369,25.1865886299367,25.3356668224182,25.1917328656758,25.3305297988212,25.4742694202044,25.5306835914689,25.5306835914689,25.325392518149,25.3562123467933,25.5511901638832,25.5409373888032,25.4793992606996,25.4588783623232,25.5050446238429,25.5511901638832,25.5768176311468,25.5153009780981,25.6792637192269,25.5768176311468,25.8225172327306,25.7560314431445,25.6997407078597,25.5409373888032,25.3818884725093,25.6587826573823,25.7304485586408,25.6485405982759,25.5614419170025,25.5306835914689,25.5460639041067,25.6075621671384,25.4537474974415,25.4383533655169,25.4588783623232,25.4486163763711,25.3510763511273,25.4434849990752,25.3716187925976,25.5204287715866,25.4126913524992,25.4537474974415,25.4383533655169,25.4075581805922,25.5460639041067,25.5050446238429,25.464008971053,25.4280893294658,25.5358106179362,25.5050446238429,25.6587826573823,25.669023697602,25.6178083047144,25.4537474974415,25.5255563093646,25.494787246305,25.4332214756594,25.4691393236678,25.494787246305,25.5204287715866,25.4999160630027,25.5255563093646,25.4845288451903,25.4896581737131,25.5409373888032,25.494787246305,25.494787246305,25.6280534222343,25.6382975199907,25.7304485586408,25.8071781644774,25.7969508507036,25.863410260858,25.7406824748218,25.7099776754511,25.7457990516862,25.6997407078597,25.6639033048348,25.6792637192269,25.5563161681696,25.5460639041067,25.6331755985647,25.6331755985647,25.5255563093646,25.6280534222343,25.5665674104186,25.6178083047144,25.622930990963,25.643419186549,25.5050446238429,25.5101729288625,25.5153009780981,25.5716926484544,25.5870668306474,25.5614419170025,25.5716926484544,25.5153009780981,25.5153009780981,25.5921910475291,25.6126853634517,25.6280534222343,25.5409373888032,25.4537474974415,25.6075621671384,25.5460639041067,25.5101729288625,25.4793992606996,25.4691393236678,25.4588783623232,25.4691393236678,25.3305297988212,25.2842850136107,25.3818884725093,25.2740055641272,25.3972910671794,25.4588783623232,25.4434849990752,25.4691393236678,25.5563161681696,25.5768176311468,25.6639033048348,25.5819423585322,25.5870668306474,25.6485405982759,25.6126853634517,25.6536617552083,25.6382975199907,25.6587826573823,25.5819423585322,25.5563161681696,25.6997407078597,25.6792637192269,25.6843833481574,25.7202136256143,25.6895027225489,25.4434849990752,25.5101729288625,25.6639033048348,25.622930990963,25.602438715738,25.6075621671384,25.7253312192514,25.602438715738,25.5819423585322,25.6075621671384,25.4691393236678,25.4845288451903,25.4896581737131,25.5921910475291,25.5665674104186,25.5358106179362,25.4588783623232,25.4126913524992,25.4742694202044,25.4537474974415,25.4434849990752,25.3562123467933,25.2534435750629,25.3459400985342,25.3716187925976,25.3870229273887,25.4588783623232,25.464008971053,25.3664835674914,25.5870668306474,25.602438715738,25.5614419170025,25.5819423585322,25.5768176311468,25.4896581737131,25.5716926484544,25.5101729288625,25.4999160630027,25.5563161681696,25.4793992606996,25.5358106179362,25.5563161681696,25.6075621671384,25.4588783623232,25.4742694202044,25.6792637192269,25.715095777693,25.7304485586408,25.9451477081579,25.9400410144115,25.9298268687038,26.0319228696336,26.0319228696336,26.164496970573,26.0625319946962,26.0115117451654,25.9655719566022,26.1797830453715,25.9706773872579,26.016614904526,25.985992164309,25.9910965851406
25.2740055641272,25.325392518149,25.2225928617629,25.2534435750629,25.2431610348875,25.2483024338098,25.0269891112523,25.0372933614365,25.1093940990381,24.9238895190908,24.8000326866343,24.7587137017957,25.0166838239645,25.2842850136107,25.4280893294658,25.5358106179362,25.5768176311468,25.5921910475291,25.5870668306474,25.4896581737131,25.3510763511273,25.3305297988212,25.2637250847104,25.3510763511273,25.3099791333095,25.2688654531791,25.1968768433364,25.2534435750629,25.3356668224182,25.3870229273887,25.3305297988212,25.1968768433364,25.4383533655169,25.4383533655169,25.2431610348875,25.3921571255997,25.0578987516956,25.3716187925976,25.4434849990752,25.5050446238429,25.2997022573604,25.2483024338098,25.2945634334578,25.2380193782588,25.0939482126385,25.0733500742259,25.0784999971428,25.5101729288625,25.5409373888032,25.5050446238429,25.4691393236678,25.3408035889768,25.3356668224182,25.4024247521646,25.5716926484544,25.5306835914689,25.4691393236678,25.4691393236678,25.5614419170025,25.5716926484544,25.4845288451903,25.643419186549,25.602438715738,25.7048593188521,25.7406824748218,25.5358106179362,25.643419186549,25.3716187925976,25.4896581737131,25.6331755985647,25.6946218424375,25.5716926484544,25.4126913524992,25.5921910475291,25.6639033048348,25.4742694202044,25.4537474974415,25.4024247521646,25.4588783623232,25.3716187925976,25.2945634334578,25.3408035889768,25.5973150092137,25.3356668224182,25.4024247521646,25.3356668224182,25.4999160630027,25.4178242679226,25.3870229273887,25.4024247521646,25.5665674104186,25.5563161681696,25.4280893294658,25.5204287715866,25.643419186549,25.6536617552083,25.5665674104186,25.4434849990752,25.4434849990752,25.4280893294658,25.4280893294658,25.4896581737131,25.5665674104186,25.6587826573823,25.5768176311468,25.643419186549,25.5614419170025,25.6587826573823,25.602438715738,25.6178083047144,25.8020646344419,25.602438715738,25.5511901638832,25.6126853634517,25.5101729288625,25.8174044635856,25.7202136256143,25.5716926484544,25.6997407078597,25.6946218424375,25.6741438357205,25.6741438357205,25.6741438357205,25.622930990963,25.602438715738,25.622930990963,25.4999160630027,25.5460639041067,25.643419186549,25.5614419170025,25.5921910475291,25.5716926484544,25.5665674104186,25.6178083047144,25.5768176311468,25.5563161681696,25.5819423585322,25.5255563093646,25.5460639041067,25.6075621671384,25.5511901638832,25.5665674104186,25.6075621671384,25.4588783623232,25.494787246305,25.4845288451903,25.5563161681696,25.4896581737131,25.4793992606996,25.5306835914689,25.5255563093646,25.4691393236678,25.4383533655169,25.3510763511273,25.3613480855689,25.3048408239653,25.3613480855689,25.3921571255997,25.3767537609245,25.4280893294658,25.4178242679226,25.5255563093646,25.5614419170025,25.5511901638832,25.6126853634517,25.622930990963,25.643419186549,25.6382975199907,25.6587826573823,25.6485405982759,25.6843833481574,25.6587826573823,25.6382975199907,25.643419186549,25.7253312192514,25.6792637192269,25.6331755985647,25.6639033048348,25.6126853634517,25.464008971053,25.5973150092137,25.4588783623232,25.6126853634517,25.6382975199907,25.7048593188521,25.5511901638832,25.5768176311468,25.5819423585322,25.5358106179362,25.4588783623232,25.4434849990752,25.4486163763711,25.5050446238429,25.4332214756594,25.4075581805922,25.4024247521646,25.3870229273887,25.4486163763711,25.3716187925976,25.4126913524992,25.4383533655169,25.3972910671794,25.2483024338098,25.2997022573604,25.3972910671794,25.4126913524992,25.4126913524992,25.5973150092137,25.6895027225489,25.6075621671384,25.5921910475291,25.4999160630027,25.5153009780981,25.4742694202044,25.5306835914689,25.5153009780981,25.5153009780981,25.5511901638832,25.5255563093646,25.5409373888032,25.5460639041067,25.494787246305,25.5306835914689,25.6331755985647,25.6639033048348,25.6895027225489,25.8787409664887,25.8378540189647,25.9196117118026,25.9247194166704,26.0523299608444,25.8378540189647,26.0625319946962,26.1186251803434,25.9706773872579,25.9655719566022,25.9093955434194,25.9400410144115,26.0064083335824,25.9910965851406
25.4332214756594,25.3459400985342,25.3767537609245,25.2534435750629,25.2020205629554,25.1814441360816,25.2328774638867,25.1454254487159,25.2277352917338,25.0321413659635,24.8826205758957,24.8258485704877,25.1042457289643,25.1968768433364,25.622930990963,25.6178083047144,25.6280534222343,25.6280534222343,25.643419186549,25.5819423585322,25.4999160630027,25.3664835674914,25.3818884725093,25.3562123467933,25.3510763511273,25.3664835674914,25.2431610348875,25.325392518149,25.4383533655169,25.4229569268991,25.3356668224182,25.1917328656758,25.4280893294658,25.4691393236678,25.3972910671794,25.3664835674914,25.1660091054476,25.5101729288625,25.464008971053,25.5921910475291,25.4793992606996,25.1814441360816,25.2894243522202,25.1968768433364,25.1814441360816,25.2534435750629,25.4486163763711,25.5511901638832,25.5563161681696,25.5716926484544,25.5614419170025,25.5511901638832,25.4434849990752,25.5614419170025,25.5511901638832,25.5101729288625,25.4845288451903,25.5716926484544,25.5409373888032,25.5614419170025,25.5716926484544,25.6895027225489,25.6843833481574,25.6895027225489,25.622930990963,25.6331755985647,25.5870668306474,25.4280893294658,25.4896581737131,25.5973150092137,25.6331755985647,25.494787246305,25.6126853634517,25.4742694202044,25.6997407078597,25.464008971053,25.4793992606996,25.3921571255997,25.4537474974415,25.4588783623232,25.3818884725093,25.5153009780981,25.4896581737131,25.4845288451903,25.5973150092137,25.4691393236678,25.5050446238429,25.4280893294658,25.4280893294658,25.4075581805922,25.5409373888032,25.4999160630027,25.6946218424375,25.6792637192269,25.7764931779977,25.8020646344419,25.6792637192269,25.6382975199907,25.5101729288625,25.4742694202044,25.5255563093646,25.5153009780981,25.4383533655169,25.4999160630027,25.5819423585322,25.5716926484544,25.5511901638832,25.6587826573823,25.7099776754511,25.7048593188521,25.7202136256143,25.622930990963,25.3921571255997,25.643419186549,25.4691393236678,25.5563161681696,25.7048593188521,25.5716926484544,25.643419186549,25.6946218424375,25.6178083047144,25.6792637192269,25.6178083047144,25.6485405982759,25.643419186549,25.5409373888032,25.5204287715866,25.5409373888032,25.622930990963,25.6280534222343,25.5511901638832,25.6382975199907,25.5460639041067,25.5665674104186,25.5306835914689,25.5306835914689,25.6178083047144,25.5973150092137,25.6382975199907,25.6331755985647,25.5921910475291,25.5665674104186,25.6741438357205,25.4742694202044,25.5511901638832,25.5511901638832,25.4896581737131,25.4691393236678,25.4332214756594,25.4280893294658,25.4486163763711,25.4691393236678,25.4845288451903,25.3664835674914,25.2637250847104,25.3716187925976,25.4075581805922,25.3767537609245,25.464008971053,25.3870229273887,25.3048408239653,25.5563161681696,25.5409373888032,25.602438715738,25.6741438357205,25.6741438357205,25.6331755985647,25.6639033048348,25.6485405982759,25.7560314431445,25.8940693936838,25.669023697602,25.6075621671384,25.6587826573823,25.6485405982759,25.6536617552083,25.6639033048348,25.6178083047144,25.6126853634517,25.5460639041067,25.4999160630027,25.5153009780981,25.4845288451903,25.5716926484544,25.6280534222343,25.6741438357205,25.622930990963,25.5204287715866,25.6792637192269,25.4999160630027,25.4793992606996,25.5050446238429,25.4588783623232,25.4024247521646,25.4178242679226,25.5101729288625,25.3972910671794,25.3972910671794,25.4383533655169,25.3664835674914,25.2740055641272,25.3767537609245,25.3151171854302,25.3099791333095,25.3613480855689,25.3048408239653,25.3921571255997,25.464008971053,25.5973150092137,25.6075621671384,25.5716926484544,25.5153009780981,25.5716926484544,25.602438715738,25.4999160630027,25.5614419170025,25.7202136256143,25.4999160630027,25.5050446238429,25.5921910475291,25.5716926484544,25.5204287715866,25.6587826573823,25.5511901638832,25.6792637192269,25.7406824748218,25.8940693936838,25.9145037540644,25.9604662734002,26.0574311037199,25.9655719566022,25.9451477081579,26.0778331565889,26.0625319946962,26.0676326338092,25.9910965851406,26.0778331565889,26.1084286839364,25.9553603376162,26.0115117451654
25.3048408239653,25.2071640245704,25.3048408239653,25.2894243522202,25.1711543738743,25.2688654531791,25.2688654531791,25.2534435750629,25.1093940990381,25.0990971001769,25.1196900631945,25.0578987516956,25.0578987516956,25.2740055641272,25.4332214756594,25.5768176311468,25.5460639041067,25.6536617552083,25.5665674104186,25.5870668306474,25.5973150092137,25.4178242679226,25.4845288451903,25.4075581805922,25.2945634334578,25.2328774638867,25.2740055641272,25.3408035889768,25.3664835674914,25.4075581805922,25.3048408239653,25.3972910671794,25.5819423585322,25.4280893294658,25.4178242679226,25.2791454175921,25.124837657352,25.3664835674914,25.3664835674914,25.5511901638832,25.3921571255997,25.3716187925976,25.2894243522202,25.1762993840732,25.2020205629554,25.3151171854302,25.5563161681696,25.622930990963,25.6792637192269,25.6946218424375,25.5306835914689,25.5716926484544,25.5768176311468,25.5665674104186,25.5870668306474,25.4486163763711,25.5358106179362,25.4793992606996,25.4588783623232,25.464008971053,25.5563161681696,25.5511901638832,25.6587826573823,25.5973150092137,25.5460639041067,25.5973150092137,25.5050446238429,25.4280893294658,25.602438715738,25.6382975199907,25.4280893294658,25.5153009780981,25.5716926484544,25.4486163763711,25.669023697602,25.4075581805922,25.4845288451903,25.3870229273887,25.5665674104186,25.4896581737131,25.4999160630027,25.6075621671384,25.4126913524992,25.5409373888032,25.5819423585322,25.6485405982759,25.3613480855689,25.5716926484544,25.4126913524992,25.4024247521646,25.4537474974415,25.6895027225489,25.6895027225489,25.8020646344419,25.7509153744483,25.7918368132263,25.7202136256143,25.602438715738,25.494787246305,25.4434849990752,25.4793992606996,25.4178242679226,25.494787246305,25.5153009780981,25.6280534222343,25.6178083047144,25.5716926484544,25.7816079769097,25.8276297483179,25.7202136256143,25.7253312192514,25.602438715738,25.5870668306474,25.5819423585322,25.5819423585322,25.5973150092137,25.4999160630027,25.5665674104186,25.6536617552083,25.5973150092137,25.669023697602,25.6639033048348,25.5716926484544,25.5614419170025,25.5870668306474,25.6126853634517,25.5460639041067,25.5921910475291,25.6178083047144,25.6331755985647,25.5511901638832,25.5921910475291,25.5460639041067,25.5204287715866,25.5204287715866,25.5460639041067,25.5153009780981,25.5563161681696,25.6178083047144,25.6741438357205,25.4896581737131,25.4793992606996,25.5614419170025,25.4896581737131,25.4691393236678,25.4845288451903,25.494787246305,25.4126913524992,25.4126913524992,25.4691393236678,25.4588783623232,25.4024247521646,25.4896581737131,25.4075581805922,25.3202549803643,25.3613480855689,25.3818884725093,25.4537474974415,25.3921571255997,25.4178242679226,25.3099791333095,25.4126913524992,25.5665674104186,25.6331755985647,25.6382975199907,25.622930990963,25.6639033048348,25.6843833481574,25.715095777693,25.7816079769097,25.6792637192269,25.6331755985647,25.669023697602,25.7099776754511,25.6792637192269,25.6536617552083,25.7560314431445,25.602438715738,25.6178083047144,25.5614419170025,25.5614419170025,25.5050446238429,25.5306835914689,25.4178242679226,25.5973150092137,25.5460639041067,25.6741438357205,25.5511901638832,25.643419186549,25.5255563093646,25.464008971053,25.4999160630027,25.5050446238429,25.5050446238429,25.5050446238429,25.3202549803643,25.3613480855689,25.3151171854302,25.3305297988212,25.1762993840732,25.4024247521646,25.4383533655169,25.3356668224182,25.2894243522202,25.2431610348875,25.3408035889768,25.4024247521646,25.4537474974415,25.5921910475291,25.602438715738,25.4999160630027,25.5768176311468,25.5665674104186,25.5665674104186,25.5460639041067,25.5563161681696,25.4999160630027,25.5409373888032,25.5511901638832,25.5306835914689,25.5870668306474,25.4999160630027,25.7457990516862,25.6741438357205,25.6741438357205,25.6946218424375,25.8889601710514,25.8940693936838,26.0370250204644,25.9400410144115,25.8991783632653,26.0064083335824,25.9808874910754,25.9400410144115,26.0523299608444,25.9808874910754,26.0370250204644,26.0064083335824,25.9451477081579,25.9553603376162
25.3356668224182,25.2945634334578,25.2483024338098,25.124837657352,25.1660091054476,25.1865886299367,25.1351320700124,25.2894243522202,25.2431610348875,25.1711543738743,25.14027888859,25.1557177937613,25.1917328656758,25.464008971053,25.4999160630027,25.5358106179362,25.6075621671384,25.5768176311468,25.5409373888032,25.5973150092137,25.6126853634517,25.7253312192514,25.4486163763711,25.3510763511273,25.1660091054476,25.1505717504272,25.2071640245704,25.3921571255997,25.2945634334578,25.3151171854302,25.3562123467933,25.325392518149,25.4896581737131,25.4229569268991,25.2688654531791,25.3562123467933,25.2791454175921,25.5460639041067,25.4486163763711,25.5460639041067,25.4075581805922,25.2688654531791,25.2483024338098,25.1711543738743,25.1968768433364,25.2894243522202,25.6843833481574,25.5921910475291,25.863410260858,25.7406824748218,25.3921571255997,25.5563161681696,25.6280534222343,25.5563161681696,25.5819423585322,25.494787246305,25.464008971053,25.4537474974415,25.4793992606996,25.5409373888032,25.5665674104186,25.6126853634517,25.5050446238429,25.494787246305,25.5768176311468,25.6280534222343,25.6126853634517,25.4691393236678,25.494787246305,25.4742694202044,25.4896581737131,25.4383533655169,25.3870229273887,25.4486163763711,25.4691393236678,25.3716187925976,25.3921571255997,25.4126913524992,25.4332214756594,25.3818884725093,25.4999160630027,25.3818884725093,25.4332214756594,25.4691393236678,25.5306835914689,25.3767537609245,25.5255563093646,25.4332214756594,25.4742694202044,25.4896581737131,25.5819423585322,25.5665674104186,25.5716926484544,25.6843833481574,25.9298268687038,25.7918368132263,25.6280534222343,25.7355656438188,25.5101729288625,25.4383533655169,25.4691393236678,25.4383533655169,25.4126913524992,25.5768176311468,25.4588783623232,25.4999160630027,25.4845288451903,25.7253312192514,25.6178083047144,25.7202136256143,25.7253312192514,25.6536617552083,25.602438715738,25.4793992606996,25.602438715738,25.5819423585322,25.5768176311468,25.4999160630027,25.6382975199907,25.5563161681696,25.5614419170025,25.669023697602,25.6741438357205,25.622930990963,25.6587826573823,25.5973150092137,25.6075621671384,25.6280534222343,25.5870668306474,25.5665674104186,25.5716926484544,25.6126853634517,25.622930990963,25.5563161681696,25.5409373888032,25.6331755985647,25.6382975199907,25.5973150092137,25.5665674104186,25.5921910475291,25.5101729288625,25.4845288451903,25.4793992606996,25.5511901638832,25.4845288451903,25.5358106179362,25.4896581737131,25.494787246305,25.4280893294658,25.3767537609245,25.4434849990752,25.3613480855689,25.4845288451903,25.4588783623232,25.3767537609245,25.3664835674914,25.4742694202044,25.4845288451903,25.3818884725093,25.3921571255997,25.4126913524992,25.4229569268991,25.5716926484544,25.622930990963,25.6382975199907,25.6382975199907,25.6895027225489,25.6485405982759,25.643419186549,25.6792637192269,25.6075621671384,25.6536617552083,25.5768176311468,25.6331755985647,25.6792637192269,25.7662628184848,25.6280534222343,25.6382975199907,25.6331755985647,25.6331755985647,25.4896581737131,25.5768176311468,25.5716926484544,25.5153009780981,25.5511901638832,25.5819423585322,25.5409373888032,25.5409373888032,25.4999160630027,25.4742694202044,25.6280534222343,25.4537474974415,25.464008971053,25.4075581805922,25.5101729288625,25.494787246305,25.3767537609245,25.4075581805922,25.3664835674914,25.2842850136107,25.4588783623232,25.464008971053,25.3716187925976,25.3818884725093,25.2842850136107,25.3048408239653,25.4075581805922,25.4075581805922,25.4742694202044,25.4793992606996,25.5563161681696,25.4896581737131,25.5306835914689,25.5870668306474,25.5409373888032,25.4896581737131,25.6792637192269,25.5511901638832,25.4793992606996,25.5768176311468,25.4588783623232,25.5255563093646,25.6587826573823,25.5921910475291,25.669023697602,25.7867225219738,25.8787409664887,25.9093955434194,25.996200753606,25.9196117118026,25.9093955434194,25.9808874910754,26.016614904526,26.0574311037199,26.0013046697413,25.9349340679388,25.9757825654037,25.9604662734002,25.985992164309,25.9706773872579
25.0887990663117,25.3099791333095,25.3202549803643,25.14027888859,25.1093940990381,25.1608635787557,25.0733500742259,25.1505717504272,25.1865886299367,25.1814441360816,25.1042457289643,25.0887990663117,25.0784999971428,25.4280893294658,25.5511901638832,25.5050446238429,25.6178083047144,25.5563161681696,25.643419186549,25.5716926484544,25.5973150092137,25.5870668306474,25.3972910671794,25.258584458684,25.1814441360816,25.4229569268991,25.1762993840732,25.3202549803643,25.2071640245704,25.4332214756594,25.5819423585322,25.4793992606996,25.5716926484544,25.4178242679226,25.2688654531791,25.3408035889768,25.4486163763711,25.494787246305,25.5563161681696,25.4537474974415,25.2842850136107,25.2277352917338,25.2945634334578,25.3151171854302,25.2483024338098,25.1814441360816,25.4896581737131,25.7099776754511,25.7509153744483,25.5768176311468,25.3870229273887,25.5819423585322,25.7509153744483,25.6126853634517,25.5101729288625,25.5050446238429,25.5614419170025,25.5511901638832,25.4486163763711,25.5563161681696,25.5819423585322,25.6587826573823,25.5973150092137,25.4126913524992,25.4280893294658,25.5358106179362,25.6126853634517,25.4178242679226,25.4126913524992,25.643419186549,25.4486163763711,25.4999160630027,25.4896581737131,25.494787246305,25.4486163763711,25.4229569268991,25.2740055641272,25.4383533655169,25.622930990963,25.5306835914689,25.5973150092137,25.5973150092137,25.3510763511273,25.3408035889768,25.3510763511273,25.3048408239653,25.4229569268991,25.4383533655169,25.4793992606996,25.464008971053,25.3921571255997,25.602438715738,25.5973150092137,25.5921910475291,25.7202136256143,25.6331755985647,25.6126853634517,25.602438715738,25.4999160630027,25.464008971053,25.4896581737131,25.4845288451903,25.4793992606996,25.5870668306474,25.5973150092137,25.5716926484544,25.6075621671384,25.6895027225489,25.6895027225489,25.6792637192269,25.5921910475291,25.6536617552083,25.643419186549,25.5255563093646,25.5921910475291,25.5460639041067,25.5358106179362,25.5460639041067,25.643419186549,25.5614419170025,25.6536617552083,25.5870668306474,25.5511901638832,25.669023697602,25.5716926484544,25.6587826573823,25.602438715738,25.5768176311468,25.5460639041067,25.5563161681696,25.6126853634517,25.602438715738,25.5306835914689,25.5255563093646,25.5358106179362,25.5358106179362,25.5204287715866,25.5614419170025,25.4999160630027,25.494787246305,25.5768176311468,25.5204287715866,25.5255563093646,25.3408035889768,25.6280534222343,25.5511901638832,25.5306835914689,25.5101729288625,25.4845288451903,25.4691393236678,25.4742694202044,25.3510763511273,25.3151171854302,25.4229569268991,25.4229569268991,25.3510763511273,25.3613480855689,25.4486163763711,25.3921571255997,25.4434849990752,25.4075581805922,25.5768176311468,25.5921910475291,25.6126853634517,25.6178083047144,25.6331755985647,25.643419186549,25.6382975199907,25.6536617552083,25.669023697602,25.6843833481574,25.6382975199907,25.6178083047144,25.6075621671384,25.8838506953317,25.6792637192269,25.6178083047144,25.6536617552083,25.6280534222343,25.6382975199907,25.622930990963,25.5716926484544,25.5870668306474,25.4126913524992,25.5768176311468,25.5921910475291,25.5973150092137,25.622930990963,25.5358106179362,25.5665674104186,25.5101729288625,25.6280534222343,25.5511901638832,25.4537474974415,25.4896581737131,25.3870229273887,25.3870229273887,25.4280893294658,25.4332214756594,25.3767537609245,25.3767537609245,25.2945634334578,25.3664835674914,25.4383533655169,25.2997022573604,25.2842850136107,25.3562123467933,25.4434849990752,25.494787246305,25.6331755985647,25.5973150092137,25.602438715738,25.5973150092137,25.5409373888032,25.5358106179362,25.5409373888032,25.6126853634517,25.5511901638832,25.6536617552083,25.5563161681696,25.4588783623232,25.5255563093646,25.6946218424375,25.7099776754511,25.7509153744483,25.8429657740965,25.9400410144115,26.0217178117003,26.0370250204644,26.0013046697413,25.9808874910754,25.9042870798318,25.9655719566022,25.9910965851406,26.0064083335824,25.9706773872579,26.0013046697413,25.9502541492142,25.996200753606,25.9298268687038
25.2637250847104,25.2225928617629,25.1454254487159,24.9960701368761,24.9445177487934,24.9806071469274,25.1660091054476,25.1042457289643,25.2740055641272,25.1196900631945,25.3510763511273,25.2174501739369,25.1865886299367,25.3099791333095,25.3767537609245,25.4999160630027,25.5101729288625,25.5563161681696,25.4742694202044,25.5306835914689,25.5614419170025,25.5870668306474,25.4229569268991,25.1762993840732,25.1711543738743,25.4024247521646,25.2123072282184,25.4434849990752,25.3202549803643,25.1557177937613,25.4332214756594,25.4126913524992,25.3408035889768,25.4075581805922,25.2431610348875,25.4383533655169,25.4845288451903,25.4332214756594,25.4486163763711,25.5204287715866,25.2791454175921,25.3202549803643,25.3048408239653,25.3048408239653,25.2174501739369,25.2277352917338,25.1711543738743,25.4845288451903,25.5819423585322,25.5716926484544,25.5460639041067,25.5153009780981,25.5870668306474,25.5716926484544,25.4845288451903,25.4845288451903,25.4434849990752,25.494787246305,25.4588783623232,25.5153009780981,25.5665674104186,25.7918368132263,25.6382975199907,25.4178242679226,25.5204287715866,25.5665674104186,25.5973150092137,25.5153009780981,25.3972910671794,25.4537474974415,25.4434849990752,25.4434849990752,25.5358106179362,25.4896581737131,25.4742694202044,25.4229569268991,25.3613480855689,25.5358106179362,25.7611472578112,25.6178083047144,25.5358106179362,25.5153009780981,25.5101729288625,25.4024247521646,25.4742694202044,25.3459400985342,25.3510763511273,25.5255563093646,25.494787246305,25.5716926484544,25.6382975199907,25.5870668306474,25.5819423585322,25.6178083047144,25.5819423585322,25.6280534222343,25.643419186549,25.6331755985647,25.5768176311468,25.4896581737131,25.4742694202044,25.4845288451903,25.5409373888032,25.4793992606996,25.5563161681696,25.5358106179362,25.6280534222343,25.622930990963,25.6639033048348,25.5921910475291,25.6382975199907,25.4845288451903,25.494787246305,25.4742694202044,25.5921910475291,25.6178083047144,25.5665674104186,25.6382975199907,25.7662628184848,25.6485405982759,25.7662628184848,25.7406824748218,25.7099776754511,25.602438715738,25.622930990963,25.6536617552083,25.6280534222343,25.6792637192269,25.602438715738,25.6741438357205,25.5460639041067,25.5409373888032,25.622930990963,25.5563161681696,25.5921910475291,25.5511901638832,25.6485405982759,25.643419186549,25.6485405982759,25.5921910475291,25.6331755985647,25.5665674104186,25.5153009780981,25.5870668306474,25.4999160630027,25.5409373888032,25.494787246305,25.4691393236678,25.5255563093646,25.5153009780981,25.4588783623232,25.4383533655169,25.4537474974415,25.4588783623232,25.3921571255997,25.3562123467933,25.4126913524992,25.4742694202044,25.3767537609245,25.4845288451903,25.3818884725093,25.5614419170025,25.5921910475291,25.6075621671384,25.5153009780981,25.622930990963,25.6126853634517,25.6382975199907,25.6587826573823,25.643419186549,25.6997407078597,25.715095777693,25.6741438357205,25.622930990963,25.6587826573823,25.6536617552083,25.6382975199907,25.7816079769097,25.7202136256143,25.7918368132263,25.6843833481574,25.6126853634517,25.5716926484544,25.4588783623232,25.5768176311468,25.4691393236678,25.5921910475291,25.5768176311468,25.5665674104186,25.622930990963,25.6331755985647,25.5614419170025,25.6382975199907,25.5204287715866,25.4691393236678,25.4280893294658,25.4383533655169,25.4229569268991,25.3510763511273,25.3767537609245,25.4024247521646,25.4793992606996,25.4178242679226,25.4332214756594,25.4229569268991,25.3972910671794,25.4434849990752,25.4588783623232,25.4434849990752,25.494787246305,25.5819423585322,25.5716926484544,25.5665674104186,25.602438715738,25.4999160630027,25.6485405982759,25.6331755985647,25.5460639041067,25.5614419170025,25.494787246305,25.5409373888032,25.5973150092137,25.5563161681696,25.7457990516862,25.7253312192514,25.7304485586408,25.9553603376162,26.0319228696336,25.9757825654037,26.0217178117003,25.9349340679388,25.9400410144115,26.0013046697413,26.0472285660339,26.0574311037199,26.0370250204644,26.0319228696336,26.1135270578924,25.9502541492142,25.9400410144115
25.3408035889768,25.1711543738743,25.1711543738743,24.9393610812787,25.0578987516956,25.1505717504272,25.1608635787557,24.9806071469274,25.2380193782588,25.3562123467933,25.3818884725093,25.3767537609245,25.3767537609245,25.0578987516956,25.1608635787557,25.3818884725093,25.6792637192269,25.5358106179362,25.5973150092137,25.5870668306474,25.5921910475291,25.5511901638832,25.3664835674914,25.2483024338098,25.4075581805922,25.4332214756594,25.4024247521646,25.6382975199907,25.4691393236678,25.3099791333095,25.3305297988212,25.5255563093646,25.3048408239653,25.3356668224182,25.2842850136107,25.5050446238429,25.5153009780981,25.4486163763711,25.5306835914689,25.2945634334578,25.2894243522202,25.4280893294658,25.464008971053,25.3613480855689,25.3408035889768,25.1660091054476,25.2123072282184,25.4486163763711,25.4588783623232,25.1865886299367,25.4793992606996,25.4742694202044,25.6536617552083,25.6536617552083,25.4896581737131,25.5050446238429,25.6178083047144,25.6331755985647,25.5563161681696,25.4845288451903,25.5819423585322,25.5563161681696,25.6485405982759,25.6485405982759,25.5511901638832,25.4588783623232,25.7509153744483,25.5358106179362,25.464008971053,25.5204287715866,25.4434849990752,25.4280893294658,25.4999160630027,25.4845288451903,25.4999160630027,25.3664835674914,25.5870668306474,25.6331755985647,25.643419186549,25.6331755985647,25.622930990963,25.7099776754511,25.5153009780981,25.4126913524992,25.4383533655169,25.4383533655169,25.494787246305,25.5050446238429,25.494787246305,25.5511901638832,25.5716926484544,25.669023697602,25.8122914408466,25.5716926484544,25.4793992606996,25.6280534222343,25.6536617552083,25.643419186549,25.4999160630027,25.5306835914689,25.4896581737131,25.5101729288625,25.6639033048348,25.6639033048348,25.5614419170025,25.6587826573823,25.7048593188521,25.7099776754511,25.5819423585322,25.6843833481574,25.7560314431445,25.5921910475291,25.4845288451903,25.5050446238429,25.494787246305,25.6382975199907,25.5973150092137,25.6843833481574,25.7457990516862,25.7509153744483,25.643419186549,25.7355656438188,25.6741438357205,25.602438715738,25.5768176311468,25.6178083047144,25.5716926484544,25.6536617552083,25.8020646344419,25.7918368132263,25.7764931779977,25.6587826573823,25.5563161681696,25.5409373888032,25.6382975199907,25.5614419170025,25.5921910475291,25.6536617552083,25.622930990963,25.6178083047144,25.5460639041067,25.5511901638832,25.5563161681696,25.5768176311468,25.5255563093646,25.5665674104186,25.4742694202044,25.4126913524992,25.5460639041067,25.5511901638832,25.622930990963,25.4434849990752,25.4742694202044,25.3356668224182,25.4332214756594,25.4845288451903,25.3870229273887,25.3818884725093,25.3921571255997,25.4229569268991,25.3664835674914,25.464008971053,25.5870668306474,25.6126853634517,25.6382975199907,25.643419186549,25.6741438357205,25.602438715738,25.7048593188521,25.715095777693,25.6997407078597,25.7202136256143,25.6741438357205,25.6536617552083,25.6485405982759,25.6485405982759,25.5050446238429,25.6639033048348,25.6536617552083,25.6639033048348,25.7253312192514,25.5973150092137,25.6178083047144,25.5665674104186,25.5665674104186,25.4537474974415,25.5716926484544,25.5409373888032,25.5101729288625,25.5306835914689,25.5306835914689,25.5204287715866,25.5306835914689,25.4434849990752,25.5050446238429,25.4332214756594,25.4691393236678,25.4588783623232,25.3716187925976,25.3716187925976,25.4537474974415,25.4178242679226,25.4075581805922,25.3767537609245,25.4024247521646,25.4075581805922,25.4332214756594,25.4588783623232,25.4383533655169,25.4845288451903,25.4691393236678,25.5921910475291,25.6280534222343,25.6075621671384,25.6331755985647,25.622930990963,25.5255563093646,25.5511901638832,25.5973150092137,25.5716926484544,25.5973150092137,25.622930990963,25.5358106179362,25.643419186549,25.8174044635856,25.7611472578112,25.9808874910754,26.1186251803434,25.9553603376162,25.9553603376162,25.985992164309,26.0727330210948,25.9808874910754,26.0268204667242,26.016614904526,26.1950668608041,26.0727330210948,26.1033300584395,25.9910965851406,25.9553603376162
25.258584458684,25.1762993840732,25.0269891112523,25.124837657352,25.1968768433364,25.1968768433364,25.0527477928007,25.0990971001769,25.1660091054476,25.2791454175921,25.3613480855689,25.3613480855689,25.1865886299367,24.9393610812787,25.2123072282184,25.1660091054476,25.3818884725093,25.5204287715866,25.6075621671384,25.3767537609245,25.3767537609245,25.4588783623232,25.4691393236678,25.4486163763711,25.4383533655169,25.3408035889768,25.3767537609245,25.4280893294658,25.4486163763711,25.2483024338098,25.2945634334578,25.4075581805922,25.3202549803643,25.4178242679226,25.2380193782588,25.4178242679226,25.4126913524992,25.2637250847104,25.0990971001769,25.258584458684,25.2431610348875,25.3202549803643,25.3818884725093,25.4383533655169,25.4537474974415,25.3151171854302,25.258584458684,25.5204287715866,25.3356668224182,25.3356668224182,25.5153009780981,25.5614419170025,25.6587826573823,25.5306835914689,25.4793992606996,25.5716926484544,25.5870668306474,25.6075621671384,25.5153009780981,25.5870668306474,25.6639033048348,25.6485405982759,25.5050446238429,25.5358106179362,25.6075621671384,25.5563161681696,25.5665674104186,25.5255563093646,25.4383533655169,25.5153009780981,25.6075621671384,25.5050446238429,25.5306835914689,25.4999160630027,25.2945634334578,25.4742694202044,25.7867225219738,25.6331755985647,25.6126853634517,25.5306835914689,25.5050446238429,25.6178083047144,25.5101729288625,25.4434849990752,25.4742694202044,25.5101729288625,25.4793992606996,25.3613480855689,25.464008971053,25.4229569268991,25.5768176311468,25.5819423585322,25.5768176311468,25.6331755985647,25.5665674104186,25.5819423585322,25.6178083047144,25.6280534222343,25.602438715738,25.5050446238429,25.4999160630027,25.4999160630027,25.5050446238429,25.5511901638832,25.6485405982759,25.4793992606996,25.464008971053,25.622930990963,25.5409373888032,25.6485405982759,25.6536617552083,25.4999160630027,25.6587826573823,25.5101729288625,25.4999160630027,25.6075621671384,25.5460639041067,25.6843833481574,25.7406824748218,25.7099776754511,25.7509153744483,25.5716926484544,25.4742694202044,25.5973150092137,25.6536617552083,25.5101729288625,25.5153009780981,25.4024247521646,25.6587826573823,25.6639033048348,25.622930990963,25.6587826573823,25.5153009780981,25.5511901638832,25.5204287715866,25.4742694202044,25.5973150092137,25.5255563093646,25.6741438357205,25.5511901638832,25.5204287715866,25.5921910475291,25.5255563093646,25.5716926484544,25.5409373888032,25.5255563093646,25.4691393236678,25.4896581737131,25.5409373888032,25.5409373888032,25.5511901638832,25.5255563093646,25.3818884725093,25.4229569268991,25.5101729288625,25.464008971053,25.3562123467933,25.3818884725093,25.4075581805922,25.5204287715866,25.4434849990752,25.4588783623232,25.5101729288625,25.6382975199907,25.622930990963,25.643419186549,25.5921910475291,25.6946218424375,25.7202136256143,25.6997407078597,25.7202136256143,25.6741438357205,25.7202136256143,25.6587826573823,25.6741438357205,25.5870668306474,25.4999160630027,25.6126853634517,25.6126853634517,25.6946218424375,25.5870668306474,25.5768176311468,25.6792637192269,25.5921910475291,25.5306835914689,25.5204287715866,25.5973150092137,25.5511901638832,25.5973150092137,25.5306835914689,25.5153009780981,25.494787246305,25.5460639041067,25.5101729288625,25.4486163763711,25.4845288451903,25.4793992606996,25.4896581737131,25.4845288451903,25.4588783623232,25.4383533655169,25.4280893294658,25.3921571255997,25.3972910671794,25.4024247521646,25.3921571255997,25.4280893294658,25.3716187925976,25.4434849990752,25.5819423585322,25.4896581737131,25.5614419170025,25.5716926484544,25.5973150092137,25.5973150092137,25.6280534222343,25.6843833481574,25.6075621671384,25.6126853634517,25.5870668306474,25.6178083047144,25.622930990963,25.5716926484544,25.6382975199907,25.8071781644774,25.9910965851406,25.996200753606,26.0421269192526,26.1135270578924,26.0115117451654,26.0574311037199,26.0370250204644,26.0778331565889,26.0472285660339,26.0574311037199,26.0319228696336,26.0931320526798,26.0115117451654,26.0727330210948,26.1084286839364
25.1917328656758,25.2380193782588,25.1762993840732,25.1814441360816,25.1145422104357,25.3510763511273,25.1042457289643,25.2534435750629,25.4486163763711,25.3613480855689,25.3408035889768,25.3562123467933,25.0372933614365,25.0475965748176,25.2020205629554,25.2791454175921,25.2431610348875,25.3818884725093,25.325392518149,25.124837657352,25.2740055641272,25.464008971053,25.4845288451903,25.4075581805922,25.3921571255997,25.2637250847104,25.3202549803643,25.4588783623232,25.4486163763711,25.2328774638867,25.3202549803643,25.3202549803643,25.3099791333095,25.3613480855689,25.3305297988212,25.4332214756594,25.3202549803643,25.2328774638867,25.2225928617629,25.258584458684,25.2534435750629,25.2842850136107,25.3818884725093,25.5973150092137,25.4434849990752,25.4486163763711,25.4434849990752,25.325392518149,25.4434849990752,25.3972910671794,25.6843833481574,25.6946218424375,25.5665674104186,25.4537474974415,25.5101729288625,25.5870668306474,25.602438715738,25.6075621671384,25.5204287715866,25.7457990516862,25.5255563093646,25.5306835914689,25.6997407078597,25.5358106179362,25.6536617552083,25.5614419170025,25.5819423585322,25.5819423585322,25.4793992606996,25.4691393236678,25.5716926484544,25.6331755985647,25.669023697602,25.4845288451903,25.5819423585322,25.6331755985647,25.6741438357205,25.4845288451903,25.4896581737131,25.464008971053,25.5409373888032,25.4793992606996,25.4486163763711,25.3562123467933,25.3459400985342,25.4793992606996,25.3664835674914,25.5153009780981,25.4845288451903,25.4383533655169,25.5819423585322,25.602438715738,25.5614419170025,25.5768176311468,25.6485405982759,25.5511901638832,25.6178083047144,25.5460639041067,25.5819423585322,25.3870229273887,25.4999160630027,25.4845288451903,25.5306835914689,25.4896581737131,25.6280534222343,25.5511901638832,25.5973150092137,25.6331755985647,25.6485405982759,25.6126853634517,25.5768176311468,25.7406824748218,25.5819423585322,25.5665674104186,25.5050446238429,25.6382975199907,25.6587826573823,25.622930990963,25.7202136256143,25.7611472578112,25.6741438357205,25.6075621671384,25.5819423585322,25.5768176311468,25.5819423585322,25.5665674104186,25.5255563093646,25.643419186549,25.6536617552083,25.6639033048348,25.7918368132263,25.6895027225489,25.5819423585322,25.5973150092137,25.4742694202044,25.5204287715866,25.5409373888032,25.6280534222343,25.5973150092137,25.5716926484544,25.5460639041067,25.5716926484544,25.5921910475291,25.5563161681696,25.5768176311468,25.5665674104186,25.6536617552083,25.5614419170025,25.5255563093646,25.5358106179362,25.4896581737131,25.4588783623232,25.3870229273887,25.3510763511273,25.4742694202044,25.3921571255997,25.4178242679226,25.3870229273887,25.3972910671794,25.4742694202044,25.4999160630027,25.4691393236678,25.4537474974415,25.5716926484544,25.5614419170025,25.5973150092137,25.6280534222343,25.715095777693,25.6997407078597,25.6382975199907,25.6485405982759,25.6792637192269,25.6587826573823,25.6485405982759,25.6792637192269,25.5921910475291,25.5973150092137,25.5870668306474,25.6536617552083,25.5819423585322,25.6178083047144,25.6280534222343,25.6178083047144,25.622930990963,25.5050446238429,25.5409373888032,25.5358106179362,25.5358106179362,25.5460639041067,25.5409373888032,25.5050446238429,25.4845288451903,25.4383533655169,25.5101729288625,25.4896581737131,25.494787246305,25.5050446238429,25.3664835674914,25.4075581805922,25.3202549803643,25.3921571255997,25.4332214756594,25.4332214756594,25.4229569268991,25.3356668224182,25.2997022573604,25.3356668224182,25.4178242679226,25.4486163763711,25.3716187925976,25.5101729288625,25.3972910671794,25.5358106179362,25.4896581737131,25.3921571255997,25.5358106179362,25.602438715738,25.6126853634517,25.5204287715866,25.5716926484544,25.7202136256143,25.5563161681696,25.5768176311468,25.7509153744483,25.7918368132263,25.9808874910754,25.9910965851406,26.0778331565889,26.0523299608444,26.016614904526,26.0829330403271,25.985992164309,26.0319228696336,25.9910965851406,25.9910965851406,26.0727330210948,26.0472285660339,26.0268204667242,25.9042870798318,25.868520749288
25.2483024338098,25.1608635787557,25.2123072282184,25.1917328656758,25.2380193782588,25.3664835674914,25.3305297988212,25.2534435750629,25.4588783623232,25.3716187925976,25.3870229273887,25.3510763511273,25.1968768433364,25.0166838239645,25.1711543738743,25.1814441360816,25.2431610348875,25.2534435750629,25.2431610348875,25.1608635787557,25.3818884725093,25.4742694202044,25.464008971053,25.3099791333095,25.3048408239653,25.3716187925976,25.2791454175921,25.2945634334578,25.2380193782588,25.325392518149,25.2380193782588,25.1042457289643,25.2791454175921,25.464008971053,25.3202549803643,25.4537474974415,25.2225928617629,25.0630494515398,25.1299849929454,25.2380193782588,25.2894243522202,25.2071640245704,25.2842850136107,25.494787246305,25.6280534222343,25.4075581805922,25.4434849990752,25.3510763511273,25.5614419170025,25.5204287715866,25.669023697602,25.5460639041067,25.6075621671384,25.4434849990752,25.5050446238429,25.4896581737131,25.5973150092137,25.5973150092137,25.6382975199907,25.643419186549,25.6485405982759,25.669023697602,25.5306835914689,25.5153009780981,25.6792637192269,25.6587826573823,25.6485405982759,25.5921910475291,25.5204287715866,25.3921571255997,25.5306835914689,25.7816079769097,25.5409373888032,25.5716926484544,25.6280534222343,25.6382975199907,25.5614419170025,25.3818884725093,25.3870229273887,25.3972910671794,25.3767537609245,25.4999160630027,25.4537474974415,25.4742694202044,25.464008971053,25.4588783623232,25.4383533655169,25.4896581737131,25.4742694202044,25.5153009780981,25.5665674104186,25.6331755985647,25.6485405982759,25.6382975199907,25.669023697602,25.5460639041067,25.4742694202044,25.464008971053,25.4588783623232,25.5614419170025,25.4845288451903,25.494787246305,25.5511901638832,25.5921910475291,25.4588783623232,25.6382975199907,25.5921910475291,25.6331755985647,25.6331755985647,25.6331755985647,25.6485405982759,25.7304485586408,25.5306835914689,25.5358106179362,25.5511901638832,25.5255563093646,25.6280534222343,25.6280534222343,25.5973150092137,25.6843833481574,25.7355656438188,25.6741438357205,25.602438715738,25.5973150092137,25.5819423585322,25.643419186549,25.6485405982759,25.6382975199907,25.5460639041067,25.5921910475291,25.6639033048348,25.669023697602,25.6997407078597,25.5614419170025,25.669023697602,25.6331755985647,25.6587826573823,25.5409373888032,25.622930990963,25.6075621671384,25.5153009780981,25.6382975199907,25.715095777693,25.5768176311468,25.6792637192269,25.5973150092137,25.5460639041067,25.5101729288625,25.464008971053,25.6382975199907,25.3716187925976,25.3613480855689,25.4229569268991,25.4588783623232,25.4332214756594,25.4229569268991,25.4486163763711,25.3510763511273,25.3767537609245,25.4691393236678,25.5101729288625,25.4434849990752,25.4896581737131,25.5460639041067,25.6536617552083,25.6587826573823,25.669023697602,25.6997407078597,25.7509153744483,25.6639033048348,25.6843833481574,25.6536617552083,25.6843833481574,25.7406824748218,25.6741438357205,25.6331755985647,25.5973150092137,25.643419186549,25.5870668306474,25.6126853634517,25.5819423585322,25.7406824748218,25.5768176311468,25.5665674104186,25.5153009780981,25.494787246305,25.5460639041067,25.5306835914689,25.5460639041067,25.4537474974415,25.5101729288625,25.5409373888032,25.5101729288625,25.5101729288625,25.4383533655169,25.494787246305,25.4845288451903,25.3716187925976,25.3870229273887,25.3870229273887,25.3818884725093,25.3716187925976,25.4024247521646,25.325392518149,25.2328774638867,25.4024247521646,25.4126913524992,25.3716187925976,25.5204287715866,25.5153009780981,25.5255563093646,25.5204287715866,25.4793992606996,25.5409373888032,25.6587826573823,25.5665674104186,25.602438715738,25.6485405982759,25.6126853634517,25.602438715738,25.6331755985647,25.7355656438188,25.6485405982759,25.8071781644774,25.9655719566022,26.0217178117003,26.1084286839364,25.996200753606,26.0829330403271,26.0778331565889,26.0523299608444,25.9349340679388,26.0319228696336,26.0268204667242,26.016614904526,26.0727330210948,26.0574311037199,26.0676326338092,26.0319228696336,26.0727330210948
25.2637250847104,25.2225928617629,25.2020205629554,25.258584458684,25.1042457289643,25.2637250847104,25.2328774638867,25.3459400985342,25.4537474974415,25.3818884725093,25.4588783623232,25.3716187925976,25.1968768433364,24.9960701368761,25.2123072282184,25.2328774638867,25.1196900631945,25.2431610348875,25.1351320700124,25.1557177937613,25.3870229273887,25.5358106179362,25.4691393236678,25.3048408239653,25.2483024338098,25.2894243522202,25.3921571255997,25.3048408239653,25.3510763511273,25.2277352917338,25.124837657352,25.0166838239645,25.0475965748176,25.1454254487159,25.258584458684,25.3510763511273,25.2945634334578,25.1196900631945,25.2020205629554,25.2997022573604,25.2020205629554,25.2894243522202,25.2945634334578,25.6382975199907,25.5665674104186,25.4229569268991,25.325392518149,25.3767537609245,25.6587826573823,25.5819423585322,25.5460639041067,25.5768176311468,25.5409373888032,25.5511901638832,25.6126853634517,25.5153009780981,25.5716926484544,25.5921910475291,25.6792637192269,25.6126853634517,25.6331755985647,25.5716926484544,25.5819423585322,25.669023697602,25.6280534222343,25.643419186549,25.6382975199907,25.7253312192514,25.6075621671384,25.622930990963,25.5870668306474,25.7202136256143,25.622930990963,25.5921910475291,25.5409373888032,25.4691393236678,25.4793992606996,25.3921571255997,25.4075581805922,25.4537474974415,25.3921571255997,25.4280893294658,25.4691393236678,25.4999160630027,25.5050446238429,25.5768176311468,25.5409373888032,25.4126913524992,25.5819423585322,25.4896581737131,25.494787246305,25.6639033048348,25.7304485586408,25.6280534222343,25.5563161681696,25.5460639041067,25.4742694202044,25.4742694202044,25.4999160630027,25.5153009780981,25.5101729288625,25.5563161681696,25.622930990963,25.5358106179362,25.5204287715866,25.5665674104186,25.602438715738,25.6331755985647,25.6280534222343,25.6382975199907,25.6587826573823,25.6536617552083,25.6587826573823,25.4229569268991,25.4280893294658,25.4588783623232,25.6178083047144,25.6382975199907,25.5768176311468,25.643419186549,25.6741438357205,25.7611472578112,25.6792637192269,25.6280534222343,25.669023697602,25.5870668306474,25.5819423585322,25.5973150092137,25.6485405982759,25.5563161681696,25.6587826573823,25.6741438357205,25.669023697602,25.5665674104186,25.5409373888032,25.494787246305,25.5204287715866,25.6382975199907,25.5870668306474,25.6895027225489,25.6075621671384,25.6280534222343,25.5358106179362,25.5665674104186,25.5665674104186,25.5460639041067,25.4845288451903,25.5460639041067,25.5358106179362,25.5409373888032,25.6126853634517,25.4588783623232,25.5204287715866,25.5768176311468,25.464008971053,25.4126913524992,25.3767537609245,25.3767537609245,25.4537474974415,25.4793992606996,25.622930990963,25.494787246305,25.4332214756594,25.4075581805922,25.622930990963,25.602438715738,25.6536617552083,25.7253312192514,25.7048593188521,25.6792637192269,25.7099776754511,25.715095777693,25.7816079769097,25.7816079769097,25.6536617552083,25.7457990516862,25.6895027225489,25.6126853634517,25.602438715738,25.5921910475291,25.643419186549,25.7304485586408,25.7304485586408,25.6792637192269,25.5050446238429,25.5153009780981,25.5255563093646,25.5204287715866,25.4793992606996,25.4742694202044,25.4537474974415,25.4999160630027,25.5050446238429,25.4999160630027,25.494787246305,25.4896581737131,25.494787246305,25.464008971053,25.4383533655169,25.494787246305,25.3870229273887,25.3562123467933,25.3870229273887,25.4024247521646,25.3818884725093,25.3870229273887,25.4280893294658,25.3972910671794,25.5153009780981,25.494787246305,25.4999160630027,25.494787246305,25.5153009780981,25.5563161681696,25.5716926484544,25.6280534222343,25.6280534222343,25.6843833481574,25.6382975199907,25.5716926484544,25.7048593188521,25.5973150092137,25.602438715738,25.6331755985647,25.9655719566022,26.0268204667242,25.9553603376162,25.9757825654037,26.0676326338092,26.0013046697413,26.0217178117003,25.996200753606,26.0064083335824,26.0574311037199,26.0880326723456,25.9196117118026,26.0574311037199,25.996200753606,26.0013046697413,26.0676326338092
25.1299849929454,25.325392518149,25.2380193782588,25.1711543738743,25.1814441360816,25.3459400985342,25.3408035889768,25.4537474974415,25.4742694202044,25.464008971053,25.2894243522202,25.3921571255997,25.3099791333095,25.2534435750629,25.2277352917338,25.1711543738743,25.2071640245704,25.1299849929454,25.1145422104357,25.0578987516956,25.5204287715866,25.5870668306474,25.3408035889768,25.2894243522202,25.0578987516956,25.3767537609245,25.3767537609245,25.3767537609245,25.2637250847104,25.1454254487159,25.1351320700124,25.0475965748176,25.0012239478063,25.124837657352,25.2483024338098,25.3510763511273,25.2842850136107,25.0166838239645,25.0990971001769,25.2123072282184,25.4178242679226,25.4332214756594,25.3459400985342,25.6485405982759,25.4229569268991,25.4537474974415,25.3613480855689,25.4383533655169,25.494787246305,25.5716926484544,25.5409373888032,25.5819423585322,25.622930990963,25.5819423585322,25.5716926484544,25.5665674104186,25.5768176311468,25.6536617552083,25.6382975199907,25.6331755985647,25.622930990963,25.7816079769097,25.6382975199907,25.6126853634517,25.5665674104186,25.6280534222343,25.6741438357205,25.669023697602,25.5255563093646,25.5204287715866,25.6741438357205,25.8071781644774,25.5460639041067,25.5511901638832,25.3767537609245,25.5460639041067,25.5614419170025,25.3972910671794,25.3921571255997,25.4075581805922,25.4178242679226,25.3716187925976,25.4434849990752,25.325392518149,25.4486163763711,25.6075621671384,25.5255563093646,25.494787246305,25.4999160630027,25.5665674104186,25.5921910475291,25.5921910475291,25.643419186549,25.6792637192269,25.5665674104186,25.4383533655169,25.3613480855689,25.3664835674914,25.4896581737131,25.3870229273887,25.4896581737131,25.5716926484544,25.6280534222343,25.4793992606996,25.5409373888032,25.5153009780981,25.5306835914689,25.643419186549,25.6280534222343,25.6382975199907,25.6639033048348,25.6741438357205,25.5819423585322,25.5511901638832,25.4126913524992,25.6280534222343,25.6178083047144,25.5563161681696,25.5511901638832,25.6126853634517,25.602438715738,25.6843833481574,25.6792637192269,25.5665674104186,25.6075621671384,25.4999160630027,25.5921910475291,25.6331755985647,25.5973150092137,25.5870668306474,25.5563161681696,25.5768176311468,25.6126853634517,25.6075621671384,25.5614419170025,25.643419186549,25.5973150092137,25.6382975199907,25.6075621671384,25.6792637192269,25.5819423585322,25.5511901638832,25.5409373888032,25.5050446238429,25.5614419170025,25.5511901638832,25.5255563093646,25.5050446238429,25.4691393236678,25.5153009780981,25.5409373888032,25.3972910671794,25.464008971053,25.4896581737131,25.4691393236678,25.4332214756594,25.4280893294658,25.3870229273887,25.4999160630027,25.5460639041067,25.5255563093646,25.5101729288625,25.4845288451903,25.6280534222343,25.5409373888032,25.6382975199907,25.602438715738,25.6997407078597,25.669023697602,25.7713781252015,25.7099776754511,25.7560314431445,25.7355656438188,25.7816079769097,25.7457990516862,25.6382975199907,25.6639033048348,25.6280534222343,25.6536617552083,25.5768176311468,25.6280534222343,25.6382975199907,25.602438715738,25.5921910475291,25.6331755985647,25.4691393236678,25.5204287715866,25.4691393236678,25.4793992606996,25.4896581737131,25.5153009780981,25.494787246305,25.5153009780981,25.5306835914689,25.4383533655169,25.494787246305,25.4742694202044,25.4024247521646,25.464008971053,25.464008971053,25.4075581805922,25.3870229273887,25.3613480855689,25.3716187925976,25.4434849990752,25.3664835674914,25.3664835674914,25.5204287715866,25.4178242679226,25.5050446238429,25.4999160630027,25.494787246305,25.4486163763711,25.5255563093646,25.5460639041067,25.5050446238429,25.6741438357205,25.6331755985647,25.669023697602,25.6792637192269,25.6280534222343,25.6382975199907,25.6280534222343,25.6280534222343,25.7969508507036,26.0625319946962,26.0676326338092,26.0523299608444,26.0574311037199,26.0727330210948,26.0778331565889,26.0676326338092,25.9910965851406,26.0319228696336,26.0778331565889,25.8838506953317,26.1033300584395,26.0574311037199,25.9042870798318,25.9655719566022
25.2842850136107,25.3099791333095,25.3048408239653,25.1608635787557,25.2071640245704,25.4383533655169,25.2534435750629,25.4434849990752,25.4075581805922,25.4691393236678,25.3921571255997,25.325392518149,25.325392518149,25.2894243522202,25.3818884725093,25.2174501739369,25.2483024338098,25.2483024338098,25.2534435750629,25.3459400985342,25.4229569268991,25.5511901638832,25.3767537609245,25.1917328656758,25.0681998923707,25.2483024338098,25.4126913524992,25.3305297988212,25.3613480855689,25.3510763511273,25.2431610348875,25.124837657352,25.0939482126385,25.0990971001769,25.2740055641272,25.3356668224182,25.2791454175921,25.2020205629554,25.2791454175921,25.2945634334578,25.4126913524992,25.2894243522202,25.4126913524992,25.4588783623232,25.2945634334578,25.3767537609245,25.5665674104186,25.5716926484544,25.4742694202044,25.4126913524992,25.6126853634517,25.5665674104186,25.5819423585322,25.5921910475291,25.5870668306474,25.6587826573823,25.6536617552083,25.5870668306474,25.5870668306474,25.6382975199907,25.6536617552083,25.6382975199907,25.669023697602,25.6792637192269,25.6639033048348,25.6587826573823,25.6280534222343,25.6485405982759,25.6126853634517,25.6178083047144,25.7969508507036,25.5973150092137,25.4332214756594,25.4383533655169,25.3510763511273,25.3664835674914,25.4126913524992,25.3921571255997,25.3818884725093,25.3664835674914,25.3408035889768,25.4126913524992,25.3408035889768,25.2894243522202,25.4845288451903,25.6792637192269,25.5358106179362,25.4742694202044,25.4999160630027,25.5153009780981,25.7099776754511,25.6843833481574,25.5870668306474,25.5204287715866,25.5563161681696,25.5050446238429,25.6382975199907,25.622930990963,25.5358106179362,25.5153009780981,25.5101729288625,25.5460639041067,25.602438715738,25.6075621671384,25.5255563093646,25.622930990963,25.4793992606996,25.5665674104186,25.643419186549,25.6280534222343,25.7611472578112,25.6741438357205,25.6075621671384,25.6536617552083,25.643419186549,25.5460639041067,25.669023697602,25.5921910475291,25.5665674104186,25.5614419170025,25.5921910475291,25.6843833481574,25.6792637192269,25.6075621671384,25.5870668306474,25.643419186549,25.622930990963,25.5768176311468,25.6075621671384,25.5614419170025,25.5460639041067,25.5973150092137,25.5101729288625,25.5819423585322,25.5409373888032,25.5306835914689,25.643419186549,25.5665674104186,25.5768176311468,25.5716926484544,25.5716926484544,25.643419186549,25.5409373888032,25.5511901638832,25.5614419170025,25.6792637192269,25.5563161681696,25.5255563093646,25.5409373888032,25.4793992606996,25.643419186549,25.4691393236678,25.4845288451903,25.5973150092137,25.4537474974415,25.3613480855689,25.3613480855689,25.4280893294658,25.494787246305,25.5101729288625,25.4383533655169,25.5563161681696,25.5358106179362,25.5460639041067,25.5409373888032,25.4793992606996,25.5614419170025,25.6792637192269,25.7048593188521,25.7048593188521,25.7816079769097,25.6792637192269,25.7048593188521,25.8071781644774,25.7048593188521,25.7253312192514,25.6536617552083,25.6536617552083,25.6126853634517,25.6075621671384,25.6741438357205,25.6895027225489,25.7202136256143,25.643419186549,25.6178083047144,25.5716926484544,25.5050446238429,25.494787246305,25.5050446238429,25.4896581737131,25.4896581737131,25.494787246305,25.4896581737131,25.4999160630027,25.5050446238429,25.5511901638832,25.4588783623232,25.5153009780981,25.4075581805922,25.4024247521646,25.4126913524992,25.4280893294658,25.2842850136107,25.3664835674914,25.3716187925976,25.3459400985342,25.3716187925976,25.3716187925976,25.4178242679226,25.5204287715866,25.602438715738,25.602438715738,25.5460639041067,25.4793992606996,25.5819423585322,25.5716926484544,25.622930990963,25.6126853634517,25.6792637192269,25.7713781252015,25.6382975199907,25.6280534222343,25.622930990963,25.6741438357205,25.9093955434194,25.9196117118026,26.0064083335824,26.0829330403271,26.0778331565889,26.0472285660339,26.0727330210948,26.0574311037199,26.0829330403271,26.016614904526,26.0421269192526,26.0064083335824,26.0268204667242,26.0625319946962,26.016614904526,25.8940693936838
25.2637250847104,25.3202549803643,25.3613480855689,25.0166838239645,25.2688654531791,25.2945634334578,25.3151171854302,25.3716187925976,25.4588783623232,25.3510763511273,25.4383533655169,25.2380193782588,25.3151171854302,25.4024247521646,25.4024247521646,25.2380193782588,25.258584458684,25.1711543738743,25.2791454175921,25.3870229273887,25.5409373888032,25.5050446238429,25.1351320700124,25.0784999971428,25.124837657352,24.9806071469274,25.2688654531791,25.0887990663117,25.0990971001769,25.2637250847104,25.3510763511273,25.0990971001769,25.0166838239645,25.1660091054476,25.2020205629554,25.2328774638867,25.2740055641272,25.3921571255997,25.3510763511273,25.3202549803643,25.2791454175921,25.3972910671794,25.4845288451903,25.1762993840732,25.2740055641272,25.2997022573604,25.4742694202044,25.5511901638832,25.4075581805922,25.5050446238429,25.602438715738,25.6382975199907,25.622930990963,25.6331755985647,25.6126853634517,25.6843833481574,25.643419186549,25.7202136256143,25.6280534222343,25.6178083047144,25.6280534222343,25.6639033048348,25.7560314431445,25.7764931779977,25.6280534222343,25.6895027225489,25.5409373888032,25.4178242679226,25.6178083047144,25.7099776754511,25.7099776754511,25.4537474974415,25.3818884725093,25.3664835674914,25.325392518149,25.1917328656758,25.1917328656758,25.3356668224182,25.3510763511273,25.3613480855689,25.2277352917338,25.4332214756594,25.4691393236678,25.4793992606996,25.5716926484544,25.602438715738,25.5614419170025,25.5153009780981,25.4845288451903,25.5511901638832,25.5101729288625,25.5665674104186,25.5716926484544,25.6382975199907,25.5614419170025,25.6639033048348,25.6639033048348,25.4896581737131,25.669023697602,25.7048593188521,25.5819423585322,25.6075621671384,25.6382975199907,25.6075621671384,25.5101729288625,25.5870668306474,25.5204287715866,25.5306835914689,25.602438715738,25.7457990516862,25.7662628184848,25.6536617552083,25.669023697602,25.7816079769097,25.7662628184848,25.5614419170025,25.5819423585322,25.5819423585322,25.5665674104186,25.5255563093646,25.6178083047144,25.6280534222343,25.6843833481574,25.6741438357205,25.6639033048348,25.6382975199907,25.5973150092137,25.6075621671384,25.5768176311468,25.5665674104186,25.5460639041067,25.5306835914689,25.5819423585322,25.5614419170025,25.5358106179362,25.6485405982759,25.5716926484544,25.5768176311468,25.6075621671384,25.6126853634517,25.6280534222343,25.5460639041067,25.5921910475291,25.5563161681696,25.5409373888032,25.5819423585322,25.6587826573823,25.5306835914689,25.602438715738,25.5614419170025,25.5716926484544,25.602438715738,25.5870668306474,25.5870668306474,25.5306835914689,25.4999160630027,25.5204287715866,25.3972910671794,25.5358106179362,25.6997407078597,25.494787246305,25.5358106179362,25.4999160630027,25.6075621671384,25.7969508507036,25.6792637192269,25.5358106179362,25.622930990963,25.715095777693,25.7816079769097,25.7253312192514,25.6741438357205,25.6946218424375,25.7867225219738,25.7457990516862,25.6536617552083,25.7304485586408,25.6741438357205,25.7611472578112,25.7355656438188,25.6485405982759,25.6997407078597,25.7355656438188,25.7099776754511,25.6895027225489,25.5716926484544,25.5870668306474,25.494787246305,25.4845288451903,25.4896581737131,25.4845288451903,25.4999160630027,25.4999160630027,25.4999160630027,25.464008971053,25.4486163763711,25.5255563093646,25.4793992606996,25.4742694202044,25.4178242679226,25.494787246305,25.4024247521646,25.3664835674914,25.3921571255997,25.4024247521646,25.3767537609245,25.5101729288625,25.5358106179362,25.6382975199907,25.5819423585322,25.5358106179362,25.622930990963,25.5306835914689,25.5921910475291,25.6280534222343,25.5768176311468,25.6075621671384,25.6075621671384,25.7867225219738,25.7509153744483,25.6178083047144,25.643419186549,25.6946218424375,25.6280534222343,25.8531885241579,25.9553603376162,26.0574311037199,26.0115117451654,26.016614904526,26.1135270578924,26.0931320526798,26.0523299608444,26.1033300584395,26.0778331565889,26.0931320526798,26.0319228696336,26.0727330210948,26.0574311037199,26.016614904526,26.0013046697413
25.4486163763711,25.3510763511273,25.3664835674914,25.14027888859,25.3305297988212,25.3613480855689,25.3356668224182,25.3664835674914,25.3408035889768,25.3408035889768,25.4742694202044,25.3562123467933,25.3972910671794,25.4075581805922,25.6178083047144,25.4075581805922,25.1762993840732,25.2842850136107,25.3972910671794,25.4024247521646,25.5921910475291,25.3767537609245,25.1557177937613,24.9857617364743,25.1093940990381,25.0733500742259,24.9806071469274,24.9702971889533,25.2740055641272,25.4537474974415,25.4434849990752,25.3613480855689,25.0990971001769,25.0578987516956,25.1917328656758,25.325392518149,25.1351320700124,25.2534435750629,25.4845288451903,25.4793992606996,25.4024247521646,25.4383533655169,25.3870229273887,25.3459400985342,25.2431610348875,25.3048408239653,25.4229569268991,25.5101729288625,25.5204287715866,25.5204287715866,25.622930990963,25.602438715738,25.6075621671384,25.6280534222343,25.715095777693,25.7304485586408,25.715095777693,25.7406824748218,25.8071781644774,25.6126853634517,25.7918368132263,25.6792637192269,25.7918368132263,25.8122914408466,25.6639033048348,25.669023697602,25.6075621671384,25.6075621671384,25.6485405982759,25.8429657740965,25.6639033048348,25.3972910671794,25.3972910671794,25.4229569268991,25.3972910671794,25.4229569268991,25.3151171854302,25.1968768433364,25.3562123467933,25.2225928617629,25.4024247521646,25.3459400985342,25.4178242679226,25.5973150092137,25.6178083047144,25.6536617552083,25.5870668306474,25.5204287715866,25.3818884725093,25.4075581805922,25.5511901638832,25.4793992606996,25.6741438357205,25.5768176311468,25.6792637192269,25.5921910475291,25.6485405982759,25.5973150092137,25.643419186549,25.6792637192269,25.5614419170025,25.6587826573823,25.7355656438188,25.715095777693,25.6178083047144,25.5306835914689,25.5614419170025,25.5973150092137,25.6331755985647,25.7253312192514,25.602438715738,25.5460639041067,25.7560314431445,25.7662628184848,25.5358106179362,25.5716926484544,25.5306835914689,25.5614419170025,25.4999160630027,25.5563161681696,25.6895027225489,25.5614419170025,25.5716926484544,25.5921910475291,25.669023697602,25.6536617552083,25.6382975199907,25.6280534222343,25.6485405982759,25.6485405982759,25.6536617552083,25.5101729288625,25.5665674104186,25.6126853634517,25.622930990963,25.6639033048348,25.6639033048348,25.7202136256143,25.6587826573823,25.6126853634517,25.6382975199907,25.5768176311468,25.6178083047144,25.5665674104186,25.5460639041067,25.6280534222343,25.6075621671384,25.602438715738,25.5768176311468,25.5409373888032,25.5973150092137,25.4434849990752,25.4999160630027,25.5153009780981,25.5050446238429,25.4434849990752,25.3818884725093,25.5101729288625,25.5153009780981,25.5768176311468,25.5768176311468,25.4793992606996,25.5358106179362,25.622930990963,25.669023697602,25.6331755985647,25.6639033048348,25.6075621671384,25.7202136256143,25.7202136256143,25.6895027225489,25.6741438357205,25.6741438357205,25.6997407078597,25.7355656438188,25.6331755985647,25.6536617552083,25.6792637192269,25.7969508507036,25.6485405982759,25.6485405982759,25.7764931779977,25.6280534222343,25.6280534222343,25.6280534222343,25.5870668306474,25.5358106179362,25.4793992606996,25.4845288451903,25.5255563093646,25.5101729288625,25.622930990963,25.4793992606996,25.464008971053,25.464008971053,25.5306835914689,25.4537474974415,25.5768176311468,25.4793992606996,25.4332214756594,25.4280893294658,25.3562123467933,25.2997022573604,25.3151171854302,25.325392518149,25.4332214756594,25.3716187925976,25.5306835914689,25.494787246305,25.5409373888032,25.5870668306474,25.5563161681696,25.5460639041067,25.5101729288625,25.5563161681696,25.5665674104186,25.5870668306474,25.5973150092137,25.7406824748218,25.7611472578112,25.669023697602,25.6485405982759,25.6126853634517,25.669023697602,25.8071781644774,25.9502541492142,25.9502541492142,26.0931320526798,26.0268204667242,26.0982311813659,25.9706773872579,26.0727330210948,26.0676326338092,26.0115117451654,26.016614904526,26.1084286839364,26.0268204667242,26.0829330403271,26.016614904526,26.0829330403271
25.643419186549,25.3510763511273,25.3664835674914,25.2431610348875,25.1762993840732,25.3921571255997,25.3613480855689,25.3818884725093,25.3716187925976,25.3716187925976,25.3408035889768,25.5460639041067,25.5050446238429,25.6126853634517,25.6126853634517,25.3870229273887,25.4383533655169,25.3459400985342,25.3048408239653,25.4024247521646,25.4075581805922,25.3356668224182,25.1865886299367,25.0836496611589,25.1042457289643,25.0681998923707,24.8568190268782,24.9806071469274,25.3305297988212,25.4588783623232,25.3664835674914,25.4434849990752,25.1093940990381,25.1557177937613,25.1917328656758,25.3048408239653,25.0939482126385,25.2277352917338,25.4742694202044,25.5460639041067,25.4178242679226,25.2740055641272,25.3202549803643,25.2842850136107,25.2997022573604,25.2380193782588,25.4280893294658,25.6485405982759,25.6178083047144,25.5563161681696,25.6331755985647,25.5511901638832,25.7406824748218,25.602438715738,25.7355656438188,25.7406824748218,25.7355656438188,25.7304485586408,25.7099776754511,25.7969508507036,25.6997407078597,25.6843833481574,25.6280534222343,25.6843833481574,25.7202136256143,25.6587826573823,25.5819423585322,25.602438715738,25.7764931779977,25.6792637192269,25.5563161681696,25.4691393236678,25.5973150092137,25.5716926484544,25.602438715738,25.6280534222343,25.4742694202044,25.4742694202044,25.3870229273887,25.3716187925976,25.2225928617629,25.4229569268991,25.4434849990752,25.4383533655169,25.4588783623232,25.464008971053,25.5306835914689,25.4178242679226,25.3716187925976,25.4434849990752,25.5870668306474,25.602438715738,25.6485405982759,25.5819423585322,25.6741438357205,25.602438715738,25.7253312192514,25.7662628184848,25.6536617552083,25.7099776754511,25.6536617552083,25.5716926484544,25.6895027225489,25.6741438357205,25.643419186549,25.6126853634517,25.4742694202044,25.6485405982759,25.7099776754511,25.6280534222343,25.6536617552083,25.7509153744483,25.7406824748218,25.5768176311468,25.6331755985647,25.5255563093646,25.5358106179362,25.5358106179362,25.5460639041067,25.6639033048348,25.7611472578112,25.669023697602,25.6639033048348,25.6792637192269,25.6485405982759,25.6382975199907,25.6741438357205,25.6382975199907,25.6792637192269,25.669023697602,25.4075581805922,25.5870668306474,25.5921910475291,25.5819423585322,25.7202136256143,25.5973150092137,25.6895027225489,25.7099776754511,25.715095777693,25.5819423585322,25.5870668306474,25.6997407078597,25.6126853634517,25.6895027225489,25.6331755985647,25.5614419170025,25.6126853634517,25.5614419170025,25.494787246305,25.4537474974415,25.669023697602,25.622930990963,25.6075621671384,25.5716926484544,25.5204287715866,25.5101729288625,25.4486163763711,25.4332214756594,25.4845288451903,25.5306835914689,25.5358106179362,25.5563161681696,25.5255563093646,25.6075621671384,25.7099776754511,25.6536617552083,25.6587826573823,25.6639033048348,25.7048593188521,25.7918368132263,25.6946218424375,25.7202136256143,25.8174044635856,25.8020646344419,25.7202136256143,25.6895027225489,25.7560314431445,25.7406824748218,25.7253312192514,25.7662628184848,25.6485405982759,25.6382975199907,25.643419186549,25.6280534222343,25.6485405982759,25.6331755985647,25.6075621671384,25.602438715738,25.5921910475291,25.6126853634517,25.6331755985647,25.643419186549,25.622930990963,25.4742694202044,25.4896581737131,25.5460639041067,25.494787246305,25.4793992606996,25.4434849990752,25.4537474974415,25.4486163763711,25.4075581805922,25.3459400985342,25.3356668224182,25.325392518149,25.3972910671794,25.3202549803643,25.4691393236678,25.622930990963,25.5614419170025,25.5614419170025,25.5665674104186,25.5409373888032,25.5716926484544,25.5870668306474,25.6382975199907,25.6792637192269,25.669023697602,25.6639033048348,25.7764931779977,25.7355656438188,25.6331755985647,25.6485405982759,25.6280534222343,25.8991783632653,25.9604662734002,26.016614904526,26.0013046697413,26.0064083335824,26.0217178117003,25.996200753606,26.0880326723456,26.0115117451654,25.9910965851406,26.1288206708731,26.0982311813659,26.1033300584395,26.123723051325,26.0013046697413,26.0064083335824
25.3767537609245,25.4896581737131,25.3099791333095,25.3202549803643,25.3408035889768,25.4280893294658,25.325392518149,25.3921571255997,25.4280893294658,25.3818884725093,25.3921571255997,25.4742694202044,25.5204287715866,25.6075621671384,25.4383533655169,25.2894243522202,25.3972910671794,25.4075581805922,25.3972910671794,25.2997022573604,25.3818884725093,25.1917328656758,25.2842850136107,25.1865886299367,25.0887990663117,25.1196900631945,25.0475965748176,25.0269891112523,25.3716187925976,25.4383533655169,25.4383533655169,25.3408035889768,25.1711543738743,25.0578987516956,25.124837657352,25.1351320700124,25.0527477928007,25.2071640245704,25.4434849990752,25.5819423585322,25.4075581805922,25.3664835674914,25.2174501739369,25.2380193782588,25.325392518149,25.3459400985342,25.6382975199907,25.6946218424375,25.669023697602,25.6485405982759,25.6178083047144,25.669023697602,25.622930990963,25.6331755985647,25.6639033048348,25.7611472578112,25.7304485586408,25.6792637192269,25.6536617552083,25.6280534222343,25.6331755985647,25.6485405982759,25.6536617552083,25.7509153744483,25.7048593188521,25.464008971053,25.6331755985647,25.8276297483179,25.7867225219738,25.5204287715866,25.3767537609245,25.5511901638832,25.6126853634517,25.4793992606996,25.4280893294658,25.464008971053,25.4383533655169,25.4024247521646,25.3870229273887,25.3562123467933,25.4126913524992,25.4537474974415,25.3151171854302,25.4383533655169,25.622930990963,25.5921910475291,25.4793992606996,25.6126853634517,25.494787246305,25.5358106179362,25.5973150092137,25.6280534222343,25.5716926484544,25.5819423585322,25.6741438357205,25.6331755985647,25.6639033048348,25.7304485586408,25.669023697602,25.8020646344419,25.6639033048348,25.7713781252015,25.643419186549,25.7099776754511,25.5716926484544,25.5665674104186,25.5716926484544,25.5153009780981,25.5460639041067,25.5255563093646,25.6178083047144,25.7355656438188,25.622930990963,25.5768176311468,25.602438715738,25.5716926484544,25.5460639041067,25.5665674104186,25.6382975199907,25.715095777693,25.6843833481574,25.6741438357205,25.6741438357205,25.6741438357205,25.6741438357205,25.6843833481574,25.6639033048348,25.7355656438188,25.6946218424375,25.6485405982759,25.669023697602,25.5819423585322,25.5819423585322,25.602438715738,25.5819423585322,25.5973150092137,25.6126853634517,25.669023697602,25.643419186549,25.7048593188521,25.6126853634517,25.6178083047144,25.6331755985647,25.5358106179362,25.602438715738,25.5101729288625,25.5409373888032,25.494787246305,25.6178083047144,25.643419186549,25.6280534222343,25.5409373888032,25.5819423585322,25.5409373888032,25.5358106179362,25.4486163763711,25.4332214756594,25.4691393236678,25.5153009780981,25.5768176311468,25.5153009780981,25.6485405982759,25.5665674104186,25.6639033048348,25.6587826573823,25.6843833481574,25.6895027225489,25.643419186549,25.6895027225489,25.643419186549,25.7304485586408,25.7457990516862,25.7457990516862,25.6331755985647,25.7304485586408,25.7202136256143,25.7304485586408,25.5921910475291,25.6895027225489,25.7509153744483,25.6126853634517,25.715095777693,25.7202136256143,25.6843833481574,25.6331755985647,25.6178083047144,25.4845288451903,25.464008971053,25.5050446238429,25.5819423585322,25.6280534222343,25.4537474974415,25.4896581737131,25.5204287715866,25.4434849990752,25.4229569268991,25.4537474974415,25.4434849990752,25.6587826573823,25.4075581805922,25.4178242679226,25.3408035889768,25.325392518149,25.3664835674914,25.3613480855689,25.325392518149,25.5204287715866,25.4280893294658,25.5460639041067,25.4486163763711,25.5306835914689,25.5921910475291,25.5973150092137,25.5460639041067,25.6178083047144,25.643419186549,25.6280534222343,25.6382975199907,25.643419186549,25.6126853634517,25.6536617552083,25.669023697602,25.6587826573823,25.6280534222343,25.9349340679388,25.9042870798318,26.0880326723456,26.0217178117003,26.0421269192526,26.1441120212736,26.0064083335824,26.0370250204644,25.9910965851406,26.0013046697413,26.0829330403271,26.0982311813659,26.0013046697413,26.1288206708731,26.1033300584395,26.016614904526
25.4178242679226,25.4280893294658,25.3716187925976,25.4178242679226,25.3818884725093,25.4280893294658,25.3767537609245,25.258584458684,25.4434849990752,25.4075581805922,25.4691393236678,25.5409373888032,25.5409373888032,25.4229569268991,25.4280893294658,25.3408035889768,25.4075581805922,25.2894243522202,25.4024247521646,25.3099791333095,25.4126913524992,25.4075581805922,25.2174501739369,25.2740055641272,25.3048408239653,25.1762993840732,25.0630494515398,25.0269891112523,25.3664835674914,25.4896581737131,25.4537474974415,25.494787246305,25.1968768433364,25.14027888859,25.1454254487159,25.3613480855689,25.0475965748176,25.1557177937613,25.4383533655169,25.5614419170025,25.3048408239653,25.1968768433364,25.1968768433364,25.3305297988212,25.3716187925976,25.3921571255997,25.669023697602,25.7406824748218,25.6895027225489,25.7560314431445,25.643419186549,25.6178083047144,25.7918368132263,25.6997407078597,25.6280534222343,25.7099776754511,25.715095777693,25.6946218424375,25.7202136256143,25.6997407078597,25.8225172327306,25.7611472578112,25.7202136256143,25.6741438357205,25.6126853634517,25.8787409664887,25.7867225219738,25.8378540189647,25.669023697602,25.5768176311468,25.5973150092137,25.5665674104186,25.4896581737131,25.6639033048348,25.4691393236678,25.4126913524992,25.4588783623232,25.4742694202044,25.3151171854302,25.4486163763711,25.4280893294658,25.4742694202044,25.5768176311468,25.6331755985647,25.4999160630027,25.6075621671384,25.5921910475291,25.6178083047144,25.5716926484544,25.602438715738,25.7202136256143,25.5768176311468,25.5819423585322,25.6075621671384,25.7406824748218,25.6178083047144,25.8122914408466,25.669023697602,25.6843833481574,25.7713781252015,25.7611472578112,25.7611472578112,25.715095777693,25.7355656438188,25.715095777693,25.6587826573823,25.6075621671384,25.6843833481574,25.5306835914689,25.5153009780981,25.622930990963,25.6382975199907,25.6126853634517,25.6075621671384,25.5511901638832,25.7406824748218,25.5921910475291,25.5819423585322,25.6382975199907,25.6280534222343,25.669023697602,25.6792637192269,25.6792637192269,25.669023697602,25.6946218424375,25.7253312192514,25.6178083047144,25.715095777693,25.6126853634517,25.6485405982759,25.5819423585322,25.5870668306474,25.5768176311468,25.5563161681696,25.5870668306474,25.6741438357205,25.622930990963,25.7099776754511,25.7304485586408,25.643419186549,25.5973150092137,25.6075621671384,25.5511901638832,25.5460639041067,25.6075621671384,25.6075621671384,25.6126853634517,25.6178083047144,25.5665674104186,25.5716926484544,25.5409373888032,25.5101729288625,25.4896581737131,25.4896581737131,25.4537474974415,25.4434849990752,25.5306835914689,25.4486163763711,25.5204287715866,25.5153009780981,25.5153009780981,25.5153009780981,25.5204287715866,25.6178083047144,25.6741438357205,25.6792637192269,25.6536617552083,25.6382975199907,25.7253312192514,25.7611472578112,25.7048593188521,25.7457990516862,25.7918368132263,25.6946218424375,25.7662628184848,25.7969508507036,25.7253312192514,25.7457990516862,25.7099776754511,25.6895027225489,25.6126853634517,25.6485405982759,25.643419186549,25.622930990963,25.6280534222343,25.6485405982759,25.6126853634517,25.5921910475291,25.622930990963,25.622930990963,25.5460639041067,25.6178083047144,25.5819423585322,25.5204287715866,25.4537474974415,25.4280893294658,25.4793992606996,25.4486163763711,25.4793992606996,25.494787246305,25.3818884725093,25.4793992606996,25.4229569268991,25.3767537609245,25.2688654531791,25.3767537609245,25.494787246305,25.4383533655169,25.5409373888032,25.5460639041067,25.5563161681696,25.5921910475291,25.5563161681696,25.5614419170025,25.6382975199907,25.6178083047144,25.6280534222343,25.6485405982759,25.6126853634517,25.5768176311468,25.6178083047144,25.6382975199907,25.6946218424375,25.7457990516862,25.8787409664887,25.9502541492142,25.996200753606,25.985992164309,26.0268204667242,26.0676326338092,26.0268204667242,26.0676326338092,26.0931320526798,26.0676326338092,26.0574311037199,26.164496970573,25.9757825654037,26.0319228696336,26.0727330210948,26.0319228696336
25.4434849990752,25.4434849990752,25.3818884725093,25.4075581805922,25.3613480855689,25.3818884725093,25.4434849990752,25.258584458684,25.4486163763711,25.3408035889768,25.5050446238429,25.3921571255997,25.5409373888032,25.4332214756594,25.5306835914689,25.4178242679226,25.0836496611589,25.2997022573604,25.4383533655169,25.2894243522202,25.3048408239653,25.3613480855689,25.2688654531791,25.2842850136107,25.1814441360816,25.1299849929454,25.1042457289643,25.1608635787557,25.3202549803643,25.3408035889768,25.3356668224182,25.3408035889768,25.2688654531791,25.14027888859,25.14027888859,25.2740055641272,25.1608635787557,25.0475965748176,25.1299849929454,25.2637250847104,25.2431610348875,25.1762993840732,25.1917328656758,25.3305297988212,25.4126913524992,25.3921571255997,25.6639033048348,25.6639033048348,25.669023697602,25.7048593188521,25.6280534222343,25.5511901638832,25.6639033048348,25.6843833481574,25.7355656438188,25.6639033048348,25.7048593188521,25.7355656438188,25.7202136256143,25.7202136256143,25.7764931779977,25.7406824748218,25.6895027225489,25.7304485586408,25.7969508507036,25.8122914408466,25.6843833481574,25.6382975199907,25.5819423585322,25.6075621671384,25.5358106179362,25.5921910475291,25.602438715738,25.464008971053,25.464008971053,25.5665674104186,25.3921571255997,25.4845288451903,25.2483024338098,25.3664835674914,25.5511901638832,25.5255563093646,25.6485405982759,25.669023697602,25.5819423585322,25.6126853634517,25.6382975199907,25.7048593188521,25.6536617552083,25.6075621671384,25.7048593188521,25.602438715738,25.5819423585322,25.6536617552083,25.5973150092137,25.6639033048348,25.7202136256143,25.7406824748218,25.6741438357205,25.6741438357205,25.7202136256143,25.8071781644774,25.6587826573823,25.8071781644774,25.622930990963,25.6843833481574,25.5973150092137,25.5716926484544,25.6997407078597,25.6126853634517,25.669023697602,25.7202136256143,25.6075621671384,25.6997407078597,25.7202136256143,25.6946218424375,25.669023697602,25.6485405982759,25.6280534222343,25.6843833481574,25.643419186549,25.6792637192269,25.5511901638832,25.669023697602,25.6792637192269,25.7202136256143,25.7253312192514,25.5358106179362,25.6331755985647,25.5768176311468,25.6946218424375,25.5563161681696,25.622930990963,25.5870668306474,25.6075621671384,25.6280534222343,25.643419186549,25.5973150092137,25.715095777693,25.6280534222343,25.6331755985647,25.5306835914689,25.5614419170025,25.6485405982759,25.6280534222343,25.5870668306474,25.5921910475291,25.6126853634517,25.5870668306474,25.494787246305,25.5768176311468,25.4845288451903,25.4691393236678,25.5050446238429,25.5306835914689,25.4537474974415,25.4537474974415,25.4845288451903,25.4280893294658,25.5255563093646,25.5204287715866,25.5153009780981,25.5665674104186,25.5358106179362,25.7253312192514,25.7969508507036,25.6587826573823,25.6946218424375,25.7355656438188,25.7611472578112,25.6895027225489,25.7713781252015,25.6895027225489,25.7099776754511,25.8020646344419,25.715095777693,25.8071781644774,25.7202136256143,25.715095777693,25.715095777693,25.6075621671384,25.6280534222343,25.6178083047144,25.6126853634517,25.643419186549,25.5973150092137,25.5716926484544,25.5306835914689,25.6075621671384,25.4332214756594,25.4537474974415,25.5409373888032,25.5153009780981,25.4588783623232,25.494787246305,25.5050446238429,25.4383533655169,25.494787246305,25.5204287715866,25.4486163763711,25.464008971053,25.4229569268991,25.4999160630027,25.4383533655169,25.4691393236678,25.4742694202044,25.3716187925976,25.4793992606996,25.4126913524992,25.6126853634517,25.3870229273887,25.5460639041067,25.5819423585322,25.5306835914689,25.6126853634517,25.643419186549,25.7867225219738,25.6895027225489,25.6536617552083,25.7355656438188,25.6792637192269,25.7509153744483,25.6741438357205,25.7713781252015,25.7560314431445,25.9196117118026,25.8787409664887,26.0829330403271,25.996200753606,25.996200753606,25.9655719566022,26.0676326338092,26.0829330403271,26.0523299608444,25.985992164309,26.0013046697413,26.0064083335824,26.1288206708731,26.0064083335824,25.996200753606
25.4486163763711,25.4178242679226,25.4434849990752,25.3356668224182,25.3767537609245,25.4486163763711,25.3818884725093,25.3408035889768,25.4075581805922,25.494787246305,25.5511901638832,25.5050446238429,25.5101729288625,25.3870229273887,25.4845288451903,25.3202549803643,25.1917328656758,25.3202549803643,25.3202549803643,25.3870229273887,25.2997022573604,25.3562123467933,25.4075581805922,25.3048408239653,25.2997022573604,25.1865886299367,25.0990971001769,25.1968768433364,25.2431610348875,25.0321413659635,24.9960701368761,25.2945634334578,25.1557177937613,25.0372933614365,25.1454254487159,25.3870229273887,25.1351320700124,25.1814441360816,25.0939482126385,25.2380193782588,25.1557177937613,25.2431610348875,25.1608635787557,25.3305297988212,25.2740055641272,25.5409373888032,25.6639033048348,25.643419186549,25.7662628184848,25.6946218424375,25.7099776754511,25.6075621671384,25.7611472578112,25.622930990963,25.6280534222343,25.6382975199907,25.7048593188521,25.6792637192269,25.7048593188521,25.7662628184848,25.8582995191601,25.8020646344419,25.8531885241579,25.8327420103839,25.7662628184848,25.6639033048348,25.6843833481574,25.6741438357205,25.6997407078597,25.4999160630027,25.5614419170025,25.6075621671384,25.5460639041067,25.4845288451903,25.5409373888032,25.643419186549,25.4691393236678,25.3972910671794,25.2637250847104,25.5050446238429,25.5614419170025,25.6075621671384,25.6843833481574,25.6075621671384,25.5870668306474,25.5255563093646,25.6792637192269,25.8378540189647,25.6843833481574,25.8225172327306,25.7406824748218,25.6895027225489,25.669023697602,25.7304485586408,25.6485405982759,25.6792637192269,25.6639033048348,25.6997407078597,25.643419186549,25.6587826573823,25.7202136256143,25.6792637192269,25.6485405982759,25.6587826573823,25.6485405982759,25.6792637192269,25.6536617552083,25.6382975199907,25.643419186549,25.5973150092137,25.602438715738,25.622930990963,25.4999160630027,25.5665674104186,25.6843833481574,25.6895027225489,25.6536617552083,25.7560314431445,25.6587826573823,25.6741438357205,25.6280534222343,25.6485405982759,25.5819423585322,25.6485405982759,25.6741438357205,25.6280534222343,25.6843833481574,25.6382975199907,25.602438715738,25.669023697602,25.6331755985647,25.6895027225489,25.6536617552083,25.6485405982759,25.5614419170025,25.5665674104186,25.5921910475291,25.5973150092137,25.6536617552083,25.622930990963,25.5921910475291,25.6536617552083,25.6075621671384,25.5973150092137,25.6331755985647,25.6331755985647,25.5614419170025,25.6178083047144,25.5973150092137,25.6331755985647,25.6382975199907,25.4845288451903,25.5255563093646,25.4588783623232,25.4793992606996,25.4999160630027,25.4537474974415,25.4434849990752,25.5204287715866,25.5358106179362,25.4280893294658,25.5358106179362,25.4280893294658,25.6792637192269,25.6741438357205,25.7099776754511,25.7202136256143,25.6792637192269,25.6997407078597,25.7406824748218,25.7969508507036,25.6997407078597,25.7969508507036,25.7253312192514,25.7816079769097,25.7457990516862,25.7202136256143,25.715095777693,25.7406824748218,25.6843833481574,25.6587826573823,25.6280534222343,25.5409373888032,25.5665674104186,25.6485405982759,25.5921910475291,25.5204287715866,25.6280534222343,25.5768176311468,25.464008971053,25.4280893294658,25.5358106179362,25.4845288451903,25.4896581737131,25.5101729288625,25.4537474974415,25.5204287715866,25.5255563093646,25.4434849990752,25.4588783623232,25.4742694202044,25.5153009780981,25.3510763511273,25.3408035889768,25.3562123467933,25.4332214756594,25.4486163763711,25.4537474974415,25.4229569268991,25.4896581737131,25.5614419170025,25.5614419170025,25.4332214756594,25.5768176311468,25.6126853634517,25.7048593188521,25.7713781252015,25.7048593188521,25.6178083047144,25.6280534222343,25.8480772758155,25.7253312192514,25.6997407078597,25.7816079769097,25.8889601710514,25.9349340679388,25.9910965851406,26.0931320526798,25.9451477081579,26.0421269192526,26.0982311813659,25.996200753606,26.0829330403271,26.0880326723456,26.0013046697413,26.0115117451654,26.1135270578924,26.1186251803434,26.0115117451654,26.0064083335824
25.4588783623232,25.5050446238429,25.4383533655169,25.3664835674914,25.4332214756594,25.3870229273887,25.4229569268991,25.4075581805922,25.4793992606996,25.4845288451903,25.4845288451903,25.3767537609245,25.5050446238429,25.3972910671794,25.5101729288625,25.3305297988212,25.258584458684,25.258584458684,25.2637250847104,25.3048408239653,25.3510763511273,25.3408035889768,25.4024247521646,25.4126913524992,25.2637250847104,24.9702971889533,24.9806071469274,25.0887990663117,25.2328774638867,24.9960701368761,25.0836496611589,25.1608635787557,25.1196900631945,25.3356668224182,25.14027888859,25.2431610348875,25.1711543738743,25.1711543738743,25.0321413659635,25.2431610348875,25.2020205629554,25.2534435750629,25.2328774638867,25.1196900631945,25.1814441360816,25.5973150092137,25.6587826573823,25.6792637192269,25.6178083047144,25.7611472578112,25.6639033048348,25.7764931779977,25.6946218424375,25.715095777693,25.7560314431445,25.6895027225489,25.6843833481574,25.7713781252015,25.7048593188521,25.8327420103839,25.8787409664887,25.7304485586408,25.8378540189647,25.7202136256143,25.6792637192269,25.5973150092137,25.6639033048348,25.6741438357205,25.6178083047144,25.6126853634517,25.6895027225489,25.7048593188521,25.5101729288625,25.5153009780981,25.4537474974415,25.4229569268991,25.4691393236678,25.3818884725093,25.4434849990752,25.5153009780981,25.5665674104186,25.6792637192269,25.7406824748218,25.6946218424375,25.5204287715866,25.4691393236678,25.7202136256143,25.7764931779977,25.6792637192269,25.6946218424375,25.5921910475291,25.6946218424375,25.6587826573823,25.6536617552083,25.6639033048348,25.5716926484544,25.5973150092137,25.7406824748218,25.6639033048348,25.6536617552083,25.6536617552083,25.6895027225489,25.6792637192269,25.5819423585322,25.6331755985647,25.6075621671384,25.5716926484544,25.5921910475291,25.5665674104186,25.6126853634517,25.5973150092137,25.5460639041067,25.622930990963,25.4896581737131,25.6639033048348,25.6331755985647,25.7509153744483,25.7202136256143,25.6946218424375,25.6895027225489,25.5716926484544,25.5358106179362,25.5665674104186,25.5870668306474,25.6382975199907,25.6946218424375,25.6946218424375,25.6536617552083,25.6639033048348,25.5819423585322,25.6843833481574,25.6331755985647,25.5819423585322,25.643419186549,25.6485405982759,25.602438715738,25.669023697602,25.5921910475291,25.6178083047144,25.6178083047144,25.6382975199907,25.669023697602,25.6280534222343,25.5665674104186,25.5050446238429,25.5665674104186,25.5819423585322,25.6485405982759,25.5614419170025,25.5409373888032,25.4793992606996,25.494787246305,25.4434849990752,25.4024247521646,25.4229569268991,25.4280893294658,25.4229569268991,25.4793992606996,25.5973150092137,25.5101729288625,25.4383533655169,25.5306835914689,25.6639033048348,25.7048593188521,25.6741438357205,25.6997407078597,25.643419186549,25.7509153744483,25.715095777693,25.7253312192514,25.6997407078597,25.7202136256143,25.622930990963,25.6536617552083,25.6895027225489,25.7764931779977,25.8071781644774,25.7918368132263,25.6895027225489,25.715095777693,25.669023697602,25.6997407078597,25.6741438357205,25.6126853634517,25.6639033048348,25.602438715738,25.6382975199907,25.6331755985647,25.5153009780981,25.4588783623232,25.4486163763711,25.5409373888032,25.494787246305,25.5050446238429,25.4793992606996,25.464008971053,25.4280893294658,25.5614419170025,25.4691393236678,25.4383533655169,25.4999160630027,25.2894243522202,25.3048408239653,25.3202549803643,25.3870229273887,25.3767537609245,25.3716187925976,25.4486163763711,25.5204287715866,25.5204287715866,25.5255563093646,25.4691393236678,25.5614419170025,25.6382975199907,25.5511901638832,25.6178083047144,25.5973150092137,25.6587826573823,25.7253312192514,25.5973150092137,25.669023697602,25.6741438357205,25.7509153744483,25.7048593188521,25.8174044635856,25.9451477081579,25.9042870798318,25.9502541492142,26.0982311813659,26.0115117451654,26.0370250204644,26.0013046697413,26.0013046697413,26.0421269192526,25.996200753606,26.0268204667242,26.1033300584395,25.9706773872579,26.0472285660339,26.0115117451654
25.3767537609245,25.5204287715866,25.4383533655169,25.4588783623232,25.4537474974415,25.3972910671794,25.3613480855689,25.4332214756594,25.3921571255997,25.3870229273887,25.494787246305,25.4024247521646,25.5153009780981,25.3921571255997,25.4332214756594,25.3305297988212,25.258584458684,25.3202549803643,25.4434849990752,25.2688654531791,25.2791454175921,25.258584458684,25.3767537609245,25.4332214756594,25.2945634334578,25.1042457289643,25.0218365972651,25.1557177937613,25.325392518149,25.3151171854302,25.1557177937613,25.1968768433364,25.1608635787557,25.2071640245704,25.2997022573604,25.258584458684,25.1454254487159,25.2225928617629,25.0424450977087,25.0424450977087,25.0269891112523,25.0527477928007,25.2791454175921,25.1351320700124,25.3870229273887,25.5665674104186,25.6792637192269,25.622930990963,25.6997407078597,25.6741438357205,25.7253312192514,25.6895027225489,25.6741438357205,25.6843833481574,25.7713781252015,25.669023697602,25.7713781252015,25.643419186549,25.7713781252015,25.7764931779977,25.7662628184848,25.7560314431445,25.5973150092137,25.669023697602,25.7662628184848,25.643419186549,25.6382975199907,25.643419186549,25.5460639041067,25.494787246305,25.602438715738,25.5973150092137,25.4999160630027,25.4845288451903,25.4126913524992,25.4280893294658,25.5204287715866,25.4332214756594,25.5153009780981,25.5358106179362,25.6639033048348,25.6178083047144,25.6946218424375,25.7048593188521,25.6331755985647,25.6075621671384,25.643419186549,25.7304485586408,25.5973150092137,25.6843833481574,25.6536617552083,25.6536617552083,25.6126853634517,25.6792637192269,25.6280534222343,25.6895027225489,25.6485405982759,25.6075621671384,25.6587826573823,25.5716926484544,25.6843833481574,25.6895027225489,25.6280534222343,25.643419186549,25.7253312192514,25.622930990963,25.5358106179362,25.5563161681696,25.5973150092137,25.5921910475291,25.602438715738,25.5204287715866,25.5870668306474,25.602438715738,25.6178083047144,25.7048593188521,25.7099776754511,25.8071781644774,25.6843833481574,25.5921910475291,25.6741438357205,25.622930990963,25.6075621671384,25.669023697602,25.6536617552083,25.6587826573823,25.6331755985647,25.6792637192269,25.6843833481574,25.6741438357205,25.6587826573823,25.602438715738,25.669023697602,25.622930990963,25.6075621671384,25.6331755985647,25.5870668306474,25.6331755985647,25.5870668306474,25.5973150092137,25.643419186549,25.6536617552083,25.6126853634517,25.6485405982759,25.5511901638832,25.4999160630027,25.5614419170025,25.5050446238429,25.5306835914689,25.4896581737131,25.5511901638832,25.4691393236678,25.5358106179362,25.4280893294658,25.5204287715866,25.4280893294658,25.5358106179362,25.5306835914689,25.4280893294658,25.5204287715866,25.4742694202044,25.6075621671384,25.6895027225489,25.7253312192514,25.6843833481574,25.6792637192269,25.6639033048348,25.6997407078597,25.715095777693,25.6843833481574,25.715095777693,25.7662628184848,25.6382975199907,25.6792637192269,25.4896581737131,25.6895027225489,25.715095777693,25.7099776754511,25.7253312192514,25.7509153744483,25.6639033048348,25.6639033048348,25.7662628184848,25.6843833481574,25.6741438357205,25.6280534222343,25.6280534222343,25.5255563093646,25.5665674104186,25.464008971053,25.4845288451903,25.4896581737131,25.5101729288625,25.5255563093646,25.5153009780981,25.5358106179362,25.494787246305,25.4075581805922,25.4588783623232,25.4845288451903,25.4126913524992,25.4588783623232,25.4126913524992,25.5204287715866,25.4434849990752,25.3818884725093,25.3921571255997,25.494787246305,25.4126913524992,25.5409373888032,25.6075621671384,25.622930990963,25.6843833481574,25.6792637192269,25.6997407078597,25.6946218424375,25.6946218424375,25.6792637192269,25.6792637192269,25.7918368132263,25.6792637192269,25.6843833481574,25.7662628184848,25.6843833481574,25.8940693936838,26.0268204667242,25.9808874910754,26.0268204667242,26.0523299608444,26.0472285660339,26.016614904526,26.016614904526,26.1033300584395,25.985992164309,26.1288206708731,26.0217178117003,26.0064083335824,26.0013046697413,26.0880326723456,25.9042870798318
25.5255563093646,25.4332214756594,25.5255563093646,25.5204287715866,25.3716187925976,25.3459400985342,25.3562123467933,25.5511901638832,25.464008971053,25.3510763511273,25.4793992606996,25.4383533655169,25.3818884725093,25.4178242679226,25.5255563093646,25.4999160630027,25.4024247521646,25.2431610348875,25.2637250847104,25.2123072282184,25.258584458684,25.1660091054476,25.3972910671794,25.4486163763711,25.1814441360816,25.1196900631945,25.1093940990381,25.2894243522202,25.3921571255997,25.325392518149,25.3972910671794,25.2071640245704,25.1299849929454,25.1762993840732,25.1711543738743,25.2123072282184,25.2225928617629,25.0990971001769,24.9651418204509,25.0733500742259,25.0836496611589,25.3510763511273,25.3613480855689,25.3716187925976,25.602438715738,25.6382975199907,25.6485405982759,25.6178083047144,25.6126853634517,25.643419186549,25.5819423585322,25.7202136256143,25.7457990516862,25.7253312192514,25.6843833481574,25.6895027225489,25.7816079769097,25.6792637192269,25.643419186549,25.6485405982759,25.643419186549,25.5921910475291,25.6075621671384,25.6536617552083,25.669023697602,25.6536617552083,25.6536617552083,25.7253312192514,25.5358106179362,25.5050446238429,25.602438715738,25.6382975199907,25.6536617552083,25.4691393236678,25.4793992606996,25.5204287715866,25.4229569268991,25.5409373888032,25.3921571255997,25.6178083047144,25.6997407078597,25.6536617552083,25.6485405982759,25.6485405982759,25.5716926484544,25.643419186549,25.6178083047144,25.6587826573823,25.6075621671384,25.5409373888032,25.5973150092137,25.5409373888032,25.6382975199907,25.8020646344419,25.6997407078597,25.669023697602,25.7048593188521,25.6382975199907,25.6639033048348,25.602438715738,25.6178083047144,25.6792637192269,25.7304485586408,25.6792637192269,25.6587826573823,25.5819423585322,25.5409373888032,25.5870668306474,25.5204287715866,25.6126853634517,25.5255563093646,25.5716926484544,25.4896581737131,25.5665674104186,25.5716926484544,25.5665674104186,25.5563161681696,25.6126853634517,25.5819423585322,25.5306835914689,25.5101729288625,25.5511901638832,25.6536617552083,25.5973150092137,25.6536617552083,25.6792637192269,25.7099776754511,25.5050446238429,25.5973150092137,25.6485405982759,25.6741438357205,25.622930990963,25.6126853634517,25.643419186549,25.6331755985647,25.622930990963,25.6331755985647,25.6075621671384,25.5665674104186,25.5614419170025,25.5716926484544,25.6587826573823,25.6331755985647,25.6075621671384,25.6639033048348,25.6536617552083,25.5973150092137,25.5511901638832,25.4845288451903,25.494787246305,25.4793992606996,25.5050446238429,25.4588783623232,25.4537474974415,25.5204287715866,25.5306835914689,25.5306835914689,25.5204287715866,25.5614419170025,25.5204287715866,25.643419186549,25.5921910475291,25.6280534222343,25.6895027225489,25.6126853634517,25.6946218424375,25.6895027225489,25.6741438357205,25.7355656438188,25.7457990516862,25.6587826573823,25.6843833481574,25.669023697602,25.6587826573823,25.6639033048348,25.6997407078597,25.6895027225489,25.6895027225489,25.7099776754511,25.7202136256143,25.7713781252015,25.6895027225489,25.6741438357205,25.6587826573823,25.6075621671384,25.5819423585322,25.464008971053,25.5870668306474,25.643419186549,25.5511901638832,25.494787246305,25.5409373888032,25.494787246305,25.3870229273887,25.4486163763711,25.4896581737131,25.4793992606996,25.4896581737131,25.5255563093646,25.464008971053,25.4126913524992,25.4280893294658,25.3613480855689,25.3151171854302,25.4434849990752,25.3818884725093,25.4486163763711,25.464008971053,25.4280893294658,25.4999160630027,25.494787246305,25.622930990963,25.6485405982759,25.6843833481574,25.6895027225489,25.6639033048348,25.8071781644774,25.5921910475291,25.6126853634517,25.6485405982759,25.6485405982759,25.5563161681696,25.6382975199907,25.7713781252015,25.8991783632653,25.996200753606,25.9808874910754,26.0013046697413,26.0370250204644,26.0472285660339,26.0421269192526,26.1084286839364,26.1950668608041,26.1186251803434,25.996200753606,26.0268204667242,26.123723051325,26.2358126634888,26.0829330403271,25.985992164309
25.4896581737131,25.4178242679226,25.4537474974415,25.5050446238429,25.4434849990752,25.4229569268991,25.494787246305,25.5614419170025,25.5255563093646,25.2225928617629,25.3613480855689,25.3459400985342,25.3767537609245,25.464008971053,25.4537474974415,25.3716187925976,25.3202549803643,25.3202549803643,25.4126913524992,25.2380193782588,25.3870229273887,25.2894243522202,25.3510763511273,25.4742694202044,25.2791454175921,25.1145422104357,25.0939482126385,25.2483024338098,25.4075581805922,25.3510763511273,25.4075581805922,25.2740055641272,25.1196900631945,25.2637250847104,25.3408035889768,25.3408035889768,25.3408035889768,25.0630494515398,25.0115307913128,25.14027888859,25.1351320700124,25.3408035889768,25.3613480855689,25.5204287715866,25.6178083047144,25.5973150092137,25.602438715738,25.6178083047144,25.6075621671384,25.5921910475291,25.494787246305,25.6587826573823,25.6741438357205,25.7867225219738,25.6895027225489,25.5563161681696,25.5768176311468,25.5409373888032,25.5870668306474,25.464008971053,25.6178083047144,25.6280534222343,25.6178083047144,25.622930990963,25.6485405982759,25.5460639041067,25.5511901638832,25.5870668306474,25.4486163763711,25.4999160630027,25.494787246305,25.6075621671384,25.6895027225489,25.6741438357205,25.5101729288625,25.3818884725093,25.3767537609245,25.4793992606996,25.3716187925976,25.6178083047144,25.602438715738,25.6639033048348,25.6639033048348,25.5870668306474,25.5716926484544,25.6075621671384,25.5665674104186,25.464008971053,25.4024247521646,25.5665674104186,25.6587826573823,25.6382975199907,25.6280534222343,25.6843833481574,25.6280534222343,25.643419186549,25.6997407078597,25.6587826573823,25.6382975199907,25.6485405982759,25.6382975199907,25.715095777693,25.7202136256143,25.6485405982759,25.7202136256143,25.5101729288625,25.5716926484544,25.5973150092137,25.5358106179362,25.4999160630027,25.5819423585322,25.5050446238429,25.5511901638832,25.4896581737131,25.4896581737131,25.5358106179362,25.5921910475291,25.5870668306474,25.622930990963,25.6331755985647,25.6075621671384,25.5921910475291,25.5306835914689,25.6382975199907,25.5101729288625,25.6639033048348,25.622930990963,25.6587826573823,25.6126853634517,25.6639033048348,25.6280534222343,25.5921910475291,25.6382975199907,25.6331755985647,25.6587826573823,25.6587826573823,25.6126853634517,25.6075621671384,25.6485405982759,25.7406824748218,25.5819423585322,25.602438715738,25.5768176311468,25.5973150092137,25.6075621671384,25.5255563093646,25.4434849990752,25.4793992606996,25.4896581737131,25.5153009780981,25.5614419170025,25.4896581737131,25.4793992606996,25.5358106179362,25.4229569268991,25.4229569268991,25.5306835914689,25.5460639041067,25.5614419170025,25.494787246305,25.5460639041067,25.5716926484544,25.5768176311468,25.602438715738,25.6126853634517,25.6895027225489,25.6178083047144,25.6946218424375,25.5921910475291,25.7304485586408,25.6741438357205,25.6587826573823,25.7611472578112,25.6843833481574,25.643419186549,25.669023697602,25.6895027225489,25.7918368132263,25.6946218424375,25.6843833481574,25.6946218424375,25.6997407078597,25.7560314431445,25.643419186549,25.7202136256143,25.602438715738,25.4537474974415,25.5870668306474,25.6331755985647,25.5358106179362,25.5460639041067,25.5409373888032,25.3716187925976,25.4793992606996,25.4793992606996,25.5255563093646,25.4126913524992,25.464008971053,25.4280893294658,25.4075581805922,25.5101729288625,25.4280893294658,25.4383533655169,25.3716187925976,25.4024247521646,25.3972910671794,25.3921571255997,25.4024247521646,25.643419186549,25.4229569268991,25.464008971053,25.6485405982759,25.5614419170025,25.669023697602,25.7048593188521,25.6587826573823,25.7304485586408,25.6331755985647,25.6485405982759,25.6997407078597,25.6178083047144,25.5563161681696,25.8174044635856,25.7099776754511,25.8838506953317,25.9604662734002,25.9145037540644,25.9451477081579,25.9247194166704,26.0064083335824,25.9757825654037,26.016614904526,26.0319228696336,26.0472285660339,26.0931320526798,26.0064083335824,25.985992164309,26.0676326338092,25.9502541492142,25.9553603376162
25.2225928617629,25.4075581805922,25.5204287715866,25.4588783623232,25.4178242679226,25.3716187925976,25.494787246305,25.5614419170025,25.4024247521646,25.3510763511273,25.3664835674914,25.3664835674914,25.4383533655169,25.4588783623232,25.3767537609245,25.4229569268991,25.3818884725093,25.2534435750629,25.3202549803643,25.3151171854302,25.3921571255997,25.3818884725093,25.464008971053,25.3510763511273,25.325392518149,25.3048408239653,25.1196900631945,25.258584458684,25.325392518149,25.4024247521646,25.4024247521646,25.2740055641272,25.1660091054476,25.1711543738743,25.1968768433364,25.3562123467933,25.2997022573604,25.124837657352,25.0990971001769,25.2328774638867,25.2637250847104,25.2688654531791,25.602438715738,25.5255563093646,25.4486163763711,25.622930990963,25.6639033048348,25.669023697602,25.602438715738,25.494787246305,25.5511901638832,25.669023697602,25.8225172327306,25.7713781252015,25.7713781252015,25.6639033048348,25.6126853634517,25.6331755985647,25.6126853634517,25.5870668306474,25.6178083047144,25.4896581737131,25.6178083047144,25.602438715738,25.4537474974415,25.5460639041067,25.5306835914689,25.5255563093646,25.5870668306474,25.5255563093646,25.5101729288625,25.5665674104186,25.6280534222343,25.5255563093646,25.5255563093646,25.4486163763711,25.4486163763711,25.3767537609245,25.3972910671794,25.6075621671384,25.6843833481574,25.6178083047144,25.6741438357205,25.6792637192269,25.602438715738,25.643419186549,25.5204287715866,25.5050446238429,25.4588783623232,25.3972910671794,25.5768176311468,25.643419186549,25.5460639041067,25.6331755985647,25.6895027225489,25.7048593188521,25.7099776754511,25.6946218424375,25.6639033048348,25.6280534222343,25.7355656438188,25.6178083047144,25.7253312192514,25.6485405982759,25.6178083047144,25.622930990963,25.5768176311468,25.5921910475291,25.669023697602,25.6946218424375,25.602438715738,25.4999160630027,25.5409373888032,25.5204287715866,25.464008971053,25.4793992606996,25.5665674104186,25.4999160630027,25.5563161681696,25.5153009780981,25.3356668224182,25.3459400985342,25.4332214756594,25.5101729288625,25.4999160630027,25.6843833481574,25.6485405982759,25.6331755985647,25.6280534222343,25.622930990963,25.7202136256143,25.6075621671384,25.5921910475291,25.5614419170025,25.5973150092137,25.5870668306474,25.6895027225489,25.602438715738,25.5870668306474,25.6331755985647,25.5563161681696,25.5870668306474,25.5819423585322,25.5460639041067,25.5460639041067,25.5768176311468,25.5153009780981,25.494787246305,25.4383533655169,25.4486163763711,25.6536617552083,25.4845288451903,25.4793992606996,25.4537474974415,25.4229569268991,25.3972910671794,25.4434849990752,25.4896581737131,25.5306835914689,25.5614419170025,25.5460639041067,25.5819423585322,25.5921910475291,25.669023697602,25.6639033048348,25.622930990963,25.5921910475291,25.7202136256143,25.6843833481574,25.6997407078597,25.6639033048348,25.7048593188521,25.669023697602,25.5255563093646,25.6382975199907,25.6997407078597,25.7355656438188,25.7253312192514,25.6843833481574,25.6895027225489,25.7662628184848,25.7509153744483,25.6946218424375,25.6485405982759,25.5819423585322,25.6382975199907,25.464008971053,25.6536617552083,25.6485405982759,25.5870668306474,25.5511901638832,25.494787246305,25.5563161681696,25.4793992606996,25.5204287715866,25.4229569268991,25.4383533655169,25.4024247521646,25.4075581805922,25.4691393236678,25.4793992606996,25.3972910671794,25.4383533655169,25.3562123467933,25.4178242679226,25.5665674104186,25.3818884725093,25.4845288451903,25.4896581737131,25.5716926484544,25.5409373888032,25.602438715738,25.6741438357205,25.622930990963,25.6485405982759,25.7202136256143,25.7253312192514,25.6741438357205,25.6843833481574,25.6485405982759,25.7048593188521,25.6382975199907,25.7099776754511,25.7202136256143,25.9451477081579,25.8889601710514,26.0370250204644,25.985992164309,26.0064083335824,26.0268204667242,26.0370250204644,25.996200753606,26.0421269192526,26.1288206708731,26.159401110059,26.1339180390234,26.0931320526798,26.1135270578924,25.9655719566022,26.0319228696336
25.6126853634517,25.4178242679226,25.5358106179362,25.4229569268991,25.4280893294658,25.3716187925976,25.4075581805922,25.3870229273887,25.3408035889768,25.3870229273887,25.3818884725093,25.4793992606996,25.3767537609245,25.4332214756594,25.3870229273887,25.3870229273887,25.4434849990752,25.3510763511273,25.2328774638867,25.4537474974415,25.4383533655169,25.3921571255997,25.4280893294658,25.3305297988212,25.3202549803643,25.2483024338098,25.2483024338098,25.2380193782588,25.3921571255997,25.3972910671794,25.3613480855689,25.2740055641272,25.2431610348875,25.1968768433364,25.3048408239653,25.2945634334578,25.3305297988212,25.1814441360816,25.2071640245704,25.2483024338098,25.2945634334578,25.3151171854302,25.5768176311468,25.5665674104186,25.6997407078597,25.5973150092137,25.6997407078597,25.6331755985647,25.5921910475291,25.715095777693,25.602438715738,25.7048593188521,25.6895027225489,25.5870668306474,25.7099776754511,25.6178083047144,25.643419186549,25.6741438357205,25.5921910475291,25.6587826573823,25.6126853634517,25.5204287715866,25.5153009780981,25.6485405982759,25.4742694202044,25.6382975199907,25.5614419170025,25.5870668306474,25.494787246305,25.6075621671384,25.6331755985647,25.6485405982759,25.602438715738,25.5563161681696,25.5511901638832,25.5409373888032,25.464008971053,25.4383533655169,25.3921571255997,25.5921910475291,25.5819423585322,25.6895027225489,25.6946218424375,25.6895027225489,25.6792637192269,25.622930990963,25.5768176311468,25.4845288451903,25.4793992606996,25.5563161681696,25.622930990963,25.6741438357205,25.6536617552083,25.6382975199907,25.6382975199907,25.715095777693,25.7355656438188,25.6997407078597,25.669023697602,25.5204287715866,25.602438715738,25.622930990963,25.6280534222343,25.5870668306474,25.6126853634517,25.5665674104186,25.6280534222343,25.5563161681696,25.622930990963,25.5358106179362,25.4999160630027,25.4999160630027,25.6382975199907,25.6075621671384,25.5870668306474,25.5716926484544,25.6126853634517,25.5358106179362,25.5050446238429,25.464008971053,25.4896581737131,25.4229569268991,25.5255563093646,25.5716926484544,25.4896581737131,25.6075621671384,25.5614419170025,25.5563161681696,25.669023697602,25.622930990963,25.6485405982759,25.6382975199907,25.5716926484544,25.5614419170025,25.602438715738,25.5614419170025,25.6946218424375,25.6075621671384,25.602438715738,25.6075621671384,25.5306835914689,25.5409373888032,25.4383533655169,25.7355656438188,25.5665674104186,25.4332214756594,25.5614419170025,25.5716926484544,25.5306835914689,25.4486163763711,25.4332214756594,25.4588783623232,25.5101729288625,25.5153009780981,25.5050446238429,25.4229569268991,25.4845288451903,25.4793992606996,25.6536617552083,25.5614419170025,25.5563161681696,25.5921910475291,25.6741438357205,25.6792637192269,25.6895027225489,25.6946218424375,25.6843833481574,25.6792637192269,25.6741438357205,25.6792637192269,25.6075621671384,25.6639033048348,25.6075621671384,25.6126853634517,25.6178083047144,25.6280534222343,25.602438715738,25.6946218424375,25.6639033048348,25.7253312192514,25.7611472578112,25.7304485586408,25.6587826573823,25.6639033048348,25.6639033048348,25.6331755985647,25.622930990963,25.5819423585322,25.6382975199907,25.5973150092137,25.5973150092137,25.6075621671384,25.494787246305,25.4845288451903,25.5255563093646,25.3562123467933,25.5255563093646,25.4691393236678,25.4486163763711,25.4075581805922,25.4588783623232,25.3972910671794,25.3972910671794,25.3818884725093,25.3972910671794,25.3613480855689,25.6178083047144,25.4999160630027,25.602438715738,25.6280534222343,25.5204287715866,25.5255563093646,25.6843833481574,25.6843833481574,25.6536617552083,25.7509153744483,25.7457990516862,25.7355656438188,25.7406824748218,25.6895027225489,25.6895027225489,25.643419186549,25.6843833481574,25.7202136256143,25.8889601710514,25.9808874910754,25.9757825654037,25.9604662734002,25.9706773872579,25.996200753606,26.0115117451654,25.985992164309,26.0064083335824,26.0013046697413,26.0472285660339,26.016614904526,26.1186251803434,26.0778331565889,26.0931320526798,25.9655719566022
25.4793992606996,25.5460639041067,25.4332214756594,25.5101729288625,25.5716926484544,25.4537474974415,25.3921571255997,25.4126913524992,25.4742694202044,25.5409373888032,25.4588783623232,25.4588783623232,25.4845288451903,25.464008971053,25.4742694202044,25.3972910671794,25.258584458684,25.3459400985342,25.4537474974415,25.4229569268991,25.3151171854302,25.4024247521646,25.3459400985342,25.2225928617629,25.3151171854302,25.2637250847104,25.124837657352,25.2945634334578,25.4024247521646,25.4075581805922,25.4229569268991,25.1608635787557,25.2380193782588,25.2020205629554,25.2791454175921,25.1145422104357,25.325392518149,25.3151171854302,25.2174501739369,25.2431610348875,25.3510763511273,25.3818884725093,25.4486163763711,25.4332214756594,25.6126853634517,25.6178083047144,25.6485405982759,25.6485405982759,25.6946218424375,25.6946218424375,25.7304485586408,25.602438715738,25.7355656438188,25.6075621671384,25.5819423585322,25.7457990516862,25.6382975199907,25.6485405982759,25.602438715738,25.6587826573823,25.6075621671384,25.5460639041067,25.5665674104186,25.5306835914689,25.494787246305,25.5101729288625,25.5768176311468,25.5665674104186,25.5716926484544,25.6280534222343,25.5716926484544,25.5768176311468,25.4588783623232,25.5819423585322,25.5921910475291,25.4896581737131,25.4280893294658,25.5768176311468,25.5870668306474,25.5511901638832,25.6075621671384,25.6382975199907,25.6536617552083,25.6587826573823,25.5973150092137,25.6178083047144,25.5870668306474,25.6126853634517,25.6126853634517,25.6382975199907,25.669023697602,25.5460639041067,25.5563161681696,25.5921910475291,25.5563161681696,25.7253312192514,25.7304485586408,25.6946218424375,25.669023697602,25.6639033048348,25.5973150092137,25.5973150092137,25.7406824748218,25.6075621671384,25.643419186549,25.602438715738,25.6178083047144,25.5716926484544,25.5460639041067,25.5255563093646,25.5409373888032,25.6075621671384,25.5306835914689,25.602438715738,25.5665674104186,25.4793992606996,25.5563161681696,25.5050446238429,25.4845288451903,25.5358106179362,25.4845288451903,25.3408035889768,25.4024247521646,25.5255563093646,25.5921910475291,25.5870668306474,25.5973150092137,25.4845288451903,25.6280534222343,25.5665674104186,25.5665674104186,25.4588783623232,25.5511901638832,25.5460639041067,25.6178083047144,25.5665674104186,25.7099776754511,25.5511901638832,25.494787246305,25.5716926484544,25.5101729288625,25.602438715738,25.5306835914689,25.5716926484544,25.5665674104186,25.5358106179362,25.5204287715866,25.5768176311468,25.5768176311468,25.5306835914689,25.494787246305,25.5101729288625,25.5050446238429,25.4024247521646,25.4588783623232,25.5204287715866,25.5460639041067,25.5665674104186,25.6639033048348,25.5665674104186,25.5563161681696,25.6639033048348,25.602438715738,25.5819423585322,25.643419186549,25.5973150092137,25.7355656438188,25.5973150092137,25.6178083047144,25.669023697602,25.6997407078597,25.6997407078597,25.7253312192514,25.6178083047144,25.602438715738,25.5819423585322,25.6075621671384,25.643419186549,25.6587826573823,25.669023697602,25.7457990516862,25.7253312192514,25.622930990963,25.6485405982759,25.6126853634517,25.622930990963,25.6485405982759,25.5511901638832,25.7099776754511,25.6075621671384,25.5973150092137,25.5050446238429,25.5768176311468,25.4896581737131,25.4742694202044,25.3818884725093,25.4434849990752,25.4486163763711,25.4126913524992,25.3510763511273,25.3048408239653,25.1762993840732,25.3972910671794,25.3356668224182,25.3972910671794,25.5563161681696,25.2842850136107,25.4999160630027,25.5204287715866,25.6843833481574,25.5563161681696,25.5409373888032,25.5563161681696,25.6741438357205,25.6792637192269,25.6178083047144,25.6382975199907,25.7253312192514,25.7253312192514,25.6331755985647,25.6895027225489,25.4793992606996,25.6280534222343,25.8736309844862,25.9910965851406,25.8940693936838,25.9298268687038,25.9502541492142,26.0625319946962,26.0064083335824,26.0268204667242,26.0217178117003,26.0472285660339,26.0625319946962,26.0370250204644,26.0370250204644,26.1084286839364,26.0778331565889,26.0523299608444,25.9604662734002
25.6587826573823,25.643419186549,25.5563161681696,25.5050446238429,25.5870668306474,25.5153009780981,25.5204287715866,25.3510763511273,25.4178242679226,25.4793992606996,25.4896581737131,25.3562123467933,25.4793992606996,25.5050446238429,25.5768176311468,25.4742694202044,25.3870229273887,25.325392518149,25.4486163763711,25.4537474974415,25.3716187925976,25.3408035889768,25.258584458684,25.325392518149,25.3099791333095,25.4075581805922,25.3459400985342,25.325392518149,25.3408035889768,25.4075581805922,25.3305297988212,25.3459400985342,25.2688654531791,25.2328774638867,25.2842850136107,25.4691393236678,25.3664835674914,25.4896581737131,25.2380193782588,25.3202549803643,25.5050446238429,25.4537474974415,25.4999160630027,25.4588783623232,25.7406824748218,25.7304485586408,25.7253312192514,25.7202136256143,25.715095777693,25.6587826573823,25.715095777693,25.6178083047144,25.5973150092137,25.6126853634517,25.6126853634517,25.7611472578112,25.7253312192514,25.6741438357205,25.6126853634517,25.602438715738,25.5563161681696,25.5973150092137,25.5870668306474,25.5973150092137,25.6587826573823,25.7202136256143,25.5921910475291,25.5665674104186,25.6741438357205,25.6639033048348,25.6536617552083,25.5921910475291,25.5153009780981,25.4845288451903,25.5409373888032,25.3921571255997,25.4793992606996,25.5973150092137,25.602438715738,25.4229569268991,25.5153009780981,25.5255563093646,25.643419186549,25.6126853634517,25.494787246305,25.6126853634517,25.6382975199907,25.6331755985647,25.5921910475291,25.643419186549,25.6741438357205,25.622930990963,25.5819423585322,25.6843833481574,25.7713781252015,25.6587826573823,25.7099776754511,25.6075621671384,25.6178083047144,25.5870668306474,25.5870668306474,25.5870668306474,25.4896581737131,25.5306835914689,25.6280534222343,25.5614419170025,25.494787246305,25.5050446238429,25.602438715738,25.5563161681696,25.5204287715866,25.643419186549,25.7304485586408,25.6126853634517,25.602438715738,25.5614419170025,25.4793992606996,25.5101729288625,25.5614419170025,25.5460639041067,25.5050446238429,25.3562123467933,25.3767537609245,25.4896581737131,25.5460639041067,25.5255563093646,25.4691393236678,25.6126853634517,25.5921910475291,25.622930990963,25.6895027225489,25.6126853634517,25.5614419170025,25.5921910475291,25.4588783623232,25.5563161681696,25.5409373888032,25.6178083047144,25.6178083047144,25.4845288451903,25.5973150092137,25.5563161681696,25.5614419170025,25.5460639041067,25.5614419170025,25.5665674104186,25.5255563093646,25.4793992606996,25.4845288451903,25.4332214756594,25.4383533655169,25.4178242679226,25.494787246305,25.464008971053,25.4486163763711,25.4178242679226,25.5153009780981,25.6331755985647,25.6536617552083,25.6280534222343,25.6280534222343,25.6639033048348,25.602438715738,25.5973150092137,25.6178083047144,25.6280534222343,25.6075621671384,25.6587826573823,25.6997407078597,25.6280534222343,25.6280534222343,25.6536617552083,25.6485405982759,25.6792637192269,25.6178083047144,25.643419186549,25.6895027225489,25.7202136256143,25.7406824748218,25.7304485586408,25.6485405982759,25.6485405982759,25.6331755985647,25.6331755985647,25.7457990516862,25.622930990963,25.6178083047144,25.6331755985647,25.5819423585322,25.5973150092137,25.622930990963,25.5358106179362,25.6280534222343,25.6280534222343,25.5050446238429,25.5101729288625,25.4486163763711,25.4024247521646,25.3870229273887,25.3305297988212,25.2894243522202,25.3356668224182,25.2997022573604,25.3356668224182,25.3356668224182,25.5358106179362,25.5255563093646,25.5870668306474,25.5255563093646,25.5614419170025,25.5973150092137,25.6639033048348,25.6843833481574,25.6536617552083,25.6485405982759,25.6536617552083,25.6382975199907,25.7202136256143,25.7304485586408,25.6792637192269,25.643419186549,25.5973150092137,25.7099776754511,25.985992164309,25.9706773872579,26.0013046697413,26.0115117451654,26.0268204667242,25.9706773872579,26.0217178117003,25.985992164309,26.0676326338092,26.0727330210948,25.9910965851406,26.0625319946962,26.0931320526798,26.0319228696336,26.0880326723456,25.9604662734002,25.9757825654037
25.5614419170025,25.6792637192269,25.5563161681696,25.4896581737131,25.6485405982759,25.6382975199907,25.5255563093646,25.4793992606996,25.4229569268991,25.4999160630027,25.4126913524992,25.4691393236678,25.4896581737131,25.6382975199907,25.5665674104186,25.4024247521646,25.3613480855689,25.3767537609245,25.3664835674914,25.3562123467933,25.3921571255997,25.4075581805922,25.4024247521646,25.4178242679226,25.3459400985342,25.2431610348875,25.4486163763711,25.4126913524992,25.3408035889768,25.4024247521646,25.4280893294658,25.3459400985342,25.3305297988212,25.1557177937613,25.2842850136107,25.3818884725093,25.3818884725093,25.3408035889768,25.3459400985342,25.3408035889768,25.4588783623232,25.4742694202044,25.5255563093646,25.5819423585322,25.5973150092137,25.7406824748218,25.669023697602,25.7253312192514,25.7304485586408,25.669023697602,25.6485405982759,25.669023697602,25.5819423585322,25.4999160630027,25.4896581737131,25.6075621671384,25.7457990516862,25.6741438357205,25.7048593188521,25.643419186549,25.5768176311468,25.5819423585322,25.4332214756594,25.5306835914689,25.6075621671384,25.5306835914689,25.6280534222343,25.622930990963,25.5921910475291,25.5921910475291,25.6485405982759,25.5358106179362,25.6280534222343,25.4896581737131,25.4383533655169,25.4332214756594,25.5101729288625,25.6126853634517,25.6126853634517,25.5921910475291,25.6178083047144,25.6741438357205,25.5563161681696,25.669023697602,25.643419186549,25.5614419170025,25.5819423585322,25.6536617552083,25.7202136256143,25.643419186549,25.7304485586408,25.6178083047144,25.6792637192269,25.6587826573823,25.6895027225489,25.6741438357205,25.6382975199907,25.6280534222343,25.5973150092137,25.6485405982759,25.602438715738,25.6331755985647,25.5921910475291,25.5973150092137,25.6178083047144,25.5921910475291,25.622930990963,25.6280534222343,25.5050446238429,25.6178083047144,25.5306835914689,25.5306835914689,25.5716926484544,25.5768176311468,25.643419186549,25.7099776754511,25.494787246305,25.5153009780981,25.5050446238429,25.5204287715866,25.5511901638832,25.3459400985342,25.464008971053,25.494787246305,25.5819423585322,25.4537474974415,25.5306835914689,25.6075621671384,25.5716926484544,25.6280534222343,25.6997407078597,25.669023697602,25.5973150092137,25.5870668306474,25.602438715738,25.5460639041067,25.5870668306474,25.5768176311468,25.5921910475291,25.5870668306474,25.5973150092137,25.5973150092137,25.5973150092137,25.5665674104186,25.5819423585322,25.5870668306474,25.5460639041067,25.5153009780981,25.4332214756594,25.4332214756594,25.4999160630027,25.4280893294658,25.4383533655169,25.5255563093646,25.5768176311468,25.4178242679226,25.5921910475291,25.6178083047144,25.6639033048348,25.6895027225489,25.669023697602,25.643419186549,25.7048593188521,25.7457990516862,25.7048593188521,25.6895027225489,25.5973150092137,25.6587826573823,25.6382975199907,25.6126853634517,25.7509153744483,25.7099776754511,25.622930990963,25.5870668306474,25.6280534222343,25.6280534222343,25.6126853634517,25.6997407078597,25.6843833481574,25.7406824748218,25.6741438357205,25.7355656438188,25.643419186549,25.7253312192514,25.6331755985647,25.6485405982759,25.6075621671384,25.6946218424375,25.5768176311468,25.6331755985647,25.5409373888032,25.5255563093646,25.6178083047144,25.6331755985647,25.3408035889768,25.4588783623232,25.4383533655169,25.5153009780981,25.4793992606996,25.4280893294658,25.4691393236678,25.3408035889768,25.3972910671794,25.325392518149,25.3972910671794,25.4126913524992,25.5358106179362,25.669023697602,25.6382975199907,25.6485405982759,25.5973150092137,25.5563161681696,25.6895027225489,25.6485405982759,25.7355656438188,25.643419186549,25.7355656438188,25.7355656438188,25.6382975199907,25.6382975199907,25.7560314431445,25.6792637192269,25.7662628184848,25.9553603376162,25.9757825654037,25.985992164309,26.0115117451654,26.0064083335824,26.016614904526,25.9808874910754,25.9655719566022,26.0064083335824,26.0115117451654,26.0268204667242,26.0064083335824,26.0064083335824,26.0829330403271,26.0115117451654,26.0370250204644,25.9910965851406
25.5511901638832,25.5460639041067,25.6126853634517,25.4229569268991,25.5204287715866,25.4742694202044,25.5358106179362,25.464008971053,25.3921571255997,25.3972910671794,25.3767537609245,25.3202549803643,25.5050446238429,25.5460639041067,25.3767537609245,25.4178242679226,25.3613480855689,25.3613480855689,25.494787246305,25.4075581805922,25.4845288451903,25.3921571255997,25.3099791333095,25.3048408239653,25.2174501739369,25.4383533655169,25.4845288451903,25.5358106179362,25.3459400985342,25.4486163763711,25.3870229273887,25.4126913524992,25.2277352917338,25.1968768433364,25.258584458684,25.3664835674914,25.4126913524992,25.3562123467933,25.3510763511273,25.3562123467933,25.4537474974415,25.3818884725093,25.6178083047144,25.5921910475291,25.4999160630027,25.6587826573823,25.7304485586408,25.6331755985647,25.6895027225489,25.622930990963,25.643419186549,25.6946218424375,25.602438715738,25.4588783623232,25.6485405982759,25.6843833481574,25.622930990963,25.6792637192269,25.669023697602,25.5153009780981,25.5563161681696,25.5460639041067,25.5819423585322,25.5101729288625,25.7099776754511,25.6946218424375,25.6536617552083,25.6075621671384,25.5409373888032,25.4999160630027,25.5306835914689,25.5563161681696,25.5563161681696,25.5614419170025,25.4999160630027,25.4332214756594,25.5101729288625,25.6075621671384,25.6178083047144,25.6178083047144,25.602438715738,25.5870668306474,25.6382975199907,25.6587826573823,25.6536617552083,25.6587826573823,25.5768176311468,25.622930990963,25.6536617552083,25.6178083047144,25.5306835914689,25.5716926484544,25.6946218424375,25.6792637192269,25.6331755985647,25.7253312192514,25.6331755985647,25.6536617552083,25.5204287715866,25.5973150092137,25.6126853634517,25.669023697602,25.5409373888032,25.5768176311468,25.5973150092137,25.6126853634517,25.6126853634517,25.622930990963,25.622930990963,25.5358106179362,25.5204287715866,25.5768176311468,25.5204287715866,25.6178083047144,25.7099776754511,25.5921910475291,25.6126853634517,25.4024247521646,25.5921910475291,25.464008971053,25.4383533655169,25.5050446238429,25.4896581737131,25.4793992606996,25.5204287715866,25.5819423585322,25.4896581737131,25.5511901638832,25.5716926484544,25.643419186549,25.6536617552083,25.5819423585322,25.5973150092137,25.5153009780981,25.6178083047144,25.6075621671384,25.6178083047144,25.6126853634517,25.6587826573823,25.6280534222343,25.5973150092137,25.5255563093646,25.5665674104186,25.5409373888032,25.4332214756594,25.4999160630027,25.602438715738,25.5358106179362,25.4383533655169,25.464008971053,25.4332214756594,25.4280893294658,25.4075581805922,25.4691393236678,25.5460639041067,25.5563161681696,25.5973150092137,25.643419186549,25.7355656438188,25.6382975199907,25.6587826573823,25.6639033048348,25.5768176311468,25.6126853634517,25.6997407078597,25.6280534222343,25.6126853634517,25.622930990963,25.643419186549,25.602438715738,25.6536617552083,25.669023697602,25.5870668306474,25.6178083047144,25.6895027225489,25.622930990963,25.622930990963,25.6280534222343,25.6946218424375,25.7662628184848,25.6946218424375,25.6485405982759,25.6485405982759,25.7969508507036,25.6792637192269,25.7611472578112,25.6075621671384,25.622930990963,25.6280534222343,25.6075621671384,25.5716926484544,25.6280534222343,25.5716926484544,25.6280534222343,25.3870229273887,25.5153009780981,25.4999160630027,25.5358106179362,25.4434849990752,25.3818884725093,25.325392518149,25.3151171854302,25.3716187925976,25.3305297988212,25.4486163763711,25.4486163763711,25.5511901638832,25.643419186549,25.6485405982759,25.643419186549,25.5768176311468,25.5153009780981,25.622930990963,25.6587826573823,25.669023697602,25.6946218424375,25.7457990516862,25.7202136256143,25.6895027225489,25.7509153744483,25.6946218424375,25.643419186549,25.9145037540644,25.9757825654037,25.9910965851406,25.9757825654037,26.016614904526,26.0880326723456,26.0319228696336,26.1135270578924,26.0982311813659,26.0778331565889,26.016614904526,26.1135270578924,26.0880326723456,26.0268204667242,26.0727330210948,26.1339180390234,25.996200753606,25.9910965851406
25.5358106179362,25.4999160630027,25.4280893294658,25.5460639041067,25.5819423585322,25.5460639041067,25.5306835914689,25.4486163763711,25.4742694202044,25.3767537609245,25.3870229273887,25.3767537609245,25.5101729288625,25.4229569268991,25.5358106179362,25.3613480855689,25.3664835674914,25.4742694202044,25.602438715738,25.4588783623232,25.3562123467933,25.4896581737131,25.4178242679226,25.2637250847104,25.2997022573604,25.5153009780981,25.5460639041067,25.464008971053,25.4999160630027,25.4075581805922,25.3408035889768,25.4280893294658,25.3818884725093,25.3305297988212,25.3356668224182,25.3408035889768,25.3767537609245,25.5614419170025,25.5050446238429,25.5716926484544,25.4845288451903,25.5050446238429,25.4896581737131,25.4486163763711,25.5460639041067,25.5870668306474,25.5921910475291,25.6126853634517,25.4845288451903,25.6741438357205,25.6741438357205,25.7509153744483,25.5101729288625,25.4588783623232,25.6075621671384,25.6895027225489,25.863410260858,25.7867225219738,25.7611472578112,25.6126853634517,25.6126853634517,25.6331755985647,25.5511901638832,25.6331755985647,25.6382975199907,25.5409373888032,25.5921910475291,25.6331755985647,25.6178083047144,25.5153009780981,25.5921910475291,25.4999160630027,25.5101729288625,25.4537474974415,25.4332214756594,25.3356668224182,25.4332214756594,25.6075621671384,25.5614419170025,25.5870668306474,25.643419186549,25.622930990963,25.6382975199907,25.7662628184848,25.6587826573823,25.6946218424375,25.6126853634517,25.5409373888032,25.5973150092137,25.5716926484544,25.5358106179362,25.5614419170025,25.6536617552083,25.6331755985647,25.6331755985647,25.602438715738,25.6997407078597,25.6331755985647,25.5716926484544,25.4896581737131,25.5050446238429,25.3664835674914,25.5716926484544,25.6075621671384,25.5973150092137,25.5050446238429,25.5050446238429,25.6126853634517,25.6126853634517,25.6382975199907,25.4896581737131,25.5511901638832,25.5050446238429,25.5870668306474,25.5973150092137,25.6178083047144,25.5665674104186,25.4537474974415,25.5511901638832,25.4742694202044,25.3408035889768,25.3459400985342,25.4280893294658,25.3459400985342,25.4845288451903,25.5306835914689,25.4793992606996,25.5973150092137,25.5665674104186,25.5973150092137,25.6382975199907,25.5870668306474,25.622930990963,25.6075621671384,25.6075621671384,25.5665674104186,25.5973150092137,25.602438715738,25.5716926484544,25.6126853634517,25.5665674104186,25.5460639041067,25.5511901638832,25.6075621671384,25.4845288451903,25.494787246305,25.5614419170025,25.4280893294658,25.4280893294658,25.4332214756594,25.4332214756594,25.4178242679226,25.4126913524992,25.6075621671384,25.4434849990752,25.5306835914689,25.4537474974415,25.6382975199907,25.622930990963,25.669023697602,25.622930990963,25.6946218424375,25.5819423585322,25.7202136256143,25.5870668306474,25.6946218424375,25.6280534222343,25.6075621671384,25.6536617552083,25.6382975199907,25.6331755985647,25.6843833481574,25.6587826573823,25.6075621671384,25.6741438357205,25.5870668306474,25.622930990963,25.6331755985647,25.6280534222343,25.6792637192269,25.6639033048348,25.6639033048348,25.8531885241579,25.7560314431445,25.669023697602,25.6382975199907,25.669023697602,25.6280534222343,25.6331755985647,25.7253312192514,25.6178083047144,25.6126853634517,25.5716926484544,25.4691393236678,25.5306835914689,25.4332214756594,25.4845288451903,25.4434849990752,25.3664835674914,25.3818884725093,25.4486163763711,25.464008971053,25.4280893294658,25.3408035889768,25.4742694202044,25.4434849990752,25.5460639041067,25.6280534222343,25.6587826573823,25.6536617552083,25.5358106179362,25.6741438357205,25.7969508507036,25.6946218424375,25.6536617552083,25.6792637192269,25.669023697602,25.6587826573823,25.7304485586408,25.6895027225489,25.6536617552083,25.643419186549,25.863410260858,25.9502541492142,25.985992164309,25.9757825654037,26.0625319946962,26.0931320526798,26.0982311813659,26.0727330210948,25.9502541492142,25.9655719566022,26.1084286839364,26.0523299608444,25.9910965851406,26.0370250204644,26.1848779015089,26.164496970573,26.0268204667242,25.985992164309
25.5409373888032,25.4280893294658,25.2842850136107,25.4332214756594,25.4588783623232,25.5306835914689,25.5153009780981,25.4280893294658,25.3562123467933,25.325392518149,25.2174501739369,25.2997022573604,25.5153009780981,25.5050446238429,25.4845288451903,25.3562123467933,25.4434849990752,25.4742694202044,25.4845288451903,25.3870229273887,25.3151171854302,25.5101729288625,25.3305297988212,25.2740055641272,25.3716187925976,25.5768176311468,25.6536617552083,25.643419186549,25.5153009780981,25.602438715738,25.3664835674914,25.4383533655169,25.3562123467933,25.3305297988212,25.3562123467933,25.4280893294658,25.494787246305,25.5665674104186,25.5921910475291,25.5768176311468,25.5870668306474,25.4999160630027,25.4434849990752,25.5204287715866,25.4075581805922,25.3716187925976,25.2483024338098,25.5768176311468,25.5614419170025,25.5973150092137,25.6895027225489,25.494787246305,25.5050446238429,25.5511901638832,25.4434849990752,25.6587826573823,25.7406824748218,25.7611472578112,25.6843833481574,25.5768176311468,25.4999160630027,25.5665674104186,25.5870668306474,25.6331755985647,25.6587826573823,25.6895027225489,25.5819423585322,25.6843833481574,25.6126853634517,25.5204287715866,25.5204287715866,25.6075621671384,25.6075621671384,25.4896581737131,25.4434849990752,25.4383533655169,25.3716187925976,25.4486163763711,25.5511901638832,25.6587826573823,25.6178083047144,25.7662628184848,25.622930990963,25.6843833481574,25.6536617552083,25.6280534222343,25.5819423585322,25.6178083047144,25.5204287715866,25.6946218424375,25.7099776754511,25.6075621671384,25.6485405982759,25.6178083047144,25.643419186549,25.5973150092137,25.6639033048348,25.7048593188521,25.6280534222343,25.5921910475291,25.6178083047144,25.4845288451903,25.4999160630027,25.5921910475291,25.5358106179362,25.5255563093646,25.6126853634517,25.5050446238429,25.6280534222343,25.6178083047144,25.6178083047144,25.5819423585322,25.4999160630027,25.5768176311468,25.5716926484544,25.5563161681696,25.5460639041067,25.4691393236678,25.3562123467933,25.3151171854302,25.2534435750629,25.3305297988212,25.4434849990752,25.4691393236678,25.494787246305,25.6178083047144,25.5768176311468,25.5716926484544,25.5460639041067,25.6587826573823,25.6485405982759,25.6536617552083,25.643419186549,25.6075621671384,25.5819423585322,25.643419186549,25.5306835914689,25.5973150092137,25.6075621671384,25.5716926484544,25.5255563093646,25.669023697602,25.5921910475291,25.5716926484544,25.4229569268991,25.494787246305,25.4280893294658,25.5563161681696,25.4896581737131,25.4486163763711,25.4999160630027,25.4793992606996,25.5204287715866,25.4742694202044,25.4793992606996,25.464008971053,25.5306835914689,25.6382975199907,25.5665674104186,25.6280534222343,25.5870668306474,25.5973150092137,25.7560314431445,25.7202136256143,25.6895027225489,25.6485405982759,25.6843833481574,25.7355656438188,25.7253312192514,25.6536617552083,25.6843833481574,25.6126853634517,25.6843833481574,25.5921910475291,25.6280534222343,25.6741438357205,25.5716926484544,25.6331755985647,25.6843833481574,25.7355656438188,25.6280534222343,25.7048593188521,25.6843833481574,25.6997407078597,25.6639033048348,25.7304485586408,25.6485405982759,25.6587826573823,25.643419186549,25.5819423585322,25.7355656438188,25.5716926484544,25.5665674104186,25.4588783623232,25.4896581737131,25.4537474974415,25.5101729288625,25.3767537609245,25.4024247521646,25.3356668224182,25.3664835674914,25.4383533655169,25.3613480855689,25.4486163763711,25.5050446238429,25.5460639041067,25.5460639041067,25.715095777693,25.643419186549,25.6587826573823,25.5358106179362,25.7867225219738,25.7202136256143,25.7048593188521,25.6792637192269,25.6178083047144,25.6946218424375,25.669023697602,25.7304485586408,25.6741438357205,25.6997407078597,25.7253312192514,25.9655719566022,25.9451477081579,25.985992164309,26.0982311813659,26.1033300584395,26.0931320526798,26.0013046697413,26.0319228696336,26.0421269192526,26.0778331565889,26.1084286839364,26.0982311813659,26.1033300584395,26.1543049983616,26.0676326338092,26.1797830453715,26.1543049983616,26.159401110059
25.6587826573823,25.5665674104186,25.5614419170025,25.5563161681696,25.5153009780981,25.5050446238429,25.5716926484544,25.3202549803643,25.3972910671794,25.2483024338098,25.3664835674914,25.3510763511273,25.3716187925976,25.3818884725093,25.3664835674914,25.3972910671794,25.4024247521646,25.5614419170025,25.4280893294658,25.3459400985342,25.3510763511273,25.4434849990752,25.2894243522202,25.5614419170025,25.5511901638832,25.5204287715866,25.6178083047144,25.8838506953317,25.6997407078597,25.7509153744483,25.4742694202044,25.4075581805922,25.464008971053,25.4075581805922,25.2740055641272,25.4075581805922,25.5101729288625,25.7355656438188,25.4896581737131,25.4383533655169,25.4742694202044,25.4332214756594,25.2945634334578,25.4280893294658,25.3972910671794,25.0372933614365,25.1608635787557,25.4742694202044,25.5460639041067,25.7611472578112,25.669023697602,25.5870668306474,25.5614419170025,25.4742694202044,25.5921910475291,25.7406824748218,25.643419186549,25.602438715738,25.5665674104186,25.5409373888032,25.5768176311468,25.5153009780981,25.5204287715866,25.6843833481574,25.6280534222343,25.6946218424375,25.5101729288625,25.622930990963,25.5768176311468,25.602438715738,25.5819423585322,25.6382975199907,25.6843833481574,25.4896581737131,25.5511901638832,25.4383533655169,25.2637250847104,25.4332214756594,25.5101729288625,25.6382975199907,25.7253312192514,25.7560314431445,25.6382975199907,25.622930990963,25.6639033048348,25.6485405982759,25.6280534222343,25.6792637192269,25.5665674104186,25.7202136256143,25.6178083047144,25.6280534222343,25.7099776754511,25.6280534222343,25.6382975199907,25.622930990963,25.7048593188521,25.715095777693,25.5511901638832,25.5563161681696,25.6178083047144,25.494787246305,25.6331755985647,25.5819423585322,25.622930990963,25.5973150092137,25.6792637192269,25.5716926484544,25.5973150092137,25.669023697602,25.6382975199907,25.5716926484544,25.5563161681696,25.5101729288625,25.6178083047144,25.669023697602,25.602438715738,25.3972910671794,25.2534435750629,25.2483024338098,25.4332214756594,25.3767537609245,25.5153009780981,25.5409373888032,25.5409373888032,25.5921910475291,25.602438715738,25.6280534222343,25.6485405982759,25.6280534222343,25.643419186549,25.6536617552083,25.6331755985647,25.6485405982759,25.6331755985647,25.6485405982759,25.6587826573823,25.5973150092137,25.5204287715866,25.602438715738,25.5921910475291,25.5460639041067,25.4896581737131,25.5921910475291,25.5921910475291,25.5921910475291,25.4845288451903,25.4742694202044,25.5511901638832,25.4896581737131,25.5973150092137,25.4896581737131,25.494787246305,25.4434849990752,25.5204287715866,25.4537474974415,25.6331755985647,25.6382975199907,25.6178083047144,25.6178083047144,25.6587826573823,25.7406824748218,25.6639033048348,25.6997407078597,25.7304485586408,25.6587826573823,25.8327420103839,25.6587826573823,25.6280534222343,25.622930990963,25.6741438357205,25.6639033048348,25.5460639041067,25.6741438357205,25.669023697602,25.5716926484544,25.6075621671384,25.7202136256143,25.6997407078597,25.6792637192269,25.6946218424375,25.6997407078597,25.643419186549,25.6331755985647,25.7202136256143,25.6843833481574,25.6382975199907,25.7202136256143,25.4896581737131,25.5563161681696,25.5819423585322,25.5563161681696,25.4793992606996,25.464008971053,25.3921571255997,25.4024247521646,25.3921571255997,25.5204287715866,25.3767537609245,25.3664835674914,25.4280893294658,25.3972910671794,25.4024247521646,25.5153009780981,25.4332214756594,25.5358106179362,25.5511901638832,25.643419186549,25.5614419170025,25.6639033048348,25.7611472578112,25.6843833481574,25.5614419170025,25.6946218424375,25.643419186549,25.602438715738,25.6792637192269,25.7304485586408,25.7304485586408,25.6280534222343,25.6997407078597,25.7509153744483,25.7969508507036,25.9604662734002,26.1186251803434,26.1288206708731,26.0931320526798,26.1033300584395,25.996200753606,26.0574311037199,26.0676326338092,26.0931320526798,26.0727330210948,26.0829330403271,26.0268204667242,26.1339180390234,26.0370250204644,26.123723051325,26.0880326723456,26.0115117451654
25.6639033048348,25.5819423585322,25.5716926484544,25.5409373888032,25.5819423585322,25.5716926484544,25.5204287715866,25.4332214756594,25.3099791333095,25.258584458684,25.4845288451903,25.3664835674914,25.4896581737131,25.1762993840732,25.3716187925976,25.4024247521646,25.3870229273887,25.3972910671794,25.4537474974415,25.4280893294658,25.4332214756594,25.3870229273887,25.3972910671794,25.494787246305,25.5665674104186,25.5563161681696,25.6331755985647,25.7611472578112,25.7457990516862,25.7355656438188,25.7304485586408,25.6126853634517,25.5563161681696,25.3305297988212,25.464008971053,25.5409373888032,25.5101729288625,25.5768176311468,25.5101729288625,25.4537474974415,25.4434849990752,25.4178242679226,25.3562123467933,25.4229569268991,25.4332214756594,25.1711543738743,25.14027888859,25.4588783623232,25.5870668306474,25.5511901638832,25.4691393236678,25.6587826573823,25.4999160630027,25.3716187925976,25.5819423585322,25.7099776754511,25.7560314431445,25.6843833481574,25.6997407078597,25.5101729288625,25.5306835914689,25.6639033048348,25.5973150092137,25.5870668306474,25.6178083047144,25.643419186549,25.6178083047144,25.602438715738,25.6382975199907,25.5870668306474,25.6075621671384,25.6485405982759,25.494787246305,25.5511901638832,25.5614419170025,25.5101729288625,25.4537474974415,25.4126913524992,25.5050446238429,25.6331755985647,25.6280534222343,25.5870668306474,25.643419186549,25.6331755985647,25.6382975199907,25.669023697602,25.6946218424375,25.669023697602,25.7764931779977,25.6997407078597,25.6843833481574,25.6946218424375,25.6843833481574,25.7406824748218,25.5870668306474,25.7099776754511,25.7355656438188,25.6587826573823,25.669023697602,25.5973150092137,25.5153009780981,25.5614419170025,25.643419186549,25.5973150092137,25.7202136256143,25.643419186549,25.643419186549,25.6997407078597,25.6485405982759,25.6382975199907,25.5511901638832,25.6178083047144,25.5921910475291,25.4845288451903,25.5050446238429,25.464008971053,25.6126853634517,25.4178242679226,25.3510763511273,25.3408035889768,25.4486163763711,25.4537474974415,25.5255563093646,25.4742694202044,25.6280534222343,25.5511901638832,25.6178083047144,25.6485405982759,25.5050446238429,25.5768176311468,25.5204287715866,25.6485405982759,25.5614419170025,25.5460639041067,25.643419186549,25.5870668306474,25.6178083047144,25.5973150092137,25.5921910475291,25.5716926484544,25.5614419170025,25.5768176311468,25.494787246305,25.5665674104186,25.5614419170025,25.5614419170025,25.5716926484544,25.5614419170025,25.5204287715866,25.5511901638832,25.5050446238429,25.4845288451903,25.4845288451903,25.4742694202044,25.4588783623232,25.4537474974415,25.6382975199907,25.7611472578112,25.6639033048348,25.6587826573823,25.6331755985647,25.6895027225489,25.7048593188521,25.5716926484544,25.7202136256143,25.7202136256143,25.7253312192514,25.7304485586408,25.7202136256143,25.6382975199907,25.6331755985647,25.5255563093646,25.6843833481574,25.6895027225489,25.5768176311468,25.5973150092137,25.669023697602,25.669023697602,25.6587826573823,25.8174044635856,25.6946218424375,25.7253312192514,25.7253312192514,25.7509153744483,25.6280534222343,25.6280534222343,25.5409373888032,25.6946218424375,25.5665674104186,25.5768176311468,25.4845288451903,25.5511901638832,25.4691393236678,25.3767537609245,25.4075581805922,25.3870229273887,25.3767537609245,25.3818884725093,25.4229569268991,25.3870229273887,25.3870229273887,25.4588783623232,25.5101729288625,25.3613480855689,25.5409373888032,25.5819423585322,25.4024247521646,25.602438715738,25.5921910475291,25.6639033048348,25.6741438357205,25.5614419170025,25.5716926484544,25.5921910475291,25.7099776754511,25.6280534222343,25.602438715738,25.6075621671384,25.715095777693,25.669023697602,25.7406824748218,25.7406824748218,25.8276297483179,25.9451477081579,26.0115117451654,25.868520749288,26.0778331565889,26.0931320526798,26.0676326338092,26.0727330210948,26.0472285660339,26.016614904526,26.0523299608444,26.1084286839364,26.0370250204644,26.0319228696336,26.164496970573,26.0217178117003,26.0880326723456,26.0268204667242
25.602438715738,25.494787246305,25.5204287715866,25.5460639041067,25.4332214756594,25.4434849990752,25.5409373888032,25.3510763511273,25.3408035889768,25.3459400985342,25.2945634334578,25.3716187925976,25.3716187925976,25.4742694202044,25.3972910671794,25.3408035889768,25.2997022573604,25.2071640245704,25.4229569268991,25.3562123467933,25.3716187925976,25.3305297988212,25.3510763511273,25.3972910671794,25.4383533655169,25.4537474974415,25.5973150092137,25.4793992606996,25.6280534222343,25.7304485586408,25.715095777693,25.5204287715866,25.5665674104186,25.4896581737131,25.3151171854302,25.3767537609245,25.5716926484544,25.5665674104186,25.494787246305,25.494787246305,25.4434849990752,25.4178242679226,25.1660091054476,25.3099791333095,25.3305297988212,25.2483024338098,25.0527477928007,25.2740055641272,25.5153009780981,25.3510763511273,25.5204287715866,25.3870229273887,25.3613480855689,25.2791454175921,25.6895027225489,25.5921910475291,25.5870668306474,25.715095777693,25.5819423585322,25.5050446238429,25.5306835914689,25.5665674104186,25.602438715738,25.6280534222343,25.6075621671384,25.5768176311468,25.5716926484544,25.622930990963,25.602438715738,25.6639033048348,25.7048593188521,25.7918368132263,25.6946218424375,25.6280534222343,25.4742694202044,25.5050446238429,25.5358106179362,25.5563161681696,25.464008971053,25.602438715738,25.6792637192269,25.7509153744483,25.6382975199907,25.6639033048348,25.7253312192514,25.622930990963,25.6536617552083,25.6843833481574,25.6741438357205,25.6843833481574,25.6946218424375,25.6639033048348,25.5563161681696,25.6075621671384,25.5870668306474,25.602438715738,25.6997407078597,25.5665674104186,25.5306835914689,25.6895027225489,25.6639033048348,25.6536617552083,25.6485405982759,25.6741438357205,25.6280534222343,25.6126853634517,25.4845288451903,25.6382975199907,25.5204287715866,25.6639033048348,25.6126853634517,25.494787246305,25.5153009780981,25.5921910475291,25.5101729288625,25.494787246305,25.4691393236678,25.4126913524992,25.4178242679226,25.4280893294658,25.4434849990752,25.4537474974415,25.4486163763711,25.5563161681696,25.6792637192269,25.5614419170025,25.643419186549,25.5870668306474,25.6382975199907,25.5306835914689,25.6382975199907,25.6536617552083,25.6382975199907,25.5563161681696,25.4793992606996,25.5255563093646,25.4999160630027,25.5716926484544,25.5153009780981,25.6536617552083,25.5921910475291,25.5255563093646,25.5050446238429,25.4896581737131,25.5255563093646,25.5204287715866,25.494787246305,25.5204287715866,25.4845288451903,25.4588783623232,25.4999160630027,25.5050446238429,25.4024247521646,25.494787246305,25.4332214756594,25.494787246305,25.7355656438188,25.5716926484544,25.643419186549,25.5460639041067,25.6946218424375,25.643419186549,25.7202136256143,25.5665674104186,25.6126853634517,25.6536617552083,25.6639033048348,25.6331755985647,25.643419186549,25.6280534222343,25.7048593188521,25.6382975199907,25.5716926484544,25.5204287715866,25.5716926484544,25.6587826573823,25.5819423585322,25.5716926484544,25.6485405982759,25.6382975199907,25.6792637192269,25.6382975199907,25.7918368132263,25.6382975199907,25.6895027225489,25.5614419170025,25.6075621671384,25.602438715738,25.5768176311468,25.4691393236678,25.4793992606996,25.4691393236678,25.4486163763711,25.4024247521646,25.3613480855689,25.4793992606996,25.3921571255997,25.4229569268991,25.3716187925976,25.3099791333095,25.3767537609245,25.5973150092137,25.494787246305,25.4742694202044,25.4126913524992,25.5306835914689,25.5768176311468,25.5716926484544,25.5870668306474,25.622930990963,25.669023697602,25.5460639041067,25.5101729288625,25.5204287715866,25.7304485586408,25.6895027225489,25.715095777693,25.6382975199907,25.5973150092137,25.7611472578112,25.715095777693,25.7202136256143,25.7048593188521,25.8429657740965,25.9349340679388,26.0778331565889,25.9910965851406,26.0013046697413,26.0574311037199,26.016614904526,25.9706773872579,26.0574311037199,26.0472285660339,26.1186251803434,26.0676326338092,26.1441120212736,26.0778331565889,25.985992164309,26.0064083335824,26.0268204667242
25.5204287715866,25.5460639041067,25.602438715738,25.4588783623232,25.4434849990752,25.5409373888032,25.5306835914689,25.4999160630027,25.494787246305,25.4280893294658,25.3562123467933,25.2945634334578,25.3921571255997,25.4793992606996,25.4126913524992,25.3921571255997,25.3151171854302,25.1711543738743,25.4075581805922,25.2894243522202,25.3305297988212,25.3972910671794,25.3818884725093,25.4280893294658,25.3664835674914,25.4024247521646,25.3870229273887,25.3613480855689,25.4588783623232,25.4793992606996,25.494787246305,25.4896581737131,25.5306835914689,25.3408035889768,25.3562123467933,25.4178242679226,25.464008971053,25.4742694202044,25.5870668306474,25.5921910475291,25.4178242679226,25.4229569268991,25.2842850136107,25.3818884725093,25.3510763511273,25.2534435750629,25.2225928617629,25.2483024338098,25.4024247521646,25.3459400985342,25.2791454175921,25.4075581805922,25.3510763511273,25.4896581737131,25.3664835674914,25.5716926484544,25.5819423585322,25.5819423585322,25.5255563093646,25.4999160630027,25.5358106179362,25.6741438357205,25.6639033048348,25.6178083047144,25.6997407078597,25.6843833481574,25.5819423585322,25.669023697602,25.622930990963,25.6587826573823,25.7304485586408,25.863410260858,25.715095777693,25.4845288451903,25.4999160630027,25.4434849990752,25.4383533655169,25.5665674104186,25.5768176311468,25.5973150092137,25.5716926484544,25.7406824748218,25.7355656438188,25.6382975199907,25.6382975199907,25.6639033048348,25.6895027225489,25.7406824748218,25.6792637192269,25.6741438357205,25.6331755985647,25.5614419170025,25.643419186549,25.3921571255997,25.5716926484544,25.6126853634517,25.6126853634517,25.4845288451903,25.602438715738,25.5101729288625,25.6741438357205,25.5614419170025,25.6536617552083,25.6382975199907,25.6587826573823,25.5614419170025,25.5255563093646,25.4434849990752,25.643419186549,25.4434849990752,25.6075621671384,25.5870668306474,25.5768176311468,25.5050446238429,25.494787246305,25.4845288451903,25.4383533655169,25.4845288451903,25.4537474974415,25.4075581805922,25.3972910671794,25.4691393236678,25.4537474974415,25.4845288451903,25.5921910475291,25.494787246305,25.4588783623232,25.5973150092137,25.5819423585322,25.4486163763711,25.5204287715866,25.5921910475291,25.6280534222343,25.5511901638832,25.5358106179362,25.5460639041067,25.5716926484544,25.5358106179362,25.602438715738,25.5768176311468,25.5204287715866,25.5101729288625,25.5101729288625,25.5358106179362,25.5101729288625,25.5460639041067,25.4742694202044,25.4280893294658,25.3408035889768,25.4896581737131,25.4537474974415,25.4126913524992,25.4486163763711,25.5101729288625,25.4178242679226,25.4126913524992,25.5870668306474,25.5409373888032,25.6536617552083,25.6280534222343,25.6741438357205,25.6843833481574,25.6587826573823,25.669023697602,25.6587826573823,25.7099776754511,25.6331755985647,25.6331755985647,25.7048593188521,25.6997407078597,25.622930990963,25.5306835914689,25.6280534222343,25.643419186549,25.5921910475291,25.622930990963,25.622930990963,25.5716926484544,25.5921910475291,25.6126853634517,25.622930990963,25.7867225219738,25.6536617552083,25.5973150092137,25.5716926484544,25.5921910475291,25.5921910475291,25.5101729288625,25.4896581737131,25.6126853634517,25.4999160630027,25.5101729288625,25.4434849990752,25.3870229273887,25.3562123467933,25.4024247521646,25.3767537609245,25.2945634334578,25.3716187925976,25.3870229273887,25.3870229273887,25.3972910671794,25.4691393236678,25.4075581805922,25.3510763511273,25.3716187925976,25.4845288451903,25.5716926484544,25.6587826573823,25.669023697602,25.5614419170025,25.4793992606996,25.5973150092137,25.6382975199907,25.5460639041067,25.6331755985647,25.6075621671384,25.5973150092137,25.602438715738,25.715095777693,25.6382975199907,25.6895027225489,25.7099776754511,25.8429657740965,25.8327420103839,25.9910965851406,26.0064083335824,26.0625319946962,26.016614904526,25.996200753606,26.0472285660339,25.985992164309,26.0217178117003,26.0727330210948,26.0829330403271,25.9451477081579,26.0370250204644,25.8889601710514,25.9196117118026,26.016614904526
25.4896581737131,25.4999160630027,25.4999160630027,25.5358106179362,25.5768176311468,25.5973150092137,25.4486163763711,25.4742694202044,25.4280893294658,25.464008971053,25.3613480855689,25.3870229273887,25.5460639041067,25.643419186549,25.5358106179362,25.5204287715866,25.1608635787557,25.3099791333095,25.2791454175921,25.3202549803643,25.3921571255997,25.325392518149,25.3562123467933,25.3870229273887,25.4024247521646,25.4383533655169,25.1865886299367,25.2225928617629,25.4229569268991,25.4537474974415,25.464008971053,25.5358106179362,25.5409373888032,25.4229569268991,25.325392518149,25.4434849990752,25.4793992606996,25.7202136256143,25.5819423585322,25.4999160630027,25.3767537609245,25.4229569268991,25.464008971053,25.4691393236678,25.4332214756594,25.3972910671794,25.2225928617629,25.2945634334578,25.325392518149,25.2740055641272,25.3305297988212,25.3664835674914,25.4588783623232,25.4742694202044,25.3151171854302,25.3613480855689,25.4691393236678,25.5716926484544,25.5358106179362,25.5460639041067,25.7253312192514,25.669023697602,25.7355656438188,25.7560314431445,25.7918368132263,25.8225172327306,25.7713781252015,25.7816079769097,25.7457990516862,25.7764931779977,25.7355656438188,25.8174044635856,25.622930990963,25.5050446238429,25.5101729288625,25.5204287715866,25.4742694202044,25.4793992606996,25.5716926484544,25.4999160630027,25.5768176311468,25.6587826573823,25.6178083047144,25.5665674104186,25.6331755985647,25.6587826573823,25.622930990963,25.669023697602,25.6843833481574,25.5665674104186,25.4537474974415,25.4742694202044,25.5101729288625,25.464008971053,25.5614419170025,25.5716926484544,25.4075581805922,25.5563161681696,25.6178083047144,25.5306835914689,25.5819423585322,25.4845288451903,25.5101729288625,25.5819423585322,25.5665674104186,25.5255563093646,25.4742694202044,25.5255563093646,25.494787246305,25.4024247521646,25.4075581805922,25.3870229273887,25.3870229273887,25.3818884725093,25.494787246305,25.4024247521646,25.3818884725093,25.5255563093646,25.5563161681696,25.5768176311468,25.4896581737131,25.494787246305,25.4332214756594,25.3099791333095,25.4537474974415,25.4691393236678,25.5870668306474,25.5716926484544,25.5563161681696,25.5716926484544,25.4383533655169,25.6075621671384,25.5358106179362,25.4793992606996,25.494787246305,25.5511901638832,25.5409373888032,25.5358106179362,25.5101729288625,25.5819423585322,25.602438715738,25.4999160630027,25.4280893294658,25.5101729288625,25.5101729288625,25.5204287715866,25.4588783623232,25.3305297988212,25.4537474974415,25.4793992606996,25.5101729288625,25.494787246305,25.4793992606996,25.4126913524992,25.4383533655169,25.5358106179362,25.3870229273887,25.4691393236678,25.622930990963,25.5460639041067,25.6792637192269,25.5409373888032,25.7560314431445,25.6946218424375,25.6946218424375,25.6331755985647,25.5973150092137,25.6587826573823,25.622930990963,25.622930990963,25.6178083047144,25.6126853634517,25.6280534222343,25.6895027225489,25.5768176311468,25.5819423585322,25.602438715738,25.5870668306474,25.5819423585322,25.6331755985647,25.6587826573823,25.669023697602,25.5973150092137,25.622930990963,25.5460639041067,25.602438715738,25.602438715738,25.5973150092137,25.5768176311468,25.5306835914689,25.5716926484544,25.5306835914689,25.4588783623232,25.4537474974415,25.3818884725093,25.3870229273887,25.3664835674914,25.3767537609245,25.3767537609245,25.4588783623232,25.4024247521646,25.5050446238429,25.4486163763711,25.4588783623232,25.5716926484544,25.5819423585322,25.494787246305,25.4896581737131,25.5716926484544,25.5819423585322,25.4793992606996,25.5050446238429,25.622930990963,25.7611472578112,25.602438715738,25.8020646344419,25.6895027225489,25.6536617552083,25.7099776754511,25.6280534222343,25.5819423585322,25.6485405982759,25.6997407078597,25.7048593188521,25.9145037540644,25.8582995191601,26.0115117451654,26.0370250204644,25.9706773872579,25.996200753606,26.0064083335824,25.9093955434194,26.0829330403271,25.9553603376162,26.0880326723456,26.0370250204644,26.0115117451654,26.0064083335824,26.1441120212736,26.0829330403271
25.4793992606996,25.5306835914689,25.4691393236678,25.4793992606996,25.5409373888032,25.5358106179362,25.4229569268991,25.4280893294658,25.4793992606996,25.5050446238429,25.3767537609245,25.3510763511273,25.4486163763711,25.4383533655169,25.4486163763711,25.3305297988212,25.2894243522202,25.2380193782588,25.2328774638867,25.3664835674914,25.3870229273887,25.3510763511273,25.3716187925976,25.3972910671794,25.4126913524992,25.494787246305,25.1196900631945,25.2534435750629,25.2431610348875,25.4332214756594,25.3921571255997,25.3151171854302,25.2380193782588,25.3613480855689,25.4024247521646,25.3305297988212,25.5665674104186,25.5409373888032,25.5460639041067,25.5204287715866,25.3972910671794,25.5460639041067,25.5358106179362,25.7099776754511,25.6997407078597,25.643419186549,25.6178083047144,25.5819423585322,25.5306835914689,25.5204287715866,25.4075581805922,25.3408035889768,25.4383533655169,25.325392518149,25.2842850136107,25.2997022573604,25.3356668224182,25.5409373888032,25.6843833481574,25.669023697602,25.7048593188521,25.7509153744483,25.7202136256143,25.7764931779977,25.8378540189647,25.8174044635856,25.7969508507036,25.7764931779977,25.7764931779977,25.7867225219738,25.8020646344419,25.8327420103839,25.7662628184848,25.5153009780981,25.5153009780981,25.3562123467933,25.3202549803643,25.5050446238429,25.5050446238429,25.4691393236678,25.4588783623232,25.5614419170025,25.5306835914689,25.7202136256143,25.5768176311468,25.7406824748218,25.622930990963,25.5050446238429,25.5460639041067,25.6639033048348,25.4588783623232,25.4742694202044,25.5255563093646,25.4999160630027,25.5153009780981,25.5409373888032,25.5460639041067,25.5921910475291,25.5563161681696,25.669023697602,25.5358106179362,25.5153009780981,25.5460639041067,25.5819423585322,25.6075621671384,25.5050446238429,25.5665674104186,25.4024247521646,25.4537474974415,25.4126913524992,25.4178242679226,25.4793992606996,25.4024247521646,25.4075581805922,25.4383533655169,25.4126913524992,25.4332214756594,25.4537474974415,25.5101729288625,25.5204287715866,25.4896581737131,25.4999160630027,25.5306835914689,25.5563161681696,25.5921910475291,25.5819423585322,25.5460639041067,25.5204287715866,25.602438715738,25.3972910671794,25.4126913524992,25.4999160630027,25.5460639041067,25.6280534222343,25.5460639041067,25.5665674104186,25.5358106179362,25.6331755985647,25.6126853634517,25.5460639041067,25.5870668306474,25.5921910475291,25.5204287715866,25.5460639041067,25.5153009780981,25.6075621671384,25.4229569268991,25.4075581805922,25.3716187925976,25.4434849990752,25.4332214756594,25.4588783623232,25.4075581805922,25.4126913524992,25.4024247521646,25.4126913524992,25.3921571255997,25.5306835914689,25.5306835914689,25.669023697602,25.5358106179362,25.5306835914689,25.5204287715866,25.6126853634517,25.6792637192269,25.6997407078597,25.5768176311468,25.6178083047144,25.5870668306474,25.5973150092137,25.5614419170025,25.622930990963,25.6075621671384,25.4896581737131,25.602438715738,25.5101729288625,25.5358106179362,25.5716926484544,25.6280534222343,25.6075621671384,25.6536617552083,25.5870668306474,25.5921910475291,25.5819423585322,25.5306835914689,25.602438715738,25.6178083047144,25.5819423585322,25.5511901638832,25.5460639041067,25.4845288451903,25.5716926484544,25.4126913524992,25.4332214756594,25.3664835674914,25.4024247521646,25.3716187925976,25.2637250847104,25.3716187925976,25.3613480855689,25.3510763511273,25.4332214756594,25.4845288451903,25.5050446238429,25.4075581805922,25.5870668306474,25.4999160630027,25.5870668306474,25.5870668306474,25.5870668306474,25.5306835914689,25.6331755985647,25.6331755985647,25.5665674104186,25.6587826573823,25.6126853634517,25.6843833481574,25.6126853634517,25.5973150092137,25.5921910475291,25.7048593188521,25.715095777693,25.5716926484544,25.7048593188521,25.6536617552083,25.7099776754511,25.9349340679388,26.016614904526,26.0217178117003,25.9706773872579,25.9655719566022,26.0013046697413,26.0574311037199,26.0523299608444,25.9196117118026,26.0574311037199,26.0982311813659,26.0217178117003,26.0064083335824,26.0064083335824
25.5358106179362,25.5511901638832,25.5358106179362,25.4434849990752,25.5358106179362,25.5563161681696,25.494787246305,25.4793992606996,25.5204287715866,25.4280893294658,25.4332214756594,25.3459400985342,25.4126913524992,25.4486163763711,25.5101729288625,25.3356668224182,25.1917328656758,25.2020205629554,25.1968768433364,25.3716187925976,25.3151171854302,25.3356668224182,25.3767537609245,25.3870229273887,25.3972910671794,25.5050446238429,25.2842850136107,25.1814441360816,25.3356668224182,25.4178242679226,25.4434849990752,25.4229569268991,25.3510763511273,25.3818884725093,25.4178242679226,25.4793992606996,25.5204287715866,25.602438715738,25.4332214756594,25.5409373888032,25.7099776754511,25.5358106179362,25.5716926484544,25.6178083047144,25.7355656438188,25.7457990516862,25.6741438357205,25.6946218424375,25.6946218424375,25.7048593188521,25.3408035889768,25.3767537609245,25.4691393236678,25.3459400985342,25.2483024338098,25.3562123467933,25.3305297988212,25.3408035889768,25.7202136256143,25.7764931779977,25.669023697602,25.6178083047144,25.6075621671384,25.7560314431445,25.7560314431445,25.7611472578112,25.7560314431445,25.6792637192269,25.7611472578112,25.7969508507036,25.7816079769097,25.7969508507036,25.7509153744483,25.7509153744483,25.7304485586408,25.5101729288625,25.4383533655169,25.464008971053,25.5563161681696,25.5614419170025,25.5511901638832,25.4486163763711,25.4999160630027,25.4691393236678,25.5050446238429,25.622930990963,25.5614419170025,25.5409373888032,25.6178083047144,25.6741438357205,25.6178083047144,25.5511901638832,25.4024247521646,25.2791454175921,25.5255563093646,25.5409373888032,25.5563161681696,25.622930990963,25.6280534222343,25.5460639041067,25.5665674104186,25.5819423585322,25.6741438357205,25.715095777693,25.4691393236678,25.5255563093646,25.6126853634517,25.5819423585322,25.4024247521646,25.4691393236678,25.5614419170025,25.4999160630027,25.4075581805922,25.4845288451903,25.3151171854302,25.3921571255997,25.4178242679226,25.4280893294658,25.4742694202044,25.5511901638832,25.5204287715866,25.5050446238429,25.5101729288625,25.4486163763711,25.5563161681696,25.4332214756594,25.5768176311468,25.602438715738,25.5768176311468,25.5768176311468,25.5409373888032,25.4024247521646,25.5716926484544,25.6843833481574,25.6382975199907,25.6536617552083,25.5511901638832,25.602438715738,25.6280534222343,25.6331755985647,25.5409373888032,25.6178083047144,25.6126853634517,25.5716926484544,25.4383533655169,25.494787246305,25.4845288451903,25.4434849990752,25.5665674104186,25.5563161681696,25.4845288451903,25.5409373888032,25.5153009780981,25.5614419170025,25.3972910671794,25.3818884725093,25.3870229273887,25.4793992606996,25.5563161681696,25.5460639041067,25.5716926484544,25.5460639041067,25.5101729288625,25.622930990963,25.6178083047144,25.6587826573823,25.7048593188521,25.7253312192514,25.669023697602,25.5973150092137,25.6126853634517,25.6382975199907,25.6178083047144,25.6382975199907,25.5204287715866,25.5153009780981,25.5716926484544,25.6126853634517,25.6075621671384,25.6382975199907,25.6792637192269,25.8276297483179,25.6536617552083,25.669023697602,25.5614419170025,25.6280534222343,25.5511901638832,25.5101729288625,25.6382975199907,25.5614419170025,25.5973150092137,25.5050446238429,25.5255563093646,25.4999160630027,25.3767537609245,25.3459400985342,25.3562123467933,25.3818884725093,25.3510763511273,25.3356668224182,25.3408035889768,25.3767537609245,25.4178242679226,25.4126913524992,25.4280893294658,25.4332214756594,25.602438715738,25.5870668306474,25.6126853634517,25.6536617552083,25.5050446238429,25.5819423585322,25.5973150092137,25.5921910475291,25.6639033048348,25.5614419170025,25.7611472578112,25.6843833481574,25.5973150092137,25.7406824748218,25.6792637192269,25.6382975199907,25.6485405982759,25.669023697602,25.7099776754511,25.868520749288,25.9451477081579,25.8429657740965,25.996200753606,26.0115117451654,25.996200753606,26.1543049983616,26.1950668608041,26.0676326338092,26.2358126634888,26.0931320526798,26.0421269192526,26.0115117451654,25.9604662734002,26.0115117451654
25.6382975199907,25.5511901638832,25.5460639041067,25.5563161681696,25.5665674104186,25.643419186549,25.6895027225489,25.5716926484544,25.5050446238429,25.4332214756594,25.4383533655169,25.4588783623232,25.4332214756594,25.5563161681696,25.5716926484544,25.325392518149,25.2328774638867,25.0887990663117,25.3510763511273,25.2791454175921,25.3921571255997,25.3818884725093,25.5358106179362,25.6075621671384,25.5101729288625,25.3356668224182,25.1762993840732,25.1917328656758,25.3305297988212,25.3459400985342,25.4229569268991,25.4178242679226,25.4280893294658,25.4178242679226,25.4280893294658,25.3818884725093,25.4845288451903,25.4896581737131,25.5716926484544,25.5204287715866,25.5921910475291,25.6075621671384,25.6178083047144,25.4588783623232,25.6126853634517,25.7099776754511,25.7099776754511,25.5921910475291,25.6997407078597,25.6126853634517,25.6075621671384,25.3870229273887,25.5050446238429,25.4075581805922,25.4178242679226,25.2483024338098,25.3510763511273,25.4691393236678,25.602438715738,25.7713781252015,25.6639033048348,25.5716926484544,25.5460639041067,25.6895027225489,25.5870668306474,25.6639033048348,25.6843833481574,25.7713781252015,25.6639033048348,25.6382975199907,25.6485405982759,25.7355656438188,25.7509153744483,25.7406824748218,25.7509153744483,25.6178083047144,25.4486163763711,25.5563161681696,25.5255563093646,25.5511901638832,25.5614419170025,25.5563161681696,25.5665674104186,25.3972910671794,25.4793992606996,25.4999160630027,25.3870229273887,25.4332214756594,25.5204287715866,25.3459400985342,25.4999160630027,25.4999160630027,25.5101729288625,25.3972910671794,25.5204287715866,25.5460639041067,25.5511901638832,25.5511901638832,25.5665674104186,25.5511901638832,25.5768176311468,25.6741438357205,25.6331755985647,25.7048593188521,25.6536617552083,25.6587826573823,25.6382975199907,25.7202136256143,25.5050446238429,25.6843833481574,25.5358106179362,25.3972910671794,25.4999160630027,25.4588783623232,25.3613480855689,25.5101729288625,25.5153009780981,25.5204287715866,25.4999160630027,25.5511901638832,25.5101729288625,25.5050446238429,25.4537474974415,25.5153009780981,25.4332214756594,25.5511901638832,25.5614419170025,25.5819423585322,25.6639033048348,25.7355656438188,25.6178083047144,25.669023697602,25.6178083047144,25.602438715738,25.6843833481574,25.622930990963,25.622930990963,25.6126853634517,25.6280534222343,25.6126853634517,25.6741438357205,25.602438715738,25.5511901638832,25.6331755985647,25.5973150092137,25.4126913524992,25.4383533655169,25.4024247521646,25.4742694202044,25.494787246305,25.3972910671794,25.5409373888032,25.5870668306474,25.5819423585322,25.4896581737131,25.4793992606996,25.4229569268991,25.3921571255997,25.4434849990752,25.5614419170025,25.5819423585322,25.6382975199907,25.7048593188521,25.6331755985647,25.6382975199907,25.6280534222343,25.6126853634517,25.602438715738,25.6536617552083,25.6331755985647,25.6280534222343,25.5921910475291,25.6331755985647,25.6587826573823,25.6895027225489,25.6382975199907,25.669023697602,25.6843833481574,25.6639033048348,25.7611472578112,25.6382975199907,25.643419186549,25.669023697602,25.643419186549,25.6280534222343,25.5973150092137,25.602438715738,25.602438715738,25.5306835914689,25.5511901638832,25.4793992606996,25.5768176311468,25.5153009780981,25.4280893294658,25.3921571255997,25.4486163763711,25.3767537609245,25.325392518149,25.2894243522202,25.2894243522202,25.3305297988212,25.494787246305,25.3305297988212,25.4383533655169,25.5204287715866,25.4332214756594,25.602438715738,25.6178083047144,25.5921910475291,25.6331755985647,25.5973150092137,25.669023697602,25.6639033048348,25.5768176311468,25.6843833481574,25.6792637192269,25.6843833481574,25.6536617552083,25.7560314431445,25.7611472578112,25.7048593188521,25.7406824748218,25.6587826573823,25.715095777693,25.7048593188521,25.8582995191601,25.863410260858,25.9655719566022,25.9655719566022,25.985992164309,25.985992164309,25.9757825654037,26.0319228696336,26.0013046697413,25.9298268687038,26.1288206708731,26.0268204667242,26.0064083335824,26.0115117451654,26.0217178117003
25.6485405982759,25.5921910475291,25.5870668306474,25.4845288451903,25.5716926484544,25.5665674104186,25.5716926484544,25.4588783623232,25.5614419170025,25.4537474974415,25.4537474974415,25.5614419170025,25.4229569268991,25.494787246305,25.5819423585322,25.4332214756594,25.2791454175921,25.2431610348875,25.2740055641272,25.3716187925976,25.3921571255997,25.4075581805922,25.5255563093646,25.5870668306474,25.5306835914689,25.5255563093646,25.3613480855689,25.3099791333095,25.3972910671794,25.4126913524992,25.4126913524992,25.4845288451903,25.4178242679226,25.5204287715866,25.3099791333095,25.4742694202044,25.5409373888032,25.5101729288625,25.4434849990752,25.5716926484544,25.5255563093646,25.5819423585322,25.5460639041067,25.4742694202044,25.3459400985342,25.5050446238429,25.464008971053,25.3921571255997,25.622930990963,25.5204287715866,25.5716926484544,25.4999160630027,25.5716926484544,25.4024247521646,25.3716187925976,25.2431610348875,25.2997022573604,25.4588783623232,25.5101729288625,25.6126853634517,25.7816079769097,25.5306835914689,25.5409373888032,25.4742694202044,25.5870668306474,25.643419186549,25.5614419170025,25.622930990963,25.5921910475291,25.6485405982759,25.6331755985647,25.6280534222343,25.6075621671384,25.7509153744483,25.6895027225489,25.669023697602,25.6075621671384,25.5460639041067,25.5306835914689,25.5716926484544,25.5973150092137,25.5665674104186,25.5204287715866,25.5716926484544,25.6075621671384,25.669023697602,25.3716187925976,25.3510763511273,25.4999160630027,25.5204287715866,25.6280534222343,25.5511901638832,25.4999160630027,25.5716926484544,25.5409373888032,25.6331755985647,25.5665674104186,25.6178083047144,25.5768176311468,25.6126853634517,25.6536617552083,25.7099776754511,25.6280534222343,25.6895027225489,25.7713781252015,25.7355656438188,25.7202136256143,25.7202136256143,25.4896581737131,25.5614419170025,25.4896581737131,25.5153009780981,25.4793992606996,25.5050446238429,25.4793992606996,25.5255563093646,25.4999160630027,25.4845288451903,25.5255563093646,25.5050446238429,25.5921910475291,25.494787246305,25.5255563093646,25.5819423585322,25.5511901638832,25.5255563093646,25.5870668306474,25.5870668306474,25.6587826573823,25.6587826573823,25.6843833481574,25.6946218424375,25.6895027225489,25.6280534222343,25.6331755985647,25.6536617552083,25.669023697602,25.5819423585322,25.602438715738,25.6536617552083,25.6382975199907,25.5921910475291,25.5511901638832,25.5768176311468,25.4332214756594,25.4537474974415,25.4845288451903,25.3921571255997,25.1917328656758,25.5768176311468,25.494787246305,25.5870668306474,25.6639033048348,25.5614419170025,25.4588783623232,25.4486163763711,25.325392518149,25.4383533655169,25.4434849990752,25.5204287715866,25.6331755985647,25.602438715738,25.6075621671384,25.7509153744483,25.6997407078597,25.5665674104186,25.5716926484544,25.643419186549,25.5921910475291,25.7253312192514,25.7202136256143,25.7099776754511,25.7355656438188,25.7457990516862,25.5973150092137,25.6997407078597,25.6639033048348,25.6331755985647,25.6741438357205,25.7969508507036,25.6587826573823,25.669023697602,25.6331755985647,25.7304485586408,25.6075621671384,25.5768176311468,25.643419186549,25.5973150092137,25.5768176311468,25.464008971053,25.4845288451903,25.5409373888032,25.5204287715866,25.5204287715866,25.3870229273887,25.4126913524992,25.3562123467933,25.3305297988212,25.3459400985342,25.3613480855689,25.4024247521646,25.4434849990752,25.4332214756594,25.3510763511273,25.3972910671794,25.6280534222343,25.6126853634517,25.602438715738,25.6536617552083,25.6075621671384,25.6536617552083,25.669023697602,25.7253312192514,25.6792637192269,25.6946218424375,25.7253312192514,25.7048593188521,25.7355656438188,25.8429657740965,25.863410260858,25.7764931779977,25.7406824748218,25.715095777693,25.6895027225489,25.7304485586408,25.8327420103839,25.9093955434194,26.0319228696336,26.0676326338092,26.0268204667242,26.0472285660339,26.0319228696336,25.996200753606,26.1084286839364,26.0778331565889,26.0268204667242,26.1339180390234,26.016614904526,26.0676326338092,26.0115117451654
25.4383533655169,25.5665674104186,25.5768176311468,25.4999160630027,25.4332214756594,25.5665674104186,25.5460639041067,25.5511901638832,25.602438715738,25.5511901638832,25.5614419170025,25.4742694202044,25.5614419170025,25.5716926484544,25.4178242679226,25.494787246305,25.5768176311468,25.494787246305,25.3613480855689,25.3921571255997,25.3767537609245,25.4537474974415,25.494787246305,25.5306835914689,25.5460639041067,25.4332214756594,25.3510763511273,25.4280893294658,25.3767537609245,25.3459400985342,25.4845288451903,25.4126913524992,25.4793992606996,25.4075581805922,25.4229569268991,25.4024247521646,25.4742694202044,25.4229569268991,25.4588783623232,25.5870668306474,25.5409373888032,25.5563161681696,25.5153009780981,25.4383533655169,25.4793992606996,25.5306835914689,25.4537474974415,25.4075581805922,25.3870229273887,25.6331755985647,25.5665674104186,25.3048408239653,25.4896581737131,25.2380193782588,25.325392518149,25.4024247521646,25.4588783623232,25.464008971053,25.4742694202044,25.5716926484544,25.622930990963,25.5614419170025,25.4588783623232,25.5665674104186,25.464008971053,25.4896581737131,25.4845288451903,25.6075621671384,25.6178083047144,25.5870668306474,25.602438715738,25.6792637192269,25.7304485586408,25.643419186549,25.7509153744483,25.7457990516862,25.7457990516862,25.7202136256143,25.5921910475291,25.5460639041067,25.6126853634517,25.643419186549,25.6280534222343,25.6587826573823,25.5665674104186,25.6075621671384,25.5153009780981,25.4845288451903,25.4075581805922,25.7560314431445,25.5306835914689,25.4999160630027,25.6382975199907,25.5306835914689,25.6178083047144,25.6587826573823,25.6075621671384,25.5460639041067,25.5511901638832,25.669023697602,25.6485405982759,25.6280534222343,25.6126853634517,25.602438715738,25.6792637192269,25.6280534222343,25.6536617552083,25.6331755985647,25.5665674104186,25.5614419170025,25.4896581737131,25.5050446238429,25.4434849990752,25.4896581737131,25.5101729288625,25.494787246305,25.602438715738,25.5255563093646,25.5153009780981,25.5716926484544,25.5255563093646,25.5563161681696,25.6126853634517,25.5153009780981,25.5614419170025,25.5460639041067,25.5358106179362,25.5665674104186,25.669023697602,25.6946218424375,25.6997407078597,25.7253312192514,25.6536617552083,25.5768176311468,25.6280534222343,25.7509153744483,25.602438715738,25.6331755985647,25.6536617552083,25.5973150092137,25.6639033048348,25.5563161681696,25.6331755985647,25.6382975199907,25.5973150092137,25.4742694202044,25.4691393236678,25.5768176311468,25.5153009780981,25.5921910475291,25.4793992606996,25.5819423585322,25.5358106179362,25.6485405982759,25.5921910475291,25.5665674104186,25.4742694202044,25.4332214756594,25.4229569268991,25.2997022573604,25.4588783623232,25.5768176311468,25.6331755985647,25.7202136256143,25.6485405982759,25.6792637192269,25.6280534222343,25.6536617552083,25.6075621671384,25.6280534222343,25.5768176311468,25.5768176311468,25.7253312192514,25.6382975199907,25.6075621671384,25.715095777693,25.5973150092137,25.6997407078597,25.6639033048348,25.6536617552083,25.6895027225489,25.6639033048348,25.6895027225489,25.6895027225489,25.7048593188521,25.5614419170025,25.6792637192269,25.6485405982759,25.5716926484544,25.6075621671384,25.5409373888032,25.5306835914689,25.5101729288625,25.5101729288625,25.4332214756594,25.4486163763711,25.4383533655169,25.2174501739369,25.3664835674914,25.3870229273887,25.4434849990752,25.4075581805922,25.4024247521646,25.4742694202044,25.5358106179362,25.5819423585322,25.4434849990752,25.622930990963,25.6280534222343,25.6178083047144,25.5358106179362,25.7355656438188,25.669023697602,25.6997407078597,25.7406824748218,25.7457990516862,25.7253312192514,25.863410260858,25.7611472578112,25.863410260858,25.7304485586408,25.7355656438188,25.7509153744483,25.7048593188521,25.6946218424375,25.6895027225489,25.8531885241579,25.9706773872579,25.9757825654037,26.0829330403271,26.0625319946962,26.0727330210948,26.0217178117003,26.0319228696336,26.123723051325,26.164496970573,26.0472285660339,26.0217178117003,26.0931320526798,26.0268204667242
25.5819423585322,25.5665674104186,25.5973150092137,25.5768176311468,25.4896581737131,25.4537474974415,25.5255563093646,25.5460639041067,25.5511901638832,25.5665674104186,25.7509153744483,25.5101729288625,25.5101729288625,25.6331755985647,25.4486163763711,25.4742694202044,25.4383533655169,25.4742694202044,25.3716187925976,25.4229569268991,25.3767537609245,25.3870229273887,25.4845288451903,25.5358106179362,25.5460639041067,25.4537474974415,25.464008971053,25.4332214756594,25.4434849990752,25.4126913524992,25.4178242679226,25.4845288451903,25.5101729288625,25.4793992606996,25.4075581805922,25.4691393236678,25.4588783623232,25.6126853634517,25.6382975199907,25.7560314431445,25.5358106179362,25.5204287715866,25.3767537609245,25.5768176311468,25.4588783623232,25.4742694202044,25.5153009780981,25.3767537609245,25.5306835914689,25.5819423585322,25.4793992606996,25.5563161681696,25.4332214756594,25.2071640245704,25.2945634334578,25.2997022573604,25.5819423585322,25.4383533655169,25.4229569268991,25.5665674104186,25.5665674104186,25.494787246305,25.5665674104186,25.5460639041067,25.4793992606996,25.4999160630027,25.4896581737131,25.4793992606996,25.602438715738,25.5563161681696,25.6126853634517,25.622930990963,25.622930990963,25.643419186549,25.5921910475291,25.7304485586408,25.8991783632653,25.7304485586408,25.5819423585322,25.5563161681696,25.6331755985647,25.7457990516862,25.6895027225489,25.7099776754511,25.6792637192269,25.7918368132263,25.7406824748218,25.6331755985647,25.494787246305,25.6075621671384,25.6382975199907,25.5563161681696,25.5460639041067,25.5511901638832,25.5921910475291,25.6536617552083,25.6075621671384,25.643419186549,25.669023697602,25.7867225219738,25.6075621671384,25.6843833481574,25.643419186549,25.7611472578112,25.6280534222343,25.7202136256143,25.6536617552083,25.6536617552083,25.6741438357205,25.602438715738,25.5819423585322,25.4229569268991,25.5204287715866,25.4486163763711,25.4588783623232,25.494787246305,25.5870668306474,25.5921910475291,25.4434849990752,25.5973150092137,25.5921910475291,25.6126853634517,25.5870668306474,25.5255563093646,25.5819423585322,25.5614419170025,25.5409373888032,25.5819423585322,25.5460639041067,25.5460639041067,25.6178083047144,25.6126853634517,25.6741438357205,25.6792637192269,25.6075621671384,25.6536617552083,25.6587826573823,25.6536617552083,25.5101729288625,25.5973150092137,25.5153009780981,25.6126853634517,25.5563161681696,25.643419186549,25.6280534222343,25.4845288451903,25.494787246305,25.5870668306474,25.5921910475291,25.602438715738,25.4793992606996,25.5255563093646,25.6075621671384,25.6075621671384,25.5870668306474,25.5768176311468,25.4383533655169,25.4332214756594,25.4126913524992,25.4280893294658,25.3099791333095,25.5921910475291,25.6126853634517,25.6587826573823,25.715095777693,25.7253312192514,25.6895027225489,25.6741438357205,25.6331755985647,25.6485405982759,25.6639033048348,25.7048593188521,25.622930990963,25.6075621671384,25.6639033048348,25.6946218424375,25.6639033048348,25.622930990963,25.6741438357205,25.6639033048348,25.6792637192269,25.7867225219738,25.6587826573823,25.6946218424375,25.7457990516862,25.5973150092137,25.6331755985647,25.6997407078597,25.5358106179362,25.6946218424375,25.4588783623232,25.5921910475291,25.4537474974415,25.5153009780981,25.5358106179362,25.494787246305,25.4434849990752,25.3408035889768,25.325392518149,25.3767537609245,25.4126913524992,25.464008971053,25.4178242679226,25.4280893294658,25.3921571255997,25.4434849990752,25.6382975199907,25.6946218424375,25.6280534222343,25.5409373888032,25.6178083047144,25.8071781644774,25.7048593188521,25.7099776754511,25.622930990963,25.669023697602,25.7099776754511,25.7713781252015,25.8582995191601,25.8429657740965,25.8787409664887,25.7560314431445,25.7457990516862,25.7509153744483,25.6946218424375,25.8020646344419,25.9247194166704,25.9757825654037,25.9451477081579,26.0727330210948,26.1288206708731,26.0472285660339,26.1390151558117,26.0829330403271,26.0931320526798,26.164496970573,26.1339180390234,26.1033300584395,25.985992164309,26.0880326723456
25.4742694202044,25.5614419170025,25.6741438357205,25.4229569268991,25.3562123467933,25.3972910671794,25.5050446238429,25.4845288451903,25.4537474974415,25.5153009780981,25.6331755985647,25.4178242679226,25.4845288451903,25.4537474974415,25.5101729288625,25.5050446238429,25.4126913524992,25.3921571255997,25.3818884725093,25.3818884725093,25.3818884725093,25.5511901638832,25.5204287715866,25.5460639041067,25.4896581737131,25.5050446238429,25.4383533655169,25.6536617552083,25.3767537609245,25.4024247521646,25.4999160630027,25.494787246305,25.3818884725093,25.4024247521646,25.4332214756594,25.4793992606996,25.4178242679226,25.3510763511273,25.6075621671384,25.5460639041067,25.5563161681696,25.5101729288625,25.4126913524992,25.4383533655169,25.3972910671794,25.2894243522202,25.4691393236678,25.5050446238429,25.4742694202044,25.4280893294658,25.4280893294658,25.5050446238429,25.4280893294658,25.2637250847104,25.1968768433364,25.2328774638867,25.464008971053,25.4588783623232,25.2894243522202,25.4280893294658,25.5716926484544,25.4896581737131,25.5511901638832,25.5665674104186,25.4588783623232,25.5358106179362,25.4434849990752,25.3972910671794,25.5255563093646,25.6126853634517,25.5768176311468,25.5768176311468,25.6331755985647,25.602438715738,25.6485405982759,25.6280534222343,25.8174044635856,25.8225172327306,25.7202136256143,25.5563161681696,25.6536617552083,25.7048593188521,25.6280534222343,25.6639033048348,25.6536617552083,25.7867225219738,25.6741438357205,25.5614419170025,25.5050446238429,25.5460639041067,25.4537474974415,25.5204287715866,25.5204287715866,25.5921910475291,25.7099776754511,25.6485405982759,25.6178083047144,25.6639033048348,25.6946218424375,25.7457990516862,25.6178083047144,25.602438715738,25.6178083047144,25.669023697602,25.7304485586408,25.6741438357205,25.5306835914689,25.7048593188521,25.602438715738,25.6536617552083,25.4845288451903,25.464008971053,25.4486163763711,25.4332214756594,25.4896581737131,25.5870668306474,25.602438715738,25.5358106179362,25.5153009780981,25.5358106179362,25.5665674104186,25.6741438357205,25.5921910475291,25.5870668306474,25.5358106179362,25.5306835914689,25.5716926484544,25.5409373888032,25.5665674104186,25.5665674104186,25.5819423585322,25.6178083047144,25.6331755985647,25.6639033048348,25.7253312192514,25.5255563093646,25.5921910475291,25.7355656438188,25.5819423585322,25.5511901638832,25.5306835914689,25.5460639041067,25.5716926484544,25.5563161681696,25.5306835914689,25.4537474974415,25.4075581805922,25.4793992606996,25.4793992606996,25.5921910475291,25.5870668306474,25.6331755985647,25.622930990963,25.5358106179362,25.622930990963,25.4537474974415,25.4691393236678,25.4691393236678,25.4229569268991,25.4280893294658,25.3921571255997,25.5050446238429,25.6331755985647,25.6280534222343,25.6382975199907,25.6178083047144,25.6178083047144,25.5973150092137,25.6536617552083,25.7253312192514,25.6075621671384,25.6485405982759,25.622930990963,25.622930990963,25.7611472578112,25.7304485586408,25.6895027225489,25.5768176311468,25.6587826573823,25.6485405982759,25.6280534222343,25.6895027225489,25.7457990516862,25.5973150092137,25.5358106179362,25.7099776754511,25.5460639041067,25.5255563093646,25.5409373888032,25.5255563093646,25.4999160630027,25.5153009780981,25.4229569268991,25.5306835914689,25.4178242679226,25.4178242679226,25.4896581737131,25.3459400985342,25.3870229273887,25.4126913524992,25.4383533655169,25.4434849990752,25.4178242679226,25.4126913524992,25.4024247521646,25.4332214756594,25.5921910475291,25.5563161681696,25.6280534222343,25.6382975199907,25.6536617552083,25.669023697602,25.643419186549,25.6895027225489,25.6587826573823,25.715095777693,25.7355656438188,25.863410260858,25.7969508507036,25.7713781252015,25.8480772758155,25.7560314431445,25.7918368132263,25.7560314431445,25.7662628184848,25.7764931779977,25.8225172327306,25.8787409664887,26.0880326723456,26.1084286839364,26.0268204667242,26.0625319946962,26.1186251803434,26.1848779015089,26.149208635445,26.016614904526,26.016614904526,26.1288206708731,26.1288206708731,26.0319228696336
25.5614419170025,25.4229569268991,25.4383533655169,25.3716187925976,25.4896581737131,25.4691393236678,25.3562123467933,25.3613480855689,25.4178242679226,25.4742694202044,25.5358106179362,25.4229569268991,25.4896581737131,25.4691393236678,25.4691393236678,25.5101729288625,25.5050446238429,25.5358106179362,25.4024247521646,25.4383533655169,25.3818884725093,25.4845288451903,25.5358106179362,25.5409373888032,25.4588783623232,25.5101729288625,25.5358106179362,25.4434849990752,25.5101729288625,25.4178242679226,25.3818884725093,25.4999160630027,25.4332214756594,25.3459400985342,25.4024247521646,25.4845288451903,25.4896581737131,25.3510763511273,25.4383533655169,25.5306835914689,25.4280893294658,25.5306835914689,25.4486163763711,25.4280893294658,25.4896581737131,25.4024247521646,25.3972910671794,25.5101729288625,25.4896581737131,25.4742694202044,25.5460639041067,25.4537474974415,25.4280893294658,25.2945634334578,25.2842850136107,25.4434849990752,25.4486163763711,25.4742694202044,25.4178242679226,25.4126913524992,25.4332214756594,25.464008971053,25.4999160630027,25.5306835914689,25.5255563093646,25.5460639041067,25.4075581805922,25.4434849990752,25.3613480855689,25.3972910671794,25.4742694202044,25.5255563093646,25.4793992606996,25.5409373888032,25.5921910475291,25.643419186549,25.6895027225489,25.8327420103839,25.868520749288,25.7048593188521,25.6178083047144,25.6485405982759,25.6126853634517,25.622930990963,25.622930990963,25.6587826573823,25.5614419170025,25.6946218424375,25.5819423585322,25.2842850136107,25.3408035889768,25.4999160630027,25.494787246305,25.5460639041067,25.6587826573823,25.6178083047144,25.6126853634517,25.6331755985647,25.5921910475291,25.4999160630027,25.6587826573823,25.602438715738,25.6178083047144,25.6126853634517,25.5768176311468,25.5306835914689,25.5358106179362,25.5306835914689,25.5358106179362,25.643419186549,25.5358106179362,25.5614419170025,25.4434849990752,25.5358106179362,25.4691393236678,25.5306835914689,25.5153009780981,25.5716926484544,25.5870668306474,25.494787246305,25.5153009780981,25.5870668306474,25.5819423585322,25.5306835914689,25.5716926484544,25.5358106179362,25.5563161681696,25.5768176311468,25.6485405982759,25.715095777693,25.6075621671384,25.6587826573823,25.5921910475291,25.643419186549,25.5204287715866,25.6178083047144,25.6331755985647,25.622930990963,25.6485405982759,25.5153009780981,25.5819423585322,25.5460639041067,25.6075621671384,25.5460639041067,25.5716926484544,25.5409373888032,25.4845288451903,25.4999160630027,25.622930990963,25.4845288451903,25.6075621671384,25.6126853634517,25.5050446238429,25.5870668306474,25.6178083047144,25.4126913524992,25.3459400985342,25.2894243522202,25.3305297988212,25.3510763511273,25.3151171854302,25.5460639041067,25.6587826573823,25.7099776754511,25.7253312192514,25.6587826573823,25.5921910475291,25.602438715738,25.6639033048348,25.5563161681696,25.6741438357205,25.715095777693,25.5409373888032,25.715095777693,25.7355656438188,25.6280534222343,25.6639033048348,25.6741438357205,25.5921910475291,25.6792637192269,25.5153009780981,25.6741438357205,25.6946218424375,25.5409373888032,25.5460639041067,25.5358106179362,25.5358106179362,25.5358106179362,25.5101729288625,25.5563161681696,25.5050446238429,25.4280893294658,25.4434849990752,25.4896581737131,25.3716187925976,25.4434849990752,25.4434849990752,25.3510763511273,25.3562123467933,25.3510763511273,25.4383533655169,25.3613480855689,25.464008971053,25.4178242679226,25.5819423585322,25.5255563093646,25.5050446238429,25.5460639041067,25.5511901638832,25.4999160630027,25.5460639041067,25.6792637192269,25.7662628184848,25.6331755985647,25.7048593188521,25.7304485586408,25.7560314431445,25.8327420103839,25.8327420103839,25.8276297483179,25.8582995191601,25.8020646344419,25.7509153744483,25.7764931779977,25.6946218424375,25.8378540189647,25.9247194166704,25.9247194166704,25.9349340679388,26.0574311037199,26.0064083335824,26.0625319946962,26.0115117451654,26.1033300584395,26.1339180390234,26.1695925799393,26.0982311813659,26.0829330403271,26.0319228696336,26.0421269192526
25.5716926484544,25.5358106179362,25.5665674104186,25.4126913524992,25.3716187925976,25.3613480855689,25.258584458684,25.4383533655169,25.4691393236678,25.6639033048348,25.4742694202044,25.4537474974415,25.5255563093646,25.6485405982759,25.4896581737131,25.4178242679226,25.5255563093646,25.5255563093646,25.5153009780981,25.4434849990752,25.2997022573604,25.4332214756594,25.4999160630027,25.4845288451903,25.4075581805922,25.4383533655169,25.5101729288625,25.4742694202044,25.4845288451903,25.3767537609245,25.3818884725093,25.4896581737131,25.4383533655169,25.4024247521646,25.4742694202044,25.4126913524992,25.4332214756594,25.5511901638832,25.4332214756594,25.3972910671794,25.3921571255997,25.4537474974415,25.5921910475291,25.4742694202044,25.5460639041067,25.5050446238429,25.5101729288625,25.5716926484544,25.464008971053,25.4588783623232,25.4280893294658,25.5050446238429,25.4280893294658,25.4434849990752,25.2740055641272,25.2020205629554,25.2842850136107,25.5255563093646,25.4075581805922,25.4178242679226,25.3613480855689,25.4332214756594,25.4999160630027,25.5716926484544,25.5460639041067,25.4332214756594,25.4178242679226,25.3921571255997,25.5204287715866,25.3716187925976,25.4383533655169,25.4896581737131,25.5409373888032,25.6126853634517,25.5101729288625,25.622930990963,25.6895027225489,25.8378540189647,25.7099776754511,25.8174044635856,25.6280534222343,25.6485405982759,25.5973150092137,25.7048593188521,25.6126853634517,25.6792637192269,25.6843833481574,25.5768176311468,25.5511901638832,25.3510763511273,25.325392518149,25.3562123467933,25.3921571255997,25.5460639041067,25.494787246305,25.5050446238429,25.6536617552083,25.602438715738,25.622930990963,25.669023697602,25.6946218424375,25.6946218424375,25.6126853634517,25.602438715738,25.6946218424375,25.6741438357205,25.5358106179362,25.6536617552083,25.5973150092137,25.643419186549,25.4434849990752,25.5870668306474,25.5153009780981,25.5306835914689,25.5358106179362,25.464008971053,25.5870668306474,25.5716926484544,25.5050446238429,25.4537474974415,25.5665674104186,25.4999160630027,25.5870668306474,25.4793992606996,25.5306835914689,25.4999160630027,25.4999160630027,25.5665674104186,25.5819423585322,25.6126853634517,25.622930990963,25.6792637192269,25.6280534222343,25.494787246305,25.6280534222343,25.5973150092137,25.6075621671384,25.6382975199907,25.5665674104186,25.5819423585322,25.5665674104186,25.5768176311468,25.5870668306474,25.622930990963,25.5511901638832,25.4126913524992,25.4383533655169,25.622930990963,25.602438715738,25.5204287715866,25.5563161681696,25.602438715738,25.6178083047144,25.5358106179362,25.6075621671384,25.4486163763711,25.4280893294658,25.4229569268991,25.2997022573604,25.2174501739369,25.3099791333095,25.2997022573604,25.4588783623232,25.6895027225489,25.6382975199907,25.6382975199907,25.6075621671384,25.6382975199907,25.6639033048348,25.5870668306474,25.5973150092137,25.715095777693,25.6587826573823,25.5358106179362,25.643419186549,25.6639033048348,25.6792637192269,25.6587826573823,25.6639033048348,25.6536617552083,25.6126853634517,25.6536617552083,25.6126853634517,25.6536617552083,25.6843833481574,25.5511901638832,25.5768176311468,25.5255563093646,25.5409373888032,25.4845288451903,25.4742694202044,25.3562123467933,25.3972910671794,25.3664835674914,25.2740055641272,25.3099791333095,25.3408035889768,25.4332214756594,25.3510763511273,25.3356668224182,25.3408035889768,25.4691393236678,25.4845288451903,25.5460639041067,25.4537474974415,25.4742694202044,25.4691393236678,25.5614419170025,25.6639033048348,25.5819423585322,25.5614419170025,25.5409373888032,25.5460639041067,25.6946218424375,25.6843833481574,25.5870668306474,25.5973150092137,25.6792637192269,25.7969508507036,25.8327420103839,25.8889601710514,25.7764931779977,25.7764931779977,25.7253312192514,25.7867225219738,25.7816079769097,25.7918368132263,25.9400410144115,25.9400410144115,25.996200753606,25.9451477081579,26.0676326338092,26.149208635445,26.0523299608444,26.0523299608444,26.0523299608444,26.1135270578924,26.0319228696336,26.0268204667242,26.0217178117003
25.4537474974415,25.5409373888032,25.3716187925976,25.3664835674914,25.494787246305,25.3562123467933,25.4896581737131,25.3716187925976,25.4126913524992,25.4691393236678,25.3870229273887,25.4280893294658,25.5050446238429,25.5255563093646,25.4537474974415,25.4178242679226,25.494787246305,25.5204287715866,25.5306835914689,25.5204287715866,25.4588783623232,25.5409373888032,25.4999160630027,25.5819423585322,25.3921571255997,25.464008971053,25.5101729288625,25.4434849990752,25.4845288451903,25.4793992606996,25.4742694202044,25.3767537609245,25.4999160630027,25.4383533655169,25.4793992606996,25.4845288451903,25.4537474974415,25.4383533655169,25.3664835674914,25.2842850136107,25.494787246305,25.4280893294658,25.4742694202044,25.4229569268991,25.5563161681696,25.5563161681696,25.5563161681696,25.5204287715866,25.5050446238429,25.3921571255997,25.3459400985342,25.464008971053,25.4845288451903,25.4332214756594,25.2791454175921,25.2688654531791,25.3972910671794,25.4896581737131,25.4024247521646,25.4845288451903,25.3664835674914,25.4075581805922,25.4537474974415,25.5153009780981,25.5460639041067,25.4793992606996,25.4075581805922,25.3664835674914,25.5101729288625,25.3921571255997,25.4896581737131,25.4845288451903,25.4229569268991,25.5358106179362,25.5358106179362,25.4742694202044,25.6331755985647,25.6382975199907,25.715095777693,25.8736309844862,25.715095777693,25.6382975199907,25.6178083047144,25.6536617552083,25.6587826573823,25.6587826573823,25.5358106179362,25.5665674104186,25.5306835914689,25.4742694202044,25.3459400985342,25.3459400985342,25.3972910671794,25.5101729288625,25.4793992606996,25.2842850136107,25.5716926484544,25.5819423585322,25.5050446238429,25.4742694202044,25.5204287715866,25.6536617552083,25.6895027225489,25.5358106179362,25.5870668306474,25.5306835914689,25.5460639041067,25.5358106179362,25.5973150092137,25.5819423585322,25.5563161681696,25.6126853634517,25.4383533655169,25.3870229273887,25.4691393236678,25.5101729288625,25.494787246305,25.4691393236678,25.4178242679226,25.3972910671794,25.3562123467933,25.4178242679226,25.5050446238429,25.5306835914689,25.5306835914689,25.5819423585322,25.5358106179362,25.5921910475291,25.5819423585322,25.6126853634517,25.643419186549,25.7304485586408,25.622930990963,25.6331755985647,25.6843833481574,25.5973150092137,25.6126853634517,25.5870668306474,25.5870668306474,25.5921910475291,25.5870668306474,25.5511901638832,25.5204287715866,25.4845288451903,25.5409373888032,25.5255563093646,25.5614419170025,25.5460639041067,25.5153009780981,25.494787246305,25.5255563093646,25.5101729288625,25.5101729288625,25.5306835914689,25.4178242679226,25.5306835914689,25.3972910671794,25.4024247521646,25.4126913524992,25.3459400985342,25.2945634334578,25.4793992606996,25.5153009780981,25.5768176311468,25.6075621671384,25.602438715738,25.5973150092137,25.5921910475291,25.6639033048348,25.5819423585322,25.7509153744483,25.7406824748218,25.5358106179362,25.6280534222343,25.5819423585322,25.6792637192269,25.6280534222343,25.5511901638832,25.5409373888032,25.6946218424375,25.5614419170025,25.5153009780981,25.5768176311468,25.5716926484544,25.5614419170025,25.5358106179362,25.4537474974415,25.4896581737131,25.4486163763711,25.5306835914689,25.5716926484544,25.4280893294658,25.3767537609245,25.2740055641272,25.3202549803643,25.3562123467933,25.3408035889768,25.3459400985342,25.3408035889768,25.3767537609245,25.3613480855689,25.4588783623232,25.4229569268991,25.4793992606996,25.494787246305,25.4434849990752,25.4434849990752,25.4537474974415,25.5358106179362,25.5306835914689,25.5973150092137,25.6536617552083,25.4999160630027,25.5665674104186,25.5716926484544,25.5409373888032,25.5716926484544,25.6587826573823,25.6485405982759,25.868520749288,25.7662628184848,25.8889601710514,25.7969508507036,25.7867225219738,25.7202136256143,25.7764931779977,25.863410260858,25.8787409664887,25.9093955434194,26.0472285660339,26.1186251803434,25.996200753606,26.0472285660339,26.0523299608444,26.1441120212736,26.0268204667242,26.0574311037199,26.0115117451654,26.0217178117003,26.0727330210948
25.5306835914689,25.4434849990752,25.5768176311468,25.4229569268991,25.3613480855689,25.3818884725093,25.3408035889768,25.4793992606996,25.5358106179362,25.4126913524992,25.4845288451903,25.5358106179362,25.5153009780981,25.5204287715866,25.4383533655169,25.5255563093646,25.5153009780981,25.4588783623232,25.602438715738,25.5255563093646,25.5511901638832,25.5358106179362,25.5204287715866,25.5460639041067,25.5050446238429,25.4332214756594,25.5153009780981,25.4896581737131,25.4999160630027,25.3562123467933,25.4691393236678,25.464008971053,25.4024247521646,25.5409373888032,25.4588783623232,25.4075581805922,25.4178242679226,25.4024247521646,25.3767537609245,25.3767537609245,25.4742694202044,25.4126913524992,25.3818884725093,25.4434849990752,25.6382975199907,25.5563161681696,25.5665674104186,25.5768176311468,25.6075621671384,25.4588783623232,25.4537474974415,25.5153009780981,25.5306835914689,25.4383533655169,25.3921571255997,25.4332214756594,25.3870229273887,25.4024247521646,25.4178242679226,25.4280893294658,25.3459400985342,25.5204287715866,25.4486163763711,25.5563161681696,25.4383533655169,25.4178242679226,25.494787246305,25.5768176311468,25.3664835674914,25.5050446238429,25.4588783623232,25.4999160630027,25.5050446238429,25.4229569268991,25.5358106179362,25.5460639041067,25.643419186549,25.5409373888032,25.669023697602,25.7202136256143,25.8787409664887,25.8174044635856,25.602438715738,25.669023697602,25.6280534222343,25.5306835914689,25.5614419170025,25.5101729288625,25.5409373888032,25.325392518149,25.3408035889768,25.3562123467933,25.4434849990752,25.5101729288625,25.4383533655169,25.4793992606996,25.5358106179362,25.3972910671794,25.3459400985342,25.5101729288625,25.5101729288625,25.5101729288625,25.4999160630027,25.5409373888032,25.5819423585322,25.5306835914689,25.5768176311468,25.5409373888032,25.5511901638832,25.5409373888032,25.5409373888032,25.5358106179362,25.4229569268991,25.4999160630027,25.5255563093646,25.4434849990752,25.4178242679226,25.4383533655169,25.4332214756594,25.4229569268991,25.3716187925976,25.4588783623232,25.4434849990752,25.5511901638832,25.5409373888032,25.5563161681696,25.5665674104186,25.5973150092137,25.5563161681696,25.5665674104186,25.5768176311468,25.6843833481574,25.6792637192269,25.5153009780981,25.6587826573823,25.5973150092137,25.5460639041067,25.6280534222343,25.5921910475291,25.5921910475291,25.5460639041067,25.5921910475291,25.5101729288625,25.4280893294658,25.6485405982759,25.5153009780981,25.5511901638832,25.5768176311468,25.5204287715866,25.5358106179362,25.5511901638832,25.5460639041067,25.4845288451903,25.5153009780981,25.494787246305,25.4280893294658,25.3972910671794,25.3972910671794,25.4126913524992,25.2997022573604,25.2997022573604,25.3767537609245,25.5409373888032,25.5819423585322,25.622930990963,25.6485405982759,25.6895027225489,25.6280534222343,25.6485405982759,25.5768176311468,25.6536617552083,25.6075621671384,25.5306835914689,25.6331755985647,25.6536617552083,25.6178083047144,25.6178083047144,25.6639033048348,25.669023697602,25.6741438357205,25.602438715738,25.5870668306474,25.5460639041067,25.5460639041067,25.6382975199907,25.6075621671384,25.5358106179362,25.4588783623232,25.4486163763711,25.4434849990752,25.4332214756594,25.4793992606996,25.3562123467933,25.2842850136107,25.3613480855689,25.5153009780981,25.5101729288625,25.4742694202044,25.4486163763711,25.4434849990752,25.3562123467933,25.5768176311468,25.5204287715866,25.5511901638832,25.669023697602,25.6587826573823,25.4024247521646,25.5306835914689,25.5101729288625,25.5614419170025,25.5460639041067,25.643419186549,25.5870668306474,25.4845288451903,25.5716926484544,25.5358106179362,25.6587826573823,25.7764931779977,25.6997407078597,25.7662628184848,25.8991783632653,25.7253312192514,25.7867225219738,25.7713781252015,25.8276297483179,25.6843833481574,25.8174044635856,25.9451477081579,25.9553603376162,26.1084286839364,26.0472285660339,26.0931320526798,26.1033300584395,26.0013046697413,26.1033300584395,26.0268204667242,26.0115117451654,26.0217178117003,25.9910965851406,26.0727330210948
25.3613480855689,25.4332214756594,25.4486163763711,25.3972910671794,25.3921571255997,25.4075581805922,25.4486163763711,25.4742694202044,25.5614419170025,25.4537474974415,25.4486163763711,25.4486163763711,25.5409373888032,25.4793992606996,25.4691393236678,25.5358106179362,25.5255563093646,25.5101729288625,25.5204287715866,25.6075621671384,25.4742694202044,25.5409373888032,25.5050446238429,25.5306835914689,25.4793992606996,25.3408035889768,25.4024247521646,25.3510763511273,25.3818884725093,25.4486163763711,25.4229569268991,25.3202549803643,25.4383533655169,25.4178242679226,25.4486163763711,25.4434849990752,25.4793992606996,25.4332214756594,25.3151171854302,25.4742694202044,25.4588783623232,25.4588783623232,25.4434849990752,25.5460639041067,25.5665674104186,25.5511901638832,25.6178083047144,25.5870668306474,25.5921910475291,25.464008971053,25.5409373888032,25.494787246305,25.4434849990752,25.4178242679226,25.4691393236678,25.4024247521646,25.4332214756594,25.4896581737131,25.4126913524992,25.4229569268991,25.3562123467933,25.4434849990752,25.4280893294658,25.4896581737131,25.4845288451903,25.5306835914689,25.5101729288625,25.5204287715866,25.5101729288625,25.5204287715866,25.4126913524992,25.5204287715866,25.5563161681696,25.4280893294658,25.3202549803643,25.5819423585322,25.5101729288625,25.715095777693,25.6639033048348,25.6997407078597,25.7509153744483,25.7457990516862,25.6895027225489,25.3356668224182,25.4691393236678,25.5409373888032,25.5306835914689,25.5306835914689,25.3562123467933,25.3510763511273,25.2534435750629,25.3510763511273,25.3099791333095,25.4896581737131,25.3408035889768,25.5921910475291,25.4793992606996,25.5511901638832,25.5306835914689,25.5204287715866,25.5306835914689,25.5409373888032,25.5255563093646,25.5306835914689,25.5409373888032,25.494787246305,25.4999160630027,25.5511901638832,25.5614419170025,25.5255563093646,25.4845288451903,25.4178242679226,25.4280893294658,25.5306835914689,25.4229569268991,25.4434849990752,25.4178242679226,25.4178242679226,25.4537474974415,25.4332214756594,25.4075581805922,25.5768176311468,25.5204287715866,25.6741438357205,25.4742694202044,25.4742694202044,25.5563161681696,25.6075621671384,25.5768176311468,25.5768176311468,25.6639033048348,25.5101729288625,25.5255563093646,25.3972910671794,25.5716926484544,25.5101729288625,25.5460639041067,25.5460639041067,25.5153009780981,25.5409373888032,25.5511901638832,25.4537474974415,25.602438715738,25.5665674104186,25.5204287715866,25.5153009780981,25.5358106179362,25.5358106179362,25.5204287715866,25.5204287715866,25.5255563093646,25.5306835914689,25.494787246305,25.3870229273887,25.4280893294658,25.4229569268991,25.5409373888032,25.4999160630027,25.4537474974415,25.4486163763711,25.3870229273887,25.3099791333095,25.5358106179362,25.602438715738,25.5050446238429,25.5563161681696,25.5819423585322,25.5409373888032,25.5665674104186,25.5973150092137,25.5255563093646,25.622930990963,25.5153009780981,25.5460639041067,25.6126853634517,25.6280534222343,25.5614419170025,25.6536617552083,25.669023697602,25.6075621671384,25.643419186549,25.6639033048348,25.5614419170025,25.5409373888032,25.622930990963,25.5819423585322,25.6280534222343,25.5768176311468,25.5460639041067,25.4178242679226,25.5768176311468,25.4229569268991,25.3099791333095,25.2277352917338,25.2277352917338,25.3562123467933,25.5050446238429,25.3459400985342,25.3562123467933,25.2688654531791,25.3767537609245,25.5153009780981,25.6587826573823,25.5101729288625,25.5460639041067,25.5409373888032,25.5358106179362,25.494787246305,25.5563161681696,25.5563161681696,25.669023697602,25.5563161681696,25.5819423585322,25.6587826573823,25.643419186549,25.5358106179362,25.5768176311468,25.5409373888032,25.7611472578112,25.7713781252015,25.7764931779977,25.669023697602,25.7918368132263,25.7355656438188,25.715095777693,25.8122914408466,25.7253312192514,25.8174044635856,25.9808874910754,25.9655719566022,26.0931320526798,26.0982311813659,26.0013046697413,25.9808874910754,26.0319228696336,26.149208635445,26.0217178117003,26.016614904526,25.9655719566022,26.0625319946962
25.3767537609245,25.5819423585322,25.464008971053,25.3716187925976,25.4332214756594,25.4075581805922,25.3767537609245,25.3870229273887,25.4332214756594,25.4793992606996,25.3972910671794,25.5665674104186,25.5563161681696,25.4742694202044,25.5306835914689,25.464008971053,25.5204287715866,25.4742694202044,25.5255563093646,25.5870668306474,25.4588783623232,25.5358106179362,25.4486163763711,25.3048408239653,25.3870229273887,25.4024247521646,25.3664835674914,25.4383533655169,25.4793992606996,25.3356668224182,25.3202549803643,25.3048408239653,25.5050446238429,25.325392518149,25.4024247521646,25.4332214756594,25.4383533655169,25.3613480855689,25.464008971053,25.643419186549,25.3408035889768,25.3972910671794,25.4229569268991,25.2483024338098,25.4332214756594,25.5563161681696,25.5973150092137,25.5973150092137,25.6126853634517,25.5153009780981,25.5204287715866,25.3305297988212,25.4434849990752,25.4691393236678,25.4537474974415,25.2688654531791,25.4075581805922,25.3972910671794,25.4896581737131,25.4178242679226,25.3664835674914,25.3921571255997,25.4126913524992,25.4075581805922,25.5358106179362,25.4896581737131,25.5716926484544,25.5255563093646,25.5101729288625,25.494787246305,25.4537474974415,25.494787246305,25.5050446238429,25.4075581805922,25.3767537609245,25.3870229273887,25.5614419170025,25.5870668306474,25.6536617552083,25.7202136256143,25.6536617552083,25.7253312192514,25.5358106179362,25.3305297988212,25.4691393236678,25.4178242679226,25.5101729288625,25.5204287715866,25.5255563093646,25.3510763511273,25.3048408239653,25.2431610348875,25.3972910671794,25.4845288451903,25.5153009780981,25.4845288451903,25.4896581737131,25.5204287715866,25.5153009780981,25.5204287715866,25.5255563093646,25.3972910671794,25.5306835914689,25.5306835914689,25.5819423585322,25.5511901638832,25.6587826573823,25.4742694202044,25.4845288451903,25.5665674104186,25.4229569268991,25.5204287715866,25.4537474974415,25.4896581737131,25.4999160630027,25.4742694202044,25.4845288451903,25.464008971053,25.3972910671794,25.4537474974415,25.4691393236678,25.5460639041067,25.5460639041067,25.5409373888032,25.5101729288625,25.4691393236678,25.5614419170025,25.5614419170025,25.4588783623232,25.6075621671384,25.5306835914689,25.5768176311468,25.5409373888032,25.5921910475291,25.5409373888032,25.6075621671384,25.643419186549,25.4999160630027,25.5563161681696,25.5460639041067,25.4486163763711,25.6280534222343,25.5614419170025,25.7048593188521,25.622930990963,25.6075621671384,25.5973150092137,25.5255563093646,25.5665674104186,25.5460639041067,25.5050446238429,25.4126913524992,25.5255563093646,25.3818884725093,25.3972910671794,25.5511901638832,25.3921571255997,25.4126913524992,25.3972910671794,25.3664835674914,25.4793992606996,25.5153009780981,25.4691393236678,25.5255563093646,25.3818884725093,25.5563161681696,25.5255563093646,25.4075581805922,25.5153009780981,25.5204287715866,25.5460639041067,25.5050446238429,25.5511901638832,25.5204287715866,25.5819423585322,25.5716926484544,25.5563161681696,25.5716926484544,25.669023697602,25.6126853634517,25.6331755985647,25.6075621671384,25.6126853634517,25.5768176311468,25.6126853634517,25.5409373888032,25.4793992606996,25.5563161681696,25.5921910475291,25.5665674104186,25.4178242679226,25.4178242679226,25.2791454175921,25.2071640245704,25.2123072282184,25.2534435750629,25.3202549803643,25.3099791333095,25.2945634334578,25.3305297988212,25.4691393236678,25.3305297988212,25.5101729288625,25.4024247521646,25.3613480855689,25.464008971053,25.4332214756594,25.3716187925976,25.5460639041067,25.6178083047144,25.6280534222343,25.5563161681696,25.5358106179362,25.5973150092137,25.5255563093646,25.5409373888032,25.5460639041067,25.6485405982759,25.6639033048348,25.7816079769097,25.7662628184848,25.7355656438188,25.7406824748218,25.7355656438188,25.7355656438188,25.8378540189647,25.9093955434194,25.8838506953317,26.0064083335824,26.016614904526,26.0931320526798,25.9808874910754,26.0268204667242,26.0625319946962,26.0778331565889,26.0421269192526,26.0472285660339,26.0319228696336,25.9655719566022,25.9604662734002
25.3870229273887,25.4486163763711,25.4691393236678,25.3767537609245,25.3972910671794,25.4434849990752,25.4126913524992,25.494787246305,25.6895027225489,25.5665674104186,25.5306835914689,25.5716926484544,25.4793992606996,25.4896581737131,25.5050446238429,25.494787246305,25.464008971053,25.4229569268991,25.4793992606996,25.4332214756594,25.3870229273887,25.5306835914689,25.4126913524992,25.3459400985342,25.3921571255997,25.3510763511273,25.4434849990752,25.4896581737131,25.4793992606996,25.4229569268991,25.3356668224182,25.4229569268991,25.4280893294658,25.3305297988212,25.4280893294658,25.3356668224182,25.4588783623232,25.4588783623232,25.5665674104186,25.5768176311468,25.4434849990752,25.4434849990752,25.4332214756594,25.258584458684,25.3048408239653,25.5101729288625,25.4999160630027,25.5204287715866,25.5306835914689,25.5255563093646,25.494787246305,25.4537474974415,25.4332214756594,25.3664835674914,25.4434849990752,25.4793992606996,25.3664835674914,25.3356668224182,25.5101729288625,25.464008971053,25.4383533655169,25.4178242679226,25.464008971053,25.4537474974415,25.5460639041067,25.5255563093646,25.4999160630027,25.5409373888032,25.5255563093646,25.4434849990752,25.4896581737131,25.5050446238429,25.5563161681696,25.4845288451903,25.4075581805922,25.4486163763711,25.4024247521646,25.6178083047144,25.6843833481574,25.5870668306474,25.6536617552083,25.6178083047144,25.4793992606996,25.5716926484544,25.4434849990752,25.2174501739369,25.4178242679226,25.5409373888032,25.4537474974415,25.3870229273887,25.2277352917338,25.3613480855689,25.4332214756594,25.5460639041067,25.464008971053,25.5050446238429,25.5204287715866,25.5716926484544,25.5050446238429,25.5204287715866,25.5204287715866,25.5101729288625,25.4845288451903,25.5460639041067,25.5614419170025,25.5409373888032,25.6075621671384,25.5716926484544,25.494787246305,25.4588783623232,25.5409373888032,25.5563161681696,25.4845288451903,25.5050446238429,25.5153009780981,25.4742694202044,25.5255563093646,25.464008971053,25.4332214756594,25.464008971053,25.4280893294658,25.5563161681696,25.5511901638832,25.5204287715866,25.4332214756594,25.4486163763711,25.4845288451903,25.5614419170025,25.5614419170025,25.5716926484544,25.464008971053,25.5358106179362,25.5409373888032,25.5921910475291,25.5921910475291,25.5716926484544,25.5716926484544,25.5716926484544,25.5563161681696,25.6126853634517,25.5255563093646,25.5306835914689,25.6178083047144,25.7764931779977,25.6178083047144,25.5409373888032,25.5460639041067,25.5614419170025,25.5153009780981,25.5870668306474,25.5101729288625,25.4075581805922,25.3613480855689,25.3459400985342,25.3972910671794,25.5101729288625,25.5306835914689,25.4024247521646,25.494787246305,25.4434849990752,25.4024247521646,25.5153009780981,25.464008971053,25.5255563093646,25.4588783623232,25.4024247521646,25.4126913524992,25.4075581805922,25.494787246305,25.4434849990752,25.4999160630027,25.5358106179362,25.5358106179362,25.4845288451903,25.464008971053,25.4486163763711,25.5101729288625,25.6280534222343,25.5819423585322,25.5870668306474,25.6792637192269,25.643419186549,25.5511901638832,25.622930990963,25.5358106179362,25.5716926484544,25.4691393236678,25.5358106179362,25.5050446238429,25.4845288451903,25.3972910671794,25.4024247521646,25.258584458684,25.2020205629554,25.2277352917338,25.2328774638867,25.325392518149,25.2688654531791,25.2431610348875,25.3408035889768,25.3716187925976,25.2225928617629,25.3562123467933,25.3459400985342,25.4332214756594,25.4383533655169,25.3921571255997,25.4588783623232,25.5153009780981,25.3818884725093,25.602438715738,25.6382975199907,25.6126853634517,25.6485405982759,25.5255563093646,25.5768176311468,25.5409373888032,25.5204287715866,25.7406824748218,25.6639033048348,25.7816079769097,25.7918368132263,25.7764931779977,25.7355656438188,25.7048593188521,25.715095777693,25.7099776754511,25.8174044635856,25.9604662734002,26.0268204667242,26.016614904526,26.0370250204644,26.0319228696336,25.9910965851406,26.1441120212736,26.0370250204644,25.9910965851406,26.0370250204644,26.0115117451654,25.9298268687038
25.464008971053,25.4434849990752,25.4537474974415,25.3099791333095,25.3921571255997,25.3767537609245,25.3921571255997,25.5563161681696,25.4537474974415,25.4691393236678,25.5101729288625,25.5511901638832,25.4896581737131,25.494787246305,25.4332214756594,25.4845288451903,25.4793992606996,25.4793992606996,25.3921571255997,25.4332214756594,25.4229569268991,25.5255563093646,25.3664835674914,25.3202549803643,25.4075581805922,25.3870229273887,25.3870229273887,25.3613480855689,25.3562123467933,25.3459400985342,25.2534435750629,25.3305297988212,25.5511901638832,25.3151171854302,25.3818884725093,25.3408035889768,25.4383533655169,25.5614419170025,25.5716926484544,25.5819423585322,25.4999160630027,25.4126913524992,25.4742694202044,25.3767537609245,25.4434849990752,25.464008971053,25.5204287715866,25.5665674104186,25.5460639041067,25.5563161681696,25.4332214756594,25.4793992606996,25.4845288451903,25.4537474974415,25.3099791333095,25.4999160630027,25.3664835674914,25.3818884725093,25.4075581805922,25.4229569268991,25.4537474974415,25.4537474974415,25.4332214756594,25.4434849990752,25.4537474974415,25.494787246305,25.4332214756594,25.4383533655169,25.5255563093646,25.5050446238429,25.5511901638832,25.3716187925976,25.5153009780981,25.5050446238429,25.5358106179362,25.3562123467933,25.3305297988212,25.5460639041067,25.5716926484544,25.5973150092137,25.4588783623232,25.5768176311468,25.5768176311468,25.5665674104186,25.5204287715866,25.5460639041067,25.4280893294658,25.5358106179362,25.4229569268991,25.3664835674914,25.2123072282184,25.2328774638867,25.3972910671794,25.4999160630027,25.5101729288625,25.4588783623232,25.4896581737131,25.6075621671384,25.5101729288625,25.5204287715866,25.5973150092137,25.5921910475291,25.5614419170025,25.3921571255997,25.4999160630027,25.6075621671384,25.5101729288625,25.5050446238429,25.3716187925976,25.4845288451903,25.494787246305,25.4845288451903,25.5306835914689,25.4742694202044,25.622930990963,25.5255563093646,25.494787246305,25.4845288451903,25.4588783623232,25.464008971053,25.4896581737131,25.4178242679226,25.4896581737131,25.5101729288625,25.5614419170025,25.5665674104186,25.494787246305,25.5921910475291,25.5819423585322,25.5921910475291,25.6382975199907,25.5819423585322,25.6126853634517,25.5409373888032,25.5973150092137,25.5614419170025,25.5819423585322,25.5973150092137,25.5614419170025,25.6485405982759,25.464008971053,25.5511901638832,25.6178083047144,25.7662628184848,25.7713781252015,25.5563161681696,25.5460639041067,25.6075621671384,25.6997407078597,25.4845288451903,25.6639033048348,25.4075581805922,25.3870229273887,25.494787246305,25.3870229273887,25.5153009780981,25.6126853634517,25.6178083047144,25.5563161681696,25.5819423585322,25.494787246305,25.5153009780981,25.5614419170025,25.4999160630027,25.4434849990752,25.4486163763711,25.4280893294658,25.5409373888032,25.4486163763711,25.4178242679226,25.5614419170025,25.6485405982759,25.5101729288625,25.602438715738,25.5716926484544,25.6126853634517,25.5819423585322,25.6843833481574,25.6075621671384,25.5153009780981,25.5870668306474,25.5921910475291,25.4793992606996,25.5973150092137,25.6126853634517,25.5614419170025,25.5255563093646,25.4691393236678,25.5153009780981,25.4332214756594,25.3972910671794,25.3048408239653,25.1814441360816,25.1351320700124,25.2071640245704,25.1917328656758,25.2842850136107,25.3356668224182,25.325392518149,25.3356668224182,25.3664835674914,25.3664835674914,25.3459400985342,25.3408035889768,25.4229569268991,25.3459400985342,25.325392518149,25.494787246305,25.464008971053,25.5563161681696,25.5511901638832,25.5665674104186,25.5716926484544,25.7099776754511,25.4896581737131,25.5306835914689,25.5563161681696,25.6075621671384,25.7406824748218,25.7406824748218,25.7713781252015,25.6485405982759,25.8020646344419,25.6997407078597,25.715095777693,25.7202136256143,25.7611472578112,25.8838506953317,25.9757825654037,25.9808874910754,26.2205348683267,26.0064083335824,26.0319228696336,26.0778331565889,26.0370250204644,26.0370250204644,26.0574311037199,26.0319228696336,25.9502541492142,25.9706773872579
25.3870229273887,25.4793992606996,25.4383533655169,25.325392518149,25.4332214756594,25.4178242679226,25.4332214756594,25.3408035889768,25.464008971053,25.4383533655169,25.5870668306474,25.5870668306474,25.4793992606996,25.464008971053,25.4742694202044,25.4742694202044,25.5050446238429,25.5101729288625,25.4178242679226,25.4126913524992,25.4075581805922,25.4075581805922,25.5973150092137,25.4024247521646,25.3767537609245,25.2277352917338,25.3613480855689,25.4332214756594,25.4588783623232,25.3767537609245,25.3818884725093,25.4332214756594,25.3870229273887,25.3202549803643,25.3202549803643,25.3921571255997,25.3664835674914,25.4588783623232,25.5921910475291,25.464008971053,25.4383533655169,25.5153009780981,25.4896581737131,25.4537474974415,25.3305297988212,25.4588783623232,25.4024247521646,25.5050446238429,25.6382975199907,25.5358106179362,25.5716926484544,25.4280893294658,25.2945634334578,25.3767537609245,25.494787246305,25.4999160630027,25.3921571255997,25.5050446238429,25.4024247521646,25.4024247521646,25.4332214756594,25.494787246305,25.4691393236678,25.5255563093646,25.4588783623232,25.4588783623232,25.4537474974415,25.4999160630027,25.4486163763711,25.5306835914689,25.5870668306474,25.4486163763711,25.5101729288625,25.5358106179362,25.5306835914689,25.5306835914689,25.464008971053,25.4332214756594,25.6485405982759,25.5460639041067,25.5973150092137,25.4434849990752,25.5050446238429,25.464008971053,25.4588783623232,25.4178242679226,25.4229569268991,25.4434849990752,25.4383533655169,25.3305297988212,25.3870229273887,25.3510763511273,25.4537474974415,25.5460639041067,25.5306835914689,25.3921571255997,25.4793992606996,25.4793992606996,25.5204287715866,25.5153009780981,25.5973150092137,25.5768176311468,25.5204287715866,25.5101729288625,25.5050446238429,25.643419186549,25.6331755985647,25.5255563093646,25.5101729288625,25.4434849990752,25.5204287715866,25.4999160630027,25.5306835914689,25.464008971053,25.5358106179362,25.5101729288625,25.4845288451903,25.4896581737131,25.4178242679226,25.4793992606996,25.494787246305,25.4999160630027,25.494787246305,25.4999160630027,25.4896581737131,25.5768176311468,25.4691393236678,25.5050446238429,25.5973150092137,25.5665674104186,25.5614419170025,25.5870668306474,25.5153009780981,25.643419186549,25.5973150092137,25.622930990963,25.5563161681696,25.5563161681696,25.4742694202044,25.4486163763711,25.4537474974415,25.5716926484544,25.643419186549,25.6485405982759,25.6382975199907,25.5511901638832,25.5050446238429,25.4588783623232,25.5716926484544,25.5870668306474,25.5819423585322,25.5409373888032,25.5665674104186,25.3870229273887,25.5153009780981,25.3870229273887,25.5819423585322,25.6075621671384,25.6331755985647,25.6382975199907,25.643419186549,25.6075621671384,25.5101729288625,25.4742694202044,25.4845288451903,25.4896581737131,25.4229569268991,25.4280893294658,25.4896581737131,25.4280893294658,25.5153009780981,25.6843833481574,25.622930990963,25.5819423585322,25.5768176311468,25.602438715738,25.5768176311468,25.5973150092137,25.5921910475291,25.4793992606996,25.5768176311468,25.5819423585322,25.5921910475291,25.5614419170025,25.5819423585322,25.5511901638832,25.5614419170025,25.4691393236678,25.4896581737131,25.5050446238429,25.4896581737131,25.4178242679226,25.2740055641272,24.9445177487934,25.1762993840732,25.2020205629554,25.3408035889768,25.2997022573604,25.3459400985342,25.3767537609245,25.4075581805922,25.3972910671794,25.3202549803643,25.3202549803643,25.3459400985342,25.3356668224182,25.464008971053,25.4383533655169,25.5665674104186,25.5255563093646,25.5511901638832,25.5409373888032,25.6843833481574,25.622930990963,25.4691393236678,25.5101729288625,25.6485405982759,25.5973150092137,25.7662628184848,25.7764931779977,25.8122914408466,25.7867225219738,25.8174044635856,25.7969508507036,25.8327420103839,25.7509153744483,25.8378540189647,25.8531885241579,25.9502541492142,25.9604662734002,26.0013046697413,25.996200753606,26.1033300584395,26.016614904526,25.996200753606,26.0727330210948,26.0625319946962,26.0319228696336,26.0472285660339,26.0370250204644
25.4075581805922,25.464008971053,25.3921571255997,25.2997022573604,25.464008971053,25.4999160630027,25.4896581737131,25.4024247521646,25.5255563093646,25.5358106179362,25.4845288451903,25.4691393236678,25.4793992606996,25.4537474974415,25.4999160630027,25.4434849990752,25.4537474974415,25.4896581737131,25.4588783623232,25.5768176311468,25.4332214756594,25.4280893294658,25.3818884725093,25.3818884725093,25.3972910671794,25.4024247521646,25.3716187925976,25.3767537609245,25.5153009780981,25.5204287715866,25.5563161681696,25.5511901638832,25.4383533655169,25.2997022573604,25.4332214756594,25.3613480855689,25.3510763511273,25.4383533655169,25.5358106179362,25.4332214756594,25.4742694202044,25.5306835914689,25.4434849990752,25.4332214756594,25.4178242679226,25.4537474974415,25.3613480855689,25.5614419170025,25.4588783623232,25.4588783623232,25.5255563093646,25.4691393236678,25.2894243522202,25.4896581737131,25.4845288451903,25.4896581737131,25.5050446238429,25.4126913524992,25.3818884725093,25.494787246305,25.4588783623232,25.5153009780981,25.5101729288625,25.4845288451903,25.4537474974415,25.4691393236678,25.5153009780981,25.5204287715866,25.4896581737131,25.4845288451903,25.5409373888032,25.5306835914689,25.6536617552083,25.6639033048348,25.5716926484544,25.4383533655169,25.4486163763711,25.4588783623232,25.5255563093646,25.5358106179362,25.5563161681696,25.4742694202044,25.5050446238429,25.464008971053,25.3613480855689,25.3870229273887,25.4434849990752,25.4126913524992,25.4178242679226,25.3048408239653,25.3510763511273,25.0733500742259,25.3972910671794,25.4537474974415,25.4845288451903,25.5306835914689,25.4896581737131,25.5153009780981,25.5973150092137,25.5358106179362,25.5204287715866,25.5716926484544,25.5409373888032,25.4486163763711,25.5050446238429,25.5204287715866,25.6946218424375,25.4896581737131,25.622930990963,25.4742694202044,25.3408035889768,25.4434849990752,25.5153009780981,25.4178242679226,25.4742694202044,25.5204287715866,25.5050446238429,25.5101729288625,25.494787246305,25.4742694202044,25.4845288451903,25.4999160630027,25.4896581737131,25.5153009780981,25.5204287715866,25.5768176311468,25.4280893294658,25.6126853634517,25.6178083047144,25.5511901638832,25.5921910475291,25.6536617552083,25.4793992606996,25.6126853634517,25.6792637192269,25.622930990963,25.5665674104186,25.6382975199907,25.5511901638832,25.5768176311468,25.4742694202044,25.5614419170025,25.5819423585322,25.6587826573823,25.7816079769097,25.6075621671384,25.5921910475291,25.5716926484544,25.5460639041067,25.5768176311468,25.5511901638832,25.5255563093646,25.5563161681696,25.3099791333095,25.3972910671794,25.4280893294658,25.5819423585322,25.7611472578112,25.6075621671384,25.5921910475291,25.5921910475291,25.6331755985647,25.5716926484544,25.494787246305,25.4999160630027,25.4845288451903,25.4178242679226,25.4896581737131,25.494787246305,25.5973150092137,25.4434849990752,25.5665674104186,25.5358106179362,25.6126853634517,25.6178083047144,25.4999160630027,25.5819423585322,25.5973150092137,25.5665674104186,25.4742694202044,25.5460639041067,25.5101729288625,25.5460639041067,25.602438715738,25.6075621671384,25.5101729288625,25.5768176311468,25.5101729288625,25.4434849990752,25.4383533655169,25.4845288451903,25.3356668224182,25.2431610348875,25.1660091054476,25.1608635787557,25.2225928617629,25.1917328656758,25.3459400985342,25.2688654531791,25.3664835674914,25.4075581805922,25.4075581805922,25.325392518149,25.3613480855689,25.2688654531791,25.3202549803643,25.4332214756594,25.5255563093646,25.5460639041067,25.5665674104186,25.494787246305,25.5563161681696,25.5665674104186,25.7253312192514,25.5973150092137,25.6485405982759,25.669023697602,25.7202136256143,25.7867225219738,25.8276297483179,25.8429657740965,25.8480772758155,25.7867225219738,25.7355656438188,25.7406824748218,25.7764931779977,25.7867225219738,25.8071781644774,25.9757825654037,25.9706773872579,26.2307203157977,26.0115117451654,26.1084286839364,26.0115117451654,26.1288206708731,26.1084286839364,26.0778331565889,26.0217178117003,26.0421269192526,26.0421269192526
25.3408035889768,25.3716187925976,25.3613480855689,25.3613480855689,25.494787246305,25.4486163763711,25.4845288451903,25.5921910475291,25.5563161681696,25.3972910671794,25.4434849990752,25.2740055641272,25.4537474974415,25.5358106179362,25.3767537609245,25.4896581737131,25.4434849990752,25.4537474974415,25.464008971053,25.5255563093646,25.4178242679226,25.3921571255997,25.2431610348875,25.3767537609245,25.2637250847104,25.2894243522202,25.3613480855689,25.2997022573604,25.4075581805922,25.4383533655169,25.4486163763711,25.4845288451903,25.4588783623232,25.2945634334578,25.3048408239653,25.325392518149,25.4486163763711,25.4486163763711,25.5153009780981,25.4126913524992,25.494787246305,25.4434849990752,25.464008971053,25.4229569268991,25.4896581737131,25.4691393236678,25.464008971053,25.4332214756594,25.4332214756594,25.3921571255997,25.4075581805922,25.3921571255997,25.4486163763711,25.4793992606996,25.4793992606996,25.3818884725093,25.5050446238429,25.4075581805922,25.4742694202044,25.5511901638832,25.4742694202044,25.5050446238429,25.5511901638832,25.5306835914689,25.4383533655169,25.5153009780981,25.5153009780981,25.5101729288625,25.5306835914689,25.494787246305,25.5255563093646,25.5204287715866,25.5973150092137,25.6536617552083,25.6485405982759,25.494787246305,25.4178242679226,25.4486163763711,25.5306835914689,25.4999160630027,25.5563161681696,25.5819423585322,25.5050446238429,25.4280893294658,25.3870229273887,25.5409373888032,25.4075581805922,25.4280893294658,25.3048408239653,25.2740055641272,25.2637250847104,25.2637250847104,25.4383533655169,25.5153009780981,25.5255563093646,25.5255563093646,25.5050446238429,25.4691393236678,25.494787246305,25.4845288451903,25.5870668306474,25.4691393236678,25.5665674104186,25.5409373888032,25.5665674104186,25.4896581737131,25.5614419170025,25.5921910475291,25.464008971053,25.5101729288625,25.5101729288625,25.4434849990752,25.3870229273887,25.4024247521646,25.5409373888032,25.5460639041067,25.4486163763711,25.5153009780981,25.5101729288625,25.4896581737131,25.5460639041067,25.4896581737131,25.464008971053,25.4691393236678,25.4742694202044,25.6126853634517,25.6280534222343,25.5973150092137,25.6587826573823,25.5819423585322,25.6587826573823,25.6485405982759,25.5511901638832,25.6178083047144,25.5819423585322,25.6485405982759,25.6075621671384,25.5819423585322,25.6639033048348,25.622930990963,25.5204287715866,25.5101729288625,25.5819423585322,25.6485405982759,25.6075621671384,25.5716926484544,25.5563161681696,25.5665674104186,25.5563161681696,25.5665674104186,25.602438715738,25.5819423585322,25.5409373888032,25.4383533655169,25.3151171854302,25.4588783623232,25.602438715738,25.6587826573823,25.669023697602,25.6536617552083,25.6792637192269,25.5050446238429,25.4742694202044,25.4691393236678,25.494787246305,25.4999160630027,25.4024247521646,25.3972910671794,25.4742694202044,25.3921571255997,25.464008971053,25.5204287715866,25.5921910475291,25.5819423585322,25.6075621671384,25.6178083047144,25.5973150092137,25.6178083047144,25.5665674104186,25.602438715738,25.4691393236678,25.5358106179362,25.5050446238429,25.6382975199907,25.5973150092137,25.5819423585322,25.4999160630027,25.622930990963,25.4588783623232,25.464008971053,25.4793992606996,25.2945634334578,25.2894243522202,25.1762993840732,25.1299849929454,25.1557177937613,25.1608635787557,25.3613480855689,25.3562123467933,25.2945634334578,25.3613480855689,25.2431610348875,25.2894243522202,25.3562123467933,25.3870229273887,25.3921571255997,25.4434849990752,25.4537474974415,25.4126913524992,25.4434849990752,25.3972910671794,25.494787246305,25.4845288451903,25.5358106179362,25.4691393236678,25.5614419170025,25.6639033048348,25.6280534222343,25.7816079769097,25.7918368132263,25.7918368132263,25.715095777693,25.8122914408466,25.6792637192269,25.7457990516862,25.7867225219738,25.8020646344419,25.9042870798318,25.863410260858,25.9247194166704,26.0115117451654,26.0880326723456,26.0676326338092,26.0370250204644,26.0472285660339,26.0727330210948,25.985992164309,25.996200753606,26.0319228696336,26.0115117451654
25.3870229273887,25.3972910671794,25.4126913524992,25.4896581737131,25.4178242679226,25.4486163763711,25.5204287715866,25.3716187925976,25.5050446238429,25.4742694202044,25.4999160630027,25.4126913524992,25.464008971053,25.4691393236678,25.5255563093646,25.4537474974415,25.4691393236678,25.5153009780981,25.4537474974415,25.4691393236678,25.5306835914689,25.3870229273887,25.3870229273887,25.3818884725093,25.3818884725093,25.3664835674914,25.4999160630027,25.3716187925976,25.5306835914689,25.4178242679226,25.4486163763711,25.494787246305,25.2894243522202,25.4588783623232,25.3048408239653,25.325392518149,25.464008971053,25.5153009780981,25.4588783623232,25.4845288451903,25.3921571255997,25.4434849990752,25.4845288451903,25.5511901638832,25.4486163763711,25.3921571255997,25.4691393236678,25.4383533655169,25.4691393236678,25.3921571255997,25.3870229273887,25.4280893294658,25.464008971053,25.5153009780981,25.5050446238429,25.4742694202044,25.4075581805922,25.3818884725093,25.3870229273887,25.3818884725093,25.494787246305,25.4691393236678,25.4793992606996,25.5255563093646,25.6843833481574,25.5511901638832,25.5409373888032,25.5409373888032,25.4383533655169,25.6331755985647,25.5101729288625,25.4999160630027,25.643419186549,25.5204287715866,25.6075621671384,25.6280534222343,25.5460639041067,25.4537474974415,25.4588783623232,25.5050446238429,25.3921571255997,25.5716926484544,25.464008971053,25.3818884725093,25.5358106179362,25.4793992606996,25.4845288451903,25.3664835674914,25.2842850136107,25.2688654531791,25.2791454175921,25.2740055641272,25.4075581805922,25.5153009780981,25.4486163763711,25.5358106179362,25.5665674104186,25.4486163763711,25.6895027225489,25.5563161681696,25.5255563093646,25.5665674104186,25.4691393236678,25.5563161681696,25.5511901638832,25.4383533655169,25.4537474974415,25.4896581737131,25.4434849990752,25.5255563093646,25.3664835674914,25.4229569268991,25.3510763511273,25.4383533655169,25.5665674104186,25.5511901638832,25.5511901638832,25.5409373888032,25.4588783623232,25.5306835914689,25.5050446238429,25.494787246305,25.3921571255997,25.4588783623232,25.602438715738,25.5306835914689,25.6126853634517,25.6331755985647,25.4486163763711,25.6126853634517,25.5409373888032,25.5870668306474,25.5921910475291,25.5101729288625,25.6075621671384,25.6895027225489,25.6280534222343,25.6843833481574,25.5716926484544,25.6126853634517,25.5306835914689,25.5768176311468,25.6485405982759,25.6792637192269,25.5563161681696,25.4896581737131,25.5768176311468,25.5665674104186,25.5614419170025,25.6485405982759,25.602438715738,25.4845288451903,25.3870229273887,25.5255563093646,25.4280893294658,25.5409373888032,25.5153009780981,25.6485405982759,25.6331755985647,25.7099776754511,25.5101729288625,25.3664835674914,25.3972910671794,25.4126913524992,25.4845288451903,25.5204287715866,25.494787246305,25.4024247521646,25.3972910671794,25.4845288451903,25.4383533655169,25.4537474974415,25.5101729288625,25.5819423585322,25.4999160630027,25.5973150092137,25.602438715738,25.494787246305,25.5973150092137,25.5870668306474,25.5768176311468,25.5153009780981,25.4229569268991,25.5153009780981,25.5614419170025,25.5870668306474,25.5614419170025,25.5306835914689,25.4845288451903,25.4742694202044,25.4383533655169,25.4075581805922,25.2894243522202,25.2123072282184,25.14027888859,25.2380193782588,25.1762993840732,25.3613480855689,25.3613480855689,25.1968768433364,25.3048408239653,25.2071640245704,25.3151171854302,25.2123072282184,25.2328774638867,25.3921571255997,25.3510763511273,25.4280893294658,25.4332214756594,25.4896581737131,25.4332214756594,25.5511901638832,25.4434849990752,25.4742694202044,25.464008971053,25.5511901638832,25.5870668306474,25.622930990963,25.6075621671384,25.7202136256143,25.7918368132263,25.7406824748218,25.7764931779977,25.7355656438188,25.7816079769097,25.7202136256143,25.9093955434194,25.8838506953317,25.9502541492142,25.9502541492142,25.996200753606,26.0727330210948,26.0064083335824,26.016614904526,26.0064083335824,26.0472285660339,25.8889601710514,25.9757825654037,25.985992164309,25.8429657740965
25.2945634334578,25.5511901638832,25.2071640245704,25.3408035889768,25.4178242679226,25.4845288451903,25.3972910671794,25.3972910671794,25.494787246305,25.4178242679226,25.4280893294658,25.4793992606996,25.4537474974415,25.4280893294658,25.464008971053,25.4280893294658,25.3870229273887,25.4588783623232,25.5614419170025,25.5409373888032,25.5614419170025,25.5563161681696,25.5409373888032,25.3921571255997,25.3408035889768,25.3767537609245,25.2534435750629,25.3510763511273,25.4332214756594,25.4434849990752,25.5563161681696,25.4537474974415,25.4024247521646,25.2997022573604,25.2945634334578,25.5101729288625,25.3562123467933,25.4793992606996,25.5870668306474,25.4793992606996,25.4024247521646,25.4793992606996,25.4691393236678,25.5255563093646,25.4691393236678,25.464008971053,25.4896581737131,25.4024247521646,25.3921571255997,25.3921571255997,25.3870229273887,25.4793992606996,25.4845288451903,25.3972910671794,25.5563161681696,25.4229569268991,25.4486163763711,25.4075581805922,25.3921571255997,25.464008971053,25.3921571255997,25.464008971053,25.4537474974415,25.5153009780981,25.494787246305,25.5460639041067,25.5306835914689,25.5050446238429,25.5255563093646,25.5460639041067,25.5460639041067,25.5511901638832,25.643419186549,25.7253312192514,25.6895027225489,25.6997407078597,25.4793992606996,25.494787246305,25.5101729288625,25.494787246305,25.4845288451903,25.5050446238429,25.4486163763711,25.3099791333095,25.3716187925976,25.4486163763711,25.4793992606996,25.3921571255997,25.3818884725093,25.2945634334578,25.4075581805922,25.258584458684,25.2123072282184,25.4332214756594,25.622930990963,25.5870668306474,25.5665674104186,25.5614419170025,25.4742694202044,25.4486163763711,25.5306835914689,25.5101729288625,25.5665674104186,25.4537474974415,25.4383533655169,25.4793992606996,25.4588783623232,25.4126913524992,25.4434849990752,25.3767537609245,25.3972910671794,25.4024247521646,25.4434849990752,25.3510763511273,25.4434849990752,25.5409373888032,25.622930990963,25.5409373888032,25.5511901638832,25.4845288451903,25.5511901638832,25.5101729288625,25.3921571255997,25.5614419170025,25.602438715738,25.5511901638832,25.643419186549,25.6587826573823,25.5460639041067,25.5563161681696,25.6485405982759,25.5358106179362,25.5306835914689,25.6587826573823,25.6536617552083,25.669023697602,25.6997407078597,25.5460639041067,25.5973150092137,25.6331755985647,25.5665674104186,25.5101729288625,25.5768176311468,25.5306835914689,25.6946218424375,25.602438715738,25.5768176311468,25.5511901638832,25.5511901638832,25.5563161681696,25.5101729288625,25.3767537609245,25.3664835674914,25.4229569268991,25.4537474974415,25.5255563093646,25.5614419170025,25.6741438357205,25.715095777693,25.7406824748218,25.6587826573823,25.4075581805922,25.4126913524992,25.4896581737131,25.4434849990752,25.5973150092137,25.5409373888032,25.4280893294658,25.4126913524992,25.4793992606996,25.5511901638832,25.4229569268991,25.6075621671384,25.6178083047144,25.6126853634517,25.6536617552083,25.6178083047144,25.6075621671384,25.5819423585322,25.5921910475291,25.5870668306474,25.5768176311468,25.602438715738,25.622930990963,25.5921910475291,25.5973150092137,25.5870668306474,25.4742694202044,25.5819423585322,25.4537474974415,25.4691393236678,25.464008971053,25.3099791333095,25.2791454175921,25.2071640245704,25.1196900631945,25.1865886299367,25.2020205629554,25.3562123467933,25.3716187925976,25.3716187925976,25.2688654531791,25.3202549803643,25.3408035889768,25.3305297988212,25.4486163763711,25.4178242679226,25.4024247521646,25.6126853634517,25.6587826573823,25.4896581737131,25.4845288451903,25.5204287715866,25.5409373888032,25.5716926484544,25.6587826573823,25.622930990963,25.715095777693,25.6895027225489,25.7816079769097,25.7202136256143,25.7867225219738,25.7355656438188,25.6843833481574,25.8276297483179,25.7764931779977,25.9145037540644,26.0115117451654,25.9553603376162,25.9553603376162,25.9553603376162,26.0472285660339,25.9451477081579,26.1033300584395,26.0268204667242,26.0931320526798,26.0013046697413,26.0268204667242,25.9808874910754,25.9757825654037
25.4229569268991,25.3870229273887,25.2637250847104,25.3972910671794,25.494787246305,25.4229569268991,25.3818884725093,25.4845288451903,25.3716187925976,25.4383533655169,25.464008971053,25.4742694202044,25.4332214756594,25.4024247521646,25.3818884725093,25.4280893294658,25.5665674104186,25.5716926484544,25.5050446238429,25.5306835914689,25.5614419170025,25.4024247521646,25.3921571255997,25.4793992606996,25.3921571255997,25.3972910671794,25.3716187925976,25.2791454175921,25.3356668224182,25.3562123467933,25.4024247521646,25.3921571255997,25.2894243522202,25.3099791333095,25.4075581805922,25.3459400985342,25.3305297988212,25.3305297988212,25.4742694202044,25.4896581737131,25.3408035889768,25.3716187925976,25.5409373888032,25.3921571255997,25.5614419170025,25.4742694202044,25.3767537609245,25.4588783623232,25.4229569268991,25.4126913524992,25.3921571255997,25.4793992606996,25.4896581737131,25.4793992606996,25.4999160630027,25.4999160630027,25.4999160630027,25.4793992606996,25.5153009780981,25.4126913524992,25.3664835674914,25.4691393236678,25.4280893294658,25.5614419170025,25.5665674104186,25.5153009780981,25.4229569268991,25.5101729288625,25.6382975199907,25.5358106179362,25.5153009780981,25.5973150092137,25.5306835914689,25.6997407078597,25.7202136256143,25.6536617552083,25.6126853634517,25.5563161681696,25.5050446238429,25.3716187925976,25.5768176311468,25.5768176311468,25.4845288451903,25.4280893294658,25.5460639041067,25.5768176311468,25.6178083047144,25.5614419170025,25.4486163763711,25.4280893294658,25.3099791333095,25.3151171854302,25.2997022573604,25.3818884725093,25.4742694202044,25.5768176311468,25.5511901638832,25.3099791333095,25.4999160630027,25.5204287715866,25.4691393236678,25.494787246305,25.464008971053,25.464008971053,25.494787246305,25.4537474974415,25.4691393236678,25.464008971053,25.4229569268991,25.3972910671794,25.4999160630027,25.464008971053,25.4845288451903,25.5511901638832,25.5768176311468,25.464008971053,25.5204287715866,25.5460639041067,25.5614419170025,25.6126853634517,25.5101729288625,25.5409373888032,25.5870668306474,25.5101729288625,25.6280534222343,25.5973150092137,25.6587826573823,25.6639033048348,25.5563161681696,25.6485405982759,25.5460639041067,25.6485405982759,25.5358106179362,25.6382975199907,25.602438715738,25.6126853634517,25.643419186549,25.6895027225489,25.5870668306474,25.6075621671384,25.643419186549,25.5870668306474,25.6536617552083,25.643419186549,25.6382975199907,25.6843833481574,25.6280534222343,25.602438715738,25.6536617552083,25.6639033048348,25.5716926484544,25.5050446238429,25.4229569268991,25.4332214756594,25.4896581737131,25.669023697602,25.6741438357205,25.7713781252015,25.7662628184848,25.6895027225489,25.6382975199907,25.4999160630027,25.4024247521646,25.4075581805922,25.4024247521646,25.6895027225489,25.3972910671794,25.4537474974415,25.4691393236678,25.5460639041067,25.4588783623232,25.5768176311468,25.5921910475291,25.5870668306474,25.6126853634517,25.622930990963,25.602438715738,25.5614419170025,25.5511901638832,25.5460639041067,25.5511901638832,25.6280534222343,25.5665674104186,25.5050446238429,25.5921910475291,25.5511901638832,25.5255563093646,25.5511901638832,25.5460639041067,25.5204287715866,25.5460639041067,25.4383533655169,25.3664835674914,25.2842850136107,25.2894243522202,25.2174501739369,25.2225928617629,25.3408035889768,25.3099791333095,25.3921571255997,25.3767537609245,25.3716187925976,25.2740055641272,25.3356668224182,25.3767537609245,25.3921571255997,25.4537474974415,25.602438715738,25.4537474974415,25.5409373888032,25.5204287715866,25.5768176311468,25.4434849990752,25.5614419170025,25.5819423585322,25.5563161681696,25.6843833481574,25.7662628184848,25.7406824748218,25.7355656438188,25.7457990516862,25.8174044635856,25.7560314431445,25.7764931779977,25.7969508507036,25.9349340679388,25.985992164309,26.016614904526,26.0013046697413,26.0778331565889,26.016614904526,26.0727330210948,26.0931320526798,26.0931320526798,26.0931320526798,26.0625319946962,26.0829330403271,25.9604662734002,26.0319228696336,25.9502541492142
25.3716187925976,25.4178242679226,25.3408035889768,25.4178242679226,25.4896581737131,25.5050446238429,25.5358106179362,25.5101729288625,25.5153009780981,25.3664835674914,25.4793992606996,25.4537474974415,25.4742694202044,25.4178242679226,25.5409373888032,25.5101729288625,25.5921910475291,25.5306835914689,25.6382975199907,25.4845288451903,25.5306835914689,25.5870668306474,25.5511901638832,25.5101729288625,25.4588783623232,25.4588783623232,25.4075581805922,25.3870229273887,25.3305297988212,25.4024247521646,25.4229569268991,25.5204287715866,25.3972910671794,25.4075581805922,25.5101729288625,25.5050446238429,25.4434849990752,25.4845288451903,25.4793992606996,25.4383533655169,25.3613480855689,25.3767537609245,25.5409373888032,25.5358106179362,25.5819423585322,25.6075621671384,25.4486163763711,25.494787246305,25.4793992606996,25.5101729288625,25.4896581737131,25.4896581737131,25.4793992606996,25.5050446238429,25.494787246305,25.5511901638832,25.4793992606996,25.4075581805922,25.3972910671794,25.4742694202044,25.3921571255997,25.4229569268991,25.5716926484544,25.5153009780981,25.5563161681696,25.5358106179362,25.5204287715866,25.5614419170025,25.5665674104186,25.6382975199907,25.622930990963,25.5870668306474,25.5460639041067,25.6075621671384,25.6178083047144,25.6178083047144,25.6997407078597,25.6126853634517,25.3510763511273,25.3716187925976,25.5306835914689,25.7253312192514,25.5204287715866,25.5255563093646,25.5921910475291,25.6536617552083,25.5460639041067,25.5665674104186,25.2688654531791,25.2997022573604,25.3562123467933,25.3716187925976,25.3459400985342,25.3459400985342,25.5306835914689,25.5409373888032,25.5716926484544,25.5460639041067,25.5306835914689,25.4793992606996,25.4691393236678,25.464008971053,25.5716926484544,25.4691393236678,25.4742694202044,25.4742694202044,25.494787246305,25.5306835914689,25.4280893294658,25.4229569268991,25.4486163763711,25.5973150092137,25.5716926484544,25.4845288451903,25.6075621671384,25.5409373888032,25.5665674104186,25.5511901638832,25.5819423585322,25.5716926484544,25.5511901638832,25.5255563093646,25.5204287715866,25.6126853634517,25.5973150092137,25.602438715738,25.5973150092137,25.6536617552083,25.5511901638832,25.5665674104186,25.6331755985647,25.6126853634517,25.6536617552083,25.5768176311468,25.5973150092137,25.6639033048348,25.5563161681696,25.5973150092137,25.5921910475291,25.5870668306474,25.6331755985647,25.8276297483179,25.6382975199907,25.643419186549,25.5716926484544,25.6741438357205,25.5819423585322,25.7406824748218,25.643419186549,25.5973150092137,25.5563161681696,25.5665674104186,25.4588783623232,25.4383533655169,25.4126913524992,25.6792637192269,25.7611472578112,25.7406824748218,25.7560314431445,25.7509153744483,25.6843833481574,25.5921910475291,25.4178242679226,25.3921571255997,25.4383533655169,25.5819423585322,25.4178242679226,25.4383533655169,25.4126913524992,25.5511901638832,25.643419186549,25.5819423585322,25.5614419170025,25.6895027225489,25.6536617552083,25.6178083047144,25.6997407078597,25.5358106179362,25.6946218424375,25.5204287715866,25.5973150092137,25.5921910475291,25.5101729288625,25.6075621671384,25.5460639041067,25.5460639041067,25.5716926484544,25.5358106179362,25.6536617552083,25.4537474974415,25.4742694202044,25.4486163763711,25.494787246305,25.3716187925976,25.3408035889768,25.2791454175921,25.1608635787557,25.1762993840732,25.2380193782588,25.4229569268991,25.2997022573604,25.2997022573604,25.2894243522202,25.3099791333095,25.3305297988212,25.3767537609245,25.3870229273887,25.3716187925976,25.5870668306474,25.6280534222343,25.5614419170025,25.4845288451903,25.6382975199907,25.5665674104186,25.5870668306474,25.5614419170025,25.6741438357205,25.7560314431445,25.7969508507036,25.7560314431445,25.8071781644774,25.8122914408466,25.7969508507036,25.7662628184848,25.9553603376162,25.9604662734002,26.0880326723456,26.0931320526798,26.0931320526798,26.0727330210948,26.0829330403271,26.0472285660339,26.1135270578924,26.0574311037199,26.164496970573,26.0982311813659,26.1033300584395,26.0778331565889,26.0523299608444,25.9706773872579
25.4280893294658,25.3562123467933,25.5563161681696,25.5101729288625,25.464008971053,25.3921571255997,25.4126913524992,25.4280893294658,25.494787246305,25.5358106179362,25.4691393236678,25.4588783623232,25.4332214756594,25.4434849990752,25.4280893294658,25.4126913524992,25.4332214756594,25.4691393236678,25.6331755985647,25.6280534222343,25.5614419170025,25.4383533655169,25.4588783623232,25.5358106179362,25.5306835914689,25.4434849990752,25.3562123467933,25.3305297988212,25.3408035889768,25.2945634334578,25.3048408239653,25.4024247521646,25.3921571255997,25.4845288451903,25.4896581737131,25.4999160630027,25.4588783623232,25.4588783623232,25.4845288451903,25.4845288451903,25.4742694202044,25.5101729288625,25.5460639041067,25.5973150092137,25.5409373888032,25.4434849990752,25.4280893294658,25.3972910671794,25.494787246305,25.5409373888032,25.4999160630027,25.4486163763711,25.4742694202044,25.4999160630027,25.5614419170025,25.4332214756594,25.4742694202044,25.5409373888032,25.4178242679226,25.4486163763711,25.4280893294658,25.5870668306474,25.5050446238429,25.5819423585322,25.5204287715866,25.4178242679226,25.602438715738,25.5460639041067,25.5716926484544,25.6382975199907,25.4691393236678,25.5255563093646,25.7355656438188,25.6178083047144,25.622930990963,25.6895027225489,25.6843833481574,25.6895027225489,25.4537474974415,25.4075581805922,25.5768176311468,25.5819423585322,25.5819423585322,25.4742694202044,25.4588783623232,25.4229569268991,25.5306835914689,25.3613480855689,25.4178242679226,25.325392518149,25.2791454175921,25.3356668224182,25.4537474974415,25.3562123467933,25.4793992606996,25.5614419170025,25.5768176311468,25.5511901638832,25.5768176311468,25.4691393236678,25.4896581737131,25.5101729288625,25.4999160630027,25.6997407078597,25.4896581737131,25.5460639041067,25.4434849990752,25.4229569268991,25.4383533655169,25.4434849990752,25.5153009780981,25.4434849990752,25.4691393236678,25.4793992606996,25.4742694202044,25.5460639041067,25.5460639041067,25.6280534222343,25.5460639041067,25.5665674104186,25.5358106179362,25.5153009780981,25.5101729288625,25.5358106179362,25.5870668306474,25.5306835914689,25.5614419170025,25.5511901638832,25.6331755985647,25.5716926484544,25.6639033048348,25.6280534222343,25.6075621671384,25.602438715738,25.6075621671384,25.622930990963,25.6587826573823,25.5819423585322,25.5460639041067,25.5870668306474,25.6178083047144,25.602438715738,25.6485405982759,25.6536617552083,25.464008971053,25.5819423585322,25.6126853634517,25.622930990963,25.5973150092137,25.6485405982759,25.5255563093646,25.4280893294658,25.5716926484544,25.4332214756594,25.3972910671794,25.602438715738,25.7816079769097,25.6997407078597,25.7611472578112,25.7560314431445,25.7764931779977,25.6280534222343,25.3562123467933,25.4845288451903,25.3818884725093,25.464008971053,25.3870229273887,25.5921910475291,25.5101729288625,25.5460639041067,25.5460639041067,25.5306835914689,25.5973150092137,25.6895027225489,25.7099776754511,25.5665674104186,25.5204287715866,25.5409373888032,25.5768176311468,25.5614419170025,25.5614419170025,25.5870668306474,25.4896581737131,25.5973150092137,25.6536617552083,25.5870668306474,25.5870668306474,25.5409373888032,25.5460639041067,25.5563161681696,25.4896581737131,25.5665674104186,25.4588783623232,25.4486163763711,25.3459400985342,25.2277352917338,25.1557177937613,25.1660091054476,25.2380193782588,25.2637250847104,25.2277352917338,25.2483024338098,25.1608635787557,25.2174501739369,25.2791454175921,25.4024247521646,25.3767537609245,25.5306835914689,25.5101729288625,25.5101729288625,25.6126853634517,25.5973150092137,25.6075621671384,25.6485405982759,25.6536617552083,25.6587826573823,25.6587826573823,25.715095777693,25.7048593188521,25.7713781252015,25.7611472578112,26.0472285660339,25.9553603376162,25.9604662734002,26.0421269192526,26.1899725066411,26.0676326338092,26.0217178117003,26.0472285660339,26.1186251803434,26.123723051325,26.0880326723456,26.149208635445,25.985992164309,26.123723051325,26.0931320526798,26.1033300584395,26.1899725066411,26.1950668608041,26.0982311813659
25.5153009780981,25.4742694202044,25.5665674104186,25.5255563093646,25.5101729288625,25.4178242679226,25.4280893294658,25.5153009780981,25.5358106179362,25.4845288451903,25.5460639041067,25.4434849990752,25.5050446238429,25.494787246305,25.4434849990752,25.4229569268991,25.5511901638832,25.6382975199907,25.5921910475291,25.494787246305,25.4075581805922,25.4280893294658,25.4126913524992,25.4126913524992,25.4486163763711,25.3870229273887,25.4229569268991,25.3408035889768,25.4126913524992,25.4075581805922,25.3818884725093,25.4691393236678,25.494787246305,25.4742694202044,25.5768176311468,25.5409373888032,25.5973150092137,25.5050446238429,25.4691393236678,25.6178083047144,25.4896581737131,25.5204287715866,25.5563161681696,25.5255563093646,25.5819423585322,25.5563161681696,25.494787246305,25.4999160630027,25.5101729288625,25.4126913524992,25.5153009780981,25.5614419170025,25.4793992606996,25.5306835914689,25.5819423585322,25.4845288451903,25.5511901638832,25.5460639041067,25.7048593188521,25.3818884725093,25.4280893294658,25.4178242679226,25.5460639041067,25.5973150092137,25.5204287715866,25.5306835914689,25.5511901638832,25.4178242679226,25.6178083047144,25.5460639041067,25.6126853634517,25.5255563093646,25.602438715738,25.6075621671384,25.6126853634517,25.5358106179362,25.6639033048348,25.4486163763711,25.4845288451903,25.5870668306474,25.5716926484544,25.602438715738,25.5204287715866,25.5511901638832,25.5255563093646,25.4999160630027,25.3972910671794,25.4075581805922,25.4280893294658,25.3562123467933,25.2791454175921,25.3664835674914,25.494787246305,25.5358106179362,25.4537474974415,25.4332214756594,25.5563161681696,25.5153009780981,25.4383533655169,25.5050446238429,25.4896581737131,25.4793992606996,25.4896581737131,25.5306835914689,25.5665674104186,25.5255563093646,25.464008971053,25.5358106179362,25.5101729288625,25.5153009780981,25.5819423585322,25.4691393236678,25.5460639041067,25.5614419170025,25.5255563093646,25.602438715738,25.5511901638832,25.5511901638832,25.5614419170025,25.5511901638832,25.5870668306474,25.5870668306474,25.5973150092137,25.5819423585322,25.669023697602,25.6741438357205,25.6280534222343,25.602438715738,25.6741438357205,25.6178083047144,25.5614419170025,25.7662628184848,25.7048593188521,25.7304485586408,25.7304485586408,25.6792637192269,25.602438715738,25.5921910475291,25.5563161681696,25.6178083047144,25.6485405982759,25.6792637192269,25.602438715738,25.622930990963,25.715095777693,25.7202136256143,25.6331755985647,25.6946218424375,25.6895027225489,25.6331755985647,25.5101729288625,25.5358106179362,25.6331755985647,25.4024247521646,25.5973150092137,25.622930990963,25.6997407078597,25.6895027225489,25.6485405982759,25.6331755985647,25.7048593188521,25.5819423585322,25.4486163763711,25.4024247521646,25.3716187925976,25.4024247521646,25.4486163763711,25.5511901638832,25.5204287715866,25.4793992606996,25.5768176311468,25.5768176311468,25.6075621671384,25.5870668306474,25.6946218424375,25.5716926484544,25.6075621671384,25.5409373888032,25.5768176311468,25.5665674104186,25.6280534222343,25.622930990963,25.6843833481574,25.6331755985647,25.7202136256143,25.7048593188521,25.7099776754511,25.7304485586408,25.5716926484544,25.5973150092137,25.5306835914689,25.5614419170025,25.4691393236678,25.4486163763711,25.4178242679226,25.258584458684,25.1145422104357,25.3356668224182,25.2791454175921,25.2431610348875,25.2842850136107,25.2791454175921,25.2842850136107,25.3562123467933,25.4434849990752,25.4999160630027,25.5614419170025,25.5716926484544,25.5255563093646,25.669023697602,25.5819423585322,25.6639033048348,25.5716926484544,25.6485405982759,25.6178083047144,25.6587826573823,25.7048593188521,25.669023697602,25.6946218424375,25.7509153744483,25.8174044635856,25.9808874910754,26.0625319946962,26.016614904526,26.1390151558117,26.0574311037199,26.0676326338092,26.123723051325,26.0778331565889,26.1390151558117,26.1390151558117,26.1390151558117,26.1033300584395,26.0982311813659,26.1033300584395,26.1390151558117,26.159401110059,26.1390151558117,25.996200753606,26.1135270578924
25.4075581805922,25.4178242679226,25.4178242679226,25.5255563093646,25.4742694202044,25.5255563093646,25.5153009780981,25.4896581737131,25.4486163763711,25.5409373888032,25.5306835914689,25.4845288451903,25.3716187925976,25.5050446238429,25.464008971053,25.4999160630027,25.4486163763711,25.5614419170025,25.6331755985647,25.5358106179362,25.5204287715866,25.3972910671794,25.3972910671794,25.4280893294658,25.3459400985342,25.3099791333095,25.4332214756594,25.4280893294658,25.4280893294658,25.3408035889768,25.3048408239653,25.5306835914689,25.5153009780981,25.5409373888032,25.5870668306474,25.5716926484544,25.4845288451903,25.4024247521646,25.4742694202044,25.4845288451903,25.4896581737131,25.5255563093646,25.5358106179362,25.5101729288625,25.4537474974415,25.5819423585322,25.4024247521646,25.4742694202044,25.5358106179362,25.4999160630027,25.5153009780981,25.5101729288625,25.5101729288625,25.6331755985647,25.4383533655169,25.5409373888032,25.5204287715866,25.5614419170025,25.5665674104186,25.5460639041067,25.5204287715866,25.5255563093646,25.5563161681696,25.5101729288625,25.602438715738,25.6178083047144,25.5101729288625,25.5204287715866,25.5665674104186,25.5614419170025,25.5768176311468,25.5973150092137,25.6075621671384,25.5973150092137,25.6895027225489,25.6587826573823,25.6280534222343,25.4896581737131,25.4588783623232,25.4896581737131,25.6075621671384,25.5409373888032,25.4691393236678,25.4691393236678,25.5870668306474,25.5511901638832,25.6126853634517,25.4332214756594,25.4229569268991,25.3305297988212,25.3716187925976,25.5050446238429,25.5768176311468,25.494787246305,25.5255563093646,25.3870229273887,25.5306835914689,25.4383533655169,25.5255563093646,25.4845288451903,25.3716187925976,25.3664835674914,25.5255563093646,25.5973150092137,25.6178083047144,25.5460639041067,25.5101729288625,25.4383533655169,25.4588783623232,25.5050446238429,25.4588783623232,25.4999160630027,25.6331755985647,25.5409373888032,25.5306835914689,25.5511901638832,25.6382975199907,25.622930990963,25.669023697602,25.5716926484544,25.5716926484544,25.5101729288625,25.4896581737131,25.6280534222343,25.5768176311468,25.6075621671384,25.5511901638832,25.5973150092137,25.622930990963,25.5768176311468,25.494787246305,25.5768176311468,25.7253312192514,25.5870668306474,25.5665674104186,25.5921910475291,25.6792637192269,25.5306835914689,25.5511901638832,25.5870668306474,25.5153009780981,25.6075621671384,25.6843833481574,25.5768176311468,25.6126853634517,25.6331755985647,25.622930990963,25.5921910475291,25.5973150092137,25.5563161681696,25.5768176311468,25.4486163763711,25.4383533655169,25.4126913524992,25.5921910475291,25.6178083047144,25.7662628184848,25.6946218424375,25.6741438357205,25.6741438357205,25.6178083047144,25.6075621671384,25.4691393236678,25.3921571255997,25.464008971053,25.3870229273887,25.4793992606996,25.494787246305,25.5101729288625,25.494787246305,25.5614419170025,25.6331755985647,25.7099776754511,25.5973150092137,25.5921910475291,25.602438715738,25.602438715738,25.5101729288625,25.5716926484544,25.5614419170025,25.5768176311468,25.5665674104186,25.6331755985647,25.6280534222343,25.715095777693,25.7253312192514,25.715095777693,25.4537474974415,25.6536617552083,25.6178083047144,25.622930990963,25.494787246305,25.5358106179362,25.4588783623232,25.4793992606996,25.3048408239653,25.2997022573604,25.2637250847104,25.3921571255997,25.1762993840732,25.3356668224182,25.2894243522202,25.3099791333095,25.3818884725093,25.3562123467933,25.5153009780981,25.4332214756594,25.6126853634517,25.6075621671384,25.7406824748218,25.5563161681696,25.6126853634517,25.6946218424375,25.602438715738,25.622930990963,25.5870668306474,25.622930990963,25.7202136256143,25.7406824748218,25.7713781252015,25.7560314431445,25.9247194166704,26.0523299608444,26.0370250204644,26.0523299608444,26.0727330210948,26.149208635445,26.0472285660339,26.1441120212736,26.0727330210948,26.123723051325,26.0676326338092,26.1084286839364,26.0472285660339,26.1797830453715,26.1339180390234,26.159401110059,26.1695925799393,26.1797830453715,25.9502541492142
25.2945634334578,25.4024247521646,25.4383533655169,25.5358106179362,25.4434849990752,25.4999160630027,25.5665674104186,25.3921571255997,25.4896581737131,25.3613480855689,25.4434849990752,25.4126913524992,25.3818884725093,25.4742694202044,25.494787246305,25.4486163763711,25.4588783623232,25.5153009780981,25.464008971053,25.4588783623232,25.4691393236678,25.3972910671794,25.4691393236678,25.4024247521646,25.2740055641272,25.3099791333095,25.4332214756594,25.4280893294658,25.4178242679226,25.3716187925976,25.3767537609245,25.3921571255997,25.3510763511273,25.5153009780981,25.6126853634517,25.5563161681696,25.4793992606996,25.4793992606996,25.3716187925976,25.4742694202044,25.4793992606996,25.464008971053,25.5153009780981,25.5306835914689,25.5973150092137,25.5358106179362,25.5101729288625,25.3921571255997,25.5101729288625,25.3921571255997,25.5358106179362,25.4742694202044,25.643419186549,25.5306835914689,25.5101729288625,25.5358106179362,25.5153009780981,25.4486163763711,25.5204287715866,25.5460639041067,25.5511901638832,25.5716926484544,25.5306835914689,25.5255563093646,25.602438715738,25.6178083047144,25.5306835914689,25.5614419170025,25.6485405982759,25.5819423585322,25.5511901638832,25.5768176311468,25.5511901638832,25.5306835914689,25.494787246305,25.5665674104186,25.5870668306474,25.6536617552083,25.5768176311468,25.5050446238429,25.5153009780981,25.4845288451903,25.4845288451903,25.4332214756594,25.4178242679226,25.4126913524992,25.4486163763711,25.4075581805922,25.4434849990752,25.4588783623232,25.3664835674914,25.4537474974415,25.4845288451903,25.4999160630027,25.5665674104186,25.4383533655169,25.3921571255997,25.4075581805922,25.4075581805922,25.5101729288625,25.4793992606996,25.5306835914689,25.5563161681696,25.494787246305,25.5460639041067,25.5050446238429,25.4691393236678,25.5358106179362,25.5665674104186,25.5511901638832,25.5614419170025,25.4793992606996,25.6075621671384,25.5614419170025,25.6382975199907,25.6331755985647,25.6639033048348,25.5768176311468,25.5716926484544,25.6792637192269,25.5614419170025,25.5870668306474,25.6178083047144,25.602438715738,25.5716926484544,25.6280534222343,25.6639033048348,25.4999160630027,25.5921910475291,25.5358106179362,25.5870668306474,25.5973150092137,25.6280534222343,25.7048593188521,25.5563161681696,25.6946218424375,25.6843833481574,25.5460639041067,25.6382975199907,25.5819423585322,25.6280534222343,25.5819423585322,25.5870668306474,25.6178083047144,25.5973150092137,25.6792637192269,25.6280534222343,25.5921910475291,25.6485405982759,25.5716926484544,25.6485405982759,25.3921571255997,25.4075581805922,25.4742694202044,25.6126853634517,25.643419186549,25.6382975199907,25.6280534222343,25.6126853634517,25.7048593188521,25.622930990963,25.6382975199907,25.4845288451903,25.5819423585322,25.4075581805922,25.4024247521646,25.3921571255997,25.5358106179362,25.5409373888032,25.5153009780981,25.5614419170025,25.6331755985647,25.6075621671384,25.6639033048348,25.6382975199907,25.5870668306474,25.6280534222343,25.622930990963,25.5460639041067,25.643419186549,25.5921910475291,25.6536617552083,25.6997407078597,25.6280534222343,25.6895027225489,25.6485405982759,25.7099776754511,25.7253312192514,25.6382975199907,25.5204287715866,25.7048593188521,25.6126853634517,25.494787246305,25.494787246305,25.4486163763711,25.4126913524992,25.4178242679226,25.3664835674914,25.2328774638867,25.258584458684,25.2431610348875,25.2997022573604,25.2740055641272,25.4280893294658,25.4742694202044,25.5460639041067,25.6792637192269,25.643419186549,25.5819423585322,25.7304485586408,25.7253312192514,25.6126853634517,25.6178083047144,25.6843833481574,25.6331755985647,25.5921910475291,25.6639033048348,25.7406824748218,25.6946218424375,25.6946218424375,25.9196117118026,26.0268204667242,26.0574311037199,26.0115117451654,26.0829330403271,26.0727330210948,26.1288206708731,26.123723051325,26.0574311037199,26.0829330403271,26.0829330403271,26.1084286839364,26.1441120212736,26.307079229227,26.1543049983616,26.0931320526798,26.123723051325,26.149208635445,26.0064083335824,25.9655719566022
25.2842850136107,25.4075581805922,25.4178242679226,25.494787246305,25.4383533655169,25.5204287715866,25.5153009780981,25.4999160630027,25.5255563093646,25.5204287715866,25.5255563093646,25.4332214756594,25.5050446238429,25.4280893294658,25.4896581737131,25.3972910671794,25.5819423585322,25.5153009780981,25.3921571255997,25.3921571255997,25.4075581805922,25.4332214756594,25.3459400985342,25.3870229273887,25.325392518149,25.3459400985342,25.4280893294658,25.4434849990752,25.4332214756594,25.3613480855689,25.3048408239653,25.3921571255997,25.3972910671794,25.3048408239653,25.5306835914689,25.5153009780981,25.622930990963,25.464008971053,25.5153009780981,25.4691393236678,25.494787246305,25.5153009780981,25.494787246305,25.5921910475291,25.5511901638832,25.5768176311468,25.4024247521646,25.3972910671794,25.5255563093646,25.5255563093646,25.6587826573823,25.6331755985647,25.4845288451903,25.6280534222343,25.5511901638832,25.5665674104186,25.4845288451903,25.5973150092137,25.4896581737131,25.5973150092137,25.3202549803643,25.5153009780981,25.5768176311468,25.5716926484544,25.5460639041067,25.5511901638832,25.6382975199907,25.5563161681696,25.5614419170025,25.5716926484544,25.5768176311468,25.5870668306474,25.4691393236678,25.602438715738,25.6126853634517,25.5101729288625,25.5870668306474,25.6843833481574,25.4793992606996,25.4845288451903,25.464008971053,25.5255563093646,25.4999160630027,25.4434849990752,25.4691393236678,25.3972910671794,25.4126913524992,25.4229569268991,25.5460639041067,25.4999160630027,25.3459400985342,25.3562123467933,25.5204287715866,25.5358106179362,25.5563161681696,25.5050446238429,25.4280893294658,25.4486163763711,25.4332214756594,25.4999160630027,25.602438715738,25.5050446238429,25.5409373888032,25.5768176311468,25.5409373888032,25.5819423585322,25.5768176311468,25.4742694202044,25.7099776754511,25.5614419170025,25.602438715738,25.5358106179362,25.5973150092137,25.5973150092137,25.4691393236678,25.6639033048348,25.6382975199907,25.5614419170025,25.669023697602,25.602438715738,25.715095777693,25.5255563093646,25.5614419170025,25.6075621671384,25.669023697602,25.5921910475291,25.5460639041067,25.5614419170025,25.5819423585322,25.5460639041067,25.6178083047144,25.6741438357205,25.5665674104186,25.5870668306474,25.7099776754511,25.6946218424375,25.5973150092137,25.669023697602,25.643419186549,25.6075621671384,25.6126853634517,25.5973150092137,25.5973150092137,25.622930990963,25.6075621671384,25.5870668306474,25.5819423585322,25.5973150092137,25.6331755985647,25.5870668306474,25.6587826573823,25.5768176311468,25.4845288451903,25.4024247521646,25.5973150092137,25.6280534222343,25.5973150092137,25.602438715738,25.602438715738,25.602438715738,25.7355656438188,25.7355656438188,25.6126853634517,25.4486163763711,25.4332214756594,25.4845288451903,25.5255563093646,25.5050446238429,25.6639033048348,25.4896581737131,25.6536617552083,25.5614419170025,25.6331755985647,25.6485405982759,25.6178083047144,25.5973150092137,25.6946218424375,25.6382975199907,25.5973150092137,25.6126853634517,25.6587826573823,25.6792637192269,25.6382975199907,25.669023697602,25.7304485586408,25.7048593188521,25.7662628184848,25.6792637192269,25.6895027225489,25.6792637192269,25.602438715738,25.6075621671384,25.7509153744483,25.6178083047144,25.4486163763711,25.4999160630027,25.4896581737131,25.4793992606996,25.4280893294658,25.2688654531791,25.2997022573604,25.2637250847104,25.2483024338098,25.3356668224182,25.494787246305,25.602438715738,25.5870668306474,25.7406824748218,25.7048593188521,25.7253312192514,25.5358106179362,25.6587826573823,25.6485405982759,25.6997407078597,25.5716926484544,25.6280534222343,25.6895027225489,25.6485405982759,25.7457990516862,25.7406824748218,25.863410260858,25.9604662734002,25.9910965851406,26.0982311813659,26.0829330403271,26.0676326338092,26.0982311813659,26.0778331565889,26.1848779015089,26.1033300584395,26.149208635445,26.2052548163647,26.1848779015089,26.1339180390234,26.1797830453715,26.1339180390234,25.985992164309,26.1186251803434,25.9910965851406,25.9145037540644
25.1660091054476,25.1814441360816,25.4075581805922,25.4126913524992,25.3459400985342,25.4178242679226,25.5204287715866,25.5255563093646,25.4845288451903,25.5050446238429,25.5050446238429,25.4896581737131,25.4383533655169,25.4537474974415,25.4845288451903,25.5101729288625,25.4126913524992,25.5050446238429,25.464008971053,25.3408035889768,25.5050446238429,25.4742694202044,25.4383533655169,25.4896581737131,25.3151171854302,25.2842850136107,25.4178242679226,25.3099791333095,25.4126913524992,25.2894243522202,25.3510763511273,25.3972910671794,25.4896581737131,25.2740055641272,25.3099791333095,25.5204287715866,25.602438715738,25.5204287715866,25.5409373888032,25.5050446238429,25.4999160630027,25.4486163763711,25.4793992606996,25.643419186549,25.669023697602,25.6587826573823,25.5973150092137,25.5358106179362,25.5409373888032,25.6280534222343,25.6331755985647,25.643419186549,25.5204287715866,25.5716926484544,25.4999160630027,25.5101729288625,25.5665674104186,25.4845288451903,25.5870668306474,25.5768176311468,25.5973150092137,25.5204287715866,25.4896581737131,25.5768176311468,25.5563161681696,25.6280534222343,25.6382975199907,25.5921910475291,25.5665674104186,25.5255563093646,25.5563161681696,25.5563161681696,25.494787246305,25.5870668306474,25.5511901638832,25.5870668306474,25.5153009780981,25.6075621671384,25.4434849990752,25.5665674104186,25.5460639041067,25.5665674104186,25.5050446238429,25.4024247521646,25.3972910671794,25.4024247521646,25.3562123467933,25.4229569268991,25.4332214756594,25.4383533655169,25.3408035889768,25.4075581805922,25.5255563093646,25.5306835914689,25.4691393236678,25.4434849990752,25.5204287715866,25.5204287715866,25.5050446238429,25.4075581805922,25.4588783623232,25.5358106179362,25.494787246305,25.4537474974415,25.464008971053,25.3408035889768,25.5204287715866,25.5153009780981,25.5716926484544,25.6075621671384,25.5973150092137,25.5665674104186,25.4845288451903,25.6075621671384,25.5768176311468,25.5716926484544,25.6331755985647,25.6331755985647,25.622930990963,25.622930990963,25.5921910475291,25.5819423585322,25.5204287715866,25.5665674104186,25.5101729288625,25.5460639041067,25.4332214756594,25.5921910475291,25.4999160630027,25.5409373888032,25.5101729288625,25.5973150092137,25.622930990963,25.5563161681696,25.6126853634517,25.5409373888032,25.5255563093646,25.602438715738,25.5153009780981,25.5921910475291,25.5563161681696,25.643419186549,25.5819423585322,25.4742694202044,25.6587826573823,25.6382975199907,25.6126853634517,25.5614419170025,25.5255563093646,25.5768176311468,25.6075621671384,25.5511901638832,25.4896581737131,25.4845288451903,25.4691393236678,25.6331755985647,25.6178083047144,25.5819423585322,25.6331755985647,25.6792637192269,25.7099776754511,25.602438715738,25.5768176311468,25.4537474974415,25.4588783623232,25.4178242679226,25.4537474974415,25.5306835914689,25.5306835914689,25.5255563093646,25.6075621671384,25.5614419170025,25.5409373888032,25.5511901638832,25.6331755985647,25.6178083047144,25.6178083047144,25.622930990963,25.643419186549,25.4793992606996,25.6536617552083,25.622930990963,25.5665674104186,25.643419186549,25.7713781252015,25.7355656438188,25.6843833481574,25.6587826573823,25.6792637192269,25.6587826573823,25.6792637192269,25.6126853634517,25.7099776754511,25.643419186549,25.6792637192269,25.5460639041067,25.5050446238429,25.4999160630027,25.2997022573604,25.3664835674914,25.3664835674914,25.3716187925976,25.1711543738743,25.3408035889768,25.464008971053,25.6075621671384,25.622930990963,25.6126853634517,25.5870668306474,25.6382975199907,25.669023697602,25.7253312192514,25.6382975199907,25.6280534222343,25.6178083047144,25.6792637192269,25.669023697602,25.6382975199907,25.7509153744483,25.6536617552083,25.7304485586408,25.6741438357205,25.9196117118026,26.0217178117003,26.0778331565889,26.1135270578924,26.1186251803434,26.0982311813659,26.1033300584395,26.1033300584395,26.1033300584395,26.1288206708731,26.1441120212736,26.0778331565889,26.0217178117003,26.0931320526798,26.1950668608041,26.0115117451654,26.1441120212736,26.0778331565889
25.2945634334578,25.2997022573604,25.1660091054476,25.3664835674914,25.3099791333095,25.5870668306474,25.4383533655169,25.5153009780981,25.5255563093646,25.4332214756594,25.5306835914689,25.5870668306474,25.4742694202044,25.4075581805922,25.4486163763711,25.4280893294658,25.4793992606996,25.3972910671794,25.4691393236678,25.4896581737131,25.4280893294658,25.464008971053,25.5050446238429,25.4845288451903,25.4486163763711,25.258584458684,25.3767537609245,25.3716187925976,25.3972910671794,25.3048408239653,25.2071640245704,25.2894243522202,25.3099791333095,25.2277352917338,25.2123072282184,25.4537474974415,25.5358106179362,25.464008971053,25.5358106179362,25.4332214756594,25.3510763511273,25.5255563093646,25.5716926484544,25.5870668306474,25.6741438357205,25.622930990963,25.5358106179362,25.5409373888032,25.6280534222343,25.622930990963,25.5255563093646,25.6126853634517,25.6075621671384,25.5819423585322,25.4896581737131,25.4896581737131,25.4742694202044,25.5921910475291,25.5819423585322,25.4742694202044,25.5921910475291,25.5665674104186,25.4742694202044,25.5306835914689,25.7406824748218,25.6536617552083,25.5973150092137,25.5819423585322,25.5460639041067,25.5101729288625,25.6075621671384,25.5511901638832,25.5153009780981,25.5563161681696,25.622930990963,25.6331755985647,25.7406824748218,25.5409373888032,25.4537474974415,25.4588783623232,25.5768176311468,25.5409373888032,25.5716926484544,25.464008971053,25.4229569268991,25.4537474974415,25.3818884725093,25.3921571255997,25.4588783623232,25.4896581737131,25.4691393236678,25.4332214756594,25.5153009780981,25.5358106179362,25.5358106179362,25.5153009780981,25.4434849990752,25.5358106179362,25.4742694202044,25.464008971053,25.3818884725093,25.5101729288625,25.4280893294658,25.4126913524992,25.4896581737131,25.464008971053,25.4896581737131,25.4588783623232,25.4845288451903,25.602438715738,25.5768176311468,25.6178083047144,25.5614419170025,25.5306835914689,25.622930990963,25.5819423585322,25.669023697602,25.5511901638832,25.6126853634517,25.5768176311468,25.6382975199907,25.5255563093646,25.5153009780981,25.5153009780981,25.5204287715866,25.4896581737131,25.602438715738,25.5101729288625,25.6331755985647,25.5153009780981,25.5511901638832,25.464008971053,25.5511901638832,25.5768176311468,25.5614419170025,25.5921910475291,25.6075621671384,25.5870668306474,25.5768176311468,25.5973150092137,25.602438715738,25.5716926484544,25.602438715738,25.5973150092137,25.6536617552083,25.7304485586408,25.5409373888032,25.5101729288625,25.5614419170025,25.7048593188521,25.6075621671384,25.5409373888032,25.5665674104186,25.6536617552083,25.6485405982759,25.6792637192269,25.6536617552083,25.6382975199907,25.464008971053,25.6946218424375,25.8378540189647,25.622930990963,25.602438715738,25.5665674104186,25.5358106179362,25.5511901638832,25.5614419170025,25.7099776754511,25.5358106179362,25.5768176311468,25.6741438357205,25.6792637192269,25.669023697602,25.6280534222343,25.6587826573823,25.6587826573823,25.6997407078597,25.5768176311468,25.6741438357205,25.4845288451903,25.5768176311468,25.5614419170025,25.6792637192269,25.5665674104186,25.602438715738,25.7867225219738,25.8736309844862,25.6792637192269,25.7662628184848,25.6587826573823,25.6639033048348,25.643419186549,25.6382975199907,25.6741438357205,25.6331755985647,25.643419186549,25.5460639041067,25.4845288451903,25.3870229273887,25.4537474974415,25.258584458684,25.2277352917338,25.325392518149,25.4024247521646,25.4178242679226,25.5255563093646,25.7048593188521,25.7048593188521,25.6485405982759,25.6741438357205,25.6178083047144,25.7918368132263,25.6126853634517,25.6843833481574,25.7764931779977,25.7509153744483,25.7560314431445,25.7509153744483,25.7457990516862,25.6895027225489,25.6997407078597,25.7969508507036,26.0064083335824,26.0472285660339,26.1084286839364,26.0829330403271,26.0829330403271,26.0829330403271,26.1339180390234,26.0982311813659,26.1797830453715,26.1084286839364,26.1186251803434,26.1186251803434,26.1848779015089,26.1899725066411,26.0013046697413,26.0778331565889,26.1390151558117,26.1899725066411
25.258584458684,25.1454254487159,25.1865886299367,25.4332214756594,25.4332214756594,25.3151171854302,25.5255563093646,25.5358106179362,25.4999160630027,25.4486163763711,25.3562123467933,25.4691393236678,25.4332214756594,25.5050446238429,25.4024247521646,25.4178242679226,25.3613480855689,25.4537474974415,25.3767537609245,25.3767537609245,25.4126913524992,25.5563161681696,25.494787246305,25.494787246305,25.4024247521646,25.3664835674914,25.2534435750629,25.2740055641272,25.3664835674914,25.2842850136107,25.2277352917338,25.2791454175921,25.3562123467933,25.0527477928007,25.2277352917338,25.2483024338098,25.4537474974415,25.494787246305,25.4486163763711,25.5153009780981,25.5050446238429,25.4999160630027,25.5255563093646,25.4588783623232,25.5665674104186,25.5973150092137,25.669023697602,25.5306835914689,25.6536617552083,25.6536617552083,25.5050446238429,25.494787246305,25.4383533655169,25.602438715738,25.5665674104186,25.5306835914689,25.5255563093646,25.5921910475291,25.5819423585322,25.4793992606996,25.494787246305,25.5255563093646,25.5768176311468,25.5409373888032,25.6126853634517,25.5511901638832,25.6485405982759,25.6075621671384,25.6280534222343,25.5255563093646,25.6126853634517,25.5870668306474,25.5204287715866,25.5973150092137,25.6126853634517,25.7048593188521,25.5153009780981,25.6895027225489,25.5614419170025,25.6126853634517,25.5306835914689,25.5614419170025,25.5101729288625,25.494787246305,25.4075581805922,25.4486163763711,25.3767537609245,25.3562123467933,25.4229569268991,25.4280893294658,25.4434849990752,25.4075581805922,25.3972910671794,25.5409373888032,25.4280893294658,25.4178242679226,25.3664835674914,25.3972910671794,25.464008971053,25.3613480855689,25.3818884725093,25.3870229273887,25.3716187925976,25.464008971053,25.4742694202044,25.4280893294658,25.4280893294658,25.5153009780981,25.5358106179362,25.5101729288625,25.5460639041067,25.5153009780981,25.5101729288625,25.5050446238429,25.5563161681696,25.4896581737131,25.5768176311468,25.602438715738,25.602438715738,25.5511901638832,25.5665674104186,25.643419186549,25.6639033048348,25.5204287715866,25.464008971053,25.5306835914689,25.4896581737131,25.5050446238429,25.5358106179362,25.4896581737131,25.5306835914689,25.5358106179362,25.5563161681696,25.5563161681696,25.5716926484544,25.5358106179362,25.5563161681696,25.5306835914689,25.5563161681696,25.6741438357205,25.622930990963,25.5614419170025,25.5409373888032,25.5255563093646,25.7253312192514,25.602438715738,25.4845288451903,25.5973150092137,25.5768176311468,25.602438715738,25.6178083047144,25.6587826573823,25.669023697602,25.5614419170025,25.7202136256143,25.7560314431445,25.6997407078597,25.7048593188521,25.5921910475291,25.7304485586408,25.7253312192514,25.5973150092137,25.5768176311468,25.5819423585322,25.5153009780981,25.5153009780981,25.5358106179362,25.643419186549,25.643419186549,25.4845288451903,25.494787246305,25.6741438357205,25.669023697602,25.6382975199907,25.669023697602,25.715095777693,25.5716926484544,25.7048593188521,25.7048593188521,25.5614419170025,25.669023697602,25.669023697602,25.669023697602,25.7355656438188,25.7662628184848,25.7304485586408,25.7099776754511,25.7611472578112,25.8327420103839,25.8276297483179,25.643419186549,25.7202136256143,25.8225172327306,25.8378540189647,25.8122914408466,25.7662628184848,25.5819423585322,25.5409373888032,25.5716926484544,25.4588783623232,25.4229569268991,25.4332214756594,25.3613480855689,25.3202549803643,25.3767537609245,25.4793992606996,25.5819423585322,25.7099776754511,25.6382975199907,25.7355656438188,25.7099776754511,25.6382975199907,25.6382975199907,25.7816079769097,25.6843833481574,25.7662628184848,25.7764931779977,25.7560314431445,25.7457990516862,25.8327420103839,25.7816079769097,25.8276297483179,26.123723051325,26.1950668608041,26.1746879381935,26.0778331565889,26.159401110059,26.164496970573,26.2256277174221,26.2103484178335,26.2459966069607,26.2205348683267,26.2765424246519,26.1899725066411,26.1288206708731,26.1543049983616,26.2001609640334,25.985992164309,25.985992164309,26.2001609640334
25.4178242679226,25.2534435750629,25.1196900631945,25.2740055641272,25.3613480855689,25.4691393236678,25.4793992606996,25.5460639041067,25.5870668306474,25.464008971053,25.2380193782588,25.3716187925976,25.5101729288625,25.4486163763711,25.4742694202044,25.3767537609245,25.3459400985342,25.3921571255997,25.3870229273887,25.4024247521646,25.4896581737131,25.3408035889768,25.4280893294658,25.3408035889768,25.1505717504272,25.2483024338098,25.2637250847104,25.3510763511273,25.2328774638867,25.2071640245704,25.2688654531791,25.14027888859,25.1968768433364,25.0784999971428,25.0784999971428,24.9806071469274,25.2688654531791,25.3767537609245,25.4537474974415,25.4537474974415,25.3870229273887,25.2688654531791,25.5204287715866,25.4486163763711,25.4075581805922,25.602438715738,25.5511901638832,25.6126853634517,25.6382975199907,25.5153009780981,25.5153009780981,25.4537474974415,25.5768176311468,25.4383533655169,25.4793992606996,25.494787246305,25.602438715738,25.4896581737131,25.4742694202044,25.5665674104186,25.5819423585322,25.464008971053,25.4742694202044,25.5255563093646,25.6639033048348,25.5870668306474,25.5409373888032,25.643419186549,25.5819423585322,25.6331755985647,25.5358106179362,25.6178083047144,25.6280534222343,25.6485405982759,25.5768176311468,25.5768176311468,25.5511901638832,25.5511901638832,25.5665674104186,25.5563161681696,25.5614419170025,25.4588783623232,25.5255563093646,25.3664835674914,25.3767537609245,25.3716187925976,25.3613480855689,25.4434849990752,25.464008971053,25.3716187925976,25.4434849990752,25.5050446238429,25.4691393236678,25.5101729288625,25.4024247521646,25.4793992606996,25.4588783623232,25.4178242679226,25.4075581805922,25.4742694202044,25.3613480855689,25.4486163763711,25.4793992606996,25.4229569268991,25.4332214756594,25.4486163763711,25.5306835914689,25.4742694202044,25.4845288451903,25.4845288451903,25.494787246305,25.5973150092137,25.5255563093646,25.5306835914689,25.5153009780981,25.6639033048348,25.5716926484544,25.6075621671384,25.6639033048348,25.6331755985647,25.6639033048348,25.6126853634517,25.6536617552083,25.6485405982759,25.5358106179362,25.4793992606996,25.5870668306474,25.5358106179362,25.5101729288625,25.5665674104186,25.4845288451903,25.5306835914689,25.5358106179362,25.5973150092137,25.622930990963,25.5460639041067,25.5614419170025,25.5614419170025,25.5409373888032,25.6485405982759,25.6587826573823,25.6895027225489,25.5768176311468,25.5973150092137,25.5921910475291,25.6741438357205,25.5358106179362,25.5614419170025,25.5563161681696,25.7202136256143,25.7202136256143,25.6485405982759,25.7099776754511,25.6485405982759,25.5460639041067,25.643419186549,25.6895027225489,25.6536617552083,25.5306835914689,25.7048593188521,25.5614419170025,25.5511901638832,25.5665674104186,25.5768176311468,25.5819423585322,25.5768176311468,25.5050446238429,25.6331755985647,25.5306835914689,25.6280534222343,25.6792637192269,25.643419186549,25.8020646344419,25.464008971053,25.5921910475291,25.669023697602,25.5870668306474,25.6895027225489,25.5716926484544,25.6178083047144,25.5563161681696,25.6792637192269,25.6741438357205,25.715095777693,25.6895027225489,25.7048593188521,25.7713781252015,25.715095777693,25.7253312192514,25.7560314431445,25.643419186549,25.7969508507036,25.7969508507036,25.7560314431445,25.8327420103839,25.868520749288,25.7406824748218,25.5101729288625,25.5563161681696,25.4845288451903,25.3151171854302,25.4434849990752,25.2791454175921,25.2483024338098,25.4332214756594,25.5101729288625,25.5153009780981,25.6843833481574,25.5819423585322,25.7764931779977,25.6178083047144,25.7304485586408,25.6485405982759,25.6792637192269,25.7406824748218,25.5921910475291,25.7509153744483,25.715095777693,25.8225172327306,25.7099776754511,25.8378540189647,25.9604662734002,26.0829330403271,25.9655719566022,26.1288206708731,26.159401110059,26.1441120212736,26.1288206708731,26.1746879381935,26.0319228696336,26.0778331565889,26.1033300584395,26.1084286839364,26.1033300584395,26.1899725066411,26.2256277174221,26.1339180390234,26.1186251803434,26.0727330210948,26.0778331565889
25.2328774638867,25.2483024338098,25.2328774638867,25.2740055641272,25.3921571255997,25.4332214756594,25.4691393236678,25.3305297988212,25.4280893294658,25.3202549803643,25.1865886299367,25.258584458684,25.3972910671794,25.3664835674914,25.3870229273887,25.4793992606996,25.3870229273887,25.3972910671794,25.2277352917338,25.3613480855689,25.4126913524992,25.4280893294658,25.3356668224182,25.3613480855689,25.2071640245704,25.2277352917338,25.3305297988212,25.2740055641272,25.4537474974415,25.4024247521646,25.2328774638867,25.1968768433364,25.1968768433364,25.1711543738743,24.9445177487934,25.1505717504272,25.2637250847104,25.3613480855689,25.4691393236678,25.3767537609245,25.3356668224182,25.3767537609245,25.2842850136107,25.4742694202044,25.5870668306474,25.5665674104186,25.5716926484544,25.4434849990752,25.5921910475291,25.5614419170025,25.5050446238429,25.5460639041067,25.4383533655169,25.4280893294658,25.4229569268991,25.4537474974415,25.3921571255997,25.5614419170025,25.5050446238429,25.5101729288625,25.5101729288625,25.4896581737131,25.3664835674914,25.5819423585322,25.5050446238429,25.4999160630027,25.6331755985647,25.5255563093646,25.4896581737131,25.6331755985647,25.5973150092137,25.622930990963,25.6280534222343,25.622930990963,25.6280534222343,25.5409373888032,25.5665674104186,25.5306835914689,25.5511901638832,25.5358106179362,25.5460639041067,25.4691393236678,25.5768176311468,25.3613480855689,25.4332214756594,25.4434849990752,25.4742694202044,25.3818884725093,25.4229569268991,25.5460639041067,25.464008971053,25.5204287715866,25.4691393236678,25.4742694202044,25.4075581805922,25.3664835674914,25.4024247521646,25.4229569268991,25.4332214756594,25.4588783623232,25.4075581805922,25.4588783623232,25.4383533655169,25.4229569268991,25.4845288451903,25.4280893294658,25.464008971053,25.4024247521646,25.4691393236678,25.5153009780981,25.5716926484544,25.5409373888032,25.5409373888032,25.5563161681696,25.6280534222343,25.6075621671384,25.5870668306474,25.6280534222343,25.5511901638832,25.5563161681696,25.6382975199907,25.5716926484544,25.6382975199907,25.4999160630027,25.5204287715866,25.5255563093646,25.5563161681696,25.5665674104186,25.4588783623232,25.4999160630027,25.494787246305,25.5665674104186,25.5921910475291,25.5768176311468,25.6741438357205,25.5614419170025,25.602438715738,25.5614419170025,25.5716926484544,25.6639033048348,25.6485405982759,25.6382975199907,25.5614419170025,25.5870668306474,25.494787246305,25.5614419170025,25.5819423585322,25.5870668306474,25.5768176311468,25.7048593188521,25.7304485586408,25.6639033048348,25.6895027225489,25.669023697602,25.643419186549,25.6639033048348,25.5204287715866,25.6280534222343,25.5460639041067,25.5306835914689,25.5819423585322,25.464008971053,25.5101729288625,25.6382975199907,25.5973150092137,25.494787246305,25.5614419170025,25.5563161681696,25.6382975199907,25.6587826573823,25.6536617552083,25.622930990963,25.6741438357205,25.6895027225489,25.7764931779977,25.669023697602,25.6280534222343,25.6997407078597,25.6792637192269,25.6946218424375,25.5511901638832,25.6536617552083,25.6536617552083,25.6843833481574,25.6895027225489,25.7099776754511,25.8122914408466,25.7304485586408,25.7509153744483,25.643419186549,25.7253312192514,25.7611472578112,25.7099776754511,25.8122914408466,25.7509153744483,25.7304485586408,25.7764931779977,25.5665674104186,25.5614419170025,25.5409373888032,25.2534435750629,25.2740055641272,25.258584458684,25.464008971053,25.3408035889768,25.4793992606996,25.494787246305,25.4999160630027,25.5614419170025,25.6536617552083,25.6075621671384,25.6126853634517,25.6280534222343,25.6075621671384,25.7457990516862,25.7304485586408,25.7202136256143,25.7304485586408,25.7355656438188,25.6075621671384,25.8225172327306,25.9042870798318,26.0880326723456,26.0829330403271,26.1390151558117,26.1288206708731,26.1339180390234,26.159401110059,26.1135270578924,25.9553603376162,26.2052548163647,26.2001609640334,26.0829330403271,26.2205348683267,26.1135270578924,26.0880326723456,26.1033300584395,26.0523299608444,26.0676326338092,26.0625319946962
25.3151171854302,25.2174501739369,25.2277352917338,25.4691393236678,25.4486163763711,25.4588783623232,25.4588783623232,25.4126913524992,25.3202549803643,25.2277352917338,25.1660091054476,25.1865886299367,25.2277352917338,25.464008971053,25.2637250847104,25.3459400985342,25.3510763511273,25.1093940990381,25.1968768433364,25.2637250847104,25.4075581805922,25.4075581805922,25.3459400985342,25.3408035889768,25.1660091054476,25.14027888859,25.1454254487159,25.2945634334578,25.2740055641272,25.2071640245704,25.1865886299367,25.3151171854302,25.3099791333095,24.9238895190908,24.8980983810354,25.3099791333095,25.2791454175921,25.4383533655169,25.4742694202044,25.464008971053,25.3972910671794,25.3921571255997,25.3408035889768,25.3716187925976,25.4999160630027,25.5921910475291,25.5768176311468,25.5153009780981,25.5460639041067,25.5153009780981,25.4434849990752,25.4332214756594,25.4280893294658,25.4280893294658,25.3921571255997,25.325392518149,25.4075581805922,25.4588783623232,25.5204287715866,25.4537474974415,25.4999160630027,25.4178242679226,25.4793992606996,25.3356668224182,25.494787246305,25.5204287715866,25.6946218424375,25.7816079769097,25.5716926484544,25.6126853634517,25.5204287715866,25.643419186549,25.6485405982759,25.6178083047144,25.643419186549,25.5665674104186,25.5460639041067,25.5409373888032,25.5716926484544,25.669023697602,25.5819423585322,25.5460639041067,25.5255563093646,25.4486163763711,25.3356668224182,25.3510763511273,25.4742694202044,25.3664835674914,25.3716187925976,25.464008971053,25.3972910671794,25.3818884725093,25.4434849990752,25.4126913524992,25.3921571255997,25.4024247521646,25.3972910671794,25.3767537609245,25.3099791333095,25.4126913524992,25.3716187925976,25.3356668224182,25.4126913524992,25.3459400985342,25.3408035889768,25.4332214756594,25.4332214756594,25.3818884725093,25.4896581737131,25.3972910671794,25.5358106179362,25.5153009780981,25.5255563093646,25.5614419170025,25.5358106179362,25.5563161681696,25.622930990963,25.5716926484544,25.5409373888032,25.4793992606996,25.5306835914689,25.5255563093646,25.5050446238429,25.5050446238429,25.6485405982759,25.5460639041067,25.4486163763711,25.4383533655169,25.4793992606996,25.5409373888032,25.5255563093646,25.4332214756594,25.4537474974415,25.5614419170025,25.4486163763711,25.5973150092137,25.5358106179362,25.5870668306474,25.5870668306474,25.5614419170025,25.5870668306474,25.6075621671384,25.5050446238429,25.5614419170025,25.3767537609245,25.5665674104186,25.494787246305,25.325392518149,25.5665674104186,25.6946218424375,25.5511901638832,25.6895027225489,25.5819423585322,25.5101729288625,25.6741438357205,25.4793992606996,25.464008971053,25.5716926484544,25.602438715738,25.5819423585322,25.5460639041067,25.5358106179362,25.5101729288625,25.5358106179362,25.4537474974415,25.5768176311468,25.602438715738,25.5768176311468,25.6126853634517,25.6485405982759,25.5870668306474,25.602438715738,25.6843833481574,25.6792637192269,25.622930990963,25.6639033048348,25.6382975199907,25.5665674104186,25.5921910475291,25.6382975199907,25.715095777693,25.6895027225489,25.6946218424375,25.7611472578112,25.8174044635856,25.7867225219738,25.8122914408466,25.7560314431445,25.8071781644774,25.8276297483179,25.7611472578112,25.8174044635856,25.7560314431445,25.7816079769097,25.7867225219738,25.6536617552083,25.5973150092137,25.6843833481574,25.5563161681696,25.4896581737131,25.3716187925976,25.3408035889768,25.4793992606996,25.2894243522202,25.4742694202044,25.5050446238429,25.5050446238429,25.5665674104186,25.6843833481574,25.5819423585322,25.5973150092137,25.6741438357205,25.643419186549,25.7099776754511,25.6485405982759,25.6587826573823,25.715095777693,25.7253312192514,25.7304485586408,25.7611472578112,25.7662628184848,25.9145037540644,26.1084286839364,26.0421269192526,26.1899725066411,26.0931320526798,26.1084286839364,26.1033300584395,26.0676326338092,26.0931320526798,26.0574311037199,26.1390151558117,26.1339180390234,26.123723051325,26.1033300584395,25.996200753606,26.1186251803434,26.0727330210948,26.0625319946962,26.0574311037199
25.4075581805922,25.2174501739369,25.2637250847104,25.2174501739369,25.3972910671794,25.3099791333095,25.3664835674914,25.4075581805922,25.4588783623232,25.1968768433364,25.0887990663117,25.2071640245704,25.2328774638867,25.4588783623232,25.2637250847104,25.2688654531791,25.3459400985342,25.2174501739369,25.1814441360816,25.1917328656758,25.2328774638867,25.4075581805922,25.3356668224182,25.3716187925976,25.14027888859,25.3048408239653,25.1711543738743,25.1968768433364,25.1917328656758,25.2997022573604,25.3408035889768,25.2791454175921,25.1968768433364,24.9857617364743,24.9290469664651,24.9909160664447,25.1454254487159,25.4383533655169,25.3870229273887,25.3716187925976,25.2534435750629,25.4075581805922,25.1865886299367,25.3562123467933,25.3510763511273,25.5870668306474,25.5973150092137,25.5716926484544,25.4383533655169,25.5665674104186,25.464008971053,25.3664835674914,25.3305297988212,25.4537474974415,25.3356668224182,25.3664835674914,25.4024247521646,25.4178242679226,25.5204287715866,25.4126913524992,25.494787246305,25.3972910671794,25.4896581737131,25.3459400985342,25.3562123467933,25.5563161681696,25.5665674104186,25.5768176311468,25.5255563093646,25.5768176311468,25.5204287715866,25.6075621671384,25.643419186549,25.7355656438188,25.5255563093646,25.5358106179362,25.5255563093646,25.5665674104186,25.643419186549,25.6536617552083,25.602438715738,25.5563161681696,25.494787246305,25.5050446238429,25.3870229273887,25.4742694202044,25.3870229273887,25.4742694202044,25.3767537609245,25.494787246305,25.5050446238429,25.3818884725093,25.3716187925976,25.4383533655169,25.4280893294658,25.3921571255997,25.3921571255997,25.4383533655169,25.3870229273887,25.3767537609245,25.4434849990752,25.4383533655169,25.4229569268991,25.4229569268991,25.3356668224182,25.2945634334578,25.3716187925976,25.3408035889768,25.3664835674914,25.5050446238429,25.5204287715866,25.5101729288625,25.5716926484544,25.6075621671384,25.6075621671384,25.6075621671384,25.4793992606996,25.5665674104186,25.5614419170025,25.5768176311468,25.4793992606996,25.5409373888032,25.6280534222343,25.5921910475291,25.602438715738,25.5460639041067,25.5716926484544,25.5255563093646,25.5460639041067,25.5306835914689,25.5614419170025,25.5460639041067,25.5306835914689,25.5255563093646,25.6280534222343,25.6075621671384,25.5819423585322,25.602438715738,25.5665674104186,25.5819423585322,25.5716926484544,25.622930990963,25.5101729288625,25.5050446238429,25.4793992606996,25.5409373888032,25.5614419170025,25.5153009780981,25.6331755985647,25.5153009780981,25.5716926484544,25.6843833481574,25.6178083047144,25.7099776754511,25.6843833481574,25.6382975199907,25.5716926484544,25.6178083047144,25.5204287715866,25.5409373888032,25.5665674104186,25.5716926484544,25.4793992606996,25.4691393236678,25.5511901638832,25.4793992606996,25.5255563093646,25.602438715738,25.6075621671384,25.5255563093646,25.6741438357205,25.622930990963,25.622930990963,25.6895027225489,25.622930990963,25.602438715738,25.5973150092137,25.6792637192269,25.6075621671384,25.5768176311468,25.6075621671384,25.7355656438188,25.7816079769097,25.7918368132263,25.7253312192514,25.8174044635856,25.7662628184848,25.7304485586408,25.6741438357205,25.669023697602,25.7560314431445,25.7918368132263,25.7918368132263,25.8122914408466,25.7816079769097,25.6843833481574,25.7202136256143,25.6280534222343,25.5409373888032,25.6587826573823,25.494787246305,25.5101729288625,25.464008971053,25.4793992606996,25.4691393236678,25.4845288451903,25.5665674104186,25.6178083047144,25.5921910475291,25.5819423585322,25.5921910475291,25.6075621671384,25.6997407078597,25.7202136256143,25.7304485586408,25.7253312192514,25.6843833481574,25.6126853634517,25.7202136256143,25.8531885241579,25.8480772758155,26.0064083335824,26.0574311037199,26.0370250204644,26.0319228696336,26.123723051325,26.123723051325,26.1848779015089,26.0574311037199,26.1543049983616,26.1746879381935,26.1899725066411,26.1746879381935,26.0931320526798,26.1033300584395,26.0523299608444,25.9298268687038,26.0268204667242,26.0268204667242,26.1033300584395
25.4126913524992,25.3664835674914,25.3562123467933,25.3613480855689,25.2997022573604,25.4178242679226,25.4126913524992,25.3972910671794,25.3562123467933,25.2123072282184,25.2020205629554,25.0990971001769,25.2277352917338,25.3562123467933,25.3921571255997,25.4280893294658,25.2997022573604,25.2380193782588,25.2534435750629,25.2277352917338,25.2534435750629,25.3767537609245,25.3716187925976,25.3613480855689,25.3305297988212,25.2894243522202,25.1968768433364,25.1762993840732,25.2740055641272,25.4126913524992,25.3818884725093,25.464008971053,25.2071640245704,25.0269891112523,25.1917328656758,25.0527477928007,25.1557177937613,25.4178242679226,25.3408035889768,25.4075581805922,25.325392518149,25.2637250847104,25.3151171854302,25.3664835674914,25.14027888859,25.3408035889768,25.6536617552083,25.643419186549,25.5973150092137,25.5050446238429,25.4280893294658,25.5409373888032,25.2842850136107,25.4280893294658,25.3459400985342,25.4075581805922,25.5050446238429,25.3972910671794,25.5255563093646,25.6536617552083,25.6280534222343,25.4845288451903,25.3716187925976,25.3510763511273,25.4024247521646,25.4896581737131,25.5511901638832,25.5204287715866,25.4999160630027,25.602438715738,25.5870668306474,25.5255563093646,25.6075621671384,25.5614419170025,25.6536617552083,25.6382975199907,25.5306835914689,25.5204287715866,25.5511901638832,25.5050446238429,25.5255563093646,25.5204287715866,25.5255563093646,25.3510763511273,25.3562123467933,25.3151171854302,25.494787246305,25.4896581737131,25.4896581737131,25.4024247521646,25.4434849990752,25.4588783623232,25.4024247521646,25.4024247521646,25.4024247521646,25.4537474974415,25.3818884725093,25.3767537609245,25.464008971053,25.3921571255997,25.3870229273887,25.4691393236678,25.4229569268991,25.3870229273887,25.4845288451903,25.2380193782588,25.3562123467933,25.3562123467933,25.3562123467933,25.4075581805922,25.5665674104186,25.494787246305,25.5921910475291,25.6126853634517,25.5101729288625,25.4896581737131,25.4896581737131,25.4896581737131,25.5255563093646,25.4845288451903,25.5973150092137,25.5716926484544,25.5973150092137,25.6126853634517,25.4691393236678,25.5870668306474,25.602438715738,25.5255563093646,25.4537474974415,25.5511901638832,25.5511901638832,25.5665674104186,25.5563161681696,25.6792637192269,25.6792637192269,25.6792637192269,25.4999160630027,25.5614419170025,25.4896581737131,25.4845288451903,25.494787246305,25.5716926484544,25.494787246305,25.5921910475291,25.4434849990752,25.5050446238429,25.5255563093646,25.5409373888032,25.5358106179362,25.643419186549,25.5306835914689,25.5563161681696,25.602438715738,25.5614419170025,25.7560314431445,25.5460639041067,25.5665674104186,25.4999160630027,25.4742694202044,25.602438715738,25.5614419170025,25.4178242679226,25.4742694202044,25.5358106179362,25.4588783623232,25.5614419170025,25.6587826573823,25.6485405982759,25.6331755985647,25.5819423585322,25.622930990963,25.6792637192269,25.5768176311468,25.6382975199907,25.602438715738,25.5973150092137,25.6485405982759,25.5204287715866,25.5819423585322,25.669023697602,25.6997407078597,25.7816079769097,25.7713781252015,25.7355656438188,25.7918368132263,25.7457990516862,25.8225172327306,25.6485405982759,25.7202136256143,25.6639033048348,25.8122914408466,25.7764931779977,25.868520749288,25.8787409664887,25.7457990516862,25.6843833481574,25.6843833481574,25.6280534222343,25.6946218424375,25.7099776754511,25.5409373888032,25.669023697602,25.5101729288625,25.5204287715866,25.325392518149,25.4691393236678,25.5511901638832,25.6843833481574,25.6843833481574,25.5665674104186,25.6331755985647,25.6178083047144,25.7662628184848,25.7304485586408,25.6331755985647,25.6382975199907,25.6331755985647,25.7406824748218,25.7611472578112,25.8531885241579,25.8582995191601,25.996200753606,26.0064083335824,26.1848779015089,26.0880326723456,26.1441120212736,26.2001609640334,26.0778331565889,26.0472285660339,26.0880326723456,26.0931320526798,26.1695925799393,26.1441120212736,26.1899725066411,26.0880326723456,26.1339180390234,26.149208635445,26.2001609640334,26.0421269192526,26.0880326723456
25.4229569268991,25.2174501739369,25.2225928617629,25.2894243522202,25.2431610348875,25.4229569268991,25.3921571255997,25.3921571255997,25.3099791333095,25.2997022573604,25.3099791333095,25.0630494515398,25.3099791333095,25.2842850136107,25.2688654531791,25.2791454175921,25.2534435750629,25.1557177937613,25.2020205629554,25.258584458684,25.2534435750629,25.3305297988212,25.3716187925976,25.3305297988212,25.3459400985342,25.2997022573604,25.3099791333095,25.2842850136107,25.2791454175921,25.258584458684,25.3818884725093,25.3767537609245,25.2997022573604,25.2174501739369,25.1557177937613,25.2431610348875,25.3767537609245,25.3459400985342,25.3305297988212,25.3613480855689,25.2174501739369,25.1968768433364,25.2431610348875,25.2225928617629,25.1557177937613,25.325392518149,25.4742694202044,25.5614419170025,25.5665674104186,25.4434849990752,25.4178242679226,25.4434849990752,25.3716187925976,25.3459400985342,25.4434849990752,25.3408035889768,25.4280893294658,25.4896581737131,25.5255563093646,25.5819423585322,25.4742694202044,25.494787246305,25.4742694202044,25.3510763511273,25.4075581805922,25.5460639041067,25.5306835914689,25.7048593188521,25.6075621671384,25.494787246305,25.5101729288625,25.6280534222343,25.6382975199907,25.622930990963,25.5716926484544,25.4742694202044,25.5921910475291,25.4999160630027,25.6126853634517,25.5204287715866,25.5050446238429,25.5768176311468,25.6331755985647,25.3972910671794,25.4126913524992,25.464008971053,25.3818884725093,25.494787246305,25.5050446238429,25.4845288451903,25.4691393236678,25.5050446238429,25.4588783623232,25.4999160630027,25.3716187925976,25.4588783623232,25.4486163763711,25.3767537609245,25.3818884725093,25.3818884725093,25.4742694202044,25.4588783623232,25.3716187925976,25.3510763511273,25.4075581805922,25.3767537609245,25.2483024338098,25.3767537609245,25.4845288451903,25.3716187925976,25.4742694202044,25.464008971053,25.4588783623232,25.4332214756594,25.4793992606996,25.494787246305,25.643419186549,25.5511901638832,25.5358106179362,25.4434849990752,25.5358106179362,25.622930990963,25.494787246305,25.5921910475291,25.5921910475291,25.5768176311468,25.4896581737131,25.4024247521646,25.4075581805922,25.5614419170025,25.5255563093646,25.6178083047144,25.669023697602,25.6536617552083,25.5153009780981,25.622930990963,25.6741438357205,25.5716926484544,25.5819423585322,25.5768176311468,25.5101729288625,25.5614419170025,25.5614419170025,25.4793992606996,25.4691393236678,25.4999160630027,25.4999160630027,25.5255563093646,25.6382975199907,25.5511901638832,25.5358106179362,25.5511901638832,25.6382975199907,25.7099776754511,25.5306835914689,25.4434849990752,25.4537474974415,25.4896581737131,25.5409373888032,25.4896581737131,25.5460639041067,25.4691393236678,25.5819423585322,25.4434849990752,25.5665674104186,25.4486163763711,25.464008971053,25.5255563093646,25.6178083047144,25.5153009780981,25.5870668306474,25.6382975199907,25.6075621671384,25.6178083047144,25.5819423585322,25.5716926484544,25.6178083047144,25.6331755985647,25.5409373888032,25.6280534222343,25.7253312192514,25.6997407078597,25.7560314431445,25.8480772758155,25.7355656438188,25.8531885241579,25.7048593188521,25.6485405982759,25.7406824748218,25.715095777693,25.7099776754511,25.7509153744483,25.7662628184848,25.669023697602,25.6536617552083,25.6587826573823,25.6792637192269,25.6178083047144,25.6485405982759,25.6280534222343,25.6895027225489,25.5614419170025,25.5819423585322,25.5665674104186,25.4742694202044,25.5921910475291,25.5255563093646,25.6178083047144,25.6895027225489,25.6843833481574,25.669023697602,25.6178083047144,25.464008971053,25.6280534222343,25.6536617552083,25.5665674104186,25.7509153744483,25.6075621671384,25.7560314431445,25.7509153744483,25.8429657740965,26.016614904526,25.9298268687038,26.2459966069607,26.1135270578924,26.0625319946962,26.1339180390234,26.1543049983616,26.0676326338092,26.0523299608444,26.0523299608444,26.1899725066411,26.1135270578924,26.1543049983616,26.0931320526798,26.0931320526798,26.0676326338092,26.123723051325,26.0880326723456,26.1339180390234
25.0887990663117,25.3305297988212,25.258584458684,25.325392518149,25.4229569268991,25.2637250847104,25.2894243522202,25.3562123467933,25.2328774638867,25.3305297988212,25.3356668224182,25.2071640245704,25.1917328656758,25.258584458684,25.2791454175921,25.2534435750629,25.2483024338098,25.3562123467933,25.2483024338098,25.3664835674914,25.3664835674914,25.494787246305,25.3972910671794,25.3151171854302,25.3356668224182,25.3356668224182,25.2740055641272,25.2791454175921,25.3459400985342,25.3048408239653,25.4229569268991,25.3099791333095,25.2945634334578,25.3921571255997,25.3716187925976,25.2894243522202,25.2328774638867,25.4742694202044,25.3151171854302,25.3202549803643,25.2328774638867,25.2277352917338,25.2174501739369,25.2071640245704,25.1968768433364,25.2225928617629,25.3972910671794,25.5614419170025,25.5511901638832,25.5460639041067,25.4588783623232,25.4486163763711,25.4075581805922,25.3459400985342,25.3664835674914,25.4383533655169,25.3356668224182,25.4742694202044,25.5358106179362,25.5204287715866,25.622930990963,25.5768176311468,25.3818884725093,25.4280893294658,25.6280534222343,25.6331755985647,25.5409373888032,25.4742694202044,25.4588783623232,25.5050446238429,25.5921910475291,25.6280534222343,25.6280534222343,25.6178083047144,25.6536617552083,25.6331755985647,25.715095777693,25.5511901638832,25.5665674104186,25.4999160630027,25.6382975199907,25.4383533655169,25.5204287715866,25.4075581805922,25.4588783623232,25.3562123467933,25.4845288451903,25.4896581737131,25.4999160630027,25.325392518149,25.494787246305,25.5101729288625,25.3613480855689,25.3767537609245,25.3510763511273,25.3151171854302,25.4588783623232,25.3664835674914,25.3664835674914,25.4178242679226,25.4332214756594,25.3972910671794,25.3767537609245,25.2380193782588,25.4075581805922,25.5409373888032,25.4383533655169,25.3767537609245,25.4229569268991,25.5050446238429,25.5101729288625,25.5050446238429,25.5050446238429,25.4383533655169,25.4845288451903,25.5460639041067,25.494787246305,25.4896581737131,25.4845288451903,25.5716926484544,25.5768176311468,25.5921910475291,25.5973150092137,25.4845288451903,25.4845288451903,25.5716926484544,25.5204287715866,25.5153009780981,25.5101729288625,25.5255563093646,25.6536617552083,25.5204287715866,25.6587826573823,25.643419186549,25.5768176311468,25.7048593188521,25.5614419170025,25.6639033048348,25.5358106179362,25.4486163763711,25.4126913524992,25.4742694202044,25.4486163763711,25.4793992606996,25.5101729288625,25.4691393236678,25.5716926484544,25.5204287715866,25.6485405982759,25.5716926484544,25.5306835914689,25.5204287715866,25.6280534222343,25.5409373888032,25.5716926484544,25.5511901638832,25.5563161681696,25.4999160630027,25.5409373888032,25.5768176311468,25.602438715738,25.4845288451903,25.5358106179362,25.5204287715866,25.5306835914689,25.5665674104186,25.5716926484544,25.5511901638832,25.5460639041067,25.6741438357205,25.6126853634517,25.6639033048348,25.6843833481574,25.6075621671384,25.6741438357205,25.622930990963,25.6280534222343,25.5460639041067,25.622930990963,25.5563161681696,25.7457990516862,25.7509153744483,25.8940693936838,25.868520749288,25.8531885241579,25.7918368132263,25.8071781644774,25.8276297483179,25.8225172327306,25.8122914408466,25.7457990516862,25.7304485586408,25.7202136256143,25.7611472578112,25.7355656438188,25.7048593188521,25.6843833481574,25.6895027225489,25.7048593188521,25.6946218424375,25.868520749288,25.7099776754511,25.5768176311468,25.7048593188521,25.4537474974415,25.5409373888032,25.4742694202044,25.5153009780981,25.7048593188521,25.6843833481574,25.7048593188521,25.7304485586408,25.6126853634517,25.7560314431445,25.7406824748218,25.7304485586408,25.6536617552083,25.669023697602,25.8020646344419,25.7457990516862,25.8736309844862,25.8991783632653,26.1135270578924,26.0217178117003,26.2409047605314,26.2103484178335,26.0931320526798,26.1695925799393,26.1441120212736,26.159401110059,26.1695925799393,26.1288206708731,26.1441120212736,26.1848779015089,26.1695925799393,26.1543049983616,26.2103484178335,26.1084286839364,26.0625319946962,26.1746879381935
25.2637250847104,25.2328774638867,25.3305297988212,25.2688654531791,25.2842850136107,25.2997022573604,25.3562123467933,25.3099791333095,25.2328774638867,25.3305297988212,25.1865886299367,25.3305297988212,25.2483024338098,25.1093940990381,25.2791454175921,25.3151171854302,25.4434849990752,25.1865886299367,25.2483024338098,25.1917328656758,25.3305297988212,25.3099791333095,25.3459400985342,25.3151171854302,25.3767537609245,25.3716187925976,25.325392518149,25.1865886299367,25.2842850136107,25.2380193782588,25.3562123467933,25.3921571255997,25.4332214756594,25.3664835674914,25.4075581805922,25.2380193782588,25.3613480855689,25.2997022573604,25.1865886299367,25.2483024338098,25.1711543738743,25.2123072282184,25.1608635787557,25.2380193782588,25.1814441360816,25.3202549803643,25.4486163763711,25.602438715738,25.5716926484544,25.6280534222343,25.6382975199907,25.6382975199907,25.4280893294658,25.3459400985342,25.2688654531791,25.3870229273887,25.2174501739369,25.4383533655169,25.5819423585322,25.6126853634517,25.5050446238429,25.4126913524992,25.5870668306474,25.5511901638832,25.4691393236678,25.4845288451903,25.4896581737131,25.5921910475291,25.464008971053,25.4588783623232,25.5409373888032,25.5870668306474,25.5050446238429,25.5973150092137,25.5716926484544,25.6331755985647,25.5614419170025,25.6280534222343,25.5101729288625,25.5358106179362,25.5153009780981,25.4999160630027,25.4486163763711,25.3305297988212,25.4332214756594,25.3818884725093,25.5153009780981,25.4845288451903,25.494787246305,25.4999160630027,25.5050446238429,25.4896581737131,25.5153009780981,25.4075581805922,25.5050446238429,25.2688654531791,25.3664835674914,25.5050446238429,25.3664835674914,25.3664835674914,25.3613480855689,25.4434849990752,25.4024247521646,25.4742694202044,25.4280893294658,25.4229569268991,25.4024247521646,25.4075581805922,25.5306835914689,25.4999160630027,25.4229569268991,25.4024247521646,25.5050446238429,25.4434849990752,25.4332214756594,25.494787246305,25.4229569268991,25.5153009780981,25.5563161681696,25.4280893294658,25.5101729288625,25.4742694202044,25.5204287715866,25.4742694202044,25.4691393236678,25.3870229273887,25.4280893294658,25.5101729288625,25.4999160630027,25.4999160630027,25.4793992606996,25.6178083047144,25.5921910475291,25.643419186549,25.622930990963,25.7406824748218,25.4793992606996,25.5204287715866,25.4434849990752,25.4075581805922,25.4793992606996,25.5716926484544,25.4178242679226,25.464008971053,25.5050446238429,25.5768176311468,25.6178083047144,25.6587826573823,25.6587826573823,25.5511901638832,25.5614419170025,25.3767537609245,25.5665674104186,25.4896581737131,25.5460639041067,25.4537474974415,25.4588783623232,25.325392518149,25.5306835914689,25.602438715738,25.5050446238429,25.4332214756594,25.4075581805922,25.5101729288625,25.5255563093646,25.5204287715866,25.5614419170025,25.5460639041067,25.6587826573823,25.5563161681696,25.5358106179362,25.5870668306474,25.8020646344419,25.622930990963,25.6639033048348,25.6997407078597,25.6792637192269,25.6946218424375,25.5511901638832,25.5716926484544,25.6536617552083,25.7457990516862,25.715095777693,25.7867225219738,25.7969508507036,25.6997407078597,25.7509153744483,25.7355656438188,25.7509153744483,25.7764931779977,25.7713781252015,25.6639033048348,25.7202136256143,25.643419186549,25.669023697602,25.6997407078597,25.6792637192269,25.6382975199907,25.669023697602,25.7253312192514,25.7560314431445,25.6639033048348,25.643419186549,25.5563161681696,25.5153009780981,25.5306835914689,25.5306835914689,25.5870668306474,25.643419186549,25.7099776754511,25.6946218424375,25.7048593188521,25.6075621671384,25.6075621671384,25.6997407078597,25.5921910475291,25.6895027225489,25.6843833481574,25.868520749288,25.8429657740965,25.9757825654037,26.1033300584395,25.9757825654037,26.0982311813659,26.0778331565889,26.1135270578924,26.0523299608444,26.0829330403271,26.0727330210948,26.1033300584395,26.1186251803434,26.159401110059,26.2001609640334,26.0931320526798,26.0421269192526,26.1084286839364,26.0319228696336,26.0778331565889,26.0421269192526,26.0523299608444
25.4229569268991,25.2431610348875,25.2637250847104,25.2945634334578,25.3716187925976,25.4126913524992,25.325392518149,25.3202549803643,25.3151171854302,25.3305297988212,25.3048408239653,25.1917328656758,25.325392518149,25.1968768433364,25.1762993840732,25.5153009780981,25.4332214756594,25.3202549803643,25.2380193782588,25.2071640245704,25.2431610348875,25.2328774638867,25.3202549803643,25.494787246305,25.4229569268991,25.3356668224182,25.3972910671794,25.4537474974415,25.3099791333095,25.3613480855689,25.2842850136107,25.3818884725093,25.5101729288625,25.4178242679226,25.4999160630027,25.4999160630027,25.3716187925976,25.3716187925976,25.3099791333095,25.2277352917338,25.2277352917338,25.1042457289643,25.2020205629554,25.2174501739369,25.2225928617629,25.4434849990752,25.5409373888032,25.5819423585322,25.715095777693,25.5409373888032,25.5614419170025,25.5255563093646,25.4075581805922,25.5460639041067,25.3716187925976,25.4178242679226,25.4383533655169,25.4280893294658,25.5460639041067,25.6075621671384,25.5409373888032,25.5306835914689,25.5460639041067,25.4229569268991,25.5973150092137,25.4691393236678,25.5306835914689,25.4742694202044,25.4793992606996,25.6382975199907,25.5306835914689,25.5358106179362,25.5921910475291,25.6075621671384,25.5665674104186,25.6075621671384,25.5511901638832,25.5563161681696,25.5153009780981,25.5204287715866,25.5101729288625,25.5101729288625,25.464008971053,25.4280893294658,25.3767537609245,25.4486163763711,25.4434849990752,25.5153009780981,25.4793992606996,25.4845288451903,25.4793992606996,25.464008971053,25.4588783623232,25.4896581737131,25.4075581805922,25.5050446238429,25.4332214756594,25.3767537609245,25.3510763511273,25.4896581737131,25.4691393236678,25.4486163763711,25.4229569268991,25.4024247521646,25.4383533655169,25.4742694202044,25.4691393236678,25.4178242679226,25.4332214756594,25.3664835674914,25.5101729288625,25.3356668224182,25.464008971053,25.5204287715866,25.4896581737131,25.4845288451903,25.4178242679226,25.4793992606996,25.4178242679226,25.4178242679226,25.4896581737131,25.3767537609245,25.4588783623232,25.464008971053,25.4024247521646,25.5153009780981,25.4845288451903,25.5101729288625,25.4793992606996,25.4896581737131,25.494787246305,25.5973150092137,25.6331755985647,25.622930990963,25.4588783623232,25.5921910475291,25.5921910475291,25.4742694202044,25.4383533655169,25.5921910475291,25.4691393236678,25.6178083047144,25.4332214756594,25.5819423585322,25.6075621671384,25.6587826573823,25.5819423585322,25.7202136256143,25.6485405982759,25.4896581737131,25.5409373888032,25.4742694202044,25.4588783623232,25.4383533655169,25.4537474974415,25.4537474974415,25.494787246305,25.4691393236678,25.602438715738,25.6075621671384,25.4024247521646,25.4742694202044,25.5511901638832,25.4845288451903,25.5153009780981,25.4999160630027,25.602438715738,25.494787246305,25.643419186549,25.6997407078597,25.4691393236678,25.6178083047144,25.6075621671384,25.6485405982759,25.6382975199907,25.6639033048348,25.6536617552083,25.6792637192269,25.6536617552083,25.6280534222343,25.7202136256143,25.7713781252015,25.7713781252015,25.7202136256143,25.9093955434194,25.9400410144115,25.8429657740965,25.7816079769097,25.9349340679388,25.8122914408466,25.7099776754511,25.8174044635856,25.7099776754511,25.7253312192514,25.643419186549,25.7202136256143,25.6895027225489,25.6536617552083,25.6382975199907,25.6280534222343,25.7202136256143,25.7202136256143,25.5563161681696,25.5511901638832,25.4691393236678,25.4434849990752,25.5204287715866,25.5050446238429,25.6178083047144,25.6178083047144,25.7457990516862,25.6946218424375,25.8020646344419,25.7099776754511,25.8736309844862,25.7202136256143,25.7202136256143,25.8225172327306,25.7355656438188,25.7713781252015,25.9093955434194,25.9093955434194,26.0319228696336,26.1084286839364,26.1033300584395,26.123723051325,26.0829330403271,26.159401110059,26.1797830453715,26.0625319946962,26.1390151558117,26.1543049983616,26.2409047605314,26.2205348683267,26.0982311813659,26.0982311813659,26.0472285660339,25.996200753606,25.9400410144115,26.0421269192526
25.3048408239653,25.2791454175921,25.2842850136107,25.2637250847104,25.3613480855689,25.4486163763711,25.4075581805922,25.3151171854302,25.2174501739369,25.3305297988212,25.3305297988212,25.2174501739369,25.2328774638867,25.1814441360816,25.2842850136107,25.5153009780981,25.2842850136107,25.3356668224182,25.0887990663117,25.2534435750629,25.3151171854302,25.1196900631945,25.2637250847104,25.3664835674914,25.3510763511273,25.3459400985342,25.3921571255997,25.5153009780981,25.4075581805922,25.3613480855689,25.2174501739369,25.1865886299367,25.5050446238429,25.4896581737131,25.4896581737131,25.3202549803643,25.2842850136107,25.3048408239653,25.2431610348875,25.1762993840732,25.2020205629554,25.2328774638867,25.2277352917338,25.0836496611589,25.2174501739369,25.3664835674914,25.5306835914689,25.5614419170025,25.5358106179362,25.5973150092137,25.4742694202044,25.5409373888032,25.5358106179362,25.3562123467933,25.2945634334578,25.2483024338098,25.4075581805922,25.4434849990752,25.5409373888032,25.5511901638832,25.5511901638832,25.4742694202044,25.5306835914689,25.5101729288625,25.4742694202044,25.5153009780981,25.494787246305,25.4691393236678,25.5255563093646,25.4742694202044,25.5460639041067,25.5050446238429,25.5511901638832,25.5716926484544,25.5409373888032,25.5614419170025,25.5409373888032,25.3767537609245,25.5819423585322,25.5716926484544,25.5819423585322,25.5204287715866,25.5511901638832,25.4742694202044,25.3408035889768,25.3716187925976,25.4793992606996,25.3613480855689,25.5306835914689,25.494787246305,25.3664835674914,25.4383533655169,25.5101729288625,25.3613480855689,25.3356668224182,25.5153009780981,25.4999160630027,25.464008971053,25.3510763511273,25.3510763511273,25.3870229273887,25.4383533655169,25.4126913524992,25.4126913524992,25.4332214756594,25.4793992606996,25.4024247521646,25.4332214756594,25.4075581805922,25.4280893294658,25.464008971053,25.3921571255997,25.4845288451903,25.3613480855689,25.4486163763711,25.4845288451903,25.4793992606996,25.4896581737131,25.5204287715866,25.3972910671794,25.464008971053,25.464008971053,25.464008971053,25.4486163763711,25.4434849990752,25.5101729288625,25.4742694202044,25.5204287715866,25.5153009780981,25.6485405982759,25.4332214756594,25.4383533655169,25.5460639041067,25.5460639041067,25.6587826573823,25.6382975199907,25.6536617552083,25.5511901638832,25.4742694202044,25.4999160630027,25.4486163763711,25.4793992606996,25.4999160630027,25.6485405982759,25.6843833481574,25.602438715738,25.6792637192269,25.5614419170025,25.6331755985647,25.5665674104186,25.4742694202044,25.3767537609245,25.3972910671794,25.4691393236678,25.4742694202044,25.4691393236678,25.464008971053,25.4332214756594,25.5409373888032,25.6075621671384,25.5973150092137,25.4742694202044,25.4896581737131,25.4434849990752,25.494787246305,25.5358106179362,25.4793992606996,25.4024247521646,25.622930990963,25.6792637192269,25.622930990963,25.5665674104186,25.6331755985647,25.6178083047144,25.6587826573823,25.6536617552083,25.669023697602,25.6741438357205,25.5563161681696,25.6331755985647,25.8020646344419,25.7713781252015,25.7764931779977,25.7355656438188,25.8429657740965,25.8122914408466,25.7457990516862,25.8327420103839,25.7713781252015,25.7509153744483,25.7355656438188,25.7764931779977,25.7406824748218,25.643419186549,25.6485405982759,25.6997407078597,25.6485405982759,25.643419186549,25.6178083047144,25.5460639041067,25.6331755985647,25.5819423585322,25.5255563093646,25.5614419170025,25.5050446238429,25.5511901638832,25.5204287715866,25.5255563093646,25.5409373888032,25.6126853634517,25.6895027225489,25.7099776754511,25.7969508507036,25.7816079769097,25.6485405982759,25.7457990516862,25.6843833481574,25.6946218424375,25.7048593188521,25.7304485586408,25.8276297483179,25.9706773872579,26.0880326723456,26.1186251803434,26.1746879381935,26.159401110059,26.0625319946962,26.0829330403271,26.0727330210948,26.123723051325,26.1390151558117,26.0727330210948,26.0829330403271,26.2409047605314,26.2307203157977,26.1746879381935,26.0421269192526,26.0217178117003,26.0064083335824,26.0574311037199
25.2688654531791,25.1968768433364,25.2071640245704,25.3716187925976,25.4434849990752,25.3664835674914,25.3562123467933,25.3408035889768,25.2637250847104,25.3202549803643,25.3356668224182,25.2534435750629,25.2020205629554,25.2842850136107,25.2842850136107,25.3716187925976,25.3305297988212,25.3202549803643,25.2637250847104,25.2637250847104,25.2483024338098,25.1865886299367,25.2431610348875,25.2483024338098,25.3562123467933,25.2431610348875,25.3921571255997,25.5050446238429,25.2894243522202,25.3202549803643,25.3202549803643,25.258584458684,25.4383533655169,25.4075581805922,25.4075581805922,25.3818884725093,25.2277352917338,25.2791454175921,25.2020205629554,25.1814441360816,25.2277352917338,25.3048408239653,25.2174501739369,25.2328774638867,25.2071640245704,25.2740055641272,25.5511901638832,25.4793992606996,25.5768176311468,25.4999160630027,25.6178083047144,25.4383533655169,25.6331755985647,25.5306835914689,25.4999160630027,25.4178242679226,25.4486163763711,25.5460639041067,25.4742694202044,25.5460639041067,25.5460639041067,25.5255563093646,25.4126913524992,25.4280893294658,25.4332214756594,25.622930990963,25.5204287715866,25.5101729288625,25.5358106179362,25.4691393236678,25.5153009780981,25.4896581737131,25.4434849990752,25.622930990963,25.5460639041067,25.5973150092137,25.5358106179362,25.5819423585322,25.5460639041067,25.5255563093646,25.4280893294658,25.5153009780981,25.4486163763711,25.3408035889768,25.3510763511273,25.4588783623232,25.3716187925976,25.2791454175921,25.4126913524992,25.5050446238429,25.4845288451903,25.4178242679226,25.5153009780981,25.3870229273887,25.4383533655169,25.3613480855689,25.494787246305,25.4332214756594,25.3510763511273,25.3716187925976,25.3767537609245,25.4178242679226,25.3921571255997,25.4691393236678,25.4742694202044,25.4332214756594,25.4793992606996,25.5101729288625,25.3716187925976,25.5050446238429,25.4332214756594,25.4434849990752,25.4999160630027,25.5358106179362,25.4075581805922,25.4845288451903,25.4075581805922,25.3048408239653,25.3613480855689,25.464008971053,25.4588783623232,25.4793992606996,25.3921571255997,25.4793992606996,25.4896581737131,25.3767537609245,25.3972910671794,25.4691393236678,25.4024247521646,25.5409373888032,25.4332214756594,25.494787246305,25.4229569268991,25.5101729288625,25.4588783623232,25.5511901638832,25.643419186549,25.5409373888032,25.5563161681696,25.4126913524992,25.5563161681696,25.4896581737131,25.602438715738,25.6485405982759,25.8174044635856,25.5819423585322,25.8020646344419,25.6331755985647,25.5921910475291,25.5511901638832,25.4588783623232,25.4486163763711,25.5050446238429,25.4588783623232,25.4999160630027,25.4896581737131,25.602438715738,25.4793992606996,25.5819423585322,25.4793992606996,25.4434849990752,25.5306835914689,25.494787246305,25.5204287715866,25.4178242679226,25.622930990963,25.494787246305,25.6280534222343,25.5819423585322,25.6382975199907,25.622930990963,25.5819423585322,25.6997407078597,25.6331755985647,25.6895027225489,25.5819423585322,25.5358106179362,25.669023697602,25.6331755985647,25.6843833481574,25.8378540189647,25.7969508507036,25.8787409664887,25.868520749288,25.8429657740965,25.7867225219738,25.8531885241579,25.8991783632653,25.8991783632653,25.7867225219738,25.7457990516862,25.8531885241579,25.8378540189647,25.7202136256143,25.7457990516862,25.6895027225489,25.669023697602,25.6946218424375,25.5614419170025,25.5563161681696,25.5819423585322,25.6280534222343,25.4691393236678,25.643419186549,25.4845288451903,25.4332214756594,25.4896581737131,25.4896581737131,25.5973150092137,25.6280534222343,25.6280534222343,25.715095777693,25.6895027225489,25.6997407078597,25.7048593188521,25.7048593188521,25.6997407078597,25.6280534222343,25.7048593188521,25.8174044635856,25.9093955434194,25.996200753606,25.9910965851406,26.164496970573,26.0472285660339,26.149208635445,26.1543049983616,26.0574311037199,26.2154417684757,26.1899725066411,26.1390151558117,26.1339180390234,26.1543049983616,26.1899725066411,26.1950668608041,26.0574311037199,26.0472285660339,26.0523299608444,26.0217178117003,25.9400410144115
25.2174501739369,25.1968768433364,25.2740055641272,25.325392518149,25.3613480855689,25.3459400985342,25.325392518149,25.2483024338098,25.2431610348875,25.3408035889768,25.2225928617629,25.2277352917338,25.2328774638867,25.1762993840732,25.2894243522202,25.3767537609245,25.4383533655169,25.325392518149,25.2380193782588,25.2945634334578,25.1865886299367,25.2071640245704,25.2174501739369,25.1557177937613,25.1711543738743,25.258584458684,25.3202549803643,25.4332214756594,25.3408035889768,25.2174501739369,25.3305297988212,25.4126913524992,25.3972910671794,25.3921571255997,25.5050446238429,25.3099791333095,25.3716187925976,25.3048408239653,25.3356668224182,25.2225928617629,25.3099791333095,25.0578987516956,25.0681998923707,25.0939482126385,25.2483024338098,25.4845288451903,25.5973150092137,25.5511901638832,25.6126853634517,25.5306835914689,25.5153009780981,25.5204287715866,25.5255563093646,25.4075581805922,25.4280893294658,25.4434849990752,25.4024247521646,25.4383533655169,25.4486163763711,25.4486163763711,25.5511901638832,25.5153009780981,25.5563161681696,25.5204287715866,25.4024247521646,25.5460639041067,25.5306835914689,25.4742694202044,25.5460639041067,25.5460639041067,25.5460639041067,25.5050446238429,25.5153009780981,25.5255563093646,25.5358106179362,25.494787246305,25.5460639041067,25.5306835914689,25.5460639041067,25.5204287715866,25.602438715738,25.5255563093646,25.4999160630027,25.3921571255997,25.3613480855689,25.3818884725093,25.4024247521646,25.3716187925976,25.4075581805922,25.4486163763711,25.3921571255997,25.4537474974415,25.4486163763711,25.5511901638832,25.4332214756594,25.4383533655169,25.4126913524992,25.5204287715866,25.3972910671794,25.3716187925976,25.4332214756594,25.4332214756594,25.4383533655169,25.3664835674914,25.4793992606996,25.4280893294658,25.3664835674914,25.4999160630027,25.4126913524992,25.4383533655169,25.3767537609245,25.5306835914689,25.4742694202044,25.494787246305,25.4537474974415,25.4024247521646,25.4229569268991,25.4024247521646,25.4793992606996,25.4691393236678,25.494787246305,25.4332214756594,25.4332214756594,25.4024247521646,25.4383533655169,25.4793992606996,25.3716187925976,25.5255563093646,25.5716926484544,25.3818884725093,25.4434849990752,25.4178242679226,25.4383533655169,25.4896581737131,25.5716926484544,25.5768176311468,25.6639033048348,25.5460639041067,25.4383533655169,25.4742694202044,25.5050446238429,25.4537474974415,25.5050446238429,25.6587826573823,25.5921910475291,25.6997407078597,25.6587826573823,25.6997407078597,25.622930990963,25.6178083047144,25.5511901638832,25.4691393236678,25.4793992606996,25.4486163763711,25.4588783623232,25.4691393236678,25.4742694202044,25.5819423585322,25.5358106179362,25.4999160630027,25.4845288451903,25.5511901638832,25.5358106179362,25.602438715738,25.5358106179362,25.5460639041067,25.5716926484544,25.6075621671384,25.6382975199907,25.5973150092137,25.5973150092137,25.5614419170025,25.7099776754511,25.5768176311468,25.6485405982759,25.6485405982759,25.5614419170025,25.6639033048348,25.5768176311468,25.7253312192514,25.8071781644774,25.7509153744483,25.7099776754511,25.7918368132263,25.8020646344419,25.7867225219738,25.7918368132263,25.9247194166704,25.9451477081579,25.8991783632653,25.8736309844862,25.8225172327306,25.7253312192514,25.622930990963,25.5870668306474,25.622930990963,25.6587826573823,25.6075621671384,25.5460639041067,25.6843833481574,25.6382975199907,25.5768176311468,25.6997407078597,25.5768176311468,25.5614419170025,25.5870668306474,25.4845288451903,25.4537474974415,25.5614419170025,25.669023697602,25.6587826573823,25.6587826573823,25.6997407078597,25.7048593188521,25.6382975199907,25.6997407078597,25.643419186549,25.643419186549,25.8020646344419,25.8174044635856,25.9910965851406,26.0574311037199,26.0931320526798,26.0982311813659,26.0880326723456,26.0880326723456,26.0982311813659,26.0625319946962,26.1135270578924,26.0472285660339,26.3121678209195,26.0829330403271,26.1441120212736,26.1797830453715,26.0778331565889,26.0013046697413,25.9196117118026,26.0523299608444,26.0676326338092,26.0982311813659
25.4434849990752,25.3305297988212,25.2894243522202,25.4588783623232,25.4383533655169,25.3305297988212,25.3870229273887,25.2637250847104,25.4537474974415,25.3510763511273,25.4486163763711,25.3459400985342,25.2688654531791,25.2894243522202,25.2894243522202,25.4229569268991,25.4178242679226,25.4434849990752,25.3356668224182,25.4024247521646,25.1145422104357,25.2277352917338,25.1299849929454,25.2174501739369,25.2174501739369,25.2380193782588,25.325392518149,25.2328774638867,25.3151171854302,25.2071640245704,25.2688654531791,25.2997022573604,25.1917328656758,25.1660091054476,25.3305297988212,25.4178242679226,25.3972910671794,25.3202549803643,25.2380193782588,25.2483024338098,25.1660091054476,25.1917328656758,25.1814441360816,25.1660091054476,25.2380193782588,25.3408035889768,25.4999160630027,25.5665674104186,25.4999160630027,25.5870668306474,25.5614419170025,25.6485405982759,25.6639033048348,25.5204287715866,25.2328774638867,25.4383533655169,25.3151171854302,25.464008971053,25.4691393236678,25.6126853634517,25.5204287715866,25.4126913524992,25.4896581737131,25.5460639041067,25.3972910671794,25.5153009780981,25.5255563093646,25.6895027225489,25.4691393236678,25.4434849990752,25.5870668306474,25.5563161681696,25.4845288451903,25.5306835914689,25.5255563093646,25.6331755985647,25.602438715738,25.6587826573823,25.5973150092137,25.464008971053,25.5716926484544,25.494787246305,25.4691393236678,25.3613480855689,25.3356668224182,25.4126913524992,25.4024247521646,25.3664835674914,25.2791454175921,25.4075581805922,25.4280893294658,25.4126913524992,25.3510763511273,25.4486163763711,25.4537474974415,25.4383533655169,25.3613480855689,25.2534435750629,25.2791454175921,25.3921571255997,25.3767537609245,25.4229569268991,25.4691393236678,25.3305297988212,25.4024247521646,25.4332214756594,25.5921910475291,25.4999160630027,25.3921571255997,25.4588783623232,25.4383533655169,25.4383533655169,25.3767537609245,25.4024247521646,25.4229569268991,25.4434849990752,25.3767537609245,25.4793992606996,25.4588783623232,25.494787246305,25.4383533655169,25.4024247521646,25.4434849990752,25.4332214756594,25.4126913524992,25.4178242679226,25.4126913524992,25.464008971053,25.4332214756594,25.4691393236678,25.494787246305,25.4742694202044,25.3870229273887,25.4793992606996,25.5460639041067,25.5101729288625,25.5255563093646,25.4229569268991,25.4896581737131,25.3510763511273,25.4793992606996,25.5255563093646,25.6331755985647,25.602438715738,25.6741438357205,25.5563161681696,25.6075621671384,25.6178083047144,25.6382975199907,25.6280534222343,25.4383533655169,25.5204287715866,25.5768176311468,25.464008971053,25.5819423585322,25.4691393236678,25.5768176311468,25.5460639041067,25.5306835914689,25.5921910475291,25.602438715738,25.5255563093646,25.4280893294658,25.5511901638832,25.5819423585322,25.6126853634517,25.3664835674914,25.5101729288625,25.5819423585322,25.5768176311468,25.5716926484544,25.5460639041067,25.5665674104186,25.5716926484544,25.6382975199907,25.4999160630027,25.6382975199907,25.5665674104186,25.5563161681696,25.6280534222343,25.7764931779977,25.669023697602,25.7355656438188,25.7816079769097,25.6280534222343,25.868520749288,25.8940693936838,25.9349340679388,25.7509153744483,25.8071781644774,25.8736309844862,25.8020646344419,25.715095777693,25.6792637192269,25.8174044635856,25.6126853634517,25.6895027225489,25.602438715738,25.5665674104186,25.5665674104186,25.6792637192269,25.5716926484544,25.6485405982759,25.5921910475291,25.5665674104186,25.4537474974415,25.4691393236678,25.5204287715866,25.602438715738,25.4999160630027,25.5204287715866,25.6536617552083,25.669023697602,25.6792637192269,25.602438715738,25.715095777693,25.7202136256143,25.6280534222343,25.6280534222343,25.6331755985647,26.0778331565889,26.0727330210948,26.0829330403271,26.1441120212736,26.1186251803434,26.1135270578924,26.0778331565889,26.0115117451654,26.0625319946962,26.0421269192526,26.0931320526798,25.9757825654037,26.0574311037199,26.1390151558117,26.0829330403271,26.0982311813659,25.996200753606,26.0676326338092,26.0472285660339,26.0523299608444
25.1814441360816,25.4588783623232,25.3408035889768,25.4383533655169,25.4691393236678,25.3408035889768,25.3870229273887,25.3767537609245,25.3664835674914,25.3664835674914,25.2637250847104,25.2483024338098,25.3664835674914,25.3664835674914,25.2842850136107,25.2380193782588,25.3048408239653,25.2997022573604,25.2225928617629,25.2071640245704,25.2225928617629,25.2277352917338,25.0990971001769,25.124837657352,25.1196900631945,25.2071640245704,25.2534435750629,25.2688654531791,25.2431610348875,25.2174501739369,25.2020205629554,25.2225928617629,25.3408035889768,25.3356668224182,25.1814441360816,25.4434849990752,25.3202549803643,25.3613480855689,25.3716187925976,25.2791454175921,25.1557177937613,25.1351320700124,25.1762993840732,25.14027888859,25.1505717504272,25.3459400985342,25.5255563093646,25.494787246305,25.5973150092137,25.5358106179362,25.6280534222343,25.6178083047144,25.602438715738,25.5101729288625,25.2688654531791,25.4280893294658,25.4896581737131,25.4537474974415,25.4999160630027,25.494787246305,25.3716187925976,25.3818884725093,25.5050446238429,25.4999160630027,25.3870229273887,25.4845288451903,25.5101729288625,25.5819423585322,25.4537474974415,25.4537474974415,25.4434849990752,25.4845288451903,25.5204287715866,25.4999160630027,25.5255563093646,25.5511901638832,25.6178083047144,25.5460639041067,25.5358106179362,25.5358106179362,25.5153009780981,25.494787246305,25.4588783623232,25.4024247521646,25.2945634334578,25.5153009780981,25.325392518149,25.3613480855689,25.2791454175921,25.3356668224182,25.4383533655169,25.3921571255997,25.4229569268991,25.5153009780981,25.4332214756594,25.3716187925976,25.494787246305,25.2740055641272,25.2637250847104,25.3459400985342,25.3870229273887,25.3664835674914,25.3972910671794,25.4024247521646,25.4178242679226,25.3972910671794,25.4793992606996,25.4742694202044,25.4075581805922,25.3818884725093,25.5306835914689,25.4229569268991,25.4383533655169,25.4178242679226,25.4075581805922,25.5409373888032,25.4742694202044,25.4896581737131,25.4999160630027,25.5255563093646,25.5306835914689,25.4588783623232,25.5101729288625,25.3921571255997,25.4691393236678,25.4434849990752,25.3664835674914,25.4229569268991,25.464008971053,25.4486163763711,25.3767537609245,25.4793992606996,25.5255563093646,25.5255563093646,25.4742694202044,25.5614419170025,25.5153009780981,25.5050446238429,25.4845288451903,25.5460639041067,25.4691393236678,25.464008971053,25.3613480855689,25.6639033048348,25.6741438357205,25.5921910475291,25.5409373888032,25.6485405982759,25.6178083047144,25.5716926484544,25.5563161681696,25.5204287715866,25.5409373888032,25.5204287715866,25.4691393236678,25.4999160630027,25.5358106179362,25.5358106179362,25.4793992606996,25.4845288451903,25.5665674104186,25.4486163763711,25.4537474974415,25.5614419170025,25.6075621671384,25.6126853634517,25.5460639041067,25.5153009780981,25.5563161681696,25.5614419170025,25.5819423585322,25.5973150092137,25.5050446238429,25.4896581737131,25.5921910475291,25.643419186549,25.5204287715866,25.6075621671384,25.5665674104186,25.6792637192269,25.6792637192269,25.6075621671384,25.8020646344419,25.8071781644774,25.8327420103839,25.7918368132263,25.9400410144115,25.8991783632653,25.8071781644774,25.9093955434194,25.9706773872579,25.6075621671384,25.6178083047144,25.602438715738,25.6075621671384,25.6895027225489,25.7406824748218,25.5563161681696,25.5511901638832,25.5768176311468,25.5306835914689,25.5819423585322,25.7202136256143,25.5614419170025,25.5819423585322,25.5409373888032,25.4793992606996,25.5358106179362,25.5153009780981,25.6280534222343,25.6280534222343,25.5614419170025,25.643419186549,25.6331755985647,25.7662628184848,25.7764931779977,25.7611472578112,25.602438715738,25.7509153744483,25.8225172327306,26.0625319946962,26.0829330403271,26.0982311813659,26.1033300584395,26.1135270578924,26.2816325177847,26.159401110059,26.1543049983616,26.0727330210948,26.0625319946962,26.0727330210948,26.0982311813659,26.2001609640334,26.1339180390234,26.0625319946962,26.164496970573,25.9910965851406,25.9093955434194,26.0217178117003,26.0982311813659
25.4588783623232,25.464008971053,25.3202549803643,25.3972910671794,25.464008971053,25.4075581805922,25.3664835674914,25.4537474974415,25.464008971053,25.4896581737131,25.3305297988212,25.3613480855689,25.3459400985342,25.2123072282184,25.2174501739369,25.3459400985342,25.1814441360816,25.2071640245704,25.1557177937613,25.1351320700124,25.2123072282184,25.2020205629554,25.0887990663117,25.1145422104357,25.1865886299367,25.2431610348875,25.1351320700124,25.2431610348875,25.2277352917338,25.1968768433364,25.3099791333095,25.1917328656758,25.2483024338098,25.3305297988212,25.3459400985342,25.4537474974415,25.3818884725093,25.4486163763711,25.3664835674914,25.2123072282184,24.9909160664447,25.1454254487159,25.0321413659635,25.2483024338098,25.2431610348875,25.3356668224182,25.3562123467933,25.494787246305,25.5101729288625,25.5050446238429,25.5563161681696,25.6126853634517,25.5511901638832,25.464008971053,25.4537474974415,25.4434849990752,25.4793992606996,25.4999160630027,25.5921910475291,25.5101729288625,25.5153009780981,25.5768176311468,25.5101729288625,25.4178242679226,25.4280893294658,25.3921571255997,25.5255563093646,25.4178242679226,25.4229569268991,25.4793992606996,25.5101729288625,25.6075621671384,25.6075621671384,25.6178083047144,25.5358106179362,25.4999160630027,25.6178083047144,25.5306835914689,25.5409373888032,25.4742694202044,25.622930990963,25.5511901638832,25.4742694202044,25.4383533655169,25.3459400985342,25.4178242679226,25.4999160630027,25.3972910671794,25.2688654531791,25.3972910671794,25.5511901638832,25.5409373888032,25.4280893294658,25.5255563093646,25.4691393236678,25.5716926484544,25.3870229273887,25.4229569268991,25.2637250847104,25.3767537609245,25.3562123467933,25.325392518149,25.4332214756594,25.3664835674914,25.3664835674914,25.3921571255997,25.3870229273887,25.4691393236678,25.4075581805922,25.4434849990752,25.4075581805922,25.5358106179362,25.3613480855689,25.4691393236678,25.4845288451903,25.4024247521646,25.3921571255997,25.5050446238429,25.4383533655169,25.4845288451903,25.5255563093646,25.5358106179362,25.5050446238429,25.5255563093646,25.4075581805922,25.3716187925976,25.4999160630027,25.464008971053,25.4845288451903,25.4742694202044,25.5101729288625,25.4793992606996,25.5306835914689,25.5870668306474,25.5614419170025,25.464008971053,25.494787246305,25.494787246305,25.4896581737131,25.4383533655169,25.5204287715866,25.5409373888032,25.5716926484544,25.5870668306474,25.5204287715866,25.3921571255997,25.3767537609245,25.5204287715866,25.6485405982759,25.6485405982759,25.602438715738,25.5460639041067,25.5768176311468,25.4126913524992,25.4383533655169,25.464008971053,25.5511901638832,25.5050446238429,25.5101729288625,25.4845288451903,25.4793992606996,25.5460639041067,25.6126853634517,25.5973150092137,25.5563161681696,25.6126853634517,25.5358106179362,25.5716926484544,25.5614419170025,25.6536617552083,25.5819423585322,25.4229569268991,25.5819423585322,25.5819423585322,25.5511901638832,25.6280534222343,25.715095777693,25.6741438357205,25.669023697602,25.602438715738,25.622930990963,25.5973150092137,25.6536617552083,25.7816079769097,25.6485405982759,25.7713781252015,25.7662628184848,25.7816079769097,25.8020646344419,25.7969508507036,25.7509153744483,25.7099776754511,25.8174044635856,25.7202136256143,25.622930990963,25.7867225219738,25.6280534222343,25.5819423585322,25.5563161681696,25.5409373888032,25.5409373888032,25.7355656438188,25.5563161681696,25.5870668306474,25.4537474974415,25.5358106179362,25.5255563093646,25.4537474974415,25.5204287715866,25.6075621671384,25.6485405982759,25.6485405982759,25.643419186549,25.5101729288625,25.6946218424375,25.6536617552083,25.6792637192269,25.6331755985647,25.7662628184848,25.863410260858,25.9604662734002,25.9910965851406,26.0880326723456,26.123723051325,26.0982311813659,26.1135270578924,26.2918119530995,26.0778331565889,26.1288206708731,26.1899725066411,26.0829330403271,26.1288206708731,26.159401110059,26.159401110059,26.1288206708731,26.1695925799393,26.1695925799393,26.0676326338092,26.1695925799393,26.164496970573
25.325392518149,25.3048408239653,25.3202549803643,25.3716187925976,25.1505717504272,25.2945634334578,25.258584458684,25.3459400985342,25.4178242679226,25.3048408239653,25.124837657352,25.258584458684,25.2431610348875,25.3408035889768,25.14027888859,25.2842850136107,25.1917328656758,25.1917328656758,25.1351320700124,25.0269891112523,25.1608635787557,25.1196900631945,25.0887990663117,25.0733500742259,25.2174501739369,25.2123072282184,25.2637250847104,25.2842850136107,25.2431610348875,25.2945634334578,25.1917328656758,25.2483024338098,25.1454254487159,25.3048408239653,25.3870229273887,25.4486163763711,25.4537474974415,25.2997022573604,25.3356668224182,25.1454254487159,25.1711543738743,25.2483024338098,25.2123072282184,25.2688654531791,25.2123072282184,25.2483024338098,25.3613480855689,25.5306835914689,25.5101729288625,25.5614419170025,25.4896581737131,25.5563161681696,25.5204287715866,25.4434849990752,25.4742694202044,25.4896581737131,25.4691393236678,25.494787246305,25.5358106179362,25.5870668306474,25.5563161681696,25.5614419170025,25.494787246305,25.4434849990752,25.4486163763711,25.4332214756594,25.5358106179362,25.5050446238429,25.5921910475291,25.5101729288625,25.5870668306474,25.5050446238429,25.6639033048348,25.6895027225489,25.6280534222343,25.5204287715866,25.5614419170025,25.5511901638832,25.5204287715866,25.5204287715866,25.494787246305,25.5665674104186,25.4691393236678,25.4742694202044,25.4178242679226,25.4434849990752,25.4126913524992,25.4332214756594,25.4126913524992,25.3870229273887,25.4229569268991,25.4845288451903,25.5460639041067,25.5409373888032,25.4332214756594,25.4383533655169,25.4332214756594,25.3767537609245,25.3664835674914,25.3562123467933,25.3459400985342,25.4280893294658,25.4178242679226,25.3972910671794,25.4486163763711,25.3921571255997,25.3767537609245,25.3767537609245,25.4742694202044,25.3716187925976,25.4383533655169,25.4537474974415,25.4845288451903,25.4742694202044,25.5204287715866,25.5819423585322,25.5101729288625,25.622930990963,25.4486163763711,25.3870229273887,25.2894243522202,25.5358106179362,25.4845288451903,25.4999160630027,25.464008971053,25.3767537609245,25.602438715738,25.4793992606996,25.464008971053,25.4537474974415,25.4075581805922,25.3972910671794,25.4434849990752,25.5358106179362,25.5511901638832,25.5768176311468,25.5358106179362,25.3972910671794,25.4742694202044,25.4845288451903,25.494787246305,25.5409373888032,25.4845288451903,25.5050446238429,25.3972910671794,25.3870229273887,25.4691393236678,25.5358106179362,25.5973150092137,25.5460639041067,25.6639033048348,25.622930990963,25.4999160630027,25.4845288451903,25.4075581805922,25.4999160630027,25.5101729288625,25.4999160630027,25.4999160630027,25.5101729288625,25.4793992606996,25.4845288451903,25.5050446238429,25.6485405982759,25.5614419170025,25.622930990963,25.5870668306474,25.6075621671384,25.5768176311468,25.5665674104186,25.5101729288625,25.494787246305,25.464008971053,25.6075621671384,25.5511901638832,25.643419186549,25.5921910475291,25.6280534222343,25.5870668306474,25.6997407078597,25.7048593188521,25.7099776754511,25.7048593188521,25.622930990963,25.6382975199907,25.6587826573823,25.8071781644774,25.868520749288,25.7969508507036,25.7867225219738,25.7099776754511,25.6792637192269,25.7253312192514,25.7099776754511,25.7406824748218,25.6741438357205,25.5716926484544,25.5768176311468,25.5511901638832,25.6587826573823,25.5358106179362,25.6178083047144,25.6382975199907,25.5819423585322,25.6280534222343,25.4999160630027,25.4383533655169,25.4383533655169,25.6075621671384,25.5716926484544,25.5204287715866,25.6792637192269,25.622930990963,25.5973150092137,25.5973150092137,25.6792637192269,25.6485405982759,25.6280534222343,25.6485405982759,25.7304485586408,25.8378540189647,25.9502541492142,26.1033300584395,26.1695925799393,26.1746879381935,26.1186251803434,26.0625319946962,26.0778331565889,26.0523299608444,26.0778331565889,26.0676326338092,26.149208635445,26.0982311813659,26.123723051325,26.0931320526798,26.149208635445,26.1288206708731,26.1084286839364,26.0013046697413,26.1186251803434
25.3459400985342,25.2740055641272,25.2740055641272,25.2945634334578,25.14027888859,25.2380193782588,25.2431610348875,25.3202549803643,25.3459400985342,25.2688654531791,25.0115307913128,25.14027888859,25.124837657352,25.0939482126385,25.0475965748176,25.1196900631945,25.2123072282184,25.0321413659635,25.0630494515398,24.8774607869049,25.0166838239645,25.2328774638867,25.0836496611589,24.9909160664447,25.0115307913128,25.0218365972651,25.124837657352,25.0836496611589,25.1608635787557,25.3048408239653,25.258584458684,25.1299849929454,25.1505717504272,25.2534435750629,25.2740055641272,25.2894243522202,25.3099791333095,25.2997022573604,25.1762993840732,25.2071640245704,25.2174501739369,25.2997022573604,25.1299849929454,25.1608635787557,25.1299849929454,25.1865886299367,25.1660091054476,25.3202549803643,25.5050446238429,25.5614419170025,25.4486163763711,25.4434849990752,25.494787246305,25.3099791333095,25.4486163763711,25.464008971053,25.4691393236678,25.5358106179362,25.3510763511273,25.4332214756594,25.4486163763711,25.6639033048348,25.5665674104186,25.3972910671794,25.4845288451903,25.4486163763711,25.5358106179362,25.4742694202044,25.5563161681696,25.4280893294658,25.5768176311468,25.5716926484544,25.6126853634517,25.622930990963,25.5768176311468,25.5255563093646,25.5255563093646,25.5101729288625,25.5460639041067,25.4896581737131,25.4896581737131,25.4793992606996,25.4537474974415,25.4486163763711,25.4434849990752,25.4383533655169,25.4434849990752,25.3459400985342,25.4229569268991,25.3870229273887,25.4126913524992,25.5409373888032,25.4793992606996,25.4999160630027,25.4896581737131,25.4332214756594,25.5153009780981,25.3202549803643,25.325392518149,25.3716187925976,25.3305297988212,25.4178242679226,25.3562123467933,25.3459400985342,25.3305297988212,25.464008971053,25.4178242679226,25.4486163763711,25.4126913524992,25.3767537609245,25.4126913524992,25.5460639041067,25.5153009780981,25.3202549803643,25.4793992606996,25.3818884725093,25.5153009780981,25.4229569268991,25.4691393236678,25.4486163763711,25.3716187925976,25.3921571255997,25.5358106179362,25.5614419170025,25.4486163763711,25.4178242679226,25.4742694202044,25.4075581805922,25.4588783623232,25.5460639041067,25.4126913524992,25.4537474974415,25.3972910671794,25.5870668306474,25.5716926484544,25.5768176311468,25.5460639041067,25.5460639041067,25.5153009780981,25.5101729288625,25.5101729288625,25.6126853634517,25.5716926484544,25.494787246305,25.4178242679226,25.4126913524992,25.5050446238429,25.4486163763711,25.5819423585322,25.5870668306474,25.6280534222343,25.5614419170025,25.5614419170025,25.3664835674914,25.3664835674914,25.4537474974415,25.5050446238429,25.4999160630027,25.5153009780981,25.4999160630027,25.5101729288625,25.5050446238429,25.5153009780981,25.5768176311468,25.494787246305,25.5870668306474,25.4793992606996,25.5306835914689,25.4742694202044,25.5614419170025,25.4742694202044,25.5614419170025,25.4434849990752,25.5306835914689,25.5921910475291,25.5921910475291,25.6075621671384,25.602438715738,25.6792637192269,25.5716926484544,25.6075621671384,25.7202136256143,25.6946218424375,25.6075621671384,25.6792637192269,25.7253312192514,25.7406824748218,25.7816079769097,25.7764931779977,25.7099776754511,25.7969508507036,25.7662628184848,25.6792637192269,25.8225172327306,25.7253312192514,25.7918368132263,25.715095777693,25.7355656438188,25.5665674104186,25.622930990963,25.6126853634517,25.5870668306474,25.602438715738,25.6485405982759,25.4383533655169,25.5153009780981,25.5409373888032,25.4280893294658,25.4024247521646,25.6126853634517,25.4999160630027,25.5153009780981,25.6126853634517,25.5973150092137,25.6536617552083,25.5716926484544,25.6331755985647,25.6178083047144,25.6997407078597,25.7662628184848,25.8020646344419,25.9553603376162,26.0829330403271,26.1084286839364,26.1186251803434,26.1339180390234,26.1288206708731,26.1288206708731,26.0217178117003,26.0778331565889,26.1033300584395,26.149208635445,26.0931320526798,26.149208635445,26.1441120212736,26.016614904526,26.0064083335824,26.1186251803434,26.1033300584395,26.0880326723456
25.3305297988212,25.258584458684,25.2637250847104,25.2842850136107,25.0733500742259,24.8877801045559,25.1196900631945,25.1299849929454,25.0887990663117,25.1608635787557,25.0012239478063,24.9290469664651,24.8464965838976,24.9754522977662,24.9290469664651,24.9342041538485,25.0784999971428,25.0475965748176,25.0218365972651,25.1093940990381,25.1454254487159,25.1762993840732,25.0630494515398,25.0784999971428,25.0321413659635,25.0578987516956,25.0372933614365,24.9342041538485,25.0475965748176,25.1145422104357,25.1454254487159,25.2637250847104,25.2842850136107,25.1608635787557,25.2637250847104,25.325392518149,25.2997022573604,25.2380193782588,25.3459400985342,25.2277352917338,25.1865886299367,25.124837657352,25.2997022573604,25.2174501739369,25.3099791333095,25.2637250847104,25.3459400985342,25.2791454175921,25.4999160630027,25.5306835914689,25.3921571255997,25.4742694202044,25.5153009780981,25.4383533655169,25.3356668224182,25.4486163763711,25.4537474974415,25.4896581737131,25.3767537609245,25.3613480855689,25.5306835914689,25.5819423585322,25.5101729288625,25.2842850136107,25.4845288451903,25.4845288451903,25.5153009780981,25.5768176311468,25.4332214756594,25.5563161681696,25.5358106179362,25.6178083047144,25.6126853634517,25.5255563093646,25.5973150092137,25.5101729288625,25.5973150092137,25.5409373888032,25.5870668306474,25.4793992606996,25.5921910475291,25.5614419170025,25.4742694202044,25.4537474974415,25.3305297988212,25.4075581805922,25.5255563093646,25.4332214756594,25.3510763511273,25.3356668224182,25.5409373888032,25.4742694202044,25.5050446238429,25.4126913524992,25.4383533655169,25.4075581805922,25.4280893294658,25.4383533655169,25.3099791333095,25.325392518149,25.3305297988212,25.3613480855689,25.3664835674914,25.3921571255997,25.3870229273887,25.4280893294658,25.3716187925976,25.3972910671794,25.4434849990752,25.4537474974415,25.4537474974415,25.4588783623232,25.4845288451903,25.5563161681696,25.3921571255997,25.4845288451903,25.4742694202044,25.4024247521646,25.4896581737131,25.4999160630027,25.3818884725093,25.5050446238429,25.3921571255997,25.5306835914689,25.464008971053,25.494787246305,25.4999160630027,25.3459400985342,25.5050446238429,25.5153009780981,25.3716187925976,25.4126913524992,25.3921571255997,25.5204287715866,25.4075581805922,25.5614419170025,25.5511901638832,25.5358106179362,25.5204287715866,25.5050446238429,25.4999160630027,25.5204287715866,25.4999160630027,25.4332214756594,25.3767537609245,25.258584458684,25.4126913524992,25.4075581805922,25.494787246305,25.5101729288625,25.5204287715866,25.5204287715866,25.4999160630027,25.5153009780981,25.5050446238429,25.4024247521646,25.4999160630027,25.5511901638832,25.4383533655169,25.3818884725093,25.5716926484544,25.5204287715866,25.4896581737131,25.494787246305,25.464008971053,25.5819423585322,25.5973150092137,25.5768176311468,25.5511901638832,25.4691393236678,25.4691393236678,25.5973150092137,25.4486163763711,25.5563161681696,25.5153009780981,25.669023697602,25.6280534222343,25.6126853634517,25.715095777693,25.622930990963,25.6587826573823,25.5973150092137,25.5819423585322,25.643419186549,25.6382975199907,25.6792637192269,25.7099776754511,25.7202136256143,25.7713781252015,25.7611472578112,25.6843833481574,25.6895027225489,25.7560314431445,25.6895027225489,25.6997407078597,25.6536617552083,25.6280534222343,25.6331755985647,25.6126853634517,25.6126853634517,25.5358106179362,25.5511901638832,25.6485405982759,25.7509153744483,25.7457990516862,25.5358106179362,25.494787246305,25.5460639041067,25.6280534222343,25.5511901638832,25.6178083047144,25.5716926484544,25.6075621671384,25.5050446238429,25.6639033048348,25.622930990963,25.5665674104186,25.6126853634517,25.6792637192269,25.7202136256143,25.9451477081579,25.9502541492142,26.0778331565889,26.0931320526798,26.0880326723456,26.0982311813659,26.1339180390234,25.996200753606,26.0727330210948,26.1390151558117,26.1390151558117,26.0727330210948,26.149208635445,26.1441120212736,26.0880326723456,26.1441120212736,26.0319228696336,26.1135270578924,26.0268204667242,25.9910965851406
25.1711543738743,25.258584458684,25.2534435750629,25.2431610348875,25.1042457289643,24.9806071469274,25.0475965748176,24.9393610812787,25.0475965748176,25.124837657352,24.8980983810354,24.8464965838976,24.954830304227,24.9445177487934,25.2020205629554,25.0321413659635,25.1968768433364,25.0269891112523,24.9806071469274,25.1454254487159,25.1762993840732,25.124837657352,25.0990971001769,25.0836496611589,25.0012239478063,25.0733500742259,25.1145422104357,24.9238895190908,24.9651418204509,24.9806071469274,25.1145422104357,25.2328774638867,25.1762993840732,25.2637250847104,25.1711543738743,25.3099791333095,25.1814441360816,25.2842850136107,25.1608635787557,25.1968768433364,25.0784999971428,25.0887990663117,25.0578987516956,25.3099791333095,25.1454254487159,25.1762993840732,25.2225928617629,25.3972910671794,25.5460639041067,25.5409373888032,25.4896581737131,25.4742694202044,25.5511901638832,25.5153009780981,25.4332214756594,25.4537474974415,25.4229569268991,25.4486163763711,25.3613480855689,25.3767537609245,25.4588783623232,25.4178242679226,25.3048408239653,25.4178242679226,25.4588783623232,25.3099791333095,25.3716187925976,25.4332214756594,25.4486163763711,25.5768176311468,25.4588783623232,25.6536617552083,25.5409373888032,25.4588783623232,25.5665674104186,25.5204287715866,25.5409373888032,25.5614419170025,25.494787246305,25.5716926484544,25.5716926484544,25.4691393236678,25.5563161681696,25.3921571255997,25.4024247521646,25.4537474974415,25.4691393236678,25.4537474974415,25.3408035889768,25.3972910671794,25.4280893294658,25.4434849990752,25.4434849990752,25.4178242679226,25.4332214756594,25.4588783623232,25.4126913524992,25.325392518149,25.3459400985342,25.3305297988212,25.3510763511273,25.3408035889768,25.3305297988212,25.3767537609245,25.2894243522202,25.5358106179362,25.4024247521646,25.4486163763711,25.3510763511273,25.4434849990752,25.4280893294658,25.5511901638832,25.3818884725093,25.4588783623232,25.4793992606996,25.4845288451903,25.4383533655169,25.494787246305,25.4383533655169,25.4896581737131,25.4332214756594,25.3767537609245,25.4845288451903,25.4691393236678,25.4383533655169,25.4126913524992,25.4383533655169,25.4332214756594,25.3870229273887,25.4332214756594,25.4126913524992,25.4126913524992,25.5768176311468,25.6075621671384,25.5870668306474,25.5614419170025,25.5409373888032,25.5306835914689,25.5101729288625,25.5614419170025,25.464008971053,25.5511901638832,25.4434849990752,25.4742694202044,25.4229569268991,25.2174501739369,25.4024247521646,25.4691393236678,25.4332214756594,25.4434849990752,25.5716926484544,25.4742694202044,25.4229569268991,25.5101729288625,25.5614419170025,25.622930990963,25.3510763511273,25.6280534222343,25.622930990963,25.6280534222343,25.5870668306474,25.5921910475291,25.5563161681696,25.5973150092137,25.5306835914689,25.602438715738,25.5819423585322,25.6126853634517,25.5870668306474,25.4999160630027,25.5768176311468,25.4691393236678,25.4793992606996,25.622930990963,25.4434849990752,25.6280534222343,25.6895027225489,25.5870668306474,25.602438715738,25.6895027225489,25.669023697602,25.6536617552083,25.6382975199907,25.643419186549,25.7355656438188,25.7099776754511,25.669023697602,25.8378540189647,25.7457990516862,25.7816079769097,25.7611472578112,25.8122914408466,25.8071781644774,25.6997407078597,25.715095777693,25.6843833481574,25.6997407078597,25.6075621671384,25.6946218424375,25.622930990963,25.6587826573823,25.6178083047144,25.602438715738,25.6639033048348,25.4332214756594,25.5614419170025,25.4434849990752,25.3972910671794,25.4383533655169,25.5563161681696,25.6178083047144,25.6382975199907,25.6126853634517,25.5716926484544,25.6178083047144,25.6280534222343,25.6280534222343,25.5973150092137,25.6587826573823,25.7406824748218,25.8378540189647,25.8020646344419,26.0727330210948,26.0778331565889,26.0931320526798,26.1390151558117,26.149208635445,26.0676326338092,26.1441120212736,26.1339180390234,26.1186251803434,26.1084286839364,26.1135270578924,26.1084286839364,26.0829330403271,25.9910965851406,26.0625319946962,25.9604662734002,25.9655719566022,26.0574311037199
25.2380193782588,25.1762993840732,25.2431610348875,25.1093940990381,25.124837657352,24.9238895190908,24.8258485704877,24.9909160664447,24.9135738442187,24.8826205758957,24.8980983810354,24.8516579356668,24.8877801045559,25.0218365972651,25.0733500742259,24.9806071469274,25.0836496611589,25.0269891112523,25.0475965748176,25.0475965748176,25.1711543738743,24.9754522977662,25.0784999971428,25.0321413659635,24.9754522977662,25.1093940990381,25.1299849929454,25.0269891112523,24.9599861922213,25.0578987516956,25.2020205629554,25.2123072282184,24.9445177487934,25.1660091054476,25.1814441360816,25.2791454175921,25.3408035889768,25.0321413659635,25.0424450977087,25.0733500742259,25.2740055641272,25.2123072282184,25.0887990663117,25.2431610348875,25.2534435750629,25.0784999971428,25.3099791333095,25.2997022573604,25.3202549803643,25.5716926484544,25.4280893294658,25.5050446238429,25.5819423585322,25.4793992606996,25.5306835914689,25.5358106179362,25.4486163763711,25.4588783623232,25.4486163763711,25.4280893294658,25.4588783623232,25.4075581805922,25.4332214756594,25.4537474974415,25.464008971053,25.4383533655169,25.464008971053,25.4486163763711,25.4434849990752,25.5409373888032,25.5665674104186,25.6126853634517,25.5511901638832,25.4742694202044,25.4742694202044,25.4793992606996,25.4793992606996,25.4896581737131,25.5665674104186,25.5409373888032,25.4742694202044,25.5409373888032,25.5204287715866,25.4024247521646,25.4793992606996,25.5358106179362,25.3613480855689,25.3510763511273,25.4280893294658,25.4178242679226,25.3767537609245,25.3408035889768,25.3921571255997,25.4383533655169,25.4280893294658,25.4229569268991,25.3305297988212,25.3048408239653,25.325392518149,25.3202549803643,25.3664835674914,25.3562123467933,25.3972910671794,25.3818884725093,25.2945634334578,25.3664835674914,25.4178242679226,25.325392518149,25.3818884725093,25.4332214756594,25.4126913524992,25.4126913524992,25.4793992606996,25.5101729288625,25.4845288451903,25.5358106179362,25.3818884725093,25.4383533655169,25.4691393236678,25.4486163763711,25.4896581737131,25.3408035889768,25.4075581805922,25.4845288451903,25.4434849990752,25.3562123467933,25.3818884725093,25.3767537609245,25.4126913524992,25.4280893294658,25.3972910671794,25.4126913524992,25.4486163763711,25.5921910475291,25.4383533655169,25.5358106179362,25.5255563093646,25.5460639041067,25.5716926484544,25.4434849990752,25.5101729288625,25.3767537609245,25.4486163763711,25.4793992606996,25.4486163763711,25.3613480855689,25.4075581805922,25.3767537609245,25.3613480855689,25.4845288451903,25.4845288451903,25.4178242679226,25.5460639041067,25.3972910671794,25.5050446238429,25.6178083047144,25.4742694202044,25.5255563093646,25.4332214756594,25.5768176311468,25.5511901638832,25.5665674104186,25.6280534222343,25.5306835914689,25.5050446238429,25.5973150092137,25.5614419170025,25.4845288451903,25.3716187925976,25.5768176311468,25.6178083047144,25.4742694202044,25.5768176311468,25.5050446238429,25.5768176311468,25.5665674104186,25.5614419170025,25.622930990963,25.6741438357205,25.6382975199907,25.7560314431445,25.7202136256143,25.6639033048348,25.6587826573823,25.6280534222343,25.6587826573823,25.7509153744483,25.7611472578112,25.8276297483179,25.7304485586408,25.7611472578112,25.7662628184848,25.6946218424375,25.6895027225489,25.6946218424375,25.6946218424375,25.6843833481574,25.6946218424375,25.6946218424375,25.6126853634517,25.3921571255997,25.6382975199907,25.6536617552083,25.7048593188521,25.5665674104186,25.4742694202044,25.3972910671794,25.4383533655169,25.3870229273887,25.3767537609245,25.6280534222343,25.643419186549,25.6331755985647,25.6280534222343,25.5921910475291,25.622930990963,25.6997407078597,25.643419186549,25.622930990963,25.7509153744483,25.9093955434194,25.9604662734002,25.9757825654037,26.159401110059,26.1390151558117,26.1695925799393,26.0523299608444,25.9910965851406,26.0523299608444,26.159401110059,26.0676326338092,26.0421269192526,26.1848779015089,26.0370250204644,25.996200753606,26.0319228696336,26.123723051325,25.9604662734002,25.9808874910754,25.9655719566022
25.1968768433364,25.1814441360816,25.2431610348875,25.1762993840732,25.2071640245704,25.0784999971428,24.8774607869049,25.0939482126385,24.9960701368761,24.9857617364743,24.9806071469274,24.8568190268782,24.9393610812787,25.0939482126385,24.9238895190908,25.1711543738743,25.0372933614365,25.0887990663117,25.0527477928007,25.1093940990381,25.1711543738743,25.1093940990381,25.1968768433364,24.9857617364743,25.14027888859,25.1454254487159,25.2020205629554,25.0372933614365,24.9909160664447,25.2277352917338,25.0578987516956,25.0630494515398,25.1865886299367,25.3202549803643,25.3202549803643,25.3767537609245,25.1865886299367,25.0990971001769,25.1917328656758,25.1762993840732,25.2791454175921,25.0939482126385,25.2225928617629,25.2945634334578,25.2380193782588,25.2997022573604,25.1711543738743,25.2740055641272,25.3099791333095,25.4742694202044,25.5153009780981,25.5973150092137,25.6075621671384,25.5921910475291,25.643419186549,25.602438715738,25.4896581737131,25.4486163763711,25.5101729288625,25.4229569268991,25.464008971053,25.3664835674914,25.4280893294658,25.2020205629554,25.4383533655169,25.4742694202044,25.4588783623232,25.5614419170025,25.5050446238429,25.5511901638832,25.6280534222343,25.6382975199907,25.5973150092137,25.6178083047144,25.643419186549,25.4793992606996,25.5768176311468,25.5921910475291,25.4896581737131,25.4845288451903,25.5358106179362,25.5409373888032,25.464008971053,25.5460639041067,25.5306835914689,25.5921910475291,25.6126853634517,25.464008971053,25.4126913524992,25.4383533655169,25.3818884725093,25.3305297988212,25.4434849990752,25.6331755985647,25.4434849990752,25.4229569268991,25.3972910671794,25.3613480855689,25.3408035889768,25.258584458684,25.5204287715866,25.4280893294658,25.4383533655169,25.5306835914689,25.5153009780981,25.2894243522202,25.5306835914689,25.4537474974415,25.4383533655169,25.4793992606996,25.4896581737131,25.5204287715866,25.464008971053,25.4588783623232,25.5153009780981,25.4486163763711,25.4691393236678,25.4999160630027,25.5716926484544,25.4537474974415,25.5614419170025,25.4126913524992,25.4229569268991,25.4280893294658,25.2997022573604,25.4280893294658,25.4793992606996,25.4383533655169,25.4896581737131,25.4691393236678,25.4229569268991,25.4434849990752,25.4126913524992,25.4383533655169,25.4845288451903,25.5460639041067,25.5716926484544,25.4588783623232,25.4793992606996,25.5101729288625,25.5306835914689,25.5409373888032,25.5768176311468,25.464008971053,25.464008971053,25.3716187925976,25.4024247521646,25.4178242679226,25.4486163763711,25.4075581805922,25.4793992606996,25.6126853634517,25.5460639041067,25.5050446238429,25.5358106179362,25.6178083047144,25.6126853634517,25.4691393236678,25.5101729288625,25.5409373888032,25.6587826573823,25.5153009780981,25.6382975199907,25.5870668306474,25.6741438357205,25.5716926484544,25.5563161681696,25.494787246305,25.5101729288625,25.4896581737131,25.6126853634517,25.6536617552083,25.5563161681696,25.5870668306474,25.5768176311468,25.5716926484544,25.6792637192269,25.669023697602,25.669023697602,25.7713781252015,25.643419186549,25.7253312192514,25.7355656438188,25.8429657740965,25.8020646344419,25.8429657740965,25.8378540189647,25.8378540189647,25.8276297483179,25.6895027225489,25.6843833481574,25.8020646344419,25.7457990516862,25.6946218424375,25.7304485586408,25.6997407078597,25.6946218424375,25.6741438357205,25.5306835914689,25.6075621671384,25.6485405982759,25.643419186549,25.6997407078597,25.5819423585322,25.5870668306474,25.494787246305,25.4434849990752,25.5306835914689,25.4486163763711,25.4280893294658,25.622930990963,25.7406824748218,25.6331755985647,25.6741438357205,25.7355656438188,25.6536617552083,25.6382975199907,25.6331755985647,25.6843833481574,25.7764931779977,26.0829330403271,25.9298268687038,25.985992164309,26.1543049983616,26.1543049983616,26.1441120212736,26.1186251803434,26.0064083335824,26.123723051325,26.0574311037199,26.1543049983616,26.0472285660339,26.0523299608444,26.0217178117003,26.0625319946962,26.0625319946962,26.0523299608444,26.0625319946962,26.0268204667242,25.9553603376162
25.258584458684,25.2380193782588,25.1351320700124,25.1145422104357,25.1351320700124,25.0115307913128,24.9909160664447,25.0939482126385,25.0681998923707,24.9909160664447,24.8929393729232,24.9599861922213,24.9496741564303,24.9806071469274,24.9496741564303,25.0063774992726,25.1093940990381,25.0784999971428,25.0578987516956,25.1711543738743,25.0630494515398,25.0990971001769,25.1608635787557,25.1145422104357,25.124837657352,25.2637250847104,25.14027888859,25.0527477928007,25.0475965748176,25.1968768433364,25.1505717504272,25.2174501739369,25.2483024338098,25.1968768433364,25.2842850136107,25.2997022573604,25.3408035889768,25.2174501739369,25.0475965748176,25.0424450977087,25.2174501739369,25.2380193782588,25.3305297988212,25.2483024338098,25.2534435750629,25.2637250847104,25.1042457289643,25.2380193782588,25.3767537609245,25.4537474974415,25.5153009780981,25.622930990963,25.6639033048348,25.669023697602,25.5204287715866,25.4793992606996,25.3818884725093,25.464008971053,25.5614419170025,25.4691393236678,25.4332214756594,25.3921571255997,25.4024247521646,25.4126913524992,25.4434849990752,25.3870229273887,25.4537474974415,25.4537474974415,25.5870668306474,25.5614419170025,25.5563161681696,25.6639033048348,25.6536617552083,25.5153009780981,25.5716926484544,25.5614419170025,25.5409373888032,25.4742694202044,25.494787246305,25.494787246305,25.4742694202044,25.4896581737131,25.5358106179362,25.4742694202044,25.5409373888032,25.5511901638832,25.4999160630027,25.4486163763711,25.5204287715866,25.4434849990752,25.3408035889768,25.4486163763711,25.4486163763711,25.4126913524992,25.4280893294658,25.3664835674914,25.3921571255997,25.3048408239653,25.2997022573604,25.3562123467933,25.3356668224182,25.3870229273887,25.3716187925976,25.4486163763711,25.4229569268991,25.3510763511273,25.3151171854302,25.3562123467933,25.4075581805922,25.3972910671794,25.3921571255997,25.5050446238429,25.4896581737131,25.4742694202044,25.4332214756594,25.4434849990752,25.4742694202044,25.4229569268991,25.494787246305,25.4742694202044,25.4691393236678,25.4896581737131,25.4742694202044,25.4691393236678,25.4537474974415,25.2791454175921,25.4024247521646,25.5255563093646,25.5460639041067,25.4793992606996,25.4486163763711,25.4280893294658,25.4742694202044,25.5204287715866,25.4896581737131,25.5511901638832,25.5768176311468,25.5870668306474,25.5358106179362,25.5153009780981,25.4486163763711,25.4486163763711,25.5101729288625,25.5716926484544,25.5204287715866,25.3510763511273,25.4126913524992,25.2688654531791,25.2894243522202,25.4486163763711,25.5101729288625,25.5409373888032,25.4588783623232,25.5255563093646,25.602438715738,25.5101729288625,25.5050446238429,25.5819423585322,25.4999160630027,25.5921910475291,25.4537474974415,25.5716926484544,25.5716926484544,25.5511901638832,25.5101729288625,25.5101729288625,25.5614419170025,25.4793992606996,25.5768176311468,25.602438715738,25.7304485586408,25.5358106179362,25.5358106179362,25.5255563093646,25.6178083047144,25.6587826573823,25.6178083047144,25.643419186549,25.6126853634517,25.602438715738,25.7202136256143,25.6895027225489,25.7304485586408,25.7764931779977,25.7662628184848,25.8276297483179,25.8327420103839,25.8276297483179,25.8174044635856,25.7099776754511,25.6843833481574,25.8020646344419,25.715095777693,25.7764931779977,25.6997407078597,25.6895027225489,25.6331755985647,25.4845288451903,25.6587826573823,25.622930990963,25.643419186549,25.6997407078597,25.602438715738,25.5973150092137,25.4383533655169,25.669023697602,25.4793992606996,25.5050446238429,25.5050446238429,25.4999160630027,25.5306835914689,25.4588783623232,25.5358106179362,25.6382975199907,25.6280534222343,25.5870668306474,25.6587826573823,25.7509153744483,25.6741438357205,25.8889601710514,25.9451477081579,26.0778331565889,26.0013046697413,25.9706773872579,26.0472285660339,26.0217178117003,26.1950668608041,26.1441120212736,26.1135270578924,26.0829330403271,26.0523299608444,26.2663614872578,26.0523299608444,26.1084286839364,26.0880326723456,26.0676326338092,26.0778331565889,26.1288206708731,26.0319228696336,26.1084286839364
25.2894243522202,25.2328774638867,25.14027888859,25.1608635787557,25.1505717504272,25.124837657352,25.14027888859,24.918731811688,24.8980983810354,24.6915346834782,24.9032571289301,25.0012239478063,25.0372933614365,24.9496741564303,25.0115307913128,24.9857617364743,25.0784999971428,25.0578987516956,25.0733500742259,25.0784999971428,25.0887990663117,24.9599861922213,25.1299849929454,25.2071640245704,25.1865886299367,25.2380193782588,25.1865886299367,25.2380193782588,25.1865886299367,25.0527477928007,25.1917328656758,25.2945634334578,25.258584458684,25.2534435750629,25.2225928617629,25.3818884725093,25.2174501739369,25.1196900631945,25.0166838239645,25.0887990663117,25.2637250847104,25.2328774638867,25.325392518149,25.3972910671794,25.0990971001769,25.1454254487159,25.1093940990381,25.258584458684,25.3664835674914,25.4332214756594,25.5973150092137,25.5050446238429,25.602438715738,25.6075621671384,25.5050446238429,25.5255563093646,25.6075621671384,25.5306835914689,25.5101729288625,25.5306835914689,25.5358106179362,25.4588783623232,25.4434849990752,25.5358106179362,25.464008971053,25.4075581805922,25.3818884725093,25.5153009780981,25.5665674104186,25.5614419170025,25.6178083047144,25.5358106179362,25.5665674104186,25.5563161681696,25.5716926484544,25.4845288451903,25.4486163763711,25.5050446238429,25.3767537609245,25.4896581737131,25.464008971053,25.4588783623232,25.5460639041067,25.5255563093646,25.5204287715866,25.4896581737131,25.5255563093646,25.4845288451903,25.4691393236678,25.4486163763711,25.3664835674914,25.4486163763711,25.4280893294658,25.3459400985342,25.3716187925976,25.4075581805922,25.4229569268991,25.2688654531791,25.3202549803643,25.3613480855689,25.2637250847104,25.4434849990752,25.5306835914689,25.4383533655169,25.4383533655169,25.4280893294658,25.4383533655169,25.5101729288625,25.4229569268991,25.4691393236678,25.4229569268991,25.3921571255997,25.4793992606996,25.4486163763711,25.4691393236678,25.4434849990752,25.4229569268991,25.5255563093646,25.5204287715866,25.5204287715866,25.622930990963,25.4332214756594,25.464008971053,25.4845288451903,25.2688654531791,25.3818884725093,25.4486163763711,25.4793992606996,25.5511901638832,25.4742694202044,25.5460639041067,25.4588783623232,25.5050446238429,25.4845288451903,25.4742694202044,25.4793992606996,25.5563161681696,25.5563161681696,25.5716926484544,25.5358106179362,25.4434849990752,25.464008971053,25.5665674104186,25.5819423585322,25.4588783623232,25.3664835674914,25.4486163763711,25.2997022573604,25.3613480855689,25.4024247521646,25.4075581805922,25.4383533655169,25.464008971053,25.4229569268991,25.5255563093646,25.5921910475291,25.4537474974415,25.5614419170025,25.602438715738,25.5460639041067,25.6331755985647,25.6382975199907,25.6382975199907,25.6997407078597,25.5614419170025,25.5255563093646,25.4793992606996,25.4845288451903,25.5716926484544,25.4999160630027,25.5870668306474,25.494787246305,25.5306835914689,25.5255563093646,25.5050446238429,25.6536617552083,25.5306835914689,25.7611472578112,25.6639033048348,25.622930990963,25.6997407078597,25.7253312192514,25.8429657740965,25.8225172327306,25.6639033048348,25.7406824748218,25.7867225219738,25.8020646344419,25.7253312192514,25.6895027225489,25.6741438357205,25.8174044635856,25.7202136256143,25.6587826573823,25.7048593188521,25.6382975199907,25.6536617552083,25.6946218424375,25.602438715738,25.6331755985647,25.5973150092137,25.6792637192269,25.715095777693,25.622930990963,25.5768176311468,25.5358106179362,25.3972910671794,25.4383533655169,25.4434849990752,25.4896581737131,25.4280893294658,25.5358106179362,25.5563161681696,25.6587826573823,25.5819423585322,25.5716926484544,25.6126853634517,25.6075621671384,25.8787409664887,25.8480772758155,25.9093955434194,25.9808874910754,26.0370250204644,26.1695925799393,26.149208635445,26.159401110059,26.0472285660339,26.1441120212736,26.0268204667242,26.0625319946962,26.0931320526798,26.0880326723456,26.0676326338092,26.2154417684757,26.0319228696336,26.2256277174221,25.996200753606,25.985992164309,26.1186251803434,26.0268204667242
25.1042457289643,25.2945634334578,25.1660091054476,25.2225928617629,25.1660091054476,25.1608635787557,25.2637250847104,25.1093940990381,24.9084156166453,24.7742102793675,24.7535476535085,25.1299849929454,25.124837657352,25.2688654531791,25.124837657352,25.0939482126385,25.0578987516956,25.1196900631945,25.2277352917338,25.1145422104357,25.124837657352,25.2380193782588,25.1299849929454,25.2380193782588,25.2123072282184,25.2277352917338,25.1660091054476,25.1865886299367,25.0630494515398,25.0527477928007,25.0527477928007,25.2071640245704,25.3048408239653,25.1968768433364,25.2791454175921,25.3099791333095,25.1762993840732,25.0630494515398,25.1557177937613,25.0578987516956,25.0733500742259,25.3459400985342,25.2740055641272,25.2483024338098,25.2380193782588,25.1505717504272,25.1505717504272,25.1865886299367,25.4434849990752,25.5870668306474,25.4742694202044,25.4588783623232,25.4229569268991,25.4742694202044,25.6536617552083,25.5255563093646,25.5665674104186,25.464008971053,25.4896581737131,25.5973150092137,25.4588783623232,25.4486163763711,25.5460639041067,25.6075621671384,25.4896581737131,25.5563161681696,25.5665674104186,25.4280893294658,25.5921910475291,25.464008971053,25.5973150092137,25.5614419170025,25.6536617552083,25.5665674104186,25.5870668306474,25.4588783623232,25.4383533655169,25.4793992606996,25.6382975199907,25.5050446238429,25.4588783623232,25.4434849990752,25.5460639041067,25.5153009780981,25.5409373888032,25.5460639041067,25.5409373888032,25.464008971053,25.4332214756594,25.5306835914689,25.4229569268991,25.4280893294658,25.4691393236678,25.4126913524992,25.4024247521646,25.3305297988212,25.4280893294658,25.3099791333095,25.3716187925976,25.3048408239653,25.3870229273887,25.5306835914689,25.3510763511273,25.4845288451903,25.4434849990752,25.5153009780981,25.5101729288625,25.4332214756594,25.4332214756594,25.5050446238429,25.5255563093646,25.5204287715866,25.494787246305,25.5153009780981,25.4126913524992,25.4588783623232,25.4178242679226,25.4742694202044,25.4999160630027,25.4280893294658,25.5563161681696,25.4486163763711,25.4588783623232,25.4126913524992,25.3972910671794,25.4280893294658,25.4691393236678,25.5101729288625,25.4999160630027,25.4999160630027,25.5768176311468,25.5153009780981,25.5460639041067,25.4280893294658,25.5511901638832,25.5768176311468,25.5665674104186,25.622930990963,25.5153009780981,25.5101729288625,25.5511901638832,25.5101729288625,25.5204287715866,25.4434849990752,25.5358106179362,25.4434849990752,25.4588783623232,25.4434849990752,25.464008971053,25.4126913524992,25.3972910671794,25.4126913524992,25.4845288451903,25.4434849990752,25.5255563093646,25.494787246305,25.5409373888032,25.5101729288625,25.5101729288625,25.5101729288625,25.5050446238429,25.6741438357205,25.5665674104186,25.5409373888032,25.5665674104186,25.5614419170025,25.6843833481574,25.5870668306474,25.5716926484544,25.5101729288625,25.494787246305,25.5716926484544,25.4999160630027,25.6895027225489,25.7509153744483,25.6895027225489,25.6639033048348,25.669023697602,25.669023697602,25.7355656438188,25.6997407078597,25.8582995191601,25.8531885241579,25.8429657740965,25.7560314431445,25.8531885241579,25.7406824748218,25.8378540189647,25.7969508507036,25.6843833481574,25.7304485586408,25.8225172327306,25.7099776754511,25.6178083047144,25.715095777693,25.7457990516862,25.669023697602,25.5973150092137,25.6075621671384,25.6792637192269,25.6126853634517,25.6536617552083,25.6792637192269,25.6741438357205,25.5409373888032,25.5870668306474,25.5050446238429,25.4793992606996,25.4024247521646,25.4229569268991,25.4229569268991,25.494787246305,25.5101729288625,25.6639033048348,25.6178083047144,25.7662628184848,25.5973150092137,25.7355656438188,25.9093955434194,25.9093955434194,26.0268204667242,26.1339180390234,26.0727330210948,26.1441120212736,26.0472285660339,26.1543049983616,26.2154417684757,26.1950668608041,26.1033300584395,26.0880326723456,26.1390151558117,26.2001609640334,26.1543049983616,26.0982311813659,26.1084286839364,26.2256277174221,26.2205348683267,26.0217178117003,26.1033300584395,26.0574311037199
25.5665674104186,25.2945634334578,25.2020205629554,25.2071640245704,25.2534435750629,25.2277352917338,25.2688654531791,25.2225928617629,25.0836496611589,24.918731811688,24.7018727940562,25.0321413659635,25.1814441360816,25.1762993840732,25.14027888859,25.1762993840732,25.0990971001769,25.2894243522202,25.0887990663117,25.1814441360816,25.2740055641272,25.1505717504272,25.1762993840732,25.2123072282184,25.3305297988212,25.1299849929454,25.1917328656758,25.1762993840732,25.0836496611589,25.0630494515398,25.0372933614365,25.258584458684,25.3510763511273,25.3356668224182,25.4075581805922,25.3202549803643,25.1762993840732,25.2123072282184,25.0166838239645,25.0681998923707,25.2483024338098,25.2123072282184,25.4075581805922,25.3818884725093,25.3510763511273,25.1351320700124,25.2277352917338,25.4434849990752,25.4434849990752,25.5255563093646,25.494787246305,25.4075581805922,25.5614419170025,25.4691393236678,25.4999160630027,25.6639033048348,25.5921910475291,25.5921910475291,25.5819423585322,25.5614419170025,25.5563161681696,25.4793992606996,25.5614419170025,25.5409373888032,25.5973150092137,25.5358106179362,25.5768176311468,25.4280893294658,25.5511901638832,25.4999160630027,25.5358106179362,25.6741438357205,25.6126853634517,25.5306835914689,25.5460639041067,25.5153009780981,25.4742694202044,25.4383533655169,25.5460639041067,25.5973150092137,25.5614419170025,25.5716926484544,25.5665674104186,25.5306835914689,25.5050446238429,25.5050446238429,25.5511901638832,25.5358106179362,25.4999160630027,25.5358106179362,25.4332214756594,25.3921571255997,25.2791454175921,25.3356668224182,25.4793992606996,25.4280893294658,25.3870229273887,25.4178242679226,25.4126913524992,25.4178242679226,25.3972910671794,25.2637250847104,25.5101729288625,25.3305297988212,25.4691393236678,25.4999160630027,25.4793992606996,25.4383533655169,25.4742694202044,25.5460639041067,25.5050446238429,25.5973150092137,25.5614419170025,25.4793992606996,25.4845288451903,25.4845288451903,25.5050446238429,25.494787246305,25.4537474974415,25.4332214756594,25.4742694202044,25.4537474974415,25.4126913524992,25.4588783623232,25.4280893294658,25.4742694202044,25.4588783623232,25.5101729288625,25.5460639041067,25.5614419170025,25.5460639041067,25.4486163763711,25.5460639041067,25.602438715738,25.5614419170025,25.5460639041067,25.602438715738,25.6280534222343,25.5511901638832,25.5819423585322,25.5768176311468,25.5563161681696,25.5101729288625,25.4383533655169,25.5153009780981,25.4126913524992,25.5768176311468,25.5409373888032,25.5716926484544,25.4486163763711,25.4126913524992,25.464008971053,25.5101729288625,25.4537474974415,25.5358106179362,25.494787246305,25.5101729288625,25.5460639041067,25.4588783623232,25.6280534222343,25.5563161681696,25.5511901638832,25.5819423585322,25.5563161681696,25.5921910475291,25.5819423585322,25.5819423585322,25.6126853634517,25.5153009780981,25.4896581737131,25.5921910475291,25.6178083047144,25.6895027225489,25.602438715738,25.7048593188521,25.8378540189647,25.7304485586408,25.6741438357205,25.6536617552083,25.6895027225489,25.7304485586408,25.7202136256143,25.7509153744483,25.7253312192514,25.6843833481574,25.8429657740965,25.7509153744483,25.7253312192514,25.7969508507036,25.6843833481574,25.8071781644774,25.8174044635856,25.7406824748218,25.6843833481574,25.715095777693,25.8327420103839,25.7099776754511,25.7099776754511,25.6178083047144,25.6178083047144,25.6997407078597,25.6843833481574,25.622930990963,25.5819423585322,25.5768176311468,25.5204287715866,25.5204287715866,25.4434849990752,25.4280893294658,25.4434849990752,25.4024247521646,25.4999160630027,25.5563161681696,25.4896581737131,25.6178083047144,25.6587826573823,25.6843833481574,25.8531885241579,25.8787409664887,26.0319228696336,26.0115117451654,26.1033300584395,26.0982311813659,26.0625319946962,26.1288206708731,26.1848779015089,26.2358126634888,26.2358126634888,26.1033300584395,26.1033300584395,26.1848779015089,26.1695925799393,26.0982311813659,26.2103484178335,26.2205348683267,26.1950668608041,26.1339180390234,26.2154417684757,26.2001609640334,26.1135270578924
25.2534435750629,25.2020205629554,25.2842850136107,25.1762993840732,25.2791454175921,25.3562123467933,25.3562123467933,25.1660091054476,24.9135738442187,24.7587137017957,24.6450002255868,24.9496741564303,24.9960701368761,25.14027888859,25.0990971001769,25.124837657352,25.1917328656758,25.2740055641272,25.2740055641272,25.2997022573604,25.2688654531791,25.2688654531791,25.1762993840732,25.14027888859,25.2740055641272,25.2637250847104,25.1557177937613,25.1711543738743,25.0475965748176,25.1093940990381,25.0372933614365,25.1351320700124,25.2328774638867,25.3099791333095,25.325392518149,25.258584458684,25.2997022573604,25.0424450977087,25.0836496611589,25.0733500742259,25.2894243522202,25.0836496611589,25.1917328656758,25.1660091054476,25.3099791333095,25.1968768433364,25.2123072282184,25.2997022573604,25.622930990963,25.4999160630027,25.5511901638832,25.3356668224182,25.4126913524992,25.4126913524992,25.4075581805922,25.4845288451903,25.6126853634517,25.4486163763711,25.4742694202044,25.4486163763711,25.5563161681696,25.5255563093646,25.5768176311468,25.5716926484544,25.4691393236678,25.5921910475291,25.5921910475291,25.5409373888032,25.5614419170025,25.6331755985647,25.5358106179362,25.5716926484544,25.5768176311468,25.5716926484544,25.5665674104186,25.5409373888032,25.5665674104186,25.4332214756594,25.5153009780981,25.5050446238429,25.5050446238429,25.5255563093646,25.5921910475291,25.5921910475291,25.5716926484544,25.6382975199907,25.5306835914689,25.5460639041067,25.4793992606996,25.4845288451903,25.5460639041067,25.3613480855689,25.3818884725093,25.4126913524992,25.4178242679226,25.3510763511273,25.4024247521646,25.3510763511273,25.3921571255997,25.4024247521646,25.4845288451903,25.464008971053,25.464008971053,25.4793992606996,25.5819423585322,25.4691393236678,25.5050446238429,25.4742694202044,25.5511901638832,25.6587826573823,25.5460639041067,25.622930990963,25.5614419170025,25.5870668306474,25.4999160630027,25.5050446238429,25.6331755985647,25.4691393236678,25.4896581737131,25.3972910671794,25.494787246305,25.5204287715866,25.3921571255997,25.3972910671794,25.3510763511273,25.5204287715866,25.3870229273887,25.5050446238429,25.5511901638832,25.5665674104186,25.5563161681696,25.4280893294658,25.5255563093646,25.4999160630027,25.5255563093646,25.4691393236678,25.5665674104186,25.464008971053,25.4845288451903,25.5614419170025,25.4280893294658,25.494787246305,25.5101729288625,25.5153009780981,25.4383533655169,25.5563161681696,25.4486163763711,25.4896581737131,25.3870229273887,25.5460639041067,25.5460639041067,25.4280893294658,25.494787246305,25.4537474974415,25.4793992606996,25.5101729288625,25.5101729288625,25.5153009780981,25.5050446238429,25.5563161681696,25.5409373888032,25.5460639041067,25.5768176311468,25.5255563093646,25.6178083047144,25.5921910475291,25.4845288451903,25.5101729288625,25.6536617552083,25.5665674104186,25.5563161681696,25.4691393236678,25.6843833481574,25.6895027225489,25.6946218424375,25.8327420103839,25.7253312192514,25.715095777693,25.7048593188521,25.6280534222343,25.7304485586408,25.715095777693,25.7304485586408,25.7253312192514,25.8531885241579,25.622930990963,25.6946218424375,25.6946218424375,25.6741438357205,25.7918368132263,25.7867225219738,25.669023697602,25.6997407078597,25.7253312192514,25.6639033048348,25.8020646344419,25.7253312192514,25.7202136256143,25.7662628184848,25.7304485586408,25.7253312192514,25.5819423585322,25.6895027225489,25.5768176311468,25.5716926484544,25.5819423585322,25.5306835914689,25.5153009780981,25.4126913524992,25.3408035889768,25.3818884725093,25.3870229273887,25.494787246305,25.669023697602,25.6485405982759,25.6331755985647,25.6946218424375,25.6792637192269,25.8480772758155,25.9196117118026,25.996200753606,25.996200753606,26.123723051325,26.1186251803434,26.164496970573,26.1033300584395,26.1950668608041,26.1695925799393,26.1950668608041,26.0931320526798,26.0829330403271,26.0829330403271,26.1848779015089,26.0829330403271,26.0727330210948,26.2154417684757,26.2307203157977,26.0370250204644,25.996200753606,26.1135270578924
25.1917328656758,25.2637250847104,25.2842850136107,25.3202549803643,25.2277352917338,25.2637250847104,25.2637250847104,25.0990971001769,25.0836496611589,24.9135738442187,24.7638794888426,24.8206859153626,25.0630494515398,25.1299849929454,25.1711543738743,25.14027888859,25.2020205629554,25.3459400985342,25.3408035889768,25.3459400985342,25.3099791333095,25.3048408239653,25.1299849929454,25.2842850136107,25.258584458684,25.2277352917338,25.1608635787557,25.1608635787557,25.2071640245704,24.9857617364743,24.9806071469274,24.9806071469274,25.1968768433364,25.2174501739369,25.2277352917338,25.0784999971428,25.2328774638867,25.2431610348875,25.0681998923707,25.0733500742259,25.0887990663117,25.1917328656758,25.2637250847104,25.1557177937613,25.1042457289643,25.2020205629554,25.1042457289643,25.3305297988212,25.3408035889768,25.3305297988212,25.3305297988212,25.3664835674914,25.4434849990752,25.2123072282184,25.325392518149,25.4229569268991,25.4434849990752,25.4793992606996,25.464008971053,25.5460639041067,25.4793992606996,25.5665674104186,25.4742694202044,25.5409373888032,25.5204287715866,25.5358106179362,25.5665674104186,25.5614419170025,25.4742694202044,25.494787246305,25.5306835914689,25.5563161681696,25.5409373888032,25.5716926484544,25.5255563093646,25.622930990963,25.5204287715866,25.3459400985342,25.5153009780981,25.4229569268991,25.5819423585322,25.5716926484544,25.5153009780981,25.5460639041067,25.5819423585322,25.4845288451903,25.4537474974415,25.4896581737131,25.5511901638832,25.5306835914689,25.464008971053,25.3408035889768,25.2997022573604,25.3151171854302,25.4383533655169,25.3716187925976,25.4486163763711,25.3818884725093,25.3767537609245,25.4178242679226,25.3921571255997,25.4126913524992,25.464008971053,25.4896581737131,25.5665674104186,25.4793992606996,25.5563161681696,25.4999160630027,25.5511901638832,25.5665674104186,25.6178083047144,25.5153009780981,25.4845288451903,25.4691393236678,25.4691393236678,25.4383533655169,25.4588783623232,25.3613480855689,25.6126853634517,25.4486163763711,25.4126913524992,25.4896581737131,25.4024247521646,25.464008971053,25.4896581737131,25.6126853634517,25.5050446238429,25.5050446238429,25.5511901638832,25.5614419170025,25.6382975199907,25.5665674104186,25.4999160630027,25.5973150092137,25.6126853634517,25.602438715738,25.6280534222343,25.5921910475291,25.5870668306474,25.602438715738,25.5358106179362,25.5306835914689,25.5050446238429,25.5511901638832,25.5665674104186,25.4383533655169,25.4742694202044,25.5716926484544,25.464008971053,25.5153009780981,25.3767537609245,25.4383533655169,25.4383533655169,25.4434849990752,25.4537474974415,25.4896581737131,25.4896581737131,25.3664835674914,25.5870668306474,25.5050446238429,25.4793992606996,25.5460639041067,25.5511901638832,25.6485405982759,25.4742694202044,25.3767537609245,25.6331755985647,25.5819423585322,25.602438715738,25.6075621671384,25.5153009780981,25.464008971053,25.669023697602,25.7611472578112,25.6382975199907,25.6741438357205,25.7099776754511,25.7355656438188,25.7560314431445,25.7253312192514,25.5973150092137,25.7304485586408,25.4793992606996,25.4793992606996,25.7253312192514,25.6178083047144,25.4588783623232,25.669023697602,25.6895027225489,25.5819423585322,25.7048593188521,25.7611472578112,25.6126853634517,25.6895027225489,25.7355656438188,25.7304485586408,25.7202136256143,25.7304485586408,25.715095777693,25.715095777693,25.7867225219738,25.5665674104186,25.602438715738,25.5716926484544,25.4537474974415,25.6536617552083,25.5306835914689,25.4075581805922,25.5101729288625,25.5050446238429,25.3459400985342,25.3356668224182,25.4229569268991,25.6485405982759,25.6280534222343,25.5511901638832,25.622930990963,25.7048593188521,25.8582995191601,26.0574311037199,25.9655719566022,26.0319228696336,26.0625319946962,26.1339180390234,26.1186251803434,26.1848779015089,26.1288206708731,26.1797830453715,26.0880326723456,26.149208635445,26.1186251803434,26.0931320526798,26.1135270578924,26.1441120212736,26.1339180390234,26.0319228696336,26.0319228696336,26.1186251803434,26.0370250204644,25.9655719566022
25.5358106179362,25.3202549803643,25.3151171854302,25.2688654531791,25.3510763511273,25.3510763511273,25.3510763511273,25.2123072282184,25.2020205629554,24.8516579356668,24.7742102793675,24.9084156166453,25.1505717504272,25.14027888859,25.1454254487159,25.1711543738743,25.3510763511273,25.4537474974415,25.669023697602,25.464008971053,25.3510763511273,25.2842850136107,25.2945634334578,25.3151171854302,25.1968768433364,25.124837657352,25.1454254487159,25.1762993840732,25.1762993840732,25.0475965748176,25.1865886299367,25.0939482126385,25.1454254487159,25.2483024338098,25.2328774638867,25.1608635787557,25.2431610348875,24.9032571289301,25.0836496611589,25.0321413659635,25.1968768433364,25.0630494515398,25.0475965748176,25.2174501739369,25.1865886299367,25.1557177937613,25.1814441360816,25.1299849929454,25.3972910671794,25.4434849990752,25.3818884725093,25.4537474974415,25.4896581737131,25.4691393236678,25.5101729288625,25.4126913524992,25.4075581805922,25.4793992606996,25.5819423585322,25.4742694202044,25.5665674104186,25.5665674104186,25.6126853634517,25.5614419170025,25.5101729288625,25.5358106179362,25.5665674104186,25.5563161681696,25.4845288451903,25.3510763511273,25.5255563093646,25.5409373888032,25.4178242679226,25.5358106179362,25.5460639041067,25.5409373888032,25.5358106179362,25.4229569268991,25.5204287715866,25.325392518149,25.5101729288625,25.4896581737131,25.602438715738,25.6485405982759,25.5819423585322,25.5409373888032,25.5973150092137,25.6280534222343,25.6178083047144,25.5358106179362,25.5460639041067,25.464008971053,25.5050446238429,25.4075581805922,25.5768176311468,25.3664835674914,25.4024247521646,25.3870229273887,25.494787246305,25.3972910671794,25.4178242679226,25.464008971053,25.4845288451903,25.5768176311468,25.4793992606996,25.4486163763711,25.4280893294658,25.5614419170025,25.5716926484544,25.6280534222343,25.494787246305,25.4845288451903,25.4999160630027,25.3767537609245,25.4742694202044,25.4486163763711,25.4793992606996,25.4691393236678,25.4280893294658,25.4280893294658,25.3870229273887,25.4486163763711,25.4178242679226,25.494787246305,25.5101729288625,25.4742694202044,25.6126853634517,25.5563161681696,25.643419186549,25.5511901638832,25.5768176311468,25.4280893294658,25.5460639041067,25.5409373888032,25.5153009780981,25.4742694202044,25.5101729288625,25.5153009780981,25.5409373888032,25.5050446238429,25.5101729288625,25.5819423585322,25.5511901638832,25.4896581737131,25.4383533655169,25.4537474974415,25.602438715738,25.5921910475291,25.4793992606996,25.5204287715866,25.4332214756594,25.5101729288625,25.5716926484544,25.4434849990752,25.4793992606996,25.5101729288625,25.4999160630027,25.6536617552083,25.602438715738,25.5511901638832,25.5819423585322,25.5614419170025,25.4742694202044,25.6485405982759,25.5973150092137,25.6280534222343,25.6075621671384,25.5921910475291,25.602438715738,25.6178083047144,25.6126853634517,25.6792637192269,25.6792637192269,25.7099776754511,25.7509153744483,25.9808874910754,25.7509153744483,25.7662628184848,25.7918368132263,25.7713781252015,25.7611472578112,25.5870668306474,25.5973150092137,25.602438715738,25.6075621671384,25.6331755985647,25.5921910475291,25.622930990963,25.6126853634517,25.6382975199907,25.669023697602,25.6639033048348,25.8020646344419,25.643419186549,25.6946218424375,25.9400410144115,25.7202136256143,25.8480772758155,25.7918368132263,25.7202136256143,25.7406824748218,25.7764931779977,25.7048593188521,25.7202136256143,25.602438715738,25.5870668306474,25.5460639041067,25.5153009780981,25.4178242679226,25.4896581737131,25.5306835914689,25.4845288451903,25.4537474974415,25.6587826573823,25.6280534222343,25.7969508507036,25.7457990516862,25.8122914408466,25.9553603376162,25.996200753606,26.0829330403271,26.0523299608444,26.2103484178335,26.164496970573,26.1543049983616,26.1695925799393,26.1135270578924,26.0880326723456,26.1135270578924,26.1695925799393,26.1390151558117,25.985992164309,26.1186251803434,26.1797830453715,26.2409047605314,26.1288206708731,26.1543049983616,26.0421269192526,26.159401110059,26.0421269192526
25.2945634334578,25.494787246305,25.3356668224182,25.2791454175921,25.2431610348875,25.2637250847104,25.2020205629554,25.1608635787557,25.1042457289643,25.0887990663117,24.7638794888426,24.8516579356668,24.9290469664651,25.1660091054476,25.2431610348875,25.1814441360816,25.3921571255997,25.4280893294658,25.3870229273887,25.3818884725093,25.2688654531791,25.1711543738743,25.1608635787557,25.1762993840732,25.2174501739369,25.1042457289643,25.1299849929454,25.1299849929454,25.2277352917338,25.0115307913128,25.3048408239653,25.124837657352,25.258584458684,25.1505717504272,25.2174501739369,25.2431610348875,25.2534435750629,25.1351320700124,24.8723007375455,24.9290469664651,25.2842850136107,25.2431610348875,25.1660091054476,25.2791454175921,25.2123072282184,25.0527477928007,25.2020205629554,25.1762993840732,25.3459400985342,25.3613480855689,25.3716187925976,25.3151171854302,25.4742694202044,25.4999160630027,25.3972910671794,25.3048408239653,25.325392518149,25.4280893294658,25.5255563093646,25.3818884725093,25.4486163763711,25.5614419170025,25.5460639041067,25.6331755985647,25.5921910475291,25.5563161681696,25.6485405982759,25.4742694202044,25.5563161681696,25.5255563093646,25.5563161681696,25.5306835914689,25.5101729288625,25.6075621671384,25.5255563093646,25.5460639041067,25.5255563093646,25.4537474974415,25.3613480855689,25.5255563093646,25.3972910671794,25.494787246305,25.5511901638832,25.6536617552083,25.6280534222343,25.6382975199907,25.622930990963,25.5921910475291,25.5153009780981,25.4280893294658,25.4793992606996,25.4332214756594,25.4691393236678,25.5716926484544,25.4845288451903,25.4126913524992,25.3510763511273,25.464008971053,25.5101729288625,25.4486163763711,25.4999160630027,25.5819423585322,25.5409373888032,25.4845288451903,25.494787246305,25.4486163763711,25.5050446238429,25.4793992606996,25.6075621671384,25.5204287715866,25.4896581737131,25.4742694202044,25.4588783623232,25.3818884725093,25.4793992606996,25.4793992606996,25.4793992606996,25.3408035889768,25.3562123467933,25.3664835674914,25.4742694202044,25.5255563093646,25.5614419170025,25.5921910475291,25.5768176311468,25.4383533655169,25.643419186549,25.6895027225489,25.6536617552083,25.6536617552083,25.5973150092137,25.6075621671384,25.6075621671384,25.5665674104186,25.4999160630027,25.5306835914689,25.464008971053,25.4691393236678,25.4486163763711,25.5204287715866,25.4793992606996,25.5409373888032,25.5255563093646,25.4332214756594,25.4024247521646,25.5153009780981,25.6178083047144,25.4537474974415,25.4999160630027,25.4178242679226,25.4691393236678,25.3972910671794,25.3818884725093,25.4178242679226,25.3664835674914,25.4896581737131,25.5101729288625,25.4691393236678,25.494787246305,25.4486163763711,25.5819423585322,25.5358106179362,25.5870668306474,25.5819423585322,25.6126853634517,25.6587826573823,25.6382975199907,25.5409373888032,25.5665674104186,25.5973150092137,25.5921910475291,25.6741438357205,25.7457990516862,25.7304485586408,25.6382975199907,25.7406824748218,25.8276297483179,25.7662628184848,25.6485405982759,25.7713781252015,25.643419186549,25.5973150092137,25.5973150092137,25.5870668306474,25.4896581737131,25.5973150092137,25.6280534222343,25.494787246305,25.4588783623232,25.622930990963,25.4999160630027,25.6946218424375,25.7969508507036,25.6485405982759,25.7918368132263,25.8174044635856,25.7253312192514,25.7457990516862,25.6946218424375,25.7560314431445,25.7406824748218,25.7048593188521,25.6946218424375,25.643419186549,25.5768176311468,25.5819423585322,25.464008971053,25.5614419170025,25.494787246305,25.3921571255997,25.3664835674914,25.3099791333095,25.3202549803643,25.5050446238429,25.5153009780981,25.4845288451903,25.602438715738,25.5614419170025,25.7355656438188,25.9910965851406,26.159401110059,26.1441120212736,26.0982311813659,26.1288206708731,26.1033300584395,26.0523299608444,26.0574311037199,26.1135270578924,26.1135270578924,26.1797830453715,26.1135270578924,26.1186251803434,26.0829330403271,26.0931320526798,26.0625319946962,26.0625319946962,26.1746879381935,26.0421269192526,26.159401110059,26.1746879381935
25.3613480855689,25.2945634334578,25.3459400985342,25.3048408239653,25.3202549803643,25.2123072282184,25.2174501739369,25.2123072282184,25.1917328656758,25.1093940990381,24.8310109648659,24.8929393729232,25.1299849929454,25.1196900631945,25.3356668224182,25.2534435750629,25.3664835674914,25.4742694202044,25.3716187925976,25.1608635787557,25.1093940990381,25.1505717504272,25.1865886299367,25.2328774638867,25.1711543738743,25.0681998923707,25.0166838239645,25.14027888859,25.1711543738743,24.9960701368761,25.1608635787557,25.1454254487159,25.14027888859,25.1299849929454,25.2225928617629,25.124837657352,25.1042457289643,25.1557177937613,25.0630494515398,24.8568190268782,25.0424450977087,25.0527477928007,25.2483024338098,25.2225928617629,25.1762993840732,25.1299849929454,25.1505717504272,25.1299849929454,25.3459400985342,25.2945634334578,25.3459400985342,25.2277352917338,25.2688654531791,25.3613480855689,25.4742694202044,25.3459400985342,25.3048408239653,25.2997022573604,25.4024247521646,25.3048408239653,25.4896581737131,25.5614419170025,25.5768176311468,25.5306835914689,25.6075621671384,25.5358106179362,25.5153009780981,25.5819423585322,25.5716926484544,25.5409373888032,25.5819423585322,25.5306835914689,25.5665674104186,25.4537474974415,25.5204287715866,25.5460639041067,25.464008971053,25.3459400985342,25.4588783623232,25.5614419170025,25.5255563093646,25.4588783623232,25.5204287715866,25.5358106179362,25.5153009780981,25.5153009780981,25.4537474974415,25.6536617552083,25.464008971053,25.4691393236678,25.4793992606996,25.4588783623232,25.4229569268991,25.4486163763711,25.5614419170025,25.4434849990752,25.3459400985342,25.4126913524992,25.4742694202044,25.464008971053,25.4742694202044,25.4742694202044,25.4845288451903,25.5050446238429,25.5306835914689,25.4537474974415,25.5306835914689,25.4793992606996,25.5255563093646,25.5511901638832,25.4845288451903,25.5870668306474,25.5050446238429,25.494787246305,25.4075581805922,25.5768176311468,25.4280893294658,25.4537474974415,25.3870229273887,25.3767537609245,25.4486163763711,25.4178242679226,25.494787246305,25.5819423585322,25.4999160630027,25.6946218424375,25.4999160630027,25.6126853634517,25.6382975199907,25.6382975199907,25.6126853634517,25.6075621671384,25.5614419170025,25.602438715738,25.464008971053,25.5153009780981,25.4229569268991,25.4588783623232,25.4793992606996,25.3716187925976,25.5101729288625,25.4229569268991,25.4332214756594,25.4537474974415,25.4024247521646,25.5306835914689,25.3664835674914,25.494787246305,25.3767537609245,25.494787246305,25.3151171854302,25.3921571255997,25.4537474974415,25.3972910671794,25.4075581805922,25.4588783623232,25.3613480855689,25.4793992606996,25.4588783623232,25.5614419170025,25.5255563093646,25.4845288451903,25.5563161681696,25.4896581737131,25.5768176311468,25.622930990963,25.6485405982759,25.5460639041067,25.5563161681696,25.5870668306474,25.6741438357205,25.6997407078597,25.7253312192514,25.6741438357205,25.7202136256143,25.8480772758155,25.7611472578112,25.7406824748218,25.7304485586408,25.7662628184848,25.7304485586408,25.602438715738,25.7713781252015,25.5921910475291,25.602438715738,25.602438715738,25.5973150092137,25.6126853634517,25.5050446238429,25.5921910475291,25.6485405982759,25.6587826573823,25.6178083047144,25.6741438357205,25.6946218424375,25.7355656438188,25.7816079769097,25.7764931779977,25.7253312192514,25.6843833481574,25.6843833481574,25.6997407078597,25.5819423585322,25.5973150092137,25.5921910475291,25.494787246305,25.4845288451903,25.4229569268991,25.4126913524992,25.4742694202044,25.3562123467933,25.3767537609245,25.4075581805922,25.5255563093646,25.4434849990752,25.5204287715866,25.5306835914689,25.7048593188521,25.7457990516862,25.9808874910754,26.0625319946962,26.0982311813659,26.0013046697413,26.1033300584395,26.2001609640334,26.0931320526798,26.0727330210948,26.0421269192526,26.164496970573,26.1695925799393,26.1186251803434,26.2052548163647,26.1746879381935,26.0829330403271,26.0370250204644,25.9655719566022,26.0625319946962,26.0421269192526,25.996200753606,26.016614904526
25.1557177937613,25.3099791333095,25.3459400985342,25.2791454175921,25.2277352917338,25.258584458684,25.2071640245704,25.2534435750629,25.1660091054476,25.0578987516956,25.1093940990381,24.9393610812787,25.1454254487159,25.3305297988212,25.3356668224182,25.258584458684,25.258584458684,25.4332214756594,25.2894243522202,25.2071640245704,25.1711543738743,25.14027888859,25.2225928617629,25.2225928617629,25.2225928617629,24.9857617364743,25.1865886299367,25.1196900631945,25.0527477928007,25.1351320700124,25.14027888859,25.2174501739369,25.2791454175921,25.2842850136107,25.14027888859,25.2431610348875,25.1968768433364,25.0939482126385,25.0115307913128,24.836173098535,25.0115307913128,25.2225928617629,25.2483024338098,25.2380193782588,25.2225928617629,25.0887990663117,25.1505717504272,25.1711543738743,25.1762993840732,25.1711543738743,25.2740055641272,25.2071640245704,25.3562123467933,25.3767537609245,25.3664835674914,25.3664835674914,25.2174501739369,25.3510763511273,25.2431610348875,25.3767537609245,25.4126913524992,25.4178242679226,25.5563161681696,25.5563161681696,25.5409373888032,25.5306835914689,25.494787246305,25.4024247521646,25.4742694202044,25.4691393236678,25.5460639041067,25.5511901638832,25.5460639041067,25.5101729288625,25.4024247521646,25.4383533655169,25.4178242679226,25.3408035889768,25.5409373888032,25.4486163763711,25.494787246305,25.5101729288625,25.5101729288625,25.4793992606996,25.5204287715866,25.5255563093646,25.6587826573823,25.5101729288625,25.4999160630027,25.464008971053,25.494787246305,25.5153009780981,25.5870668306474,25.5614419170025,25.4537474974415,25.4486163763711,25.3818884725093,25.4588783623232,25.5153009780981,25.4537474974415,25.4588783623232,25.4896581737131,25.5460639041067,25.5768176311468,25.4383533655169,25.4075581805922,25.4999160630027,25.5511901638832,25.4845288451903,25.464008971053,25.4793992606996,25.4691393236678,25.4588783623232,25.494787246305,25.4434849990752,25.4793992606996,25.4126913524992,25.4537474974415,25.3818884725093,25.4537474974415,25.4537474974415,25.5511901638832,25.5255563093646,25.5870668306474,25.5306835914689,25.5870668306474,25.5255563093646,25.5511901638832,25.6895027225489,25.7304485586408,25.7253312192514,25.6997407078597,25.6178083047144,25.5716926484544,25.5101729288625,25.5050446238429,25.4691393236678,25.4742694202044,25.5409373888032,25.3818884725093,25.4075581805922,25.3870229273887,25.4896581737131,25.5050446238429,25.3870229273887,25.5204287715866,25.4434849990752,25.4486163763711,25.3767537609245,25.325392518149,25.3664835674914,25.3870229273887,25.3664835674914,25.4537474974415,25.3818884725093,25.3664835674914,25.4588783623232,25.6075621671384,25.4383533655169,25.5973150092137,25.5870668306474,25.464008971053,25.4280893294658,25.5716926484544,25.4793992606996,25.5204287715866,25.5973150092137,25.6178083047144,25.5819423585322,25.6895027225489,25.7099776754511,25.7253312192514,25.7253312192514,25.6997407078597,25.8122914408466,25.7304485586408,25.6485405982759,25.643419186549,25.7867225219738,25.7457990516862,25.6639033048348,25.5409373888032,25.6587826573823,25.5460639041067,25.5306835914689,25.5716926484544,25.5511901638832,25.4845288451903,25.4999160630027,25.5358106179362,25.7867225219738,25.643419186549,25.5870668306474,25.715095777693,25.7509153744483,25.7406824748218,25.8225172327306,25.6382975199907,25.6587826573823,25.7713781252015,25.6946218424375,25.6946218424375,25.6946218424375,25.5819423585322,25.6946218424375,25.4896581737131,25.4537474974415,25.464008971053,25.4229569268991,25.3408035889768,25.3099791333095,25.3562123467933,25.3048408239653,25.325392518149,25.4383533655169,25.5870668306474,25.5358106179362,25.7099776754511,25.8480772758155,25.868520749288,26.0064083335824,26.0013046697413,26.1135270578924,25.9247194166704,26.1797830453715,26.149208635445,26.2459966069607,26.1339180390234,25.9706773872579,26.0982311813659,26.1186251803434,26.1288206708731,26.0778331565889,26.1543049983616,26.0523299608444,26.1033300584395,25.985992164309,26.149208635445,26.0319228696336,26.0727330210948
25.3151171854302,25.3459400985342,25.3408035889768,25.3459400985342,25.3767537609245,25.3099791333095,25.3048408239653,24.954830304227,24.8723007375455,24.9445177487934,24.9342041538485,24.8516579356668,25.2328774638867,25.2740055641272,25.3408035889768,25.3510763511273,25.2637250847104,25.3818884725093,25.2894243522202,25.14027888859,25.1557177937613,25.1299849929454,25.3356668224182,25.2328774638867,25.2225928617629,25.1917328656758,25.2123072282184,25.0990971001769,24.9754522977662,25.1196900631945,25.1711543738743,25.1762993840732,25.2483024338098,25.14027888859,24.9857617364743,25.0836496611589,25.0836496611589,25.0836496611589,24.9084156166453,25.0218365972651,25.0578987516956,25.2328774638867,25.1196900631945,25.2020205629554,25.2328774638867,25.1711543738743,25.1299849929454,25.1660091054476,25.1865886299367,25.2225928617629,25.2277352917338,25.3870229273887,25.3613480855689,25.3818884725093,25.4383533655169,25.4229569268991,25.3408035889768,25.258584458684,25.4178242679226,25.4383533655169,25.4280893294658,25.4742694202044,25.5563161681696,25.7202136256143,25.602438715738,25.4896581737131,25.4999160630027,25.4434849990752,25.5204287715866,25.4537474974415,25.3870229273887,25.4845288451903,25.4845288451903,25.4588783623232,25.5255563093646,25.4845288451903,25.3767537609245,25.2791454175921,25.4126913524992,25.4896581737131,25.4691393236678,25.4280893294658,25.4845288451903,25.5358106179362,25.494787246305,25.5358106179362,25.5511901638832,25.5460639041067,25.5153009780981,25.4793992606996,25.5819423585322,25.4332214756594,25.5665674104186,25.4434849990752,25.5306835914689,25.4280893294658,25.4588783623232,25.4383533655169,25.464008971053,25.4178242679226,25.3972910671794,25.5306835914689,25.5204287715866,25.5101729288625,25.4178242679226,25.5665674104186,25.4999160630027,25.4588783623232,25.4588783623232,25.4075581805922,25.5255563093646,25.4845288451903,25.4845288451903,25.4126913524992,25.4075581805922,25.4229569268991,25.4024247521646,25.4383533655169,25.3972910671794,25.4434849990752,25.4434849990752,25.4793992606996,25.5819423585322,25.5306835914689,25.5409373888032,25.6126853634517,25.5511901638832,25.6382975199907,25.6639033048348,25.6331755985647,25.6741438357205,25.6178083047144,25.5716926484544,25.5563161681696,25.4793992606996,25.5460639041067,25.5101729288625,25.5921910475291,25.5665674104186,25.5358106179362,25.4434849990752,25.4178242679226,25.3716187925976,25.3870229273887,25.4383533655169,25.5153009780981,25.4332214756594,25.4793992606996,25.4896581737131,25.3818884725093,25.3613480855689,25.3818884725093,25.4024247521646,25.3048408239653,25.3716187925976,25.4434849990752,25.4588783623232,25.4434849990752,25.4024247521646,25.494787246305,25.4742694202044,25.4845288451903,25.5768176311468,25.5716926484544,25.5460639041067,25.5255563093646,25.5819423585322,25.5973150092137,25.6075621671384,25.669023697602,25.7662628184848,25.6178083047144,25.5819423585322,25.6792637192269,25.6331755985647,25.7918368132263,25.7816079769097,25.7099776754511,25.7304485586408,25.6997407078597,25.6895027225489,25.5511901638832,25.4896581737131,25.4486163763711,25.6280534222343,25.6280534222343,25.6075621671384,25.5460639041067,25.494787246305,25.6382975199907,25.5973150092137,25.7202136256143,25.7048593188521,25.6792637192269,25.6639033048348,25.7406824748218,25.7918368132263,25.7509153744483,25.7816079769097,25.6741438357205,25.5973150092137,25.6741438357205,25.6741438357205,25.5204287715866,25.5563161681696,25.4793992606996,25.4332214756594,25.4537474974415,25.4486163763711,25.5101729288625,25.464008971053,25.4537474974415,25.3459400985342,25.4999160630027,25.5204287715866,25.5204287715866,25.4845288451903,25.5921910475291,25.8531885241579,25.6382975199907,25.7253312192514,26.0013046697413,26.1288206708731,26.1746879381935,26.1186251803434,26.164496970573,26.0676326338092,26.0676326338092,26.1288206708731,26.1288206708731,26.1084286839364,26.1899725066411,26.1848779015089,26.0727330210948,26.164496970573,26.2052548163647,26.164496970573,26.1288206708731,25.9757825654037,25.9604662734002
25.5460639041067,25.3510763511273,25.1093940990381,25.3048408239653,25.3613480855689,25.4845288451903,25.2534435750629,24.9599861922213,24.9393610812787,24.8568190268782,24.9342041538485,25.0578987516956,25.0269891112523,25.2997022573604,25.3459400985342,25.3356668224182,25.2380193782588,25.3151171854302,25.258584458684,25.1762993840732,25.2945634334578,25.258584458684,25.1865886299367,25.3664835674914,25.4280893294658,25.1557177937613,25.1814441360816,25.0784999971428,25.124837657352,25.1454254487159,25.1865886299367,25.1454254487159,25.1042457289643,25.1968768433364,25.0527477928007,25.0372933614365,25.0784999971428,25.1505717504272,25.1917328656758,25.0784999971428,25.1196900631945,25.2020205629554,25.1042457289643,25.14027888859,25.0630494515398,25.1454254487159,25.0733500742259,25.1454254487159,25.1865886299367,25.2637250847104,25.3305297988212,25.1608635787557,25.3510763511273,25.2380193782588,25.3664835674914,25.3305297988212,25.3767537609245,25.3356668224182,25.3613480855689,25.4229569268991,25.4486163763711,25.4793992606996,25.5358106179362,25.5153009780981,25.6741438357205,25.4999160630027,25.4793992606996,25.4896581737131,25.4999160630027,25.4588783623232,25.4845288451903,25.4793992606996,25.4332214756594,25.5716926484544,25.5101729288625,25.4024247521646,25.4999160630027,25.2740055641272,25.4280893294658,25.4486163763711,25.4280893294658,25.464008971053,25.4691393236678,25.5050446238429,25.5306835914689,25.5973150092137,25.5716926484544,25.4588783623232,25.4896581737131,25.4383533655169,25.4691393236678,25.4383533655169,25.4691393236678,25.5409373888032,25.3510763511273,25.4280893294658,25.4588783623232,25.4537474974415,25.5460639041067,25.3818884725093,25.4896581737131,25.494787246305,25.4178242679226,25.4229569268991,25.5306835914689,25.4178242679226,25.5306835914689,25.4280893294658,25.4896581737131,25.4434849990752,25.5358106179362,25.4434849990752,25.4280893294658,25.4793992606996,25.464008971053,25.4383533655169,25.4537474974415,25.3767537609245,25.4332214756594,25.464008971053,25.5563161681696,25.4845288451903,25.5819423585322,25.4896581737131,25.5255563093646,25.4024247521646,25.4588783623232,25.6126853634517,25.5768176311468,25.6639033048348,25.6895027225489,25.6485405982759,25.5870668306474,25.6075621671384,25.5665674104186,25.5306835914689,25.5511901638832,25.5101729288625,25.4332214756594,25.4434849990752,25.4537474974415,25.3972910671794,25.4075581805922,25.5050446238429,25.3613480855689,25.5204287715866,25.5358106179362,25.5306835914689,25.4280893294658,25.3562123467933,25.3664835674914,25.3664835674914,25.3818884725093,25.3716187925976,25.3408035889768,25.4486163763711,25.4845288451903,25.4434849990752,25.5768176311468,25.5511901638832,25.4999160630027,25.5819423585322,25.5255563093646,25.4691393236678,25.5768176311468,25.5153009780981,25.5716926484544,25.7406824748218,25.7099776754511,25.7406824748218,25.7202136256143,25.5921910475291,25.643419186549,25.6331755985647,25.6382975199907,25.6536617552083,25.8020646344419,25.715095777693,25.6997407078597,25.7099776754511,25.6946218424375,25.6536617552083,25.5409373888032,25.6741438357205,25.5665674104186,25.6126853634517,25.4742694202044,25.5614419170025,25.5511901638832,25.5973150092137,25.6895027225489,25.5614419170025,25.5614419170025,25.5511901638832,25.7304485586408,25.8174044635856,25.8174044635856,25.7918368132263,25.7713781252015,25.6485405982759,25.7406824748218,25.5768176311468,25.6485405982759,25.5716926484544,25.4588783623232,25.4537474974415,25.4588783623232,25.5716926484544,25.4229569268991,25.2945634334578,25.2637250847104,25.2277352917338,25.4332214756594,25.3972910671794,25.3972910671794,25.5153009780981,25.6178083047144,25.6741438357205,25.7099776754511,25.8020646344419,25.7713781252015,26.0472285660339,26.1288206708731,26.1084286839364,26.1186251803434,26.1543049983616,26.0625319946962,26.1899725066411,26.1695925799393,26.0931320526798,26.2561795481222,26.2205348683267,26.159401110059,26.164496970573,26.1084286839364,26.016614904526,26.0268204667242,26.1288206708731,26.0421269192526,26.0676326338092
25.3972910671794,25.2637250847104,25.3099791333095,25.258584458684,25.4434849990752,25.2483024338098,25.1042457289643,24.9342041538485,24.9032571289301,24.8516579356668,24.8413349715329,24.8516579356668,25.0784999971428,25.2328774638867,25.2431610348875,25.2894243522202,25.3305297988212,25.3099791333095,25.1865886299367,25.4434849990752,25.3716187925976,25.2791454175921,25.325392518149,25.4075581805922,25.2740055641272,25.1917328656758,25.0990971001769,25.0939482126385,24.9599861922213,25.2020205629554,25.1351320700124,25.1865886299367,25.1196900631945,25.1814441360816,25.0836496611589,25.0887990663117,25.0939482126385,25.1711543738743,25.0784999971428,25.1711543738743,25.0887990663117,25.2020205629554,25.258584458684,25.2277352917338,25.1299849929454,25.1351320700124,25.1454254487159,25.1917328656758,25.0578987516956,25.2431610348875,25.2225928617629,25.2534435750629,25.258584458684,25.3459400985342,25.3408035889768,25.3716187925976,25.2534435750629,25.2842850136107,25.3562123467933,25.3408035889768,25.4537474974415,25.5819423585322,25.5153009780981,25.5665674104186,25.5409373888032,25.5409373888032,25.4896581737131,25.3716187925976,25.5614419170025,25.5511901638832,25.5511901638832,25.3562123467933,25.5358106179362,25.4280893294658,25.3818884725093,25.4075581805922,25.494787246305,25.3767537609245,25.2842850136107,25.4332214756594,25.4845288451903,25.4178242679226,25.4229569268991,25.5306835914689,25.5460639041067,25.4588783623232,25.5153009780981,25.5255563093646,25.5153009780981,25.4999160630027,25.5153009780981,25.5306835914689,25.6126853634517,25.5563161681696,25.5665674104186,25.2328774638867,25.3459400985342,25.3767537609245,25.3870229273887,25.3510763511273,25.3818884725093,25.4896581737131,25.5101729288625,25.5050446238429,25.4178242679226,25.4229569268991,25.4229569268991,25.4434849990752,25.4434849990752,25.5153009780981,25.5563161681696,25.4178242679226,25.4280893294658,25.4075581805922,25.3664835674914,25.325392518149,25.3048408239653,25.4280893294658,25.4383533655169,25.2945634334578,25.3870229273887,25.3921571255997,25.5511901638832,25.5204287715866,25.5358106179362,25.5768176311468,25.4896581737131,25.4486163763711,25.5460639041067,25.602438715738,25.5768176311468,25.5921910475291,25.6126853634517,25.669023697602,25.5460639041067,25.5306835914689,25.5819423585322,25.5563161681696,25.5153009780981,25.4486163763711,25.4434849990752,25.4024247521646,25.4075581805922,25.4229569268991,25.4178242679226,25.5306835914689,25.5563161681696,25.5511901638832,25.3818884725093,25.2688654531791,25.3613480855689,25.4024247521646,25.3921571255997,25.3305297988212,25.4075581805922,25.3972910671794,25.4434849990752,25.5716926484544,25.5511901638832,25.4793992606996,25.4896581737131,25.4896581737131,25.4332214756594,25.4434849990752,25.4793992606996,25.5101729288625,25.5460639041067,25.7509153744483,25.6997407078597,25.715095777693,25.6997407078597,25.6843833481574,25.7202136256143,25.6843833481574,25.5921910475291,25.6485405982759,25.6792637192269,25.7048593188521,25.643419186549,25.6792637192269,25.6382975199907,25.5511901638832,25.5614419170025,25.5614419170025,25.5768176311468,25.5665674104186,25.5614419170025,25.5768176311468,25.5511901638832,25.5921910475291,25.643419186549,25.5819423585322,25.6536617552083,25.5563161681696,25.6126853634517,25.6331755985647,25.8122914408466,25.7713781252015,25.7764931779977,25.7560314431445,25.6792637192269,25.6536617552083,25.6280534222343,25.5306835914689,25.602438715738,25.4845288451903,25.4537474974415,25.4434849990752,25.4332214756594,25.4537474974415,25.2380193782588,25.3356668224182,25.3767537609245,25.4486163763711,25.464008971053,25.5358106179362,25.5768176311468,25.6997407078597,25.5870668306474,25.7509153744483,25.7867225219738,25.8327420103839,26.0421269192526,26.0013046697413,26.1746879381935,26.149208635445,26.159401110059,26.0676326338092,26.0319228696336,26.0574311037199,26.149208635445,26.1084286839364,26.1288206708731,26.1543049983616,26.0982311813659,26.1441120212736,26.016614904526,26.016614904526,25.9808874910754,26.0982311813659
25.4896581737131,25.4742694202044,25.4537474974415,25.3099791333095,25.4896581737131,25.2534435750629,25.2380193782588,24.8929393729232,24.8310109648659,24.918731811688,24.8877801045559,24.9342041538485,25.0990971001769,25.0887990663117,25.0939482126385,25.2328774638867,25.1299849929454,25.3767537609245,25.2380193782588,25.2534435750629,25.2688654531791,25.3921571255997,25.4332214756594,25.5153009780981,25.3716187925976,25.2740055641272,25.0990971001769,25.1042457289643,25.1093940990381,25.2020205629554,25.1660091054476,25.1093940990381,25.2020205629554,25.0733500742259,25.1608635787557,25.1968768433364,25.1660091054476,25.1660091054476,25.1660091054476,25.2997022573604,25.0681998923707,25.1762993840732,25.1660091054476,25.0939482126385,25.2071640245704,25.2380193782588,25.2431610348875,25.1608635787557,25.0630494515398,25.3716187925976,25.258584458684,25.258584458684,25.2277352917338,25.3818884725093,25.2894243522202,25.3818884725093,25.4332214756594,25.2997022573604,25.3099791333095,25.3459400985342,25.5306835914689,25.4588783623232,25.5460639041067,25.5306835914689,25.494787246305,25.4793992606996,25.5716926484544,25.494787246305,25.4793992606996,25.4742694202044,25.5358106179362,25.3459400985342,25.5460639041067,25.5768176311468,25.4332214756594,25.4691393236678,25.5050446238429,25.3459400985342,25.4126913524992,25.494787246305,25.5665674104186,25.5819423585322,25.5153009780981,25.4126913524992,25.5050446238429,25.4793992606996,25.5050446238429,25.5460639041067,25.6178083047144,25.5101729288625,25.4332214756594,25.5716926484544,25.6382975199907,25.5973150092137,25.5665674104186,25.4896581737131,25.3664835674914,25.4486163763711,25.2534435750629,25.3562123467933,25.3664835674914,25.494787246305,25.4280893294658,25.3870229273887,25.4024247521646,25.4434849990752,25.4024247521646,25.4486163763711,25.4280893294658,25.494787246305,25.4588783623232,25.4434849990752,25.4793992606996,25.464008971053,25.4126913524992,25.4280893294658,25.2945634334578,25.4332214756594,25.3921571255997,25.3921571255997,25.4588783623232,25.4999160630027,25.3972910671794,25.5409373888032,25.5665674104186,25.5716926484544,25.5306835914689,25.5921910475291,25.5921910475291,25.6178083047144,25.602438715738,25.5973150092137,25.494787246305,25.5460639041067,25.5358106179362,25.5614419170025,25.5255563093646,25.5255563093646,25.5153009780981,25.5101729288625,25.4332214756594,25.3870229273887,25.5409373888032,25.3613480855689,25.5511901638832,25.5665674104186,25.4845288451903,25.5511901638832,25.3716187925976,25.3921571255997,25.3664835674914,25.4383533655169,25.4178242679226,25.4178242679226,25.3972910671794,25.4383533655169,25.4332214756594,25.4434849990752,25.5563161681696,25.4178242679226,25.494787246305,25.5101729288625,25.4691393236678,25.4280893294658,25.5973150092137,25.5511901638832,25.622930990963,25.5563161681696,25.622930990963,25.6639033048348,25.7304485586408,25.7355656438188,25.7099776754511,25.6587826573823,25.6843833481574,25.6639033048348,25.6639033048348,25.6280534222343,25.669023697602,25.6792637192269,25.6485405982759,25.6895027225489,25.4742694202044,25.5768176311468,25.5511901638832,25.5921910475291,25.464008971053,25.5819423585322,25.4742694202044,25.7202136256143,25.7253312192514,25.6536617552083,25.6280534222343,25.7202136256143,25.7764931779977,25.7406824748218,25.9553603376162,25.7713781252015,25.7457990516862,25.6946218424375,25.6741438357205,25.6895027225489,25.7509153744483,25.5204287715866,25.5716926484544,25.6126853634517,25.5716926484544,25.4486163763711,25.3767537609245,25.3562123467933,25.4024247521646,25.2123072282184,25.3356668224182,25.5716926484544,25.4845288451903,25.5921910475291,25.6639033048348,25.6280534222343,25.7202136256143,25.863410260858,25.8429657740965,26.0319228696336,26.0727330210948,26.0472285660339,26.149208635445,26.1797830453715,26.0421269192526,26.0472285660339,26.1899725066411,26.1746879381935,26.1695925799393,26.0982311813659,26.1135270578924,26.149208635445,26.1033300584395,26.0523299608444,26.1543049983616,26.1288206708731,25.9042870798318,25.985992164309
25.0887990663117,25.2328774638867,25.3048408239653,25.2380193782588,25.2174501739369,25.1865886299367,25.0166838239645,24.8929393729232,24.836173098535,24.8051963851263,24.9084156166453,24.8723007375455,25.0887990663117,25.1196900631945,25.1351320700124,24.9599861922213,25.2842850136107,25.2740055641272,25.2380193782588,25.2483024338098,25.2123072282184,25.2328774638867,25.2431610348875,25.3099791333095,25.5050446238429,25.325392518149,25.1145422104357,24.918731811688,25.2123072282184,25.2020205629554,25.2020205629554,25.1711543738743,25.0836496611589,25.0939482126385,25.0475965748176,25.0475965748176,25.0733500742259,25.3099791333095,25.2225928617629,25.1917328656758,25.1814441360816,25.124837657352,25.1968768433364,25.1608635787557,25.2277352917338,25.1660091054476,25.2225928617629,25.2380193782588,25.0784999971428,25.2431610348875,25.2483024338098,25.2380193782588,25.2328774638867,25.3716187925976,25.4332214756594,25.5153009780981,25.3664835674914,25.5050446238429,25.4229569268991,25.4742694202044,25.5204287715866,25.5511901638832,25.4383533655169,25.4896581737131,25.5614419170025,25.5153009780981,25.4999160630027,25.5870668306474,25.5358106179362,25.464008971053,25.5204287715866,25.5409373888032,25.5409373888032,25.5768176311468,25.4742694202044,25.5153009780981,25.4024247521646,25.3664835674914,25.3562123467933,25.5819423585322,25.5870668306474,25.3818884725093,25.4229569268991,25.5511901638832,25.5050446238429,25.5358106179362,25.464008971053,25.5409373888032,25.4793992606996,25.5511901638832,25.3562123467933,25.6382975199907,25.6946218424375,25.6639033048348,25.5460639041067,25.5204287715866,25.4024247521646,25.4383533655169,25.325392518149,25.3870229273887,25.4075581805922,25.3664835674914,25.4588783623232,25.4742694202044,25.4793992606996,25.4126913524992,25.4999160630027,25.4024247521646,25.4537474974415,25.4999160630027,25.5358106179362,25.3767537609245,25.4178242679226,25.5050446238429,25.3202549803643,25.4434849990752,25.3870229273887,25.3459400985342,25.2277352917338,25.325392518149,25.3048408239653,25.4126913524992,25.6280534222343,25.6280534222343,25.5409373888032,25.6536617552083,25.5921910475291,25.4896581737131,25.6382975199907,25.6126853634517,25.494787246305,25.5101729288625,25.6075621671384,25.5204287715866,25.622930990963,25.5563161681696,25.622930990963,25.5665674104186,25.5153009780981,25.494787246305,25.4434849990752,25.4332214756594,25.4024247521646,25.4229569268991,25.5409373888032,25.4896581737131,25.4742694202044,25.5563161681696,25.3767537609245,25.3664835674914,25.3562123467933,25.3972910671794,25.4999160630027,25.4280893294658,25.3818884725093,25.4280893294658,25.4742694202044,25.4126913524992,25.6536617552083,25.5409373888032,25.4434849990752,25.5614419170025,25.4434849990752,25.5358106179362,25.5204287715866,25.5255563093646,25.5563161681696,25.5460639041067,25.5870668306474,25.6126853634517,25.7304485586408,25.7253312192514,25.6946218424375,25.7457990516862,25.6946218424375,25.6895027225489,25.6741438357205,25.6382975199907,25.602438715738,25.6280534222343,25.6178083047144,25.7355656438188,25.4999160630027,25.5511901638832,25.6382975199907,25.5921910475291,25.5716926484544,25.5973150092137,25.5973150092137,25.6997407078597,25.7253312192514,25.8122914408466,25.715095777693,25.6331755985647,25.6331755985647,25.6485405982759,25.715095777693,25.715095777693,25.7457990516862,25.7816079769097,25.7406824748218,25.6639033048348,25.5870668306474,25.6382975199907,25.715095777693,25.5819423585322,25.5050446238429,25.5204287715866,25.4999160630027,25.4845288451903,25.3202549803643,25.4691393236678,25.4383533655169,25.4280893294658,25.5973150092137,25.602438715738,25.669023697602,25.6843833481574,25.7560314431445,25.8276297483179,25.8480772758155,25.8122914408466,25.8889601710514,26.0778331565889,25.8940693936838,26.0472285660339,26.2714520811547,26.159401110059,26.1848779015089,26.149208635445,26.123723051325,26.1339180390234,26.1033300584395,26.0472285660339,26.1084286839364,26.1441120212736,26.149208635445,25.9706773872579,25.9910965851406,26.0676326338092
25.4486163763711,25.2637250847104,25.325392518149,25.3767537609245,25.3151171854302,25.2328774638867,25.1917328656758,24.918731811688,24.8464965838976,24.9290469664651,24.8155229994525,25.0630494515398,25.1557177937613,25.2225928617629,25.1145422104357,25.1196900631945,25.2277352917338,25.2483024338098,25.2945634334578,25.2894243522202,25.3510763511273,25.4691393236678,25.258584458684,25.4178242679226,25.3870229273887,25.4126913524992,25.2483024338098,25.2071640245704,25.1865886299367,25.1351320700124,25.2328774638867,25.1660091054476,25.2123072282184,25.1505717504272,25.2328774638867,25.1608635787557,25.1505717504272,25.1608635787557,25.2791454175921,25.2894243522202,25.2020205629554,25.1351320700124,25.1454254487159,24.9599861922213,25.2020205629554,25.1660091054476,25.1660091054476,25.2123072282184,25.0990971001769,25.1968768433364,25.1454254487159,25.3356668224182,25.3767537609245,25.3870229273887,25.3613480855689,25.3099791333095,25.4280893294658,25.4537474974415,25.5306835914689,25.5358106179362,25.5768176311468,25.4486163763711,25.5511901638832,25.5409373888032,25.5153009780981,25.5358106179362,25.4999160630027,25.5563161681696,25.4691393236678,25.5358106179362,25.5255563093646,25.5511901638832,25.602438715738,25.5665674104186,25.3921571255997,25.4126913524992,25.5204287715866,25.5665674104186,25.4332214756594,25.5460639041067,25.5716926484544,25.4896581737131,25.4332214756594,25.6331755985647,25.5614419170025,25.5204287715866,25.4126913524992,25.5409373888032,25.5409373888032,25.5409373888032,25.5460639041067,25.5819423585322,25.5460639041067,25.3870229273887,25.5306835914689,25.643419186549,25.4229569268991,25.4229569268991,25.2945634334578,25.3716187925976,25.4486163763711,25.2637250847104,25.3562123467933,25.3510763511273,25.4332214756594,25.3767537609245,25.3099791333095,25.464008971053,25.4845288451903,25.4691393236678,25.5614419170025,25.5101729288625,25.5153009780981,25.5819423585322,25.4280893294658,25.4280893294658,25.4896581737131,25.4178242679226,25.4229569268991,25.3921571255997,25.4742694202044,25.5665674104186,25.5614419170025,25.5614419170025,25.7713781252015,25.622930990963,25.5511901638832,25.5460639041067,25.4896581737131,25.6382975199907,25.6280534222343,25.602438715738,25.6639033048348,25.6126853634517,25.5460639041067,25.6331755985647,25.643419186549,25.6639033048348,25.3818884725093,25.4742694202044,25.5511901638832,25.4537474974415,25.4075581805922,25.4588783623232,25.5050446238429,25.5870668306474,25.4178242679226,25.5101729288625,25.3613480855689,25.4178242679226,25.3818884725093,25.3562123467933,25.4178242679226,25.4332214756594,25.3510763511273,25.3562123467933,25.3921571255997,25.3664835674914,25.4075581805922,25.494787246305,25.5050446238429,25.5204287715866,25.5050446238429,25.5204287715866,25.5306835914689,25.5665674104186,25.6331755985647,25.5973150092137,25.6587826573823,25.5614419170025,25.622930990963,25.6843833481574,25.7611472578112,25.669023697602,25.6895027225489,25.6741438357205,25.8174044635856,25.715095777693,25.7662628184848,25.6280534222343,25.5973150092137,25.4896581737131,25.6485405982759,25.5204287715866,25.5870668306474,25.5870668306474,25.6639033048348,25.5768176311468,25.5870668306474,25.7355656438188,25.7355656438188,25.7253312192514,25.715095777693,25.7048593188521,25.7202136256143,25.6741438357205,25.8378540189647,25.8327420103839,25.7560314431445,25.7509153744483,25.7764931779977,25.868520749288,25.6639033048348,25.5614419170025,25.5921910475291,25.6075621671384,25.5358106179362,25.602438715738,25.4229569268991,25.4126913524992,25.4332214756594,25.3408035889768,25.4229569268991,25.6126853634517,25.4793992606996,25.7253312192514,25.7509153744483,25.6792637192269,25.8276297483179,25.8940693936838,25.8736309844862,25.9400410144115,26.1899725066411,26.2052548163647,26.1084286839364,26.0115117451654,26.2205348683267,26.2409047605314,26.1390151558117,26.1186251803434,26.1797830453715,26.1543049983616,26.2358126634888,26.149208635445,26.1135270578924,26.2052548163647,26.1339180390234,26.1390151558117,26.0217178117003,26.2001609640334
25.2431610348875,25.3613480855689,25.3818884725093,25.2637250847104,25.1454254487159,25.1814441360816,24.9909160664447,24.9084156166453,24.836173098535,24.9857617364743,24.9084156166453,25.0887990663117,25.2277352917338,25.2071640245704,25.2225928617629,25.2277352917338,24.86197985757,25.1042457289643,24.9702971889533,25.2791454175921,25.4537474974415,25.3305297988212,25.4229569268991,25.4280893294658,25.3870229273887,25.2688654531791,25.2791454175921,25.3305297988212,25.2020205629554,25.258584458684,25.1351320700124,25.2688654531791,25.1762993840732,24.9342041538485,25.1196900631945,25.2277352917338,25.1557177937613,25.1711543738743,25.1711543738743,25.1660091054476,25.1865886299367,25.0887990663117,25.0527477928007,25.0578987516956,24.9806071469274,25.0681998923707,25.2020205629554,25.1660091054476,25.2225928617629,25.2071640245704,25.1865886299367,25.3048408239653,25.4537474974415,25.3818884725093,25.4383533655169,25.4793992606996,25.4332214756594,25.5101729288625,25.5870668306474,25.5153009780981,25.6946218424375,25.4896581737131,25.5153009780981,25.5614419170025,25.5511901638832,25.4793992606996,25.5101729288625,25.5101729288625,25.5153009780981,25.4999160630027,25.4691393236678,25.5255563093646,25.6126853634517,25.5614419170025,25.3716187925976,25.464008971053,25.5204287715866,25.5358106179362,25.5460639041067,25.4075581805922,25.464008971053,25.5050446238429,25.6280534222343,25.5358106179362,25.4793992606996,25.4126913524992,25.5255563093646,25.4178242679226,25.5614419170025,25.4434849990752,25.5563161681696,25.5511901638832,25.3767537609245,25.5306835914689,25.5563161681696,25.4434849990752,25.3151171854302,25.3408035889768,25.3870229273887,25.3870229273887,25.3870229273887,25.325392518149,25.3921571255997,25.3613480855689,25.3767537609245,25.3972910671794,25.3099791333095,25.4280893294658,25.4280893294658,25.5101729288625,25.5204287715866,25.4793992606996,25.6178083047144,25.4588783623232,25.3408035889768,25.464008971053,25.3305297988212,25.4024247521646,25.3202549803643,25.3151171854302,25.4486163763711,25.4383533655169,25.5306835914689,25.7355656438188,25.7406824748218,25.643419186549,25.6382975199907,25.5255563093646,25.622930990963,25.5101729288625,25.494787246305,25.4845288451903,25.6587826573823,25.6075621671384,25.5511901638832,25.6178083047144,25.5511901638832,25.5716926484544,25.5716926484544,25.5101729288625,25.4434849990752,25.3767537609245,25.3664835674914,25.5204287715866,25.5101729288625,25.5204287715866,25.5204287715866,25.4075581805922,25.4742694202044,25.4793992606996,25.4742694202044,25.4332214756594,25.4588783623232,25.3972910671794,25.4486163763711,25.3767537609245,25.464008971053,25.5101729288625,25.5563161681696,25.5614419170025,25.4691393236678,25.4486163763711,25.4588783623232,25.5665674104186,25.5255563093646,25.5409373888032,25.5511901638832,25.602438715738,25.5768176311468,25.6587826573823,25.6536617552083,25.6178083047144,25.6280534222343,25.6536617552083,25.6178083047144,25.6126853634517,25.6843833481574,25.7202136256143,25.6382975199907,25.7048593188521,25.6639033048348,25.5153009780981,25.6280534222343,25.6485405982759,25.602438715738,25.5665674104186,25.4229569268991,25.5768176311468,25.6075621671384,25.715095777693,25.7560314431445,25.5973150092137,25.7099776754511,25.6485405982759,25.8327420103839,25.7969508507036,25.8071781644774,25.7048593188521,25.7918368132263,25.7457990516862,25.6639033048348,25.6895027225489,25.5870668306474,25.6792637192269,25.602438715738,25.4075581805922,25.6639033048348,25.494787246305,25.494787246305,25.4793992606996,25.4178242679226,25.4742694202044,25.3972910671794,25.4896581737131,25.6126853634517,25.6280534222343,25.6997407078597,25.715095777693,25.7509153744483,25.8378540189647,25.8429657740965,25.8736309844862,25.9042870798318,26.0727330210948,26.0982311813659,26.0931320526798,26.2205348683267,26.1186251803434,26.123723051325,26.1695925799393,26.2561795481222,26.1186251803434,25.9604662734002,26.2001609640334,26.1033300584395,26.1390151558117,26.0115117451654,26.1288206708731,26.1033300584395,26.1135270578924
25.2740055641272,25.2945634334578,25.1505717504272,25.1093940990381,24.9960701368761,25.1196900631945,25.0115307913128,24.9290469664651,24.8516579356668,24.9238895190908,24.8826205758957,25.124837657352,25.0887990663117,25.1865886299367,25.0115307913128,25.0527477928007,25.0063774992726,24.9754522977662,24.8258485704877,25.2071640245704,25.2842850136107,25.1968768433364,25.3202549803643,25.3151171854302,25.2842850136107,25.3048408239653,25.2225928617629,25.4793992606996,25.1814441360816,25.2225928617629,25.1454254487159,25.1608635787557,25.1145422104357,25.0939482126385,25.1968768433364,25.1351320700124,25.14027888859,25.1505717504272,25.0527477928007,25.1608635787557,25.1968768433364,25.0939482126385,24.954830304227,24.8464965838976,25.0321413659635,25.0372933614365,25.2174501739369,25.2174501739369,25.2431610348875,25.14027888859,25.1865886299367,25.3767537609245,25.2945634334578,25.4486163763711,25.3613480855689,25.4332214756594,25.5255563093646,25.5665674104186,25.5921910475291,25.5921910475291,25.4486163763711,25.5768176311468,25.5716926484544,25.6280534222343,25.6331755985647,25.5665674104186,25.5101729288625,25.5511901638832,25.5204287715866,25.464008971053,25.4537474974415,25.5153009780981,25.5563161681696,25.5409373888032,25.3562123467933,25.4486163763711,25.4588783623232,25.4691393236678,25.494787246305,25.3459400985342,25.4896581737131,25.494787246305,25.494787246305,25.5153009780981,25.5255563093646,25.5460639041067,25.5255563093646,25.4024247521646,25.5409373888032,25.4793992606996,25.3767537609245,25.4793992606996,25.5460639041067,25.5665674104186,25.5563161681696,25.4588783623232,25.4332214756594,25.325392518149,25.3767537609245,25.2945634334578,25.3356668224182,25.2997022573604,25.2328774638867,25.2842850136107,25.3716187925976,25.3767537609245,25.3767537609245,25.3716187925976,25.3664835674914,25.3972910671794,25.5716926484544,25.4332214756594,25.5101729288625,25.494787246305,25.4999160630027,25.4486163763711,25.4126913524992,25.4229569268991,25.3972910671794,25.3305297988212,25.325392518149,25.4845288451903,25.5819423585322,25.5768176311468,25.5614419170025,25.5511901638832,25.602438715738,25.6178083047144,25.5819423585322,25.4691393236678,25.5665674104186,25.5409373888032,25.4742694202044,25.4999160630027,25.5870668306474,25.4486163763711,25.5921910475291,25.4486163763711,25.5050446238429,25.5050446238429,25.4434849990752,25.4537474974415,25.4845288451903,25.4486163763711,25.4742694202044,25.4742694202044,25.5306835914689,25.5511901638832,25.4280893294658,25.3664835674914,25.4793992606996,25.4691393236678,25.3408035889768,25.3716187925976,25.3716187925976,25.4332214756594,25.4486163763711,25.3510763511273,25.4537474974415,25.4486163763711,25.4742694202044,25.5460639041067,25.4588783623232,25.4588783623232,25.5306835914689,25.4742694202044,25.5255563093646,25.5768176311468,25.5153009780981,25.6382975199907,25.6382975199907,25.6895027225489,25.622930990963,25.6126853634517,25.7202136256143,25.6536617552083,25.7355656438188,25.6946218424375,25.6382975199907,25.6997407078597,25.7099776754511,25.6382975199907,25.6639033048348,25.6536617552083,25.669023697602,25.6639033048348,25.5665674104186,25.6587826573823,25.7253312192514,25.5921910475291,25.7406824748218,25.7918368132263,25.643419186549,25.715095777693,25.6895027225489,25.868520749288,25.7509153744483,25.7764931779977,25.8071781644774,25.7457990516862,25.6895027225489,25.5870668306474,25.6485405982759,25.5870668306474,25.602438715738,25.5870668306474,25.5358106179362,25.5255563093646,25.5921910475291,25.5409373888032,25.4742694202044,25.494787246305,25.4691393236678,25.5921910475291,25.5511901638832,25.6280534222343,25.7509153744483,25.7509153744483,25.8429657740965,25.8940693936838,25.868520749288,25.9808874910754,25.9910965851406,26.0268204667242,26.0829330403271,26.0778331565889,26.0319228696336,26.2052548163647,26.1797830453715,26.1543049983616,26.0778331565889,26.0931320526798,26.0727330210948,26.0931320526798,26.164496970573,26.149208635445,26.1390151558117,26.2001609640334,26.1135270578924,26.2103484178335
25.2380193782588,25.2380193782588,25.2483024338098,25.2380193782588,25.0836496611589,24.954830304227,25.0733500742259,24.9393610812787,24.7845400253874,24.9135738442187,24.836173098535,24.9393610812787,24.9909160664447,25.1299849929454,25.1145422104357,24.9960701368761,25.0424450977087,24.9909160664447,24.9806071469274,25.2277352917338,25.3972910671794,25.4434849990752,25.2894243522202,25.4332214756594,25.3099791333095,25.4332214756594,25.4126913524992,25.2945634334578,25.3151171854302,25.2071640245704,25.14027888859,25.2277352917338,25.2071640245704,25.1865886299367,25.1145422104357,25.2225928617629,25.124837657352,25.1865886299367,25.0630494515398,25.0475965748176,25.124837657352,25.0990971001769,25.0527477928007,24.9651418204509,25.0269891112523,25.1917328656758,25.1762993840732,25.1865886299367,25.3510763511273,25.2483024338098,25.2688654531791,25.3767537609245,25.4229569268991,25.3202549803643,25.5409373888032,25.3408035889768,25.464008971053,25.5511901638832,25.6997407078597,25.5204287715866,25.5768176311468,25.7099776754511,25.5153009780981,25.5768176311468,25.5716926484544,25.5204287715866,25.5614419170025,25.5101729288625,25.5255563093646,25.5306835914689,25.5358106179362,25.4896581737131,25.5358106179362,25.643419186549,25.5358106179362,25.4229569268991,25.3818884725093,25.3921571255997,25.4588783623232,25.494787246305,25.5204287715866,25.6485405982759,25.643419186549,25.7099776754511,25.4845288451903,25.4229569268991,25.5306835914689,25.5460639041067,25.5768176311468,25.5409373888032,25.5973150092137,25.3921571255997,25.3664835674914,25.3562123467933,25.5614419170025,25.3408035889768,25.4332214756594,25.2945634334578,25.4075581805922,25.4434849990752,25.3664835674914,25.3305297988212,25.3818884725093,25.3664835674914,25.325392518149,25.4024247521646,25.3921571255997,25.3408035889768,25.464008971053,25.494787246305,25.5716926484544,25.5409373888032,25.5768176311468,25.4229569268991,25.5255563093646,25.3151171854302,25.494787246305,25.4742694202044,25.4742694202044,25.4383533655169,25.4896581737131,25.4742694202044,25.4486163763711,25.5614419170025,25.6280534222343,25.6331755985647,25.5819423585322,25.6178083047144,25.5563161681696,25.5153009780981,25.602438715738,25.7048593188521,25.5358106179362,25.5614419170025,25.5614419170025,25.5101729288625,25.5716926484544,25.5306835914689,25.5563161681696,25.464008971053,25.4383533655169,25.4896581737131,25.4793992606996,25.5409373888032,25.4486163763711,25.5050446238429,25.6126853634517,25.4793992606996,25.5511901638832,25.4280893294658,25.5101729288625,25.4896581737131,25.4896581737131,25.4691393236678,25.4691393236678,25.3408035889768,25.3818884725093,25.4383533655169,25.4332214756594,25.4742694202044,25.4999160630027,25.6587826573823,25.464008971053,25.494787246305,25.4691393236678,25.5768176311468,25.5973150092137,25.6178083047144,25.643419186549,25.7048593188521,25.6587826573823,25.7560314431445,25.6997407078597,25.6075621671384,25.6126853634517,25.6587826573823,25.622930990963,25.6485405982759,25.6485405982759,25.7355656438188,25.6639033048348,25.6382975199907,25.6843833481574,25.6741438357205,25.643419186549,25.5050446238429,25.5819423585322,25.6792637192269,25.6895027225489,25.7048593188521,25.7202136256143,25.7048593188521,25.7253312192514,25.6536617552083,25.669023697602,25.7406824748218,25.7406824748218,25.7662628184848,25.7611472578112,25.5716926484544,25.7918368132263,25.7713781252015,25.643419186549,25.5614419170025,25.6587826573823,25.5409373888032,25.6178083047144,25.5563161681696,25.4178242679226,25.494787246305,25.4742694202044,25.3356668224182,25.5153009780981,25.7406824748218,25.6075621671384,25.7457990516862,25.7611472578112,25.7867225219738,25.8122914408466,25.8736309844862,25.8889601710514,25.9808874910754,26.0013046697413,25.985992164309,26.0472285660339,26.0319228696336,26.2154417684757,26.1848779015089,26.1339180390234,26.1695925799393,26.1135270578924,26.0727330210948,26.0982311813659,26.1746879381935,26.0472285660339,25.996200753606,26.0319228696336,26.0115117451654,26.1135270578924,26.1135270578924
25.1660091054476,25.2123072282184,25.3356668224182,25.1660091054476,25.0784999971428,25.0733500742259,24.9496741564303,24.9754522977662,24.8877801045559,24.8413349715329,24.8671404277798,24.9135738442187,25.0166838239645,25.0063774992726,25.0269891112523,24.9806071469274,24.9909160664447,24.9651418204509,24.9702971889533,25.1557177937613,25.1968768433364,25.3356668224182,25.3356668224182,25.2174501739369,25.2277352917338,25.258584458684,25.2380193782588,25.1608635787557,25.1145422104357,25.2020205629554,25.0578987516956,25.0836496611589,25.1196900631945,25.124837657352,25.124837657352,25.0115307913128,25.1762993840732,25.2071640245704,25.14027888859,25.0630494515398,25.0475965748176,25.1917328656758,24.9754522977662,25.1145422104357,25.0527477928007,25.0218365972651,25.1814441360816,25.3356668224182,25.2534435750629,25.2277352917338,25.3099791333095,25.5255563093646,25.3921571255997,25.4332214756594,25.5973150092137,25.5460639041067,25.5204287715866,25.5614419170025,25.5768176311468,25.4075581805922,25.6075621671384,25.4383533655169,25.4280893294658,25.6382975199907,25.5716926484544,25.5870668306474,25.6075621671384,25.5665674104186,25.4999160630027,25.4793992606996,25.4793992606996,25.5409373888032,25.5409373888032,25.5460639041067,25.5563161681696,25.3767537609245,25.3921571255997,25.5255563093646,25.5153009780981,25.4383533655169,25.5614419170025,25.5768176311468,25.6382975199907,25.5409373888032,25.4588783623232,25.4486163763711,25.4537474974415,25.4691393236678,25.5665674104186,25.5819423585322,25.5563161681696,25.3356668224182,25.3459400985342,25.3562123467933,25.5511901638832,25.5153009780981,25.3099791333095,25.4229569268991,25.4332214756594,25.3356668224182,25.3664835674914,25.3510763511273,25.3716187925976,25.3562123467933,25.3459400985342,25.3408035889768,25.3664835674914,25.464008971053,25.4486163763711,25.4178242679226,25.5665674104186,25.5306835914689,25.4691393236678,25.4537474974415,25.464008971053,25.4280893294658,25.4332214756594,25.4742694202044,25.5050446238429,25.4793992606996,25.4178242679226,25.5050446238429,25.4691393236678,25.6178083047144,25.7662628184848,25.6075621671384,25.6843833481574,25.643419186549,25.6997407078597,25.4486163763711,25.7099776754511,25.7099776754511,25.5665674104186,25.5563161681696,25.6280534222343,25.669023697602,25.5870668306474,25.669023697602,25.5511901638832,25.3870229273887,25.4383533655169,25.4075581805922,25.494787246305,25.5409373888032,25.6536617552083,25.5153009780981,25.4486163763711,25.4280893294658,25.5101729288625,25.5409373888032,25.5358106179362,25.5306835914689,25.5153009780981,25.3972910671794,25.4793992606996,25.4742694202044,25.4742694202044,25.4742694202044,25.4024247521646,25.4691393236678,25.5050446238429,25.4691393236678,25.4588783623232,25.5716926484544,25.5460639041067,25.5563161681696,25.5204287715866,25.494787246305,25.5563161681696,25.6946218424375,25.6331755985647,25.7509153744483,25.7560314431445,25.669023697602,25.6587826573823,25.7560314431445,25.6536617552083,25.715095777693,25.6485405982759,25.7304485586408,25.7099776754511,25.8071781644774,25.6946218424375,25.7355656438188,25.6895027225489,25.6485405982759,25.6075621671384,25.6946218424375,25.6126853634517,25.5870668306474,25.7253312192514,25.5973150092137,25.6536617552083,25.7509153744483,25.7048593188521,25.868520749288,25.9502541492142,25.8480772758155,25.8020646344419,25.9093955434194,25.7713781252015,25.7764931779977,25.7611472578112,25.6639033048348,25.7304485586408,25.6075621671384,25.6126853634517,25.6741438357205,25.5409373888032,25.622930990963,25.5716926484544,25.4434849990752,25.5563161681696,25.6741438357205,25.6485405982759,25.5358106179362,25.6536617552083,25.8276297483179,25.8480772758155,25.8582995191601,25.9604662734002,25.996200753606,26.0778331565889,26.1186251803434,26.123723051325,26.1186251803434,26.2001609640334,26.164496970573,26.2154417684757,26.1950668608041,26.2001609640334,26.1950668608041,26.159401110059,26.0115117451654,26.1848779015089,26.1288206708731,26.159401110059,26.1135270578924,26.0217178117003,25.9400410144115
25.4332214756594,25.2225928617629,25.2431610348875,25.2225928617629,25.1351320700124,24.9806071469274,25.0733500742259,24.9445177487934,24.9032571289301,24.9135738442187,24.8723007375455,24.9342041538485,24.9651418204509,25.0630494515398,24.9238895190908,24.9084156166453,25.0372933614365,24.9702971889533,25.3202549803643,25.3510763511273,25.258584458684,25.4383533655169,25.4383533655169,25.2328774638867,25.3099791333095,25.2945634334578,25.2842850136107,25.1814441360816,25.1660091054476,24.9857617364743,25.1660091054476,25.0733500742259,25.1505717504272,25.1351320700124,25.2123072282184,25.1145422104357,25.1042457289643,25.1557177937613,25.2020205629554,25.0784999971428,24.9445177487934,25.0784999971428,25.1762993840732,25.0887990663117,25.0269891112523,25.1145422104357,25.2431610348875,25.3510763511273,25.2842850136107,25.325392518149,25.3099791333095,25.4126913524992,25.4229569268991,25.4178242679226,25.4588783623232,25.3356668224182,25.5153009780981,25.6075621671384,25.6843833481574,25.4434849990752,25.5255563093646,25.5204287715866,25.6331755985647,25.494787246305,25.464008971053,25.5768176311468,25.5768176311468,25.6280534222343,25.6792637192269,25.5358106179362,25.4793992606996,25.5358106179362,25.5921910475291,25.5511901638832,25.4486163763711,25.4537474974415,25.5358106179362,25.494787246305,25.5153009780981,25.4691393236678,25.4793992606996,25.6946218424375,25.602438715738,25.6587826573823,25.5358106179362,25.4486163763711,25.4793992606996,25.4383533655169,25.5204287715866,25.5665674104186,25.4383533655169,25.4691393236678,25.4024247521646,25.5306835914689,25.5050446238429,25.3356668224182,25.3305297988212,25.4588783623232,25.325392518149,25.2997022573604,25.3818884725093,25.3459400985342,25.3510763511273,25.3510763511273,25.3613480855689,25.3510763511273,25.3510763511273,25.3202549803643,25.494787246305,25.4588783623232,25.5204287715866,25.4999160630027,25.5306835914689,25.5409373888032,25.4383533655169,25.4896581737131,25.5460639041067,25.4588783623232,25.3921571255997,25.5819423585322,25.4896581737131,25.6587826573823,25.5921910475291,25.622930990963,25.6126853634517,25.715095777693,25.7202136256143,25.6485405982759,25.6382975199907,25.6382975199907,25.622930990963,25.5563161681696,25.5614419170025,25.6126853634517,25.5614419170025,25.5768176311468,25.5921910475291,25.5306835914689,25.5511901638832,25.5409373888032,25.5255563093646,25.4845288451903,25.4845288451903,25.4383533655169,25.5921910475291,25.4588783623232,25.5819423585322,25.5460639041067,25.4793992606996,25.6075621671384,25.5511901638832,25.5204287715866,25.5101729288625,25.4537474974415,25.4793992606996,25.4178242679226,25.3048408239653,25.4024247521646,25.4126913524992,25.3613480855689,25.4537474974415,25.4896581737131,25.4793992606996,25.4486163763711,25.4793992606996,25.5819423585322,25.5563161681696,25.5665674104186,25.6946218424375,25.6178083047144,25.6382975199907,25.7048593188521,25.6587826573823,25.6536617552083,25.669023697602,25.6331755985647,25.7509153744483,25.7202136256143,25.7560314431445,25.6587826573823,25.7099776754511,25.6895027225489,25.6587826573823,25.6382975199907,25.643419186549,25.643419186549,25.5921910475291,25.602438715738,25.8174044635856,25.7202136256143,25.7099776754511,25.7611472578112,25.7509153744483,25.7867225219738,25.7304485586408,25.6587826573823,25.7611472578112,25.7099776754511,25.7713781252015,25.6587826573823,25.5870668306474,25.7713781252015,25.7253312192514,25.8327420103839,25.6639033048348,25.5460639041067,25.6126853634517,25.5921910475291,25.5409373888032,25.5358106179362,25.5050446238429,25.5768176311468,25.5665674104186,25.7355656438188,25.5511901638832,25.5050446238429,25.7662628184848,25.8787409664887,25.8020646344419,25.8787409664887,25.8787409664887,26.0217178117003,26.0115117451654,26.0472285660339,26.1339180390234,26.1390151558117,26.2103484178335,26.2001609640334,26.1390151558117,26.2154417684757,26.1848779015089,26.0829330403271,26.0523299608444,26.0727330210948,26.1899725066411,26.1288206708731,26.1695925799393,26.0880326723456,26.0523299608444,26.0625319946962
25.1093940990381,25.2740055641272,25.2431610348875,25.258584458684,25.1865886299367,25.1711543738743,24.9909160664447,24.8929393729232,24.8723007375455,24.7948687272058,24.9342041538485,24.9702971889533,25.0681998923707,25.0269891112523,24.9342041538485,25.1196900631945,25.0372933614365,25.1814441360816,25.0578987516956,25.2225928617629,25.2328774638867,25.4486163763711,25.5255563093646,25.4486163763711,25.3202549803643,25.3305297988212,25.1917328656758,25.2894243522202,25.2225928617629,25.1454254487159,25.2328774638867,25.1093940990381,24.9857617364743,25.0939482126385,25.1505717504272,25.0836496611589,24.9806071469274,25.3202549803643,25.2174501739369,25.1917328656758,25.2071640245704,25.1762993840732,25.2791454175921,25.1093940990381,25.0784999971428,25.2740055641272,25.3716187925976,25.3305297988212,25.3613480855689,25.4588783623232,25.4896581737131,25.4332214756594,25.4486163763711,25.5409373888032,25.5255563093646,25.5306835914689,25.5460639041067,25.5819423585322,25.5716926484544,25.602438715738,25.494787246305,25.4537474974415,25.6485405982759,25.5768176311468,25.4537474974415,25.6587826573823,25.4434849990752,25.5819423585322,25.5819423585322,25.5511901638832,25.6178083047144,25.5409373888032,25.6382975199907,25.6536617552083,25.5716926484544,25.4075581805922,25.6126853634517,25.4434849990752,25.4229569268991,25.4588783623232,25.5563161681696,25.4793992606996,25.5306835914689,25.5460639041067,25.5255563093646,25.5409373888032,25.4280893294658,25.4332214756594,25.4588783623232,25.4742694202044,25.2997022573604,25.3151171854302,25.3664835674914,25.4126913524992,25.4588783623232,25.3510763511273,25.2997022573604,25.4075581805922,25.3099791333095,25.3459400985342,25.2894243522202,25.2740055641272,25.3151171854302,25.3818884725093,25.494787246305,25.3818884725093,25.4588783623232,25.464008971053,25.4024247521646,25.4537474974415,25.5204287715866,25.6126853634517,25.5101729288625,25.602438715738,25.6126853634517,25.4999160630027,25.4691393236678,25.4486163763711,25.3716187925976,25.4178242679226,25.5153009780981,25.5614419170025,25.6331755985647,25.6075621671384,25.643419186549,25.6126853634517,25.5973150092137,25.6331755985647,25.7099776754511,25.5511901638832,25.6843833481574,25.4845288451903,25.5973150092137,25.5819423585322,25.5614419170025,25.5409373888032,25.5973150092137,25.5870668306474,25.5768176311468,25.5050446238429,25.494787246305,25.5204287715866,25.6741438357205,25.5563161681696,25.5563161681696,25.5614419170025,25.4588783623232,25.5204287715866,25.4691393236678,25.5101729288625,25.5614419170025,25.622930990963,25.4691393236678,25.4845288451903,25.464008971053,25.3664835674914,25.3716187925976,25.4793992606996,25.464008971053,25.4588783623232,25.4742694202044,25.4896581737131,25.5511901638832,25.5614419170025,25.4999160630027,25.5409373888032,25.494787246305,25.5460639041067,25.6178083047144,25.6075621671384,25.6126853634517,25.7099776754511,25.6895027225489,25.6741438357205,25.715095777693,25.7764931779977,25.6536617552083,25.6536617552083,25.7764931779977,25.6792637192269,25.7304485586408,25.6741438357205,25.643419186549,25.6997407078597,25.6536617552083,25.5153009780981,25.5768176311468,25.6792637192269,25.6946218424375,25.6587826573823,25.669023697602,25.8429657740965,25.8582995191601,25.7202136256143,25.8378540189647,25.8480772758155,25.7509153744483,25.8020646344419,25.7969508507036,25.8378540189647,25.6792637192269,25.6895027225489,25.6895027225489,25.643419186549,25.5973150092137,25.6639033048348,25.5768176311468,25.6843833481574,25.5511901638832,25.5153009780981,25.5768176311468,25.643419186549,25.5409373888032,25.5716926484544,25.5563161681696,25.622930990963,25.7253312192514,25.7713781252015,25.9400410144115,25.8378540189647,26.0115117451654,25.9451477081579,26.0370250204644,26.1288206708731,26.164496970573,26.1441120212736,26.149208635445,26.2307203157977,26.149208635445,26.164496970573,26.164496970573,26.164496970573,26.1848779015089,26.1848779015089,26.123723051325,26.149208635445,26.0217178117003,26.0931320526798,26.164496970573,26.0625319946962
25.4024247521646,25.1042457289643,25.2688654531791,25.0784999971428,25.0681998923707,25.258584458684,24.9393610812787,24.8826205758957,24.8051963851263,24.7793752829217,25.0063774992726,25.0012239478063,25.0630494515398,24.9702971889533,25.1299849929454,24.9754522977662,24.9806071469274,25.0372933614365,25.1917328656758,25.2020205629554,25.4075581805922,25.3408035889768,25.464008971053,25.5614419170025,25.494787246305,25.2894243522202,25.2534435750629,25.2431610348875,25.2071640245704,25.1711543738743,25.1196900631945,25.1608635787557,24.9960701368761,25.2277352917338,25.124837657352,25.1093940990381,25.1917328656758,25.1505717504272,25.1865886299367,25.1454254487159,25.1557177937613,25.1660091054476,25.1608635787557,25.2380193782588,25.1968768433364,25.2894243522202,25.258584458684,25.3613480855689,25.4229569268991,25.4075581805922,25.4434849990752,25.4486163763711,25.4793992606996,25.5101729288625,25.494787246305,25.6587826573823,25.5563161681696,25.622930990963,25.643419186549,25.6126853634517,25.4332214756594,25.4332214756594,25.494787246305,25.6382975199907,25.5614419170025,25.5768176311468,25.6485405982759,25.5819423585322,25.5819423585322,25.5460639041067,25.4999160630027,25.6126853634517,25.6331755985647,25.6178083047144,25.4793992606996,25.4486163763711,25.4280893294658,25.5511901638832,25.4024247521646,25.4691393236678,25.6280534222343,25.5306835914689,25.5460639041067,25.6075621671384,25.5716926484544,25.4537474974415,25.5409373888032,25.4332214756594,25.4434849990752,25.5101729288625,25.4280893294658,25.3356668224182,25.3408035889768,25.4999160630027,25.3818884725093,25.4742694202044,25.4486163763711,25.3767537609245,25.258584458684,25.3921571255997,25.2894243522202,25.3408035889768,25.3202549803643,25.2997022573604,25.4537474974415,25.464008971053,25.3562123467933,25.4691393236678,25.4486163763711,25.3767537609245,25.4793992606996,25.5153009780981,25.4178242679226,25.5101729288625,25.5460639041067,25.4486163763711,25.4588783623232,25.4126913524992,25.5511901638832,25.5204287715866,25.5563161681696,25.7099776754511,25.7304485586408,25.7099776754511,25.6587826573823,25.7713781252015,25.6331755985647,25.622930990963,25.622930990963,25.6126853634517,25.5460639041067,25.4999160630027,25.5973150092137,25.6536617552083,25.6178083047144,25.5819423585322,25.6382975199907,25.5409373888032,25.5921910475291,25.669023697602,25.5511901638832,25.494787246305,25.5768176311468,25.5101729288625,25.5614419170025,25.6126853634517,25.602438715738,25.4896581737131,25.5101729288625,25.5358106179362,25.5204287715866,25.4588783623232,25.5563161681696,25.4588783623232,25.5614419170025,25.4229569268991,25.4178242679226,25.4896581737131,25.4280893294658,25.4588783623232,25.494787246305,25.5409373888032,25.4845288451903,25.5460639041067,25.4588783623232,25.5665674104186,25.6178083047144,25.622930990963,25.5409373888032,25.6536617552083,25.6587826573823,25.7099776754511,25.6587826573823,25.6946218424375,25.6536617552083,25.6536617552083,25.7560314431445,25.7816079769097,25.7355656438188,25.7662628184848,25.6792637192269,25.7406824748218,25.6587826573823,25.5460639041067,25.6331755985647,25.5153009780981,25.5306835914689,25.6895027225489,25.715095777693,25.6792637192269,25.7406824748218,25.715095777693,25.8327420103839,25.7509153744483,25.868520749288,25.8531885241579,25.9400410144115,25.7918368132263,25.7253312192514,25.7713781252015,25.6639033048348,25.5870668306474,25.5921910475291,25.6075621671384,25.6587826573823,25.5973150092137,25.5614419170025,25.6280534222343,25.5306835914689,25.5614419170025,25.5460639041067,25.5819423585322,25.5563161681696,25.6741438357205,25.6485405982759,25.622930990963,25.6843833481574,25.6843833481574,25.7457990516862,25.9808874910754,26.0013046697413,25.9655719566022,26.1390151558117,26.1339180390234,26.1746879381935,26.2663614872578,26.1339180390234,26.0727330210948,26.2001609640334,26.2918119530995,26.164496970573,26.1848779015089,26.1543049983616,26.2256277174221,26.2765424246519,26.2816325177847,26.0676326338092,26.0574311037199,26.0676326338092,26.0727330210948
25.1093940990381,25.1762993840732,25.2071640245704,25.0681998923707,24.9599861922213,24.7638794888426,25.0475965748176,24.9445177487934,24.7845400253874,24.9960701368761,24.8568190268782,24.8826205758957,24.9909160664447,25.0887990663117,25.0939482126385,25.0836496611589,25.1093940990381,24.9238895190908,25.0475965748176,25.2380193782588,25.3562123467933,25.3510763511273,25.4588783623232,25.4126913524992,25.2791454175921,25.2483024338098,25.3151171854302,25.1454254487159,25.1454254487159,25.1145422104357,25.1145422104357,25.1814441360816,25.0115307913128,24.9754522977662,24.9857617364743,25.1557177937613,25.1608635787557,25.1299849929454,25.0681998923707,25.1557177937613,25.1557177937613,25.2791454175921,25.258584458684,25.1351320700124,25.1145422104357,25.2277352917338,25.2020205629554,25.2071640245704,25.5101729288625,25.5204287715866,25.4332214756594,25.5409373888032,25.4332214756594,25.5153009780981,25.6485405982759,25.6741438357205,25.6946218424375,25.4793992606996,25.4793992606996,25.4999160630027,25.4280893294658,25.5358106179362,25.4383533655169,25.5358106179362,25.464008971053,25.4793992606996,25.5153009780981,25.5101729288625,25.4742694202044,25.4332214756594,25.494787246305,25.5101729288625,25.5050446238429,25.5050446238429,25.5050446238429,25.5460639041067,25.3562123467933,25.5101729288625,25.3562123467933,25.3151171854302,25.5306835914689,25.6382975199907,25.5921910475291,25.5870668306474,25.5921910475291,25.4537474974415,25.4999160630027,25.4434849990752,25.5306835914689,25.5101729288625,25.4691393236678,25.3664835674914,25.3408035889768,25.3510763511273,25.2071640245704,25.3664835674914,25.3562123467933,25.3613480855689,25.3716187925976,25.3048408239653,25.2997022573604,25.1454254487159,25.2945634334578,25.3202549803643,25.4229569268991,25.2945634334578,25.4383533655169,25.4588783623232,25.4691393236678,25.4999160630027,25.464008971053,25.325392518149,25.4332214756594,25.5101729288625,25.5204287715866,25.5255563093646,25.4332214756594,25.4024247521646,25.5306835914689,25.5460639041067,25.5358106179362,25.602438715738,25.6536617552083,25.4896581737131,25.5716926484544,25.6280534222343,25.7048593188521,25.6639033048348,25.5921910475291,25.6382975199907,25.5460639041067,25.5050446238429,25.5255563093646,25.5153009780981,25.6485405982759,25.5563161681696,25.6587826573823,25.5358106179362,25.5870668306474,25.5306835914689,25.4999160630027,25.5614419170025,25.5973150092137,25.5614419170025,25.4075581805922,25.5255563093646,25.5768176311468,25.3510763511273,25.5255563093646,25.7662628184848,25.5768176311468,25.4896581737131,25.494787246305,25.4793992606996,25.4742694202044,25.4229569268991,25.4793992606996,25.4280893294658,25.494787246305,25.4280893294658,25.4896581737131,25.4896581737131,25.4537474974415,25.4691393236678,25.494787246305,25.4742694202044,25.4691393236678,25.5101729288625,25.5204287715866,25.6075621671384,25.622930990963,25.602438715738,25.5768176311468,25.464008971053,25.6792637192269,25.7048593188521,25.6741438357205,25.6280534222343,25.6485405982759,25.6741438357205,25.6741438357205,25.6741438357205,25.6536617552083,25.6126853634517,25.5306835914689,25.5153009780981,25.5921910475291,25.6075621671384,25.6382975199907,25.7048593188521,25.7457990516862,25.7918368132263,25.7202136256143,25.715095777693,25.7662628184848,25.7406824748218,25.7764931779977,25.6997407078597,25.7611472578112,25.8327420103839,25.8889601710514,25.6843833481574,25.602438715738,25.6639033048348,25.5614419170025,25.6741438357205,25.5665674104186,25.643419186549,25.5870668306474,25.6178083047144,25.5665674104186,25.5563161681696,25.5614419170025,25.5409373888032,25.5973150092137,25.4691393236678,25.7355656438188,25.6895027225489,25.7406824748218,25.9298268687038,25.9451477081579,26.0574311037199,26.2510882028124,26.123723051325,26.2561795481222,26.2256277174221,26.2612706429254,26.2052548163647,26.2052548163647,26.2409047605314,26.2510882028124,26.164496970573,26.159401110059,26.1390151558117,26.2103484178335,26.2205348683267,26.2307203157977,26.0472285660339,26.0676326338092,26.0115117451654
25.1145422104357,25.2791454175921,25.1608635787557,25.0475965748176,25.0012239478063,24.9393610812787,25.0475965748176,24.9496741564303,25.1660091054476,24.9393610812787,24.8464965838976,25.0012239478063,25.0012239478063,24.9754522977662,24.9806071469274,25.0424450977087,24.954830304227,24.9909160664447,25.0372933614365,25.0939482126385,25.2277352917338,25.2894243522202,25.3356668224182,25.4793992606996,25.2380193782588,25.2637250847104,25.2534435750629,25.124837657352,25.2328774638867,25.1042457289643,25.2483024338098,25.2071640245704,25.1917328656758,25.1196900631945,25.1351320700124,25.14027888859,25.0578987516956,25.124837657352,25.0939482126385,25.1814441360816,25.0836496611589,25.0321413659635,25.2894243522202,25.0630494515398,25.1608635787557,25.1505717504272,25.1968768433364,25.2431610348875,25.5050446238429,25.4896581737131,25.5050446238429,25.5050446238429,25.4845288451903,25.643419186549,25.494787246305,25.5306835914689,25.6485405982759,25.6280534222343,25.5614419170025,25.4691393236678,25.4024247521646,25.5153009780981,25.4999160630027,25.4486163763711,25.4999160630027,25.4793992606996,25.5768176311468,25.494787246305,25.5870668306474,25.5204287715866,25.4537474974415,25.494787246305,25.494787246305,25.5563161681696,25.464008971053,25.4691393236678,25.4486163763711,25.5460639041067,25.4024247521646,25.4075581805922,25.6075621671384,25.6126853634517,25.5973150092137,25.6126853634517,25.5460639041067,25.4383533655169,25.4383533655169,25.5511901638832,25.5511901638832,25.5409373888032,25.4691393236678,25.5204287715866,25.3459400985342,25.2123072282184,25.3459400985342,25.4024247521646,25.4126913524992,25.4229569268991,25.3716187925976,25.3562123467933,25.3818884725093,25.2842850136107,25.325392518149,25.3870229273887,25.4486163763711,25.4126913524992,25.3921571255997,25.4588783623232,25.3664835674914,25.4075581805922,25.464008971053,25.5409373888032,25.6178083047144,25.4486163763711,25.4434849990752,25.5768176311468,25.464008971053,25.5409373888032,25.6895027225489,25.6639033048348,25.6178083047144,25.6741438357205,25.5460639041067,25.5511901638832,25.5870668306474,25.5614419170025,25.6126853634517,25.4793992606996,25.6382975199907,25.5050446238429,25.5255563093646,25.4742694202044,25.5306835914689,25.5563161681696,25.6536617552083,25.5614419170025,25.6536617552083,25.5255563093646,25.5101729288625,25.5921910475291,25.5716926484544,25.5768176311468,25.4229569268991,25.6280534222343,25.5358106179362,25.622930990963,25.5358106179362,25.6280534222343,25.4999160630027,25.4999160630027,25.4742694202044,25.4845288451903,25.5665674104186,25.3510763511273,25.494787246305,25.4845288451903,25.4332214756594,25.4332214756594,25.5101729288625,25.4332214756594,25.4332214756594,25.5255563093646,25.4588783623232,25.464008971053,25.4793992606996,25.4332214756594,25.4793992606996,25.5050446238429,25.5665674104186,25.6280534222343,25.7457990516862,25.715095777693,25.494787246305,25.7099776754511,25.6075621671384,25.6280534222343,25.6331755985647,25.6382975199907,25.715095777693,25.669023697602,25.622930990963,25.7202136256143,25.643419186549,25.5973150092137,25.6843833481574,25.5358106179362,25.5358106179362,25.602438715738,25.7253312192514,25.6895027225489,25.7099776754511,25.7764931779977,25.7457990516862,25.7713781252015,25.7355656438188,25.868520749288,25.7509153744483,25.6997407078597,25.5665674104186,25.7253312192514,25.6997407078597,25.6946218424375,25.5614419170025,25.6331755985647,25.6536617552083,25.5819423585322,25.5511901638832,25.5819423585322,25.5973150092137,25.5101729288625,25.6280534222343,25.7457990516862,25.5921910475291,25.5460639041067,25.494787246305,25.6587826573823,25.6331755985647,25.7509153744483,25.7560314431445,25.9145037540644,25.7969508507036,26.1288206708731,26.123723051325,26.0829330403271,26.2154417684757,26.2561795481222,26.1339180390234,26.0676326338092,26.1390151558117,26.2459966069607,26.1695925799393,26.1339180390234,26.159401110059,26.164496970573,26.1441120212736,26.1950668608041,26.1848779015089,26.0268204667242,26.0217178117003,26.0115117451654
25.4280893294658,25.1145422104357,25.1865886299367,24.9960701368761,25.1557177937613,25.1660091054476,25.0372933614365,25.0424450977087,25.0372933614365,25.0166838239645,25.0166838239645,24.9857617364743,24.8000326866343,24.8671404277798,25.0475965748176,25.0012239478063,24.7793752829217,25.0218365972651,25.1814441360816,25.1557177937613,25.3408035889768,25.3048408239653,25.2791454175921,25.3202549803643,25.2688654531791,25.3870229273887,25.1865886299367,25.1711543738743,25.0887990663117,25.1351320700124,25.2740055641272,25.1814441360816,25.1505717504272,25.1711543738743,25.1660091054476,25.1196900631945,25.1454254487159,25.1351320700124,25.2997022573604,25.1042457289643,25.1814441360816,25.0990971001769,25.2071640245704,25.2688654531791,25.3099791333095,25.1762993840732,25.2842850136107,25.258584458684,25.5306835914689,25.5204287715866,25.4486163763711,25.4229569268991,25.5511901638832,25.4896581737131,25.602438715738,25.6280534222343,25.4999160630027,25.5819423585322,25.5409373888032,25.4588783623232,25.4537474974415,25.4434849990752,25.4999160630027,25.5716926484544,25.6946218424375,25.5768176311468,25.5511901638832,25.6126853634517,25.6075621671384,25.5204287715866,25.5819423585322,25.5153009780981,25.4999160630027,25.5204287715866,25.5204287715866,25.5204287715866,25.5665674104186,25.4588783623232,25.4537474974415,25.4588783623232,25.5665674104186,25.6280534222343,25.5768176311468,25.7304485586408,25.6331755985647,25.6485405982759,25.4742694202044,25.5563161681696,25.5460639041067,25.494787246305,25.4793992606996,25.5409373888032,25.4742694202044,25.3818884725093,25.3664835674914,25.5050446238429,25.4075581805922,25.4178242679226,25.3459400985342,25.4845288451903,25.3048408239653,25.4280893294658,25.4126913524992,25.3972910671794,25.2842850136107,25.4434849990752,25.4793992606996,25.3921571255997,25.4434849990752,25.4537474974415,25.622930990963,25.5306835914689,25.4383533655169,25.4588783623232,25.3767537609245,25.5460639041067,25.494787246305,25.6946218424375,25.5973150092137,25.5870668306474,25.5665674104186,25.5409373888032,25.5409373888032,25.4793992606996,25.669023697602,25.6382975199907,25.4896581737131,25.5614419170025,25.5101729288625,25.6485405982759,25.4896581737131,25.5153009780981,25.5921910475291,25.494787246305,25.5819423585322,25.643419186549,25.6331755985647,25.669023697602,25.669023697602,25.6536617552083,25.6126853634517,25.5768176311468,25.6178083047144,25.5358106179362,25.5409373888032,25.5870668306474,25.5563161681696,25.5460639041067,25.5614419170025,25.5563161681696,25.5204287715866,25.4999160630027,25.5101729288625,25.494787246305,25.4999160630027,25.4896581737131,25.5101729288625,25.5563161681696,25.4793992606996,25.3099791333095,25.4845288451903,25.4896581737131,25.3202549803643,25.669023697602,25.4896581737131,25.622930990963,25.4896581737131,25.6178083047144,25.6126853634517,25.6587826573823,25.6639033048348,25.669023697602,25.643419186549,25.6895027225489,25.7099776754511,25.6178083047144,25.7764931779977,25.6587826573823,25.6741438357205,25.669023697602,25.669023697602,25.7867225219738,25.6536617552083,25.6587826573823,25.6946218424375,25.5921910475291,25.6741438357205,25.669023697602,25.6895027225489,25.7099776754511,25.7355656438188,25.8889601710514,25.7764931779977,25.7764931779977,25.8889601710514,25.715095777693,25.8480772758155,25.7713781252015,25.8276297483179,25.7355656438188,25.5921910475291,25.7253312192514,25.7253312192514,25.5716926484544,25.6536617552083,25.3818884725093,25.6331755985647,25.5921910475291,25.5306835914689,25.5665674104186,25.5716926484544,25.5563161681696,25.5409373888032,25.5614419170025,25.5716926484544,25.5255563093646,25.5973150092137,25.6895027225489,25.7304485586408,25.863410260858,25.868520749288,25.9349340679388,26.1441120212736,26.2612706429254,26.2256277174221,26.2205348683267,26.2510882028124,26.2052548163647,26.3121678209195,26.1950668608041,26.2358126634888,26.3274320954437,26.2205348683267,26.0676326338092,26.1848779015089,26.0523299608444,26.123723051325,26.1390151558117,26.1746879381935,26.1033300584395
25.3099791333095,25.3048408239653,25.0939482126385,25.0990971001769,25.2791454175921,25.1505717504272,25.1299849929454,25.0578987516956,25.0166838239645,25.0939482126385,25.124837657352,25.0166838239645,25.0527477928007,24.918731811688,24.9496741564303,25.0475965748176,25.0475965748176,24.9909160664447,25.1145422104357,25.2842850136107,25.2842850136107,25.2945634334578,25.4588783623232,25.2431610348875,25.2277352917338,25.1814441360816,25.1608635787557,25.1608635787557,25.1814441360816,25.1711543738743,25.1711543738743,25.1917328656758,25.1608635787557,25.1608635787557,24.9806071469274,25.1505717504272,25.1196900631945,25.1917328656758,25.2020205629554,25.2020205629554,25.2020205629554,25.0733500742259,25.1351320700124,25.2483024338098,25.1608635787557,25.1351320700124,25.2020205629554,25.4845288451903,25.3202549803643,25.3151171854302,25.3099791333095,25.4024247521646,25.5921910475291,25.6178083047144,25.5716926484544,25.6946218424375,25.602438715738,25.5101729288625,25.4537474974415,25.4178242679226,25.494787246305,25.5614419170025,25.5153009780981,25.5614419170025,25.5665674104186,25.5563161681696,25.5716926484544,25.5768176311468,25.622930990963,25.5101729288625,25.5460639041067,25.5306835914689,25.5614419170025,25.5460639041067,25.5204287715866,25.4742694202044,25.5306835914689,25.4691393236678,25.5716926484544,25.5768176311468,25.4999160630027,25.5716926484544,25.5921910475291,25.5614419170025,25.6485405982759,25.5716926484544,25.5614419170025,25.4486163763711,25.5050446238429,25.5153009780981,25.4742694202044,25.4588783623232,25.4075581805922,25.4999160630027,25.3767537609245,25.3972910671794,25.494787246305,25.3818884725093,25.4178242679226,25.4280893294658,25.3972910671794,25.4332214756594,25.4793992606996,25.4178242679226,25.3202549803643,25.4691393236678,25.4126913524992,25.3921571255997,25.4537474974415,25.4588783623232,25.4588783623232,25.4537474974415,25.5460639041067,25.5973150092137,25.464008971053,25.4537474974415,25.6280534222343,25.5921910475291,25.6126853634517,25.5819423585322,25.6382975199907,25.5460639041067,25.5306835914689,25.5870668306474,25.5614419170025,25.602438715738,25.622930990963,25.5973150092137,25.4075581805922,25.4999160630027,25.494787246305,25.464008971053,25.6331755985647,25.5716926484544,25.6280534222343,25.5819423585322,25.5563161681696,25.5768176311468,25.6741438357205,25.6485405982759,25.6946218424375,25.5460639041067,25.5358106179362,25.622930990963,25.5973150092137,25.6126853634517,25.5255563093646,25.5870668306474,25.4486163763711,25.5819423585322,25.4999160630027,25.6331755985647,25.4896581737131,25.4742694202044,25.5204287715866,25.4742694202044,25.4383533655169,25.4178242679226,25.4126913524992,25.4229569268991,25.4383533655169,25.4742694202044,25.4126913524992,25.4332214756594,25.4280893294658,25.6075621671384,25.5921910475291,25.6178083047144,25.622930990963,25.7253312192514,25.7662628184848,25.7560314431445,25.6075621671384,25.669023697602,25.715095777693,25.7253312192514,25.6280534222343,25.5973150092137,25.669023697602,25.7662628184848,25.6639033048348,25.7713781252015,25.6895027225489,25.6792637192269,25.622930990963,25.6895027225489,25.6382975199907,25.6485405982759,25.7099776754511,25.7713781252015,25.7713781252015,25.8020646344419,25.8991783632653,25.8020646344419,25.7099776754511,25.9757825654037,25.8378540189647,25.7560314431445,25.8276297483179,25.715095777693,25.7202136256143,25.7713781252015,25.6946218424375,25.7202136256143,25.5768176311468,25.6126853634517,25.5563161681696,25.5819423585322,25.643419186549,25.6126853634517,25.5768176311468,25.602438715738,25.5870668306474,25.5716926484544,25.5870668306474,25.5870668306474,25.5050446238429,25.5563161681696,25.7457990516862,25.7816079769097,26.0115117451654,26.123723051325,26.0982311813659,25.9655719566022,26.1288206708731,26.1135270578924,26.1084286839364,26.1543049983616,26.1950668608041,26.1746879381935,26.2154417684757,26.1746879381935,26.1543049983616,26.2307203157977,26.0625319946962,26.3121678209195,26.0829330403271,26.0319228696336,25.9604662734002,26.0574311037199
25.0321413659635,25.1608635787557,25.0578987516956,25.0836496611589,25.1660091054476,25.1762993840732,25.0527477928007,25.0372933614365,25.14027888859,25.1660091054476,25.0424450977087,25.0218365972651,25.0063774992726,24.8103598227198,25.0063774992726,25.0681998923707,24.9857617364743,24.9909160664447,25.1557177937613,25.2997022573604,25.4280893294658,25.4126913524992,25.4280893294658,25.3664835674914,25.2842850136107,25.2894243522202,25.14027888859,25.1711543738743,25.1454254487159,25.1711543738743,25.1299849929454,25.1814441360816,25.1351320700124,25.1093940990381,25.1042457289643,24.9599861922213,24.9960701368761,25.1814441360816,25.1968768433364,25.2174501739369,25.1968768433364,25.0475965748176,25.1299849929454,25.2071640245704,25.1299849929454,25.2997022573604,25.2688654531791,25.2688654531791,25.258584458684,25.2637250847104,25.2637250847104,25.4486163763711,25.3921571255997,25.5050446238429,25.5665674104186,25.5819423585322,25.5050446238429,25.5563161681696,25.4845288451903,25.4229569268991,25.4845288451903,25.5101729288625,25.4999160630027,25.5460639041067,25.5153009780981,25.5819423585322,25.5768176311468,25.5563161681696,25.5255563093646,25.5101729288625,25.5665674104186,25.602438715738,25.5665674104186,25.4332214756594,25.4126913524992,25.5460639041067,25.4024247521646,25.4229569268991,25.5050446238429,25.4742694202044,25.4896581737131,25.494787246305,25.5511901638832,25.5768176311468,25.5460639041067,25.5153009780981,25.5409373888032,25.4280893294658,25.5306835914689,25.464008971053,25.4691393236678,25.5358106179362,25.4896581737131,25.4383533655169,25.3716187925976,25.4537474974415,25.3921571255997,25.4126913524992,25.4845288451903,25.4178242679226,25.5358106179362,25.4229569268991,25.4793992606996,25.4280893294658,25.3972910671794,25.4332214756594,25.3202549803643,25.4024247521646,25.4434849990752,25.4229569268991,25.4075581805922,25.4383533655169,25.4742694202044,25.4999160630027,25.5819423585322,25.4691393236678,25.464008971053,25.602438715738,25.6178083047144,25.5204287715866,25.5306835914689,25.5101729288625,25.4691393236678,25.4024247521646,25.4742694202044,25.5358106179362,25.5665674104186,25.4280893294658,25.4793992606996,25.464008971053,25.4742694202044,25.4229569268991,25.4383533655169,25.5819423585322,25.6075621671384,25.5255563093646,25.5614419170025,25.6741438357205,25.6639033048348,25.6126853634517,25.5511901638832,25.6485405982759,25.5614419170025,25.5255563093646,25.6075621671384,25.5921910475291,25.5204287715866,25.5204287715866,25.5306835914689,25.5665674104186,25.5358106179362,25.5409373888032,25.6075621671384,25.5306835914689,25.464008971053,25.4793992606996,25.5050446238429,25.3818884725093,25.3716187925976,25.4588783623232,25.4793992606996,25.5204287715866,25.4126913524992,25.494787246305,25.5204287715866,25.5050446238429,25.6075621671384,25.5870668306474,25.6331755985647,25.6178083047144,25.622930990963,25.7355656438188,25.7457990516862,25.7764931779977,25.6792637192269,25.7099776754511,25.6895027225489,25.669023697602,25.7202136256143,25.6946218424375,25.7662628184848,25.7764931779977,25.7969508507036,25.7816079769097,25.602438715738,25.602438715738,25.6895027225489,25.6895027225489,25.8429657740965,25.6946218424375,25.8225172327306,25.7406824748218,25.7406824748218,25.8787409664887,25.7969508507036,25.8071781644774,25.8429657740965,25.7304485586408,25.7355656438188,25.7304485586408,25.7560314431445,25.7253312192514,25.7560314431445,25.669023697602,25.6536617552083,25.5768176311468,25.5973150092137,25.5819423585322,25.5768176311468,25.5768176311468,25.5409373888032,25.6382975199907,25.4691393236678,25.4793992606996,25.5665674104186,25.6485405982759,25.6741438357205,25.622930990963,25.7662628184848,25.863410260858,25.7457990516862,26.0370250204644,26.0370250204644,26.1186251803434,26.123723051325,26.0472285660339,26.0625319946962,26.1848779015089,26.1746879381935,26.164496970573,26.3121678209195,26.1797830453715,26.0523299608444,26.1186251803434,26.164496970573,26.1033300584395,26.1797830453715,26.123723051325,26.0931320526798,26.1135270578924
24.9651418204509,25.0836496611589,25.0836496611589,25.0630494515398,24.9857617364743,25.0784999971428,25.2174501739369,25.0269891112523,25.1196900631945,25.0939482126385,25.0990971001769,25.0939482126385,25.0218365972651,24.8051963851263,24.8000326866343,24.9445177487934,24.9857617364743,24.9806071469274,25.1145422104357,25.2483024338098,25.2894243522202,25.2483024338098,25.3921571255997,25.2894243522202,25.2740055641272,25.1351320700124,25.0218365972651,25.14027888859,25.1608635787557,25.1299849929454,25.1042457289643,25.0578987516956,25.0321413659635,24.9960701368761,25.1145422104357,25.1196900631945,25.1505717504272,25.0218365972651,25.1505717504272,25.1660091054476,25.1968768433364,25.2020205629554,25.1351320700124,25.124837657352,25.3562123467933,25.2945634334578,25.3356668224182,25.2894243522202,25.2740055641272,25.2637250847104,25.3921571255997,25.3562123467933,25.4999160630027,25.4896581737131,25.494787246305,25.5306835914689,25.602438715738,25.602438715738,25.4280893294658,25.4742694202044,25.4280893294658,25.5255563093646,25.5306835914689,25.5101729288625,25.6536617552083,25.5153009780981,25.5870668306474,25.5306835914689,25.5409373888032,25.5614419170025,25.5614419170025,25.4486163763711,25.5614419170025,25.4588783623232,25.4126913524992,25.3048408239653,25.4896581737131,25.3613480855689,25.5921910475291,25.4999160630027,25.5204287715866,25.6280534222343,25.5768176311468,25.4793992606996,25.5921910475291,25.5973150092137,25.5409373888032,25.5050446238429,25.6536617552083,25.6178083047144,25.4383533655169,25.5358106179362,25.5511901638832,25.5050446238429,25.3818884725093,25.3972910671794,25.4691393236678,25.4537474974415,25.4691393236678,25.3870229273887,25.4332214756594,25.4896581737131,25.3767537609245,25.3818884725093,25.4793992606996,25.4332214756594,25.4486163763711,25.4742694202044,25.4229569268991,25.3099791333095,25.4486163763711,25.5050446238429,25.4742694202044,25.4742694202044,25.4742694202044,25.5716926484544,25.4691393236678,25.5563161681696,25.4742694202044,25.5409373888032,25.5460639041067,25.3921571255997,25.4793992606996,25.3818884725093,25.494787246305,25.5563161681696,25.3716187925976,25.4896581737131,25.3972910671794,25.3099791333095,25.4229569268991,25.4845288451903,25.4793992606996,25.4383533655169,25.5460639041067,25.602438715738,25.6485405982759,25.6536617552083,25.7048593188521,25.6382975199907,25.643419186549,25.5101729288625,25.622930990963,25.6075621671384,25.5973150092137,25.6126853634517,25.6126853634517,25.6587826573823,25.602438715738,25.5665674104186,25.494787246305,25.6280534222343,25.5614419170025,25.6331755985647,25.464008971053,25.5511901638832,25.3767537609245,25.3870229273887,25.4845288451903,25.4691393236678,25.4486163763711,25.4024247521646,25.464008971053,25.4486163763711,25.6792637192269,25.5153009780981,25.5306835914689,25.5460639041067,25.6126853634517,25.6843833481574,25.7662628184848,25.7099776754511,25.6997407078597,25.6792637192269,25.7048593188521,25.7867225219738,25.8582995191601,25.6946218424375,25.7304485586408,25.8276297483179,25.7611472578112,25.669023697602,25.7764931779977,25.8225172327306,25.7969508507036,25.6382975199907,25.7816079769097,25.6843833481574,25.7816079769097,25.7918368132263,25.7867225219738,25.7509153744483,25.7406824748218,25.7662628184848,25.8582995191601,25.8889601710514,25.7560314431445,25.7560314431445,25.7202136256143,25.8327420103839,25.7611472578112,25.7406824748218,25.6946218424375,25.6946218424375,25.715095777693,25.7048593188521,25.6639033048348,25.6639033048348,25.5665674104186,25.5306835914689,25.6075621671384,25.622930990963,25.4537474974415,25.5153009780981,25.5921910475291,25.602438715738,25.5153009780981,25.5870668306474,25.622930990963,25.8787409664887,25.8736309844862,25.868520749288,26.0880326723456,26.0217178117003,26.1288206708731,26.0217178117003,26.1339180390234,26.0982311813659,26.2256277174221,26.3121678209195,26.1695925799393,26.3019903873831,26.0931320526798,26.2510882028124,26.1339180390234,26.2409047605314,26.2714520811547,26.159401110059,26.2307203157977,26.0931320526798
25.0269891112523,25.0733500742259,25.0527477928007,25.0475965748176,25.1351320700124,25.1865886299367,25.0372933614365,25.2020205629554,25.1814441360816,25.1351320700124,25.0527477928007,25.0939482126385,25.0166838239645,24.9599861922213,24.8051963851263,24.8877801045559,24.9754522977662,25.0784999971428,25.2071640245704,25.2945634334578,25.3510763511273,25.2842850136107,25.4126913524992,25.3767537609245,25.2483024338098,25.1299849929454,25.0166838239645,25.1762993840732,25.1454254487159,25.1145422104357,25.0475965748176,25.0424450977087,25.0424450977087,25.1042457289643,24.9702971889533,25.0321413659635,25.0990971001769,25.124837657352,25.1762993840732,25.1762993840732,25.2431610348875,25.2020205629554,25.1299849929454,25.1299849929454,25.2071640245704,25.2071640245704,25.2534435750629,25.2688654531791,25.2483024338098,25.2945634334578,25.3870229273887,25.4793992606996,25.602438715738,25.5870668306474,25.5050446238429,25.4793992606996,25.5768176311468,25.5716926484544,25.5050446238429,25.4896581737131,25.5050446238429,25.4999160630027,25.4588783623232,25.4896581737131,25.4486163763711,25.5563161681696,25.4793992606996,25.5050446238429,25.4537474974415,25.494787246305,25.4588783623232,25.6178083047144,25.4332214756594,25.3151171854302,25.4024247521646,25.3562123467933,25.3099791333095,25.4280893294658,25.5460639041067,25.5973150092137,25.4999160630027,25.4845288451903,25.5153009780981,25.464008971053,25.622930990963,25.4845288451903,25.494787246305,25.4896581737131,25.5101729288625,25.6382975199907,25.5409373888032,25.5409373888032,25.4126913524992,25.325392518149,25.3767537609245,25.3921571255997,25.464008971053,25.3356668224182,25.5358106179362,25.3459400985342,25.4845288451903,25.5050446238429,25.4742694202044,25.4845288451903,25.4999160630027,25.4793992606996,25.2945634334578,25.4383533655169,25.4280893294658,25.5101729288625,25.4126913524992,25.5563161681696,25.5255563093646,25.5255563093646,25.4486163763711,25.4742694202044,25.5511901638832,25.4588783623232,25.5050446238429,25.4229569268991,25.4383533655169,25.4742694202044,25.4178242679226,25.4793992606996,25.5409373888032,25.4178242679226,25.4075581805922,25.4383533655169,25.2688654531791,25.2380193782588,25.3921571255997,25.3202549803643,25.3818884725093,25.4486163763711,25.6126853634517,25.4999160630027,25.5255563093646,25.6382975199907,25.6178083047144,25.5614419170025,25.5409373888032,25.643419186549,25.6331755985647,25.6075621671384,25.5819423585322,25.5870668306474,25.5819423585322,25.5716926484544,25.643419186549,25.5614419170025,25.6331755985647,25.4845288451903,25.5460639041067,25.7202136256143,25.5921910475291,25.5204287715866,25.6792637192269,25.5358106179362,25.4742694202044,25.4742694202044,25.3716187925976,25.4742694202044,25.5614419170025,25.5819423585322,25.6331755985647,25.5614419170025,25.5716926484544,25.602438715738,25.715095777693,25.6382975199907,25.8276297483179,25.7713781252015,25.6946218424375,25.6843833481574,25.7662628184848,25.8378540189647,25.7304485586408,25.7304485586408,25.8940693936838,25.8276297483179,25.8020646344419,25.7969508507036,25.8020646344419,25.8480772758155,25.6536617552083,25.7406824748218,25.7611472578112,25.7099776754511,25.8378540189647,25.868520749288,25.8225172327306,25.8582995191601,25.7355656438188,25.7764931779977,25.8582995191601,25.8378540189647,25.8531885241579,25.8429657740965,25.7509153744483,25.8276297483179,25.7048593188521,25.9247194166704,25.7253312192514,25.7764931779977,25.7099776754511,25.6587826573823,25.5870668306474,25.6895027225489,25.5358106179362,25.669023697602,25.5819423585322,25.5306835914689,25.5973150092137,25.6331755985647,25.5921910475291,25.622930990963,25.4229569268991,25.5614419170025,25.6792637192269,25.6792637192269,25.8889601710514,25.9247194166704,26.1695925799393,26.1186251803434,26.159401110059,26.1899725066411,26.1441120212736,26.3121678209195,26.1441120212736,26.1339180390234,26.1746879381935,26.1084286839364,26.123723051325,26.1135270578924,26.2561795481222,26.1543049983616,26.0778331565889,26.2459966069607,26.0625319946962,26.123723051325
25.0218365972651,24.8464965838976,24.8516579356668,25.0218365972651,24.9909160664447,24.9238895190908,25.0218365972651,25.0063774992726,25.0887990663117,25.0269891112523,24.9342041538485,25.0630494515398,24.9960701368761,24.8310109648659,24.836173098535,24.9857617364743,25.0630494515398,24.9909160664447,25.1505717504272,25.3305297988212,25.258584458684,25.2791454175921,25.3972910671794,25.2894243522202,25.2842850136107,25.0218365972651,25.0990971001769,24.86197985757,24.918731811688,25.14027888859,25.1865886299367,25.3305297988212,25.1557177937613,25.0630494515398,25.0939482126385,25.0527477928007,25.0012239478063,25.1814441360816,25.0836496611589,25.1968768433364,25.1196900631945,25.14027888859,25.1814441360816,25.2483024338098,25.1865886299367,25.2483024338098,25.1505717504272,25.1968768433364,25.2123072282184,25.258584458684,25.2483024338098,25.2534435750629,25.4075581805922,25.3972910671794,25.3767537609245,25.5204287715866,25.464008971053,25.5665674104186,25.494787246305,25.5204287715866,25.4999160630027,25.4537474974415,25.5665674104186,25.4588783623232,25.4280893294658,25.5870668306474,25.4742694202044,25.4280893294658,25.4691393236678,25.5768176311468,25.6075621671384,25.5563161681696,25.4845288451903,25.5563161681696,25.4845288451903,25.4691393236678,25.3972910671794,25.3921571255997,25.5255563093646,25.5460639041067,25.6382975199907,25.4896581737131,25.5050446238429,25.4896581737131,25.5921910475291,25.5358106179362,25.4793992606996,25.4588783623232,25.3716187925976,25.5511901638832,25.4742694202044,25.4383533655169,25.4178242679226,25.4280893294658,25.3972910671794,25.4383533655169,25.4332214756594,25.3921571255997,25.3408035889768,25.4178242679226,25.4486163763711,25.4075581805922,25.4537474974415,25.5153009780981,25.4845288451903,25.4691393236678,25.464008971053,25.3099791333095,25.4793992606996,25.4280893294658,25.5921910475291,25.5204287715866,25.5306835914689,25.4793992606996,25.5870668306474,25.3305297988212,25.464008971053,25.5050446238429,25.4383533655169,25.5255563093646,25.602438715738,25.6280534222343,25.5511901638832,25.4588783623232,25.2997022573604,25.3921571255997,25.3921571255997,25.2945634334578,25.3716187925976,25.3664835674914,25.3562123467933,25.2380193782588,25.3562123467933,25.5255563093646,25.5153009780981,25.643419186549,25.5716926484544,25.622930990963,25.5870668306474,25.602438715738,25.5973150092137,25.5153009780981,25.6382975199907,25.6792637192269,25.5870668306474,25.6792637192269,25.5358106179362,25.6997407078597,25.6382975199907,25.4537474974415,25.5563161681696,25.5101729288625,25.4845288451903,25.5153009780981,25.4793992606996,25.5306835914689,25.5409373888032,25.5255563093646,25.3972910671794,25.5819423585322,25.6178083047144,25.4896581737131,25.5870668306474,25.5768176311468,25.5768176311468,25.5306835914689,25.602438715738,25.6280534222343,25.4896581737131,25.5255563093646,25.643419186549,25.6536617552083,25.622930990963,25.6382975199907,25.7457990516862,25.7406824748218,25.7253312192514,25.7304485586408,25.669023697602,25.8327420103839,25.8071781644774,25.7918368132263,25.8378540189647,25.8174044635856,25.5614419170025,25.715095777693,25.6178083047144,25.8838506953317,25.7406824748218,25.7764931779977,25.8429657740965,25.8071781644774,25.8582995191601,25.8071781644774,25.8480772758155,25.8531885241579,25.7406824748218,25.7406824748218,25.7457990516862,25.7509153744483,25.8020646344419,25.7969508507036,25.7355656438188,25.7202136256143,25.669023697602,25.6741438357205,25.5973150092137,25.5921910475291,25.4999160630027,25.5204287715866,25.6946218424375,25.4588783623232,25.5768176311468,25.6075621671384,25.5819423585322,25.5870668306474,25.4178242679226,25.6075621671384,25.7048593188521,25.5768176311468,25.7509153744483,25.8531885241579,25.9910965851406,26.0421269192526,26.159401110059,26.1390151558117,26.1746879381935,26.149208635445,26.1543049983616,26.164496970573,26.159401110059,26.2612706429254,26.1848779015089,26.2256277174221,26.1135270578924,26.2103484178335,26.1339180390234,26.0829330403271,26.0064083335824,26.1899725066411
25.0166838239645,24.9651418204509,24.9393610812787,24.9084156166453,25.0527477928007,25.0836496611589,25.0218365972651,25.0166838239645,25.0218365972651,25.1093940990381,24.9393610812787,25.0527477928007,24.9445177487934,24.8671404277798,25.0424450977087,24.8980983810354,24.9651418204509,24.9651418204509,25.14027888859,25.2637250847104,25.3716187925976,25.3664835674914,25.3767537609245,25.2945634334578,25.0836496611589,25.0630494515398,25.1660091054476,25.0527477928007,25.0578987516956,25.0887990663117,25.1660091054476,25.1145422104357,25.0475965748176,25.2174501739369,25.0527477928007,24.9599861922213,25.0269891112523,25.14027888859,25.1299849929454,25.2225928617629,25.258584458684,25.0939482126385,25.1608635787557,25.1557177937613,25.1968768433364,25.1814441360816,24.9960701368761,25.1968768433364,25.2740055641272,25.2431610348875,25.4332214756594,25.3972910671794,25.3459400985342,25.3818884725093,25.4280893294658,25.4793992606996,25.4845288451903,25.4793992606996,25.5563161681696,25.464008971053,25.4691393236678,25.6280534222343,25.5460639041067,25.5665674104186,25.5204287715866,25.5870668306474,25.6485405982759,25.5101729288625,25.4280893294658,25.3921571255997,25.5870668306474,25.4742694202044,25.5050446238429,25.4383533655169,25.4486163763711,25.3921571255997,25.4332214756594,25.3767537609245,25.4793992606996,25.5614419170025,25.5204287715866,25.5101729288625,25.5050446238429,25.3921571255997,25.602438715738,25.5870668306474,25.5153009780981,25.5409373888032,25.5255563093646,25.5460639041067,25.4588783623232,25.5204287715866,25.4075581805922,25.5050446238429,25.4434849990752,25.3972910671794,25.3870229273887,25.5563161681696,25.3408035889768,25.3921571255997,25.3408035889768,25.4024247521646,25.5255563093646,25.5101729288625,25.4896581737131,25.494787246305,25.4588783623232,25.2534435750629,25.4280893294658,25.464008971053,25.5921910475291,25.5050446238429,25.5306835914689,25.5255563093646,25.5153009780981,25.4434849990752,25.464008971053,25.494787246305,25.464008971053,25.6741438357205,25.5153009780981,25.5870668306474,25.5614419170025,25.494787246305,25.464008971053,25.4691393236678,25.494787246305,25.2534435750629,25.3921571255997,25.3613480855689,25.2328774638867,25.2688654531791,25.5101729288625,25.4999160630027,25.5358106179362,25.5768176311468,25.5255563093646,25.6331755985647,25.5460639041067,25.6178083047144,25.6843833481574,25.7253312192514,25.5973150092137,25.6126853634517,25.602438715738,25.5921910475291,25.5255563093646,25.5101729288625,25.4486163763711,25.5255563093646,25.6946218424375,25.5050446238429,25.5204287715866,25.5306835914689,25.5101729288625,25.5870668306474,25.4845288451903,25.4793992606996,25.4537474974415,25.4742694202044,25.5409373888032,25.4280893294658,25.6075621671384,25.6331755985647,25.5870668306474,25.602438715738,25.5921910475291,25.5153009780981,25.5819423585322,25.6382975199907,25.6485405982759,25.7304485586408,25.6895027225489,25.8480772758155,25.8276297483179,25.8480772758155,25.643419186549,25.643419186549,25.6741438357205,25.7816079769097,25.7509153744483,25.7918368132263,25.6843833481574,25.8225172327306,25.6587826573823,25.622930990963,25.7355656438188,25.8582995191601,25.7713781252015,25.7867225219738,25.8327420103839,25.8582995191601,25.7969508507036,25.8276297483179,25.9757825654037,25.868520749288,25.7355656438188,25.8838506953317,25.7048593188521,25.715095777693,25.6536617552083,25.7662628184848,25.7406824748218,25.7764931779977,25.6331755985647,25.6639033048348,25.6997407078597,25.5819423585322,25.5409373888032,25.6741438357205,25.4793992606996,25.3356668224182,25.4896581737131,25.602438715738,25.4793992606996,25.5973150092137,25.5204287715866,25.5973150092137,25.6997407078597,25.7509153744483,25.7867225219738,25.7918368132263,25.9808874910754,26.0829330403271,26.0217178117003,26.1441120212736,26.2256277174221,26.1288206708731,26.0880326723456,26.0778331565889,26.2765424246519,26.2103484178335,26.1288206708731,26.1848779015089,26.2307203157977,26.123723051325,26.1848779015089,26.0829330403271,26.1186251803434,26.1135270578924
24.8516579356668,24.7638794888426,24.9393610812787,24.8568190268782,24.9342041538485,25.0012239478063,25.0166838239645,25.0166838239645,25.0733500742259,24.9135738442187,24.9032571289301,24.8258485704877,24.8310109648659,24.8980983810354,24.836173098535,24.9960701368761,24.8980983810354,25.1093940990381,25.1196900631945,25.2740055641272,25.3716187925976,25.3767537609245,25.3305297988212,25.3202549803643,25.1968768433364,25.2534435750629,25.0733500742259,25.0733500742259,24.8310109648659,25.0630494515398,25.124837657352,25.0321413659635,25.1505717504272,25.0681998923707,25.0836496611589,24.9702971889533,25.0115307913128,25.124837657352,25.1505717504272,25.0939482126385,25.1454254487159,25.0681998923707,25.0939482126385,25.0784999971428,25.1042457289643,25.1454254487159,25.1351320700124,24.9909160664447,25.1660091054476,25.2534435750629,25.4229569268991,25.3870229273887,25.4383533655169,25.4486163763711,25.3716187925976,25.4742694202044,25.4896581737131,25.4537474974415,25.4896581737131,25.5101729288625,25.4691393236678,25.5255563093646,25.5665674104186,25.5204287715866,25.4332214756594,25.3921571255997,25.5101729288625,25.4537474974415,25.2791454175921,25.3562123467933,25.464008971053,25.3972910671794,25.5101729288625,25.3510763511273,25.3716187925976,25.464008971053,25.3099791333095,25.464008971053,25.3818884725093,25.325392518149,25.4793992606996,25.4896581737131,25.3921571255997,25.4793992606996,25.5460639041067,25.5153009780981,25.4383533655169,25.5050446238429,25.5563161681696,25.5153009780981,25.4999160630027,25.4793992606996,25.4383533655169,25.4126913524992,25.5101729288625,25.3716187925976,25.4486163763711,25.4434849990752,25.3305297988212,25.325392518149,25.3870229273887,25.3972910671794,25.6075621671384,25.494787246305,25.3613480855689,25.4845288451903,25.3099791333095,25.3972910671794,25.3202549803643,25.4537474974415,25.4434849990752,25.4999160630027,25.4742694202044,25.5358106179362,25.3459400985342,25.464008971053,25.3972910671794,25.494787246305,25.4793992606996,25.4434849990752,25.5716926484544,25.4434849990752,25.4229569268991,25.4332214756594,25.5716926484544,25.5255563093646,25.3972910671794,25.3818884725093,25.3921571255997,25.2688654531791,25.2123072282184,25.2688654531791,25.5153009780981,25.4178242679226,25.4999160630027,25.5050446238429,25.6126853634517,25.643419186549,25.6587826573823,25.7560314431445,25.6382975199907,25.5973150092137,25.6331755985647,25.5973150092137,25.7048593188521,25.602438715738,25.5665674104186,25.5921910475291,25.6843833481574,25.5973150092137,25.5153009780981,25.5973150092137,25.622930990963,25.5716926484544,25.4588783623232,25.6382975199907,25.4434849990752,25.4845288451903,25.5921910475291,25.4691393236678,25.464008971053,25.602438715738,25.6075621671384,25.4486163763711,25.4486163763711,25.5870668306474,25.4537474974415,25.5921910475291,25.5921910475291,25.6331755985647,25.622930990963,25.6331755985647,25.6485405982759,25.6382975199907,25.7406824748218,25.8327420103839,25.715095777693,25.7713781252015,25.602438715738,25.7611472578112,25.7048593188521,25.7662628184848,25.8174044635856,25.6843833481574,25.8174044635856,25.6075621671384,25.7355656438188,25.7560314431445,25.7611472578112,25.7816079769097,25.8991783632653,25.8276297483179,25.9247194166704,25.8378540189647,25.8531885241579,25.8480772758155,25.9042870798318,25.8429657740965,25.7406824748218,25.863410260858,25.8582995191601,25.7048593188521,25.8071781644774,25.7304485586408,25.7253312192514,25.7304485586408,25.5973150092137,25.5870668306474,25.5716926484544,25.5768176311468,25.5921910475291,25.5255563093646,25.6075621671384,25.6126853634517,25.6126853634517,25.5614419170025,25.5255563093646,25.5870668306474,25.5921910475291,25.7509153744483,25.7406824748218,25.8429657740965,25.9706773872579,26.1186251803434,26.1441120212736,26.1084286839364,26.3426941198823,26.1695925799393,26.4189705242489,26.1950668608041,26.2103484178335,26.2765424246519,26.2256277174221,26.2256277174221,26.2103484178335,26.2765424246519,26.0880326723456,26.2714520811547,26.0319228696336,26.0880326723456
25.124837657352,24.9032571289301,25.0166838239645,24.9290469664651,24.8103598227198,24.8206859153626,25.0321413659635,25.0269891112523,25.0115307913128,24.86197985757,25.0475965748176,24.8000326866343,24.7690450146872,24.8980983810354,24.8206859153626,24.9238895190908,25.0630494515398,25.0887990663117,25.0939482126385,25.1762993840732,25.3664835674914,25.2945634334578,25.2894243522202,25.2174501739369,25.0115307913128,25.1557177937613,24.9909160664447,25.0887990663117,25.1299849929454,25.0990971001769,25.0424450977087,25.1299849929454,25.0733500742259,25.0630494515398,25.0681998923707,25.0784999971428,24.9754522977662,25.0578987516956,25.1351320700124,25.1042457289643,25.2328774638867,25.14027888859,25.0475965748176,25.0578987516956,25.1505717504272,25.1505717504272,25.0218365972651,25.1351320700124,25.1557177937613,25.2174501739369,25.2842850136107,25.3716187925976,25.4229569268991,25.5050446238429,25.3664835674914,25.3664835674914,25.4793992606996,25.5409373888032,25.4691393236678,25.4691393236678,25.5050446238429,25.5614419170025,25.5921910475291,25.5768176311468,25.5255563093646,25.5614419170025,25.4896581737131,25.5665674104186,25.3972910671794,25.4075581805922,25.3870229273887,25.3972910671794,25.4075581805922,25.3664835674914,25.3613480855689,25.3716187925976,25.3716187925976,25.3972910671794,25.2894243522202,25.3408035889768,25.4178242679226,25.4793992606996,25.4896581737131,25.5204287715866,25.4896581737131,25.4742694202044,25.4280893294658,25.5409373888032,25.4588783623232,25.464008971053,25.5204287715866,25.494787246305,25.3202549803643,25.4024247521646,25.4229569268991,25.4332214756594,25.3664835674914,25.3305297988212,25.4178242679226,25.2791454175921,25.4178242679226,25.4075581805922,25.5563161681696,25.4434849990752,25.3510763511273,25.3767537609245,25.3048408239653,25.3767537609245,25.3613480855689,25.3305297988212,25.3664835674914,25.5153009780981,25.5050446238429,25.4486163763711,25.3921571255997,25.4383533655169,25.4486163763711,25.325392518149,25.4588783623232,25.464008971053,25.5870668306474,25.5409373888032,25.5563161681696,25.5050446238429,25.5665674104186,25.3870229273887,25.5973150092137,25.3613480855689,25.3870229273887,25.2431610348875,25.1711543738743,25.3921571255997,25.5101729288625,25.3613480855689,25.4896581737131,25.5050446238429,25.494787246305,25.6741438357205,25.5563161681696,25.5921910475291,25.5768176311468,25.6997407078597,25.6075621671384,25.5768176311468,25.5409373888032,25.5306835914689,25.5409373888032,25.5716926484544,25.5153009780981,25.5153009780981,25.5306835914689,25.5921910475291,25.5716926484544,25.5409373888032,25.5153009780981,25.5306835914689,25.5204287715866,25.4793992606996,25.4126913524992,25.4486163763711,25.5460639041067,25.4486163763711,25.4434849990752,25.4486163763711,25.2637250847104,25.4691393236678,25.4383533655169,25.5921910475291,25.4793992606996,25.6280534222343,25.5511901638832,25.4896581737131,25.6126853634517,25.6639033048348,25.6485405982759,25.6741438357205,25.5819423585322,25.7611472578112,25.5768176311468,25.7764931779977,25.8582995191601,25.8020646344419,25.7713781252015,25.6843833481574,25.7662628184848,25.8174044635856,25.7253312192514,25.7918368132263,25.8429657740965,25.7816079769097,25.8071781644774,25.8225172327306,25.7764931779977,25.7969508507036,25.7918368132263,25.7457990516862,25.7662628184848,25.7355656438188,25.6485405982759,25.7099776754511,25.8582995191601,25.7202136256143,25.7099776754511,25.6792637192269,25.7457990516862,25.7202136256143,25.8020646344419,25.7509153744483,25.5870668306474,25.5460639041067,25.5665674104186,25.4742694202044,25.464008971053,25.4845288451903,25.4229569268991,25.4280893294658,25.5921910475291,25.5101729288625,25.715095777693,25.7253312192514,25.7406824748218,25.7867225219738,25.8378540189647,25.996200753606,26.0421269192526,26.1288206708731,26.0829330403271,26.0676326338092,26.1288206708731,26.2154417684757,26.2256277174221,26.2205348683267,26.2409047605314,26.2358126634888,26.159401110059,26.2409047605314,26.0931320526798,26.0982311813659,26.1288206708731,26.016614904526
25.0063774992726,24.8826205758957,24.8000326866343,24.9342041538485,24.8051963851263,24.9393610812787,24.9496741564303,25.0166838239645,25.1042457289643,24.9909160664447,24.86197985757,24.9909160664447,24.86197985757,24.7948687272058,24.7638794888426,24.9238895190908,24.9445177487934,25.0990971001769,25.1042457289643,25.1505717504272,25.3767537609245,25.3664835674914,25.3613480855689,25.2277352917338,25.1762993840732,25.0733500742259,25.0836496611589,25.0887990663117,25.1196900631945,25.0733500742259,25.0012239478063,25.0372933614365,25.1608635787557,25.0836496611589,24.9806071469274,25.0630494515398,25.0012239478063,25.0630494515398,25.0939482126385,25.1299849929454,25.1299849929454,25.0887990663117,24.9032571289301,24.9651418204509,25.0321413659635,25.0063774992726,25.1660091054476,25.1660091054476,25.2791454175921,25.2894243522202,25.2842850136107,25.3716187925976,25.4383533655169,25.3356668224182,25.3664835674914,25.4126913524992,25.3356668224182,25.5358106179362,25.5409373888032,25.4588783623232,25.4075581805922,25.4742694202044,25.5716926484544,25.6946218424375,25.6126853634517,25.602438715738,25.7509153744483,25.4896581737131,25.3716187925976,25.4024247521646,25.3613480855689,25.3613480855689,25.1660091054476,25.4075581805922,25.3151171854302,25.2688654531791,25.4588783623232,25.3972910671794,25.4999160630027,25.4793992606996,25.5306835914689,25.3408035889768,25.5050446238429,25.4896581737131,25.5204287715866,25.494787246305,25.4845288451903,25.5511901638832,25.5204287715866,25.5409373888032,25.4742694202044,25.4383533655169,25.4229569268991,25.3099791333095,25.4126913524992,25.3921571255997,25.4383533655169,25.3356668224182,25.2842850136107,25.2791454175921,25.4178242679226,25.4229569268991,25.2688654531791,25.4280893294658,25.4537474974415,25.3921571255997,25.3356668224182,25.3408035889768,25.4075581805922,25.4896581737131,25.3459400985342,25.5050446238429,25.5153009780981,25.4434849990752,25.4742694202044,25.3356668224182,25.3818884725093,25.4383533655169,25.3972910671794,25.5819423585322,25.5665674104186,25.4434849990752,25.4896581737131,25.5614419170025,25.4999160630027,25.3613480855689,25.3921571255997,25.3151171854302,25.1711543738743,25.1608635787557,25.2842850136107,25.2791454175921,25.2842850136107,25.2997022573604,25.4178242679226,25.494787246305,25.5101729288625,25.5614419170025,25.5255563093646,25.5101729288625,25.602438715738,25.6639033048348,25.5101729288625,25.5101729288625,25.5358106179362,25.6792637192269,25.5409373888032,25.5716926484544,25.5921910475291,25.5511901638832,25.4999160630027,25.5511901638832,25.3921571255997,25.5563161681696,25.4537474974415,25.5204287715866,25.3767537609245,25.494787246305,25.4999160630027,25.4434849990752,25.2277352917338,25.3767537609245,25.5153009780981,25.464008971053,25.3972910671794,25.4537474974415,25.464008971053,25.5973150092137,25.5050446238429,25.6280534222343,25.6331755985647,25.6178083047144,25.6331755985647,25.5819423585322,25.5921910475291,25.5921910475291,25.6792637192269,25.7048593188521,25.6997407078597,25.715095777693,25.7253312192514,25.6895027225489,25.6946218424375,25.7048593188521,25.6792637192269,25.6997407078597,25.5921910475291,25.8378540189647,25.6997407078597,25.7662628184848,25.8020646344419,25.7406824748218,25.7867225219738,25.7764931779977,25.8020646344419,25.9093955434194,25.622930990963,25.8020646344419,25.7560314431445,25.7406824748218,25.7099776754511,25.7304485586408,25.7713781252015,25.7560314431445,25.9145037540644,25.643419186549,25.7253312192514,25.8122914408466,25.7457990516862,25.5511901638832,25.4742694202044,25.5614419170025,25.5409373888032,25.5255563093646,25.5973150092137,25.3716187925976,25.643419186549,25.6485405982759,25.602438715738,25.7406824748218,25.6792637192269,25.8787409664887,25.8276297483179,25.9706773872579,26.1186251803434,26.1084286839364,26.1390151558117,26.1186251803434,26.2154417684757,26.0778331565889,26.1695925799393,26.2459966069607,26.0472285660339,26.2510882028124,26.1033300584395,26.2001609640334,26.0829330403271,26.123723051325,26.0370250204644,26.1186251803434
24.7432147730614,24.8980983810354,25.0939482126385,24.918731811688,24.9238895190908,25.0630494515398,24.8980983810354,24.9806071469274,25.0063774992726,24.8568190268782,24.8774607869049,24.8000326866343,24.9393610812787,24.8671404277798,24.8826205758957,24.8464965838976,25.0475965748176,25.0990971001769,25.1093940990381,25.3562123467933,25.3408035889768,25.3562123467933,25.3202549803643,25.2071640245704,25.2123072282184,25.1145422104357,25.0836496611589,25.124837657352,25.1042457289643,25.1917328656758,25.1608635787557,25.1505717504272,25.1093940990381,25.1145422104357,25.0887990663117,25.0424450977087,25.0733500742259,25.1042457289643,25.1093940990381,25.14027888859,25.0681998923707,25.2534435750629,25.1196900631945,25.1196900631945,25.14027888859,25.1505717504272,25.1608635787557,25.2740055641272,25.1865886299367,25.2740055641272,25.2123072282184,25.3818884725093,25.3664835674914,25.5050446238429,25.5255563093646,25.3972910671794,25.3972910671794,25.6126853634517,25.4280893294658,25.4280893294658,25.4332214756594,25.5358106179362,25.4845288451903,25.622930990963,25.602438715738,25.6895027225489,25.4537474974415,25.4742694202044,25.4793992606996,25.4024247521646,25.5511901638832,25.3972910671794,25.4126913524992,25.3459400985342,25.4486163763711,25.3664835674914,25.464008971053,25.5050446238429,25.4793992606996,25.4845288451903,25.4486163763711,25.5101729288625,25.5050446238429,25.5050446238429,25.4845288451903,25.4588783623232,25.3767537609245,25.4434849990752,25.5409373888032,25.4486163763711,25.3305297988212,25.4383533655169,25.4486163763711,25.3099791333095,25.3048408239653,25.464008971053,25.3151171854302,25.3151171854302,25.3972910671794,25.3870229273887,25.4229569268991,25.2688654531791,25.5101729288625,25.4537474974415,25.3921571255997,25.3562123467933,25.4434849990752,25.325392518149,25.3716187925976,25.4126913524992,25.3356668224182,25.5153009780981,25.5204287715866,25.494787246305,25.464008971053,25.5050446238429,25.5050446238429,25.4229569268991,25.464008971053,25.4896581737131,25.4742694202044,25.4178242679226,25.4280893294658,25.4486163763711,25.4383533655169,25.4075581805922,25.4229569268991,25.3921571255997,25.3716187925976,25.124837657352,25.2894243522202,25.3048408239653,25.3151171854302,25.3921571255997,25.4178242679226,25.5101729288625,25.5255563093646,25.5153009780981,25.5870668306474,25.6536617552083,25.5306835914689,25.5204287715866,25.5614419170025,25.5460639041067,25.5614419170025,25.5511901638832,25.5409373888032,25.5716926484544,25.5511901638832,25.5819423585322,25.5101729288625,25.5768176311468,25.4383533655169,25.5614419170025,25.4075581805922,25.5460639041067,25.5409373888032,25.4229569268991,25.4383533655169,25.4434849990752,25.4537474974415,25.3613480855689,25.5409373888032,25.464008971053,25.4434849990752,25.4332214756594,25.464008971053,25.4178242679226,25.6075621671384,25.4742694202044,25.5101729288625,25.622930990963,25.6126853634517,25.5101729288625,25.602438715738,25.7662628184848,25.602438715738,25.5716926484544,25.7816079769097,25.6741438357205,25.7406824748218,25.6639033048348,25.6536617552083,25.6895027225489,25.6895027225489,25.7048593188521,25.6843833481574,25.8174044635856,25.7509153744483,25.7457990516862,25.7253312192514,25.7713781252015,25.8582995191601,25.8276297483179,25.8225172327306,25.7560314431445,25.6895027225489,25.7048593188521,25.6331755985647,25.7355656438188,25.7355656438188,25.7253312192514,25.7969508507036,25.8838506953317,25.8020646344419,25.7202136256143,25.6075621671384,25.7662628184848,25.6639033048348,25.7048593188521,25.5768176311468,25.5665674104186,25.602438715738,25.4537474974415,25.5101729288625,25.5153009780981,25.5768176311468,25.5153009780981,25.602438715738,25.6741438357205,25.6536617552083,25.7202136256143,25.8327420103839,25.9349340679388,26.1543049983616,26.0982311813659,26.159401110059,26.1033300584395,26.0931320526798,26.1084286839364,26.0676326338092,26.2307203157977,26.1390151558117,26.1797830453715,26.1288206708731,26.159401110059,26.0778331565889,26.0676326338092,26.0676326338092,26.123723051325
24.918731811688,24.9393610812787,24.918731811688,24.86197985757,24.86197985757,24.8155229994525,24.8464965838976,25.0063774992726,25.0887990663117,24.8826205758957,24.8877801045559,24.7328808471969,24.7638794888426,24.7638794888426,24.7793752829217,25.0063774992726,25.1865886299367,25.0939482126385,25.1865886299367,25.1042457289643,25.258584458684,25.2688654531791,25.0681998923707,25.0321413659635,25.0269891112523,24.9960701368761,25.0681998923707,25.1299849929454,25.1145422104357,25.1454254487159,25.0836496611589,25.0424450977087,25.0578987516956,25.1042457289643,25.0115307913128,24.9754522977662,24.9754522977662,24.9651418204509,25.0939482126385,25.1351320700124,25.1093940990381,25.1093940990381,25.1299849929454,25.0115307913128,25.1299849929454,25.1454254487159,25.1814441360816,25.2842850136107,25.1968768433364,25.3562123467933,25.2791454175921,25.2328774638867,25.2894243522202,25.3818884725093,25.3510763511273,25.4486163763711,25.3870229273887,25.3921571255997,25.3562123467933,25.4793992606996,25.4486163763711,25.4999160630027,25.4486163763711,25.5768176311468,25.5665674104186,25.5665674104186,25.6485405982759,25.6639033048348,25.4742694202044,25.4588783623232,25.5358106179362,25.5255563093646,25.5204287715866,25.3408035889768,25.3613480855689,25.4691393236678,25.3613480855689,25.3818884725093,25.5050446238429,25.3459400985342,25.5050446238429,25.3664835674914,25.5511901638832,25.5050446238429,25.4024247521646,25.4075581805922,25.4075581805922,25.5255563093646,25.4742694202044,25.5973150092137,25.4486163763711,25.3716187925976,25.3664835674914,25.3716187925976,25.4126913524992,25.4126913524992,25.4024247521646,25.3613480855689,25.4126913524992,25.4691393236678,25.4178242679226,25.4178242679226,25.3767537609245,25.4280893294658,25.3921571255997,25.3767537609245,25.4383533655169,25.4742694202044,25.4691393236678,25.3151171854302,25.4845288451903,25.5255563093646,25.3767537609245,25.4742694202044,25.4280893294658,25.494787246305,25.4434849990752,25.4691393236678,25.4024247521646,25.4280893294658,25.5050446238429,25.4434849990752,25.5511901638832,25.4793992606996,25.4126913524992,25.4691393236678,25.3716187925976,25.3716187925976,25.2791454175921,25.2842850136107,25.3151171854302,25.3099791333095,25.1351320700124,25.5460639041067,25.5050446238429,25.5511901638832,25.4999160630027,25.5768176311468,25.6997407078597,25.622930990963,25.5153009780981,25.5716926484544,25.5870668306474,25.5358106179362,25.5665674104186,25.7304485586408,25.6485405982759,25.5563161681696,25.6178083047144,25.6075621671384,25.5050446238429,25.5716926484544,25.5665674104186,25.5101729288625,25.5204287715866,25.6178083047144,25.5306835914689,25.5563161681696,25.5204287715866,25.4229569268991,25.4999160630027,25.5050446238429,25.4126913524992,25.494787246305,25.4280893294658,25.464008971053,25.4537474974415,25.4742694202044,25.5358106179362,25.5665674104186,25.602438715738,25.5153009780981,25.602438715738,25.6075621671384,25.602438715738,25.6075621671384,25.5716926484544,25.6126853634517,25.5665674104186,25.5716926484544,25.7406824748218,25.5716926484544,25.7918368132263,25.6895027225489,25.6126853634517,25.7048593188521,25.7048593188521,25.7048593188521,25.6895027225489,25.6587826573823,25.643419186549,25.669023697602,25.7099776754511,25.8174044635856,25.8071781644774,25.6997407078597,25.7048593188521,25.7048593188521,25.7713781252015,25.7406824748218,25.6843833481574,25.6536617552083,25.669023697602,25.7867225219738,25.7099776754511,25.7355656438188,25.8327420103839,25.7406824748218,25.6178083047144,25.5870668306474,25.4793992606996,25.4537474974415,25.5204287715866,25.5204287715866,25.5255563093646,25.602438715738,25.5460639041067,25.4845288451903,25.6331755985647,25.715095777693,25.6536617552083,25.7099776754511,25.6843833481574,25.8838506953317,26.1084286839364,26.1033300584395,26.0829330403271,26.1033300584395,26.2358126634888,26.1848779015089,26.1135270578924,26.1288206708731,26.1390151558117,26.0778331565889,26.1543049983616,26.1899725066411,26.1543049983616,26.0982311813659,26.123723051325,26.0523299608444
24.7535476535085,24.7483813439431,24.954830304227,24.7483813439431,24.9496741564303,24.7638794888426,24.9135738442187,24.8464965838976,24.8877801045559,24.9960701368761,24.9960701368761,24.8671404277798,24.9084156166453,25.0012239478063,24.8723007375455,25.0012239478063,24.9238895190908,24.8877801045559,24.9393610812787,25.1196900631945,25.1557177937613,25.2380193782588,25.1042457289643,24.9238895190908,24.9445177487934,24.9135738442187,24.8051963851263,25.2637250847104,25.0424450977087,25.0630494515398,25.0836496611589,25.0630494515398,25.0321413659635,25.0269891112523,25.0990971001769,25.0269891112523,24.8464965838976,24.8877801045559,24.8516579356668,25.0424450977087,24.9599861922213,25.1196900631945,25.1093940990381,25.1093940990381,25.1351320700124,24.9651418204509,25.0784999971428,25.3408035889768,25.2483024338098,25.2637250847104,25.2431610348875,25.2842850136107,25.2380193782588,25.3099791333095,25.3305297988212,25.4383533655169,25.602438715738,25.4434849990752,25.3510763511273,25.4126913524992,25.4332214756594,25.5665674104186,25.5101729288625,25.4845288451903,25.5306835914689,25.4896581737131,25.5563161681696,25.4486163763711,25.4434849990752,25.4332214756594,25.4332214756594,25.4075581805922,25.4383533655169,25.3716187925976,25.3562123467933,25.3510763511273,25.3408035889768,25.3510763511273,25.494787246305,25.4332214756594,25.4229569268991,25.4126913524992,25.4280893294658,25.4280893294658,25.4178242679226,25.5460639041067,25.4742694202044,25.5255563093646,25.4434849990752,25.3767537609245,25.3921571255997,25.3305297988212,25.3202549803643,25.3562123467933,25.325392518149,25.3972910671794,25.3202549803643,25.3972910671794,25.3972910671794,25.3664835674914,25.3921571255997,25.5255563093646,25.3818884725093,25.3613480855689,25.3921571255997,25.2483024338098,25.4742694202044,25.3664835674914,25.3305297988212,25.4229569268991,25.4383533655169,25.4024247521646,25.3767537609245,25.3562123467933,25.3202549803643,25.4280893294658,25.3767537609245,25.3202549803643,25.4588783623232,25.4793992606996,25.4280893294658,25.4793992606996,25.4588783623232,25.4793992606996,25.464008971053,25.3356668224182,25.2997022573604,25.2688654531791,25.2380193782588,25.2431610348875,25.1299849929454,25.3099791333095,25.3099791333095,25.4178242679226,25.4024247521646,25.5306835914689,25.643419186549,25.5409373888032,25.6843833481574,25.643419186549,25.5921910475291,25.5665674104186,25.4691393236678,25.5614419170025,25.5768176311468,25.6382975199907,25.5819423585322,25.4537474974415,25.5255563093646,25.6126853634517,25.5768176311468,25.5665674104186,25.5870668306474,25.5255563093646,25.4075581805922,25.4126913524992,25.6178083047144,25.5101729288625,25.3767537609245,25.4486163763711,25.4075581805922,25.4486163763711,25.4229569268991,25.4332214756594,25.3818884725093,25.4383533655169,25.4537474974415,25.4742694202044,25.5563161681696,25.5050446238429,25.5306835914689,25.5973150092137,25.5819423585322,25.5973150092137,25.6075621671384,25.5101729288625,25.6382975199907,25.6331755985647,25.6382975199907,25.5716926484544,25.4999160630027,25.8020646344419,25.8020646344419,25.7202136256143,25.5921910475291,25.7662628184848,25.602438715738,25.602438715738,25.7560314431445,25.7253312192514,25.8071781644774,25.6587826573823,25.6997407078597,25.6536617552083,25.7099776754511,25.7304485586408,25.7202136256143,25.643419186549,25.5101729288625,25.5050446238429,25.5921910475291,25.6382975199907,25.5409373888032,25.6639033048348,25.7509153744483,25.8071781644774,25.7099776754511,25.5563161681696,25.5973150092137,25.494787246305,25.5511901638832,25.4691393236678,25.5358106179362,25.5716926484544,25.5768176311468,25.5306835914689,25.5870668306474,25.4793992606996,25.5050446238429,25.6639033048348,25.6741438357205,25.6536617552083,25.8174044635856,25.9145037540644,26.0421269192526,26.0829330403271,26.0370250204644,26.1339180390234,26.0931320526798,26.0982311813659,26.1288206708731,26.123723051325,26.1899725066411,26.1899725066411,26.1848779015089,26.1695925799393,26.016614904526,26.0421269192526,26.0829330403271,26.0268204667242
24.6450002255868,24.7432147730614,24.7845400253874,24.9135738442187,24.8258485704877,24.836173098535,24.9084156166453,24.8877801045559,25.0063774992726,24.8206859153626,24.8155229994525,24.8877801045559,25.1454254487159,25.0063774992726,24.8929393729232,25.0372933614365,25.0218365972651,24.9496741564303,25.0527477928007,25.0784999971428,25.1917328656758,25.1814441360816,25.0887990663117,25.2020205629554,24.8000326866343,24.8413349715329,24.918731811688,25.1454254487159,25.0475965748176,25.0630494515398,25.0939482126385,25.1196900631945,25.0012239478063,25.0218365972651,25.1196900631945,25.124837657352,25.0218365972651,24.9599861922213,25.1454254487159,25.0218365972651,25.1557177937613,25.2534435750629,25.1968768433364,25.2020205629554,25.2791454175921,25.1196900631945,25.1196900631945,25.2534435750629,25.2945634334578,25.3048408239653,25.2020205629554,25.2483024338098,25.2277352917338,25.2740055641272,25.3767537609245,25.3870229273887,25.4126913524992,25.4486163763711,25.5101729288625,25.4486163763711,25.4126913524992,25.3972910671794,25.5306835914689,25.4793992606996,25.5409373888032,25.5153009780981,25.5153009780981,25.5511901638832,25.4178242679226,25.5358106179362,25.5460639041067,25.494787246305,25.4486163763711,25.3664835674914,25.4383533655169,25.4024247521646,25.3305297988212,25.3921571255997,25.3767537609245,25.4486163763711,25.4845288451903,25.4999160630027,25.4075581805922,25.5153009780981,25.4999160630027,25.4537474974415,25.4383533655169,25.4024247521646,25.464008971053,25.4486163763711,25.3767537609245,25.3562123467933,25.3613480855689,25.3613480855689,25.4024247521646,25.4178242679226,25.4280893294658,25.4126913524992,25.4075581805922,25.5306835914689,25.2688654531791,25.4178242679226,25.3870229273887,25.3305297988212,25.3767537609245,25.2225928617629,25.1557177937613,25.3459400985342,25.3408035889768,25.2997022573604,25.5204287715866,25.4434849990752,25.4075581805922,25.3202549803643,25.4229569268991,25.3921571255997,25.4434849990752,25.4280893294658,25.3613480855689,25.5153009780981,25.2277352917338,25.3356668224182,25.4126913524992,25.4588783623232,25.3202549803643,25.2688654531791,25.3408035889768,25.2328774638867,25.2637250847104,25.1762993840732,25.14027888859,25.3099791333095,25.1557177937613,25.3562123467933,25.5819423585322,25.5768176311468,25.6895027225489,25.6792637192269,25.6280534222343,25.643419186549,25.6280534222343,25.602438715738,25.5204287715866,25.6126853634517,25.494787246305,25.6331755985647,25.6639033048348,25.4742694202044,25.5921910475291,25.4332214756594,25.5768176311468,25.5153009780981,25.5460639041067,25.5306835914689,25.5409373888032,25.5716926484544,25.4742694202044,25.4691393236678,25.4126913524992,25.4332214756594,25.2483024338098,25.3870229273887,25.5050446238429,25.3767537609245,25.3972910671794,25.4486163763711,25.4075581805922,25.4434849990752,25.4434849990752,25.3664835674914,25.5716926484544,25.5665674104186,25.4537474974415,25.5921910475291,25.6126853634517,25.6075621671384,25.7048593188521,25.7457990516862,25.6126853634517,25.5921910475291,25.6536617552083,25.8020646344419,25.8071781644774,25.7662628184848,25.622930990963,25.8225172327306,25.6587826573823,25.643419186549,25.6843833481574,25.7304485586408,25.6895027225489,25.6587826573823,25.6382975199907,25.6536617552083,25.715095777693,25.622930990963,25.6280534222343,25.6741438357205,25.6587826573823,25.5050446238429,25.5101729288625,25.6536617552083,25.622930990963,25.8071781644774,25.7048593188521,25.7969508507036,25.7099776754511,25.5921910475291,25.6485405982759,25.6485405982759,25.5204287715866,25.5050446238429,25.5460639041067,25.4845288451903,25.5819423585322,25.5204287715866,25.3716187925976,25.4793992606996,25.643419186549,25.5716926484544,25.6485405982759,25.6587826573823,25.8889601710514,25.9553603376162,26.0523299608444,26.1339180390234,26.0472285660339,26.1339180390234,26.1135270578924,26.0931320526798,26.149208635445,26.1390151558117,25.8429657740965,26.1848779015089,26.1186251803434,26.123723051325,26.0319228696336,26.1339180390234,26.0676326338092,26.0829330403271
24.7845400253874,24.7948687272058,24.7948687272058,24.836173098535,24.7638794888426,24.9806071469274,24.7690450146872,25.0424450977087,24.7948687272058,24.8051963851263,24.7845400253874,24.86197985757,25.0166838239645,24.9806071469274,25.0372933614365,25.0578987516956,25.0012239478063,25.1093940990381,25.0578987516956,25.2637250847104,25.1196900631945,25.0733500742259,24.9599861922213,24.9806071469274,24.9909160664447,24.7948687272058,24.9599861922213,25.0269891112523,25.1454254487159,25.14027888859,24.9909160664447,25.0733500742259,25.0166838239645,24.836173098535,25.0218365972651,25.0372933614365,25.0475965748176,24.9702971889533,24.9960701368761,25.1093940990381,25.0887990663117,25.2380193782588,25.2071640245704,25.1814441360816,25.1505717504272,25.1299849929454,25.0836496611589,25.2740055641272,25.1660091054476,25.1608635787557,25.2688654531791,25.1711543738743,25.2225928617629,25.1762993840732,25.3356668224182,25.3356668224182,25.4999160630027,25.602438715738,25.4075581805922,25.464008971053,25.5204287715866,25.4383533655169,25.4486163763711,25.5358106179362,25.3408035889768,25.5153009780981,25.4999160630027,25.4896581737131,25.4434849990752,25.4691393236678,25.5306835914689,25.4024247521646,25.4383533655169,25.4075581805922,25.3305297988212,25.4383533655169,25.3921571255997,25.3972910671794,25.2123072282184,25.5050446238429,25.4845288451903,25.4332214756594,25.5153009780981,25.5921910475291,25.4588783623232,25.4332214756594,25.3356668224182,25.4126913524992,25.3921571255997,25.5306835914689,25.3664835674914,25.3664835674914,25.3202549803643,25.3716187925976,25.4024247521646,25.4075581805922,25.4588783623232,25.4229569268991,25.4280893294658,25.5306835914689,25.2791454175921,25.3972910671794,25.3870229273887,25.3870229273887,25.3818884725093,25.2637250847104,25.3510763511273,25.2225928617629,25.3048408239653,25.3716187925976,25.3870229273887,25.5358106179362,25.3972910671794,25.464008971053,25.3459400985342,25.4383533655169,25.4229569268991,25.4126913524992,25.4332214756594,25.6382975199907,25.2945634334578,25.4691393236678,25.4537474974415,25.3510763511273,25.3151171854302,25.3510763511273,25.3305297988212,25.2380193782588,25.3048408239653,25.2534435750629,25.3099791333095,25.3767537609245,25.3870229273887,25.4486163763711,25.4588783623232,25.5819423585322,25.494787246305,25.7099776754511,25.5511901638832,25.5358106179362,25.5511901638832,25.6178083047144,25.5409373888032,25.5768176311468,25.5768176311468,25.4896581737131,25.4896581737131,25.464008971053,25.5101729288625,25.6536617552083,25.5614419170025,25.4126913524992,25.5511901638832,25.5563161681696,25.3818884725093,25.4075581805922,25.5460639041067,25.494787246305,25.4537474974415,25.4178242679226,25.4024247521646,25.4332214756594,25.3664835674914,25.4280893294658,25.4434849990752,25.4280893294658,25.4229569268991,25.4126913524992,25.4229569268991,25.4332214756594,25.494787246305,25.5255563093646,25.5563161681696,25.5306835914689,25.5921910475291,25.6126853634517,25.6843833481574,25.6587826573823,25.5870668306474,25.7048593188521,25.6946218424375,25.5973150092137,25.7560314431445,25.7713781252015,25.715095777693,25.7253312192514,25.7560314431445,25.6485405982759,25.6792637192269,25.6126853634517,25.622930990963,25.6843833481574,25.6280534222343,25.7304485586408,25.7253312192514,25.6485405982759,25.6895027225489,25.669023697602,25.6997407078597,25.6485405982759,25.6178083047144,25.6485405982759,25.6792637192269,25.6639033048348,25.6895027225489,25.5973150092137,25.6639033048348,25.6587826573823,25.622930990963,25.5563161681696,25.6331755985647,25.6536617552083,25.602438715738,25.4793992606996,25.4999160630027,25.5204287715866,25.5460639041067,25.4332214756594,25.5973150092137,25.5563161681696,25.6792637192269,25.6382975199907,25.7662628184848,25.9604662734002,26.0115117451654,26.016614904526,26.016614904526,26.0472285660339,26.1746879381935,26.1186251803434,26.2103484178335,26.1339180390234,26.2205348683267,26.2001609640334,26.123723051325,26.0931320526798,26.1746879381935,26.1543049983616,26.1033300584395,26.1441120212736
24.7277134921382,24.7535476535085,24.8051963851263,24.7587137017957,24.7535476535085,24.8206859153626,24.6708553211965,24.836173098535,24.8774607869049,24.8103598227198,24.7742102793675,24.8258485704877,24.8671404277798,25.0424450977087,25.0321413659635,25.0372933614365,25.0372933614365,25.1608635787557,25.0887990663117,25.14027888859,25.0527477928007,24.9702971889533,24.836173098535,24.9445177487934,24.9702971889533,24.8051963851263,24.8568190268782,25.0012239478063,25.0424450977087,25.0630494515398,24.9909160664447,24.9857617364743,25.0372933614365,24.9754522977662,25.1042457289643,25.2174501739369,25.0681998923707,25.0475965748176,25.0321413659635,25.1711543738743,25.1093940990381,25.1299849929454,25.1608635787557,25.0784999971428,25.1557177937613,25.0733500742259,25.1557177937613,25.0887990663117,25.0681998923707,25.1557177937613,25.1660091054476,25.2020205629554,25.1814441360816,25.1865886299367,25.2380193782588,25.325392518149,25.3151171854302,25.3613480855689,25.4178242679226,25.4229569268991,25.4332214756594,25.4075581805922,25.3664835674914,25.4383533655169,25.3305297988212,25.3972910671794,25.5050446238429,25.4178242679226,25.4537474974415,25.5153009780981,25.5306835914689,25.3818884725093,25.5358106179362,25.464008971053,25.3716187925976,25.3099791333095,25.2020205629554,25.2328774638867,25.2483024338098,25.3356668224182,25.4845288451903,25.4845288451903,25.4383533655169,25.3510763511273,25.3459400985342,25.325392518149,25.3356668224182,25.2740055641272,25.494787246305,25.3818884725093,25.3767537609245,25.3870229273887,25.3664835674914,25.3716187925976,25.3151171854302,25.4434849990752,25.4434849990752,25.2740055641272,25.2894243522202,25.5255563093646,25.4075581805922,25.2688654531791,25.3921571255997,25.3767537609245,25.3767537609245,25.2225928617629,25.3716187925976,25.3613480855689,25.4024247521646,25.4178242679226,25.4126913524992,25.3408035889768,25.3305297988212,25.464008971053,25.3151171854302,25.4383533655169,25.3305297988212,25.4229569268991,25.325392518149,25.4383533655169,25.4024247521646,25.3356668224182,25.4845288451903,25.4793992606996,25.3510763511273,25.1968768433364,25.2431610348875,25.2277352917338,25.2740055641272,25.258584458684,25.2842850136107,25.3972910671794,25.4178242679226,25.5870668306474,25.6331755985647,25.6280534222343,25.6280534222343,25.6178083047144,25.6382975199907,25.5460639041067,25.5460639041067,25.5819423585322,25.5819423585322,25.5563161681696,25.4691393236678,25.4537474974415,25.6331755985647,25.4742694202044,25.5563161681696,25.5306835914689,25.5716926484544,25.4280893294658,25.4793992606996,25.4742694202044,25.5050446238429,25.5050446238429,25.4486163763711,25.4793992606996,25.3716187925976,25.4332214756594,25.3870229273887,25.4332214756594,25.3767537609245,25.4024247521646,25.4896581737131,25.2842850136107,25.3972910671794,25.2791454175921,25.3870229273887,25.4178242679226,25.4383533655169,25.5255563093646,25.6126853634517,25.5255563093646,25.5768176311468,25.6382975199907,25.7406824748218,25.6126853634517,25.6178083047144,25.6126853634517,25.622930990963,25.8122914408466,25.622930990963,25.4434849990752,25.7662628184848,25.6639033048348,25.6587826573823,25.6741438357205,25.7713781252015,25.622930990963,25.6587826573823,25.5716926484544,25.622930990963,25.5870668306474,25.5921910475291,25.602438715738,25.6843833481574,25.5870668306474,25.6895027225489,25.6946218424375,25.5101729288625,25.5973150092137,25.643419186549,25.5255563093646,25.5614419170025,25.602438715738,25.7202136256143,25.6075621671384,25.8174044635856,25.5153009780981,25.622930990963,25.643419186549,25.5204287715866,25.5153009780981,25.3818884725093,25.5358106179362,25.3870229273887,25.5409373888032,25.494787246305,25.5973150092137,25.6331755985647,25.7457990516862,25.7560314431445,25.9553603376162,26.1135270578924,25.9553603376162,26.164496970573,25.9604662734002,26.1033300584395,26.3782967652783,26.1084286839364,26.164496970573,26.2358126634888,26.1797830453715,25.9910965851406,26.1033300584395,26.0727330210948,26.0115117451654,26.0523299608444,26.1390151558117
