V1,V2,V3,V4,V5,V6,V7,V8,V9,V10,V11,V12,V13,V14,V15,V16,V17,V18,V19,V20,V21,V22,V23,V24,V25,V26,V27,V28,V29,V30,V31,V32,V33,V34,V35,V36,V37,V38,V39,V40,V41,V42,V43,V44,V45,V46,V47,V48,V49,V50,V51,V52,V53,V54,V55,V56,V57,V58,V59,V60,V61,V62,V63,V64,V65,V66,V67,V68,V69,V70,V71,V72,V73,V74,V75,V76,V77,V78,V79,V80,V81,V82,V83,V84,V85,V86,V87,V88,V89,V90,V91,V92,V93,V94,V95,V96,V97,V98,V99,V100,V101,V102,V103,V104,V105,V106,V107,V108,V109,V110,V111,V112,V113,V114,V115,V116,V117,V118,V119,V120,V121,V122,V123,V124,V125,V126,V127,V128,V129,V130,V131,V132,V133,V134,V135,V136,V137,V138,V139,V140,V141,V142,V143,V144,V145,V146,V147,V148,V149,V150,V151,V152,V153,V154,V155,V156,V157,V158,V159,V160,V161,V162,V163,V164,V165,V166,V167,V168,V169,V170,V171,V172,V173,V174,V175,V176,V177,V178,V179,V180,V181,V182,V183,V184,V185,V186,V187,V188,V189,V190,V191,V192,V193,V194,V195,V196,V197,V198,V199,V200,V201,V202,V203,V204,V205,V206,V207,V208,V209,V210,V211,V212,V213,V214,V215,V216,V217,V218,V219,V220,V221,V222,V223,V224,V225,V226,V227,V228,V229,V230,V231,V232,V233,V234,V235,V236,V237,V238,V239,V240
23.8402185911997,23.8506435764983,23.7515628848466,23.735909702305,23.8714903310769,23.7411276986669,23.9652477249841,23.7150350274487,23.8297925334724,23.7828619938962,23.7828619938962,23.6628295005078,23.9131709850186,23.9235884721781,23.9756598658044,23.9235884721781,23.8819121009899,23.7672136483527,23.8037226951994,23.8037226951994,23.8402185911997,23.8350056964094,23.8454312178827,24.0537168909092,23.9704539289542,24.0433127548394,23.9600412538547,24.017297749009,24.0381102869696,24.0277045513642,24.02250128355,23.9444202371166,23.9392126969559,23.9912760740285,23.9652477249841,23.9756598658044,24.0016855446331,23.8662790443357,24.0068898795898,23.8454312178827,23.8819121009899,23.8819121009899,23.8819121009899,23.8662790443357,23.9652477249841,23.8506435764983,23.8714903310769,23.730691437042,23.8767013499485,23.8350056964094,23.6262696012084,23.5687916214632,23.6001472960607,23.7672136483527,23.7724300321434,23.652385162888,23.7619969958994,23.6471625897896,23.6314932528619,23.5740182424435,23.7932928814756,23.6576074664474,23.6837149425584,23.8350056964094,23.8975427475285,23.8610674896852,23.855855667086,23.9079618401281,23.8819121009899,23.8245791023491,23.9027524276446,23.8245791023491,23.730691437042,23.8350056964094,23.7254729028382,23.7045960758182,23.7411276986669,23.6837149425584,23.6158214886455,23.6210456798163,23.7985079225496,23.7672136483527,23.9183798623554,23.9131709850186,24.0589185591878,24.0745219654683,24.0485149561396,23.8819121009899,23.8037226951994,23.6471625897896,23.6158214886455,23.730691437042,23.9027524276446,24.0849229045849,24.0797225681742,24.0745219654683,24.0693210964281,24.0849229045849,24.1317139554589,24.1265160139431,24.2096511916044,24.1888737710728,24.1992630121316,24.2096511916044,24.2044572345467,24.2148448833435,24.1525030628745,24.1317139554589,24.1576996752618,24.1421090408181,24.2252314710217,24.032907552491,24.2304243670388,23.9704539289542,23.9496275099604,23.9183798623554,23.9496275099604,24.0433127548394,24.0641199610143,23.9340048894389,23.9964809427924,24.0120939477021,24.16809210295,24.16809210295,23.9860709383021,24.0016855446331,24.0849229045849,24.0797225681742,23.8923327997404,23.9600412538547,23.8975427475285,23.9600412538547,23.8454312178827,23.8714903310769,23.735909702305,23.9548345155266,24.1265160139431,24.1265160139431,24.1421090408181,24.16809210295,24.1836787523513,24.1732879183289,24.0537168909092,24.017297749009,24.1732879183289,24.0485149561396,23.9444202371166,23.9704539289542,23.8819121009899,23.9131709850186,24.0745219654683,23.9496275099604,23.9444202371166,24.0537168909092,23.756780074744,23.9131709850186,23.735909702305,23.7619969958994,23.8037226951994,23.9548345155266,24.1836787523513,24.032907552491,24.0277045513642,24.1369116310709,24.1057215880592,23.9860709383021,23.9808655355738,23.9756598658044,24.0537168909092,23.9027524276446,23.8089371994645,23.9287968145261,23.9600412538547,23.9131709850186,23.8871225842407,23.9496275099604,23.9079618401281,23.9235884721781,23.8662790443357,23.9287968145261,23.756780074744,23.9444202371166,23.9392126969559,23.9756598658044,24.017297749009,24.017297749009,24.0485149561396,24.0277045513642,24.0589185591878,23.9652477249841,23.9808655355738,23.8402185911997,23.9183798623554,24.0745219654683,23.9287968145261,23.9340048894389,23.9027524276446,23.8975427475285,23.8975427475285,23.9079618401281,23.9027524276446,23.9131709850186,23.9079618401281,24.0120939477021,23.9808655355738,23.9600412538547,23.9652477249841,24.1109205935815,24.0745219654683,23.9860709383021,23.855855667086,24.0797225681742,24.0641199610143,24.0901229747396,24.1161193330435,24.0901229747396,24.0849229045849,24.0797225681742,24.0381102869696,24.1161193330435,24.0381102869696,24.1784834681163,24.235616997893,24.16809210295,24.1005223164376,24.2460014642685,24.3912728154683,24.68119552596,24.7070414568379,24.6708553211965,24.6450002255868,24.8103598227198,24.6760255545029,24.6760255545029,24.598444539334,24.6760255545029,24.6708553211965,24.593270373703,24.6346563530609,24.7897045068028
23.8402185911997,23.9392126969559,23.8089371994645,23.8141514353848,23.7411276986669,23.7411276986669,23.8089371994645,23.7619969958994,23.730691437042,23.730691437042,23.8975427475285,23.8923327997404,23.9131709850186,23.9287968145261,23.9756598658044,23.9756598658044,23.8402185911997,23.7776461473113,23.8089371994645,23.8089371994645,23.8089371994645,23.8819121009899,23.9131709850186,23.8975427475285,23.8767013499485,23.9079618401281,23.9496275099604,24.0068898795898,23.9287968145261,24.032907552491,23.8819121009899,23.9496275099604,23.8819121009899,23.8923327997404,23.9600412538547,23.9860709383021,23.9600412538547,23.9756598658044,23.9340048894389,23.8350056964094,23.9287968145261,23.9027524276446,23.8871225842407,23.7880775719377,23.9600412538547,23.9600412538547,23.8819121009899,23.8975427475285,23.8871225842407,23.7880775719377,23.735909702305,23.6784939860947,23.6628295005078,23.7776461473113,23.6889356297228,23.6993761963129,23.7672136483527,23.6471625897896,23.7411276986669,23.7932928814756,23.7776461473113,23.7776461473113,23.7828619938962,23.7828619938962,23.9131709850186,23.8506435764983,23.8610674896852,23.8975427475285,23.8610674896852,23.7776461473113,23.8193654029997,23.7463454261675,23.756780074744,23.6680512651093,23.756780074744,23.6837149425584,23.7515628848466,23.7045960758182,23.6576074664474,23.5740182424435,23.6419397471125,23.6314932528619,23.7985079225496,23.9027524276446,24.02250128355,23.9183798623554,24.0381102869696,23.8297925334724,23.6471625897896,23.6680512651093,23.5112809500315,23.5426544630727,23.6784939860947,23.9496275099604,24.0485149561396,24.0016855446331,24.0433127548394,24.1213178064842,24.0641199610143,24.0953227786774,24.1265160139431,24.1473061847397,24.1473061847397,24.1421090408181,24.19406852432,24.19406852432,24.1525030628745,24.16809210295,24.1213178064842,24.1628960219406,24.2044572345467,24.032907552491,24.1784834681163,23.9704539289542,24.0120939477021,23.9704539289542,23.9392126969559,23.9860709383021,23.9912760740285,23.9340048894389,24.0016855446331,24.0381102869696,23.9652477249841,24.0589185591878,23.9392126969559,23.9444202371166,23.9756598658044,23.9131709850186,23.8662790443357,23.8350056964094,23.8454312178827,23.8193654029997,23.9287968145261,23.9131709850186,23.9964809427924,23.9704539289542,24.032907552491,24.1473061847397,24.1836787523513,24.1784834681163,24.1836787523513,24.1421090408181,23.9860709383021,24.02250128355,24.02250128355,24.1628960219406,23.9756598658044,23.9444202371166,23.9340048894389,23.9287968145261,24.0537168909092,23.9444202371166,23.9287968145261,23.9652477249841,23.8089371994645,23.8454312178827,23.8141514353848,23.756780074744,23.8141514353848,23.9600412538547,24.0537168909092,24.1057215880592,24.0433127548394,24.1576996752618,24.1057215880592,23.9704539289542,24.0277045513642,23.9860709383021,23.9444202371166,23.9131709850186,23.9131709850186,23.9704539289542,23.9079618401281,23.9183798623554,23.9027524276446,23.8141514353848,23.9131709850186,23.9912760740285,23.8871225842407,23.8923327997404,23.8402185911997,23.9340048894389,23.9079618401281,23.9600412538547,24.0120939477021,24.0381102869696,24.02250128355,24.0120939477021,23.8506435764983,23.9964809427924,23.9600412538547,23.9027524276446,23.8923327997404,23.8141514353848,23.9183798623554,23.8089371994645,23.9340048894389,23.8923327997404,23.8923327997404,23.8923327997404,23.8923327997404,23.9548345155266,23.8975427475285,23.9079618401281,23.9287968145261,23.9392126969559,23.9027524276446,23.8767013499485,24.0016855446331,23.9444202371166,23.9912760740285,24.0589185591878,24.032907552491,24.1057215880592,24.1421090408181,24.032907552491,24.1057215880592,23.9860709383021,24.0797225681742,24.0537168909092,24.0277045513642,24.0641199610143,24.0901229747396,24.235616997893,24.19406852432,24.2408093636233,24.4016414116675,24.6139654618445,24.6243114319154,24.68119552596,24.6191385780148,24.6656848260024,24.7483813439431,24.7173779975772,24.6087920833666,24.6346563530609,24.6605140688826,24.7018727940562,24.6501717687129,24.7277134921382
23.9131709850186,23.7932928814756,23.8350056964094,23.8297925334724,23.7932928814756,23.735909702305,23.8141514353848,23.735909702305,23.8350056964094,23.7724300321434,23.8714903310769,23.8193654029997,23.8245791023491,23.9235884721781,23.9912760740285,23.8767013499485,23.7985079225496,23.8350056964094,23.8610674896852,23.8871225842407,23.8714903310769,23.8402185911997,23.8454312178827,23.8662790443357,23.8923327997404,23.8975427475285,23.9079618401281,23.9027524276446,23.8610674896852,23.8923327997404,23.855855667086,23.9756598658044,23.9027524276446,23.9912760740285,23.9287968145261,23.9704539289542,23.9808655355738,23.8975427475285,23.9340048894389,23.9131709850186,23.8767013499485,23.8506435764983,23.8350056964094,24.0120939477021,23.9912760740285,24.0485149561396,23.9652477249841,23.9287968145261,24.0016855446331,23.8610674896852,23.8141514353848,23.8037226951994,23.8141514353848,23.8297925334724,23.7932928814756,23.7254729028382,23.7515628848466,23.6784939860947,23.6784939860947,23.8037226951994,23.6732727602916,23.7463454261675,23.7932928814756,23.9027524276446,23.8454312178827,23.9131709850186,23.9027524276446,23.8662790443357,23.8871225842407,23.8141514353848,23.8089371994645,23.7724300321434,23.8662790443357,23.8089371994645,23.6732727602916,23.6941560476277,23.7411276986669,23.7515628848466,23.6680512651093,23.6419397471125,23.6419397471125,23.7202540996537,23.7619969958994,23.8662790443357,23.9235884721781,23.9287968145261,24.0277045513642,23.8714903310769,23.6993761963129,23.6732727602916,23.6367166348165,23.6576074664474,23.6837149425584,23.9079618401281,23.9392126969559,24.0277045513642,23.9912760740285,24.0745219654683,24.0745219654683,24.1628960219406,24.1369116310709,24.1576996752618,24.1109205935815,24.2408093636233,24.19406852432,24.1109205935815,24.1421090408181,24.1628960219406,24.1732879183289,24.1628960219406,24.1473061847397,24.1628960219406,24.1732879183289,23.9496275099604,24.0068898795898,23.9600412538547,23.9704539289542,24.0120939477021,23.9652477249841,23.9340048894389,24.017297749009,23.9392126969559,23.9444202371166,23.9600412538547,23.8923327997404,23.9704539289542,23.9131709850186,23.9079618401281,23.7724300321434,23.8402185911997,23.9340048894389,23.9652477249841,23.9652477249841,23.9756598658044,23.9964809427924,23.9912760740285,24.2252314710217,24.1005223164376,24.1784834681163,24.1628960219406,24.1784834681163,24.0433127548394,23.9496275099604,24.0277045513642,24.1057215880592,24.313474667603,24.017297749009,23.9704539289542,23.9860709383021,23.8767013499485,23.9912760740285,23.9235884721781,24.0641199610143,23.9808655355738,23.7828619938962,23.8141514353848,23.7150350274487,23.7045960758182,24.0485149561396,24.1265160139431,24.1265160139431,24.16809210295,24.1421090408181,24.2460014642685,24.1317139554589,23.9860709383021,23.9652477249841,24.1109205935815,23.9340048894389,23.9340048894389,23.9079618401281,23.9496275099604,23.9652477249841,23.9756598658044,23.9131709850186,23.9027524276446,23.9548345155266,23.9027524276446,23.9027524276446,23.8871225842407,23.7932928814756,23.9131709850186,24.0381102869696,24.032907552491,23.9600412538547,24.0589185591878,24.0589185591878,23.9340048894389,24.0745219654683,24.0277045513642,24.0277045513642,23.9079618401281,23.9287968145261,23.9235884721781,23.8871225842407,23.8193654029997,23.9496275099604,23.8923327997404,23.9027524276446,23.9079618401281,23.9548345155266,23.8923327997404,23.9652477249841,23.9235884721781,23.9392126969559,23.9964809427924,24.0068898795898,23.9756598658044,24.02250128355,23.9860709383021,24.0485149561396,24.0433127548394,24.0901229747396,24.1421090408181,24.0849229045849,24.0589185591878,24.0485149561396,24.0485149561396,24.0797225681742,24.0537168909092,24.0849229045849,24.0277045513642,24.1109205935815,24.0849229045849,24.1888737710728,24.235616997893,24.4016414116675,24.4949113154483,24.6243114319154,24.6605140688826,24.6450002255868,24.6760255545029,24.7070414568379,24.7122098579989,24.6553430497988,24.6863652356057,24.6139654618445,24.7483813439431,24.6760255545029,24.6450002255868
23.8975427475285,23.9027524276446,23.7880775719377,23.730691437042,23.730691437042,23.9235884721781,23.756780074744,23.756780074744,23.7098156861836,23.7463454261675,23.8714903310769,23.7880775719377,23.9340048894389,23.9183798623554,23.9131709850186,23.7463454261675,23.7985079225496,23.7045960758182,23.8245791023491,23.9131709850186,23.9183798623554,23.8506435764983,23.8454312178827,23.9704539289542,23.9079618401281,23.9808655355738,23.8767013499485,23.8662790443357,23.8662790443357,23.8662790443357,23.7150350274487,23.9235884721781,23.8819121009899,24.0016855446331,23.8610674896852,23.8193654029997,23.9027524276446,23.9860709383021,23.9027524276446,23.9183798623554,23.9600412538547,23.8871225842407,24.017297749009,23.8871225842407,23.9444202371166,24.1784834681163,23.9964809427924,23.9808655355738,23.9860709383021,24.017297749009,24.02250128355,23.8871225842407,23.8402185911997,23.8662790443357,23.8454312178827,23.9652477249841,23.8923327997404,23.7463454261675,23.6471625897896,23.6419397471125,23.6471625897896,23.735909702305,23.8037226951994,23.9235884721781,23.8297925334724,23.8350056964094,23.9235884721781,23.9392126969559,23.8767013499485,23.8402185911997,23.7724300321434,23.8193654029997,23.8193654029997,23.7880775719377,23.8193654029997,23.7411276986669,23.6210456798163,23.7254729028382,23.6576074664474,23.7880775719377,23.652385162888,23.7932928814756,23.7985079225496,23.7932928814756,23.8350056964094,24.017297749009,23.9079618401281,23.8662790443357,23.6105970276559,23.6053722968077,23.6471625897896,23.7619969958994,23.6576074664474,23.8089371994645,23.8245791023491,24.0277045513642,24.1057215880592,24.0277045513642,24.0797225681742,24.2044572345467,24.1421090408181,24.1421090408181,23.9964809427924,24.16809210295,24.3446010620456,24.3497878691456,24.1369116310709,24.1473061847397,24.1628960219406,24.1576996752618,24.1525030628745,24.1525030628745,24.1369116310709,24.0641199610143,23.9392126969559,23.9496275099604,23.9704539289542,23.9131709850186,23.7672136483527,23.9496275099604,23.9079618401281,23.9183798623554,24.0693210964281,23.9079618401281,23.8714903310769,23.8454312178827,23.8975427475285,23.8975427475285,23.756780074744,23.8871225842407,23.9340048894389,23.9964809427924,24.0016855446331,23.9548345155266,23.9496275099604,24.02250128355,24.1005223164376,24.1421090408181,24.0797225681742,24.0589185591878,24.032907552491,24.1525030628745,24.0381102869696,23.9340048894389,24.0381102869696,23.9756598658044,24.0120939477021,23.9756598658044,24.0068898795898,23.9287968145261,23.7776461473113,23.8037226951994,23.8350056964094,23.8297925334724,23.8767013499485,23.8819121009899,23.8193654029997,23.652385162888,23.8037226951994,23.9600412538547,24.0485149561396,23.9808655355738,24.1628960219406,24.1317139554589,24.0693210964281,24.0537168909092,24.0381102869696,23.9287968145261,24.0381102869696,24.0641199610143,23.9392126969559,24.0016855446331,23.9860709383021,23.9808655355738,23.9860709383021,24.0016855446331,23.9756598658044,23.855855667086,24.0381102869696,23.8975427475285,23.9131709850186,23.7932928814756,23.855855667086,23.9444202371166,24.0277045513642,23.8923327997404,23.8819121009899,24.0016855446331,23.9808655355738,24.0693210964281,23.9183798623554,23.9444202371166,23.8975427475285,23.9183798623554,23.9235884721781,23.9652477249841,23.9079618401281,23.8923327997404,23.8975427475285,24.017297749009,23.8610674896852,23.9027524276446,23.8871225842407,24.0120939477021,23.9704539289542,23.8350056964094,23.8141514353848,23.9600412538547,23.9756598658044,24.017297749009,24.0537168909092,24.0485149561396,24.2511932998677,24.032907552491,24.2511932998677,24.1109205935815,24.0120939477021,23.9235884721781,24.0537168909092,24.0797225681742,24.0120939477021,24.0641199610143,24.0433127548394,24.0589185591878,24.1888737710728,24.1421090408181,24.4016414116675,24.417192326936,24.6553430497988,24.6243114319154,24.6450002255868,24.6191385780148,24.7277134921382,24.6708553211965,24.4845522079513,24.7173779975772,24.6863652356057,24.6863652356057,24.68119552596,24.6605140688826
23.735909702305,23.8871225842407,23.8350056964094,23.8819121009899,23.6993761963129,23.8193654029997,23.735909702305,23.7202540996537,23.6837149425584,23.8193654029997,23.8089371994645,23.9183798623554,24.0277045513642,23.8610674896852,23.6993761963129,23.6993761963129,23.7724300321434,23.756780074744,23.8089371994645,23.8245791023491,23.8454312178827,23.8297925334724,23.8245791023491,23.8037226951994,23.8975427475285,23.9548345155266,23.7202540996537,23.7828619938962,23.7724300321434,23.8089371994645,23.7776461473113,23.7828619938962,23.7776461473113,23.8037226951994,23.8193654029997,23.8193654029997,23.8454312178827,23.9496275099604,23.9756598658044,23.8297925334724,23.8297925334724,23.8714903310769,23.8037226951994,23.9183798623554,24.0120939477021,23.9860709383021,23.8662790443357,23.8819121009899,23.9183798623554,23.8819121009899,23.7932928814756,23.7828619938962,23.8037226951994,23.7724300321434,23.7828619938962,23.7880775719377,23.855855667086,23.7672136483527,23.8350056964094,23.6314932528619,23.6628295005078,23.7619969958994,23.652385162888,23.7619969958994,23.9235884721781,23.8141514353848,23.8350056964094,23.8193654029997,23.8871225842407,23.8506435764983,23.7672136483527,23.9131709850186,23.9131709850186,23.8975427475285,23.8089371994645,23.730691437042,23.7776461473113,23.8245791023491,23.8089371994645,23.8297925334724,23.7619969958994,23.7724300321434,23.7619969958994,23.7985079225496,23.7776461473113,23.9912760740285,23.9392126969559,23.8402185911997,23.8402185911997,23.6680512651093,23.735909702305,23.7985079225496,23.8245791023491,23.8350056964094,24.0016855446331,23.9235884721781,23.9235884721781,24.032907552491,24.0745219654683,24.032907552491,24.1265160139431,24.0849229045849,24.19406852432,24.1992630121316,24.2148448833435,24.0953227786774,24.1888737710728,24.2563848704595,24.1576996752618,24.235616997893,24.2408093636233,24.1576996752618,24.1317139554589,24.1161193330435,23.9652477249841,23.9860709383021,23.9548345155266,23.9652477249841,23.9340048894389,23.9548345155266,23.9131709850186,23.9444202371166,23.9912760740285,23.9860709383021,23.9860709383021,23.8923327997404,23.8662790443357,23.8402185911997,23.9131709850186,23.9340048894389,24.0016855446331,24.1317139554589,23.9860709383021,24.0589185591878,24.1057215880592,24.0589185591878,24.0068898795898,24.2096511916044,24.0693210964281,23.9912760740285,24.0745219654683,23.9912760740285,23.9027524276446,23.9183798623554,23.9340048894389,23.9652477249841,23.8714903310769,24.0068898795898,23.9496275099604,23.7672136483527,23.7619969958994,23.7045960758182,23.8350056964094,23.8037226951994,23.855855667086,23.8767013499485,23.8193654029997,23.8141514353848,23.6419397471125,23.9548345155266,24.1784834681163,24.1732879183289,24.1836787523513,24.2148448833435,24.0641199610143,24.0641199610143,24.0849229045849,24.0797225681742,23.9652477249841,23.9340048894389,23.735909702305,23.9964809427924,23.9287968145261,23.9860709383021,24.032907552491,24.0277045513642,23.9027524276446,23.8975427475285,23.8714903310769,23.8871225842407,23.8975427475285,23.8610674896852,23.8767013499485,23.9027524276446,23.9340048894389,23.9235884721781,24.02250128355,24.0120939477021,24.0849229045849,24.0901229747396,24.0693210964281,23.9287968145261,23.8975427475285,23.8141514353848,23.9964809427924,23.9183798623554,23.8662790443357,23.8714903310769,23.9027524276446,23.8454312178827,23.9756598658044,23.8193654029997,23.8662790443357,23.9392126969559,23.855855667086,23.9444202371166,23.9027524276446,24.0277045513642,24.0381102869696,24.0589185591878,24.0485149561396,24.1421090408181,24.1369116310709,24.0693210964281,24.1005223164376,23.9027524276446,23.9964809427924,23.9340048894389,23.9287968145261,24.0849229045849,24.032907552491,24.0277045513642,24.0901229747396,24.0277045513642,24.0797225681742,24.0953227786774,24.3601606905737,24.3912728154683,24.6087920833666,24.6915346834782,24.7948687272058,24.525982322611,24.6450002255868,24.6915346834782,24.6087920833666,24.7070414568379,24.6863652356057,24.7225458756109,24.6656848260024,24.6605140688826
23.5217398697661,23.8923327997404,23.8402185911997,23.8297925334724,23.8193654029997,23.7098156861836,23.735909702305,23.7463454261675,23.7150350274487,23.7515628848466,23.8402185911997,23.8714903310769,23.9027524276446,23.7411276986669,23.7045960758182,23.7463454261675,23.7932928814756,23.7672136483527,23.8141514353848,23.7828619938962,23.8245791023491,23.8402185911997,23.9027524276446,23.7098156861836,23.6941560476277,23.7672136483527,23.7515628848466,23.8767013499485,23.6837149425584,23.8454312178827,23.8975427475285,23.8454312178827,23.652385162888,23.7776461473113,23.9131709850186,23.8037226951994,23.8714903310769,23.855855667086,23.9183798623554,23.8454312178827,23.8871225842407,23.8767013499485,23.9235884721781,23.9964809427924,23.8193654029997,23.9964809427924,23.8089371994645,23.7828619938962,23.8141514353848,23.8714903310769,23.8037226951994,23.8297925334724,23.7724300321434,23.8141514353848,23.7932928814756,23.7254729028382,23.7828619938962,23.7619969958994,23.7515628848466,23.7254729028382,23.6001472960607,23.7411276986669,23.8141514353848,23.7880775719377,23.7828619938962,23.7724300321434,23.8610674896852,23.8767013499485,24.1005223164376,23.8402185911997,23.8193654029997,23.8089371994645,23.8193654029997,23.7463454261675,23.8089371994645,23.7880775719377,23.6262696012084,23.8819121009899,23.8141514353848,23.8245791023491,23.8350056964094,23.7411276986669,23.8089371994645,23.9444202371166,23.8402185911997,23.9079618401281,24.017297749009,23.7724300321434,23.7619969958994,23.652385162888,23.6732727602916,23.6941560476277,24.02250128355,23.8402185911997,23.8714903310769,24.017297749009,23.9392126969559,23.9131709850186,24.0641199610143,23.9131709850186,24.1525030628745,24.1317139554589,24.0901229747396,24.0485149561396,24.1888737710728,24.19406852432,24.1369116310709,24.2096511916044,24.2511932998677,24.261576176083,24.2511932998677,24.1161193330435,24.1732879183289,24.0277045513642,23.8402185911997,23.9496275099604,23.8506435764983,24.0016855446331,23.9287968145261,23.9235884721781,23.8975427475285,23.9756598658044,24.1161193330435,24.1161193330435,23.9704539289542,23.9496275099604,23.855855667086,23.7985079225496,23.8089371994645,23.855855667086,24.1213178064842,24.0433127548394,24.1161193330435,23.9808655355738,24.1265160139431,24.1057215880592,24.1213178064842,24.2252314710217,24.0433127548394,24.0277045513642,24.0485149561396,24.0120939477021,23.9912760740285,23.9808655355738,23.9756598658044,23.9392126969559,24.1317139554589,24.1005223164376,23.9652477249841,23.7672136483527,23.7828619938962,23.9183798623554,23.7880775719377,23.8193654029997,23.9548345155266,23.8662790443357,23.7828619938962,23.7619969958994,23.6367166348165,23.9704539289542,24.1784834681163,24.1784834681163,24.0901229747396,24.032907552491,24.017297749009,24.02250128355,24.0433127548394,24.0277045513642,24.0485149561396,24.0016855446331,23.8610674896852,23.9808655355738,24.0381102869696,23.8767013499485,23.9027524276446,23.9808655355738,24.0485149561396,23.9027524276446,23.8871225842407,23.8089371994645,23.9027524276446,23.8767013499485,23.7672136483527,23.8454312178827,23.8454312178827,23.9183798623554,23.8089371994645,24.0797225681742,23.9548345155266,24.0537168909092,23.9964809427924,24.1161193330435,23.9079618401281,23.9235884721781,23.7463454261675,23.8610674896852,23.8819121009899,23.7828619938962,23.8871225842407,23.9600412538547,23.8141514353848,23.8193654029997,23.8141514353848,23.8350056964094,23.8297925334724,23.9183798623554,23.8506435764983,23.8610674896852,23.9704539289542,24.02250128355,24.1265160139431,24.017297749009,24.0381102869696,23.9860709383021,24.032907552491,24.0485149561396,23.9496275099604,23.9079618401281,23.9756598658044,23.9808655355738,24.0537168909092,24.0797225681742,24.1369116310709,24.017297749009,24.0901229747396,24.0381102869696,24.16809210295,24.3238511901693,24.3912728154683,24.4741920473867,24.5466910676864,24.6501717687129,24.68119552596,24.4897318933139,24.6294840235847,24.6243114319154,24.4638308334468,24.7277134921382,24.5673956078683,24.7122098579989
23.9548345155266,23.8245791023491,23.8350056964094,23.8402185911997,23.8454312178827,23.9444202371166,23.9496275099604,23.8402185911997,23.7672136483527,23.8402185911997,23.9183798623554,23.9444202371166,23.9235884721781,23.8454312178827,24.0277045513642,23.8037226951994,23.8454312178827,23.9860709383021,23.8506435764983,23.8402185911997,23.855855667086,23.8767013499485,23.8610674896852,23.7828619938962,23.8610674896852,23.8506435764983,23.8402185911997,23.8506435764983,23.8923327997404,23.9444202371166,23.9704539289542,23.855855667086,23.7672136483527,23.6471625897896,23.8662790443357,23.756780074744,23.9392126969559,23.8141514353848,23.9183798623554,23.9756598658044,23.8402185911997,23.8767013499485,24.0277045513642,23.9444202371166,24.0381102869696,23.9392126969559,23.9964809427924,23.8714903310769,23.8506435764983,23.8141514353848,23.8506435764983,23.8350056964094,23.735909702305,23.7828619938962,23.7776461473113,23.8089371994645,23.7880775719377,23.5792445932848,23.7619969958994,23.756780074744,23.7150350274487,23.756780074744,23.8089371994645,23.7828619938962,23.7202540996537,23.7828619938962,23.7776461473113,23.8141514353848,23.7619969958994,23.9027524276446,23.8193654029997,23.8141514353848,23.8141514353848,23.8245791023491,23.8297925334724,23.7828619938962,23.8037226951994,23.7672136483527,23.9183798623554,23.9079618401281,23.9340048894389,23.8193654029997,23.8141514353848,23.9340048894389,23.7828619938962,23.9912760740285,24.0120939477021,23.8871225842407,23.8141514353848,23.6419397471125,23.7150350274487,23.7254729028382,23.8350056964094,23.8662790443357,23.8297925334724,24.0016855446331,23.9496275099604,24.1057215880592,24.0381102869696,24.0485149561396,24.1213178064842,24.261576176083,24.1317139554589,24.0849229045849,24.1576996752618,24.2563848704595,24.1005223164376,24.1888737710728,24.266767216777,24.2563848704595,24.1576996752618,24.1057215880592,24.220038309803,24.0693210964281,23.9808655355738,24.017297749009,23.9183798623554,23.9235884721781,24.032907552491,23.9287968145261,23.9912760740285,23.9444202371166,23.8871225842407,23.8923327997404,24.1109205935815,24.0693210964281,24.1005223164376,23.8610674896852,23.8245791023491,23.8662790443357,23.9652477249841,24.1317139554589,24.1161193330435,24.1161193330435,24.0277045513642,24.1369116310709,24.0849229045849,24.2148448833435,24.0745219654683,23.9912760740285,24.0797225681742,24.1109205935815,23.9704539289542,23.9079618401281,24.0120939477021,24.0016855446331,24.0485149561396,23.9340048894389,23.9704539289542,23.9496275099604,23.9235884721781,23.9704539289542,23.8506435764983,23.730691437042,23.8923327997404,23.7672136483527,23.7932928814756,23.7515628848466,23.7828619938962,23.9756598658044,24.0485149561396,24.1992630121316,24.1525030628745,24.1213178064842,24.0589185591878,24.0485149561396,24.0537168909092,24.0589185591878,23.9392126969559,23.9392126969559,23.9912760740285,24.0120939477021,23.9027524276446,23.9079618401281,24.0277045513642,24.0277045513642,23.9079618401281,24.1576996752618,24.032907552491,23.9287968145261,23.9808655355738,23.9548345155266,23.9340048894389,23.9496275099604,23.9392126969559,23.9964809427924,24.1888737710728,23.9756598658044,24.1369116310709,24.0953227786774,24.1161193330435,24.0016855446331,23.9131709850186,23.9912760740285,23.9548345155266,23.9600412538547,23.9235884721781,23.8923327997404,23.9496275099604,23.9287968145261,23.9235884721781,23.9392126969559,23.9444202371166,23.8871225842407,24.0433127548394,23.8610674896852,23.9340048894389,24.0120939477021,24.0797225681742,24.0953227786774,24.0953227786774,24.0016855446331,24.1421090408181,24.0641199610143,24.1057215880592,24.0068898795898,23.9808655355738,24.0277045513642,24.0901229747396,24.0901229747396,24.1265160139431,24.2148448833435,24.2252314710217,24.0901229747396,24.0485149561396,24.0745219654683,24.2460014642685,24.3705324552306,24.4897318933139,24.6760255545029,24.6139654618445,24.6863652356057,24.6398284203822,24.598444539334,24.6036184425424,24.6036184425424,24.6915346834782,24.7277134921382,24.5363372209139,24.6501717687129
23.8402185911997,23.8141514353848,23.7619969958994,23.9444202371166,23.8141514353848,23.8037226951994,23.8350056964094,23.7985079225496,23.8402185911997,23.7463454261675,23.9235884721781,23.9444202371166,24.017297749009,23.8923327997404,23.8871225842407,23.9704539289542,23.9808655355738,23.8871225842407,23.8610674896852,23.8454312178827,23.9548345155266,23.8662790443357,23.8193654029997,23.8871225842407,23.8975427475285,23.8662790443357,23.8454312178827,23.8350056964094,23.7828619938962,23.7411276986669,23.7880775719377,23.7985079225496,23.8089371994645,23.6314932528619,23.6367166348165,23.7411276986669,23.9860709383021,23.8714903310769,24.0016855446331,23.9131709850186,23.8714903310769,23.9287968145261,23.9912760740285,24.0849229045849,23.8923327997404,24.0953227786774,23.9808655355738,23.9496275099604,23.7880775719377,23.7724300321434,23.8506435764983,23.8402185911997,23.7880775719377,23.8819121009899,23.855855667086,23.6993761963129,23.8767013499485,23.9131709850186,23.7254729028382,23.6837149425584,23.730691437042,23.7254729028382,23.7828619938962,23.8193654029997,23.7045960758182,23.7463454261675,23.8141514353848,23.8506435764983,23.8975427475285,23.8193654029997,23.8350056964094,23.7254729028382,23.9079618401281,23.9287968145261,23.8037226951994,23.8297925334724,23.8506435764983,23.8141514353848,23.8193654029997,23.9600412538547,23.9027524276446,23.8297925334724,23.8767013499485,23.7828619938962,23.8767013499485,23.8975427475285,23.855855667086,23.8350056964094,23.8402185911997,23.7985079225496,23.6628295005078,23.8767013499485,23.7776461473113,23.7724300321434,23.9860709383021,23.855855667086,23.9496275099604,23.9964809427924,24.032907552491,24.0901229747396,24.1057215880592,24.0797225681742,24.16809210295,24.0641199610143,24.16809210295,24.1109205935815,24.1836787523513,24.0901229747396,24.0953227786774,24.1732879183289,24.2304243670388,24.1992630121316,24.032907552491,24.0745219654683,23.855855667086,23.8767013499485,23.9131709850186,23.9964809427924,23.9131709850186,23.9027524276446,23.9496275099604,23.9964809427924,23.8662790443357,23.8871225842407,24.1057215880592,23.9183798623554,23.9496275099604,24.0745219654683,23.9340048894389,23.9392126969559,23.9704539289542,24.0277045513642,24.1057215880592,24.16809210295,24.1057215880592,23.9860709383021,24.1005223164376,24.0120939477021,24.0068898795898,24.0849229045849,24.0589185591878,24.1576996752618,23.9652477249841,23.855855667086,23.855855667086,23.9704539289542,24.0641199610143,23.9235884721781,23.7411276986669,23.9340048894389,23.9392126969559,24.0120939477021,23.756780074744,23.7828619938962,23.730691437042,23.7619969958994,23.7724300321434,23.7672136483527,23.7202540996537,23.6837149425584,23.9444202371166,24.0537168909092,24.0797225681742,24.0849229045849,24.02250128355,24.02250128355,23.9027524276446,23.9704539289542,23.8871225842407,23.8506435764983,23.9444202371166,23.8454312178827,24.0068898795898,24.02250128355,24.0485149561396,23.9287968145261,23.9079618401281,23.9704539289542,23.9287968145261,23.9235884721781,23.9652477249841,23.855855667086,23.8506435764983,24.017297749009,23.8819121009899,23.8141514353848,24.0849229045849,23.9808655355738,24.0381102869696,23.9704539289542,24.032907552491,24.0641199610143,24.0016855446331,23.8975427475285,23.8662790443357,23.9496275099604,23.9600412538547,23.735909702305,23.8454312178827,23.9444202371166,23.9027524276446,23.9131709850186,23.9392126969559,23.9444202371166,24.0589185591878,23.8610674896852,23.9600412538547,23.8662790443357,23.9860709383021,24.0277045513642,24.1161193330435,24.0537168909092,24.1421090408181,24.0277045513642,23.9860709383021,24.02250128355,24.0016855446331,23.9183798623554,24.032907552491,24.1057215880592,24.0849229045849,23.9964809427924,24.1161193330435,24.0953227786774,24.0849229045849,24.1161193330435,24.0953227786774,24.2823387496704,24.4534685658236,24.5052693701856,24.6605140688826,24.6553430497988,24.6915346834782,24.4897318933139,24.6708553211965,24.7173779975772,24.7328808471969,24.593270373703,24.6294840235847,24.6139654618445
23.7932928814756,23.7515628848466,23.7098156861836,23.8193654029997,23.8297925334724,23.8506435764983,23.8662790443357,23.8714903310769,23.855855667086,23.8506435764983,23.8819121009899,24.0485149561396,23.9860709383021,23.9131709850186,23.8193654029997,23.8662790443357,23.9496275099604,23.9756598658044,23.8923327997404,23.9704539289542,23.9287968145261,23.8089371994645,23.9027524276446,23.9079618401281,23.8819121009899,23.8871225842407,23.8819121009899,23.8871225842407,23.8871225842407,23.6889356297228,23.7515628848466,23.6993761963129,23.7202540996537,23.7724300321434,23.735909702305,23.7463454261675,23.9027524276446,23.8350056964094,23.9235884721781,23.8975427475285,23.9079618401281,23.9652477249841,23.9600412538547,23.9912760740285,23.9340048894389,24.0120939477021,23.9808655355738,23.8662790443357,23.7880775719377,23.855855667086,23.8350056964094,23.9235884721781,23.8923327997404,23.8506435764983,23.9287968145261,23.8662790443357,23.8089371994645,23.7932928814756,23.7515628848466,23.7880775719377,23.8089371994645,23.8089371994645,23.8975427475285,23.855855667086,23.7411276986669,23.730691437042,23.8089371994645,23.9235884721781,23.8454312178827,23.9652477249841,23.8871225842407,23.8245791023491,23.9027524276446,23.7985079225496,23.7932928814756,23.8245791023491,23.7463454261675,23.8297925334724,23.8037226951994,23.9131709850186,23.9704539289542,23.8037226951994,23.7672136483527,23.9079618401281,23.8923327997404,23.8767013499485,23.8975427475285,23.8297925334724,23.6576074664474,23.8193654029997,23.6837149425584,23.652385162888,23.6837149425584,23.855855667086,23.8819121009899,24.0797225681742,24.0537168909092,24.1005223164376,24.0433127548394,24.1525030628745,24.1265160139431,24.02250128355,24.1888737710728,24.1109205935815,24.1836787523513,24.2927184476639,24.2044572345467,24.1421090408181,24.2148448833435,24.266767216777,24.1421090408181,24.19406852432,24.0849229045849,24.0693210964281,24.032907552491,24.0901229747396,24.0745219654683,23.8714903310769,23.7776461473113,23.9496275099604,23.9027524276446,24.0641199610143,23.8506435764983,23.9756598658044,24.0016855446331,23.8871225842407,23.9392126969559,24.1265160139431,24.0485149561396,23.9652477249841,24.0016855446331,24.0433127548394,24.16809210295,24.1005223164376,23.9756598658044,23.9912760740285,23.9079618401281,24.1317139554589,24.1992630121316,24.0277045513642,24.02250128355,24.0068898795898,24.1005223164376,23.8506435764983,23.9964809427924,24.0433127548394,24.0745219654683,23.9548345155266,23.9964809427924,23.9340048894389,24.0485149561396,23.8975427475285,23.8454312178827,23.9964809427924,23.7932928814756,23.8714903310769,23.7672136483527,23.7463454261675,23.7619969958994,23.7880775719377,23.9548345155266,24.1784834681163,24.0485149561396,24.1421090408181,24.0277045513642,24.0589185591878,23.9912760740285,23.9860709383021,24.02250128355,23.9756598658044,23.8454312178827,23.9808655355738,23.9704539289542,23.9496275099604,24.0381102869696,24.0485149561396,24.0381102869696,23.9392126969559,23.9548345155266,23.9704539289542,23.9548345155266,23.8975427475285,23.9340048894389,24.017297749009,23.8871225842407,23.9912760740285,24.02250128355,24.0120939477021,24.017297749009,24.0849229045849,24.1421090408181,24.02250128355,23.9860709383021,23.9704539289542,24.0537168909092,23.9652477249841,23.9392126969559,23.8767013499485,23.9548345155266,23.8819121009899,23.8923327997404,23.9392126969559,24.032907552491,24.0433127548394,24.0277045513642,24.0068898795898,23.9808655355738,23.9183798623554,23.8767013499485,24.02250128355,24.0433127548394,24.1265160139431,23.9704539289542,24.0901229747396,24.1421090408181,24.0016855446331,24.1473061847397,24.02250128355,24.0849229045849,24.1057215880592,24.1369116310709,24.1161193330435,24.16809210295,24.220038309803,24.16809210295,24.0901229747396,24.0849229045849,24.2511932998677,24.3342266548802,24.4534685658236,24.5725710861868,24.6139654618445,24.6243114319154,24.6915346834782,24.6036184425424,24.6915346834782,24.6915346834782,24.6346563530609,24.6656848260024,24.5518675968447
23.8089371994645,23.8089371994645,23.7150350274487,23.8767013499485,23.9183798623554,23.8506435764983,23.855855667086,23.8819121009899,23.8923327997404,23.9808655355738,23.8819121009899,23.9392126969559,24.0693210964281,23.9964809427924,23.7932928814756,23.9340048894389,23.8454312178827,23.9079618401281,23.9444202371166,23.8506435764983,23.8767013499485,23.8454312178827,23.8662790443357,23.8402185911997,24.0120939477021,23.8975427475285,23.7985079225496,23.8975427475285,23.8819121009899,23.7254729028382,23.855855667086,23.6680512651093,23.6419397471125,23.8037226951994,23.6889356297228,23.5635647303038,23.8297925334724,23.8141514353848,23.9496275099604,23.9027524276446,23.9079618401281,23.855855667086,23.9548345155266,23.9964809427924,23.9496275099604,23.8819121009899,23.9340048894389,23.9444202371166,23.8610674896852,23.8245791023491,23.9079618401281,23.8923327997404,23.9235884721781,23.8297925334724,23.9079618401281,23.8297925334724,23.8245791023491,23.8141514353848,23.8037226951994,23.7880775719377,23.7985079225496,23.8767013499485,23.652385162888,23.6784939860947,23.8193654029997,23.6837149425584,23.9287968145261,23.8662790443357,23.7098156861836,23.8245791023491,23.6732727602916,23.8350056964094,23.8923327997404,23.9235884721781,23.9444202371166,23.8245791023491,23.855855667086,23.8089371994645,23.8506435764983,23.8662790443357,24.032907552491,23.9079618401281,23.7672136483527,23.9704539289542,23.9131709850186,23.8089371994645,23.9079618401281,23.8767013499485,23.8297925334724,23.8402185911997,23.8245791023491,23.855855667086,23.8193654029997,23.8454312178827,23.8975427475285,23.8245791023491,24.032907552491,24.1161193330435,24.1732879183289,23.9860709383021,24.0693210964281,24.16809210295,24.0797225681742,24.1005223164376,24.313474667603,24.261576176083,24.2460014642685,24.1628960219406,24.1213178064842,24.1628960219406,24.1005223164376,24.2823387496704,24.1992630121316,24.19406852432,24.2148448833435,24.1992630121316,24.1992630121316,23.9756598658044,23.8871225842407,23.9027524276446,23.9027524276446,24.0485149561396,23.9548345155266,24.0016855446331,24.0016855446331,24.0485149561396,24.0953227786774,24.1317139554589,24.0745219654683,24.1005223164376,24.0797225681742,24.0797225681742,24.1525030628745,24.017297749009,24.1369116310709,24.0381102869696,24.1109205935815,24.0277045513642,24.0693210964281,24.0120939477021,24.0485149561396,24.1057215880592,24.1213178064842,24.0589185591878,24.032907552491,23.9860709383021,24.1109205935815,23.8975427475285,23.9548345155266,24.0016855446331,23.9444202371166,23.9756598658044,23.8402185911997,23.8141514353848,23.8662790443357,23.7619969958994,23.7828619938962,23.7515628848466,23.6628295005078,23.8402185911997,24.0693210964281,23.9912760740285,24.0589185591878,24.0641199610143,24.0016855446331,24.1057215880592,24.0797225681742,24.0745219654683,24.0589185591878,24.0693210964281,23.9444202371166,24.0120939477021,24.017297749009,24.0589185591878,24.1317139554589,23.9600412538547,24.0433127548394,23.9652477249841,23.9808655355738,23.9704539289542,24.0277045513642,23.9548345155266,23.7202540996537,23.855855667086,23.9027524276446,24.0016855446331,23.9600412538547,24.032907552491,24.0589185591878,24.1057215880592,24.1213178064842,24.0849229045849,23.9964809427924,23.8975427475285,23.9652477249841,23.9704539289542,23.9444202371166,23.9704539289542,23.9808655355738,24.0068898795898,24.017297749009,23.9392126969559,23.855855667086,24.0433127548394,24.032907552491,23.9496275099604,23.9444202371166,23.9496275099604,23.9287968145261,23.9860709383021,24.1369116310709,24.1369116310709,24.1265160139431,24.0537168909092,24.1576996752618,24.1525030628745,24.1473061847397,23.9496275099604,23.9912760740285,23.9496275099604,24.220038309803,24.1732879183289,24.2096511916044,24.3860881214467,24.2511932998677,24.2252314710217,24.2096511916044,24.1576996752618,24.5311599032229,24.5518675968447,24.6139654618445,24.6191385780148,24.6863652356057,24.6294840235847,24.588095945611,24.5673956078683,24.6967038696157,24.6760255545029,24.6243114319154,24.6398284203822
23.9964809427924,23.9756598658044,23.8714903310769,23.6262696012084,23.9287968145261,23.8975427475285,23.8923327997404,23.8662790443357,23.8402185911997,24.0589185591878,24.02250128355,24.1213178064842,23.9340048894389,24.1369116310709,23.8662790443357,23.7463454261675,23.756780074744,23.8350056964094,23.8975427475285,23.8714903310769,23.9600412538547,23.9287968145261,23.8297925334724,23.8819121009899,23.9287968145261,23.8662790443357,23.9756598658044,23.8767013499485,24.0277045513642,23.8610674896852,23.8245791023491,23.7672136483527,23.8089371994645,23.9235884721781,23.7985079225496,23.8402185911997,23.7254729028382,23.7254729028382,23.9652477249841,23.9340048894389,23.9444202371166,23.9600412538547,23.9756598658044,23.9287968145261,23.8662790443357,24.017297749009,23.9652477249841,23.9392126969559,23.8089371994645,23.8089371994645,23.9183798623554,23.8662790443357,23.9756598658044,23.9600412538547,23.9079618401281,23.7672136483527,23.7985079225496,23.7985079225496,23.8871225842407,23.7985079225496,23.8089371994645,23.8089371994645,23.7045960758182,23.7254729028382,23.7150350274487,23.7254729028382,23.7985079225496,23.9183798623554,23.7150350274487,23.9287968145261,23.8923327997404,23.7985079225496,23.8506435764983,23.8767013499485,23.9808655355738,23.8297925334724,23.9444202371166,23.9027524276446,23.855855667086,23.8923327997404,23.8975427475285,23.8037226951994,23.9444202371166,23.8089371994645,23.8714903310769,23.9235884721781,23.8714903310769,23.7098156861836,23.8245791023491,23.6628295005078,23.9027524276446,23.7985079225496,23.9079618401281,23.8714903310769,23.8350056964094,23.9287968145261,23.8871225842407,24.0953227786774,24.16809210295,24.0589185591878,24.1421090408181,24.0953227786774,24.0693210964281,24.1784834681163,24.2511932998677,24.16809210295,24.2511932998677,24.2252314710217,24.1161193330435,24.0537168909092,24.0745219654683,24.1369116310709,24.0693210964281,24.0641199610143,24.2252314710217,24.1109205935815,24.0016855446331,23.855855667086,23.9027524276446,23.7776461473113,23.9496275099604,23.9496275099604,23.9079618401281,23.9131709850186,23.8819121009899,24.0016855446331,24.0433127548394,24.1057215880592,24.1161193330435,24.0745219654683,24.02250128355,24.0120939477021,24.1161193330435,24.1473061847397,24.1265160139431,24.017297749009,24.1265160139431,23.9756598658044,24.0120939477021,24.1213178064842,24.0641199610143,24.02250128355,24.0693210964281,24.1109205935815,24.1109205935815,24.0589185591878,23.9392126969559,24.0537168909092,23.9496275099604,24.0537168909092,23.9808655355738,24.0016855446331,23.9235884721781,23.9027524276446,23.7828619938962,23.7724300321434,23.8819121009899,23.735909702305,23.6053722968077,23.7724300321434,24.0433127548394,24.0485149561396,24.0641199610143,24.0016855446331,23.9027524276446,23.9287968145261,23.9860709383021,24.0277045513642,24.017297749009,24.0068898795898,24.02250128355,23.9287968145261,23.9964809427924,23.9548345155266,23.9964809427924,23.9808655355738,23.9392126969559,23.9392126969559,23.9860709383021,23.9444202371166,23.9235884721781,23.9183798623554,24.032907552491,23.9079618401281,23.9183798623554,23.9444202371166,23.8141514353848,24.1213178064842,24.0381102869696,24.0641199610143,24.0797225681742,24.0797225681742,24.0537168909092,23.9548345155266,23.9600412538547,23.9600412538547,23.8610674896852,23.9860709383021,23.9912760740285,24.0120939477021,23.9235884721781,23.9079618401281,23.9131709850186,24.017297749009,23.9496275099604,23.9808655355738,23.9704539289542,23.9548345155266,23.9444202371166,24.017297749009,24.0016855446331,24.1473061847397,24.0433127548394,24.0693210964281,23.9756598658044,23.9652477249841,23.9444202371166,23.9496275099604,23.9392126969559,24.0068898795898,24.1317139554589,24.02250128355,24.1057215880592,24.2252314710217,24.0953227786774,24.19406852432,24.1005223164376,24.1317139554589,24.3497878691456,24.3446010620456,24.5466910676864,24.6036184425424,24.598444539334,24.6294840235847,24.588095945611,24.593270373703,24.6967038696157,24.6243114319154,24.6036184425424,24.5570438632356
23.8402185911997,23.7880775719377,24.0381102869696,23.855855667086,23.8245791023491,24.0016855446331,23.9912760740285,23.9600412538547,24.0068898795898,24.0953227786774,24.1369116310709,24.1317139554589,23.8975427475285,23.9027524276446,23.7672136483527,23.9287968145261,23.8506435764983,23.7724300321434,23.7672136483527,23.8767013499485,23.7724300321434,23.8350056964094,23.8245791023491,23.9131709850186,23.9860709383021,23.8714903310769,23.8245791023491,23.8350056964094,23.8662790443357,23.8454312178827,23.9183798623554,23.9079618401281,23.8662790443357,23.8402185911997,23.756780074744,23.6837149425584,23.6837149425584,23.7150350274487,23.8610674896852,23.9079618401281,23.9079618401281,23.9235884721781,23.8819121009899,23.9235884721781,23.9287968145261,23.9340048894389,23.8402185911997,23.9183798623554,23.9652477249841,23.7672136483527,23.8245791023491,23.9287968145261,23.9340048894389,23.9183798623554,23.7776461473113,23.8297925334724,23.7828619938962,23.8089371994645,23.8767013499485,23.7932928814756,23.7098156861836,23.6837149425584,23.652385162888,23.7150350274487,23.6680512651093,23.7463454261675,23.8297925334724,23.6837149425584,23.8662790443357,23.8714903310769,23.7045960758182,23.7932928814756,23.7932928814756,23.7985079225496,23.8871225842407,23.8714903310769,23.9235884721781,23.8402185911997,23.9183798623554,23.7724300321434,23.7776461473113,23.8714903310769,23.855855667086,23.8975427475285,23.8714903310769,23.8506435764983,23.7985079225496,23.8245791023491,23.8141514353848,23.8141514353848,23.8402185911997,23.7619969958994,23.8767013499485,23.8610674896852,23.7724300321434,23.7411276986669,23.8610674896852,23.855855667086,23.9079618401281,23.9652477249841,24.0120939477021,24.0849229045849,23.9860709383021,24.0120939477021,24.1836787523513,24.0381102869696,24.1369116310709,24.1576996752618,24.1265160139431,24.2460014642685,24.1317139554589,24.0537168909092,24.16809210295,24.1784834681163,24.1109205935815,24.1628960219406,23.9652477249841,23.9496275099604,23.7672136483527,23.9340048894389,23.9964809427924,24.0433127548394,24.0016855446331,23.9652477249841,23.9964809427924,24.0068898795898,23.9912760740285,24.0068898795898,24.0797225681742,24.0589185591878,24.0120939477021,24.017297749009,24.1161193330435,24.0120939477021,24.032907552491,24.0537168909092,24.0485149561396,23.9808655355738,24.0485149561396,23.9287968145261,23.9860709383021,24.0381102869696,24.032907552491,24.1317139554589,24.0745219654683,24.1576996752618,24.0797225681742,24.1525030628745,24.0901229747396,24.0797225681742,24.0797225681742,23.9652477249841,23.8350056964094,23.8245791023491,23.7463454261675,23.9496275099604,24.0589185591878,23.8871225842407,24.0068898795898,23.8975427475285,24.0589185591878,24.0693210964281,24.0485149561396,24.1109205935815,23.9704539289542,24.0381102869696,24.0953227786774,23.9548345155266,23.8923327997404,23.9600412538547,23.9964809427924,24.032907552491,23.9027524276446,23.9860709383021,23.9756598658044,23.9444202371166,23.9287968145261,24.0901229747396,23.9183798623554,23.9808655355738,23.9600412538547,23.9548345155266,23.8714903310769,23.9235884721781,24.0068898795898,24.1576996752618,24.1473061847397,24.0120939477021,24.032907552491,24.0745219654683,24.0745219654683,23.9496275099604,23.9496275099604,24.0433127548394,23.9444202371166,23.9652477249841,23.9340048894389,24.0849229045849,23.9860709383021,24.032907552491,23.9340048894389,24.032907552491,23.8923327997404,24.0277045513642,24.0693210964281,24.1005223164376,24.017297749009,23.9912760740285,23.9131709850186,23.9600412538547,24.1213178064842,24.1369116310709,24.1161193330435,24.0953227786774,24.19406852432,23.9652477249841,23.9600412538547,24.0641199610143,23.9600412538547,24.0068898795898,24.1317139554589,24.02250128355,24.2044572345467,24.1005223164376,24.1421090408181,24.1888737710728,24.3446010620456,24.1369116310709,24.3497878691456,24.4275582848784,24.6346563530609,24.6967038696157,24.8155229994525,24.7587137017957,24.6656848260024,24.7277134921382,24.6139654618445,24.7070414568379,24.7225458756109,24.6294840235847
24.032907552491,23.9287968145261,23.9392126969559,23.8975427475285,23.9912760740285,24.0068898795898,23.9808655355738,23.8923327997404,24.0381102869696,24.1421090408181,24.0485149561396,23.9600412538547,23.9860709383021,23.8767013499485,23.7724300321434,23.8297925334724,23.735909702305,23.9079618401281,23.7672136483527,23.7828619938962,23.8923327997404,23.8767013499485,23.8610674896852,23.8037226951994,23.9496275099604,23.9548345155266,23.9652477249841,23.9444202371166,23.8350056964094,23.8610674896852,23.9340048894389,23.8714903310769,23.9496275099604,24.0589185591878,23.8819121009899,23.8297925334724,23.7202540996537,23.756780074744,23.7463454261675,23.8975427475285,23.8610674896852,24.02250128355,23.9600412538547,23.7619969958994,23.7828619938962,23.8819121009899,23.9392126969559,23.9392126969559,23.8141514353848,23.8193654029997,23.8871225842407,23.8297925334724,23.8923327997404,23.9340048894389,23.7932928814756,23.8037226951994,23.7672136483527,23.8402185911997,23.7463454261675,23.9131709850186,23.7776461473113,23.7672136483527,23.6993761963129,23.8819121009899,23.8923327997404,23.8245791023491,24.0068898795898,24.0016855446331,23.8714903310769,23.8350056964094,23.8610674896852,23.8089371994645,23.8506435764983,23.7724300321434,23.9340048894389,23.9027524276446,23.8350056964094,23.9131709850186,23.9392126969559,23.9079618401281,23.9652477249841,23.9548345155266,23.9340048894389,23.9392126969559,23.8714903310769,23.8350056964094,23.8245791023491,23.8141514353848,23.8402185911997,23.7619969958994,23.855855667086,23.7672136483527,23.8662790443357,23.8402185911997,23.7724300321434,23.9652477249841,23.9496275099604,23.9704539289542,24.0485149561396,24.0693210964281,23.9287968145261,24.0849229045849,24.0485149561396,24.0433127548394,24.0277045513642,24.2460014642685,24.235616997893,24.2771485035319,24.2304243670388,24.1992630121316,24.1576996752618,24.2875287310348,24.2979078995965,24.2875287310348,24.1576996752618,24.032907552491,24.032907552491,23.9756598658044,23.9652477249841,23.9860709383021,23.9964809427924,24.0485149561396,23.9235884721781,24.032907552491,24.0016855446331,23.8871225842407,23.8819121009899,24.032907552491,24.0901229747396,24.0901229747396,24.0485149561396,23.9287968145261,24.1057215880592,23.9964809427924,24.1421090408181,24.1628960219406,24.1317139554589,24.0537168909092,23.9652477249841,24.0016855446331,23.9444202371166,24.2044572345467,24.0589185591878,24.2096511916044,24.0745219654683,24.0537168909092,24.0797225681742,24.0433127548394,24.0745219654683,24.0745219654683,24.0745219654683,23.9652477249841,23.8297925334724,23.9496275099604,23.8141514353848,23.9235884721781,23.9496275099604,23.8871225842407,23.6993761963129,24.0641199610143,24.0589185591878,24.0641199610143,24.0120939477021,24.1057215880592,23.9548345155266,24.02250128355,24.0120939477021,23.9964809427924,24.1005223164376,24.0120939477021,24.1473061847397,24.0537168909092,23.9808655355738,23.9756598658044,23.9287968145261,23.9392126969559,24.0016855446331,23.9704539289542,23.9340048894389,23.9340048894389,23.9756598658044,24.0641199610143,24.0537168909092,24.0693210964281,24.0433127548394,24.0433127548394,24.0485149561396,24.1265160139431,24.017297749009,23.9079618401281,23.9235884721781,23.9704539289542,24.0797225681742,23.9600412538547,24.0433127548394,23.9600412538547,24.0901229747396,24.0381102869696,24.0641199610143,24.0381102869696,23.9496275099604,24.0381102869696,23.9079618401281,24.0745219654683,24.0901229747396,24.0433127548394,24.0433127548394,24.0953227786774,23.9444202371166,24.017297749009,24.0901229747396,24.0797225681742,24.1109205935815,24.1161193330435,24.0068898795898,24.0537168909092,24.0589185591878,23.9912760740285,24.220038309803,24.0849229045849,24.1109205935815,24.0745219654683,24.1057215880592,24.0641199610143,24.0641199610143,24.16809210295,24.1836787523513,24.1732879183289,24.16809210295,24.4068253139224,24.5829212550199,24.6036184425424,24.7638794888426,24.6139654618445,24.7690450146872,24.7483813439431,24.7845400253874,24.7638794888426,24.7587137017957,24.8671404277798
24.0537168909092,24.0537168909092,23.9444202371166,23.9964809427924,23.8350056964094,24.0016855446331,24.017297749009,23.9496275099604,23.8714903310769,23.9756598658044,24.0537168909092,24.0641199610143,24.0589185591878,23.9600412538547,23.8662790443357,23.7463454261675,23.8610674896852,23.8506435764983,23.9392126969559,23.8714903310769,23.9652477249841,23.9860709383021,23.9704539289542,23.8767013499485,23.8714903310769,23.9079618401281,23.9548345155266,23.9235884721781,23.8506435764983,23.9131709850186,23.9600412538547,23.9392126969559,23.9287968145261,23.9704539289542,23.9652477249841,23.8297925334724,23.7202540996537,23.8610674896852,23.8037226951994,23.7932928814756,23.8871225842407,23.9808655355738,23.8662790443357,23.8923327997404,23.9131709850186,24.02250128355,24.0433127548394,23.9235884721781,23.8245791023491,23.8975427475285,23.9964809427924,23.9912760740285,23.8975427475285,23.9079618401281,23.8610674896852,23.9548345155266,23.8193654029997,23.8662790443357,23.9079618401281,23.9131709850186,23.8506435764983,23.9964809427924,23.9287968145261,23.8662790443357,23.730691437042,23.7776461473113,23.7619969958994,23.8714903310769,23.8871225842407,23.8819121009899,23.9079618401281,23.7254729028382,23.8350056964094,23.7463454261675,23.7619969958994,23.8923327997404,23.9027524276446,23.9548345155266,23.9808655355738,23.9912760740285,23.8714903310769,24.0641199610143,23.9756598658044,23.8610674896852,23.9964809427924,23.8819121009899,23.8350056964094,23.8193654029997,23.8350056964094,23.8714903310769,23.9287968145261,23.8141514353848,23.8245791023491,23.7463454261675,23.8245791023491,23.9808655355738,24.0016855446331,24.0797225681742,24.1265160139431,23.9912760740285,24.0589185591878,24.0485149561396,24.0433127548394,23.9756598658044,24.16809210295,24.1784834681163,24.2096511916044,24.2511932998677,24.2460014642685,24.2563848704595,24.1265160139431,24.2875287310348,24.1369116310709,24.1369116310709,24.0641199610143,24.1525030628745,24.1109205935815,24.0641199610143,24.1421090408181,24.0068898795898,24.0068898795898,24.0016855446331,23.9964809427924,24.0068898795898,23.8767013499485,23.9548345155266,23.9496275099604,23.9496275099604,24.0901229747396,24.1888737710728,24.1888737710728,24.0016855446331,24.032907552491,24.1732879183289,24.1576996752618,24.1784834681163,24.1836787523513,23.9912760740285,24.0953227786774,24.1473061847397,24.0797225681742,24.2927184476639,24.0381102869696,24.0693210964281,24.0485149561396,24.0693210964281,24.0693210964281,24.1576996752618,24.0849229045849,24.2304243670388,24.1628960219406,24.0537168909092,23.9808655355738,23.8402185911997,23.8297925334724,23.8662790443357,23.8662790443357,23.8506435764983,23.9287968145261,23.9600412538547,23.9860709383021,24.1161193330435,24.0745219654683,24.0953227786774,24.0381102869696,24.017297749009,23.9496275099604,24.0120939477021,24.0016855446331,23.9600412538547,24.0068898795898,23.9183798623554,23.9704539289542,23.9756598658044,23.9756598658044,23.9808655355738,24.0485149561396,23.9496275099604,23.9912760740285,23.9444202371166,23.9235884721781,24.0120939477021,24.02250128355,23.9340048894389,23.9235884721781,23.9808655355738,24.0589185591878,24.032907552491,24.0381102869696,24.02250128355,24.1057215880592,23.9496275099604,23.9496275099604,23.9548345155266,24.0485149561396,23.9808655355738,24.0381102869696,23.9548345155266,23.9964809427924,23.9600412538547,24.0433127548394,23.9548345155266,24.0016855446331,24.1109205935815,24.032907552491,24.1005223164376,24.1161193330435,24.0068898795898,24.0381102869696,24.0537168909092,24.1473061847397,24.1888737710728,24.0953227786774,24.1732879183289,24.0068898795898,24.1732879183289,24.017297749009,24.1213178064842,24.0797225681742,24.0589185591878,24.0953227786774,24.0641199610143,24.1005223164376,24.0068898795898,23.9756598658044,24.0537168909092,24.0381102869696,24.1005223164376,24.3705324552306,24.3705324552306,24.5363372209139,24.5052693701856,24.6398284203822,24.6191385780148,24.6553430497988,24.6087920833666,24.593270373703,24.6087920833666,24.4897318933139,24.6398284203822
23.9704539289542,23.9860709383021,23.8819121009899,23.8767013499485,23.8923327997404,23.8819121009899,23.9964809427924,23.9287968145261,23.9183798623554,23.855855667086,23.8141514353848,23.8662790443357,23.8975427475285,23.855855667086,23.8506435764983,23.7254729028382,23.8454312178827,23.8819121009899,23.8819121009899,23.9027524276446,23.9444202371166,23.9756598658044,23.9704539289542,23.8662790443357,23.8714903310769,23.8193654029997,23.9756598658044,23.9392126969559,24.0277045513642,23.9183798623554,23.8871225842407,23.9183798623554,23.9235884721781,23.8506435764983,23.8610674896852,23.9912760740285,23.8089371994645,23.7776461473113,23.7202540996537,23.8767013499485,23.7202540996537,23.8975427475285,23.855855667086,23.8819121009899,23.9964809427924,23.9235884721781,23.9235884721781,23.9496275099604,23.8193654029997,23.756780074744,23.8975427475285,23.8923327997404,23.8506435764983,23.9027524276446,23.9548345155266,23.8975427475285,23.9183798623554,23.855855667086,23.9235884721781,23.9235884721781,23.9496275099604,23.9235884721781,24.0381102869696,23.7045960758182,23.855855667086,23.8923327997404,23.8350056964094,23.9235884721781,23.9756598658044,23.8245791023491,23.8767013499485,23.8297925334724,23.8193654029997,23.8141514353848,23.8767013499485,23.9131709850186,23.9444202371166,23.9756598658044,23.9027524276446,23.9548345155266,23.9496275099604,23.9756598658044,23.9912760740285,23.9131709850186,23.8350056964094,24.017297749009,23.9808655355738,23.8245791023491,23.8350056964094,23.9027524276446,23.7828619938962,23.9079618401281,23.9079618401281,23.9027524276446,23.7828619938962,23.8975427475285,23.8610674896852,23.9860709383021,24.0381102869696,23.9860709383021,24.0016855446331,24.0589185591878,24.1109205935815,24.0120939477021,24.1109205935815,24.235616997893,24.1732879183289,24.235616997893,24.2044572345467,24.2875287310348,24.1732879183289,24.2719579925803,24.1888737710728,24.1732879183289,24.02250128355,24.1109205935815,24.1213178064842,24.0068898795898,23.9860709383021,24.02250128355,24.032907552491,24.0068898795898,23.9964809427924,23.8767013499485,23.9964809427924,23.9287968145261,23.8819121009899,23.8923327997404,24.1109205935815,24.1317139554589,24.1576996752618,24.0953227786774,24.1265160139431,24.1213178064842,24.1628960219406,24.1836787523513,24.1421090408181,24.1576996752618,24.0016855446331,24.0433127548394,24.02250128355,24.1525030628745,24.2044572345467,24.2148448833435,24.0641199610143,24.1213178064842,24.0693210964281,24.1836787523513,24.1005223164376,24.1109205935815,24.0589185591878,24.032907552491,24.0485149561396,24.1576996752618,24.0901229747396,24.0693210964281,23.8871225842407,23.8402185911997,24.0120939477021,24.0589185591878,24.0120939477021,24.0120939477021,24.017297749009,24.0120939477021,24.1213178064842,24.0901229747396,23.9912760740285,24.0016855446331,23.9600412538547,23.9600412538547,24.0485149561396,23.9548345155266,23.9652477249841,23.9808655355738,24.1265160139431,24.017297749009,23.9131709850186,24.02250128355,23.9964809427924,23.9860709383021,24.0120939477021,24.0797225681742,24.0641199610143,24.0797225681742,24.1161193330435,24.1161193330435,24.0485149561396,24.1161193330435,24.0641199610143,24.032907552491,24.2719579925803,24.02250128355,23.9027524276446,23.9808655355738,23.9652477249841,24.0693210964281,24.0485149561396,24.1265160139431,24.0901229747396,24.1057215880592,24.0068898795898,24.0068898795898,24.0277045513642,24.0953227786774,24.0901229747396,24.1109205935815,24.032907552491,24.02250128355,24.02250128355,24.1473061847397,24.16809210295,24.2148448833435,24.16809210295,24.0641199610143,24.2096511916044,23.9808655355738,24.1525030628745,24.1213178064842,24.0433127548394,24.1576996752618,24.1317139554589,24.1888737710728,24.1888737710728,24.0953227786774,24.1369116310709,24.0433127548394,24.2771485035319,24.2044572345467,24.2927184476639,24.4327408682945,24.6243114319154,24.5673956078683,24.6450002255868,24.7483813439431,24.6294840235847,24.6708553211965,24.8155229994525,24.6553430497988,24.6605140688826,24.6398284203822
23.9704539289542,23.9548345155266,23.855855667086,23.9808655355738,23.9287968145261,23.8819121009899,24.0016855446331,23.8402185911997,23.7776461473113,23.9444202371166,23.9183798623554,23.9027524276446,23.7828619938962,23.8141514353848,23.8350056964094,23.9183798623554,23.8975427475285,23.8662790443357,23.9079618401281,23.8767013499485,23.9652477249841,23.9287968145261,23.9392126969559,23.9392126969559,23.7776461473113,23.7672136483527,23.855855667086,23.7672136483527,23.9183798623554,23.9912760740285,23.9287968145261,23.9964809427924,23.6680512651093,23.8193654029997,23.8819121009899,23.8297925334724,23.8454312178827,23.8037226951994,23.7880775719377,23.8089371994645,23.8662790443357,23.8350056964094,23.8923327997404,23.8610674896852,23.9340048894389,23.9183798623554,23.8454312178827,23.8454312178827,23.756780074744,23.855855667086,23.8871225842407,23.8767013499485,23.9183798623554,23.8193654029997,23.9340048894389,23.9340048894389,23.9860709383021,23.9235884721781,23.9652477249841,24.0381102869696,24.0433127548394,23.9183798623554,23.8923327997404,23.8819121009899,24.0120939477021,23.8297925334724,24.0016855446331,23.9392126969559,23.9808655355738,23.8819121009899,23.8767013499485,23.8819121009899,23.8245791023491,23.8245791023491,23.8714903310769,23.9131709850186,23.8610674896852,23.9079618401281,23.9027524276446,23.9340048894389,24.0641199610143,23.9704539289542,24.0485149561396,23.9392126969559,23.855855667086,24.032907552491,23.9600412538547,23.9704539289542,23.8350056964094,23.8923327997404,23.9496275099604,23.7880775719377,23.8350056964094,23.9079618401281,23.9548345155266,23.9027524276446,24.017297749009,24.0016855446331,23.9392126969559,23.9496275099604,24.02250128355,23.9912760740285,23.9600412538547,24.0537168909092,24.1473061847397,24.235616997893,24.2148448833435,24.1213178064842,24.2979078995965,24.2096511916044,24.1576996752618,24.1628960219406,24.2927184476639,24.2823387496704,24.1421090408181,24.1473061847397,24.1161193330435,24.0745219654683,24.1005223164376,23.9912760740285,23.9912760740285,23.8871225842407,23.8714903310769,24.0485149561396,23.9964809427924,23.8819121009899,23.9652477249841,24.032907552491,24.1369116310709,24.16809210295,24.1525030628745,24.0433127548394,24.1057215880592,24.1473061847397,24.2148448833435,24.16809210295,24.1628960219406,24.1161193330435,24.0120939477021,24.1628960219406,24.1213178064842,24.0797225681742,24.1421090408181,24.0797225681742,24.1265160139431,24.1473061847397,24.0485149561396,24.1317139554589,24.0537168909092,24.1265160139431,24.0485149561396,24.1265160139431,23.8923327997404,24.1421090408181,23.8037226951994,23.8141514353848,23.8402185911997,23.8245791023491,23.8506435764983,23.9860709383021,24.0277045513642,24.1525030628745,24.0277045513642,24.0589185591878,24.017297749009,24.0641199610143,24.0120939477021,23.9756598658044,23.9756598658044,24.0693210964281,23.9340048894389,23.9808655355738,23.9183798623554,23.9704539289542,23.9287968145261,23.9600412538547,24.0433127548394,23.9860709383021,24.0485149561396,24.02250128355,23.9183798623554,24.0485149561396,24.0745219654683,24.032907552491,24.1421090408181,24.1213178064842,24.0901229747396,24.1836787523513,24.1265160139431,24.1369116310709,23.9912760740285,23.9652477249841,23.9912760740285,23.9079618401281,23.9912760740285,24.1576996752618,24.1317139554589,24.1421090408181,24.0745219654683,24.02250128355,24.1317139554589,24.1005223164376,24.0797225681742,24.0641199610143,24.0849229045849,24.1005223164376,24.1161193330435,24.1525030628745,24.0381102869696,24.0537168909092,24.266767216777,24.16809210295,24.266767216777,24.220038309803,24.1732879183289,24.1628960219406,24.1836787523513,24.1369116310709,24.0068898795898,24.0849229045849,24.0745219654683,24.0745219654683,24.0381102869696,24.1057215880592,24.2096511916044,24.2875287310348,24.1213178064842,24.2148448833435,24.2875287310348,24.4327408682945,24.6501717687129,24.6967038696157,24.68119552596,24.7018727940562,24.8103598227198,24.7587137017957,24.6656848260024,24.7638794888426,24.7793752829217,24.7587137017957
23.8662790443357,24.0381102869696,23.8297925334724,23.9496275099604,23.9704539289542,23.8767013499485,23.9912760740285,23.8871225842407,23.855855667086,23.9027524276446,23.8975427475285,24.0641199610143,23.8245791023491,23.730691437042,23.8767013499485,23.7672136483527,23.8767013499485,23.9912760740285,23.8402185911997,23.8819121009899,23.8454312178827,23.9600412538547,23.9287968145261,23.9287968145261,23.8819121009899,23.9756598658044,23.7776461473113,23.8819121009899,23.9756598658044,23.9704539289542,24.017297749009,24.0381102869696,24.017297749009,23.9704539289542,23.9912760740285,23.8610674896852,23.9704539289542,23.9912760740285,23.8506435764983,23.8871225842407,23.8454312178827,23.855855667086,23.8923327997404,23.9027524276446,23.9704539289542,23.9600412538547,23.9548345155266,23.8402185911997,23.9131709850186,24.0381102869696,23.8714903310769,23.8923327997404,23.9183798623554,23.9496275099604,23.9183798623554,23.8610674896852,23.9860709383021,23.9287968145261,23.8767013499485,23.8714903310769,23.9183798623554,23.8975427475285,23.8714903310769,23.8923327997404,23.9131709850186,23.8871225842407,23.9860709383021,23.9444202371166,23.9548345155266,23.8662790443357,24.0068898795898,23.9183798623554,23.9131709850186,23.8714903310769,23.9131709850186,23.9496275099604,23.9027524276446,23.9548345155266,23.855855667086,23.9183798623554,23.9079618401281,23.9912760740285,23.9860709383021,23.9912760740285,24.032907552491,24.0120939477021,23.9183798623554,23.9912760740285,23.9235884721781,23.9548345155266,23.9183798623554,23.8871225842407,23.9079618401281,24.0120939477021,23.9444202371166,24.0120939477021,23.9444202371166,24.0589185591878,24.0120939477021,24.0745219654683,24.017297749009,23.9340048894389,24.0901229747396,24.032907552491,24.2252314710217,24.2304243670388,24.2148448833435,23.9756598658044,24.2304243670388,24.1576996752618,24.1836787523513,24.1576996752618,24.0797225681742,24.1213178064842,24.0745219654683,24.1628960219406,24.1576996752618,24.0120939477021,24.0433127548394,24.0693210964281,23.8819121009899,23.9964809427924,23.9183798623554,24.0537168909092,23.8819121009899,23.8714903310769,23.9131709850186,23.9964809427924,24.1369116310709,24.0641199610143,24.1369116310709,24.032907552491,24.0745219654683,24.0953227786774,24.1213178064842,24.1784834681163,24.0120939477021,24.1421090408181,24.0953227786774,24.2044572345467,24.1473061847397,24.1369116310709,24.1161193330435,24.0797225681742,24.1369116310709,24.1161193330435,24.0693210964281,24.0381102869696,24.0589185591878,23.9860709383021,24.1005223164376,24.0849229045849,24.0120939477021,23.8819121009899,24.0016855446331,23.8454312178827,23.9652477249841,23.8767013499485,23.9235884721781,24.017297749009,24.0120939477021,24.0016855446331,24.017297749009,23.9131709850186,23.9444202371166,24.017297749009,24.0277045513642,23.9756598658044,23.9964809427924,23.9808655355738,23.9444202371166,24.0433127548394,23.9183798623554,24.0901229747396,23.9808655355738,23.9808655355738,23.9860709383021,24.0381102869696,24.0381102869696,23.9652477249841,24.1109205935815,24.032907552491,24.0849229045849,24.0849229045849,24.1421090408181,24.0745219654683,24.1213178064842,24.1109205935815,24.19406852432,24.0120939477021,24.1421090408181,24.1628960219406,23.9600412538547,24.1109205935815,24.16809210295,24.0641199610143,24.0120939477021,24.0016855446331,23.9808655355738,24.0016855446331,24.0120939477021,24.1005223164376,24.02250128355,24.0693210964281,23.9652477249841,24.1213178064842,24.0797225681742,24.1836787523513,24.1421090408181,24.2096511916044,24.1992630121316,24.2563848704595,24.1576996752618,24.1317139554589,24.16809210295,24.1213178064842,24.1784834681163,24.0641199610143,24.0381102869696,24.1836787523513,24.0381102869696,24.0381102869696,24.2148448833435,24.1576996752618,24.1161193330435,24.1109205935815,24.1213178064842,24.2771485035319,24.266767216777,24.4793722593216,24.3497878691456,24.6501717687129,24.68119552596,24.6967038696157,24.6398284203822,24.7432147730614,24.5777463018912,24.6863652356057,24.8000326866343,24.8051963851263
24.1317139554589,23.9600412538547,23.9704539289542,23.9079618401281,23.9444202371166,24.017297749009,23.7776461473113,23.8975427475285,23.7985079225496,23.7828619938962,23.9183798623554,23.8714903310769,23.8871225842407,23.7932928814756,23.9808655355738,23.9704539289542,23.9079618401281,23.9600412538547,23.8871225842407,23.9027524276446,24.0381102869696,23.9392126969559,23.8975427475285,23.9287968145261,23.8662790443357,24.0641199610143,23.9808655355738,23.9704539289542,24.032907552491,23.9912760740285,23.8871225842407,23.9652477249841,23.9444202371166,23.9027524276446,24.0068898795898,24.0797225681742,23.9808655355738,24.0849229045849,23.8714903310769,23.8923327997404,23.8350056964094,23.9652477249841,23.9235884721781,23.8245791023491,23.9756598658044,23.9756598658044,24.032907552491,23.855855667086,23.855855667086,23.9287968145261,23.9392126969559,23.9912760740285,23.9912760740285,23.8767013499485,23.8193654029997,23.9912760740285,24.0016855446331,23.9340048894389,23.9860709383021,24.0589185591878,23.9704539289542,23.9183798623554,23.9079618401281,24.0277045513642,24.0068898795898,24.02250128355,24.1265160139431,23.9808655355738,23.8454312178827,23.8297925334724,23.9340048894389,23.8506435764983,23.8819121009899,23.8193654029997,23.735909702305,23.8767013499485,23.8819121009899,23.9652477249841,24.017297749009,23.9340048894389,23.855855667086,23.9912760740285,23.9808655355738,24.0068898795898,24.0016855446331,24.0485149561396,23.9444202371166,23.9548345155266,24.0433127548394,23.9235884721781,23.9600412538547,23.9600412538547,23.9444202371166,23.9964809427924,23.9392126969559,24.0016855446331,23.855855667086,23.9808655355738,24.0537168909092,23.9548345155266,24.1161193330435,23.9235884721781,23.9444202371166,24.1109205935815,24.1161193330435,24.1576996752618,24.2252314710217,23.9860709383021,24.1836787523513,24.0745219654683,24.16809210295,24.19406852432,24.1265160139431,24.16809210295,24.0485149561396,24.2979078995965,24.2875287310348,24.0277045513642,24.0016855446331,24.0797225681742,24.1473061847397,24.0693210964281,24.032907552491,24.0433127548394,24.0277045513642,24.0068898795898,23.9860709383021,23.9704539289542,24.3030970868713,24.2823387496704,24.1473061847397,24.0745219654683,24.1109205935815,24.0849229045849,24.16809210295,24.16809210295,24.19406852432,24.3342266548802,24.1888737710728,24.1161193330435,24.2408093636233,24.1005223164376,24.1057215880592,24.1317139554589,24.032907552491,24.0068898795898,24.02250128355,24.032907552491,24.0485149561396,24.0381102869696,24.1005223164376,24.0068898795898,23.9704539289542,23.8245791023491,23.9131709850186,23.8871225842407,23.9756598658044,23.8610674896852,23.9235884721781,23.8923327997404,24.0381102869696,23.9652477249841,24.0381102869696,24.0277045513642,23.8975427475285,24.0485149561396,24.017297749009,24.0068898795898,24.02250128355,23.8610674896852,23.9600412538547,24.0953227786774,23.9340048894389,24.0537168909092,24.1473061847397,23.9704539289542,24.1109205935815,24.0849229045849,24.1265160139431,24.1369116310709,24.0589185591878,24.1005223164376,24.1057215880592,24.1784834681163,24.1732879183289,24.1628960219406,24.1421090408181,24.1525030628745,24.1369116310709,24.0849229045849,24.0901229747396,24.1525030628745,24.0381102869696,24.0641199610143,24.1473061847397,24.0641199610143,24.19406852432,24.2252314710217,24.19406852432,24.02250128355,24.017297749009,24.0797225681742,24.0849229045849,24.0745219654683,24.0797225681742,24.1732879183289,24.0693210964281,24.1628960219406,24.1057215880592,24.2460014642685,24.1525030628745,24.1213178064842,24.0953227786774,24.1525030628745,24.1213178064842,24.1057215880592,24.1161193330435,24.1836787523513,24.1784834681163,24.1732879183289,24.0693210964281,24.0797225681742,24.1005223164376,24.1473061847397,24.1992630121316,24.1005223164376,24.1265160139431,24.1161193330435,24.3497878691456,24.6191385780148,24.6605140688826,24.6450002255868,24.7277134921382,24.7535476535085,24.7432147730614,24.7535476535085,24.7948687272058,24.7483813439431,24.7742102793675,24.7380479408253
24.0485149561396,24.0120939477021,23.8662790443357,23.9235884721781,23.8819121009899,23.8350056964094,23.7776461473113,23.8714903310769,23.8297925334724,23.8454312178827,23.8506435764983,23.7932928814756,23.8297925334724,23.7411276986669,24.02250128355,23.9340048894389,23.9392126969559,23.9079618401281,23.9183798623554,23.9652477249841,23.9600412538547,23.9131709850186,24.0381102869696,24.0537168909092,23.9652477249841,23.9548345155266,23.9652477249841,23.9392126969559,23.9600412538547,23.8506435764983,23.9392126969559,23.8871225842407,23.7202540996537,23.9340048894389,23.9496275099604,24.017297749009,24.0381102869696,23.9027524276446,24.0068898795898,23.9444202371166,23.8141514353848,23.8245791023491,23.8975427475285,23.9079618401281,23.9600412538547,23.8923327997404,23.9756598658044,24.02250128355,23.8245791023491,24.032907552491,24.0485149561396,23.9392126969559,23.9183798623554,24.1473061847397,24.0120939477021,24.0641199610143,23.9652477249841,23.9808655355738,23.9027524276446,23.9392126969559,24.0693210964281,23.9652477249841,24.0016855446331,23.8923327997404,24.0433127548394,23.9704539289542,24.0589185591878,24.0485149561396,23.9235884721781,23.9079618401281,23.9808655355738,23.9079618401281,23.8506435764983,23.8923327997404,23.8245791023491,23.9183798623554,23.8767013499485,24.0745219654683,23.9340048894389,23.9860709383021,23.9756598658044,23.9860709383021,24.0797225681742,24.017297749009,24.1005223164376,24.1057215880592,23.9600412538547,23.9287968145261,24.0901229747396,24.0120939477021,24.0745219654683,24.0433127548394,23.9704539289542,23.9964809427924,24.017297749009,23.9079618401281,23.9964809427924,24.0537168909092,23.9756598658044,24.1109205935815,24.0589185591878,24.1265160139431,24.0120939477021,24.0068898795898,24.0277045513642,24.1836787523513,24.1732879183289,24.1317139554589,24.2148448833435,24.1836787523513,24.2148448833435,24.1888737710728,24.1369116310709,24.0537168909092,24.0745219654683,24.1525030628745,24.2771485035319,24.017297749009,24.0641199610143,24.0901229747396,24.1005223164376,24.0589185591878,23.9912760740285,23.8767013499485,23.9912760740285,23.9704539289542,24.0016855446331,24.0277045513642,24.1057215880592,24.2096511916044,24.266767216777,24.1628960219406,24.2511932998677,24.1576996752618,24.1836787523513,24.0953227786774,24.0849229045849,24.1057215880592,24.1836787523513,24.2044572345467,24.1265160139431,24.1421090408181,24.1317139554589,24.1369116310709,24.1628960219406,24.0485149561396,24.1213178064842,24.017297749009,23.9704539289542,24.02250128355,24.0849229045849,24.1057215880592,24.0016855446331,23.9496275099604,23.8610674896852,23.8819121009899,23.8350056964094,23.8819121009899,23.8297925334724,23.9548345155266,24.0068898795898,24.0068898795898,24.0485149561396,24.0849229045849,24.0277045513642,23.9652477249841,24.0953227786774,24.02250128355,24.0016855446331,23.9340048894389,23.9392126969559,24.0485149561396,23.9912760740285,24.0537168909092,23.9496275099604,24.0849229045849,24.1161193330435,24.0485149561396,24.0693210964281,24.1317139554589,24.0797225681742,24.1576996752618,24.1473061847397,24.1057215880592,24.16809210295,24.1005223164376,24.1576996752618,24.0901229747396,24.1784834681163,23.9860709383021,24.0693210964281,24.1473061847397,24.1109205935815,24.0953227786774,24.1525030628745,24.0953227786774,24.0641199610143,24.19406852432,24.1317139554589,23.9756598658044,24.0589185591878,24.0901229747396,24.0953227786774,24.0485149561396,24.0068898795898,23.9287968145261,24.1576996752618,24.1836787523513,24.2044572345467,24.1628960219406,24.2096511916044,24.1992630121316,24.1109205935815,24.1576996752618,24.1369116310709,24.1525030628745,24.0901229747396,24.0485149561396,24.0797225681742,24.0849229045849,23.9912760740285,24.1421090408181,24.1525030628745,24.2304243670388,24.1784834681163,24.1369116310709,24.1317139554589,24.266767216777,24.2771485035319,24.3809031634257,24.6760255545029,24.6553430497988,24.7225458756109,24.6915346834782,24.7070414568379,24.7897045068028,24.7483813439431,24.6553430497988,24.7742102793675,24.7845400253874
24.0068898795898,23.9340048894389,23.8245791023491,23.9287968145261,23.9756598658044,23.8871225842407,23.855855667086,23.8193654029997,23.8610674896852,23.6576074664474,23.7098156861836,23.6576074664474,23.8714903310769,23.855855667086,24.0485149561396,23.9600412538547,23.7985079225496,23.9235884721781,23.7985079225496,23.9860709383021,23.9235884721781,24.0433127548394,23.8819121009899,23.9600412538547,23.9496275099604,23.8923327997404,24.0485149561396,24.0433127548394,24.0589185591878,23.9808655355738,23.9548345155266,24.0381102869696,23.9756598658044,24.0641199610143,24.0068898795898,24.0277045513642,24.0277045513642,23.9808655355738,24.0120939477021,23.8297925334724,23.9287968145261,23.9548345155266,23.9808655355738,23.9548345155266,23.9183798623554,23.9392126969559,23.8245791023491,23.7932928814756,24.0016855446331,24.1161193330435,23.9235884721781,23.9131709850186,24.0433127548394,23.9964809427924,24.0068898795898,23.9131709850186,23.9183798623554,23.9704539289542,24.0537168909092,24.0433127548394,24.02250128355,24.032907552491,24.0277045513642,24.0589185591878,23.9808655355738,23.9964809427924,23.9287968145261,23.9548345155266,23.9860709383021,23.9912760740285,24.017297749009,24.0277045513642,23.8662790443357,23.9079618401281,23.8037226951994,24.0120939477021,23.8975427475285,24.0485149561396,24.0693210964281,23.9183798623554,24.0745219654683,23.9392126969559,24.0068898795898,24.1213178064842,24.1161193330435,24.1005223164376,24.017297749009,24.017297749009,24.0901229747396,24.0068898795898,23.9496275099604,23.9444202371166,23.9392126969559,23.9548345155266,23.9183798623554,23.8610674896852,24.0381102869696,24.0433127548394,23.9287968145261,24.1213178064842,24.0016855446331,24.1057215880592,23.8923327997404,24.1057215880592,24.1628960219406,24.0953227786774,24.1888737710728,24.1317139554589,24.0589185591878,23.9756598658044,24.1213178064842,24.1265160139431,24.1628960219406,24.2252314710217,24.0485149561396,24.0641199610143,24.2927184476639,24.0797225681742,24.1628960219406,24.1057215880592,24.1421090408181,24.1369116310709,24.0277045513642,24.0433127548394,24.0016855446331,24.0120939477021,24.032907552491,24.017297749009,24.16809210295,24.3342266548802,24.2719579925803,24.0120939477021,24.1473061847397,24.2823387496704,24.2875287310348,24.1317139554589,24.19406852432,24.3290390547373,24.2875287310348,24.1888737710728,24.3082860095273,24.313474667603,24.1732879183289,24.19406852432,24.1473061847397,24.0485149561396,24.0953227786774,24.0641199610143,24.0693210964281,23.9756598658044,24.19406852432,24.19406852432,24.1888737710728,24.0381102869696,24.0381102869696,23.9912760740285,23.8871225842407,23.9235884721781,23.9392126969559,23.9235884721781,24.0901229747396,24.1732879183289,24.16809210295,24.1265160139431,24.017297749009,24.02250128355,24.0381102869696,23.9392126969559,24.0277045513642,23.9340048894389,23.9912760740285,24.0485149561396,23.9704539289542,24.2823387496704,24.0797225681742,24.1161193330435,23.9756598658044,24.1473061847397,24.0433127548394,24.0433127548394,23.9860709383021,24.0745219654683,24.0537168909092,24.1057215880592,24.1005223164376,24.0641199610143,24.1005223164376,24.0797225681742,24.1161193330435,23.9808655355738,24.0068898795898,24.032907552491,24.0485149561396,24.1317139554589,24.1057215880592,24.1628960219406,24.1005223164376,24.0433127548394,23.8923327997404,23.9808655355738,24.0901229747396,24.0537168909092,24.0433127548394,23.9287968145261,24.032907552491,24.0381102869696,23.9287968145261,24.0953227786774,24.0953227786774,24.16809210295,24.0641199610143,23.9964809427924,24.0797225681742,24.017297749009,24.1057215880592,24.1784834681163,24.1628960219406,24.0745219654683,24.0485149561396,24.1473061847397,24.1317139554589,24.1473061847397,24.1421090408181,24.2252314710217,24.0849229045849,24.1784834681163,24.2511932998677,24.2252314710217,24.5104480028654,24.5363372209139,24.6915346834782,24.7018727940562,24.68119552596,24.7070414568379,24.7277134921382,24.7587137017957,24.7587137017957,24.7897045068028,24.7793752829217,24.7432147730614
24.0016855446331,24.0016855446331,23.9756598658044,23.9548345155266,23.9600412538547,23.8141514353848,23.9600412538547,23.7515628848466,23.7724300321434,23.756780074744,23.7619969958994,23.6471625897896,23.7672136483527,23.9600412538547,23.9600412538547,23.9652477249841,23.9027524276446,23.8714903310769,23.9131709850186,24.0537168909092,23.9287968145261,24.0277045513642,23.8871225842407,23.8662790443357,24.0016855446331,23.9704539289542,24.0068898795898,24.0693210964281,23.9756598658044,24.017297749009,24.0381102869696,24.02250128355,24.032907552491,24.1265160139431,23.9548345155266,24.017297749009,24.0277045513642,24.1888737710728,23.8923327997404,23.9548345155266,23.9079618401281,23.9392126969559,23.9183798623554,24.017297749009,23.9444202371166,23.9704539289542,23.7828619938962,23.8975427475285,23.9704539289542,24.1421090408181,24.1421090408181,23.9704539289542,24.0277045513642,24.0120939477021,23.9600412538547,24.032907552491,24.0068898795898,24.0381102869696,24.0537168909092,24.0797225681742,23.9860709383021,23.9287968145261,23.9704539289542,24.2148448833435,24.0589185591878,23.9756598658044,23.8923327997404,23.9808655355738,23.8923327997404,23.8871225842407,23.9079618401281,23.8610674896852,23.8141514353848,23.8714903310769,23.8767013499485,23.8662790443357,24.0277045513642,24.0433127548394,23.9600412538547,24.0433127548394,24.02250128355,23.9964809427924,24.0120939477021,24.032907552491,23.9756598658044,23.9652477249841,24.1109205935815,23.9079618401281,23.9808655355738,23.9496275099604,23.9548345155266,23.9496275099604,23.9340048894389,23.8871225842407,23.9079618401281,24.032907552491,24.0277045513642,24.0433127548394,23.9964809427924,24.0953227786774,24.1213178064842,24.1784834681163,24.0901229747396,24.0849229045849,24.1732879183289,24.220038309803,24.19406852432,24.2252314710217,24.1265160139431,24.1005223164376,24.0589185591878,24.0641199610143,24.16809210295,24.16809210295,24.1628960219406,24.1473061847397,24.266767216777,24.0641199610143,24.0589185591878,24.0120939477021,24.0693210964281,24.1161193330435,24.0433127548394,24.0381102869696,24.1732879183289,24.1317139554589,24.0068898795898,23.9548345155266,24.1473061847397,24.2719579925803,24.1836787523513,24.1265160139431,24.1265160139431,24.0589185591878,24.1888737710728,24.2044572345467,24.16809210295,24.16809210295,24.1421090408181,24.1057215880592,24.1421090408181,24.1732879183289,24.2252314710217,24.1888737710728,24.1992630121316,24.1784834681163,24.1628960219406,23.9912760740285,24.0068898795898,24.0745219654683,23.9964809427924,24.1421090408181,24.19406852432,24.0901229747396,24.1784834681163,24.0120939477021,24.0277045513642,23.9340048894389,24.1369116310709,24.0901229747396,24.0901229747396,23.9964809427924,24.0693210964281,24.032907552491,24.1057215880592,23.9027524276446,23.9027524276446,24.1421090408181,24.0016855446331,24.017297749009,24.032907552491,24.0433127548394,24.1836787523513,24.1836787523513,24.1576996752618,24.0537168909092,23.9964809427924,24.017297749009,24.1161193330435,23.9600412538547,24.0745219654683,24.1005223164376,23.9548345155266,24.1265160139431,24.0641199610143,24.017297749009,24.0797225681742,24.1213178064842,24.0277045513642,23.9860709383021,24.19406852432,23.9964809427924,24.0589185591878,24.0953227786774,24.0745219654683,24.1421090408181,24.1109205935815,24.1005223164376,24.1525030628745,24.2148448833435,24.032907552491,24.0016855446331,24.0120939477021,24.0589185591878,24.0433127548394,23.9860709383021,23.9808655355738,24.0745219654683,24.1005223164376,24.1576996752618,24.1628960219406,24.1836787523513,24.2771485035319,24.2148448833435,24.1784834681163,24.032907552491,24.1628960219406,24.0537168909092,24.1161193330435,24.02250128355,24.1265160139431,24.1473061847397,24.235616997893,24.235616997893,24.2096511916044,24.1473061847397,24.2252314710217,24.2096511916044,24.4638308334468,24.5777463018912,24.7742102793675,24.7690450146872,24.836173098535,24.6708553211965,24.7897045068028,24.7277134921382,24.8826205758957,24.8568190268782,24.7587137017957,24.8671404277798
23.8141514353848,23.9756598658044,23.9079618401281,23.7515628848466,23.7619969958994,23.9079618401281,23.8662790443357,23.735909702305,23.6314932528619,23.8089371994645,23.8245791023491,23.8193654029997,23.8037226951994,23.8402185911997,24.0537168909092,23.9079618401281,23.8767013499485,23.8975427475285,23.8662790443357,23.9340048894389,23.9600412538547,23.7724300321434,23.8975427475285,23.8923327997404,24.017297749009,23.9652477249841,23.8767013499485,24.0745219654683,24.0120939477021,24.0433127548394,24.0120939477021,24.16809210295,24.032907552491,24.0016855446331,23.9600412538547,23.9287968145261,24.0849229045849,24.0016855446331,23.9235884721781,24.1732879183289,23.9496275099604,23.9287968145261,23.8454312178827,23.8037226951994,23.7411276986669,23.8193654029997,23.6837149425584,23.6941560476277,23.7098156861836,23.9600412538547,24.0120939477021,23.9287968145261,24.0537168909092,24.0120939477021,24.0068898795898,23.9704539289542,23.9912760740285,23.8454312178827,23.9704539289542,24.1057215880592,23.9444202371166,24.0485149561396,24.0745219654683,24.0277045513642,23.9235884721781,23.8402185911997,23.9444202371166,23.8454312178827,23.855855667086,23.8871225842407,23.8662790443357,23.8923327997404,23.9340048894389,23.7619969958994,23.756780074744,23.9600412538547,23.9548345155266,23.9444202371166,23.855855667086,23.8923327997404,24.0693210964281,24.0693210964281,24.0485149561396,24.0381102869696,23.8923327997404,23.8871225842407,23.9652477249841,23.9808655355738,24.02250128355,24.1369116310709,24.1369116310709,23.9131709850186,24.0016855446331,23.8714903310769,23.8923327997404,23.8767013499485,23.9183798623554,24.0120939477021,24.0068898795898,24.017297749009,23.9287968145261,24.0277045513642,24.0537168909092,24.1732879183289,24.1836787523513,24.1369116310709,24.0537168909092,24.0797225681742,24.1836787523513,24.2044572345467,24.1057215880592,24.1109205935815,24.1265160139431,24.0693210964281,24.0641199610143,24.1213178064842,24.1473061847397,24.0797225681742,23.9860709383021,24.0433127548394,24.0589185591878,24.0953227786774,24.0693210964281,24.0485149561396,23.9704539289542,23.8610674896852,23.9756598658044,24.0433127548394,24.0641199610143,24.16809210295,24.0849229045849,24.1317139554589,23.9964809427924,24.0016855446331,24.1525030628745,24.1628960219406,24.0641199610143,24.0589185591878,24.1576996752618,24.1784834681163,24.19406852432,24.1628960219406,24.1992630121316,24.0953227786774,24.1836787523513,24.1836787523513,24.1317139554589,24.0485149561396,24.0537168909092,24.0901229747396,24.0641199610143,24.1005223164376,24.032907552491,24.0120939477021,24.02250128355,24.0120939477021,23.9548345155266,23.9808655355738,24.0745219654683,24.0953227786774,24.0433127548394,23.9808655355738,24.1005223164376,23.9183798623554,24.0381102869696,24.0381102869696,23.8923327997404,24.0381102869696,24.02250128355,24.017297749009,24.16809210295,24.0693210964281,24.1732879183289,24.1836787523513,24.2304243670388,24.1317139554589,24.032907552491,24.0849229045849,24.0693210964281,24.0953227786774,24.0745219654683,24.0433127548394,24.19406852432,24.1421090408181,24.16809210295,24.1057215880592,24.0745219654683,24.0953227786774,24.2044572345467,24.0433127548394,24.0537168909092,23.9704539289542,24.1057215880592,24.0849229045849,24.1265160139431,24.0901229747396,24.2044572345467,24.1784834681163,24.1265160139431,23.9912760740285,23.9756598658044,23.9912760740285,24.0485149561396,24.02250128355,23.9704539289542,23.9860709383021,23.9704539289542,23.9808655355738,24.16809210295,24.0797225681742,24.1784834681163,24.19406852432,24.0641199610143,24.0953227786774,24.1473061847397,24.1109205935815,24.1473061847397,24.1836787523513,24.0745219654683,24.1265160139431,24.2927184476639,24.1265160139431,24.220038309803,24.2771485035319,24.1109205935815,24.2927184476639,24.220038309803,24.2719579925803,24.5363372209139,24.5725710861868,24.6191385780148,24.6863652356057,24.6656848260024,24.7638794888426,24.7742102793675,24.7277134921382,24.7897045068028,24.8000326866343,24.7948687272058,24.7587137017957
24.1732879183289,23.9496275099604,23.7463454261675,23.7985079225496,23.6941560476277,23.8297925334724,23.8141514353848,23.6471625897896,23.6889356297228,23.7254729028382,23.7254729028382,23.7776461473113,23.7515628848466,23.8819121009899,23.8350056964094,23.8871225842407,23.9027524276446,23.8506435764983,23.8350056964094,23.8610674896852,23.9652477249841,23.9131709850186,23.8923327997404,24.0016855446331,23.9131709850186,24.0068898795898,23.9964809427924,24.1161193330435,24.017297749009,23.9860709383021,24.1369116310709,24.0693210964281,24.1473061847397,24.1421090408181,24.1317139554589,24.0953227786774,24.017297749009,24.0016855446331,23.9131709850186,23.9392126969559,23.9131709850186,23.8402185911997,23.9287968145261,23.8402185911997,23.8662790443357,23.9704539289542,23.8767013499485,23.7932928814756,23.9496275099604,24.0016855446331,23.9131709850186,23.9079618401281,23.9131709850186,24.0068898795898,23.9964809427924,23.9808655355738,23.855855667086,23.9860709383021,23.9392126969559,24.0381102869696,24.0381102869696,23.9496275099604,24.032907552491,23.8402185911997,23.7619969958994,23.8089371994645,23.9652477249841,23.9027524276446,23.8662790443357,23.8923327997404,24.0953227786774,24.017297749009,23.9652477249841,23.8610674896852,23.7724300321434,23.8714903310769,23.8402185911997,23.8714903310769,24.0120939477021,24.0068898795898,24.0485149561396,24.02250128355,24.0068898795898,24.032907552491,24.0016855446331,23.9756598658044,24.0016855446331,23.9652477249841,24.1317139554589,23.9652477249841,23.9912760740285,24.017297749009,24.1525030628745,24.0537168909092,23.9131709850186,23.8871225842407,23.8923327997404,24.017297749009,24.0016855446331,24.0693210964281,24.032907552491,24.0485149561396,24.0745219654683,24.1265160139431,24.0901229747396,24.1473061847397,24.1317139554589,24.02250128355,24.1265160139431,24.1421090408181,24.1576996752618,24.1576996752618,24.16809210295,24.1525030628745,24.0433127548394,24.1473061847397,24.1473061847397,24.0797225681742,24.16809210295,24.0849229045849,24.0381102869696,24.0537168909092,24.1057215880592,24.1369116310709,23.9548345155266,24.0433127548394,23.9235884721781,24.1161193330435,24.1057215880592,24.0901229747396,24.0797225681742,24.0953227786774,24.0537168909092,24.032907552491,24.0016855446331,24.0277045513642,24.1473061847397,24.0589185591878,24.017297749009,24.1836787523513,24.2148448833435,24.235616997893,24.1525030628745,24.1317139554589,24.19406852432,24.16809210295,24.0693210964281,24.0693210964281,24.017297749009,24.0641199610143,24.0849229045849,24.1628960219406,24.0693210964281,24.1836787523513,24.1057215880592,24.1888737710728,23.9548345155266,23.9600412538547,24.1109205935815,24.1161193330435,24.0589185591878,24.1732879183289,24.1784834681163,24.16809210295,24.0537168909092,24.0641199610143,23.9340048894389,24.1525030628745,24.0016855446331,24.1421090408181,24.1576996752618,24.2044572345467,24.1525030628745,24.1628960219406,24.1732879183289,24.1836787523513,24.1161193330435,24.1992630121316,24.1109205935815,24.220038309803,24.0537168909092,23.9496275099604,24.0849229045849,24.0120939477021,24.1005223164376,24.0693210964281,24.1888737710728,24.16809210295,24.1784834681163,24.1213178064842,24.0589185591878,24.1473061847397,24.0849229045849,24.0745219654683,24.0849229045849,24.1888737710728,24.1005223164376,24.1057215880592,24.0641199610143,24.017297749009,23.9860709383021,24.1317139554589,24.0641199610143,24.1525030628745,23.9131709850186,23.9027524276446,24.2148448833435,24.1109205935815,24.0641199610143,24.1732879183289,24.0797225681742,24.220038309803,24.0068898795898,24.1057215880592,24.1732879183289,24.0537168909092,24.0433127548394,24.1628960219406,24.1005223164376,24.1473061847397,24.1576996752618,24.1213178064842,24.1784834681163,24.1317139554589,24.1109205935815,24.2304243670388,24.3860881214467,24.3705324552306,24.3860881214467,24.5570438632356,24.7173779975772,24.7277134921382,24.7948687272058,24.7380479408253,24.6863652356057,24.7535476535085,24.7483813439431,24.8980983810354,24.7845400253874,24.8051963851263
24.1109205935815,23.8975427475285,23.730691437042,23.7828619938962,23.9183798623554,23.8767013499485,23.8089371994645,23.7932928814756,23.8662790443357,23.7932928814756,23.8037226951994,23.8089371994645,23.8506435764983,23.8767013499485,23.8141514353848,23.9079618401281,23.9392126969559,23.9600412538547,23.8923327997404,23.8506435764983,23.8245791023491,23.8923327997404,24.017297749009,23.9860709383021,24.1369116310709,24.0120939477021,24.02250128355,23.9704539289542,24.0068898795898,24.0016855446331,23.9496275099604,24.0433127548394,24.0068898795898,24.017297749009,24.1005223164376,23.9183798623554,23.9392126969559,23.9235884721781,24.0953227786774,24.0120939477021,23.8454312178827,23.8767013499485,24.0068898795898,23.9496275099604,23.8350056964094,24.0016855446331,23.9340048894389,23.9652477249841,24.017297749009,23.8871225842407,24.0120939477021,23.9808655355738,23.9912760740285,24.0120939477021,24.032907552491,23.9027524276446,23.9652477249841,23.8923327997404,23.8506435764983,24.0016855446331,23.8975427475285,23.9235884721781,23.9600412538547,23.8454312178827,23.9496275099604,23.8350056964094,23.8402185911997,23.855855667086,23.8454312178827,23.9496275099604,23.9340048894389,24.0277045513642,24.0953227786774,23.9756598658044,23.9340048894389,23.7724300321434,23.8506435764983,23.8819121009899,24.032907552491,23.9964809427924,24.0277045513642,24.0120939477021,24.0537168909092,24.0537168909092,24.0797225681742,24.0745219654683,23.9392126969559,24.02250128355,23.9652477249841,24.1369116310709,24.0537168909092,24.0433127548394,23.9340048894389,24.1576996752618,23.9392126969559,23.8819121009899,24.0485149561396,24.0381102869696,23.9808655355738,24.032907552491,24.0589185591878,24.1628960219406,24.2771485035319,24.1628960219406,24.16809210295,24.0901229747396,24.0901229747396,24.1732879183289,24.0016855446331,24.1888737710728,24.2148448833435,24.2408093636233,24.16809210295,24.1732879183289,24.1628960219406,24.1732879183289,24.1005223164376,24.0901229747396,24.0745219654683,24.1317139554589,24.1265160139431,24.0641199610143,24.0849229045849,24.0433127548394,23.9808655355738,24.16809210295,23.9964809427924,24.1369116310709,24.1473061847397,24.0120939477021,24.0901229747396,24.0745219654683,24.0381102869696,24.02250128355,24.0016855446331,24.0120939477021,24.1473061847397,24.1525030628745,24.1732879183289,24.0277045513642,24.1525030628745,24.2044572345467,24.235616997893,24.0953227786774,24.1784834681163,24.1732879183289,24.1732879183289,24.1421090408181,24.0901229747396,24.1628960219406,24.1473061847397,24.1888737710728,24.1109205935815,24.1161193330435,24.1005223164376,24.1109205935815,24.02250128355,24.0641199610143,24.0277045513642,24.1628960219406,24.017297749009,24.0589185591878,24.0745219654683,24.0381102869696,23.9808655355738,24.16809210295,24.1628960219406,24.0589185591878,24.0485149561396,24.1473061847397,24.19406852432,24.1628960219406,24.1836787523513,24.1576996752618,24.1888737710728,24.1836787523513,24.0433127548394,24.1057215880592,24.1161193330435,24.0745219654683,23.9912760740285,24.0433127548394,24.0641199610143,24.1317139554589,24.1628960219406,24.1836787523513,24.16809210295,24.1888737710728,24.1888737710728,24.0641199610143,24.0589185591878,23.9912760740285,24.1525030628745,24.0641199610143,24.0953227786774,24.0953227786774,24.1109205935815,24.1213178064842,24.1525030628745,24.1109205935815,24.1732879183289,24.1213178064842,24.0589185591878,23.8714903310769,23.9600412538547,23.9912760740285,24.1525030628745,24.0537168909092,24.017297749009,24.0641199610143,24.0589185591878,24.0693210964281,23.9964809427924,24.0485149561396,24.017297749009,24.0016855446331,23.9808655355738,24.16809210295,24.1473061847397,24.1161193330435,24.1161193330435,24.1109205935815,24.1265160139431,24.1369116310709,24.1265160139431,24.2096511916044,24.2408093636233,24.261576176083,24.68119552596,24.6450002255868,24.6656848260024,24.8103598227198,24.7122098579989,24.8155229994525,24.7897045068028,24.7638794888426,24.8929393729232,24.7948687272058,24.918731811688,24.8877801045559
23.8454312178827,23.7254729028382,23.8714903310769,23.8037226951994,23.8193654029997,23.6889356297228,23.9652477249841,23.8714903310769,23.7985079225496,23.7985079225496,23.8089371994645,23.8089371994645,23.7880775719377,23.8089371994645,23.8193654029997,23.8610674896852,23.9183798623554,24.0589185591878,24.032907552491,23.9079618401281,23.8923327997404,23.9756598658044,23.9027524276446,24.017297749009,24.0849229045849,23.8975427475285,24.1473061847397,24.0068898795898,23.8714903310769,23.8871225842407,24.0120939477021,24.0120939477021,24.02250128355,23.8975427475285,24.0589185591878,23.9964809427924,24.0849229045849,23.9652477249841,23.9496275099604,23.9860709383021,23.9600412538547,23.8454312178827,23.9652477249841,23.9600412538547,23.7985079225496,23.9392126969559,24.0120939477021,24.0068898795898,24.02250128355,24.0016855446331,24.0120939477021,23.9964809427924,23.9756598658044,24.0016855446331,23.8923327997404,23.9496275099604,23.8871225842407,23.9235884721781,23.8714903310769,23.9287968145261,23.9444202371166,23.9392126969559,24.0120939477021,23.9287968145261,23.9235884721781,23.9444202371166,23.8297925334724,23.9548345155266,23.9548345155266,23.8610674896852,23.8767013499485,23.9808655355738,23.9704539289542,23.9756598658044,23.9704539289542,23.9704539289542,23.9340048894389,23.9340048894389,23.9808655355738,24.1161193330435,24.0277045513642,24.02250128355,24.1109205935815,24.0120939477021,24.0953227786774,24.0641199610143,24.02250128355,24.0016855446331,24.0537168909092,24.0381102869696,24.1265160139431,24.0745219654683,23.9860709383021,24.02250128355,24.0381102869696,24.02250128355,24.0068898795898,23.8454312178827,24.0277045513642,24.0641199610143,24.0537168909092,24.1576996752618,24.1888737710728,24.16809210295,24.1732879183289,24.1473061847397,24.1992630121316,24.1836787523513,24.19406852432,24.1992630121316,24.2148448833435,24.1732879183289,24.2096511916044,24.1992630121316,24.1421090408181,24.1473061847397,24.235616997893,24.1161193330435,24.0693210964281,24.032907552491,24.0433127548394,24.032907552491,24.0433127548394,24.0693210964281,23.9235884721781,23.9548345155266,24.02250128355,24.0381102869696,24.0537168909092,24.0849229045849,24.1265160139431,24.02250128355,24.032907552491,23.9183798623554,23.9808655355738,23.9808655355738,24.0277045513642,24.1109205935815,23.9704539289542,24.0693210964281,24.1369116310709,24.1525030628745,24.1525030628745,24.1213178064842,24.1836787523513,24.0901229747396,24.1784834681163,24.1628960219406,24.1265160139431,24.1576996752618,24.0693210964281,24.0537168909092,24.0745219654683,24.0745219654683,24.235616997893,24.1057215880592,24.1992630121316,23.8871225842407,23.9287968145261,24.0120939477021,23.9131709850186,23.9808655355738,23.8975427475285,23.9340048894389,24.0068898795898,23.9912760740285,24.017297749009,23.9704539289542,24.0693210964281,24.1265160139431,24.2563848704595,24.1213178064842,24.1369116310709,24.1421090408181,24.1992630121316,24.1213178064842,24.1732879183289,24.19406852432,24.1525030628745,24.0797225681742,24.0537168909092,24.0953227786774,24.0641199610143,24.0537168909092,24.19406852432,24.16809210295,24.19406852432,24.1473061847397,24.1836787523513,24.1784834681163,24.0797225681742,24.0537168909092,24.0589185591878,24.0641199610143,24.16809210295,24.16809210295,24.19406852432,24.1576996752618,24.1161193330435,24.1473061847397,24.0901229747396,24.1109205935815,24.0485149561396,24.0537168909092,24.0693210964281,24.0589185591878,24.1161193330435,24.1265160139431,23.9964809427924,24.1005223164376,24.1317139554589,24.1005223164376,24.1369116310709,24.1213178064842,24.1369116310709,24.2096511916044,24.0901229747396,24.0485149561396,24.1109205935815,24.1369116310709,24.1525030628745,24.1213178064842,24.1888737710728,24.1161193330435,24.2148448833435,24.2460014642685,24.396457245529,24.4016414116675,24.5570438632356,24.6605140688826,24.7070414568379,24.6915346834782,24.8051963851263,24.7225458756109,24.7380479408253,24.8877801045559,24.8723007375455,24.8258485704877,24.7742102793675,24.9342041538485
23.7985079225496,23.8297925334724,23.9340048894389,23.7724300321434,23.8923327997404,23.8037226951994,23.9340048894389,23.9392126969559,23.8871225842407,24.0120939477021,24.0277045513642,23.8089371994645,23.8089371994645,23.8454312178827,23.7776461473113,23.9756598658044,23.9652477249841,23.9392126969559,24.0849229045849,24.0016855446331,24.0797225681742,24.1732879183289,23.9287968145261,23.9964809427924,23.8662790443357,23.9600412538547,23.8767013499485,23.8610674896852,23.9027524276446,23.8714903310769,23.8819121009899,23.9704539289542,24.0485149561396,24.0693210964281,24.0485149561396,23.9392126969559,24.0016855446331,23.9808655355738,23.9756598658044,23.9756598658044,24.0589185591878,23.9444202371166,23.7932928814756,23.8297925334724,23.8297925334724,23.9392126969559,24.0016855446331,24.0120939477021,24.1005223164376,24.1473061847397,24.0433127548394,24.0120939477021,23.9079618401281,24.02250128355,23.9131709850186,23.8454312178827,23.8975427475285,23.7463454261675,23.9287968145261,23.9131709850186,24.02250128355,23.9183798623554,23.9340048894389,23.8871225842407,24.02250128355,24.16809210295,23.9964809427924,23.9652477249841,23.9548345155266,23.8610674896852,23.8819121009899,23.8610674896852,23.9600412538547,23.9496275099604,23.9756598658044,23.9079618401281,23.9287968145261,23.8819121009899,23.8975427475285,23.9131709850186,24.0381102869696,24.1213178064842,24.0745219654683,24.1005223164376,24.1161193330435,24.0745219654683,24.0120939477021,24.0745219654683,24.0485149561396,24.0589185591878,23.9600412538547,24.0641199610143,24.16809210295,24.0016855446331,23.9496275099604,23.9652477249841,23.9964809427924,24.017297749009,24.0433127548394,24.017297749009,24.1473061847397,24.0433127548394,23.9808655355738,24.0589185591878,24.0693210964281,24.19406852432,24.1836787523513,24.2044572345467,24.2148448833435,24.2460014642685,24.220038309803,24.1213178064842,24.2511932998677,24.1836787523513,24.2148448833435,24.1576996752618,24.032907552491,24.1005223164376,24.017297749009,24.0849229045849,24.1525030628745,24.0068898795898,24.0537168909092,24.0641199610143,24.0901229747396,24.1628960219406,24.1213178064842,24.1317139554589,24.1784834681163,24.2771485035319,24.1161193330435,23.9340048894389,24.1213178064842,24.02250128355,24.0068898795898,24.1525030628745,24.1109205935815,24.266767216777,24.0849229045849,24.2096511916044,24.1628960219406,24.1732879183289,24.1421090408181,24.1836787523513,24.1057215880592,24.2823387496704,24.2304243670388,24.1628960219406,24.1525030628745,24.19406852432,24.0693210964281,24.0745219654683,24.0693210964281,24.220038309803,24.0953227786774,24.2148448833435,23.9860709383021,24.0953227786774,24.0277045513642,24.02250128355,24.0381102869696,23.9704539289542,23.9496275099604,24.02250128355,24.02250128355,24.017297749009,23.9652477249841,24.0849229045849,24.1421090408181,24.1628960219406,24.0849229045849,24.1005223164376,24.1161193330435,24.1421090408181,24.1628960219406,24.1784834681163,24.017297749009,24.0120939477021,24.032907552491,24.0120939477021,24.1005223164376,24.0641199610143,24.0537168909092,24.0537168909092,24.1421090408181,24.16809210295,24.1784834681163,24.1836787523513,24.16809210295,24.0953227786774,24.0901229747396,24.0693210964281,24.2511932998677,24.1317139554589,24.2408093636233,24.1109205935815,24.1888737710728,24.2875287310348,24.19406852432,24.1888737710728,24.1836787523513,24.2148448833435,24.2927184476639,24.1421090408181,24.3446010620456,24.2719579925803,24.1732879183289,24.16809210295,24.16809210295,24.1473061847397,24.1784834681163,24.0068898795898,24.1005223164376,24.0277045513642,24.032907552491,24.0589185591878,24.0485149561396,24.0277045513642,24.0797225681742,24.1265160139431,24.1473061847397,24.1732879183289,24.1161193330435,24.1992630121316,24.235616997893,24.2148448833435,24.3601606905737,24.3549744119754,24.3809031634257,24.6760255545029,24.7018727940562,24.7587137017957,24.7793752829217,24.7587137017957,24.7122098579989,24.7742102793675,24.8000326866343,24.7277134921382,24.7483813439431,24.7845400253874
23.8037226951994,23.8975427475285,24.0016855446331,23.9340048894389,23.730691437042,23.9652477249841,23.756780074744,23.8089371994645,24.0485149561396,23.9131709850186,23.8089371994645,23.9235884721781,23.6419397471125,23.7985079225496,23.8089371994645,23.9392126969559,23.8610674896852,23.9756598658044,23.9964809427924,23.9756598658044,23.9287968145261,23.8454312178827,24.017297749009,24.0953227786774,23.8923327997404,23.9392126969559,24.0485149561396,23.9392126969559,23.9235884721781,23.9235884721781,23.9756598658044,23.8141514353848,24.0068898795898,23.9496275099604,24.0277045513642,23.9964809427924,24.0068898795898,23.9183798623554,23.9912760740285,23.9340048894389,23.9340048894389,23.9704539289542,23.9652477249841,23.9079618401281,23.8037226951994,23.9652477249841,24.0016855446331,24.0433127548394,24.0589185591878,24.1369116310709,23.9704539289542,24.02250128355,23.9756598658044,23.9964809427924,23.9704539289542,23.9027524276446,23.8871225842407,23.8975427475285,23.8871225842407,24.0381102869696,23.9027524276446,23.9808655355738,23.9392126969559,23.9860709383021,23.9235884721781,23.8297925334724,23.9652477249841,23.8350056964094,23.9183798623554,23.7619969958994,23.8662790443357,23.8767013499485,23.9131709850186,23.9600412538547,23.9131709850186,23.9027524276446,23.9340048894389,23.8141514353848,23.9600412538547,23.9183798623554,24.0120939477021,24.02250128355,24.0381102869696,24.0953227786774,24.1317139554589,24.0277045513642,24.0016855446331,24.1888737710728,24.1525030628745,24.0277045513642,24.0120939477021,24.1317139554589,24.0433127548394,23.9808655355738,23.9860709383021,24.0016855446331,24.0068898795898,24.0277045513642,24.02250128355,24.1265160139431,24.1213178064842,24.1525030628745,23.9496275099604,23.9756598658044,24.0797225681742,24.1525030628745,24.266767216777,24.1992630121316,24.0953227786774,24.2148448833435,24.1317139554589,24.19406852432,24.2096511916044,24.2096511916044,24.1109205935815,24.1732879183289,24.0641199610143,24.0953227786774,24.1161193330435,23.9131709850186,23.9392126969559,24.1421090408181,23.9600412538547,23.9235884721781,24.1213178064842,24.02250128355,24.0849229045849,24.1109205935815,24.0693210964281,24.0849229045849,24.0589185591878,24.0433127548394,24.0745219654683,23.9235884721781,24.0797225681742,24.0120939477021,24.0589185591878,24.0953227786774,24.1525030628745,24.1628960219406,24.2823387496704,24.2044572345467,24.261576176083,24.1473061847397,24.220038309803,24.235616997893,24.1836787523513,24.1576996752618,24.0849229045849,24.0693210964281,24.0277045513642,24.1005223164376,24.0485149561396,24.1057215880592,24.1421090408181,24.1057215880592,24.0693210964281,24.02250128355,24.1784834681163,24.0381102869696,23.9392126969559,23.9027524276446,23.8975427475285,24.017297749009,24.0589185591878,23.8297925334724,23.9235884721781,23.9444202371166,24.1161193330435,24.1628960219406,24.1421090408181,24.1109205935815,24.0745219654683,24.0901229747396,24.0277045513642,24.1628960219406,24.0120939477021,24.1732879183289,24.0797225681742,24.0120939477021,24.032907552491,24.0433127548394,24.1473061847397,24.0433127548394,24.1732879183289,24.1576996752618,24.1784834681163,24.1628960219406,24.1265160139431,24.1161193330435,24.0849229045849,24.2044572345467,24.220038309803,24.1265160139431,24.2304243670388,24.2875287310348,24.1213178064842,24.1836787523513,24.1732879183289,24.1576996752618,24.19406852432,24.1473061847397,24.1576996752618,24.1628960219406,24.1888737710728,24.19406852432,24.1888737710728,24.1836787523513,24.1628960219406,24.1005223164376,24.2408093636233,24.1213178064842,24.0120939477021,24.0641199610143,24.1057215880592,24.0433127548394,24.2148448833435,23.9964809427924,24.0277045513642,24.0485149561396,24.1213178064842,24.1732879183289,24.1161193330435,24.1161193330435,24.1213178064842,24.2460014642685,24.3912728154683,24.3912728154683,24.4793722593216,24.6863652356057,24.7070414568379,24.7742102793675,24.7328808471969,24.7535476535085,24.6967038696157,24.7948687272058,24.8310109648659,24.8671404277798,24.7638794888426,24.7070414568379
23.9496275099604,23.9183798623554,23.9548345155266,23.9912760740285,23.9392126969559,23.9235884721781,23.7828619938962,23.7828619938962,23.8871225842407,23.9340048894389,23.8350056964094,23.9652477249841,23.9444202371166,23.8350056964094,23.9652477249841,23.7985079225496,23.9287968145261,24.0120939477021,24.0745219654683,24.0381102869696,24.1525030628745,24.1628960219406,23.9860709383021,24.017297749009,24.0901229747396,24.02250128355,24.0120939477021,23.9340048894389,24.0485149561396,24.0693210964281,24.0797225681742,24.0016855446331,24.0797225681742,24.0693210964281,24.1525030628745,24.0433127548394,23.9964809427924,23.9912760740285,24.1369116310709,23.8767013499485,23.8975427475285,23.9287968145261,23.9027524276446,23.9548345155266,23.9496275099604,23.9392126969559,23.8767013499485,23.9808655355738,23.9287968145261,24.017297749009,23.9964809427924,24.0277045513642,24.1265160139431,24.0849229045849,23.8662790443357,23.9444202371166,23.7463454261675,23.9027524276446,23.9964809427924,24.02250128355,24.02250128355,24.0901229747396,23.9235884721781,23.9496275099604,23.9548345155266,24.0016855446331,23.9496275099604,23.9652477249841,23.9652477249841,23.8297925334724,23.9287968145261,23.8714903310769,24.1213178064842,24.1109205935815,23.8767013499485,23.9652477249841,23.8193654029997,23.8610674896852,23.8819121009899,24.017297749009,24.0953227786774,24.0849229045849,24.1628960219406,24.1473061847397,24.0589185591878,23.9496275099604,24.1421090408181,24.0901229747396,24.0693210964281,24.1317139554589,24.1784834681163,24.2096511916044,24.02250128355,23.9600412538547,24.032907552491,23.9912760740285,23.9652477249841,24.0953227786774,24.032907552491,24.0849229045849,24.0381102869696,23.9756598658044,24.0277045513642,23.9964809427924,23.9444202371166,24.1109205935815,24.0693210964281,24.1057215880592,24.0693210964281,24.1161193330435,24.0381102869696,24.1161193330435,24.1109205935815,24.1421090408181,24.1213178064842,24.220038309803,23.9860709383021,23.9496275099604,24.0797225681742,23.8923327997404,23.8923327997404,24.017297749009,24.0485149561396,24.017297749009,24.0016855446331,24.19406852432,24.1576996752618,24.1109205935815,24.0381102869696,24.1473061847397,23.9652477249841,24.1784834681163,23.9444202371166,24.0537168909092,23.9235884721781,24.0849229045849,24.1109205935815,24.0953227786774,24.1888737710728,24.2823387496704,24.1525030628745,24.2148448833435,24.2408093636233,24.2460014642685,24.1421090408181,24.1836787523513,24.0953227786774,24.0797225681742,24.0849229045849,24.1109205935815,24.0953227786774,24.0745219654683,23.8923327997404,24.0433127548394,24.0745219654683,24.1525030628745,24.19406852432,23.9860709383021,24.1161193330435,24.0277045513642,24.0120939477021,23.9912760740285,23.9756598658044,23.9183798623554,24.1057215880592,24.017297749009,23.9392126969559,24.0693210964281,24.1317139554589,24.1005223164376,24.0537168909092,24.0589185591878,24.0901229747396,24.1265160139431,24.017297749009,24.0016855446331,24.032907552491,24.0485149561396,23.9235884721781,24.0120939477021,24.1161193330435,24.0381102869696,23.9600412538547,24.0433127548394,24.0433127548394,24.02250128355,24.0693210964281,24.0797225681742,24.1628960219406,24.0641199610143,24.1057215880592,24.1057215880592,24.1369116310709,24.1369116310709,24.220038309803,24.261576176083,24.220038309803,24.220038309803,24.0953227786774,24.1784834681163,24.1628960219406,24.1784834681163,24.1784834681163,24.017297749009,24.1888737710728,24.1732879183289,24.2252314710217,23.9600412538547,24.16809210295,24.1784834681163,24.1161193330435,24.1836787523513,24.1732879183289,24.0901229747396,24.1784834681163,24.0745219654683,24.0641199610143,24.1161193330435,24.0016855446331,24.1473061847397,24.1421090408181,24.1473061847397,24.1317139554589,24.1213178064842,24.1213178064842,24.3705324552306,24.4068253139224,24.5052693701856,24.588095945611,24.6915346834782,24.7225458756109,24.7742102793675,24.7897045068028,24.7897045068028,24.5725710861868,24.8000326866343,24.7793752829217,24.7173779975772,24.7587137017957,24.7948687272058
23.9027524276446,23.8923327997404,23.9652477249841,24.0693210964281,23.9756598658044,23.9808655355738,23.9235884721781,23.8871225842407,23.8037226951994,23.9235884721781,23.9287968145261,23.8245791023491,23.8871225842407,23.9600412538547,23.8350056964094,23.8402185911997,24.0693210964281,23.9392126969559,24.0433127548394,24.0068898795898,24.032907552491,24.0537168909092,24.017297749009,24.02250128355,24.0068898795898,23.9287968145261,24.0589185591878,24.0537168909092,23.9548345155266,24.0745219654683,24.1057215880592,24.0797225681742,24.0953227786774,24.1836787523513,24.1161193330435,24.1057215880592,24.0641199610143,24.0016855446331,24.0485149561396,23.7985079225496,23.9183798623554,24.0849229045849,24.1161193330435,23.9444202371166,23.7411276986669,23.855855667086,23.8819121009899,23.8819121009899,23.9079618401281,23.9444202371166,23.9444202371166,24.0849229045849,24.2044572345467,23.9496275099604,24.02250128355,24.0641199610143,23.8662790443357,23.9079618401281,23.8610674896852,23.8975427475285,24.0433127548394,23.9912760740285,24.0589185591878,23.9756598658044,24.0745219654683,24.0120939477021,24.0068898795898,24.017297749009,23.8714903310769,23.9912760740285,24.032907552491,23.8871225842407,23.9444202371166,23.8819121009899,24.0433127548394,23.9027524276446,23.8714903310769,23.8819121009899,24.0068898795898,23.9287968145261,24.0277045513642,24.032907552491,24.0433127548394,24.1213178064842,24.0589185591878,24.0797225681742,24.0381102869696,24.0589185591878,23.9964809427924,24.032907552491,24.1265160139431,24.2044572345467,23.9496275099604,24.0068898795898,23.9548345155266,24.0277045513642,24.032907552491,24.017297749009,23.8402185911997,24.0068898795898,24.0381102869696,24.0641199610143,24.0797225681742,24.0641199610143,24.0433127548394,24.0589185591878,23.9496275099604,24.0797225681742,24.2044572345467,24.0485149561396,24.0849229045849,24.1421090408181,24.0745219654683,24.1576996752618,24.1369116310709,24.2096511916044,24.1576996752618,24.1005223164376,24.0693210964281,24.0537168909092,24.1265160139431,24.0693210964281,24.0849229045849,24.0693210964281,24.1473061847397,24.2096511916044,24.1732879183289,24.0797225681742,24.1732879183289,24.1525030628745,24.1005223164376,24.0901229747396,24.0693210964281,24.0068898795898,24.0849229045849,24.0485149561396,24.1161193330435,24.220038309803,24.1473061847397,23.9912760740285,24.220038309803,24.2771485035319,24.1421090408181,24.0953227786774,24.1369116310709,24.0849229045849,24.1369116310709,23.9548345155266,24.0068898795898,24.1317139554589,24.0849229045849,24.0537168909092,24.0433127548394,24.1836787523513,24.0589185591878,24.2979078995965,24.1109205935815,24.19406852432,24.1057215880592,24.1161193330435,24.0433127548394,24.0849229045849,24.0537168909092,24.0433127548394,24.0016855446331,23.9235884721781,23.9235884721781,24.0433127548394,24.1057215880592,24.0953227786774,24.0120939477021,24.1005223164376,24.1161193330435,24.0537168909092,24.017297749009,24.0433127548394,24.017297749009,24.0537168909092,24.0537168909092,24.0797225681742,24.1005223164376,23.9912760740285,23.9600412538547,24.0537168909092,24.0745219654683,24.0537168909092,24.220038309803,24.0277045513642,24.0381102869696,23.9496275099604,24.1213178064842,24.0277045513642,24.0120939477021,24.0068898795898,24.2563848704595,24.2148448833435,24.2044572345467,24.1576996752618,24.1732879183289,24.1628960219406,24.1732879183289,24.1005223164376,24.0433127548394,24.0693210964281,24.1421090408181,24.0745219654683,24.1421090408181,24.1525030628745,24.1888737710728,24.0485149561396,24.0120939477021,24.1836787523513,24.1888737710728,24.1784834681163,24.0953227786774,24.017297749009,24.1421090408181,24.1576996752618,24.1161193330435,24.0277045513642,24.0589185591878,24.1628960219406,24.1265160139431,24.1317139554589,24.0953227786774,24.1057215880592,24.417192326936,24.5777463018912,24.598444539334,24.6708553211965,24.7845400253874,24.68119552596,24.7793752829217,24.8413349715329,24.6915346834782,24.7328808471969,24.7070414568379,24.7742102793675,24.7690450146872,24.7535476535085
24.0901229747396,24.0068898795898,24.0589185591878,24.0485149561396,24.0693210964281,23.9496275099604,23.7828619938962,23.9392126969559,23.9287968145261,23.9235884721781,23.8089371994645,23.8141514353848,23.9444202371166,23.9548345155266,23.8819121009899,23.9444202371166,23.7672136483527,23.7880775719377,23.6053722968077,23.756780074744,23.8610674896852,24.1057215880592,24.0433127548394,24.1109205935815,24.0797225681742,23.8454312178827,24.0485149561396,23.9600412538547,24.0589185591878,24.2719579925803,24.2771485035319,23.9860709383021,24.1628960219406,24.16809210295,24.19406852432,24.0016855446331,24.032907552491,23.9340048894389,24.017297749009,23.9079618401281,23.9392126969559,24.0537168909092,24.0485149561396,24.2148448833435,23.9340048894389,23.9131709850186,23.8767013499485,23.8767013499485,24.0120939477021,23.8402185911997,23.9600412538547,23.9548345155266,24.02250128355,23.8923327997404,23.9444202371166,24.1784834681163,23.9652477249841,23.7619969958994,23.9079618401281,24.0016855446331,24.0797225681742,23.9756598658044,24.0901229747396,23.9340048894389,23.9287968145261,23.9340048894389,23.9912760740285,24.0120939477021,23.9704539289542,23.9392126969559,23.9392126969559,23.9496275099604,24.0797225681742,23.9444202371166,23.9444202371166,24.032907552491,23.9600412538547,24.0277045513642,24.0641199610143,23.9392126969559,23.9392126969559,24.0693210964281,24.0641199610143,24.0849229045849,24.0641199610143,24.1576996752618,24.19406852432,24.1005223164376,24.1525030628745,24.1369116310709,24.1421090408181,24.19406852432,24.1421090408181,24.0120939477021,23.9756598658044,24.0068898795898,23.9756598658044,24.0120939477021,24.017297749009,24.0068898795898,24.1109205935815,24.1161193330435,24.1421090408181,24.0589185591878,24.0953227786774,24.1836787523513,23.9704539289542,24.0589185591878,24.0953227786774,23.9860709383021,24.0901229747396,24.1265160139431,24.1213178064842,24.1213178064842,24.2096511916044,24.2252314710217,24.2148448833435,24.1213178064842,23.9964809427924,24.1369116310709,24.1317139554589,24.1005223164376,24.1265160139431,24.1213178064842,24.0901229747396,24.1057215880592,24.02250128355,24.0433127548394,24.02250128355,24.0641199610143,24.0068898795898,23.9652477249841,24.0797225681742,24.0277045513642,24.1005223164376,24.1784834681163,24.1265160139431,24.1732879183289,24.1317139554589,24.2875287310348,24.2823387496704,24.2823387496704,24.1057215880592,24.1161193330435,24.0901229747396,24.0589185591878,24.017297749009,24.1057215880592,24.0589185591878,24.0120939477021,24.0537168909092,24.1005223164376,24.0641199610143,24.0537168909092,24.2044572345467,24.0849229045849,24.2044572345467,24.1265160139431,24.1213178064842,24.0120939477021,24.1109205935815,24.0537168909092,24.0589185591878,24.1317139554589,24.0589185591878,24.0485149561396,24.0068898795898,24.0277045513642,24.1369116310709,24.1265160139431,24.1369116310709,24.032907552491,24.1369116310709,24.0277045513642,24.0433127548394,24.0693210964281,24.0901229747396,24.1005223164376,24.02250128355,24.1109205935815,24.1317139554589,24.0433127548394,24.0537168909092,24.0797225681742,24.0433127548394,24.0797225681742,24.0901229747396,24.0433127548394,24.1421090408181,24.0589185591878,24.1473061847397,24.032907552491,24.1161193330435,24.1473061847397,24.0068898795898,24.1525030628745,24.2823387496704,24.2096511916044,24.16809210295,24.0901229747396,24.1628960219406,24.0953227786774,24.1836787523513,24.0381102869696,24.0641199610143,24.0953227786774,24.1628960219406,24.1628960219406,23.9860709383021,24.032907552491,24.0849229045849,24.1005223164376,24.1161193330435,24.1317139554589,24.2252314710217,24.1576996752618,24.1265160139431,24.0953227786774,24.0901229747396,24.0745219654683,24.0641199610143,24.1213178064842,24.1732879183289,24.1732879183289,24.1732879183289,24.261576176083,24.4431052442089,24.4482870367845,24.5673956078683,24.7587137017957,24.7070414568379,24.7277134921382,24.8206859153626,24.7742102793675,24.8103598227198,24.6967038696157,24.8051963851263,24.8051963851263,24.6967038696157,24.8000326866343
24.0433127548394,24.0693210964281,23.9444202371166,24.0641199610143,24.0641199610143,23.9600412538547,23.7932928814756,23.8402185911997,23.9131709850186,23.9704539289542,24.0277045513642,23.8454312178827,23.8350056964094,23.8402185911997,23.8454312178827,23.8402185911997,23.8662790443357,23.8245791023491,23.7515628848466,23.7985079225496,24.0277045513642,24.0849229045849,24.0120939477021,23.9808655355738,24.0277045513642,23.6732727602916,23.855855667086,24.0589185591878,23.9600412538547,24.0641199610143,24.1576996752618,24.0745219654683,24.1109205935815,24.1005223164376,23.9652477249841,23.9444202371166,23.9340048894389,24.0120939477021,23.9340048894389,24.0433127548394,24.0745219654683,23.9027524276446,23.9027524276446,23.9287968145261,23.9287968145261,23.7985079225496,23.9860709383021,23.9704539289542,23.8767013499485,23.9652477249841,24.1161193330435,24.1057215880592,23.9912760740285,23.9496275099604,23.9600412538547,23.9444202371166,24.0016855446331,23.9652477249841,23.9912760740285,23.8871225842407,24.0277045513642,24.017297749009,23.9235884721781,24.0849229045849,23.9287968145261,24.0277045513642,23.8714903310769,23.9652477249841,24.0901229747396,23.9548345155266,23.9704539289542,23.9496275099604,23.9600412538547,23.9392126969559,23.9756598658044,24.0277045513642,24.1057215880592,23.8506435764983,24.02250128355,24.032907552491,23.9756598658044,24.0016855446331,24.0277045513642,24.1109205935815,24.0381102869696,24.02250128355,24.1057215880592,24.0433127548394,24.0901229747396,24.0277045513642,24.1421090408181,24.1473061847397,24.1473061847397,24.19406852432,23.9964809427924,23.9444202371166,24.0120939477021,24.02250128355,24.02250128355,24.0953227786774,24.0797225681742,24.0901229747396,24.0953227786774,24.0537168909092,23.9652477249841,24.1005223164376,24.0745219654683,24.1732879183289,24.0745219654683,24.0693210964281,24.0641199610143,24.1005223164376,24.0485149561396,24.2304243670388,24.1732879183289,24.1473061847397,24.220038309803,24.1473061847397,24.1421090408181,24.1161193330435,24.3082860095273,24.0849229045849,24.1057215880592,24.2460014642685,24.0901229747396,24.16809210295,24.1836787523513,24.0537168909092,24.1317139554589,24.0693210964281,24.0016855446331,24.1369116310709,24.0381102869696,24.1732879183289,24.0953227786774,24.1784834681163,24.1005223164376,24.1576996752618,24.1473061847397,24.1317139554589,24.1317139554589,24.2823387496704,24.0901229747396,24.2719579925803,24.2511932998677,24.0641199610143,24.0381102869696,24.1992630121316,24.0849229045849,24.1057215880592,24.0693210964281,24.0901229747396,24.0381102869696,24.0589185591878,24.0745219654683,24.1784834681163,24.19406852432,24.0901229747396,24.0068898795898,24.0068898795898,24.0693210964281,24.1005223164376,24.0589185591878,24.02250128355,24.0277045513642,24.0485149561396,24.017297749009,24.017297749009,24.2304243670388,24.1265160139431,24.1213178064842,24.017297749009,24.1213178064842,24.1161193330435,24.1005223164376,23.9027524276446,24.0641199610143,24.0797225681742,24.0797225681742,24.0589185591878,24.0953227786774,24.0485149561396,24.0953227786774,24.0641199610143,24.0745219654683,24.1784834681163,24.1836787523513,24.0641199610143,24.0641199610143,24.1784834681163,24.0849229045849,24.1317139554589,24.1576996752618,24.1317139554589,24.1576996752618,24.1992630121316,24.2044572345467,24.3082860095273,24.2563848704595,24.2563848704595,24.1888737710728,24.2304243670388,24.0745219654683,24.1992630121316,24.1213178064842,24.0745219654683,24.0693210964281,24.1525030628745,24.1473061847397,24.0589185591878,24.017297749009,24.1057215880592,24.032907552491,24.0953227786774,24.1161193330435,24.1265160139431,24.1005223164376,24.1473061847397,24.1317139554589,24.1421090408181,24.0485149561396,24.0693210964281,24.1576996752618,24.0693210964281,24.1473061847397,24.396457245529,24.598444539334,24.6294840235847,24.5777463018912,24.6967038696157,24.8000326866343,24.6656848260024,24.8051963851263,25.0063774992726,24.8310109648659,24.7070414568379,24.7948687272058,24.7897045068028,24.8051963851263,24.7948687272058
23.9183798623554,23.9183798623554,23.8975427475285,23.9704539289542,23.9652477249841,23.8714903310769,23.8297925334724,23.9600412538547,23.9235884721781,23.8402185911997,23.9444202371166,23.8871225842407,23.9235884721781,23.8662790443357,23.8454312178827,23.9131709850186,23.8714903310769,23.7880775719377,23.6053722968077,23.9183798623554,24.017297749009,24.1213178064842,24.0641199610143,24.0797225681742,23.9808655355738,24.0641199610143,23.9964809427924,24.0589185591878,24.0641199610143,23.9964809427924,24.1057215880592,24.0277045513642,24.0901229747396,24.0953227786774,24.0849229045849,24.0849229045849,24.0485149561396,24.0120939477021,24.0745219654683,23.9444202371166,23.8819121009899,24.0120939477021,23.8975427475285,23.9287968145261,23.8975427475285,23.9079618401281,23.9079618401281,23.8402185911997,23.8819121009899,24.0537168909092,24.0537168909092,23.8975427475285,23.8923327997404,23.8975427475285,23.8454312178827,23.6941560476277,23.9027524276446,23.8871225842407,23.8714903310769,24.032907552491,24.0433127548394,24.0381102869696,23.9340048894389,23.9183798623554,24.0277045513642,23.8610674896852,24.0068898795898,23.9600412538547,24.0120939477021,23.9652477249841,23.9444202371166,24.02250128355,24.017297749009,23.9548345155266,24.0537168909092,23.8662790443357,23.9340048894389,23.8819121009899,23.9131709850186,23.9340048894389,23.9808655355738,23.9340048894389,24.1005223164376,24.1005223164376,23.9392126969559,24.02250128355,24.1369116310709,23.9756598658044,24.0589185591878,24.0277045513642,24.1421090408181,24.0277045513642,24.0589185591878,24.1369116310709,24.0901229747396,23.9235884721781,24.0693210964281,24.0693210964281,24.1057215880592,24.1057215880592,23.9912760740285,24.0745219654683,24.0433127548394,24.0745219654683,24.0641199610143,24.0797225681742,23.9496275099604,24.0589185591878,24.1005223164376,24.1421090408181,24.0797225681742,24.220038309803,24.0849229045849,24.261576176083,24.2719579925803,24.1732879183289,24.1836787523513,24.0953227786774,24.0797225681742,24.017297749009,24.0485149561396,24.0901229747396,24.0641199610143,24.0433127548394,24.1057215880592,24.16809210295,24.1576996752618,24.0068898795898,24.1784834681163,24.1265160139431,24.0433127548394,24.0016855446331,24.0641199610143,24.0849229045849,24.1109205935815,24.1784834681163,24.1213178064842,24.2096511916044,24.19406852432,24.16809210295,24.16809210295,24.1265160139431,24.1265160139431,24.02250128355,24.0901229747396,24.0693210964281,24.0745219654683,24.1057215880592,24.16809210295,24.1369116310709,24.0693210964281,24.0641199610143,24.0797225681742,24.2096511916044,24.16809210295,24.19406852432,24.0901229747396,24.1836787523513,24.0953227786774,24.032907552491,24.0120939477021,24.0589185591878,24.0485149561396,24.0589185591878,24.0485149561396,24.0381102869696,24.0277045513642,24.02250128355,24.0277045513642,24.1265160139431,24.1317139554589,24.0537168909092,24.1369116310709,24.0120939477021,24.0589185591878,24.1005223164376,24.0641199610143,24.0641199610143,24.1732879183289,24.0953227786774,24.0745219654683,24.16809210295,24.1836787523513,24.1836787523513,24.1473061847397,24.0745219654683,24.0693210964281,24.0693210964281,24.0485149561396,24.017297749009,24.1576996752618,24.1265160139431,24.0953227786774,24.1473061847397,24.1161193330435,24.0537168909092,24.0797225681742,24.1213178064842,24.1057215880592,24.16809210295,24.2096511916044,24.16809210295,24.1005223164376,24.0849229045849,24.16809210295,24.1369116310709,24.1057215880592,24.0745219654683,24.1628960219406,24.1317139554589,24.1421090408181,24.1057215880592,24.1576996752618,24.1421090408181,24.0589185591878,24.1421090408181,24.1836787523513,24.0537168909092,24.0745219654683,24.1732879183289,24.1576996752618,24.1628960219406,24.1576996752618,24.0745219654683,24.0745219654683,24.2875287310348,24.5518675968447,24.6708553211965,24.6501717687129,24.6450002255868,24.7070414568379,24.6760255545029,24.8000326866343,24.7742102793675,24.6087920833666,24.7070414568379,24.7328808471969,24.593270373703,24.7122098579989,24.7948687272058
24.0589185591878,23.9287968145261,23.9496275099604,24.0381102869696,23.9027524276446,23.9183798623554,23.8767013499485,23.9652477249841,23.855855667086,23.9340048894389,23.8297925334724,23.9756598658044,23.8714903310769,23.8506435764983,23.6419397471125,23.8402185911997,23.9548345155266,23.9496275099604,23.8297925334724,23.9079618401281,24.1369116310709,23.9600412538547,24.1265160139431,24.0693210964281,24.0485149561396,24.0433127548394,23.9756598658044,24.0068898795898,24.1161193330435,24.1213178064842,23.8975427475285,24.0901229747396,24.1369116310709,24.16809210295,24.0953227786774,24.0849229045849,23.9704539289542,23.8662790443357,23.8610674896852,23.9392126969559,24.017297749009,23.8923327997404,23.9340048894389,23.9860709383021,23.9704539289542,23.9704539289542,23.9652477249841,23.9548345155266,23.9912760740285,24.0745219654683,23.8975427475285,23.9131709850186,23.8662790443357,24.0068898795898,23.8662790443357,23.8350056964094,23.8506435764983,24.0433127548394,24.0277045513642,24.02250128355,24.0433127548394,24.0433127548394,24.0068898795898,24.02250128355,24.0016855446331,23.9964809427924,24.0016855446331,23.9912760740285,24.0537168909092,24.0797225681742,23.9912760740285,23.9808655355738,23.9652477249841,23.7932928814756,23.8714903310769,23.8662790443357,23.8819121009899,23.8506435764983,23.9548345155266,23.9340048894389,23.9235884721781,23.9704539289542,23.9392126969559,23.9756598658044,24.0016855446331,24.0693210964281,24.0381102869696,24.1369116310709,24.1109205935815,24.0693210964281,24.0433127548394,24.0589185591878,24.16809210295,24.1732879183289,24.0068898795898,23.8871225842407,24.0068898795898,24.0693210964281,24.0277045513642,24.0849229045849,24.0277045513642,24.0901229747396,23.9600412538547,24.1057215880592,24.0641199610143,24.0485149561396,23.9704539289542,24.0016855446331,24.0745219654683,23.9964809427924,23.9027524276446,24.1888737710728,24.266767216777,24.3030970868713,24.2771485035319,24.1784834681163,24.1628960219406,24.220038309803,24.0641199610143,24.0120939477021,24.0641199610143,24.1005223164376,24.0693210964281,24.16809210295,24.1473061847397,24.1836787523513,24.0953227786774,24.0901229747396,24.1317139554589,24.16809210295,24.2044572345467,24.1317139554589,24.1732879183289,24.1213178064842,24.1161193330435,24.1109205935815,24.1161193330435,24.1732879183289,24.0849229045849,24.1317139554589,24.0901229747396,23.9600412538547,24.1213178064842,24.19406852432,24.1888737710728,24.0901229747396,24.0120939477021,24.1732879183289,24.0797225681742,24.0485149561396,24.1109205935815,24.16809210295,24.1213178064842,24.1057215880592,24.1473061847397,24.1732879183289,24.0901229747396,24.1265160139431,24.1057215880592,24.0901229747396,24.1161193330435,24.0641199610143,24.1836787523513,24.032907552491,24.1109205935815,24.0901229747396,24.032907552491,23.9287968145261,24.0381102869696,24.1005223164376,24.1005223164376,24.0589185591878,24.1213178064842,24.1005223164376,24.0589185591878,24.1265160139431,24.1992630121316,24.0641199610143,24.0745219654683,24.0693210964281,24.0589185591878,24.1057215880592,24.1109205935815,24.1265160139431,24.1265160139431,24.1836787523513,24.032907552491,24.1109205935815,24.1161193330435,24.1732879183289,24.0953227786774,24.1421090408181,24.0693210964281,24.1161193330435,24.0641199610143,24.0589185591878,24.1473061847397,24.0797225681742,24.1732879183289,24.0068898795898,24.1161193330435,24.0641199610143,24.0953227786774,24.1161193330435,24.0849229045849,24.1421090408181,24.1109205935815,24.235616997893,24.3601606905737,24.1628960219406,24.1628960219406,24.16809210295,24.1317139554589,24.1265160139431,24.0849229045849,24.1421090408181,24.2148448833435,24.1473061847397,24.1265160139431,24.0589185591878,24.1005223164376,24.19406852432,24.16809210295,24.2927184476639,24.1836787523513,24.2096511916044,24.6450002255868,24.7742102793675,24.68119552596,24.7018727940562,24.7225458756109,24.6760255545029,24.7742102793675,24.7742102793675,24.8103598227198,24.7638794888426,24.8877801045559,24.7018727940562,24.7018727940562,24.8155229994525
24.017297749009,24.0745219654683,23.9183798623554,23.9496275099604,23.9652477249841,24.0068898795898,23.8871225842407,23.9444202371166,23.756780074744,23.9183798623554,23.9496275099604,24.02250128355,23.9027524276446,23.8402185911997,23.6367166348165,23.8506435764983,23.8923327997404,23.9912760740285,23.9704539289542,24.032907552491,24.0381102869696,24.19406852432,23.9496275099604,24.1213178064842,24.0953227786774,23.9860709383021,24.0641199610143,23.9704539289542,24.0849229045849,24.0589185591878,24.0953227786774,23.9444202371166,23.9808655355738,23.9235884721781,23.9704539289542,23.9756598658044,23.9808655355738,24.0016855446331,23.9756598658044,23.8767013499485,23.9496275099604,23.9131709850186,23.9964809427924,23.9392126969559,23.8923327997404,23.9548345155266,23.9860709383021,23.9652477249841,24.0277045513642,24.0745219654683,23.8819121009899,23.8037226951994,23.9079618401281,23.8767013499485,23.9340048894389,23.8402185911997,23.9392126969559,24.02250128355,24.0016855446331,24.0433127548394,24.0068898795898,24.0277045513642,24.1057215880592,23.9235884721781,23.8767013499485,23.9808655355738,23.9964809427924,23.8975427475285,24.0849229045849,23.9912760740285,24.0068898795898,24.0016855446331,23.9808655355738,23.735909702305,23.855855667086,23.8610674896852,23.9496275099604,23.9235884721781,23.9652477249841,23.9444202371166,23.9392126969559,23.9704539289542,23.9756598658044,24.0693210964281,24.017297749009,24.02250128355,24.0745219654683,24.1161193330435,24.0537168909092,24.0745219654683,24.1421090408181,24.1005223164376,24.1213178064842,24.1213178064842,24.0589185591878,23.9392126969559,24.0745219654683,24.0693210964281,23.9808655355738,24.0381102869696,24.0016855446331,24.0381102869696,24.02250128355,24.032907552491,24.220038309803,24.017297749009,23.9808655355738,24.0016855446331,24.0485149561396,24.1525030628745,24.1732879183289,24.1992630121316,24.1784834681163,24.1265160139431,24.0693210964281,24.0745219654683,24.2096511916044,24.0797225681742,24.017297749009,24.0120939477021,23.9548345155266,23.9964809427924,24.0485149561396,24.0589185591878,24.0953227786774,24.1888737710728,24.1525030628745,23.9964809427924,24.1005223164376,24.1317139554589,24.0693210964281,24.0016855446331,24.1005223164376,24.1213178064842,24.1109205935815,24.0797225681742,24.1005223164376,24.0537168909092,24.1109205935815,24.2252314710217,24.1836787523513,24.0433127548394,24.1992630121316,24.1576996752618,24.2252314710217,24.1057215880592,24.1836787523513,24.1005223164376,24.1784834681163,24.0693210964281,24.1732879183289,24.0901229747396,24.1732879183289,24.2563848704595,24.1005223164376,24.1369116310709,24.2252314710217,24.1888737710728,24.16809210295,24.0901229747396,24.1888737710728,24.0693210964281,24.2252314710217,24.0537168909092,24.1473061847397,24.1836787523513,24.0016855446331,24.1213178064842,24.02250128355,24.0277045513642,24.032907552491,24.1005223164376,24.1057215880592,24.0120939477021,24.1109205935815,24.0797225681742,24.0589185591878,24.0745219654683,24.0953227786774,24.1784834681163,24.1005223164376,24.1317139554589,24.1784834681163,24.1057215880592,24.1421090408181,24.1213178064842,24.0901229747396,24.0953227786774,24.2044572345467,24.0016855446331,24.1109205935815,24.1369116310709,24.1005223164376,24.1369116310709,24.0901229747396,24.1421090408181,24.0901229747396,24.2148448833435,24.1888737710728,24.0901229747396,24.1888737710728,24.1525030628745,24.0849229045849,24.1005223164376,24.16809210295,24.0849229045849,24.0797225681742,24.1576996752618,24.1473061847397,24.1213178064842,24.1005223164376,24.02250128355,24.1576996752618,24.220038309803,24.1265160139431,24.1161193330435,24.1213178064842,24.0901229747396,24.1473061847397,24.1421090408181,24.0433127548394,24.1057215880592,24.2096511916044,24.2927184476639,24.1525030628745,24.4275582848784,24.4379231880585,24.593270373703,24.7845400253874,24.7018727940562,24.7328808471969,24.7380479408253,24.7225458756109,24.6605140688826,24.6915346834782,24.7535476535085,24.7638794888426,24.7070414568379,24.6863652356057,24.7277134921382
24.0693210964281,24.0693210964281,23.9131709850186,24.0485149561396,23.9340048894389,23.9340048894389,23.9860709383021,23.855855667086,23.8610674896852,24.02250128355,24.0016855446331,23.9079618401281,23.8871225842407,23.8871225842407,23.8089371994645,23.8819121009899,23.9860709383021,23.8454312178827,23.9548345155266,23.9860709383021,23.9287968145261,24.1369116310709,23.9444202371166,24.032907552491,24.0381102869696,24.1005223164376,23.9235884721781,23.9860709383021,24.0016855446331,24.0797225681742,24.1265160139431,23.9548345155266,23.9704539289542,24.1265160139431,23.9756598658044,23.8975427475285,23.9860709383021,24.0797225681742,24.0901229747396,24.0849229045849,23.9860709383021,23.9860709383021,23.9079618401281,23.9392126969559,23.9444202371166,24.1109205935815,24.0953227786774,24.0693210964281,24.0068898795898,24.0797225681742,24.0589185591878,23.9964809427924,24.0277045513642,23.8662790443357,23.9183798623554,24.0641199610143,24.0797225681742,23.9027524276446,24.032907552491,23.9235884721781,24.032907552491,24.0953227786774,24.0693210964281,23.9808655355738,24.0641199610143,23.9756598658044,23.9860709383021,23.9444202371166,23.9860709383021,24.0797225681742,24.0797225681742,24.0641199610143,23.9027524276446,23.9131709850186,23.8245791023491,23.8141514353848,23.8402185911997,23.9496275099604,23.9600412538547,23.9496275099604,24.02250128355,24.0589185591878,23.9704539289542,24.0953227786774,24.0016855446331,24.0849229045849,24.1057215880592,24.0745219654683,24.1005223164376,24.0381102869696,24.0537168909092,24.1317139554589,24.0693210964281,24.1732879183289,24.0797225681742,24.0120939477021,24.0849229045849,24.0953227786774,24.0693210964281,24.0797225681742,24.1473061847397,24.16809210295,24.0537168909092,24.0537168909092,24.0277045513642,24.017297749009,24.0433127548394,24.1317139554589,24.1109205935815,24.2875287310348,24.2771485035319,24.1992630121316,24.1005223164376,24.16809210295,24.2304243670388,24.2096511916044,24.1369116310709,24.1784834681163,24.0797225681742,23.9392126969559,24.0433127548394,24.0433127548394,24.0849229045849,24.0589185591878,24.0797225681742,24.0797225681742,24.0381102869696,23.9964809427924,24.1421090408181,24.1992630121316,24.0693210964281,24.1057215880592,24.0589185591878,24.0433127548394,24.1265160139431,23.9704539289542,24.0849229045849,24.032907552491,24.3082860095273,24.1732879183289,24.0485149561396,24.1005223164376,24.220038309803,24.2252314710217,24.1265160139431,24.1421090408181,24.1109205935815,24.1525030628745,24.1213178064842,24.1265160139431,24.1576996752618,24.1576996752618,24.1525030628745,24.1473061847397,24.235616997893,24.1525030628745,24.1836787523513,24.1576996752618,24.1836787523513,24.1784834681163,24.0901229747396,24.1836787523513,24.2096511916044,24.16809210295,24.2044572345467,24.1057215880592,24.1161193330435,24.1265160139431,24.1265160139431,24.1369116310709,23.9756598658044,24.0589185591878,24.0485149561396,24.1109205935815,24.0693210964281,24.0433127548394,24.2304243670388,24.2460014642685,24.2304243670388,24.2823387496704,24.2511932998677,24.1265160139431,24.2304243670388,24.2044572345467,24.032907552491,24.1057215880592,24.2408093636233,24.1732879183289,24.1005223164376,24.017297749009,24.0693210964281,24.0693210964281,24.1265160139431,24.1888737710728,24.1109205935815,24.1369116310709,24.1732879183289,24.1784834681163,24.266767216777,24.1628960219406,24.1888737710728,24.0901229747396,24.1005223164376,24.0797225681742,24.1836787523513,24.2148448833435,24.1421090408181,24.1836787523513,24.1265160139431,24.1057215880592,24.2044572345467,24.16809210295,24.1576996752618,24.1525030628745,24.1057215880592,24.1369116310709,24.1473061847397,24.1421090408181,24.1317139554589,24.1576996752618,24.02250128355,24.1317139554589,24.2511932998677,24.1628960219406,24.2304243670388,24.5052693701856,24.2927184476639,24.4534685658236,24.4534685658236,24.68119552596,24.6967038696157,24.7173779975772,24.7277134921382,24.7432147730614,24.7173779975772,24.7793752829217,24.8103598227198,24.8568190268782,24.9290469664651,24.8000326866343
24.017297749009,24.0641199610143,23.9183798623554,24.02250128355,24.0745219654683,23.9027524276446,23.8350056964094,23.8767013499485,23.9079618401281,24.02250128355,23.8506435764983,23.9235884721781,23.9912760740285,23.8975427475285,23.8402185911997,23.8767013499485,23.9808655355738,23.9600412538547,23.8297925334724,23.855855667086,23.9392126969559,23.9340048894389,23.9079618401281,24.1213178064842,23.9131709850186,23.9600412538547,23.9548345155266,23.9756598658044,23.9912760740285,24.1369116310709,24.032907552491,23.9860709383021,24.1576996752618,23.9860709383021,23.9756598658044,23.8454312178827,23.9756598658044,23.9131709850186,23.9860709383021,23.9808655355738,23.9079618401281,23.9912760740285,23.9548345155266,23.9235884721781,24.0381102869696,24.032907552491,23.9860709383021,23.9912760740285,24.0120939477021,24.0381102869696,24.017297749009,23.9912760740285,23.9704539289542,23.8506435764983,23.9027524276446,23.9652477249841,23.9235884721781,23.9756598658044,23.9444202371166,23.9027524276446,24.0277045513642,24.0381102869696,24.0068898795898,23.9860709383021,24.0901229747396,24.0797225681742,23.9392126969559,24.0068898795898,24.02250128355,23.9340048894389,24.0485149561396,24.0485149561396,24.02250128355,24.0277045513642,24.0277045513642,23.9444202371166,24.032907552491,23.9756598658044,24.0537168909092,23.9704539289542,23.9704539289542,23.9808655355738,23.9183798623554,23.9652477249841,24.0797225681742,24.0537168909092,24.2044572345467,24.1628960219406,23.9652477249841,24.0797225681742,24.1784834681163,24.0849229045849,24.0641199610143,24.1525030628745,24.0797225681742,24.0693210964281,24.1005223164376,24.0745219654683,24.0589185591878,24.1161193330435,24.0797225681742,24.0745219654683,24.1213178064842,24.0589185591878,24.0120939477021,24.032907552491,23.9652477249841,23.9912760740285,24.1992630121316,24.1888737710728,24.1732879183289,24.1421090408181,24.0797225681742,24.1005223164376,24.1784834681163,24.0797225681742,24.02250128355,24.0953227786774,24.0849229045849,24.0641199610143,24.0901229747396,24.0641199610143,24.1473061847397,24.1213178064842,24.0589185591878,24.0953227786774,24.16809210295,24.017297749009,24.032907552491,24.0433127548394,24.1109205935815,24.0485149561396,24.1057215880592,24.1109205935815,24.0381102869696,23.9860709383021,23.9756598658044,24.0537168909092,24.1369116310709,24.2096511916044,24.1265160139431,24.0693210964281,24.2044572345467,24.017297749009,24.1369116310709,24.0953227786774,24.1265160139431,24.1421090408181,24.0901229747396,24.0953227786774,24.16809210295,24.1576996752618,24.1161193330435,24.1317139554589,24.2771485035319,24.2044572345467,24.16809210295,24.2252314710217,24.1836787523513,24.1888737710728,24.1109205935815,24.1576996752618,24.1421090408181,24.1317139554589,24.0901229747396,24.0537168909092,24.0120939477021,24.02250128355,24.0589185591878,24.0433127548394,24.0641199610143,23.9808655355738,24.1265160139431,24.0849229045849,24.1265160139431,24.1732879183289,24.0641199610143,24.2304243670388,24.2252314710217,24.2719579925803,24.2148448833435,24.1213178064842,24.2823387496704,24.1161193330435,24.1784834681163,24.1057215880592,24.1213178064842,24.1317139554589,24.1161193330435,24.1057215880592,24.0849229045849,24.0693210964281,24.0901229747396,24.1473061847397,24.1421090408181,24.0953227786774,24.19406852432,24.1732879183289,24.2408093636233,24.2771485035319,24.2823387496704,24.2719579925803,24.2408093636233,24.1109205935815,24.1421090408181,24.0953227786774,24.1784834681163,24.2096511916044,24.1369116310709,24.0849229045849,24.1732879183289,24.1109205935815,24.1836787523513,24.1109205935815,24.1784834681163,24.1317139554589,24.2044572345467,24.19406852432,24.0277045513642,24.0433127548394,24.1576996752618,24.0589185591878,24.1836787523513,24.1836787523513,24.2408093636233,24.2823387496704,24.2771485035319,24.5052693701856,24.5829212550199,24.6863652356057,24.7225458756109,24.7638794888426,24.7535476535085,24.7845400253874,24.7483813439431,24.7328808471969,24.6656848260024,24.8000326866343,24.6967038696157,24.7535476535085
23.9235884721781,23.9287968145261,23.9235884721781,24.0537168909092,24.0433127548394,23.9600412538547,23.8297925334724,23.8714903310769,24.02250128355,24.0016855446331,23.9235884721781,23.8193654029997,23.9131709850186,23.9340048894389,23.9183798623554,23.855855667086,23.8975427475285,23.8454312178827,23.8610674896852,23.8245791023491,23.8193654029997,23.8767013499485,24.0120939477021,23.9131709850186,23.9131709850186,23.8975427475285,23.8819121009899,23.9027524276446,24.0537168909092,24.032907552491,24.017297749009,23.9235884721781,24.02250128355,24.017297749009,23.8819121009899,24.032907552491,23.9600412538547,23.8245791023491,23.9704539289542,23.9860709383021,23.9860709383021,23.9652477249841,23.8350056964094,23.9652477249841,23.9964809427924,24.0381102869696,23.8871225842407,24.0120939477021,24.02250128355,23.8819121009899,24.017297749009,24.0433127548394,23.9704539289542,23.9548345155266,23.9704539289542,23.9235884721781,23.9444202371166,23.8245791023491,24.02250128355,23.8350056964094,24.0693210964281,24.0641199610143,24.0797225681742,24.0693210964281,23.9704539289542,23.9964809427924,24.0068898795898,23.9235884721781,23.9131709850186,23.9652477249841,24.0277045513642,24.0120939477021,23.9340048894389,23.9860709383021,23.9704539289542,23.9548345155266,24.032907552491,24.0433127548394,24.1576996752618,24.1576996752618,23.9808655355738,24.0589185591878,24.0693210964281,24.017297749009,24.0016855446331,24.1057215880592,24.1005223164376,24.1732879183289,24.1109205935815,24.0901229747396,24.0849229045849,24.0901229747396,24.0589185591878,24.0901229747396,24.1317139554589,24.0953227786774,24.1161193330435,24.1057215880592,24.0797225681742,24.1005223164376,24.2148448833435,24.1628960219406,24.1992630121316,24.0849229045849,24.0745219654683,24.1369116310709,24.1265160139431,24.1109205935815,24.0693210964281,24.19406852432,24.2148448833435,24.2719579925803,24.1732879183289,24.1473061847397,24.0953227786774,24.0901229747396,24.0381102869696,24.1213178064842,24.0797225681742,24.1057215880592,24.1628960219406,24.0277045513642,24.1525030628745,24.1369116310709,24.1992630121316,24.19406852432,24.1628960219406,24.0589185591878,24.1628960219406,24.16809210295,24.0745219654683,24.1265160139431,24.1473061847397,24.1109205935815,23.9860709383021,24.0433127548394,24.1213178064842,24.1213178064842,24.2823387496704,24.1525030628745,24.2148448833435,24.1576996752618,24.235616997893,24.1836787523513,24.2563848704595,24.1057215880592,24.19406852432,24.1057215880592,24.1057215880592,24.1628960219406,24.1265160139431,24.1369116310709,24.1421090408181,24.1421090408181,24.2044572345467,24.2096511916044,24.1473061847397,24.313474667603,24.0849229045849,24.1784834681163,24.2252314710217,24.1421090408181,24.1369116310709,24.2044572345467,24.1161193330435,24.0693210964281,24.1836787523513,24.1525030628745,24.1005223164376,24.1525030628745,24.0901229747396,24.1109205935815,24.16809210295,24.0537168909092,24.1317139554589,24.2460014642685,24.0693210964281,24.2148448833435,24.2460014642685,24.3030970868713,24.2719579925803,24.2719579925803,24.1836787523513,24.1576996752618,24.2304243670388,24.16809210295,24.1005223164376,24.1421090408181,24.1005223164376,24.0901229747396,23.9964809427924,24.0745219654683,24.0745219654683,24.1213178064842,24.1576996752618,24.0849229045849,24.1161193330435,24.1005223164376,24.0901229747396,24.2044572345467,24.2148448833435,24.2304243670388,24.1628960219406,24.1836787523513,24.16809210295,24.16809210295,24.16809210295,24.1265160139431,24.1732879183289,24.2044572345467,24.2563848704595,24.2771485035319,24.19406852432,24.1161193330435,24.1784834681163,24.1317139554589,24.1525030628745,24.1421090408181,24.0901229747396,24.0016855446331,24.1421090408181,24.1369116310709,24.261576176083,24.266767216777,24.3186630611374,24.2408093636233,24.4120089523324,24.5466910676864,24.7638794888426,24.7018727940562,24.7328808471969,24.7483813439431,24.7690450146872,24.7587137017957,24.7742102793675,24.7638794888426,24.7380479408253,24.7483813439431,24.7638794888426,24.7328808471969
23.8193654029997,23.8610674896852,24.0797225681742,24.0537168909092,23.9392126969559,24.0381102869696,23.9235884721781,23.8662790443357,23.8871225842407,23.9912760740285,24.0381102869696,24.0381102869696,23.9235884721781,23.9860709383021,23.8819121009899,23.7880775719377,23.8350056964094,23.8245791023491,23.7045960758182,23.8193654029997,23.8610674896852,23.8819121009899,24.0016855446331,23.855855667086,23.9704539289542,23.9444202371166,23.8975427475285,23.9444202371166,23.9340048894389,24.0120939477021,23.9131709850186,23.9079618401281,24.017297749009,24.0120939477021,23.9964809427924,23.8819121009899,23.8975427475285,23.7724300321434,23.8402185911997,23.9704539289542,24.1525030628745,24.0068898795898,23.9600412538547,23.9860709383021,23.9287968145261,23.9704539289542,23.8923327997404,23.9912760740285,24.0068898795898,24.017297749009,24.0068898795898,23.9912760740285,23.9548345155266,23.9704539289542,23.855855667086,23.9860709383021,23.9392126969559,23.8871225842407,23.8089371994645,23.8610674896852,23.9496275099604,23.9964809427924,24.0849229045849,24.0589185591878,23.9860709383021,24.0485149561396,23.8714903310769,24.0120939477021,23.8662790443357,23.9287968145261,23.8714903310769,23.9756598658044,24.02250128355,23.9079618401281,23.9652477249841,23.9079618401281,23.8610674896852,24.0381102869696,24.0537168909092,24.0537168909092,23.9964809427924,23.9600412538547,23.9756598658044,24.0849229045849,24.0901229747396,24.1369116310709,24.2460014642685,24.2823387496704,24.1109205935815,24.0797225681742,24.1005223164376,24.0693210964281,24.0745219654683,24.1369116310709,24.1836787523513,24.1213178064842,24.1161193330435,24.1005223164376,24.1109205935815,24.1628960219406,24.1628960219406,24.3238511901693,24.1525030628745,24.2875287310348,24.2096511916044,24.1836787523513,24.1888737710728,24.1005223164376,24.1005223164376,24.1888737710728,24.1888737710728,24.1473061847397,24.1109205935815,24.1109205935815,24.0953227786774,24.1421090408181,24.1057215880592,24.1784834681163,24.1732879183289,24.1836787523513,24.1265160139431,24.220038309803,24.3290390547373,24.16809210295,24.2096511916044,24.19406852432,24.1784834681163,24.1576996752618,24.1317139554589,24.1628960219406,24.2771485035319,24.16809210295,24.2408093636233,24.0693210964281,24.0901229747396,24.1161193330435,24.1369116310709,24.1265160139431,24.1265160139431,24.1057215880592,24.1161193330435,24.2823387496704,24.2096511916044,24.0485149561396,24.1213178064842,24.1784834681163,24.2875287310348,24.1005223164376,23.9704539289542,24.2823387496704,24.1628960219406,24.1784834681163,24.2460014642685,24.1992630121316,24.266767216777,24.2719579925803,24.1369116310709,24.2719579925803,24.1836787523513,24.19406852432,24.266767216777,24.235616997893,24.1888737710728,24.2252314710217,24.1265160139431,24.2148448833435,24.1732879183289,24.1161193330435,24.19406852432,24.0641199610143,24.1525030628745,24.1369116310709,24.266767216777,24.1473061847397,24.235616997893,24.2511932998677,24.2096511916044,24.2408093636233,24.235616997893,24.2563848704595,24.2563848704595,24.3705324552306,24.266767216777,24.1628960219406,24.0901229747396,24.220038309803,24.2252314710217,24.0797225681742,24.2252314710217,24.0693210964281,24.0901229747396,24.0797225681742,24.1109205935815,24.1109205935815,24.0745219654683,24.2304243670388,24.1057215880592,24.2771485035319,24.1888737710728,24.220038309803,24.2563848704595,24.1005223164376,24.1265160139431,24.0901229747396,24.1992630121316,24.266767216777,24.266767216777,24.1525030628745,24.1109205935815,24.2148448833435,24.02250128355,24.1213178064842,24.1369116310709,24.2563848704595,24.1057215880592,24.1109205935815,24.1576996752618,24.1421090408181,24.2719579925803,24.0120939477021,24.0016855446331,24.1992630121316,24.2563848704595,24.2044572345467,24.235616997893,24.313474667603,24.5104480028654,24.5725710861868,24.6656848260024,24.8155229994525,24.7432147730614,24.7948687272058,24.6036184425424,24.8258485704877,24.7638794888426,24.9806071469274,24.7328808471969,24.8516579356668,24.7845400253874,24.8103598227198
23.9392126969559,23.9704539289542,24.0537168909092,24.0016855446331,23.8141514353848,23.9183798623554,23.8923327997404,23.735909702305,23.9131709850186,23.8662790443357,24.032907552491,23.9392126969559,24.0120939477021,23.7828619938962,24.0120939477021,23.9964809427924,23.9808655355738,23.9912760740285,23.9912760740285,24.1005223164376,23.8975427475285,23.8975427475285,23.9912760740285,23.9496275099604,23.9548345155266,23.9704539289542,24.1005223164376,23.9652477249841,23.9079618401281,23.9860709383021,24.0485149561396,24.0433127548394,24.16809210295,23.9964809427924,23.9704539289542,23.8767013499485,23.730691437042,23.7515628848466,23.8923327997404,23.8871225842407,23.9600412538547,24.02250128355,23.9704539289542,23.9860709383021,23.9183798623554,23.9704539289542,24.0953227786774,24.0433127548394,24.1005223164376,23.9444202371166,23.9027524276446,24.1213178064842,23.9704539289542,23.8819121009899,24.0016855446331,23.9860709383021,23.9548345155266,23.9340048894389,24.0068898795898,24.0016855446331,24.0485149561396,24.0485149561396,23.9808655355738,23.9652477249841,23.9860709383021,23.9912760740285,23.8402185911997,23.9912760740285,23.9860709383021,24.0745219654683,23.9600412538547,24.032907552491,24.02250128355,23.9652477249841,23.9860709383021,24.0433127548394,23.9652477249841,24.1317139554589,24.0849229045849,23.9860709383021,24.0537168909092,24.0745219654683,23.9860709383021,24.0641199610143,24.0485149561396,24.0068898795898,24.3030970868713,24.1369116310709,24.0641199610143,24.0589185591878,24.0693210964281,24.0693210964281,24.1317139554589,24.0797225681742,24.1628960219406,24.1005223164376,24.0641199610143,24.0901229747396,24.1057215880592,24.1369116310709,24.16809210295,24.1836787523513,24.266767216777,24.3860881214467,24.396457245529,24.2252314710217,24.1057215880592,24.1005223164376,24.1576996752618,24.1161193330435,24.0381102869696,24.1057215880592,24.2408093636233,24.2823387496704,24.1369116310709,24.0537168909092,24.1057215880592,24.1525030628745,24.1628960219406,24.1836787523513,24.2719579925803,24.1213178064842,24.1836787523513,24.235616997893,24.1628960219406,24.1628960219406,24.19406852432,24.1473061847397,24.1525030628745,24.1525030628745,24.0693210964281,24.032907552491,24.1992630121316,24.1421090408181,24.0381102869696,24.16809210295,24.1265160139431,24.1576996752618,24.1265160139431,24.1265160139431,24.2252314710217,24.1836787523513,24.2875287310348,24.2044572345467,24.1525030628745,24.16809210295,24.0849229045849,24.1057215880592,24.2875287310348,24.2875287310348,24.1784834681163,24.2927184476639,24.2460014642685,24.2304243670388,24.1888737710728,24.2408093636233,24.2719579925803,24.2771485035319,24.2148448833435,24.2408093636233,24.2979078995965,24.2563848704595,24.2096511916044,24.2252314710217,24.1421090408181,24.1473061847397,24.0953227786774,24.1576996752618,24.0641199610143,24.1784834681163,24.0901229747396,24.1369116310709,24.0953227786774,24.2044572345467,24.0745219654683,24.2563848704595,24.2511932998677,24.2252314710217,24.2511932998677,24.2460014642685,24.2563848704595,24.261576176083,24.220038309803,24.220038309803,24.220038309803,24.1005223164376,24.1109205935815,24.1213178064842,24.2044572345467,24.1109205935815,24.0849229045849,24.0693210964281,24.220038309803,24.1213178064842,23.9912760740285,23.9600412538547,24.1213178064842,24.2408093636233,24.2148448833435,24.2979078995965,24.2148448833435,24.235616997893,24.19406852432,24.1473061847397,24.220038309803,24.1576996752618,24.1576996752618,24.1888737710728,24.235616997893,24.1473061847397,24.1421090408181,24.0016855446331,24.2096511916044,24.1525030628745,24.16809210295,24.1161193330435,24.0849229045849,24.1421090408181,24.0745219654683,24.0277045513642,24.1265160139431,24.0849229045849,24.2823387496704,24.2408093636233,24.2979078995965,24.2252314710217,24.4741920473867,24.5622198668973,24.6656848260024,24.8103598227198,24.954830304227,24.6656848260024,24.6708553211965,24.7638794888426,24.7432147730614,24.7018727940562,24.86197985757,24.7018727940562,24.7277134921382,24.7070414568379
23.7515628848466,23.9340048894389,23.8923327997404,23.7880775719377,23.7880775719377,23.7932928814756,23.7880775719377,23.5426544630727,23.7828619938962,23.9392126969559,23.8402185911997,23.9392126969559,23.9235884721781,23.9964809427924,24.017297749009,24.0016855446331,23.9964809427924,24.0120939477021,24.0797225681742,24.0016855446331,24.0901229747396,24.1057215880592,24.0277045513642,23.9287968145261,23.8610674896852,23.9600412538547,24.2096511916044,23.9340048894389,24.02250128355,23.9964809427924,24.0537168909092,24.0277045513642,24.0120939477021,24.017297749009,23.9756598658044,24.0068898795898,23.7254729028382,23.7202540996537,23.8141514353848,23.9548345155266,23.6941560476277,23.9444202371166,24.0277045513642,23.9183798623554,23.9652477249841,23.8506435764983,23.9600412538547,23.8871225842407,23.9704539289542,23.9079618401281,23.8662790443357,23.9496275099604,23.9964809427924,23.9548345155266,24.0120939477021,24.0068898795898,24.0016855446331,24.0016855446331,24.0797225681742,24.1369116310709,24.1317139554589,24.017297749009,23.9964809427924,24.0485149561396,24.1213178064842,24.1161193330435,24.0485149561396,23.9183798623554,23.9912760740285,24.02250128355,24.0433127548394,24.0537168909092,24.0277045513642,24.017297749009,23.9496275099604,23.9756598658044,23.9808655355738,24.0016855446331,23.9235884721781,23.9912760740285,24.0641199610143,23.9860709383021,23.9444202371166,23.9808655355738,24.0641199610143,24.1628960219406,24.2460014642685,24.1628960219406,24.1421090408181,24.0901229747396,24.0537168909092,24.0641199610143,24.0745219654683,24.1161193330435,24.1888737710728,24.2511932998677,24.16809210295,24.1005223164376,24.1525030628745,24.220038309803,24.2044572345467,24.235616997893,24.3446010620456,24.3809031634257,24.2719579925803,24.1213178064842,24.1888737710728,24.0953227786774,24.1161193330435,24.1213178064842,24.2823387496704,24.396457245529,24.3912728154683,24.220038309803,24.2148448833435,24.2044572345467,24.0433127548394,24.1473061847397,24.1265160139431,24.1317139554589,24.1057215880592,24.1992630121316,24.0120939477021,24.1888737710728,24.1265160139431,24.1421090408181,24.0797225681742,24.1784834681163,24.0953227786774,24.2875287310348,24.1421090408181,24.1992630121316,24.1784834681163,24.1732879183289,24.1265160139431,24.1109205935815,24.1421090408181,24.1473061847397,24.1836787523513,24.1161193330435,24.1109205935815,24.261576176083,24.1992630121316,24.19406852432,24.2096511916044,24.1784834681163,24.2823387496704,24.2823387496704,24.2511932998677,24.2460014642685,24.2460014642685,24.2823387496704,24.313474667603,24.1992630121316,24.2719579925803,24.2511932998677,24.2096511916044,24.2096511916044,24.220038309803,24.1732879183289,24.220038309803,24.1576996752618,24.220038309803,24.1369116310709,24.2148448833435,24.1784834681163,24.2563848704595,24.032907552491,24.1213178064842,24.0693210964281,24.1109205935815,24.0381102869696,24.1317139554589,24.1317139554589,24.1421090408181,24.220038309803,24.235616997893,24.2563848704595,24.2511932998677,24.3446010620456,24.266767216777,24.2511932998677,24.235616997893,24.2044572345467,24.2304243670388,24.1628960219406,24.1109205935815,24.220038309803,24.0485149561396,24.0485149561396,24.0485149561396,24.1576996752618,24.1628960219406,24.1525030628745,24.1628960219406,24.0016855446331,24.2252314710217,24.1732879183289,24.2096511916044,24.2875287310348,24.2823387496704,24.2148448833435,23.9860709383021,24.1784834681163,24.2252314710217,24.2511932998677,24.1732879183289,24.0745219654683,24.1784834681163,24.2563848704595,24.1421090408181,24.16809210295,24.1732879183289,24.2304243670388,24.0953227786774,24.19406852432,24.1265160139431,24.0745219654683,24.1109205935815,24.1005223164376,23.9964809427924,24.0016855446331,24.1421090408181,24.2875287310348,24.3082860095273,24.2823387496704,24.3549744119754,24.5570438632356,24.6553430497988,24.7277134921382,24.8568190268782,24.6656848260024,24.7690450146872,24.7277134921382,24.7070414568379,24.8310109648659,24.7483813439431,24.8206859153626,24.7483813439431,24.7070414568379
23.9131709850186,23.9235884721781,23.9235884721781,23.9131709850186,23.9131709850186,23.7724300321434,23.7515628848466,23.7672136483527,23.8089371994645,23.8923327997404,23.855855667086,23.8975427475285,23.8714903310769,24.032907552491,23.8923327997404,23.9496275099604,24.0120939477021,24.032907552491,24.0953227786774,24.1109205935815,24.0849229045849,24.1005223164376,23.9704539289542,23.9235884721781,23.9964809427924,23.9652477249841,23.9808655355738,23.9496275099604,23.9912760740285,23.9079618401281,24.0068898795898,23.8923327997404,24.0016855446331,23.9496275099604,23.9912760740285,24.0381102869696,23.7880775719377,23.8402185911997,23.8662790443357,23.7619969958994,23.9183798623554,23.9235884721781,23.9860709383021,24.0537168909092,23.9652477249841,23.8819121009899,23.9860709383021,24.0068898795898,23.8714903310769,23.9704539289542,23.9183798623554,23.9704539289542,23.9079618401281,23.9548345155266,23.9444202371166,24.0016855446331,24.02250128355,24.1369116310709,24.1525030628745,24.1057215880592,24.032907552491,24.1005223164376,24.0797225681742,23.9860709383021,24.19406852432,24.1109205935815,23.9860709383021,24.1005223164376,24.1057215880592,24.0068898795898,24.0485149561396,24.0745219654683,24.0381102869696,24.0901229747396,23.8610674896852,23.9704539289542,23.9756598658044,23.9912760740285,23.9392126969559,24.0485149561396,23.8923327997404,23.9808655355738,24.0277045513642,24.0693210964281,23.9860709383021,24.0849229045849,24.1473061847397,24.1525030628745,24.1628960219406,24.1421090408181,23.9964809427924,24.0016855446331,24.2460014642685,24.2096511916044,24.2304243670388,24.1836787523513,24.2511932998677,24.2719579925803,24.4586498313649,24.5311599032229,24.396457245529,24.3912728154683,24.3860881214467,24.261576176083,24.2252314710217,24.261576176083,24.2511932998677,24.1525030628745,24.2563848704595,24.1784834681163,24.2511932998677,24.2460014642685,24.3860881214467,24.2096511916044,24.1732879183289,24.0381102869696,24.1369116310709,24.2408093636233,24.1628960219406,24.2044572345467,24.1732879183289,24.1992630121316,24.2044572345467,24.1317139554589,24.1576996752618,24.1576996752618,24.2823387496704,24.2044572345467,24.235616997893,24.1628960219406,24.1836787523513,24.1525030628745,24.1888737710728,24.1836787523513,24.0589185591878,24.220038309803,24.1421090408181,24.1265160139431,24.2096511916044,24.1836787523513,24.1784834681163,24.1525030628745,24.2979078995965,24.2044572345467,24.2979078995965,24.2563848704595,24.220038309803,24.2096511916044,24.1576996752618,24.2823387496704,24.2044572345467,24.2460014642685,24.2563848704595,24.1525030628745,24.2252314710217,24.2460014642685,24.2148448833435,24.3446010620456,24.2823387496704,24.2771485035319,24.2252314710217,24.2875287310348,24.2148448833435,24.2252314710217,24.1213178064842,24.0693210964281,24.0381102869696,24.0433127548394,24.0745219654683,24.1421090408181,24.0537168909092,24.0693210964281,24.0589185591878,24.2044572345467,24.3238511901693,24.3290390547373,24.1213178064842,24.2148448833435,24.2304243670388,24.1525030628745,24.2096511916044,24.220038309803,24.2460014642685,24.1992630121316,24.2096511916044,24.1888737710728,24.0797225681742,24.0797225681742,24.1421090408181,24.0381102869696,24.0693210964281,24.1317139554589,24.19406852432,24.1317139554589,24.19406852432,24.1057215880592,24.2148448833435,24.2460014642685,24.2044572345467,24.261576176083,24.2304243670388,24.2148448833435,24.2148448833435,24.2096511916044,24.235616997893,24.1628960219406,24.2096511916044,24.1057215880592,24.1317139554589,24.2096511916044,24.0381102869696,24.1109205935815,24.1992630121316,24.2823387496704,24.1265160139431,24.2252314710217,24.1005223164376,24.1473061847397,24.2304243670388,24.017297749009,24.1213178064842,24.2511932998677,24.1317139554589,24.220038309803,24.2460014642685,24.313474667603,24.5363372209139,24.7535476535085,24.5673956078683,24.593270373703,24.6294840235847,24.8051963851263,24.7483813439431,24.8155229994525,24.7897045068028,24.8155229994525,24.68119552596,24.8103598227198,24.7328808471969,24.6863652356057
23.8454312178827,23.756780074744,23.9912760740285,23.9444202371166,24.032907552491,23.9704539289542,23.9079618401281,23.8975427475285,23.8141514353848,23.8402185911997,23.9392126969559,24.0120939477021,23.9912760740285,24.0901229747396,24.017297749009,23.9964809427924,24.017297749009,24.0953227786774,24.1213178064842,24.0901229747396,23.7828619938962,23.9600412538547,24.032907552491,23.9912760740285,24.1473061847397,23.9860709383021,23.9444202371166,23.9027524276446,23.9340048894389,23.9079618401281,24.1213178064842,24.0849229045849,24.0693210964281,24.017297749009,23.8767013499485,24.0120939477021,23.9756598658044,24.1265160139431,24.0745219654683,23.9392126969559,23.9548345155266,23.9652477249841,24.0537168909092,24.0381102869696,24.0068898795898,24.0537168909092,23.9756598658044,24.017297749009,24.1421090408181,24.032907552491,24.0068898795898,24.0381102869696,24.0641199610143,24.017297749009,24.0537168909092,24.0120939477021,24.017297749009,24.032907552491,24.1109205935815,24.1576996752618,24.1732879183289,24.1992630121316,24.0537168909092,24.1576996752618,24.2875287310348,24.1576996752618,24.1057215880592,23.8610674896852,24.1213178064842,24.0016855446331,24.1213178064842,24.1369116310709,24.0537168909092,24.0433127548394,24.0693210964281,24.0381102869696,24.0433127548394,23.9860709383021,24.0537168909092,24.0537168909092,24.0433127548394,24.1369116310709,24.1784834681163,24.1784834681163,24.0693210964281,24.0745219654683,24.1784834681163,24.1576996752618,24.1628960219406,24.2460014642685,24.1161193330435,24.266767216777,24.2823387496704,24.3394139906367,24.3446010620456,24.2979078995965,24.4586498313649,24.6708553211965,24.4845522079513,24.5466910676864,24.4068253139224,24.2771485035319,24.4068253139224,24.3912728154683,24.1473061847397,24.1005223164376,24.1576996752618,24.2979078995965,24.261576176083,24.266767216777,24.2148448833435,24.2563848704595,24.1992630121316,24.1784834681163,24.1161193330435,24.2304243670388,24.220038309803,24.1317139554589,24.2563848704595,24.266767216777,24.1057215880592,24.1317139554589,24.1213178064842,24.1005223164376,24.19406852432,24.261576176083,24.1784834681163,24.2252314710217,24.1888737710728,24.1836787523513,24.2719579925803,24.2719579925803,24.2771485035319,24.1732879183289,24.2252314710217,24.2096511916044,24.1888737710728,24.1473061847397,24.1628960219406,24.1421090408181,24.235616997893,24.2096511916044,24.1992630121316,24.2044572345467,24.2875287310348,24.19406852432,24.2875287310348,24.2927184476639,24.2408093636233,24.261576176083,24.2823387496704,24.1784834681163,24.2927184476639,24.3290390547373,24.313474667603,24.261576176083,24.2979078995965,24.3394139906367,24.3186630611374,24.220038309803,24.313474667603,24.2148448833435,24.1628960219406,24.2563848704595,24.1628960219406,24.0797225681742,24.0589185591878,24.1421090408181,24.1317139554589,24.0433127548394,24.1525030628745,24.2304243670388,24.313474667603,24.19406852432,24.2460014642685,24.266767216777,24.261576176083,24.235616997893,24.266767216777,24.2096511916044,24.1473061847397,24.2408093636233,24.2719579925803,24.2304243670388,24.2563848704595,24.1369116310709,24.2148448833435,24.1628960219406,24.1576996752618,24.19406852432,24.1836787523513,24.16809210295,24.1784834681163,24.1628960219406,24.2460014642685,24.19406852432,24.1576996752618,24.1369116310709,24.0849229045849,24.19406852432,24.1161193330435,24.2304243670388,24.1109205935815,24.2408093636233,24.1213178064842,24.2563848704595,24.1421090408181,24.0641199610143,24.0485149561396,24.16809210295,24.1732879183289,24.1628960219406,24.1576996752618,24.1369116310709,24.1836787523513,24.1369116310709,24.1525030628745,24.1161193330435,24.1265160139431,24.2304243670388,24.0797225681742,24.1576996752618,24.16809210295,24.2875287310348,24.4949113154483,24.5052693701856,24.588095945611,24.7845400253874,24.7070414568379,24.8568190268782,24.8155229994525,24.7948687272058,24.8258485704877,24.8413349715329,24.8000326866343,24.8310109648659,24.9702971889533,24.8464965838976,24.9857617364743,24.6760255545029
23.9964809427924,23.9027524276446,23.8871225842407,24.0068898795898,24.0433127548394,24.0745219654683,24.0016855446331,23.9704539289542,24.0016855446331,24.0797225681742,23.9392126969559,23.9808655355738,23.9756598658044,24.0485149561396,24.0277045513642,24.0641199610143,23.9183798623554,24.0277045513642,24.0901229747396,24.0641199610143,23.9964809427924,23.9652477249841,24.0953227786774,24.235616997893,23.9860709383021,23.9027524276446,23.9496275099604,23.9079618401281,23.9496275099604,23.9235884721781,24.0068898795898,23.9079618401281,23.9912760740285,24.0953227786774,24.02250128355,24.0381102869696,24.0901229747396,24.0589185591878,23.9392126969559,23.8923327997404,23.8923327997404,23.9287968145261,24.0537168909092,24.0745219654683,24.0485149561396,23.9756598658044,24.0537168909092,23.9704539289542,24.1576996752618,23.8975427475285,23.9652477249841,24.0537168909092,24.1369116310709,23.9548345155266,24.017297749009,24.017297749009,23.9912760740285,24.1317139554589,24.1265160139431,24.1888737710728,24.1732879183289,24.0849229045849,24.1005223164376,24.1576996752618,24.2875287310348,24.0953227786774,24.1109205935815,24.1421090408181,24.0953227786774,24.1317139554589,24.1421090408181,24.1317139554589,24.1317139554589,24.1265160139431,24.0901229747396,24.0693210964281,24.1161193330435,24.2927184476639,24.3601606905737,24.2823387496704,24.032907552491,24.2460014642685,24.1473061847397,24.1421090408181,24.1473061847397,24.16809210295,24.1992630121316,24.2875287310348,24.4482870367845,24.1421090408181,24.235616997893,24.4068253139224,24.3290390547373,24.3082860095273,24.2927184476639,24.220038309803,24.3601606905737,24.4431052442089,24.4793722593216,24.2927184476639,24.3497878691456,24.2771485035319,24.3705324552306,24.2823387496704,24.1213178064842,24.266767216777,24.1369116310709,24.0849229045849,24.1005223164376,24.2511932998677,24.2304243670388,24.1992630121316,24.2304243670388,24.2979078995965,24.2408093636233,24.266767216777,24.261576176083,24.1576996752618,24.0849229045849,24.1265160139431,24.0953227786774,24.1836787523513,24.0693210964281,24.1213178064842,24.1213178064842,24.1628960219406,24.1784834681163,24.1784834681163,24.1836787523513,24.266767216777,24.2044572345467,24.0745219654683,24.1732879183289,24.2304243670388,24.1784834681163,24.2823387496704,24.220038309803,24.1109205935815,24.3030970868713,24.1109205935815,24.220038309803,24.1732879183289,24.2408093636233,24.2252314710217,24.2252314710217,24.3030970868713,24.266767216777,24.266767216777,24.1576996752618,24.16809210295,24.1992630121316,24.2304243670388,24.2511932998677,24.2096511916044,24.2719579925803,24.3186630611374,24.2875287310348,24.2563848704595,24.1992630121316,24.1576996752618,24.1525030628745,24.19406852432,24.2823387496704,24.1732879183289,24.2563848704595,24.1576996752618,24.1369116310709,24.0537168909092,24.1213178064842,24.0901229747396,24.2563848704595,24.1473061847397,24.1784834681163,24.235616997893,24.2148448833435,24.3030970868713,24.2771485035319,24.2563848704595,24.313474667603,24.2252314710217,24.3238511901693,24.2304243670388,24.2096511916044,24.2148448833435,24.2304243670388,24.1836787523513,24.2044572345467,24.1628960219406,24.1576996752618,24.0277045513642,24.16809210295,24.1628960219406,24.2563848704595,24.16809210295,24.1732879183289,24.16809210295,24.2304243670388,24.4068253139224,24.1576996752618,24.1317139554589,24.19406852432,24.2044572345467,24.266767216777,24.0693210964281,24.2304243670388,24.2304243670388,24.2304243670388,24.1369116310709,24.235616997893,24.1836787523513,24.1836787523513,24.1836787523513,24.2927184476639,24.1888737710728,24.2408093636233,24.1473061847397,24.1732879183289,24.0901229747396,24.1109205935815,24.0745219654683,24.0485149561396,24.1265160139431,24.1421090408181,24.032907552491,24.3030970868713,24.5104480028654,24.6553430497988,24.7845400253874,24.9032571289301,24.836173098535,24.86197985757,24.7845400253874,24.8051963851263,24.9342041538485,24.7948687272058,24.7897045068028,24.8103598227198,24.8723007375455,24.8310109648659,24.8464965838976
24.1888737710728,23.9652477249841,23.9808655355738,23.8819121009899,24.0797225681742,23.9340048894389,23.9183798623554,24.0641199610143,23.9912760740285,24.0693210964281,24.0693210964281,24.0537168909092,24.0537168909092,24.0433127548394,23.9808655355738,23.9756598658044,24.0589185591878,24.0120939477021,23.9183798623554,23.9183798623554,23.9496275099604,23.9027524276446,24.1005223164376,24.0016855446331,23.9964809427924,23.9756598658044,23.9600412538547,23.8871225842407,24.0745219654683,23.9860709383021,24.0068898795898,24.1265160139431,24.1213178064842,24.1109205935815,24.1057215880592,24.0381102869696,24.0537168909092,23.9808655355738,24.0068898795898,23.8714903310769,23.9600412538547,23.9392126969559,23.8871225842407,24.0485149561396,23.9912760740285,24.0745219654683,23.9183798623554,23.9756598658044,23.9392126969559,24.0589185591878,23.9444202371166,24.0120939477021,24.0589185591878,24.0381102869696,24.0537168909092,24.0120939477021,24.0537168909092,24.1005223164376,24.16809210295,24.1213178064842,24.0849229045849,24.0849229045849,24.19406852432,24.2304243670388,24.1473061847397,24.1369116310709,24.1369116310709,24.0849229045849,24.1317139554589,24.0797225681742,24.1005223164376,24.1265160139431,24.16809210295,24.1109205935815,23.9912760740285,24.1057215880592,24.0641199610143,24.1005223164376,24.3705324552306,24.1369116310709,24.0277045513642,24.1317139554589,24.2304243670388,24.1005223164376,24.0693210964281,24.0797225681742,24.2875287310348,24.2771485035319,24.2408093636233,24.1005223164376,24.1369116310709,24.2408093636233,24.2408093636233,24.2511932998677,24.313474667603,24.1836787523513,24.3186630611374,24.3446010620456,24.4327408682945,24.5725710861868,24.4327408682945,24.3186630611374,24.1525030628745,24.3290390547373,24.1576996752618,24.0953227786774,24.220038309803,24.2460014642685,24.1784834681163,24.220038309803,24.1576996752618,24.1784834681163,24.2252314710217,24.2771485035319,24.2408093636233,24.220038309803,24.2563848704595,24.3030970868713,24.3030970868713,24.313474667603,24.1369116310709,24.1992630121316,24.1576996752618,24.2044572345467,24.220038309803,24.1784834681163,24.2563848704595,24.2979078995965,24.2511932998677,24.235616997893,24.266767216777,24.1836787523513,24.1888737710728,24.1992630121316,24.1888737710728,24.1213178064842,24.1473061847397,24.1628960219406,24.2511932998677,24.266767216777,24.1888737710728,24.2460014642685,24.2460014642685,24.2304243670388,24.2823387496704,24.235616997893,24.1576996752618,24.235616997893,24.1992630121316,24.313474667603,24.1576996752618,24.2979078995965,24.2719579925803,24.1992630121316,24.1836787523513,24.3082860095273,24.3290390547373,24.261576176083,24.3238511901693,24.2719579925803,24.1732879183289,24.19406852432,24.1473061847397,24.1628960219406,24.266767216777,24.16809210295,24.1057215880592,24.0745219654683,24.2771485035319,24.1265160139431,24.1005223164376,24.0745219654683,24.2408093636233,24.220038309803,24.3030970868713,24.3757179413665,24.3030970868713,24.3860881214467,24.2563848704595,24.4327408682945,24.3186630611374,24.313474667603,24.1836787523513,24.3082860095273,24.2979078995965,24.2096511916044,24.313474667603,24.1836787523513,24.2927184476639,24.2252314710217,24.1576996752618,24.1109205935815,24.1525030628745,24.1576996752618,24.266767216777,24.19406852432,24.3446010620456,24.3497878691456,24.3290390547373,24.2252314710217,24.16809210295,24.1265160139431,24.1005223164376,24.1836787523513,24.1992630121316,24.220038309803,24.1057215880592,24.2252314710217,24.1784834681163,24.1161193330435,24.2096511916044,24.19406852432,24.2927184476639,24.220038309803,24.1421090408181,24.2096511916044,24.1784834681163,24.1888737710728,24.2148448833435,24.02250128355,24.0589185591878,24.1109205935815,24.0485149561396,24.1628960219406,24.4120089523324,24.5725710861868,24.7793752829217,24.8103598227198,24.8000326866343,24.7535476535085,24.7897045068028,24.8464965838976,24.9702971889533,24.8774607869049,24.8877801045559,24.9084156166453,24.9909160664447,24.8464965838976,24.9084156166453,24.8258485704877
23.9704539289542,24.02250128355,23.9860709383021,23.9912760740285,23.756780074744,23.9027524276446,23.9600412538547,24.0381102869696,24.0745219654683,24.0120939477021,24.0277045513642,23.9964809427924,23.9600412538547,23.9548345155266,23.9808655355738,23.9600412538547,24.0433127548394,24.017297749009,23.9444202371166,23.9183798623554,23.8454312178827,23.8610674896852,24.1109205935815,23.9704539289542,24.1109205935815,23.7932928814756,23.9287968145261,23.9340048894389,24.1317139554589,24.017297749009,23.9756598658044,24.0537168909092,24.0485149561396,24.1213178064842,24.1109205935815,24.0068898795898,24.0277045513642,24.032907552491,24.0641199610143,23.9704539289542,24.0589185591878,23.9756598658044,23.9756598658044,23.9704539289542,24.0641199610143,24.1317139554589,24.1784834681163,24.02250128355,24.0641199610143,24.0433127548394,23.9600412538547,23.8767013499485,23.9548345155266,24.1836787523513,24.1265160139431,24.032907552491,24.0641199610143,24.0589185591878,24.1317139554589,24.1369116310709,24.0901229747396,23.9964809427924,24.1421090408181,24.1161193330435,24.1628960219406,24.02250128355,24.017297749009,24.1005223164376,24.0589185591878,24.0953227786774,24.1109205935815,24.0745219654683,24.0901229747396,24.1265160139431,23.9756598658044,24.032907552491,23.9600412538547,24.0641199610143,24.1109205935815,24.1317139554589,24.1317139554589,24.1109205935815,24.1421090408181,24.0485149561396,24.0589185591878,24.1421090408181,24.16809210295,24.2304243670388,24.1421090408181,24.0901229747396,23.9912760740285,24.0797225681742,24.1161193330435,24.2252314710217,24.266767216777,24.5052693701856,24.3394139906367,24.5104480028654,24.4897318933139,24.4482870367845,24.4431052442089,24.2875287310348,24.0589185591878,24.1576996752618,24.1525030628745,24.0745219654683,24.1576996752618,24.1628960219406,24.2252314710217,24.2408093636233,24.220038309803,24.220038309803,24.3290390547373,24.220038309803,24.3186630611374,24.2408093636233,24.2979078995965,24.0641199610143,24.2096511916044,24.1784834681163,24.0849229045849,24.19406852432,24.1784834681163,24.2096511916044,24.1161193330435,24.2875287310348,24.1784834681163,24.2044572345467,24.220038309803,24.2460014642685,24.2304243670388,24.2719579925803,24.2148448833435,24.1784834681163,24.2148448833435,24.2044572345467,24.2304243670388,24.1317139554589,24.19406852432,24.2563848704595,24.2304243670388,24.2044572345467,24.2252314710217,24.2979078995965,24.261576176083,24.266767216777,24.2460014642685,24.2719579925803,24.2148448833435,24.1732879183289,24.1576996752618,24.1888737710728,24.2875287310348,24.261576176083,24.19406852432,24.3290390547373,24.2927184476639,24.3290390547373,24.2460014642685,24.1836787523513,24.2044572345467,24.2408093636233,24.2304243670388,24.2148448833435,24.2563848704595,24.2096511916044,24.0953227786774,24.1317139554589,24.0693210964281,24.1109205935815,24.1421090408181,24.1317139554589,24.16809210295,24.2875287310348,24.3186630611374,24.3030970868713,24.261576176083,24.2460014642685,24.3030970868713,24.2252314710217,24.1784834681163,24.220038309803,24.2460014642685,24.2511932998677,24.3912728154683,24.2148448833435,24.2252314710217,24.1836787523513,24.2304243670388,24.0849229045849,24.1213178064842,24.1576996752618,24.2096511916044,24.2252314710217,24.1265160139431,24.2460014642685,24.0901229747396,24.2044572345467,24.3809031634257,24.3394139906367,24.2096511916044,24.1213178064842,24.1213178064842,24.1213178064842,24.1421090408181,24.2252314710217,24.2148448833435,24.19406852432,24.1888737710728,24.1836787523513,24.2927184476639,24.4068253139224,24.2044572345467,24.3238511901693,24.16809210295,24.220038309803,24.1109205935815,24.0381102869696,24.0849229045849,24.1317139554589,24.1421090408181,24.1369116310709,24.1213178064842,24.0537168909092,24.4431052442089,24.5208044790397,24.7277134921382,24.8103598227198,24.9032571289301,24.7587137017957,24.7793752829217,24.6863652356057,24.7587137017957,24.8774607869049,24.8774607869049,24.8980983810354,24.7897045068028,24.8413349715329,24.836173098535,24.8464965838976
24.19406852432,24.1888737710728,24.1888737710728,24.1369116310709,23.9704539289542,23.9131709850186,24.1473061847397,24.1525030628745,24.0693210964281,23.8975427475285,24.0589185591878,24.0016855446331,23.8454312178827,24.0745219654683,23.8819121009899,24.032907552491,23.9496275099604,23.8610674896852,23.8714903310769,23.8975427475285,23.9808655355738,23.8819121009899,23.8923327997404,24.1161193330435,23.9079618401281,23.8975427475285,23.7619969958994,23.9340048894389,24.1265160139431,24.0901229747396,24.0120939477021,24.0953227786774,24.0849229045849,24.02250128355,24.1836787523513,24.1057215880592,24.017297749009,24.1161193330435,23.9704539289542,24.0381102869696,24.02250128355,24.0589185591878,24.1317139554589,24.0485149561396,23.9912760740285,24.0641199610143,24.0120939477021,24.0901229747396,24.0693210964281,23.9079618401281,23.9756598658044,23.9704539289542,24.0485149561396,24.1628960219406,24.017297749009,23.9912760740285,24.0381102869696,24.0901229747396,24.1005223164376,24.0433127548394,24.0849229045849,24.0745219654683,24.1057215880592,24.0120939477021,24.0693210964281,24.1576996752618,24.1628960219406,24.1421090408181,24.0120939477021,24.1265160139431,24.0797225681742,24.0277045513642,23.9964809427924,24.0537168909092,24.1265160139431,24.1421090408181,23.9756598658044,24.1265160139431,24.0901229747396,24.1369116310709,24.0745219654683,24.0016855446331,24.0589185591878,24.0381102869696,24.0433127548394,24.032907552491,24.19406852432,24.1836787523513,24.1317139554589,24.0745219654683,24.0849229045849,24.2460014642685,24.0953227786774,24.4120089523324,24.5208044790397,24.6139654618445,24.5415142757223,24.6243114319154,24.4431052442089,24.3238511901693,24.2927184476639,24.2927184476639,24.2096511916044,24.1525030628745,24.1732879183289,24.0381102869696,24.0433127548394,24.16809210295,24.0693210964281,24.16809210295,24.0641199610143,24.2096511916044,24.266767216777,24.2979078995965,24.2927184476639,24.235616997893,24.19406852432,24.1576996752618,24.3186630611374,24.16809210295,24.1732879183289,24.1109205935815,24.0537168909092,24.2304243670388,24.1576996752618,24.1369116310709,24.2044572345467,24.2252314710217,24.2096511916044,24.1576996752618,24.2252314710217,24.220038309803,24.1992630121316,24.1525030628745,24.220038309803,24.1161193330435,24.1784834681163,24.1369116310709,24.1836787523513,24.2148448833435,24.2511932998677,24.2823387496704,24.3186630611374,24.4431052442089,24.3082860095273,24.2252314710217,24.2304243670388,24.1317139554589,24.1265160139431,24.0745219654683,24.1628960219406,24.2096511916044,24.1369116310709,24.16809210295,24.261576176083,24.2563848704595,24.3290390547373,24.2460014642685,24.2460014642685,24.2304243670388,24.2719579925803,24.2408093636233,24.0589185591878,24.2096511916044,24.2044572345467,24.2511932998677,24.1628960219406,24.1265160139431,24.1161193330435,24.1057215880592,24.1628960219406,24.1109205935815,24.1473061847397,24.1888737710728,24.2304243670388,24.0433127548394,24.1836787523513,24.313474667603,24.1784834681163,24.1109205935815,24.3186630611374,24.3290390547373,24.3082860095273,24.2148448833435,24.2563848704595,24.235616997893,24.3082860095273,24.1784834681163,24.2460014642685,24.0797225681742,24.2408093636233,24.1525030628745,24.2460014642685,24.1473061847397,24.2304243670388,24.1161193330435,24.1888737710728,24.2148448833435,24.2096511916044,24.3446010620456,24.16809210295,24.1317139554589,24.1732879183289,24.1576996752618,24.0901229747396,24.3082860095273,24.2252314710217,24.2096511916044,24.2096511916044,24.2304243670388,24.1888737710728,24.2823387496704,24.3030970868713,24.2563848704595,24.261576176083,24.0953227786774,24.2304243670388,24.0953227786774,24.0745219654683,24.1057215880592,24.1265160139431,24.1576996752618,24.017297749009,24.1784834681163,24.4275582848784,24.4379231880585,24.6501717687129,24.7948687272058,24.8568190268782,24.7328808471969,24.8774607869049,24.7638794888426,24.7483813439431,24.7897045068028,24.8155229994525,24.836173098535,24.8206859153626,24.8103598227198,24.8516579356668,24.8774607869049
24.0693210964281,24.1213178064842,24.1888737710728,24.032907552491,24.0068898795898,24.0849229045849,23.9964809427924,23.8402185911997,23.9183798623554,23.9392126969559,23.855855667086,23.9392126969559,23.9964809427924,24.1109205935815,23.9964809427924,24.032907552491,23.9392126969559,23.8454312178827,23.8454312178827,23.8923327997404,23.9287968145261,23.9652477249841,24.1213178064842,23.9079618401281,23.8610674896852,23.8975427475285,23.8975427475285,23.9912760740285,24.032907552491,24.1057215880592,23.9652477249841,24.0797225681742,24.0693210964281,24.1265160139431,24.1161193330435,24.0485149561396,24.0693210964281,24.0433127548394,24.0485149561396,23.9912760740285,23.9600412538547,24.02250128355,24.1005223164376,24.1005223164376,24.0745219654683,24.0381102869696,24.0485149561396,23.9912760740285,23.9027524276446,23.9131709850186,23.9079618401281,24.1525030628745,24.0537168909092,23.9808655355738,24.0485149561396,24.0537168909092,24.0693210964281,24.1005223164376,23.9860709383021,24.0745219654683,23.9808655355738,24.1317139554589,24.1628960219406,24.1161193330435,24.1161193330435,24.1784834681163,24.032907552491,24.1057215880592,23.9392126969559,24.1057215880592,24.1836787523513,24.1784834681163,23.9912760740285,24.1473061847397,24.0277045513642,24.1628960219406,24.1369116310709,24.1369116310709,24.0901229747396,24.02250128355,23.9964809427924,23.9860709383021,23.9808655355738,24.0589185591878,24.0433127548394,24.1784834681163,24.0849229045849,24.1369116310709,24.0537168909092,23.9756598658044,24.1525030628745,24.0277045513642,24.235616997893,24.4016414116675,24.3394139906367,24.3446010620456,24.2148448833435,24.3030970868713,24.3238511901693,24.266767216777,24.4431052442089,24.2719579925803,24.1369116310709,24.1525030628745,24.0901229747396,24.0589185591878,24.1836787523513,24.1369116310709,24.0693210964281,24.1369116310709,24.0485149561396,24.1005223164376,24.19406852432,24.2875287310348,24.2771485035319,24.1992630121316,24.1628960219406,24.1732879183289,24.1888737710728,24.1732879183289,24.1888737710728,24.1525030628745,24.1576996752618,24.2044572345467,24.1628960219406,24.1317139554589,24.1473061847397,24.1525030628745,24.1888737710728,24.1992630121316,24.220038309803,24.2044572345467,24.1784834681163,24.1525030628745,24.1888737710728,24.2096511916044,24.1005223164376,24.1317139554589,24.2511932998677,24.313474667603,24.2044572345467,24.3082860095273,24.396457245529,24.220038309803,24.2044572345467,24.1525030628745,24.2771485035319,24.032907552491,24.3082860095273,24.2563848704595,24.1317139554589,24.2148448833435,24.2823387496704,24.2771485035319,24.3705324552306,24.2408093636233,24.261576176083,24.2044572345467,24.1836787523513,24.2252314710217,24.2304243670388,24.220038309803,24.2252314710217,24.2563848704595,24.1992630121316,24.2719579925803,24.2044572345467,24.2304243670388,24.1109205935815,24.1369116310709,24.1161193330435,24.0901229747396,24.16809210295,24.2823387496704,24.266767216777,24.2304243670388,24.261576176083,24.3186630611374,24.1628960219406,24.2823387496704,24.0589185591878,24.220038309803,24.2252314710217,24.2252314710217,24.2823387496704,24.261576176083,24.3342266548802,24.1576996752618,24.2148448833435,24.220038309803,24.2460014642685,24.1525030628745,24.1473061847397,24.1628960219406,24.0901229747396,24.0693210964281,24.1473061847397,24.0953227786774,24.2096511916044,24.2096511916044,24.1265160139431,24.1888737710728,24.1992630121316,24.1836787523513,24.1161193330435,24.1784834681163,24.1732879183289,24.313474667603,24.2044572345467,24.2823387496704,24.2096511916044,24.2771485035319,24.3342266548802,24.1161193330435,24.220038309803,24.261576176083,24.0953227786774,24.0433127548394,24.0849229045849,24.0849229045849,24.16809210295,24.0641199610143,24.1213178064842,24.1057215880592,24.1109205935815,24.313474667603,24.4068253139224,24.7122098579989,24.6967038696157,24.8774607869049,24.7535476535085,24.7535476535085,24.8103598227198,24.7897045068028,24.6243114319154,24.7483813439431,24.8671404277798,24.7432147730614,24.8877801045559,24.7948687272058
24.1213178064842,24.02250128355,24.0849229045849,24.0016855446331,24.0485149561396,24.0797225681742,23.8923327997404,24.0277045513642,24.02250128355,23.7880775719377,23.8350056964094,23.9496275099604,24.017297749009,24.0693210964281,23.9808655355738,23.9860709383021,23.8506435764983,23.8923327997404,23.8714903310769,23.8506435764983,23.9340048894389,23.9235884721781,23.7672136483527,23.7724300321434,23.9287968145261,23.9079618401281,23.9235884721781,24.0016855446331,23.9079618401281,24.0953227786774,24.0641199610143,24.1057215880592,24.1057215880592,24.0537168909092,24.1161193330435,24.0537168909092,24.0068898795898,24.1109205935815,24.0745219654683,24.1005223164376,24.0433127548394,23.9340048894389,24.032907552491,24.0641199610143,23.9756598658044,24.0745219654683,23.9287968145261,24.0068898795898,23.9079618401281,24.0068898795898,23.9340048894389,24.1369116310709,23.8975427475285,23.9652477249841,24.0381102869696,24.0693210964281,23.9860709383021,24.017297749009,24.0016855446331,24.1369116310709,24.0953227786774,24.1421090408181,24.16809210295,24.1836787523513,24.19406852432,24.0068898795898,24.0693210964281,24.0381102869696,24.0277045513642,24.1525030628745,24.0589185591878,23.9964809427924,24.1109205935815,24.0120939477021,23.9756598658044,24.1265160139431,24.235616997893,24.2511932998677,24.0849229045849,24.1109205935815,24.1161193330435,24.1213178064842,24.0537168909092,24.0849229045849,24.0381102869696,24.02250128355,24.02250128355,24.0953227786774,24.0485149561396,23.9808655355738,23.9704539289542,23.9704539289542,24.0953227786774,24.0641199610143,24.0485149561396,24.1161193330435,24.0589185591878,24.0433127548394,24.19406852432,24.2875287310348,24.235616997893,24.16809210295,24.0641199610143,24.0797225681742,24.0849229045849,24.032907552491,24.0277045513642,24.1992630121316,24.1784834681163,24.2252314710217,24.0901229747396,24.1057215880592,24.2875287310348,24.19406852432,24.2096511916044,24.16809210295,24.1421090408181,24.1784834681163,24.16809210295,24.1888737710728,24.16809210295,24.3290390547373,24.19406852432,24.19406852432,24.19406852432,24.1784834681163,24.1888737710728,24.1109205935815,24.1732879183289,24.19406852432,24.220038309803,24.2304243670388,24.1369116310709,24.220038309803,24.1888737710728,24.2148448833435,24.1836787523513,24.1992630121316,24.1525030628745,23.9808655355738,24.2927184476639,24.2148448833435,24.2511932998677,24.266767216777,24.1888737710728,24.2304243670388,24.235616997893,24.017297749009,24.1732879183289,24.2252314710217,24.2304243670388,24.2408093636233,24.2044572345467,24.313474667603,24.3809031634257,24.2927184476639,24.3082860095273,24.2408093636233,24.2148448833435,24.2096511916044,24.2148448833435,24.2096511916044,24.3290390547373,24.2563848704595,24.16809210295,24.2823387496704,24.2823387496704,24.1317139554589,24.1784834681163,24.1265160139431,24.0849229045849,24.1628960219406,24.1576996752618,24.1421090408181,24.0433127548394,24.2252314710217,24.0433127548394,24.1836787523513,24.16809210295,24.1732879183289,24.1576996752618,24.2252314710217,24.2771485035319,24.2719579925803,24.2771485035319,24.2563848704595,24.1888737710728,24.2408093636233,24.2096511916044,24.1213178064842,24.1317139554589,24.19406852432,24.2823387496704,24.16809210295,24.0849229045849,24.19406852432,24.1369116310709,24.0693210964281,24.2771485035319,24.2252314710217,24.1421090408181,24.1057215880592,24.1369116310709,24.0849229045849,24.0693210964281,24.2044572345467,24.19406852432,24.1888737710728,24.1992630121316,24.313474667603,24.1109205935815,24.261576176083,24.261576176083,24.1161193330435,24.1109205935815,24.2096511916044,24.1525030628745,24.0797225681742,24.0745219654683,24.1213178064842,24.1265160139431,24.1317139554589,24.19406852432,24.2096511916044,24.1473061847397,24.1628960219406,24.5052693701856,24.5052693701856,24.588095945611,24.7690450146872,24.7845400253874,24.7483813439431,24.7432147730614,24.7742102793675,24.7535476535085,24.7432147730614,24.8568190268782,24.8568190268782,24.7328808471969,24.7948687272058
24.1525030628745,24.1057215880592,24.0745219654683,24.0485149561396,24.1525030628745,24.0693210964281,24.0016855446331,24.0589185591878,24.0589185591878,24.0485149561396,23.9652477249841,24.0537168909092,23.7828619938962,24.0068898795898,23.9444202371166,24.0381102869696,23.9704539289542,23.8767013499485,23.9027524276446,23.8975427475285,24.0016855446331,23.8506435764983,23.8662790443357,24.0381102869696,24.1109205935815,24.0693210964281,24.0381102869696,23.9340048894389,24.0641199610143,24.0068898795898,24.1525030628745,24.0537168909092,24.0641199610143,23.9496275099604,24.1213178064842,23.9756598658044,24.1109205935815,24.1317139554589,24.0277045513642,24.0797225681742,24.0016855446331,24.0745219654683,24.220038309803,24.0745219654683,24.02250128355,24.0068898795898,23.9704539289542,24.0589185591878,23.9652477249841,24.0797225681742,24.1005223164376,23.9548345155266,24.0433127548394,23.9548345155266,24.1213178064842,24.0537168909092,23.9444202371166,24.0381102869696,23.9756598658044,24.02250128355,23.9652477249841,24.0433127548394,24.0537168909092,24.1888737710728,24.1473061847397,23.9444202371166,24.1265160139431,24.0381102869696,24.0277045513642,24.0120939477021,23.9964809427924,23.9912760740285,24.0120939477021,24.0381102869696,24.1473061847397,24.1057215880592,24.1005223164376,24.1369116310709,24.0849229045849,24.1161193330435,24.02250128355,24.0381102869696,23.9704539289542,23.9704539289542,23.8923327997404,24.0953227786774,24.1213178064842,24.0641199610143,23.9704539289542,24.032907552491,23.9392126969559,23.9600412538547,23.9548345155266,23.9860709383021,24.02250128355,23.9392126969559,23.756780074744,23.9600412538547,24.0277045513642,24.0745219654683,24.1732879183289,24.0797225681742,24.0433127548394,24.1005223164376,24.16809210295,24.0901229747396,24.1473061847397,24.19406852432,24.0537168909092,23.9912760740285,24.032907552491,24.0120939477021,24.0120939477021,24.032907552491,24.0277045513642,24.1525030628745,24.1317139554589,24.0797225681742,23.9027524276446,24.0693210964281,24.032907552491,24.1369116310709,24.16809210295,24.1628960219406,24.1213178064842,24.1732879183289,24.1421090408181,24.1836787523513,24.1888737710728,24.1992630121316,24.1732879183289,24.2875287310348,24.2096511916044,24.220038309803,24.261576176083,24.220038309803,24.1576996752618,24.1836787523513,24.1421090408181,24.1369116310709,24.1992630121316,24.1525030628745,24.2408093636233,24.2252314710217,24.2304243670388,24.16809210295,24.2044572345467,24.1161193330435,24.2252314710217,24.261576176083,24.1992630121316,24.3601606905737,24.2979078995965,24.2979078995965,24.2875287310348,24.19406852432,24.2563848704595,24.1992630121316,24.1473061847397,24.313474667603,24.2096511916044,24.3186630611374,24.1265160139431,24.0849229045849,24.220038309803,24.2563848704595,24.1628960219406,24.1213178064842,24.2979078995965,24.16809210295,24.16809210295,24.0797225681742,24.1317139554589,24.1576996752618,24.1005223164376,24.1628960219406,24.0485149561396,24.1992630121316,24.16809210295,24.2096511916044,24.2096511916044,24.1784834681163,24.1992630121316,24.2304243670388,24.2979078995965,24.2252314710217,24.2771485035319,24.2148448833435,24.2252314710217,24.220038309803,24.2148448833435,24.1576996752618,24.220038309803,24.3030970868713,24.0589185591878,24.02250128355,24.1888737710728,24.1473061847397,24.1784834681163,24.2096511916044,24.0797225681742,24.1317139554589,24.0485149561396,24.1369116310709,24.1784834681163,24.3446010620456,24.0953227786774,24.1473061847397,24.1732879183289,24.1576996752618,24.0797225681742,24.19406852432,24.1057215880592,24.0745219654683,24.0953227786774,24.0849229045849,24.0953227786774,24.2044572345467,24.02250128355,24.1525030628745,24.1421090408181,24.1473061847397,24.1109205935815,24.1213178064842,24.1421090408181,24.16809210295,24.3030970868713,24.2044572345467,24.4120089523324,24.5725710861868,24.7328808471969,24.7690450146872,24.6863652356057,24.7432147730614,24.7535476535085,24.8310109648659,24.8206859153626,24.7483813439431,24.7845400253874,24.7845400253874
23.9444202371166,24.0745219654683,23.9600412538547,23.9600412538547,23.9756598658044,23.9652477249841,23.9964809427924,23.8923327997404,23.8871225842407,24.0745219654683,24.0277045513642,24.0433127548394,24.0433127548394,23.9756598658044,23.9444202371166,23.9340048894389,23.8662790443357,23.9600412538547,23.9912760740285,23.9235884721781,23.9392126969559,23.7828619938962,23.8454312178827,23.9131709850186,23.9964809427924,24.0381102869696,23.9079618401281,23.9704539289542,23.9756598658044,24.0120939477021,23.9704539289542,24.0589185591878,24.0381102869696,24.1525030628745,24.032907552491,24.1888737710728,24.1369116310709,24.1525030628745,24.1213178064842,23.9600412538547,23.9964809427924,24.1317139554589,24.2511932998677,24.2563848704595,24.1057215880592,23.9392126969559,23.9079618401281,24.1213178064842,24.0537168909092,24.0953227786774,24.1109205935815,24.0068898795898,23.9079618401281,24.02250128355,23.9912760740285,24.0277045513642,24.1836787523513,24.0381102869696,23.9860709383021,24.032907552491,24.0120939477021,24.0901229747396,23.9652477249841,23.9287968145261,23.9652477249841,23.9756598658044,24.0953227786774,24.0485149561396,24.1005223164376,24.0537168909092,23.9131709850186,23.9704539289542,23.9392126969559,23.9808655355738,23.9756598658044,24.1005223164376,23.9860709383021,24.0433127548394,24.0589185591878,24.1109205935815,24.0537168909092,24.0745219654683,24.0693210964281,24.0797225681742,24.0537168909092,24.0953227786774,23.9444202371166,24.0901229747396,24.0433127548394,24.0537168909092,23.9756598658044,23.8402185911997,23.8662790443357,23.9235884721781,23.9964809427924,24.032907552491,24.0381102869696,23.9392126969559,23.9600412538547,23.9183798623554,24.16809210295,24.0537168909092,24.1628960219406,24.1265160139431,24.0641199610143,24.1369116310709,24.1888737710728,24.1005223164376,24.1317139554589,24.0537168909092,23.9235884721781,24.1161193330435,24.017297749009,24.02250128355,24.1161193330435,24.0797225681742,24.16809210295,23.8975427475285,24.1992630121316,24.0849229045849,24.2304243670388,24.0120939477021,24.02250128355,24.1732879183289,24.2096511916044,24.2044572345467,24.2044572345467,24.3290390547373,24.1888737710728,24.2044572345467,24.2252314710217,24.2719579925803,24.2148448833435,24.2563848704595,24.2096511916044,24.266767216777,24.1473061847397,24.1732879183289,24.1836787523513,24.1888737710728,24.1628960219406,24.1213178064842,24.1992630121316,24.2252314710217,24.2148448833435,24.2096511916044,24.2304243670388,24.2771485035319,24.2771485035319,24.1992630121316,24.1732879183289,24.2979078995965,24.1525030628745,24.2044572345467,24.220038309803,24.2304243670388,24.2252314710217,24.1888737710728,24.266767216777,24.3030970868713,24.235616997893,24.3653467049792,24.266767216777,24.0016855446331,24.2460014642685,24.2304243670388,24.1525030628745,24.1628960219406,24.0953227786774,24.2511932998677,24.1836787523513,24.0953227786774,23.9704539289542,24.1005223164376,24.1057215880592,24.032907552491,24.0589185591878,24.1992630121316,24.16809210295,24.19406852432,23.9964809427924,24.1992630121316,24.1265160139431,24.2096511916044,24.19406852432,24.1421090408181,24.2044572345467,24.2927184476639,24.220038309803,24.1525030628745,24.2044572345467,24.1628960219406,24.1992630121316,24.032907552491,24.2148448833435,24.1784834681163,24.0797225681742,24.2096511916044,24.1317139554589,24.16809210295,24.1576996752618,24.032907552491,24.0433127548394,23.9808655355738,24.1473061847397,24.1421090408181,24.1628960219406,24.1057215880592,24.1265160139431,24.0849229045849,24.0485149561396,24.19406852432,24.1576996752618,24.1628960219406,24.0589185591878,24.0693210964281,24.0693210964281,24.0589185591878,24.0485149561396,24.1265160139431,24.1369116310709,24.1628960219406,24.1576996752618,24.0797225681742,24.0849229045849,24.1161193330435,24.1628960219406,24.16809210295,24.3082860095273,24.4534685658236,24.4949113154483,24.5622198668973,24.7483813439431,24.7122098579989,24.7638794888426,24.7742102793675,24.7328808471969,24.7380479408253,24.8206859153626,24.7845400253874
24.1109205935815,24.0016855446331,24.0849229045849,24.1265160139431,24.0901229747396,23.9964809427924,24.1576996752618,24.0016855446331,24.0277045513642,24.0016855446331,24.017297749009,24.1265160139431,24.1265160139431,24.2044572345467,23.9652477249841,24.0433127548394,23.9235884721781,23.7724300321434,23.9548345155266,23.9444202371166,23.9027524276446,23.8402185911997,23.8402185911997,23.9183798623554,23.9131709850186,24.02250128355,24.0381102869696,24.0277045513642,24.1213178064842,24.02250128355,23.8610674896852,23.8819121009899,24.02250128355,24.1005223164376,24.0381102869696,24.1161193330435,24.1213178064842,24.0537168909092,23.9912760740285,24.02250128355,24.02250128355,23.9808655355738,24.2563848704595,24.0068898795898,24.0745219654683,23.9860709383021,23.9131709850186,23.9756598658044,24.0849229045849,24.1005223164376,23.9340048894389,23.8975427475285,24.032907552491,23.9912760740285,23.9912760740285,24.1576996752618,24.16809210295,24.1628960219406,24.017297749009,23.9860709383021,24.0277045513642,24.0537168909092,24.0485149561396,24.017297749009,23.9912760740285,24.0381102869696,24.19406852432,24.0641199610143,24.0537168909092,23.9131709850186,23.8871225842407,24.0277045513642,24.0849229045849,24.0797225681742,24.0693210964281,24.1628960219406,24.032907552491,24.1421090408181,24.1057215880592,24.0693210964281,24.02250128355,23.9860709383021,24.0797225681742,24.1421090408181,24.0901229747396,24.0797225681742,24.0381102869696,24.0485149561396,23.9704539289542,23.9287968145261,23.8454312178827,23.8975427475285,24.032907552491,24.1369116310709,24.1265160139431,24.0068898795898,24.0277045513642,23.9496275099604,23.9652477249841,23.8402185911997,24.02250128355,24.1576996752618,24.1369116310709,24.1265160139431,24.1109205935815,24.1992630121316,24.1005223164376,24.0745219654683,24.1317139554589,24.1109205935815,24.0849229045849,24.0381102869696,24.1005223164376,24.0953227786774,24.0901229747396,24.1576996752618,24.2044572345467,24.2044572345467,24.1057215880592,24.1369116310709,24.2252314710217,24.1992630121316,24.2460014642685,24.017297749009,24.1992630121316,24.1473061847397,24.220038309803,24.1888737710728,24.16809210295,24.2460014642685,24.2511932998677,24.16809210295,24.2148448833435,24.2148448833435,24.2044572345467,24.1421090408181,24.1473061847397,24.19406852432,24.2875287310348,24.2148448833435,24.1836787523513,24.1525030628745,24.1576996752618,24.1628960219406,24.1628960219406,24.313474667603,24.2771485035319,24.2252314710217,24.2771485035319,24.2252314710217,24.2460014642685,24.2096511916044,24.2823387496704,24.2148448833435,24.2719579925803,24.2460014642685,24.1732879183289,24.2875287310348,24.2771485035319,24.2719579925803,24.1836787523513,24.2148448833435,24.1628960219406,24.3601606905737,24.3394139906367,24.220038309803,24.1161193330435,24.1784834681163,24.1057215880592,24.1628960219406,24.1369116310709,24.1732879183289,23.9808655355738,24.0016855446331,24.1213178064842,24.19406852432,24.0381102869696,24.2252314710217,24.2096511916044,24.2096511916044,24.1421090408181,24.1265160139431,24.2044572345467,24.2719579925803,24.2771485035319,24.266767216777,24.2096511916044,24.1732879183289,24.2148448833435,24.1992630121316,24.2408093636233,24.1888737710728,24.2044572345467,24.396457245529,24.1732879183289,24.1213178064842,24.1213178064842,24.0485149561396,24.19406852432,24.1317139554589,24.0485149561396,24.02250128355,24.1161193330435,24.032907552491,24.1213178064842,24.1836787523513,24.2044572345467,24.1732879183289,24.266767216777,24.1992630121316,24.1628960219406,24.261576176083,24.1473061847397,24.1369116310709,24.0849229045849,24.1005223164376,24.0693210964281,24.1109205935815,24.1213178064842,24.1576996752618,24.2148448833435,24.2823387496704,24.1732879183289,24.0433127548394,24.16809210295,24.1473061847397,24.1265160139431,24.266767216777,24.4845522079513,24.4638308334468,24.6243114319154,24.7587137017957,24.8155229994525,24.7122098579989,24.8206859153626,24.7173779975772,24.7122098579989,24.8155229994525,24.7948687272058,24.7845400253874
23.9496275099604,23.9808655355738,23.9704539289542,24.1628960219406,24.0433127548394,24.1473061847397,24.1005223164376,23.9027524276446,23.9652477249841,23.9235884721781,23.9808655355738,24.1213178064842,24.1213178064842,24.1265160139431,24.0485149561396,24.032907552491,24.032907552491,23.9912760740285,24.02250128355,23.8714903310769,24.0953227786774,23.9027524276446,23.8923327997404,23.8454312178827,23.9912760740285,24.0433127548394,24.0433127548394,24.0068898795898,23.9808655355738,24.02250128355,24.0120939477021,23.9496275099604,23.9600412538547,23.9600412538547,23.9444202371166,24.0485149561396,24.02250128355,24.0901229747396,24.0068898795898,24.1161193330435,23.9496275099604,23.9652477249841,24.1161193330435,23.9600412538547,23.9860709383021,24.02250128355,23.9600412538547,23.9444202371166,23.9183798623554,23.9340048894389,23.9183798623554,23.9235884721781,23.9808655355738,23.9392126969559,24.0120939477021,24.0745219654683,24.017297749009,24.0120939477021,24.017297749009,23.9704539289542,24.0277045513642,24.1057215880592,23.9392126969559,23.9027524276446,24.0641199610143,24.1473061847397,24.1369116310709,23.9496275099604,23.9704539289542,23.9235884721781,23.9340048894389,23.9235884721781,23.9548345155266,24.0381102869696,24.19406852432,24.1576996752618,24.0068898795898,24.2563848704595,24.0381102869696,24.0120939477021,24.0485149561396,24.0485149561396,24.0589185591878,24.0797225681742,24.1421090408181,24.0901229747396,24.032907552491,24.0745219654683,23.9912760740285,23.9704539289542,23.8975427475285,23.8871225842407,23.9079618401281,24.0016855446331,24.0953227786774,24.0537168909092,24.1161193330435,23.9235884721781,24.0537168909092,23.8819121009899,23.9183798623554,24.1576996752618,24.1473061847397,24.1784834681163,24.1888737710728,24.2148448833435,24.1784834681163,24.2096511916044,24.0433127548394,24.0537168909092,24.0381102869696,24.0641199610143,24.032907552491,24.16809210295,24.220038309803,24.1784834681163,23.9392126969559,24.1576996752618,23.9964809427924,24.2044572345467,24.2044572345467,24.02250128355,24.2460014642685,24.2719579925803,24.3082860095273,24.2875287310348,24.3290390547373,24.16809210295,24.1473061847397,24.2979078995965,24.2148448833435,24.3030970868713,24.2823387496704,24.1576996752618,24.2511932998677,24.2096511916044,24.1888737710728,24.2563848704595,24.1732879183289,24.1525030628745,24.1317139554589,24.1421090408181,24.0277045513642,24.19406852432,24.1628960219406,24.220038309803,24.1109205935815,24.220038309803,24.1109205935815,24.2304243670388,24.235616997893,24.2252314710217,24.1525030628745,24.19406852432,24.2875287310348,24.220038309803,24.261576176083,24.2719579925803,24.1784834681163,24.1784834681163,24.16809210295,24.2252314710217,24.19406852432,24.1628960219406,24.235616997893,24.16809210295,24.1057215880592,24.2304243670388,24.1161193330435,24.0797225681742,24.1057215880592,24.1057215880592,24.0016855446331,24.1213178064842,24.0485149561396,24.0277045513642,24.1369116310709,24.1576996752618,24.1057215880592,24.19406852432,24.1836787523513,24.1784834681163,24.1992630121316,24.261576176083,24.1732879183289,24.1369116310709,24.2511932998677,24.266767216777,24.2304243670388,24.1784834681163,24.0589185591878,24.19406852432,24.1576996752618,24.2460014642685,24.1369116310709,24.1992630121316,24.2148448833435,24.1317139554589,24.16809210295,24.19406852432,24.1525030628745,24.017297749009,24.0901229747396,24.02250128355,24.1576996752618,24.1109205935815,24.0537168909092,24.261576176083,24.1473061847397,24.1836787523513,24.261576176083,24.2563848704595,24.1732879183289,24.1576996752618,24.1732879183289,24.0485149561396,24.0693210964281,24.0901229747396,24.266767216777,24.2044572345467,24.19406852432,24.3186630611374,24.0849229045849,24.0693210964281,24.1317139554589,24.0433127548394,24.220038309803,24.2719579925803,24.3549744119754,24.313474667603,24.5000904743927,24.5725710861868,24.7948687272058,24.7587137017957,24.8155229994525,24.954830304227,24.9084156166453,24.7948687272058,24.8826205758957,24.9342041538485
24.1317139554589,24.0589185591878,24.1265160139431,24.1421090408181,24.1784834681163,24.1473061847397,24.1732879183289,24.1732879183289,23.9600412538547,24.0745219654683,23.9652477249841,23.9964809427924,24.1161193330435,24.2148448833435,24.2252314710217,24.1576996752618,24.0901229747396,24.1732879183289,24.2252314710217,24.0016855446331,24.0381102869696,24.0641199610143,23.9183798623554,23.9027524276446,24.1265160139431,24.1057215880592,23.9079618401281,23.9704539289542,24.1421090408181,24.0433127548394,23.9444202371166,23.9027524276446,23.9600412538547,23.9704539289542,24.0901229747396,23.8819121009899,24.0068898795898,23.8662790443357,23.7724300321434,23.8819121009899,23.9912760740285,23.9600412538547,24.0693210964281,23.9652477249841,23.9235884721781,23.9860709383021,23.8871225842407,24.0537168909092,23.8975427475285,23.8610674896852,23.8193654029997,23.9235884721781,24.0120939477021,23.9912760740285,24.02250128355,24.0068898795898,24.0016855446331,24.0745219654683,24.017297749009,24.0016855446331,24.032907552491,24.0068898795898,23.9704539289542,23.9340048894389,23.8975427475285,23.9235884721781,24.1005223164376,23.9652477249841,23.9444202371166,23.8662790443357,23.9704539289542,23.9496275099604,24.0589185591878,23.9756598658044,23.9964809427924,23.9964809427924,24.0120939477021,23.9704539289542,24.0537168909092,24.0485149561396,24.0849229045849,24.0537168909092,24.0693210964281,24.0120939477021,24.0277045513642,24.0641199610143,23.9183798623554,24.0433127548394,24.0120939477021,23.9131709850186,24.0485149561396,24.0589185591878,23.9079618401281,23.8819121009899,23.9860709383021,23.9756598658044,23.8610674896852,23.9340048894389,23.9340048894389,24.0120939477021,23.9600412538547,24.1473061847397,24.1628960219406,24.1732879183289,24.1732879183289,24.1732879183289,24.1576996752618,24.1421090408181,24.1628960219406,24.0381102869696,24.0068898795898,24.0745219654683,24.1005223164376,24.0797225681742,24.0745219654683,23.9340048894389,23.9287968145261,23.9340048894389,24.1369116310709,24.1992630121316,24.2096511916044,24.2408093636233,24.2563848704595,24.235616997893,24.2719579925803,24.1992630121316,24.3497878691456,24.2304243670388,24.1784834681163,24.1888737710728,24.3912728154683,24.220038309803,24.313474667603,24.1317139554589,24.2927184476639,24.1265160139431,24.1576996752618,24.2252314710217,24.3082860095273,24.2252314710217,24.1628960219406,24.1473061847397,24.0797225681742,24.1992630121316,24.2927184476639,24.1109205935815,24.1005223164376,24.1369116310709,24.261576176083,24.2511932998677,24.2823387496704,24.2719579925803,24.2563848704595,24.2563848704595,24.266767216777,24.1628960219406,24.2563848704595,24.2875287310348,24.1732879183289,24.2979078995965,24.1784834681163,24.2044572345467,24.1888737710728,24.261576176083,24.2511932998677,24.1213178064842,24.1576996752618,24.1836787523513,24.1161193330435,24.1213178064842,24.1109205935815,24.032907552491,24.0693210964281,24.0433127548394,24.1213178064842,24.1369116310709,24.1421090408181,24.1628960219406,24.1473061847397,24.1473061847397,24.1888737710728,24.220038309803,24.1369116310709,24.1888737710728,24.2408093636233,24.2460014642685,24.1369116310709,24.2563848704595,24.2408093636233,24.2252314710217,24.1784834681163,24.19406852432,24.2044572345467,24.2044572345467,24.1005223164376,24.3757179413665,24.16809210295,24.1732879183289,24.1213178064842,24.1628960219406,24.1421090408181,24.0381102869696,24.0797225681742,24.0381102869696,24.0120939477021,24.0485149561396,24.1161193330435,24.1525030628745,24.0745219654683,24.1732879183289,24.2719579925803,24.2823387496704,24.2563848704595,24.1888737710728,24.1421090408181,24.19406852432,24.1005223164376,24.0953227786774,24.2044572345467,24.2875287310348,24.2719579925803,24.220038309803,24.1421090408181,24.1473061847397,24.0381102869696,24.0485149561396,24.220038309803,24.1265160139431,24.3446010620456,24.3653467049792,24.5466910676864,24.6708553211965,24.6967038696157,24.6708553211965,24.8723007375455,24.7432147730614,24.9032571289301,24.836173098535,24.918731811688,24.7483813439431
23.9340048894389,24.032907552491,23.9964809427924,24.1265160139431,24.0485149561396,24.0016855446331,24.0797225681742,24.1732879183289,23.9496275099604,24.0901229747396,24.032907552491,24.1213178064842,24.1109205935815,24.2252314710217,24.1161193330435,24.017297749009,24.1576996752618,24.2148448833435,24.16809210295,24.1369116310709,24.0433127548394,24.02250128355,24.1992630121316,24.1265160139431,24.1473061847397,24.1213178064842,24.0381102869696,24.1265160139431,24.02250128355,24.0016855446331,24.0537168909092,24.0745219654683,24.0641199610143,24.0381102869696,24.1213178064842,23.9808655355738,23.9808655355738,23.9287968145261,23.9652477249841,23.9704539289542,23.9652477249841,23.8714903310769,23.9652477249841,24.1421090408181,23.8767013499485,24.032907552491,23.7776461473113,23.8975427475285,23.9496275099604,23.9548345155266,23.8662790443357,23.9079618401281,24.1005223164376,24.0953227786774,24.1732879183289,23.9912760740285,24.0641199610143,23.9600412538547,23.9964809427924,24.02250128355,23.9131709850186,23.8923327997404,23.9287968145261,23.9287968145261,24.0537168909092,24.032907552491,23.9392126969559,24.0381102869696,23.9340048894389,23.8871225842407,23.855855667086,23.9860709383021,24.0589185591878,24.0381102869696,23.9548345155266,23.9704539289542,24.0901229747396,23.9652477249841,24.0277045513642,24.1213178064842,24.0901229747396,24.0589185591878,24.0693210964281,23.9235884721781,24.0068898795898,24.02250128355,24.0589185591878,24.0589185591878,24.0693210964281,23.9131709850186,24.0381102869696,24.0849229045849,24.0068898795898,23.8714903310769,23.9340048894389,23.9912760740285,23.8819121009899,23.9287968145261,23.8923327997404,23.9600412538547,23.9235884721781,24.0901229747396,24.1369116310709,24.1784834681163,24.1732879183289,24.1732879183289,24.1888737710728,24.266767216777,24.1628960219406,24.0745219654683,24.0745219654683,24.0641199610143,24.1213178064842,24.0953227786774,24.1109205935815,24.1732879183289,23.9287968145261,24.0953227786774,24.2148448833435,24.1992630121316,24.2304243670388,24.1005223164376,24.3290390547373,24.2823387496704,24.1628960219406,24.2096511916044,24.220038309803,24.1836787523513,24.2148448833435,24.235616997893,24.2148448833435,24.1473061847397,24.1473061847397,24.1473061847397,24.2096511916044,24.16809210295,24.1992630121316,24.1421090408181,24.2148448833435,24.2096511916044,24.1628960219406,24.220038309803,24.1732879183289,24.2044572345467,24.2096511916044,24.16809210295,24.1992630121316,24.2771485035319,24.261576176083,24.2148448833435,24.16809210295,24.220038309803,24.2460014642685,24.1265160139431,24.2563848704595,24.2719579925803,24.2771485035319,24.3082860095273,24.3290390547373,24.266767216777,24.235616997893,24.2304243670388,24.1888737710728,24.2148448833435,24.2304243670388,24.1473061847397,24.1732879183289,24.1888737710728,24.1317139554589,24.1213178064842,24.1369116310709,24.1005223164376,24.0589185591878,24.032907552491,24.0901229747396,24.1109205935815,24.1473061847397,24.16809210295,24.1784834681163,24.1628960219406,24.1732879183289,24.1317139554589,24.0589185591878,24.1317139554589,24.1732879183289,24.1317139554589,23.9548345155266,24.1109205935815,24.1161193330435,24.1732879183289,24.16809210295,24.1369116310709,24.266767216777,24.16809210295,24.1265160139431,24.2044572345467,24.3860881214467,24.1265160139431,23.9860709383021,24.0068898795898,24.1473061847397,24.1317139554589,24.02250128355,24.0433127548394,24.0953227786774,24.16809210295,24.16809210295,24.1265160139431,24.0485149561396,24.261576176083,24.16809210295,24.266767216777,24.16809210295,24.1369116310709,24.0120939477021,24.1732879183289,24.1992630121316,24.1057215880592,24.0849229045849,24.2148448833435,24.0849229045849,24.0693210964281,24.0537168909092,23.9027524276446,24.0849229045849,24.0901229747396,24.1317139554589,24.261576176083,24.3497878691456,24.3549744119754,24.3394139906367,24.5673956078683,24.6863652356057,24.6760255545029,24.5829212550199,24.7225458756109,24.7122098579989,24.7225458756109,24.7897045068028,24.7277134921382
24.1109205935815,24.0016855446331,24.0901229747396,24.0068898795898,24.0901229747396,24.1317139554589,24.1369116310709,24.1784834681163,24.1628960219406,24.1836787523513,24.0641199610143,24.032907552491,24.0016855446331,24.1213178064842,24.1265160139431,23.9912760740285,24.1161193330435,24.1836787523513,24.2096511916044,24.0537168909092,24.0797225681742,24.1473061847397,24.1317139554589,24.3082860095273,24.3030970868713,24.3238511901693,24.1421090408181,24.1836787523513,24.1161193330435,24.0485149561396,24.0641199610143,24.032907552491,24.1109205935815,24.1628960219406,24.0381102869696,24.1161193330435,23.9964809427924,23.9756598658044,23.9235884721781,23.9912760740285,23.9860709383021,24.0953227786774,24.1525030628745,24.2460014642685,23.9860709383021,24.0016855446331,23.9808655355738,24.017297749009,24.032907552491,24.0120939477021,23.9704539289542,24.0433127548394,24.017297749009,24.02250128355,24.1836787523513,24.1057215880592,24.1576996752618,24.0537168909092,24.0433127548394,24.0693210964281,24.1628960219406,24.0745219654683,24.0641199610143,23.9287968145261,24.0745219654683,24.0693210964281,24.0120939477021,24.0016855446331,24.0120939477021,23.9079618401281,23.9444202371166,24.0901229747396,23.8506435764983,23.9756598658044,23.9548345155266,23.9235884721781,23.9340048894389,24.032907552491,24.02250128355,24.0277045513642,24.0381102869696,24.0953227786774,23.9131709850186,23.9287968145261,24.0485149561396,24.0901229747396,24.0693210964281,24.0849229045849,24.220038309803,24.0797225681742,24.0589185591878,24.1369116310709,24.02250128355,24.1005223164376,24.0953227786774,24.1109205935815,24.0901229747396,23.8767013499485,24.02250128355,24.032907552491,24.032907552491,24.1161193330435,24.235616997893,24.1732879183289,24.1576996752618,24.1421090408181,24.2096511916044,24.1421090408181,24.1109205935815,24.0849229045849,24.0849229045849,24.1161193330435,24.19406852432,24.3601606905737,24.1784834681163,24.1732879183289,24.1992630121316,24.2044572345467,24.4690115721079,24.2563848704595,24.2304243670388,24.3030970868713,24.3860881214467,24.2823387496704,24.3446010620456,24.3601606905737,24.4016414116675,24.3186630611374,24.2771485035319,24.3342266548802,24.1888737710728,24.1628960219406,24.3082860095273,24.1784834681163,24.2927184476639,24.2771485035319,24.1473061847397,24.2252314710217,24.3342266548802,24.1992630121316,24.2044572345467,24.2979078995965,24.1836787523513,24.1628960219406,24.2979078995965,24.2823387496704,24.261576176083,24.2927184476639,24.19406852432,24.1473061847397,24.2304243670388,24.2252314710217,24.1265160139431,24.3238511901693,24.2719579925803,24.2823387496704,24.2823387496704,24.2875287310348,24.2771485035319,24.1992630121316,24.2304243670388,24.3030970868713,24.3238511901693,24.2719579925803,24.2511932998677,24.2771485035319,24.2096511916044,24.16809210295,24.1317139554589,24.1213178064842,24.16809210295,24.0953227786774,23.9912760740285,24.0068898795898,24.0797225681742,24.0120939477021,24.1525030628745,24.0797225681742,24.1732879183289,24.1005223164376,24.1265160139431,24.0381102869696,24.2304243670388,24.1732879183289,24.2096511916044,24.220038309803,24.2096511916044,24.1213178064842,24.1888737710728,24.1213178064842,24.2408093636233,24.2563848704595,24.2460014642685,24.2148448833435,24.1525030628745,24.1317139554589,24.2304243670388,24.1836787523513,24.1161193330435,24.1265160139431,24.1005223164376,24.0693210964281,24.0016855446331,24.1005223164376,24.0068898795898,24.0537168909092,24.1213178064842,24.1732879183289,24.1473061847397,24.2771485035319,24.2823387496704,24.2823387496704,24.1628960219406,24.1576996752618,24.1473061847397,24.220038309803,24.2511932998677,24.2511932998677,24.1732879183289,24.1784834681163,24.2460014642685,24.1161193330435,24.1109205935815,24.0849229045849,24.1057215880592,24.1317139554589,24.3030970868713,24.3549744119754,24.3705324552306,24.2460014642685,24.396457245529,24.5622198668973,24.7845400253874,24.6708553211965,24.7277134921382,24.7070414568379,24.8051963851263,24.9084156166453,24.9084156166453,24.7225458756109
24.0016855446331,24.1005223164376,24.0797225681742,24.0016855446331,24.02250128355,23.9964809427924,24.032907552491,24.1473061847397,24.0901229747396,24.0953227786774,24.220038309803,24.0745219654683,24.1057215880592,24.0797225681742,24.220038309803,24.1473061847397,24.1265160139431,24.1109205935815,24.16809210295,24.2044572345467,24.19406852432,24.1109205935815,24.1109205935815,24.2927184476639,24.2771485035319,24.2460014642685,24.2408093636233,24.2823387496704,24.1213178064842,24.235616997893,24.16809210295,24.0485149561396,24.0433127548394,24.0068898795898,24.1421090408181,23.9704539289542,23.9287968145261,23.9808655355738,24.0589185591878,23.9964809427924,24.0016855446331,24.0381102869696,24.2304243670388,24.0797225681742,24.1317139554589,23.9912760740285,24.0641199610143,24.0433127548394,24.0485149561396,24.0381102869696,23.9548345155266,23.8819121009899,24.0641199610143,24.1473061847397,24.1265160139431,24.0901229747396,23.9444202371166,23.9652477249841,24.0485149561396,24.0485149561396,24.0120939477021,24.0120939477021,23.9808655355738,23.9756598658044,24.0693210964281,24.0745219654683,24.0745219654683,23.9183798623554,23.8193654029997,23.9652477249841,23.9600412538547,24.0901229747396,24.0797225681742,23.9964809427924,23.9808655355738,24.0381102869696,24.0381102869696,23.9444202371166,24.0485149561396,24.032907552491,24.0641199610143,24.0485149561396,23.9183798623554,24.0745219654683,24.0537168909092,24.0120939477021,24.0901229747396,24.0849229045849,24.0901229747396,24.0016855446331,24.0849229045849,24.0433127548394,23.9756598658044,23.9183798623554,23.9704539289542,24.0433127548394,23.9912760740285,24.0277045513642,24.032907552491,24.0381102869696,24.0641199610143,24.1628960219406,24.1473061847397,24.1525030628745,24.2719579925803,24.1369116310709,24.16809210295,24.1213178064842,24.1369116310709,24.0901229747396,24.0745219654683,24.1265160139431,24.1525030628745,24.1628960219406,24.1369116310709,24.0745219654683,24.2096511916044,24.2304243670388,24.1784834681163,24.313474667603,24.1888737710728,24.2875287310348,24.2096511916044,24.19406852432,24.1732879183289,24.2511932998677,24.3290390547373,24.4068253139224,24.3290390547373,24.313474667603,24.3030970868713,24.3342266548802,24.16809210295,24.313474667603,24.1836787523513,24.1161193330435,24.2044572345467,24.2044572345467,24.2148448833435,24.3030970868713,24.2563848704595,24.220038309803,24.3342266548802,24.3860881214467,24.2511932998677,24.3601606905737,24.2875287310348,24.2719579925803,24.1888737710728,24.2927184476639,24.2979078995965,24.2511932998677,24.2044572345467,24.3653467049792,24.2563848704595,24.3030970868713,24.2719579925803,24.3238511901693,24.2875287310348,24.1836787523513,24.1888737710728,24.2823387496704,24.2875287310348,24.1992630121316,24.2563848704595,24.266767216777,24.1525030628745,24.1525030628745,24.1265160139431,24.1992630121316,24.1628960219406,24.1057215880592,24.1005223164376,24.1213178064842,24.1213178064842,24.0068898795898,24.1057215880592,24.1265160139431,24.1628960219406,24.1732879183289,24.1213178064842,24.1784834681163,24.16809210295,24.1525030628745,24.1161193330435,24.1525030628745,24.2044572345467,24.1888737710728,24.2304243670388,24.2511932998677,24.2563848704595,24.19406852432,24.2823387496704,24.16809210295,24.2304243670388,24.2096511916044,24.1784834681163,24.1161193330435,24.2511932998677,24.032907552491,24.1005223164376,24.0537168909092,24.0901229747396,24.0537168909092,24.1161193330435,24.1421090408181,24.1161193330435,24.2252314710217,24.1784834681163,24.0953227786774,24.1161193330435,24.1369116310709,24.2563848704595,23.9912760740285,24.1473061847397,24.1784834681163,24.1473061847397,24.1992630121316,24.1421090408181,24.1992630121316,24.2460014642685,24.0797225681742,24.1005223164376,24.1057215880592,24.0433127548394,24.1473061847397,24.3601606905737,24.3497878691456,24.5570438632356,24.3497878691456,24.3497878691456,24.3497878691456,24.5622198668973,24.7793752829217,24.8671404277798,24.8723007375455,24.7225458756109,24.7587137017957,24.8155229994525,24.7948687272058
24.1161193330435,24.1109205935815,24.0797225681742,24.1005223164376,24.0277045513642,24.0589185591878,24.02250128355,24.1317139554589,24.0537168909092,24.1473061847397,24.1369116310709,24.1525030628745,24.0485149561396,24.0277045513642,24.1265160139431,24.0068898795898,24.2044572345467,24.2096511916044,24.1992630121316,24.2044572345467,24.0381102869696,24.1057215880592,24.0797225681742,24.1161193330435,24.1109205935815,24.1369116310709,24.1213178064842,24.1732879183289,24.1161193330435,24.3290390547373,24.2304243670388,24.2148448833435,24.1836787523513,24.1421090408181,24.0485149561396,24.02250128355,23.9027524276446,23.9860709383021,24.0381102869696,24.0016855446331,24.0016855446331,24.2511932998677,24.2408093636233,23.9704539289542,24.1317139554589,24.0433127548394,24.1473061847397,24.0849229045849,24.0589185591878,24.1992630121316,24.0485149561396,24.2252314710217,24.017297749009,24.017297749009,24.1732879183289,24.1628960219406,24.0016855446331,24.0120939477021,24.0068898795898,24.0589185591878,23.9860709383021,24.1421090408181,24.0537168909092,24.1057215880592,24.0433127548394,23.9444202371166,23.9496275099604,24.0901229747396,23.9131709850186,24.1057215880592,24.0901229747396,24.0641199610143,24.032907552491,23.9340048894389,23.9548345155266,24.0537168909092,24.0537168909092,24.0485149561396,24.2252314710217,24.1473061847397,24.0485149561396,23.9287968145261,23.9548345155266,24.1109205935815,24.02250128355,23.9860709383021,24.1005223164376,24.0901229747396,24.0901229747396,24.0797225681742,24.0120939477021,24.0953227786774,24.1057215880592,23.9548345155266,24.0589185591878,24.0433127548394,23.9287968145261,24.0537168909092,24.0016855446331,24.0589185591878,24.1265160139431,24.1628960219406,24.2044572345467,24.1576996752618,24.0901229747396,24.1421090408181,24.0953227786774,24.220038309803,24.1161193330435,24.1265160139431,24.1161193330435,24.1213178064842,24.1732879183289,24.16809210295,24.266767216777,24.2563848704595,24.261576176083,24.2511932998677,24.1628960219406,24.2460014642685,24.1732879183289,24.1473061847397,24.1473061847397,24.19406852432,24.2096511916044,24.220038309803,24.2719579925803,24.3082860095273,24.1576996752618,24.313474667603,24.220038309803,24.266767216777,24.2823387496704,24.2875287310348,24.2979078995965,24.2044572345467,24.2148448833435,24.220038309803,24.2979078995965,24.220038309803,24.261576176083,24.3705324552306,24.220038309803,24.2252314710217,24.2252314710217,24.1784834681163,24.1888737710728,24.1265160139431,24.235616997893,24.1784834681163,24.1784834681163,24.313474667603,24.2979078995965,24.1836787523513,24.2927184476639,24.2927184476639,24.313474667603,24.2927184476639,24.2927184476639,24.313474667603,24.2044572345467,24.235616997893,24.3238511901693,24.2823387496704,24.1628960219406,24.2044572345467,24.1213178064842,24.2408093636233,24.19406852432,24.1317139554589,24.1888737710728,24.1057215880592,24.0485149561396,24.1057215880592,24.0485149561396,23.9912760740285,24.0485149561396,24.1109205935815,24.19406852432,24.0381102869696,24.032907552491,24.0433127548394,24.1265160139431,24.1421090408181,24.0797225681742,24.16809210295,24.1784834681163,24.1525030628745,24.2460014642685,24.1992630121316,24.2408093636233,24.266767216777,24.2927184476639,24.2148448833435,24.2096511916044,24.220038309803,24.1525030628745,24.1109205935815,24.1057215880592,24.16809210295,24.1576996752618,23.9808655355738,24.1109205935815,24.0120939477021,24.017297749009,24.1473061847397,24.032907552491,24.1836787523513,24.2771485035319,24.261576176083,24.2304243670388,24.220038309803,24.19406852432,24.1628960219406,24.2044572345467,24.2252314710217,24.1628960219406,24.2252314710217,24.1784834681163,24.0745219654683,24.1888737710728,24.0953227786774,24.0901229747396,24.1057215880592,24.1888737710728,24.1525030628745,24.2096511916044,24.3497878691456,24.3186630611374,24.3238511901693,24.2252314710217,24.5570438632356,24.5725710861868,24.7432147730614,24.7225458756109,24.7793752829217,24.8980983810354,24.8929393729232,24.8000326866343,24.8929393729232
23.8037226951994,23.9860709383021,24.2304243670388,24.0901229747396,24.0641199610143,24.0953227786774,24.0953227786774,24.0537168909092,24.0485149561396,23.9496275099604,24.1888737710728,24.0641199610143,24.0745219654683,24.0797225681742,24.1888737710728,24.2511932998677,24.0537168909092,24.1421090408181,24.2044572345467,24.0953227786774,23.8506435764983,24.017297749009,24.0068898795898,24.0537168909092,24.0537168909092,24.0849229045849,24.0745219654683,24.1161193330435,24.0953227786774,24.1109205935815,24.2044572345467,24.2096511916044,24.0745219654683,24.1421090408181,24.1732879183289,24.1992630121316,24.1317139554589,24.0433127548394,24.0433127548394,24.1576996752618,24.1525030628745,24.3290390547373,24.0120939477021,24.0120939477021,23.9704539289542,24.0485149561396,23.9860709383021,24.1161193330435,24.0589185591878,24.0745219654683,24.1005223164376,23.9652477249841,24.0068898795898,23.9860709383021,24.1473061847397,23.9860709383021,23.8767013499485,24.02250128355,23.9235884721781,24.0745219654683,24.1784834681163,24.1888737710728,23.9392126969559,23.9183798623554,23.9548345155266,23.9131709850186,24.0641199610143,24.1317139554589,24.0641199610143,24.0277045513642,23.8141514353848,23.9964809427924,24.0745219654683,23.9600412538547,23.9235884721781,23.9912760740285,24.1525030628745,24.1161193330435,24.1576996752618,24.1628960219406,24.0953227786774,24.220038309803,23.9860709383021,23.9548345155266,24.0693210964281,23.9964809427924,24.1057215880592,24.0797225681742,24.1576996752618,24.0016855446331,24.1057215880592,24.0797225681742,24.0537168909092,23.9340048894389,24.2096511916044,24.0641199610143,24.02250128355,24.032907552491,24.0120939477021,24.0277045513642,24.1057215880592,24.1732879183289,24.220038309803,24.2304243670388,24.1369116310709,24.1265160139431,24.0849229045849,24.1421090408181,24.1057215880592,24.1628960219406,24.1421090408181,24.1525030628745,24.1992630121316,24.3705324552306,24.2408093636233,24.16809210295,23.9860709383021,24.1421090408181,24.1421090408181,24.1265160139431,24.1473061847397,24.1421090408181,24.1109205935815,24.220038309803,24.2979078995965,24.3186630611374,24.2823387496704,24.313474667603,24.3290390547373,24.3186630611374,24.3446010620456,24.261576176083,24.3238511901693,24.3082860095273,24.2044572345467,24.2148448833435,24.220038309803,24.2096511916044,24.2148448833435,24.2304243670388,24.2875287310348,24.3497878691456,24.3030970868713,24.2771485035319,24.266767216777,24.2044572345467,24.1473061847397,24.017297749009,24.3186630611374,24.1784834681163,24.1732879183289,24.3030970868713,24.1421090408181,24.1628960219406,24.2563848704595,24.19406852432,24.2511932998677,24.266767216777,24.2304243670388,24.2096511916044,24.2252314710217,24.2563848704595,24.1992630121316,24.2148448833435,24.2563848704595,24.3290390547373,24.261576176083,24.2252314710217,24.2408093636233,24.235616997893,24.1732879183289,24.1213178064842,24.1213178064842,24.1317139554589,24.017297749009,24.1732879183289,24.1732879183289,24.1213178064842,24.1213178064842,24.0537168909092,24.0433127548394,24.1473061847397,24.1732879183289,24.19406852432,24.1732879183289,24.2719579925803,24.2148448833435,24.2460014642685,24.2252314710217,24.3549744119754,24.2460014642685,24.2979078995965,24.2719579925803,24.1836787523513,24.1732879183289,24.2304243670388,24.220038309803,24.1992630121316,24.1628960219406,24.1369116310709,24.1317139554589,24.1628960219406,24.1732879183289,24.1265160139431,24.1525030628745,24.0901229747396,24.1888737710728,24.1732879183289,24.19406852432,24.19406852432,24.1888737710728,24.2044572345467,24.2408093636233,23.9860709383021,24.2408093636233,24.1473061847397,24.1421090408181,24.16809210295,24.1576996752618,24.1057215880592,24.1421090408181,24.2563848704595,24.0381102869696,24.1421090408181,24.1005223164376,24.1888737710728,24.1888737710728,24.4120089523324,24.4638308334468,24.2771485035319,24.4534685658236,24.396457245529,24.6863652356057,24.598444539334,24.7380479408253,24.8877801045559,24.86197985757,24.8051963851263,24.8568190268782,24.8774607869049
24.0277045513642,24.1057215880592,24.0901229747396,24.0901229747396,24.1888737710728,24.1525030628745,24.1005223164376,24.0589185591878,24.3186630611374,24.1369116310709,24.1421090408181,24.0745219654683,24.0277045513642,24.2096511916044,24.1317139554589,24.1525030628745,24.19406852432,24.1369116310709,24.220038309803,24.1369116310709,24.0589185591878,23.9964809427924,23.9652477249841,23.9912760740285,23.9131709850186,23.9183798623554,24.1265160139431,24.1057215880592,23.9183798623554,24.0849229045849,24.1473061847397,24.1265160139431,24.1369116310709,24.1576996752618,24.3705324552306,24.3860881214467,24.396457245529,24.396457245529,24.1836787523513,24.1992630121316,24.235616997893,24.1576996752618,24.1213178064842,24.1784834681163,24.0641199610143,23.9600412538547,24.0953227786774,23.9808655355738,24.1473061847397,24.1213178064842,24.0849229045849,24.1317139554589,24.1576996752618,23.9860709383021,24.0537168909092,24.1732879183289,24.1628960219406,24.0485149561396,23.9392126969559,24.1732879183289,24.1732879183289,23.8454312178827,23.9600412538547,23.9808655355738,24.0953227786774,23.9131709850186,24.1161193330435,24.2096511916044,24.1576996752618,24.0849229045849,23.9808655355738,24.0797225681742,24.0277045513642,23.9340048894389,23.9287968145261,24.0849229045849,24.16809210295,24.0485149561396,24.220038309803,24.1473061847397,24.1317139554589,24.1888737710728,24.1628960219406,24.0901229747396,24.0068898795898,24.0381102869696,24.0589185591878,24.0745219654683,24.1109205935815,24.0745219654683,24.0901229747396,24.0849229045849,24.0901229747396,23.9287968145261,24.1369116310709,24.2304243670388,24.220038309803,24.0120939477021,23.9964809427924,24.0537168909092,24.0693210964281,24.1265160139431,24.1265160139431,24.2823387496704,24.1421090408181,24.1109205935815,24.1421090408181,24.2563848704595,24.2044572345467,24.1836787523513,24.1992630121316,24.1109205935815,24.1836787523513,24.2511932998677,24.1525030628745,24.1628960219406,24.017297749009,24.0277045513642,24.1525030628745,23.9964809427924,24.0849229045849,24.2408093636233,24.1057215880592,24.2044572345467,24.235616997893,24.313474667603,24.2823387496704,24.3186630611374,24.3290390547373,24.3342266548802,24.3497878691456,24.3394139906367,24.3342266548802,24.313474667603,24.313474667603,24.261576176083,24.3653467049792,24.3705324552306,24.2148448833435,24.3342266548802,24.3912728154683,24.3860881214467,24.3601606905737,24.2460014642685,24.220038309803,24.2044572345467,24.261576176083,24.3290390547373,24.3030970868713,24.313474667603,24.2304243670388,24.2044572345467,24.2927184476639,24.16809210295,24.2875287310348,24.3082860095273,24.1369116310709,24.1784834681163,24.2096511916044,24.2927184476639,24.266767216777,24.2563848704595,24.2460014642685,24.2044572345467,24.2823387496704,24.1836787523513,24.261576176083,24.1525030628745,24.0901229747396,24.2148448833435,24.1525030628745,24.1317139554589,24.1161193330435,24.1836787523513,24.1213178064842,24.1213178064842,24.2563848704595,24.220038309803,24.0641199610143,24.1109205935815,24.0433127548394,24.0381102869696,24.16809210295,24.0641199610143,24.032907552491,24.1836787523513,24.2511932998677,24.2563848704595,24.2511932998677,24.1732879183289,24.235616997893,24.2875287310348,24.2979078995965,24.1836787523513,24.261576176083,24.16809210295,24.1888737710728,24.261576176083,24.261576176083,24.235616997893,24.1057215880592,24.1213178064842,24.1576996752618,24.1628960219406,24.1213178064842,24.1525030628745,24.0381102869696,24.2875287310348,24.2719579925803,24.1888737710728,24.1888737710728,24.235616997893,24.2563848704595,24.1525030628745,24.1576996752618,24.2044572345467,24.1369116310709,24.1732879183289,24.1317139554589,24.1525030628745,24.1525030628745,24.2408093636233,24.1421090408181,24.1161193330435,24.1161193330435,24.1317139554589,24.1888737710728,24.2771485035319,24.3082860095273,24.3238511901693,24.4223754377718,24.5104480028654,24.5518675968447,24.7225458756109,24.7948687272058,24.7793752829217,24.6760255545029,24.8877801045559,24.9084156166453,24.918731811688
24.0901229747396,24.0537168909092,24.1005223164376,24.1161193330435,24.1732879183289,24.1732879183289,24.0641199610143,24.19406852432,24.16809210295,24.1265160139431,24.1369116310709,23.9652477249841,23.9704539289542,24.2044572345467,24.0589185591878,24.0849229045849,24.1005223164376,24.1525030628745,24.1732879183289,24.1576996752618,24.0849229045849,24.0120939477021,24.0485149561396,23.9600412538547,23.9079618401281,24.0485149561396,24.19406852432,24.02250128355,23.9235884721781,24.0953227786774,24.0901229747396,24.1005223164376,24.1317139554589,24.235616997893,24.266767216777,24.3809031634257,24.396457245529,24.4120089523324,24.235616997893,24.3601606905737,24.220038309803,24.0120939477021,24.017297749009,24.1369116310709,24.1369116310709,23.9964809427924,24.0485149561396,24.0693210964281,24.1888737710728,24.2304243670388,24.1732879183289,24.1525030628745,24.0485149561396,24.1421090408181,24.0953227786774,24.0797225681742,24.0537168909092,24.1525030628745,24.1836787523513,24.1473061847397,23.9808655355738,24.0016855446331,23.9027524276446,24.0641199610143,24.1005223164376,23.9079618401281,24.1109205935815,24.0381102869696,24.1473061847397,24.1265160139431,24.1473061847397,24.16809210295,24.0901229747396,24.0797225681742,24.1161193330435,24.0537168909092,24.19406852432,24.1525030628745,24.2408093636233,24.16809210295,24.0797225681742,24.1161193330435,24.0901229747396,23.855855667086,24.0016855446331,24.0485149561396,24.1317139554589,24.0797225681742,24.0797225681742,24.0693210964281,24.017297749009,23.9548345155266,24.0901229747396,24.2304243670388,24.220038309803,24.2304243670388,24.0849229045849,24.0277045513642,24.0693210964281,24.0953227786774,24.1576996752618,24.2927184476639,24.1005223164376,24.19406852432,24.1473061847397,24.1732879183289,24.2044572345467,24.2563848704595,24.2148448833435,24.0901229747396,24.2096511916044,24.3705324552306,24.19406852432,24.1317139554589,24.0381102869696,24.1784834681163,24.017297749009,24.0641199610143,24.1317139554589,24.1732879183289,24.1628960219406,24.3082860095273,24.3601606905737,24.1473061847397,24.2927184476639,24.266767216777,24.261576176083,24.2771485035319,24.3238511901693,24.2511932998677,24.2408093636233,24.2927184476639,24.313474667603,24.3394139906367,24.2927184476639,24.3601606905737,24.261576176083,24.3757179413665,24.3497878691456,24.3809031634257,24.3860881214467,24.4068253139224,24.5415142757223,24.3290390547373,24.3653467049792,24.3601606905737,24.1888737710728,24.1317139554589,24.1628960219406,24.2927184476639,24.1784834681163,24.220038309803,24.235616997893,24.1784834681163,24.2044572345467,24.1576996752618,24.2096511916044,24.2096511916044,24.2408093636233,24.3082860095273,24.2719579925803,24.2927184476639,24.2771485035319,24.2511932998677,24.2408093636233,24.2771485035319,24.1525030628745,24.1421090408181,24.1473061847397,24.1213178064842,24.1265160139431,24.1265160139431,24.1109205935815,24.1057215880592,24.1732879183289,24.1628960219406,24.2304243670388,24.1992630121316,24.1213178064842,24.1473061847397,24.16809210295,24.0849229045849,24.1732879183289,24.16809210295,24.0745219654683,24.0953227786774,24.2563848704595,24.2511932998677,24.261576176083,24.19406852432,24.2252314710217,24.1888737710728,24.220038309803,24.2044572345467,24.1836787523513,24.1784834681163,24.2460014642685,24.1317139554589,24.1317139554589,24.2460014642685,24.1836787523513,24.0485149561396,23.9912760740285,24.1784834681163,24.16809210295,24.0589185591878,24.1421090408181,24.2823387496704,24.1992630121316,24.1836787523513,24.2771485035319,24.2252314710217,24.2096511916044,24.1421090408181,24.1421090408181,24.1525030628745,24.2304243670388,24.2148448833435,24.1473061847397,24.2511932998677,24.1576996752618,24.16809210295,24.1057215880592,24.1421090408181,24.1784834681163,24.1109205935815,24.2148448833435,24.3082860095273,24.2979078995965,24.417192326936,24.4275582848784,24.6036184425424,24.7070414568379,24.7225458756109,24.8568190268782,24.7277134921382,24.8671404277798,24.8310109648659,24.8826205758957,24.9290469664651
23.9340048894389,24.1109205935815,24.1005223164376,24.0849229045849,24.1525030628745,24.1628960219406,24.0537168909092,24.1317139554589,24.1369116310709,24.2460014642685,24.0120939477021,24.1369116310709,24.1421090408181,24.0120939477021,24.16809210295,24.1628960219406,24.1576996752618,24.1628960219406,24.261576176083,24.1109205935815,24.0901229747396,23.9808655355738,24.0277045513642,24.032907552491,24.0068898795898,24.0068898795898,24.0745219654683,23.9808655355738,23.9340048894389,24.1109205935815,23.9756598658044,24.2044572345467,24.0901229747396,23.9860709383021,24.017297749009,24.1576996752618,24.1265160139431,24.0797225681742,24.0953227786774,24.1525030628745,24.1057215880592,23.9079618401281,24.0277045513642,24.032907552491,24.0433127548394,23.9860709383021,23.8506435764983,24.0901229747396,24.1732879183289,24.1628960219406,24.1732879183289,24.0745219654683,24.0537168909092,23.9704539289542,23.9652477249841,23.9964809427924,24.1576996752618,24.0901229747396,24.032907552491,23.9287968145261,23.9964809427924,23.9756598658044,24.0537168909092,24.0849229045849,24.2096511916044,24.266767216777,24.1369116310709,24.1576996752618,24.017297749009,24.1628960219406,24.2252314710217,24.16809210295,24.0693210964281,24.1992630121316,24.1473061847397,24.1421090408181,24.1992630121316,24.1784834681163,24.16809210295,24.0745219654683,24.0381102869696,24.0693210964281,24.1005223164376,23.9860709383021,23.8767013499485,24.0849229045849,24.1161193330435,24.1317139554589,24.0745219654683,24.0901229747396,24.0849229045849,23.9652477249841,24.0745219654683,24.1836787523513,24.1369116310709,24.2719579925803,24.1369116310709,24.0797225681742,24.0745219654683,24.0745219654683,24.16809210295,24.0901229747396,24.1317139554589,24.0745219654683,24.0641199610143,24.2252314710217,24.0745219654683,24.2771485035319,24.220038309803,24.2096511916044,24.2563848704595,24.2460014642685,24.0068898795898,24.1161193330435,24.19406852432,24.1213178064842,24.0953227786774,24.02250128355,24.0797225681742,24.02250128355,24.2823387496704,24.3238511901693,24.2927184476639,24.2563848704595,24.2771485035319,24.3394139906367,24.3394139906367,24.3549744119754,24.4016414116675,24.5725710861868,24.3238511901693,24.2563848704595,24.3342266548802,24.2719579925803,24.4068253139224,24.3601606905737,24.2563848704595,24.3653467049792,24.2979078995965,24.3186630611374,24.2511932998677,24.396457245529,24.396457245529,24.3912728154683,24.3238511901693,24.3030970868713,24.3030970868713,24.2875287310348,24.3186630611374,24.1888737710728,24.2563848704595,24.2460014642685,24.2044572345467,24.2511932998677,24.2252314710217,24.19406852432,24.2875287310348,24.2927184476639,24.2875287310348,24.4275582848784,24.1888737710728,24.2823387496704,24.2563848704595,24.2511932998677,24.2719579925803,24.2823387496704,24.235616997893,24.235616997893,24.1317139554589,24.1576996752618,24.1628960219406,24.1836787523513,24.1369116310709,24.2096511916044,24.1369116310709,24.266767216777,24.1473061847397,24.2096511916044,24.1473061847397,24.1317139554589,24.1057215880592,24.1732879183289,24.16809210295,24.1525030628745,24.1057215880592,24.235616997893,24.3653467049792,24.261576176083,24.16809210295,24.1369116310709,24.16809210295,24.16809210295,24.2148448833435,24.2096511916044,24.2563848704595,24.3082860095273,24.2875287310348,24.1992630121316,24.2096511916044,24.1369116310709,24.1265160139431,24.1369116310709,24.1525030628745,24.1732879183289,24.1888737710728,24.2719579925803,24.0433127548394,24.0745219654683,24.1784834681163,24.3030970868713,24.1784834681163,24.3757179413665,24.1473061847397,24.2563848704595,24.1836787523513,24.3446010620456,24.2460014642685,24.2875287310348,24.2252314710217,24.1265160139431,24.1576996752618,24.220038309803,24.1628960219406,24.0485149561396,24.2719579925803,24.1732879183289,24.2719579925803,24.3290390547373,24.2408093636233,24.4016414116675,24.3757179413665,24.5570438632356,24.5829212550199,24.7587137017957,24.8310109648659,24.8568190268782,24.8310109648659,24.8980983810354,24.8464965838976,24.8051963851263
24.02250128355,24.0381102869696,24.0901229747396,24.1473061847397,24.1732879183289,24.16809210295,24.0901229747396,24.0641199610143,23.9496275099604,24.1836787523513,24.1421090408181,24.0641199610143,24.0381102869696,24.032907552491,24.017297749009,24.1628960219406,24.0120939477021,24.1576996752618,24.2511932998677,24.1836787523513,24.2096511916044,24.2460014642685,24.0745219654683,24.0068898795898,23.9444202371166,24.0797225681742,24.0589185591878,24.02250128355,23.9704539289542,24.0589185591878,24.0901229747396,24.19406852432,24.1992630121316,24.1265160139431,24.0797225681742,24.1161193330435,24.0641199610143,24.1421090408181,24.1576996752618,24.1005223164376,24.0068898795898,24.017297749009,23.8975427475285,24.017297749009,24.1369116310709,24.0068898795898,23.8089371994645,24.1005223164376,24.0901229747396,24.0953227786774,24.0953227786774,24.1161193330435,24.1265160139431,24.0485149561396,24.0901229747396,24.0485149561396,24.1576996752618,24.1369116310709,24.2460014642685,24.1784834681163,24.032907552491,24.0849229045849,24.220038309803,24.1057215880592,24.02250128355,24.1369116310709,24.1057215880592,23.8714903310769,24.1576996752618,24.1732879183289,24.2044572345467,24.2044572345467,24.1576996752618,24.1576996752618,24.2096511916044,24.1473061847397,24.1525030628745,24.1784834681163,24.19406852432,24.235616997893,24.1525030628745,24.261576176083,24.266767216777,24.0797225681742,23.9964809427924,24.1473061847397,24.032907552491,23.9912760740285,24.1109205935815,24.1057215880592,24.1109205935815,24.0068898795898,24.16809210295,24.1473061847397,24.2511932998677,24.1628960219406,24.1317139554589,24.1888737710728,24.2148448833435,24.220038309803,24.2044572345467,24.1628960219406,24.1473061847397,24.1057215880592,24.2096511916044,24.2044572345467,24.19406852432,24.2927184476639,24.1265160139431,24.0641199610143,24.0693210964281,24.19406852432,23.9287968145261,24.0277045513642,24.1005223164376,24.0016855446331,24.1057215880592,24.0537168909092,24.032907552491,24.1057215880592,24.1992630121316,24.2304243670388,24.16809210295,24.1836787523513,24.1784834681163,24.1836787523513,24.1732879183289,24.3653467049792,24.396457245529,24.5570438632356,24.3186630611374,24.2563848704595,24.3394139906367,24.2979078995965,24.3030970868713,24.3601606905737,24.3446010620456,24.4016414116675,24.3342266548802,24.3653467049792,24.4120089523324,24.4223754377718,24.3860881214467,24.2823387496704,24.3446010620456,24.2460014642685,24.266767216777,24.2044572345467,24.266767216777,24.2460014642685,24.2979078995965,24.2096511916044,24.16809210295,24.3082860095273,24.2979078995965,24.313474667603,24.3497878691456,24.2252314710217,24.313474667603,24.2719579925803,24.2875287310348,24.3238511901693,24.16809210295,24.261576176083,24.261576176083,24.266767216777,24.235616997893,24.2511932998677,24.2408093636233,24.2252314710217,24.1473061847397,24.1213178064842,24.1109205935815,24.1525030628745,24.1109205935815,23.9912760740285,24.1213178064842,24.1421090408181,24.1369116310709,24.1473061847397,24.1836787523513,24.2096511916044,24.16809210295,24.3809031634257,24.1732879183289,24.1525030628745,24.3446010620456,24.3238511901693,24.2148448833435,24.1784834681163,24.1213178064842,24.1473061847397,24.2408093636233,24.2044572345467,24.1784834681163,24.1732879183289,24.1421090408181,24.0797225681742,24.0797225681742,24.1265160139431,24.1265160139431,24.19406852432,24.1265160139431,24.16809210295,24.1525030628745,24.0745219654683,24.1525030628745,24.2823387496704,24.2044572345467,24.19406852432,24.2979078995965,24.2927184476639,24.3601606905737,24.2771485035319,24.1628960219406,24.3030970868713,24.2304243670388,24.2460014642685,24.1525030628745,24.1369116310709,24.1161193330435,24.1421090408181,24.1836787523513,24.2096511916044,24.266767216777,24.1628960219406,24.0901229747396,24.3082860095273,24.2719579925803,24.396457245529,24.3705324552306,24.5518675968447,24.6915346834782,24.7225458756109,24.7793752829217,24.8000326866343,24.8310109648659,24.86197985757,24.8051963851263,24.8671404277798
24.1213178064842,24.0641199610143,24.0381102869696,24.1732879183289,24.1576996752618,24.1628960219406,24.0485149561396,23.9600412538547,24.1057215880592,24.1369116310709,24.19406852432,24.1421090408181,23.9756598658044,23.9704539289542,24.1057215880592,24.1628960219406,24.0016855446331,24.0589185591878,24.1525030628745,24.0641199610143,24.0693210964281,24.1525030628745,24.1109205935815,24.0589185591878,24.0485149561396,24.1369116310709,24.0849229045849,24.1161193330435,24.1161193330435,24.2096511916044,24.1109205935815,24.1109205935815,24.1784834681163,24.0849229045849,23.9548345155266,24.1628960219406,23.9548345155266,24.017297749009,24.0068898795898,24.0120939477021,24.02250128355,24.0277045513642,23.9652477249841,23.8975427475285,23.9652477249841,24.19406852432,24.0953227786774,24.0953227786774,24.2148448833435,24.1628960219406,24.1576996752618,24.1421090408181,24.1161193330435,23.9756598658044,23.9652477249841,24.0849229045849,24.0016855446331,24.0277045513642,24.266767216777,24.1628960219406,24.1473061847397,24.1576996752618,24.1628960219406,24.0589185591878,24.0641199610143,24.1161193330435,23.8662790443357,24.0068898795898,24.16809210295,24.0693210964281,24.1836787523513,24.1836787523513,24.2044572345467,24.2044572345467,24.2304243670388,24.16809210295,24.1317139554589,24.1784834681163,24.2408093636233,24.16809210295,24.3653467049792,24.3394139906367,24.0901229747396,24.1265160139431,23.9756598658044,24.032907552491,24.1161193330435,24.1161193330435,24.0745219654683,24.1213178064842,23.9548345155266,24.1265160139431,24.0537168909092,24.1576996752618,24.2408093636233,24.2096511916044,24.1732879183289,24.1992630121316,24.3809031634257,24.2979078995965,24.3653467049792,24.19406852432,24.220038309803,24.2096511916044,24.2252314710217,24.266767216777,24.2511932998677,24.1888737710728,24.2927184476639,24.1369116310709,24.3030970868713,24.2408093636233,24.1161193330435,24.1109205935815,24.0849229045849,24.1369116310709,24.1628960219406,24.0537168909092,24.16809210295,24.1888737710728,24.266767216777,24.2979078995965,24.3030970868713,24.313474667603,24.313474667603,24.2719579925803,24.2511932998677,24.3030970868713,24.3238511901693,24.3290390547373,24.3082860095273,24.313474667603,24.2511932998677,24.235616997893,24.3082860095273,24.1992630121316,24.2044572345467,24.396457245529,24.235616997893,24.3497878691456,24.3549744119754,24.3549744119754,24.2408093636233,24.220038309803,24.3082860095273,24.2511932998677,24.1992630121316,24.1525030628745,24.266767216777,24.1836787523513,24.1888737710728,24.2563848704595,24.3030970868713,24.3290390547373,24.1992630121316,24.3446010620456,24.2408093636233,24.235616997893,24.3342266548802,24.3186630611374,24.266767216777,24.3549744119754,24.2563848704595,24.3082860095273,24.2511932998677,24.2511932998677,24.3082860095273,24.220038309803,24.2460014642685,24.19406852432,24.2563848704595,24.1369116310709,24.1576996752618,24.2719579925803,24.1109205935815,24.1888737710728,24.1369116310709,24.1109205935815,24.1421090408181,24.1369116310709,24.2304243670388,24.235616997893,24.02250128355,24.0953227786774,24.1888737710728,24.2252314710217,24.2096511916044,24.3601606905737,24.2096511916044,24.2096511916044,24.1421090408181,24.1992630121316,24.1369116310709,24.2563848704595,24.1784834681163,24.1888737710728,24.1265160139431,24.16809210295,24.1265160139431,24.0797225681742,24.032907552491,24.0797225681742,24.1421090408181,24.1628960219406,24.1265160139431,24.1421090408181,24.1525030628745,24.220038309803,24.2771485035319,24.3290390547373,24.2979078995965,24.3809031634257,24.2719579925803,24.266767216777,24.2563848704595,24.3705324552306,24.2511932998677,24.2304243670388,24.3497878691456,24.1576996752618,24.0953227786774,24.1525030628745,24.0901229747396,24.266767216777,24.2823387496704,24.2563848704595,24.1732879183289,24.19406852432,24.261576176083,24.4068253139224,24.5673956078683,24.7225458756109,24.836173098535,24.7225458756109,24.7845400253874,24.8464965838976,24.8723007375455,24.8464965838976,24.8413349715329,24.8568190268782
24.0693210964281,24.1628960219406,24.0485149561396,24.0797225681742,24.1005223164376,24.2096511916044,24.0381102869696,24.0537168909092,24.1525030628745,24.2096511916044,24.0849229045849,24.16809210295,24.0901229747396,24.02250128355,24.1161193330435,24.2044572345467,24.16809210295,24.0641199610143,24.017297749009,24.0797225681742,24.1473061847397,23.9340048894389,24.032907552491,24.0589185591878,24.1109205935815,24.1732879183289,24.032907552491,24.1213178064842,24.2044572345467,24.1057215880592,24.0016855446331,24.0901229747396,24.0849229045849,24.0953227786774,24.0901229747396,23.9704539289542,23.9964809427924,23.8923327997404,24.017297749009,23.9704539289542,24.017297749009,24.1057215880592,24.017297749009,24.0016855446331,24.16809210295,24.220038309803,24.1317139554589,24.2148448833435,24.1836787523513,24.1784834681163,24.2563848704595,24.017297749009,24.0745219654683,23.9600412538547,23.9912760740285,23.9600412538547,24.0589185591878,24.0745219654683,24.2304243670388,24.1732879183289,24.16809210295,24.19406852432,23.9652477249841,23.8506435764983,23.9652477249841,23.8610674896852,23.855855667086,24.0120939477021,24.017297749009,24.0693210964281,24.1836787523513,24.1836787523513,24.220038309803,24.2304243670388,24.1836787523513,24.220038309803,24.1888737710728,24.2408093636233,24.16809210295,24.2148448833435,24.19406852432,24.2408093636233,24.1161193330435,24.1576996752618,24.0901229747396,24.0641199610143,24.1473061847397,24.2096511916044,24.1161193330435,24.02250128355,24.1213178064842,24.032907552491,24.1525030628745,24.1161193330435,24.1265160139431,24.2460014642685,24.1628960219406,24.3705324552306,24.3601606905737,24.2408093636233,24.2304243670388,24.1992630121316,24.1992630121316,24.1213178064842,24.1057215880592,24.1317139554589,24.2148448833435,24.1628960219406,24.3030970868713,24.2979078995965,24.1628960219406,24.1576996752618,24.1836787523513,24.1213178064842,24.1473061847397,24.1473061847397,24.2044572345467,24.0953227786774,24.1161193330435,24.266767216777,24.2823387496704,24.4482870367845,24.3394139906367,24.3238511901693,24.313474667603,24.2304243670388,24.2511932998677,24.2927184476639,24.3809031634257,24.2563848704595,24.313474667603,24.2771485035319,24.2823387496704,24.2460014642685,24.2148448833435,24.2563848704595,24.2304243670388,24.266767216777,24.3705324552306,24.3809031634257,24.313474667603,24.3549744119754,24.2408093636233,24.3653467049792,24.2875287310348,24.1732879183289,24.1784834681163,24.2511932998677,24.2408093636233,24.1784834681163,24.2771485035319,24.2719579925803,24.2148448833435,24.3912728154683,24.3238511901693,24.3030970868713,24.2823387496704,24.261576176083,24.2511932998677,24.266767216777,24.2823387496704,24.261576176083,24.2044572345467,24.2563848704595,24.1213178064842,24.2252314710217,24.2719579925803,24.2304243670388,24.2148448833435,24.2044572345467,24.0797225681742,24.1473061847397,24.1317139554589,24.1473061847397,24.1265160139431,24.1265160139431,24.0433127548394,24.1421090408181,24.1421090408181,24.2304243670388,24.2044572345467,24.1784834681163,24.0849229045849,24.1109205935815,24.1732879183289,24.3290390547373,24.2148448833435,24.1213178064842,24.1992630121316,24.2096511916044,24.19406852432,24.1265160139431,24.1369116310709,24.2408093636233,24.1888737710728,24.1369116310709,24.1421090408181,24.1888737710728,24.1732879183289,24.1421090408181,24.0901229747396,24.1421090408181,24.1161193330435,24.2304243670388,24.1888737710728,24.1109205935815,24.2563848704595,24.1576996752618,24.2511932998677,24.2875287310348,24.2044572345467,24.2460014642685,24.2719579925803,24.2252314710217,24.2408093636233,24.19406852432,24.2771485035319,24.2304243670388,24.1888737710728,24.2511932998677,24.1525030628745,24.1057215880592,24.0797225681742,24.0745219654683,24.3342266548802,24.2771485035319,24.2719579925803,24.3446010620456,24.3653467049792,24.5208044790397,24.6139654618445,24.7845400253874,24.8000326866343,24.7793752829217,24.8258485704877,24.9393610812787,24.836173098535,24.8310109648659,24.9702971889533,24.8310109648659
23.7619969958994,24.0381102869696,24.16809210295,24.1525030628745,24.0849229045849,24.0901229747396,24.0381102869696,24.1576996752618,24.0068898795898,24.0953227786774,24.1576996752618,24.16809210295,24.1888737710728,23.9964809427924,24.266767216777,24.1265160139431,24.0537168909092,24.0485149561396,24.1784834681163,24.0485149561396,24.0381102869696,23.7515628848466,24.0797225681742,24.0381102869696,24.1888737710728,24.2563848704595,24.1888737710728,24.313474667603,24.1836787523513,24.0641199610143,24.1317139554589,24.0433127548394,24.0016855446331,24.0016855446331,24.0068898795898,24.1161193330435,23.9964809427924,23.9860709383021,24.0016855446331,24.0068898795898,23.8975427475285,24.0953227786774,24.0016855446331,23.9079618401281,24.19406852432,24.1576996752618,24.2875287310348,24.2304243670388,24.1628960219406,24.1992630121316,24.1525030628745,24.1576996752618,24.1421090408181,24.0849229045849,24.0953227786774,24.0381102869696,24.1109205935815,24.0797225681742,24.0433127548394,24.1628960219406,24.02250128355,23.8767013499485,23.8506435764983,23.9392126969559,23.9756598658044,23.9808655355738,24.0693210964281,24.0797225681742,24.0693210964281,23.9964809427924,24.1265160139431,24.1525030628745,24.0901229747396,24.1161193330435,24.0537168909092,24.0641199610143,24.1732879183289,24.0537168909092,23.9964809427924,23.8662790443357,24.0120939477021,24.1109205935815,24.0120939477021,24.0641199610143,24.032907552491,24.1317139554589,24.1992630121316,24.1213178064842,24.1109205935815,23.9704539289542,24.0485149561396,24.0381102869696,24.1576996752618,24.1473061847397,24.1421090408181,24.2823387496704,24.3030970868713,24.4016414116675,24.3186630611374,24.3082860095273,24.2304243670388,24.1369116310709,24.1732879183289,24.0589185591878,24.2148448833435,24.220038309803,24.2096511916044,24.3394139906367,24.2979078995965,24.313474667603,24.235616997893,24.1525030628745,24.1628960219406,24.2252314710217,24.1784834681163,24.0277045513642,24.1369116310709,24.220038309803,24.1992630121316,24.2252314710217,24.2771485035319,24.3394139906367,24.3186630611374,24.2979078995965,24.2511932998677,24.2252314710217,24.235616997893,24.2252314710217,24.3809031634257,24.3912728154683,24.417192326936,24.3082860095273,24.235616997893,24.2927184476639,24.3601606905737,24.2875287310348,24.235616997893,24.3342266548802,24.3549744119754,24.2771485035319,24.4068253139224,24.4068253139224,24.3342266548802,24.2875287310348,24.1888737710728,24.261576176083,24.266767216777,24.2460014642685,24.2511932998677,24.2096511916044,24.3186630611374,24.1732879183289,24.3342266548802,24.3290390547373,24.3238511901693,24.2979078995965,24.3186630611374,24.2771485035319,24.3186630611374,24.3497878691456,24.3342266548802,24.3030970868713,24.3549744119754,24.2096511916044,24.2044572345467,24.2460014642685,24.3030970868713,24.2304243670388,24.1732879183289,24.16809210295,24.1784834681163,24.1576996752618,24.1473061847397,24.1628960219406,24.1421090408181,24.16809210295,24.1473061847397,24.1421090408181,24.1784834681163,24.2096511916044,24.1421090408181,24.0381102869696,24.1421090408181,24.1992630121316,24.19406852432,24.19406852432,24.2563848704595,24.1888737710728,24.2252314710217,24.2096511916044,24.1109205935815,24.1369116310709,24.16809210295,24.1317139554589,24.1421090408181,24.2252314710217,24.1732879183289,24.1784834681163,24.2304243670388,24.1161193330435,24.2511932998677,24.0901229747396,24.1317139554589,24.0797225681742,24.1161193330435,24.1576996752618,24.2563848704595,24.220038309803,24.1784834681163,24.1732879183289,24.2408093636233,24.2927184476639,24.2148448833435,24.220038309803,24.2460014642685,24.2823387496704,24.2771485035319,24.1525030628745,24.2252314710217,24.220038309803,24.1836787523513,24.2460014642685,24.1473061847397,24.3290390547373,24.3290390547373,24.2927184476639,24.2408093636233,24.266767216777,24.2719579925803,24.6191385780148,24.6656848260024,24.7173779975772,24.7897045068028,24.7277134921382,24.7845400253874,24.9135738442187,24.9032571289301,24.9084156166453,24.8206859153626,24.8413349715329
23.6993761963129,24.0537168909092,24.1784834681163,24.1005223164376,24.0797225681742,24.220038309803,24.1213178064842,24.1213178064842,24.1525030628745,24.02250128355,24.1784834681163,24.2044572345467,24.0745219654683,24.1161193330435,24.1473061847397,24.0433127548394,24.1732879183289,24.1161193330435,24.0693210964281,24.1057215880592,24.0433127548394,23.9860709383021,24.0433127548394,24.235616997893,24.0745219654683,24.1992630121316,24.2823387496704,24.1525030628745,24.1473061847397,24.0849229045849,24.0953227786774,24.1992630121316,24.0797225681742,24.0589185591878,24.2148448833435,23.9652477249841,24.0953227786774,23.9964809427924,24.017297749009,23.9027524276446,23.7880775719377,23.9444202371166,24.0016855446331,23.8714903310769,24.0485149561396,24.1628960219406,24.1369116310709,24.16809210295,24.0901229747396,24.0120939477021,24.02250128355,24.1628960219406,24.017297749009,24.0901229747396,24.1628960219406,24.1005223164376,24.2252314710217,24.0537168909092,24.017297749009,24.1473061847397,24.0068898795898,24.017297749009,24.02250128355,23.9860709383021,23.9496275099604,24.0485149561396,23.9496275099604,24.1576996752618,24.2044572345467,24.1888737710728,24.1161193330435,24.2252314710217,24.2460014642685,24.2096511916044,24.2252314710217,24.0797225681742,24.0745219654683,24.0641199610143,24.0589185591878,24.1161193330435,24.017297749009,24.1109205935815,24.032907552491,24.220038309803,24.0381102869696,24.16809210295,24.0537168909092,24.032907552491,24.1369116310709,24.1005223164376,24.0953227786774,24.1421090408181,24.3082860095273,24.2563848704595,24.313474667603,24.3705324552306,24.3705324552306,24.313474667603,24.1888737710728,24.3757179413665,24.235616997893,24.2252314710217,24.3030970868713,24.2096511916044,24.220038309803,24.2304243670388,24.2460014642685,24.261576176083,24.3342266548802,24.3601606905737,24.2460014642685,24.2044572345467,24.1109205935815,24.1576996752618,24.0953227786774,24.1421090408181,24.2148448833435,24.2252314710217,24.2408093636233,24.2252314710217,24.3446010620456,24.2875287310348,24.3342266548802,24.2511932998677,24.2252314710217,24.1005223164376,24.3238511901693,24.2771485035319,24.4379231880585,24.2927184476639,24.3186630611374,24.2563848704595,24.2563848704595,24.4016414116675,24.3342266548802,24.3705324552306,24.4120089523324,24.2719579925803,24.2460014642685,24.4275582848784,24.4327408682945,24.3342266548802,24.313474667603,24.3653467049792,24.2460014642685,24.2823387496704,24.16809210295,24.266767216777,24.2979078995965,24.3497878691456,24.3549744119754,24.220038309803,24.3186630611374,24.3342266548802,24.3394139906367,24.3809031634257,24.3497878691456,24.313474667603,24.261576176083,24.2875287310348,24.3082860095273,24.2563848704595,24.2511932998677,24.4379231880585,24.3446010620456,24.2719579925803,24.266767216777,24.2096511916044,24.1784834681163,24.1317139554589,24.1421090408181,24.0901229747396,24.1525030628745,24.1317139554589,24.1992630121316,24.220038309803,24.1057215880592,24.19406852432,24.19406852432,24.1784834681163,24.1992630121316,24.19406852432,24.1421090408181,24.0745219654683,24.2148448833435,24.2148448833435,24.261576176083,24.2304243670388,24.2719579925803,24.2823387496704,24.2096511916044,24.1576996752618,24.1161193330435,24.2304243670388,24.235616997893,24.2148448833435,24.1836787523513,24.220038309803,24.2511932998677,24.2511932998677,24.1057215880592,24.235616997893,24.1265160139431,24.1265160139431,24.1213178064842,24.1421090408181,24.1576996752618,24.1265160139431,24.2044572345467,24.2044572345467,24.2875287310348,24.235616997893,24.235616997893,24.2096511916044,24.2044572345467,24.261576176083,24.3809031634257,24.19406852432,24.2823387496704,24.266767216777,24.1161193330435,24.017297749009,24.0745219654683,24.1836787523513,24.2823387496704,24.3809031634257,24.2044572345467,24.266767216777,24.4275582848784,24.598444539334,24.7587137017957,24.7483813439431,24.836173098535,24.8516579356668,24.8155229994525,24.8516579356668,24.8723007375455,24.8155229994525,24.836173098535,24.8929393729232
23.6419397471125,23.7828619938962,24.02250128355,24.0641199610143,24.0797225681742,24.0797225681742,24.1317139554589,24.2252314710217,24.1265160139431,24.1421090408181,24.1109205935815,24.1421090408181,24.1784834681163,24.0693210964281,24.02250128355,24.0589185591878,24.1576996752618,24.0953227786774,24.1161193330435,24.0433127548394,23.9235884721781,23.9392126969559,24.032907552491,24.0849229045849,24.1317139554589,24.313474667603,24.2771485035319,24.4327408682945,24.1369116310709,24.16809210295,24.1161193330435,24.1005223164376,24.1005223164376,24.0745219654683,24.1421090408181,24.1576996752618,23.9860709383021,24.0120939477021,24.0016855446331,23.9860709383021,23.8871225842407,23.8297925334724,23.9548345155266,23.9756598658044,23.9652477249841,24.0016855446331,24.19406852432,24.261576176083,24.0277045513642,24.0277045513642,24.0485149561396,24.1992630121316,24.0797225681742,23.9287968145261,24.032907552491,23.9756598658044,24.2252314710217,24.0381102869696,24.0693210964281,24.0797225681742,24.1525030628745,24.1213178064842,24.0016855446331,24.1784834681163,24.0953227786774,24.1576996752618,24.1576996752618,24.2252314710217,24.2460014642685,24.2044572345467,23.9704539289542,24.0016855446331,24.1005223164376,24.0953227786774,24.0693210964281,24.0849229045849,24.1213178064842,24.1836787523513,24.0485149561396,24.0068898795898,24.1005223164376,24.0016855446331,24.017297749009,24.017297749009,24.1057215880592,24.1473061847397,24.1369116310709,24.0849229045849,24.1369116310709,24.0849229045849,24.0797225681742,24.2771485035319,24.4431052442089,24.5725710861868,24.588095945611,24.6398284203822,24.5000904743927,24.4586498313649,24.5000904743927,24.5415142757223,24.3860881214467,24.3394139906367,24.1265160139431,24.2304243670388,24.220038309803,24.1836787523513,24.2511932998677,24.2511932998677,24.1317139554589,24.3497878691456,24.1992630121316,24.2148448833435,24.2148448833435,24.1421090408181,24.1732879183289,24.220038309803,24.0953227786774,24.2096511916044,24.2460014642685,24.2096511916044,24.2719579925803,24.2563848704595,24.2719579925803,24.3238511901693,24.2408093636233,24.2719579925803,24.3030970868713,24.2148448833435,24.2771485035319,24.4379231880585,24.313474667603,24.2304243670388,24.3601606905737,24.3238511901693,24.4016414116675,24.4223754377718,24.3186630611374,24.3549744119754,24.3446010620456,24.4068253139224,24.3082860095273,24.3186630611374,24.3705324552306,24.313474667603,24.235616997893,24.2563848704595,24.2563848704595,24.3186630611374,24.3290390547373,24.2096511916044,24.313474667603,24.261576176083,24.261576176083,24.2408093636233,24.261576176083,24.3446010620456,24.3497878691456,24.2148448833435,24.3186630611374,24.3186630611374,24.266767216777,24.261576176083,24.2875287310348,24.261576176083,24.266767216777,24.2460014642685,24.1992630121316,24.2096511916044,24.266767216777,24.1317139554589,24.1784834681163,24.1888737710728,24.1576996752618,24.2096511916044,24.1836787523513,24.1992630121316,24.261576176083,24.1317139554589,24.0953227786774,24.0433127548394,24.1005223164376,24.0745219654683,24.1888737710728,24.19406852432,24.1836787523513,24.2252314710217,24.3705324552306,24.266767216777,24.2304243670388,24.3082860095273,24.2044572345467,24.1369116310709,24.220038309803,24.2148448833435,24.19406852432,24.1836787523513,24.235616997893,24.2304243670388,24.19406852432,24.235616997893,24.313474667603,24.2252314710217,24.261576176083,24.1836787523513,24.0953227786774,24.2044572345467,24.1005223164376,24.1576996752618,24.2252314710217,24.2096511916044,24.2823387496704,24.2148448833435,24.2252314710217,24.2771485035319,24.1888737710728,24.261576176083,24.2823387496704,24.3497878691456,24.2771485035319,24.220038309803,24.16809210295,24.0068898795898,24.02250128355,24.1784834681163,24.3446010620456,24.2823387496704,24.3082860095273,24.3030970868713,24.4379231880585,24.5415142757223,24.7793752829217,24.7793752829217,24.7432147730614,24.7897045068028,24.7535476535085,24.9238895190908,24.8155229994525,24.8877801045559,24.8568190268782,24.8464965838976
23.6732727602916,23.7254729028382,23.8819121009899,24.0068898795898,23.9444202371166,24.1421090408181,24.1628960219406,24.1784834681163,24.1576996752618,24.1836787523513,24.0537168909092,24.0641199610143,24.1369116310709,24.1421090408181,24.0381102869696,24.0641199610143,24.0381102869696,24.0641199610143,24.0693210964281,24.0120939477021,24.0745219654683,23.9600412538547,24.1109205935815,24.2408093636233,24.220038309803,24.2460014642685,24.2563848704595,24.3238511901693,24.1836787523513,24.1525030628745,24.2148448833435,24.16809210295,24.0068898795898,24.0953227786774,24.2875287310348,24.0641199610143,24.0641199610143,23.9652477249841,23.9964809427924,24.032907552491,23.9287968145261,23.8662790443357,23.9912760740285,23.9600412538547,23.9756598658044,23.9652477249841,24.032907552491,24.1732879183289,24.0381102869696,24.1369116310709,24.0953227786774,24.16809210295,23.9756598658044,23.9287968145261,23.9027524276446,24.0485149561396,23.8871225842407,23.9235884721781,23.9444202371166,24.0537168909092,24.1005223164376,24.0068898795898,24.1265160139431,24.2096511916044,24.1473061847397,24.1992630121316,24.1888737710728,24.19406852432,24.261576176083,24.261576176083,24.2563848704595,24.261576176083,24.1213178064842,24.0745219654683,24.0745219654683,24.2771485035319,24.1421090408181,24.0589185591878,24.0537168909092,24.0485149561396,24.02250128355,24.0485149561396,24.0068898795898,24.017297749009,24.0277045513642,24.1473061847397,24.1213178064842,24.1473061847397,24.0641199610143,24.1525030628745,24.0589185591878,24.3342266548802,24.6294840235847,24.6605140688826,24.7277134921382,24.7690450146872,24.7225458756109,24.5415142757223,24.5208044790397,24.5673956078683,24.4690115721079,24.4327408682945,24.3394139906367,24.4068253139224,24.3082860095273,24.2823387496704,24.2252314710217,24.220038309803,24.2252314710217,24.2719579925803,24.19406852432,24.1525030628745,24.1369116310709,24.1784834681163,24.19406852432,24.1161193330435,24.2044572345467,24.220038309803,24.1421090408181,24.220038309803,24.2304243670388,24.261576176083,24.266767216777,24.2875287310348,24.1992630121316,24.2096511916044,24.235616997893,24.235616997893,24.0797225681742,24.2979078995965,24.3082860095273,24.2304243670388,24.4275582848784,24.4223754377718,24.4793722593216,24.4120089523324,24.3394139906367,24.3342266548802,24.2563848704595,24.3860881214467,24.3549744119754,24.4327408682945,24.4379231880585,24.3705324552306,24.2979078995965,24.2304243670388,24.2979078995965,24.2096511916044,24.1836787523513,24.2771485035319,24.266767216777,24.2875287310348,24.1992630121316,24.235616997893,24.1992630121316,24.3549744119754,24.2304243670388,24.2823387496704,24.2563848704595,24.2563848704595,24.2771485035319,24.2823387496704,24.2875287310348,24.2408093636233,24.235616997893,24.235616997893,24.235616997893,24.2304243670388,24.1732879183289,24.220038309803,24.2304243670388,24.2044572345467,24.0381102869696,24.2148448833435,24.1213178064842,24.1628960219406,24.1576996752618,24.0901229747396,24.16809210295,24.0849229045849,24.1109205935815,24.1057215880592,24.16809210295,24.2511932998677,24.1888737710728,24.3446010620456,24.19406852432,24.3860881214467,24.2252314710217,24.2460014642685,24.220038309803,24.2148448833435,24.2304243670388,24.1005223164376,24.1473061847397,24.1576996752618,24.2148448833435,24.220038309803,24.220038309803,24.3082860095273,24.2823387496704,24.2927184476639,24.1317139554589,24.1369116310709,24.0485149561396,24.0693210964281,24.1576996752618,24.2927184476639,24.2511932998677,24.1784834681163,24.2719579925803,24.1992630121316,24.220038309803,24.1992630121316,24.2408093636233,24.2719579925803,24.3394139906367,24.4482870367845,24.3809031634257,24.3186630611374,24.16809210295,24.2563848704595,24.0277045513642,24.0745219654683,24.2044572345467,24.1992630121316,24.2096511916044,24.2823387496704,24.4431052442089,24.6294840235847,24.7173779975772,24.7328808471969,24.8155229994525,24.7638794888426,24.836173098535,24.7948687272058,24.8774607869049,24.8310109648659,24.954830304227,24.9909160664447
23.9912760740285,23.9183798623554,23.756780074744,23.8975427475285,24.0381102869696,24.0589185591878,24.1732879183289,24.2044572345467,24.2044572345467,24.19406852432,24.1317139554589,24.1525030628745,24.1576996752618,24.1473061847397,24.0901229747396,24.0381102869696,24.0953227786774,23.9808655355738,24.0589185591878,24.0641199610143,24.0797225681742,24.0277045513642,24.1265160139431,24.2511932998677,24.1161193330435,24.1109205935815,24.1473061847397,24.3497878691456,24.1576996752618,24.19406852432,24.017297749009,24.1888737710728,24.0953227786774,24.16809210295,24.19406852432,24.1473061847397,24.0433127548394,24.1213178064842,24.0485149561396,23.9912760740285,23.9392126969559,23.8402185911997,23.9444202371166,24.0016855446331,24.02250128355,23.9860709383021,24.0016855446331,24.032907552491,24.0120939477021,23.8402185911997,23.9912760740285,23.9912760740285,23.9548345155266,23.8610674896852,23.9392126969559,23.8245791023491,23.9652477249841,23.9392126969559,23.9652477249841,23.9444202371166,24.02250128355,23.9860709383021,24.1525030628745,24.1317139554589,24.1421090408181,24.0745219654683,24.0068898795898,24.1473061847397,24.261576176083,24.1836787523513,24.2044572345467,24.261576176083,23.9548345155266,24.0381102869696,24.0485149561396,24.2719579925803,24.1836787523513,24.1732879183289,24.0433127548394,24.2148448833435,24.2252314710217,24.2252314710217,24.0641199610143,24.1109205935815,24.0381102869696,24.2511932998677,24.1525030628745,24.1525030628745,24.0901229747396,24.1576996752618,24.02250128355,24.19406852432,24.5052693701856,24.5156263724707,24.6294840235847,24.7432147730614,24.7380479408253,24.7483813439431,24.4638308334468,24.4949113154483,24.417192326936,24.3653467049792,24.2408093636233,24.3601606905737,24.2408093636233,24.2304243670388,24.220038309803,24.2252314710217,24.3030970868713,24.2044572345467,24.2460014642685,24.1784834681163,24.1576996752618,24.220038309803,24.1473061847397,24.1109205935815,24.313474667603,24.1784834681163,24.1992630121316,24.1992630121316,24.261576176083,24.3860881214467,24.3497878691456,24.3705324552306,24.3238511901693,24.3653467049792,24.4482870367845,24.3705324552306,24.3082860095273,24.3653467049792,24.2927184476639,24.3082860095273,24.3497878691456,24.4016414116675,24.3290390547373,24.3186630611374,24.235616997893,24.4586498313649,24.3342266548802,24.3860881214467,24.2927184476639,24.2460014642685,24.2563848704595,24.2823387496704,24.3186630611374,24.2563848704595,24.2771485035319,24.2979078995965,24.2875287310348,24.2927184476639,24.3601606905737,24.2460014642685,24.266767216777,24.3809031634257,24.3082860095273,24.3186630611374,24.3653467049792,24.3446010620456,24.3030970868713,24.2408093636233,24.2979078995965,24.3446010620456,24.2460014642685,24.2563848704595,24.2252314710217,24.1732879183289,24.220038309803,24.2304243670388,24.1784834681163,24.2408093636233,24.2408093636233,24.220038309803,24.1784834681163,24.0797225681742,24.1836787523513,24.0485149561396,24.0901229747396,24.1473061847397,24.1109205935815,24.1576996752618,24.3342266548802,24.1369116310709,24.2044572345467,24.2460014642685,24.1628960219406,24.220038309803,24.1836787523513,24.2252314710217,24.2927184476639,24.1576996752618,24.220038309803,24.2979078995965,24.1576996752618,24.0901229747396,24.1784834681163,24.2460014642685,24.1784834681163,24.1992630121316,24.2304243670388,24.3030970868713,24.261576176083,24.266767216777,24.1317139554589,24.1265160139431,24.0589185591878,24.1005223164376,24.1525030628745,24.2823387496704,24.2979078995965,24.3186630611374,24.19406852432,24.0277045513642,24.220038309803,24.266767216777,24.235616997893,24.3446010620456,24.3394139906367,24.1888737710728,24.3653467049792,24.1992630121316,24.1421090408181,24.1836787523513,24.1473061847397,24.1888737710728,24.2408093636233,24.2252314710217,24.2771485035319,24.19406852432,24.4638308334468,24.7225458756109,24.8310109648659,24.7845400253874,24.8206859153626,24.6967038696157,24.8310109648659,24.8671404277798,24.8051963851263,24.7897045068028,24.8206859153626,24.7535476535085
23.8923327997404,23.9235884721781,23.7724300321434,23.7932928814756,23.8819121009899,23.9912760740285,24.0016855446331,24.0433127548394,24.1109205935815,23.9912760740285,24.032907552491,24.0745219654683,24.0537168909092,24.1525030628745,24.1265160139431,24.0120939477021,24.032907552491,24.0485149561396,23.9964809427924,23.9340048894389,23.8975427475285,23.9027524276446,23.7672136483527,23.9860709383021,24.1732879183289,24.235616997893,24.2044572345467,24.261576176083,24.2563848704595,24.19406852432,24.1888737710728,24.1109205935815,24.1576996752618,24.1317139554589,24.0016855446331,24.0901229747396,24.0485149561396,24.032907552491,24.02250128355,23.8610674896852,23.8297925334724,23.9964809427924,23.9600412538547,24.0068898795898,24.032907552491,24.0120939477021,24.02250128355,24.032907552491,24.0277045513642,23.9444202371166,24.0068898795898,23.9808655355738,24.0537168909092,23.9340048894389,24.0849229045849,23.8975427475285,23.9600412538547,23.9183798623554,23.8402185911997,24.0433127548394,24.032907552491,23.9964809427924,24.1421090408181,24.1265160139431,24.1317139554589,24.1992630121316,24.1473061847397,24.4690115721079,24.3394139906367,24.0433127548394,24.1836787523513,24.3705324552306,24.220038309803,23.9756598658044,24.2979078995965,24.3705324552306,24.2252314710217,24.3653467049792,24.19406852432,24.0016855446331,24.02250128355,24.1005223164376,24.2304243670388,24.0745219654683,24.1057215880592,24.1784834681163,24.1836787523513,24.0901229747396,24.2044572345467,24.1421090408181,24.1317139554589,24.1992630121316,24.2096511916044,24.2719579925803,24.2148448833435,24.3238511901693,24.525982322611,24.4845522079513,24.4949113154483,24.4638308334468,24.3809031634257,24.3342266548802,24.2096511916044,24.2148448833435,24.261576176083,24.3082860095273,24.2044572345467,24.3082860095273,24.2875287310348,24.1992630121316,24.0745219654683,24.2044572345467,24.1784834681163,24.2252314710217,24.1213178064842,24.0589185591878,24.1421090408181,24.1784834681163,24.220038309803,24.19406852432,24.3809031634257,24.4016414116675,24.2460014642685,24.3186630611374,24.261576176083,24.1784834681163,24.2096511916044,24.3082860095273,24.2875287310348,24.2719579925803,24.220038309803,24.2460014642685,24.2823387496704,24.3705324552306,24.313474667603,24.3030970868713,24.2148448833435,24.2096511916044,24.313474667603,24.4534685658236,24.3342266548802,24.3394139906367,24.396457245529,24.235616997893,24.3030970868713,24.1992630121316,24.2096511916044,24.266767216777,24.2563848704595,24.2460014642685,24.1888737710728,24.2511932998677,24.313474667603,24.3082860095273,24.2875287310348,24.3082860095273,24.266767216777,24.2148448833435,24.2719579925803,24.3549744119754,24.3082860095273,24.2408093636233,24.2719579925803,24.2408093636233,24.2563848704595,24.2875287310348,24.235616997893,24.1784834681163,24.1576996752618,24.2252314710217,24.1992630121316,24.2096511916044,24.1265160139431,24.0849229045849,24.1421090408181,24.0433127548394,24.1836787523513,24.1109205935815,24.0381102869696,24.1213178064842,24.1213178064842,24.220038309803,24.3030970868713,24.2563848704595,24.3342266548802,24.261576176083,24.2927184476639,24.3757179413665,24.3394139906367,24.1005223164376,24.235616997893,24.2511932998677,24.220038309803,24.1369116310709,24.1109205935815,24.1836787523513,24.2044572345467,24.0693210964281,24.19406852432,24.2304243670388,24.2252314710217,24.0849229045849,24.1836787523513,24.16809210295,24.0381102869696,24.1836787523513,24.0849229045849,24.2511932998677,24.266767216777,24.3238511901693,24.3030970868713,24.1576996752618,24.1732879183289,24.2927184476639,24.220038309803,24.3238511901693,24.2096511916044,24.2148448833435,24.2719579925803,24.261576176083,24.1836787523513,24.2927184476639,24.1473061847397,24.1836787523513,24.19406852432,24.2044572345467,24.2304243670388,24.266767216777,24.4534685658236,24.7122098579989,24.7845400253874,24.8206859153626,24.7587137017957,24.7897045068028,24.7948687272058,24.7948687272058,24.8774607869049,24.8516579356668,24.918731811688,24.918731811688
23.9600412538547,24.0068898795898,23.9392126969559,23.8819121009899,23.7515628848466,23.855855667086,24.0537168909092,24.0641199610143,23.9131709850186,24.1888737710728,24.1576996752618,24.19406852432,24.16809210295,24.1628960219406,24.1525030628745,24.261576176083,24.1317139554589,24.0120939477021,23.8767013499485,24.1161193330435,23.9392126969559,23.9704539289542,23.9600412538547,24.0953227786774,24.1161193330435,24.2511932998677,24.1369116310709,24.1473061847397,24.1784834681163,24.0016855446331,24.1836787523513,24.1576996752618,24.1161193330435,24.0901229747396,24.0693210964281,24.1421090408181,24.1213178064842,24.0277045513642,24.0537168909092,24.0537168909092,23.8975427475285,24.017297749009,24.017297749009,23.8923327997404,24.0381102869696,24.1109205935815,24.0120939477021,24.032907552491,24.1057215880592,24.1369116310709,24.2044572345467,24.0797225681742,23.9912760740285,24.1109205935815,24.1213178064842,24.0641199610143,23.9548345155266,24.0537168909092,23.9340048894389,24.0745219654683,24.2096511916044,24.0693210964281,24.032907552491,24.017297749009,23.9652477249841,24.2148448833435,24.02250128355,24.2096511916044,24.2252314710217,24.2563848704595,24.0797225681742,24.5156263724707,24.3757179413665,24.2304243670388,24.266767216777,24.3290390547373,24.3601606905737,24.3549744119754,24.3757179413665,24.1265160139431,24.2044572345467,24.4327408682945,24.261576176083,24.0797225681742,24.2096511916044,24.1628960219406,24.1992630121316,24.0693210964281,24.1369116310709,24.3290390547373,24.0641199610143,24.0381102869696,24.2719579925803,24.220038309803,24.2148448833435,24.1161193330435,24.3290390547373,24.3912728154683,24.4741920473867,24.5363372209139,24.3446010620456,24.2096511916044,24.2252314710217,24.1992630121316,24.2148448833435,24.2252314710217,24.2252314710217,24.235616997893,24.2979078995965,24.2044572345467,24.1888737710728,24.2252314710217,24.2460014642685,24.2460014642685,24.2408093636233,24.235616997893,24.0537168909092,24.0589185591878,24.2408093636233,24.396457245529,24.4016414116675,24.4431052442089,24.3082860095273,24.2408093636233,24.2408093636233,24.235616997893,24.2511932998677,24.235616997893,24.4275582848784,24.2563848704595,24.19406852432,24.3186630611374,24.2563848704595,24.2771485035319,24.3342266548802,24.3394139906367,24.2979078995965,24.3290390547373,24.313474667603,24.3394139906367,24.3290390547373,24.3238511901693,24.3549744119754,24.4482870367845,24.235616997893,24.3394139906367,24.3601606905737,24.3601606905737,24.2252314710217,24.3757179413665,24.2771485035319,24.2408093636233,24.2563848704595,24.3030970868713,24.3290390547373,24.3082860095273,24.2875287310348,24.2979078995965,24.3186630611374,24.2148448833435,24.2771485035319,24.2563848704595,24.19406852432,24.220038309803,24.1888737710728,24.2823387496704,24.2096511916044,24.235616997893,24.1628960219406,24.19406852432,24.1888737710728,24.2460014642685,24.2096511916044,24.1992630121316,24.16809210295,24.0433127548394,24.0953227786774,24.1213178064842,24.02250128355,24.0641199610143,24.1265160139431,24.1005223164376,24.19406852432,24.3186630611374,24.2875287310348,24.2563848704595,24.2927184476639,24.3757179413665,24.2875287310348,24.2823387496704,24.261576176083,24.261576176083,24.2771485035319,24.0901229747396,24.1421090408181,24.1836787523513,24.16809210295,24.0693210964281,24.2408093636233,24.2252314710217,24.220038309803,24.1992630121316,24.2044572345467,24.3030970868713,24.2408093636233,24.0797225681742,24.19406852432,24.235616997893,24.3497878691456,24.2563848704595,24.19406852432,24.220038309803,24.2927184476639,24.2823387496704,24.2511932998677,24.2511932998677,24.1784834681163,24.3082860095273,24.2252314710217,24.3601606905737,24.19406852432,24.2927184476639,24.1784834681163,24.1784834681163,24.1888737710728,24.19406852432,24.2979078995965,24.4638308334468,24.5622198668973,24.7225458756109,24.7535476535085,24.8464965838976,24.7793752829217,24.86197985757,24.9032571289301,24.9909160664447,24.918731811688,25.0424450977087,24.8980983810354,24.9135738442187
23.8610674896852,24.0016855446331,24.02250128355,23.8923327997404,23.730691437042,23.6941560476277,23.9652477249841,24.19406852432,24.0277045513642,24.1525030628745,24.1888737710728,24.1992630121316,24.1576996752618,24.1628960219406,24.1628960219406,24.1628960219406,24.0485149561396,23.9340048894389,24.0120939477021,24.1057215880592,23.9287968145261,23.9912760740285,24.0485149561396,24.1525030628745,24.1992630121316,24.1784834681163,24.1057215880592,24.1784834681163,24.1213178064842,24.1213178064842,24.1161193330435,24.1005223164376,24.1421090408181,24.3446010620456,24.1576996752618,24.02250128355,24.1473061847397,24.2460014642685,24.1369116310709,24.017297749009,23.9756598658044,23.9808655355738,23.9808655355738,23.8767013499485,24.02250128355,24.02250128355,23.8662790443357,23.9756598658044,24.0068898795898,24.0953227786774,24.1109205935815,24.0953227786774,24.0849229045849,23.9444202371166,24.0537168909092,24.1369116310709,24.2044572345467,24.1005223164376,24.0797225681742,24.0537168909092,24.19406852432,24.1628960219406,24.0485149561396,23.756780074744,23.9340048894389,23.9392126969559,24.1473061847397,24.1992630121316,24.2563848704595,24.1421090408181,24.017297749009,24.2044572345467,24.5466910676864,24.4016414116675,24.220038309803,24.1369116310709,24.2252314710217,24.3601606905737,24.3342266548802,24.1992630121316,24.16809210295,24.2511932998677,24.2460014642685,24.1888737710728,24.0381102869696,24.1576996752618,24.1628960219406,24.1473061847397,23.9860709383021,24.032907552491,24.0849229045849,24.0068898795898,24.1317139554589,24.1421090408181,24.3342266548802,24.5156263724707,24.5518675968447,24.7380479408253,24.5415142757223,24.4534685658236,24.235616997893,24.19406852432,24.2148448833435,24.2252314710217,24.1992630121316,24.2044572345467,24.1992630121316,24.1836787523513,24.2304243670388,24.1836787523513,24.16809210295,24.1369116310709,24.2148448833435,24.19406852432,24.1265160139431,24.1265160139431,24.2875287310348,24.1421090408181,24.1057215880592,24.0901229747396,24.16809210295,24.313474667603,24.4016414116675,24.2304243670388,24.2563848704595,24.2979078995965,24.3342266548802,24.2408093636233,24.3705324552306,24.261576176083,24.261576176083,24.2148448833435,24.1888737710728,24.2563848704595,24.2875287310348,24.3238511901693,24.3030970868713,24.3238511901693,24.4845522079513,24.3601606905737,24.2148448833435,24.3497878691456,24.2719579925803,24.2252314710217,24.3653467049792,24.2719579925803,24.3186630611374,24.3549744119754,24.3342266548802,24.2771485035319,24.3186630611374,24.2408093636233,24.3290390547373,24.2511932998677,24.220038309803,24.2563848704595,24.3290390547373,24.3705324552306,24.313474667603,24.3186630611374,24.2408093636233,24.3601606905737,24.266767216777,24.3342266548802,24.2979078995965,24.220038309803,24.1784834681163,24.2719579925803,24.235616997893,24.2460014642685,24.1732879183289,24.19406852432,24.16809210295,24.3030970868713,24.1888737710728,24.1732879183289,24.1473061847397,24.0589185591878,24.032907552491,24.1265160139431,24.1317139554589,24.1473061847397,24.220038309803,24.1576996752618,24.220038309803,24.235616997893,24.3342266548802,24.2460014642685,24.2979078995965,24.2304243670388,24.2511932998677,24.19406852432,24.1784834681163,24.1213178064842,24.0641199610143,24.1109205935815,24.0953227786774,24.1421090408181,24.16809210295,24.0797225681742,24.1576996752618,24.2460014642685,24.1888737710728,24.2096511916044,24.1732879183289,24.1005223164376,24.1784834681163,24.2719579925803,24.2096511916044,24.2823387496704,24.2979078995965,24.220038309803,24.220038309803,24.261576176083,24.2823387496704,24.2823387496704,24.2252314710217,24.0953227786774,24.1836787523513,24.2875287310348,24.19406852432,24.1732879183289,24.1784834681163,24.1525030628745,24.1628960219406,24.1057215880592,24.1317139554589,24.266767216777,24.5415142757223,24.6967038696157,24.68119552596,24.7793752829217,24.7948687272058,24.7742102793675,24.8774607869049,24.8310109648659,24.8774607869049,24.9342041538485,24.7948687272058,24.8671404277798
23.9600412538547,23.9756598658044,24.0277045513642,24.02250128355,23.8714903310769,23.8610674896852,23.7254729028382,23.8767013499485,24.1057215880592,24.1109205935815,24.0797225681742,24.1888737710728,24.0953227786774,24.19406852432,24.1628960219406,24.1369116310709,24.16809210295,24.1473061847397,24.1369116310709,24.1421090408181,23.855855667086,23.8141514353848,24.0277045513642,24.0797225681742,24.1005223164376,24.1525030628745,24.1057215880592,24.1317139554589,24.0953227786774,23.9756598658044,24.0277045513642,24.1109205935815,24.0953227786774,24.235616997893,24.1005223164376,24.266767216777,24.1784834681163,24.220038309803,24.2511932998677,24.0381102869696,24.0485149561396,24.0641199610143,24.0589185591878,24.0120939477021,24.0381102869696,24.0433127548394,24.02250128355,23.9340048894389,23.7254729028382,23.9652477249841,24.1005223164376,24.0277045513642,24.0016855446331,23.9444202371166,24.032907552491,24.1265160139431,24.0953227786774,24.1109205935815,24.0381102869696,24.02250128355,24.2148448833435,24.1784834681163,24.0953227786774,24.0589185591878,23.9235884721781,24.0120939477021,24.19406852432,24.235616997893,24.1836787523513,24.1369116310709,24.1369116310709,24.0120939477021,24.2823387496704,24.2563848704595,24.1213178064842,24.1265160139431,24.2979078995965,24.3497878691456,24.16809210295,24.16809210295,24.220038309803,24.1369116310709,24.1836787523513,24.0433127548394,24.0589185591878,24.1473061847397,24.0381102869696,24.0381102869696,24.1576996752618,24.0589185591878,24.0745219654683,24.0641199610143,23.9548345155266,24.261576176083,24.5518675968447,24.5570438632356,24.5570438632356,24.5311599032229,24.4534685658236,24.2719579925803,24.2875287310348,24.1732879183289,24.1784834681163,24.19406852432,24.1784834681163,24.2096511916044,24.19406852432,24.2875287310348,24.313474667603,24.1888737710728,24.2044572345467,24.1525030628745,24.1888737710728,24.2096511916044,24.0797225681742,24.0849229045849,24.2927184476639,24.2875287310348,24.1005223164376,24.2875287310348,24.3030970868713,24.2823387496704,24.313474667603,24.1265160139431,24.3653467049792,24.2460014642685,24.2460014642685,24.2304243670388,24.2044572345467,24.3549744119754,24.2096511916044,24.261576176083,24.2408093636233,24.1888737710728,24.235616997893,24.2875287310348,24.2771485035319,24.2563848704595,24.3497878691456,24.3238511901693,24.2563848704595,24.2563848704595,24.19406852432,24.19406852432,24.2511932998677,24.3705324552306,24.3238511901693,24.2096511916044,24.3290390547373,24.2148448833435,24.3394139906367,24.3549744119754,24.3446010620456,24.3238511901693,24.3446010620456,24.2252314710217,24.2927184476639,24.2927184476639,24.3394139906367,24.2771485035319,24.2563848704595,24.3238511901693,24.261576176083,24.266767216777,24.3030970868713,24.2044572345467,24.3446010620456,24.235616997893,24.2096511916044,24.1992630121316,24.2148448833435,24.2563848704595,24.1992630121316,24.1888737710728,24.1265160139431,24.0745219654683,24.1369116310709,24.0953227786774,24.017297749009,24.0953227786774,24.1005223164376,24.1421090408181,24.261576176083,24.2563848704595,24.2511932998677,24.220038309803,24.2927184476639,24.2148448833435,24.2252314710217,24.2771485035319,24.2511932998677,24.2563848704595,24.2044572345467,24.1888737710728,24.1421090408181,24.0641199610143,24.0641199610143,24.1836787523513,24.0797225681742,24.1732879183289,24.1992630121316,24.235616997893,24.1836787523513,24.1888737710728,24.0641199610143,24.0693210964281,24.0849229045849,24.1992630121316,24.2096511916044,24.2148448833435,24.1888737710728,24.220038309803,24.0693210964281,24.0641199610143,24.261576176083,24.3290390547373,24.2044572345467,24.1888737710728,24.2511932998677,24.1992630121316,24.1628960219406,24.1317139554589,24.0849229045849,24.1213178064842,24.1265160139431,24.16809210295,24.1421090408181,24.2511932998677,24.3757179413665,24.5363372209139,24.8774607869049,24.7587137017957,24.8774607869049,24.7845400253874,24.7483813439431,24.836173098535,24.7328808471969,24.7948687272058,24.8929393729232,24.8310109648659
23.6889356297228,23.9860709383021,24.0277045513642,23.9756598658044,23.9183798623554,23.8975427475285,23.6837149425584,23.7985079225496,24.1109205935815,24.16809210295,24.1109205935815,24.1888737710728,24.0901229747396,24.1473061847397,24.1992630121316,24.1628960219406,24.0277045513642,23.8767013499485,23.9392126969559,23.9444202371166,23.9600412538547,23.9496275099604,24.0433127548394,24.0016855446331,23.9340048894389,24.0693210964281,24.0016855446331,24.1005223164376,24.1161193330435,24.1109205935815,24.0589185591878,24.0016855446331,24.1213178064842,24.1732879183289,24.1109205935815,24.1369116310709,24.1576996752618,24.1888737710728,24.2823387496704,24.1109205935815,24.0537168909092,23.9964809427924,24.0016855446331,24.0120939477021,24.0381102869696,23.9964809427924,24.0797225681742,24.0849229045849,24.0641199610143,23.9600412538547,23.8714903310769,23.9600412538547,23.9756598658044,23.9704539289542,23.9912760740285,24.220038309803,24.1525030628745,24.2979078995965,24.1213178064842,24.0589185591878,24.1057215880592,24.0016855446331,24.0849229045849,24.1057215880592,24.0745219654683,24.0901229747396,24.16809210295,24.220038309803,24.1265160139431,24.017297749009,24.0797225681742,24.0277045513642,24.1317139554589,24.1161193330435,24.1161193330435,24.1213178064842,24.1213178064842,24.3394139906367,24.1109205935815,24.1265160139431,24.19406852432,24.2252314710217,24.02250128355,24.0277045513642,24.0381102869696,24.0433127548394,24.0537168909092,24.0485149561396,23.9912760740285,24.017297749009,24.0797225681742,24.0745219654683,24.0745219654683,24.2875287310348,24.5725710861868,24.5622198668973,24.4793722593216,24.4845522079513,24.5363372209139,24.2823387496704,24.2979078995965,24.3186630611374,24.3549744119754,24.235616997893,24.16809210295,24.16809210295,24.3082860095273,24.1057215880592,24.266767216777,24.2719579925803,24.2044572345467,24.2044572345467,24.1317139554589,24.2148448833435,24.1057215880592,24.1732879183289,24.2252314710217,24.3030970868713,24.3030970868713,24.4120089523324,24.4120089523324,24.3342266548802,24.3082860095273,24.3186630611374,24.2460014642685,24.1317139554589,24.1576996752618,24.2563848704595,24.1732879183289,24.2927184476639,24.2252314710217,24.2823387496704,24.2511932998677,24.0745219654683,24.0797225681742,24.2148448833435,24.3342266548802,24.313474667603,24.2927184476639,24.3497878691456,24.3549744119754,24.3290390547373,24.2563848704595,24.2252314710217,24.261576176083,24.1784834681163,24.2719579925803,24.2044572345467,24.2460014642685,24.2252314710217,24.3497878691456,24.3497878691456,24.3342266548802,24.3549744119754,24.2875287310348,24.2875287310348,24.2823387496704,24.2563848704595,24.2979078995965,24.2304243670388,24.2719579925803,24.2408093636233,24.1784834681163,24.2408093636233,24.2460014642685,24.2408093636233,24.1992630121316,24.2044572345467,24.1836787523513,24.19406852432,24.1732879183289,24.1836787523513,24.1888737710728,24.1992630121316,24.1732879183289,24.0693210964281,24.0641199610143,24.16809210295,24.0589185591878,24.0433127548394,24.1265160139431,24.235616997893,24.2823387496704,24.1888737710728,24.220038309803,24.2563848704595,24.266767216777,24.2511932998677,24.4638308334468,24.2252314710217,24.1732879183289,24.2823387496704,24.0433127548394,24.1992630121316,24.1732879183289,24.2148448833435,24.16809210295,24.16809210295,24.0693210964281,24.1213178064842,24.16809210295,24.1732879183289,23.9964809427924,24.2096511916044,24.1888737710728,24.0901229747396,24.1992630121316,24.1628960219406,24.1888737710728,24.3446010620456,24.2044572345467,24.2252314710217,24.1628960219406,24.2044572345467,24.2304243670388,24.3497878691456,24.2408093636233,24.2511932998677,24.1421090408181,24.16809210295,24.1836787523513,24.1265160139431,24.1525030628745,24.1369116310709,24.1525030628745,24.1265160139431,24.1317139554589,24.2511932998677,24.266767216777,24.5622198668973,24.7070414568379,24.7638794888426,24.7483813439431,24.8103598227198,24.8413349715329,24.8000326866343,24.9806071469274,24.8051963851263,24.9909160664447,24.7793752829217
23.9392126969559,23.8037226951994,23.8610674896852,23.9183798623554,23.9964809427924,23.9912760740285,24.0068898795898,23.8767013499485,23.9027524276446,23.9079618401281,24.0068898795898,24.16809210295,24.0537168909092,23.8245791023491,23.855855667086,23.9964809427924,23.8245791023491,23.6628295005078,23.652385162888,23.7985079225496,23.9235884721781,24.032907552491,24.0693210964281,24.0537168909092,24.0381102869696,24.1369116310709,24.0797225681742,24.032907552491,24.1888737710728,24.1576996752618,24.0485149561396,23.8662790443357,23.8662790443357,24.0120939477021,24.1525030628745,24.1109205935815,24.1836787523513,24.1992630121316,24.2771485035319,24.2460014642685,24.0693210964281,23.9808655355738,24.0537168909092,23.855855667086,23.9548345155266,24.1732879183289,24.0433127548394,24.0589185591878,23.9548345155266,23.9756598658044,23.8767013499485,24.1161193330435,23.9704539289542,23.9496275099604,24.0485149561396,24.0901229747396,24.2148448833435,24.2148448833435,23.9392126969559,23.9912760740285,24.0901229747396,24.0381102869696,24.0277045513642,23.9444202371166,24.0277045513642,24.0589185591878,24.2563848704595,24.0485149561396,23.8141514353848,24.1057215880592,24.1161193330435,24.017297749009,24.1109205935815,24.1265160139431,24.0589185591878,24.0381102869696,24.1265160139431,24.1109205935815,24.1317139554589,24.1317139554589,24.1628960219406,24.1628960219406,24.0901229747396,24.2252314710217,24.1576996752618,24.0485149561396,24.02250128355,24.0381102869696,24.0120939477021,24.0849229045849,23.9704539289542,24.0589185591878,24.0589185591878,24.2823387496704,24.2511932998677,24.2875287310348,24.4120089523324,24.4431052442089,24.266767216777,24.19406852432,24.3394139906367,24.3238511901693,24.2044572345467,24.1369116310709,24.2044572345467,24.1576996752618,24.2823387496704,24.1992630121316,24.3290390547373,24.2460014642685,24.1888737710728,24.1421090408181,24.2148448833435,24.2252314710217,24.1369116310709,24.2304243670388,24.2927184476639,24.3082860095273,24.396457245529,24.6243114319154,24.4534685658236,24.4275582848784,24.6243114319154,24.4120089523324,24.3601606905737,24.4016414116675,24.2096511916044,24.261576176083,24.2148448833435,24.2771485035319,24.3601606905737,24.235616997893,24.3394139906367,24.220038309803,24.0953227786774,24.1161193330435,24.313474667603,24.2304243670388,24.235616997893,24.2408093636233,24.3497878691456,24.3549744119754,24.3653467049792,24.3653467049792,24.2252314710217,24.1888737710728,24.220038309803,24.1628960219406,24.2719579925803,24.261576176083,24.1109205935815,24.2979078995965,24.313474667603,24.3497878691456,24.2719579925803,24.3446010620456,24.3290390547373,24.4016414116675,24.3186630611374,24.3238511901693,24.2252314710217,24.2927184476639,24.261576176083,24.2408093636233,24.3342266548802,24.220038309803,24.261576176083,24.2148448833435,24.2096511916044,24.2304243670388,24.2044572345467,24.1161193330435,24.19406852432,24.0745219654683,24.1525030628745,24.1784834681163,24.1005223164376,24.1525030628745,24.1525030628745,24.235616997893,24.1421090408181,24.2148448833435,24.1109205935815,24.1109205935815,24.3912728154683,24.2719579925803,24.2304243670388,24.1888737710728,24.3912728154683,24.261576176083,24.3238511901693,24.2563848704595,24.2096511916044,24.1992630121316,24.1888737710728,24.2823387496704,24.2979078995965,24.1836787523513,24.220038309803,24.1576996752618,24.1473061847397,24.1576996752618,24.2304243670388,24.0745219654683,24.1005223164376,24.0901229747396,24.1992630121316,24.1784834681163,24.1161193330435,24.220038309803,24.0849229045849,24.16809210295,24.19406852432,24.220038309803,24.2304243670388,24.3186630611374,24.3497878691456,24.3082860095273,24.2771485035319,24.3653467049792,24.2719579925803,24.1421090408181,24.3186630611374,24.1265160139431,24.0797225681742,24.2252314710217,24.2408093636233,24.16809210295,24.261576176083,24.525982322611,24.5518675968447,24.7587137017957,24.8671404277798,24.7432147730614,24.8155229994525,24.8980983810354,24.7948687272058,24.7793752829217,24.8000326866343,24.7948687272058
24.1005223164376,23.8454312178827,23.8350056964094,24.0016855446331,23.9912760740285,24.0016855446331,24.0068898795898,23.9183798623554,24.0120939477021,24.032907552491,24.0901229747396,24.0537168909092,23.9287968145261,24.0589185591878,23.9027524276446,23.8610674896852,23.9652477249841,23.9860709383021,23.9392126969559,23.8819121009899,23.9652477249841,23.9756598658044,23.9235884721781,24.0641199610143,24.0120939477021,23.9340048894389,24.02250128355,24.16809210295,24.2511932998677,24.1265160139431,24.1628960219406,24.0849229045849,23.9964809427924,23.8819121009899,24.1161193330435,24.1213178064842,24.2563848704595,24.1888737710728,24.2979078995965,24.1369116310709,24.0537168909092,23.8297925334724,23.7724300321434,23.9808655355738,23.9912760740285,24.19406852432,24.1265160139431,24.1784834681163,24.0641199610143,24.0537168909092,24.032907552491,24.1576996752618,24.02250128355,24.017297749009,23.9912760740285,24.1628960219406,24.1888737710728,24.2044572345467,24.1732879183289,23.9183798623554,24.0641199610143,24.032907552491,23.9392126969559,24.1576996752618,24.0589185591878,24.1525030628745,24.02250128355,23.9860709383021,24.0745219654683,24.0120939477021,24.0797225681742,24.1057215880592,24.0589185591878,24.1161193330435,23.9808655355738,24.1213178064842,24.1161193330435,24.1732879183289,24.1213178064842,24.1265160139431,24.19406852432,24.0745219654683,24.1525030628745,24.0537168909092,24.0641199610143,24.0953227786774,24.2252314710217,24.0745219654683,24.0537168909092,24.0745219654683,24.0797225681742,24.0277045513642,24.1005223164376,24.0849229045849,24.1109205935815,24.2096511916044,24.2719579925803,24.2304243670388,24.261576176083,24.1628960219406,24.261576176083,24.261576176083,24.0745219654683,24.1057215880592,24.1525030628745,24.1421090408181,24.235616997893,24.266767216777,24.2719579925803,24.3030970868713,24.2044572345467,24.1836787523513,24.1213178064842,24.2304243670388,24.1784834681163,24.2511932998677,24.1525030628745,24.2719579925803,24.3653467049792,24.3653467049792,24.3497878691456,24.3446010620456,24.2719579925803,24.2460014642685,24.4275582848784,24.4068253139224,24.3860881214467,24.2563848704595,24.2408093636233,24.1888737710728,24.3497878691456,24.3497878691456,24.3186630611374,24.2719579925803,24.3860881214467,24.3497878691456,24.3186630611374,24.235616997893,24.3601606905737,24.3601606905737,24.2511932998677,24.2823387496704,24.3082860095273,24.3705324552306,24.3394139906367,24.261576176083,24.1628960219406,24.266767216777,24.2875287310348,24.266767216777,24.266767216777,24.2511932998677,24.2563848704595,24.3497878691456,24.3394139906367,24.3082860095273,24.3030970868713,24.3082860095273,24.2823387496704,24.2979078995965,24.2823387496704,24.313474667603,24.2511932998677,24.2927184476639,24.2979078995965,24.2875287310348,24.3653467049792,24.3342266548802,24.2460014642685,24.2252314710217,24.2304243670388,24.1888737710728,24.0589185591878,24.1628960219406,24.0693210964281,24.1525030628745,24.017297749009,24.0068898795898,24.1057215880592,24.1057215880592,24.1005223164376,24.1888737710728,23.9964809427924,24.220038309803,24.2044572345467,24.266767216777,24.2979078995965,24.261576176083,24.2771485035319,24.3653467049792,24.3238511901693,24.16809210295,24.266767216777,24.0641199610143,24.261576176083,24.313474667603,24.266767216777,24.266767216777,24.235616997893,24.2460014642685,24.1473061847397,24.1525030628745,24.2460014642685,24.1109205935815,24.032907552491,24.0849229045849,24.0381102869696,24.2044572345467,24.1421090408181,24.1005223164376,23.9860709383021,24.1057215880592,23.9756598658044,24.2460014642685,24.2719579925803,24.2096511916044,24.2771485035319,24.2096511916044,24.2044572345467,24.2148448833435,24.2771485035319,24.1109205935815,24.1109205935815,24.0589185591878,24.0745219654683,24.261576176083,24.1473061847397,24.261576176083,24.261576176083,24.4690115721079,24.6450002255868,24.7587137017957,24.7638794888426,24.7845400253874,24.9599861922213,24.8051963851263,24.9342041538485,24.8051963851263,24.918731811688,24.9445177487934
24.1628960219406,23.9496275099604,24.0016855446331,24.0485149561396,24.2148448833435,24.0641199610143,24.2304243670388,24.0277045513642,24.032907552491,23.9548345155266,23.9964809427924,24.1784834681163,24.0797225681742,24.1369116310709,24.1421090408181,24.1317139554589,24.0120939477021,23.9287968145261,24.02250128355,24.017297749009,23.9340048894389,23.9235884721781,23.7672136483527,24.0745219654683,23.9235884721781,23.8350056964094,24.0589185591878,24.1005223164376,24.0277045513642,24.0641199610143,24.1473061847397,24.1369116310709,24.0381102869696,24.1628960219406,24.0433127548394,24.1005223164376,24.0693210964281,24.1888737710728,24.0797225681742,24.0849229045849,24.0485149561396,23.855855667086,23.8767013499485,23.855855667086,23.9600412538547,23.8819121009899,24.0537168909092,24.0953227786774,24.1473061847397,23.9704539289542,24.0068898795898,24.1628960219406,24.0068898795898,24.0641199610143,23.9287968145261,24.0745219654683,24.0589185591878,24.2875287310348,24.2148448833435,24.0797225681742,24.0381102869696,23.9548345155266,24.16809210295,24.1317139554589,23.9496275099604,24.02250128355,24.0016855446331,24.032907552491,24.1005223164376,24.017297749009,24.0797225681742,24.0849229045849,24.0953227786774,24.0693210964281,24.1109205935815,24.1992630121316,24.3549744119754,24.1265160139431,24.1992630121316,24.1473061847397,24.1421090408181,24.1784834681163,24.1109205935815,24.0849229045849,24.0693210964281,24.1005223164376,24.0277045513642,24.2252314710217,24.1992630121316,24.1421090408181,24.1109205935815,24.0797225681742,24.1836787523513,24.0589185591878,24.3030970868713,24.2979078995965,24.1992630121316,24.2148448833435,24.1473061847397,24.1473061847397,24.2563848704595,24.1888737710728,24.1576996752618,24.1161193330435,24.0433127548394,24.1836787523513,24.220038309803,24.1836787523513,24.2096511916044,24.1057215880592,24.2044572345467,24.2096511916044,24.2252314710217,24.2252314710217,24.3860881214467,24.3290390547373,24.2460014642685,24.1473061847397,24.3030970868713,24.3809031634257,24.2875287310348,24.1732879183289,24.3082860095273,24.1732879183289,24.3757179413665,24.1888737710728,24.2304243670388,24.2408093636233,24.1525030628745,24.2460014642685,24.235616997893,24.3082860095273,24.2148448833435,24.2875287310348,24.2096511916044,24.2044572345467,24.2408093636233,24.3809031634257,24.261576176083,24.396457245529,24.2927184476639,24.3601606905737,24.2719579925803,24.2823387496704,24.3601606905737,24.2511932998677,24.3497878691456,24.2771485035319,24.2979078995965,24.1473061847397,24.3342266548802,24.3290390547373,24.2460014642685,24.2460014642685,24.2823387496704,24.2252314710217,24.3082860095273,24.2771485035319,24.2511932998677,24.2460014642685,24.3238511901693,24.2408093636233,24.3186630611374,24.2771485035319,24.2460014642685,24.235616997893,24.2096511916044,24.2252314710217,24.19406852432,24.2511932998677,24.1213178064842,24.1836787523513,24.1576996752618,24.0537168909092,24.1421090408181,24.1369116310709,24.02250128355,23.9860709383021,24.0433127548394,24.1576996752618,24.1836787523513,24.1109205935815,24.2719579925803,24.2511932998677,24.2719579925803,24.3342266548802,24.1992630121316,24.261576176083,24.3082860095273,24.3238511901693,24.313474667603,24.2563848704595,24.1836787523513,24.1836787523513,24.266767216777,24.1784834681163,24.1784834681163,24.1576996752618,24.3342266548802,24.3290390547373,24.1732879183289,24.19406852432,24.1576996752618,24.0433127548394,24.1109205935815,24.1473061847397,24.1421090408181,24.2148448833435,24.1005223164376,24.0953227786774,24.1732879183289,24.0641199610143,23.9912760740285,24.261576176083,24.2771485035319,24.2771485035319,24.3549744119754,24.2875287310348,24.1109205935815,24.1992630121316,24.1732879183289,24.2719579925803,24.2148448833435,24.1057215880592,24.0016855446331,24.3238511901693,24.2719579925803,24.3082860095273,24.3601606905737,24.3601606905737,24.5777463018912,24.7638794888426,24.8516579356668,24.8464965838976,24.8000326866343,24.8568190268782,24.8826205758957,24.9238895190908,24.7793752829217,24.8980983810354
24.0693210964281,24.02250128355,24.0016855446331,23.9444202371166,23.9027524276446,23.9704539289542,23.8871225842407,24.0537168909092,24.0797225681742,24.0641199610143,23.8193654029997,23.8871225842407,24.1576996752618,24.1421090408181,24.1473061847397,24.1057215880592,24.1161193330435,24.017297749009,24.1213178064842,24.02250128355,23.9079618401281,23.7463454261675,23.9027524276446,24.0849229045849,23.9964809427924,23.9444202371166,24.0953227786774,24.235616997893,24.2096511916044,24.2823387496704,24.1784834681163,24.1369116310709,24.1525030628745,24.0537168909092,24.017297749009,24.1525030628745,24.0745219654683,24.0381102869696,24.0797225681742,24.02250128355,24.0068898795898,23.9392126969559,23.8714903310769,23.9704539289542,23.8871225842407,23.9027524276446,24.1265160139431,24.0277045513642,24.0901229747396,24.0016855446331,24.0485149561396,24.0589185591878,24.0277045513642,24.032907552491,23.9183798623554,23.9235884721781,24.0641199610143,24.2875287310348,24.2148448833435,24.220038309803,24.032907552491,23.8245791023491,23.9287968145261,24.032907552491,24.0641199610143,24.032907552491,23.9860709383021,23.9756598658044,24.0641199610143,24.0797225681742,23.9600412538547,24.0901229747396,23.9235884721781,24.0068898795898,24.1836787523513,24.0797225681742,24.2252314710217,24.2096511916044,24.1836787523513,24.1421090408181,24.1057215880592,24.2252314710217,24.1369116310709,24.0797225681742,23.9027524276446,24.0381102869696,24.0641199610143,24.1317139554589,24.1109205935815,24.2511932998677,24.0641199610143,24.1421090408181,24.1265160139431,24.1473061847397,24.0901229747396,24.19406852432,24.1109205935815,24.0797225681742,24.1421090408181,24.2148448833435,24.1265160139431,24.1836787523513,24.0277045513642,24.032907552491,24.0953227786774,24.2304243670388,24.266767216777,24.2719579925803,24.1109205935815,24.2408093636233,24.1784834681163,24.0953227786774,24.1576996752618,24.235616997893,24.266767216777,24.235616997893,24.313474667603,24.2563848704595,24.3757179413665,24.396457245529,24.2719579925803,24.235616997893,24.19406852432,24.1732879183289,24.220038309803,24.2823387496704,24.220038309803,24.2563848704595,24.2096511916044,24.3653467049792,24.3497878691456,24.3186630611374,24.2979078995965,24.2252314710217,24.1732879183289,24.0953227786774,24.2096511916044,24.2771485035319,24.220038309803,24.235616997893,24.2927184476639,24.261576176083,24.4482870367845,24.3394139906367,24.2408093636233,24.2771485035319,24.3394139906367,24.3549744119754,24.2304243670388,24.2148448833435,24.1732879183289,24.220038309803,24.2408093636233,24.2719579925803,24.3290390547373,24.3290390547373,24.3030970868713,24.3653467049792,24.3446010620456,24.3705324552306,24.3394139906367,24.3186630611374,24.2511932998677,24.3082860095273,24.2252314710217,24.266767216777,24.2148448833435,24.261576176083,24.2979078995965,24.235616997893,24.0693210964281,24.2511932998677,24.0589185591878,24.0433127548394,24.032907552491,23.9235884721781,23.9235884721781,23.8402185911997,24.0068898795898,24.1732879183289,24.1265160139431,24.0953227786774,24.1473061847397,24.1992630121316,24.2460014642685,24.2771485035319,24.261576176083,24.2823387496704,24.2927184476639,24.2719579925803,24.3082860095273,24.2148448833435,24.2927184476639,24.2304243670388,24.0901229747396,24.2408093636233,24.2044572345467,24.2875287310348,24.2511932998677,24.1317139554589,24.2771485035319,24.1732879183289,24.1525030628745,24.1473061847397,23.7463454261675,23.537426220416,23.9912760740285,24.1161193330435,24.1784834681163,24.0849229045849,24.1421090408181,24.0693210964281,23.9756598658044,24.0537168909092,24.1005223164376,24.1421090408181,24.1836787523513,24.1161193330435,24.1836787523513,24.1836787523513,24.0537168909092,24.1421090408181,24.1109205935815,24.1005223164376,24.0745219654683,24.1213178064842,24.2408093636233,24.2511932998677,24.266767216777,24.3912728154683,24.6036184425424,24.7742102793675,24.7690450146872,24.7638794888426,24.7948687272058,24.8413349715329,24.8516579356668,24.8258485704877,24.7948687272058,24.9238895190908
24.16809210295,24.0433127548394,24.0745219654683,23.9287968145261,24.02250128355,23.8767013499485,24.0016855446331,24.0797225681742,24.0849229045849,24.017297749009,24.0016855446331,23.8141514353848,23.8662790443357,24.0745219654683,24.0745219654683,24.1317139554589,24.017297749009,24.0120939477021,24.0120939477021,24.0485149561396,24.0901229747396,23.9027524276446,23.8141514353848,23.9131709850186,23.9287968145261,23.9860709383021,24.1888737710728,24.1265160139431,24.2304243670388,24.1525030628745,24.19406852432,24.1473061847397,24.0641199610143,24.0433127548394,24.0120939477021,24.0589185591878,24.0693210964281,24.1473061847397,24.0537168909092,24.032907552491,23.9600412538547,23.9912760740285,23.9340048894389,23.9392126969559,23.9392126969559,24.0433127548394,24.19406852432,24.2044572345467,24.0641199610143,24.16809210295,24.2408093636233,24.1836787523513,24.2408093636233,24.0693210964281,24.0641199610143,24.0120939477021,24.1213178064842,24.2148448833435,24.0953227786774,24.0537168909092,24.0433127548394,24.032907552491,23.9860709383021,24.0068898795898,24.0485149561396,23.9964809427924,23.9860709383021,24.0381102869696,23.9964809427924,23.9183798623554,23.9131709850186,23.9027524276446,24.0016855446331,23.9548345155266,24.1421090408181,24.032907552491,24.1265160139431,24.1109205935815,24.2304243670388,24.0641199610143,24.0589185591878,23.9548345155266,24.1161193330435,24.0745219654683,24.02250128355,24.0537168909092,24.0849229045849,24.1109205935815,24.0797225681742,24.1161193330435,24.032907552491,24.1317139554589,24.1421090408181,24.0589185591878,24.0068898795898,24.0277045513642,24.1369116310709,24.1473061847397,24.1369116310709,24.0433127548394,24.1628960219406,24.1057215880592,24.1005223164376,24.032907552491,24.1576996752618,24.1369116310709,24.1888737710728,24.0589185591878,24.2148448833435,24.1992630121316,24.16809210295,24.1836787523513,24.235616997893,24.3342266548802,24.1992630121316,24.0901229747396,24.261576176083,24.2252314710217,24.235616997893,24.261576176083,24.19406852432,24.2096511916044,24.2252314710217,24.1628960219406,24.220038309803,24.2460014642685,24.2252314710217,24.220038309803,24.2719579925803,24.2875287310348,24.4897318933139,24.4897318933139,24.5622198668973,24.2875287310348,24.2096511916044,24.266767216777,24.2719579925803,24.1888737710728,24.2771485035319,24.3290390547373,24.2771485035319,24.3601606905737,24.3446010620456,24.1473061847397,24.2460014642685,24.2408093636233,24.1628960219406,24.1992630121316,24.2875287310348,24.3394139906367,24.2252314710217,24.2252314710217,24.2252314710217,24.2563848704595,24.3290390547373,24.3290390547373,24.3238511901693,24.3030970868713,24.3342266548802,24.2927184476639,24.3342266548802,24.2460014642685,24.2096511916044,24.2979078995965,24.19406852432,24.1628960219406,24.2823387496704,24.2044572345467,24.1213178064842,24.1161193330435,24.1005223164376,24.2511932998677,24.0797225681742,24.1473061847397,24.1265160139431,24.1213178064842,24.1109205935815,24.0485149561396,24.1421090408181,24.1576996752618,24.1628960219406,24.16809210295,24.1317139554589,24.1628960219406,24.2460014642685,24.2823387496704,24.3238511901693,24.0901229747396,24.2096511916044,24.1005223164376,24.1576996752618,24.2460014642685,24.16809210295,24.1784834681163,24.19406852432,24.16809210295,24.2044572345467,24.1576996752618,24.2252314710217,24.1265160139431,24.1057215880592,24.1525030628745,24.0433127548394,24.1576996752618,23.9444202371166,22.7290247292594,23.3856893874612,23.8402185911997,24.1732879183289,24.1628960219406,23.9756598658044,24.0797225681742,24.1005223164376,24.017297749009,24.1005223164376,24.0745219654683,24.0849229045849,24.1628960219406,24.1576996752618,24.0433127548394,24.1317139554589,24.1836787523513,24.1213178064842,24.235616997893,24.1057215880592,24.3030970868713,24.2823387496704,24.3238511901693,24.4016414116675,24.4016414116675,24.4120089523324,24.6398284203822,24.7845400253874,24.836173098535,24.8413349715329,24.9135738442187,24.8464965838976,24.918731811688,24.8980983810354,24.8155229994525
24.313474667603,24.2044572345467,24.1369116310709,24.0745219654683,24.0745219654683,24.0901229747396,24.0797225681742,23.9600412538547,24.0797225681742,24.0641199610143,23.9444202371166,23.8871225842407,23.7776461473113,23.8662790443357,24.1005223164376,24.0433127548394,23.9340048894389,24.0433127548394,24.1161193330435,24.1576996752618,24.1161193330435,24.0589185591878,23.7515628848466,23.7619969958994,23.7776461473113,24.1213178064842,24.1161193330435,24.235616997893,24.1005223164376,24.0693210964281,24.0381102869696,24.1525030628745,24.032907552491,23.9652477249841,24.0485149561396,24.1161193330435,24.1109205935815,24.0485149561396,24.032907552491,24.1628960219406,24.0797225681742,23.9548345155266,23.9131709850186,23.9235884721781,23.9287968145261,24.0381102869696,24.2252314710217,24.1369116310709,24.2408093636233,24.1057215880592,24.1317139554589,24.0901229747396,24.1628960219406,24.0589185591878,24.0641199610143,24.2044572345467,24.3809031634257,24.0381102869696,24.1109205935815,23.9548345155266,23.8714903310769,23.9027524276446,24.0068898795898,24.1109205935815,24.1109205935815,24.017297749009,24.0849229045849,24.0120939477021,24.0433127548394,24.0901229747396,23.9183798623554,23.8610674896852,24.16809210295,23.9392126969559,24.1109205935815,24.1317139554589,24.1161193330435,24.1525030628745,24.2304243670388,24.2511932998677,24.1213178064842,24.2044572345467,24.0797225681742,24.1628960219406,24.0589185591878,24.0537168909092,24.0433127548394,24.0537168909092,24.1421090408181,24.1265160139431,24.1265160139431,24.1317139554589,24.1576996752618,24.1784834681163,24.1576996752618,24.2044572345467,24.1888737710728,24.1265160139431,24.0381102869696,24.0433127548394,24.19406852432,24.1836787523513,24.0693210964281,24.0745219654683,24.2460014642685,24.0953227786774,24.266767216777,24.2148448833435,24.19406852432,24.2096511916044,24.1732879183289,24.3653467049792,24.3394139906367,24.3290390547373,24.2460014642685,24.2408093636233,24.4068253139224,24.261576176083,24.2096511916044,24.2511932998677,24.2771485035319,24.3809031634257,24.1732879183289,24.19406852432,24.2563848704595,24.220038309803,24.2044572345467,24.220038309803,24.2148448833435,24.2044572345467,24.3549744119754,24.2979078995965,24.3186630611374,24.3497878691456,24.3497878691456,24.2927184476639,24.2927184476639,24.266767216777,24.16809210295,24.2979078995965,24.2408093636233,24.2771485035319,24.3497878691456,24.3601606905737,24.4223754377718,24.2408093636233,24.3290390547373,24.2563848704595,24.3186630611374,24.261576176083,24.3290390547373,24.2979078995965,24.3082860095273,24.313474667603,24.3082860095273,24.3082860095273,24.266767216777,24.3342266548802,24.3342266548802,24.3082860095273,24.2979078995965,24.2096511916044,24.1473061847397,24.3030970868713,24.1888737710728,24.1784834681163,24.1732879183289,24.1732879183289,24.2823387496704,24.0589185591878,24.0589185591878,24.2563848704595,24.2304243670388,24.1005223164376,24.16809210295,24.0537168909092,24.0901229747396,24.1473061847397,24.0849229045849,24.1161193330435,24.1628960219406,24.1836787523513,24.1421090408181,24.1317139554589,24.3342266548802,24.261576176083,24.1836787523513,24.3186630611374,24.2408093636233,24.2408093636233,24.1628960219406,24.2511932998677,24.266767216777,24.1628960219406,24.2148448833435,24.1369116310709,24.2563848704595,24.1992630121316,24.1317139554589,24.1628960219406,24.2096511916044,24.1888737710728,24.1576996752618,24.1525030628745,24.2563848704595,23.8871225842407,23.8245791023491,23.9079618401281,24.0797225681742,24.1057215880592,24.0901229747396,24.0901229747396,23.9808655355738,24.0537168909092,24.1473061847397,24.2148448833435,24.1109205935815,24.1576996752618,24.1628960219406,24.0693210964281,24.0589185591878,24.0797225681742,24.0693210964281,24.1109205935815,24.0797225681742,24.3030970868713,24.1161193330435,24.3446010620456,24.396457245529,24.4275582848784,24.4482870367845,24.8103598227198,24.7225458756109,24.8464965838976,24.8103598227198,24.918731811688,24.9290469664651,24.918731811688,24.8929393729232,24.8671404277798
23.9444202371166,24.1369116310709,24.2148448833435,24.1576996752618,24.0849229045849,23.9964809427924,24.0901229747396,23.9704539289542,24.0693210964281,23.8297925334724,23.8245791023491,23.8506435764983,23.8610674896852,23.8506435764983,23.8975427475285,23.8767013499485,24.0641199610143,24.0381102869696,24.1836787523513,24.0849229045849,24.1888737710728,23.9340048894389,23.8819121009899,23.5217398697661,23.7828619938962,23.9756598658044,24.0016855446331,24.1057215880592,24.0693210964281,24.0381102869696,24.0537168909092,23.9496275099604,23.9652477249841,24.0693210964281,24.0693210964281,24.1213178064842,24.02250128355,23.9704539289542,23.9756598658044,24.02250128355,24.032907552491,24.02250128355,23.8767013499485,23.9131709850186,24.0745219654683,24.0433127548394,24.2304243670388,24.1576996752618,24.2252314710217,24.235616997893,24.2304243670388,24.0693210964281,24.235616997893,24.0641199610143,24.1784834681163,24.2511932998677,24.3082860095273,24.1784834681163,23.9964809427924,23.9027524276446,23.8402185911997,24.0277045513642,23.9340048894389,24.1005223164376,24.1005223164376,24.0381102869696,24.017297749009,24.1473061847397,24.032907552491,23.9287968145261,24.0068898795898,23.9652477249841,23.9808655355738,23.9964809427924,24.1628960219406,24.0953227786774,24.220038309803,24.1317139554589,24.19406852432,24.0901229747396,24.0901229747396,24.0016855446331,24.1732879183289,24.2563848704595,24.1525030628745,24.1888737710728,24.0901229747396,24.0849229045849,24.0016855446331,24.0953227786774,24.1369116310709,24.1005223164376,24.1213178064842,24.0381102869696,24.0901229747396,24.1888737710728,24.1213178064842,24.1888737710728,24.1213178064842,24.1525030628745,24.0485149561396,24.0953227786774,24.0485149561396,24.0953227786774,24.0589185591878,24.2148448833435,24.16809210295,24.1161193330435,24.1421090408181,24.2044572345467,24.2563848704595,24.2771485035319,24.3290390547373,24.266767216777,24.2148448833435,24.3497878691456,24.3342266548802,24.3549744119754,24.2408093636233,24.2408093636233,24.1888737710728,24.2823387496704,24.0901229747396,24.1628960219406,24.3238511901693,24.3497878691456,24.3290390547373,24.235616997893,24.19406852432,24.266767216777,24.2875287310348,24.1992630121316,24.1784834681163,24.2096511916044,24.2979078995965,24.2771485035319,24.2979078995965,24.2823387496704,24.313474667603,24.2875287310348,24.2096511916044,24.19406852432,24.2875287310348,24.3446010620456,24.3290390547373,24.2823387496704,24.313474667603,24.3497878691456,24.235616997893,24.2875287310348,24.3549744119754,24.2875287310348,24.3082860095273,24.313474667603,24.2408093636233,24.3342266548802,24.3030970868713,24.3082860095273,24.3186630611374,24.3497878691456,24.3912728154683,24.313474667603,24.3186630611374,24.2148448833435,24.2148448833435,24.2252314710217,24.1317139554589,24.2044572345467,24.3342266548802,24.1732879183289,24.2771485035319,24.1836787523513,24.1992630121316,24.1628960219406,24.1369116310709,24.2044572345467,24.16809210295,24.1109205935815,24.2252314710217,24.220038309803,24.1109205935815,24.2979078995965,24.1265160139431,24.2823387496704,24.1369116310709,24.2044572345467,24.2044572345467,24.2460014642685,24.220038309803,24.1784834681163,24.19406852432,24.1992630121316,24.2511932998677,24.1473061847397,24.2563848704595,24.3290390547373,24.2148448833435,24.266767216777,24.2044572345467,24.19406852432,24.1784834681163,24.1005223164376,24.2096511916044,24.1525030628745,24.2252314710217,24.1473061847397,24.1421090408181,24.0277045513642,24.0797225681742,24.0797225681742,24.0849229045849,24.19406852432,24.2096511916044,24.1525030628745,24.0693210964281,24.2096511916044,24.1525030628745,24.0745219654683,24.1576996752618,24.0589185591878,24.0745219654683,24.1109205935815,24.0433127548394,24.1161193330435,24.0953227786774,24.1161193330435,24.1057215880592,24.3186630611374,24.4120089523324,24.3082860095273,24.3860881214467,24.4431052442089,24.7793752829217,24.7690450146872,24.836173098535,24.9084156166453,24.8980983810354,24.6398284203822,24.6656848260024,24.7948687272058
24.0068898795898,24.0068898795898,24.1057215880592,24.3705324552306,24.2823387496704,24.0745219654683,24.0745219654683,23.9652477249841,24.0745219654683,24.1057215880592,23.9704539289542,24.0433127548394,23.9860709383021,23.8506435764983,23.6628295005078,23.9496275099604,24.1109205935815,24.0641199610143,24.1161193330435,24.3238511901693,24.0485149561396,24.0485149561396,24.0381102869696,24.0381102869696,23.8089371994645,23.8923327997404,24.0953227786774,24.1576996752618,24.1369116310709,24.0745219654683,24.0693210964281,24.1576996752618,24.0693210964281,23.9808655355738,24.1161193330435,24.0901229747396,24.0901229747396,24.0589185591878,24.017297749009,23.8871225842407,23.9131709850186,23.9183798623554,23.9392126969559,23.9548345155266,24.1888737710728,24.1005223164376,24.0953227786774,24.2148448833435,24.1109205935815,24.2563848704595,24.235616997893,24.2252314710217,24.0745219654683,24.0120939477021,24.0120939477021,24.2563848704595,24.3757179413665,24.2044572345467,24.1265160139431,24.0433127548394,23.9392126969559,23.8975427475285,23.8037226951994,23.9444202371166,24.02250128355,24.0641199610143,24.0433127548394,24.032907552491,24.1784834681163,23.9704539289542,24.032907552491,24.0068898795898,23.9340048894389,24.1161193330435,24.1057215880592,24.0068898795898,23.9548345155266,24.1421090408181,24.0485149561396,23.9444202371166,23.9392126969559,24.0016855446331,24.0381102869696,23.9444202371166,24.0589185591878,24.0433127548394,24.0589185591878,24.0693210964281,24.2096511916044,24.220038309803,24.1369116310709,24.1265160139431,24.1421090408181,24.1525030628745,24.1525030628745,24.1992630121316,24.0849229045849,24.19406852432,24.0745219654683,24.2563848704595,24.1784834681163,24.1628960219406,24.1576996752618,24.1992630121316,24.0016855446331,24.1628960219406,24.2304243670388,24.1836787523513,24.2304243670388,24.3186630611374,24.2148448833435,24.3082860095273,24.3186630611374,24.2511932998677,24.2096511916044,24.2304243670388,24.2563848704595,24.3394139906367,24.2044572345467,24.2563848704595,24.220038309803,24.2771485035319,24.2823387496704,24.1421090408181,24.2771485035319,24.2563848704595,24.235616997893,24.2044572345467,24.1057215880592,24.2823387496704,24.2771485035319,24.2252314710217,24.1888737710728,24.2823387496704,24.313474667603,24.313474667603,24.2460014642685,24.1732879183289,24.2563848704595,24.3290390547373,24.3030970868713,24.266767216777,24.2719579925803,24.2563848704595,24.3238511901693,24.3238511901693,24.2044572345467,24.235616997893,24.2719579925803,24.1576996752618,24.2823387496704,24.2771485035319,24.2927184476639,24.2823387496704,24.266767216777,24.2563848704595,24.2511932998677,24.2408093636233,24.3238511901693,24.2719579925803,24.3497878691456,24.2875287310348,24.266767216777,24.3342266548802,24.0485149561396,24.0537168909092,24.220038309803,24.1628960219406,24.1161193330435,24.220038309803,24.2460014642685,24.2148448833435,24.1576996752618,24.19406852432,24.2044572345467,24.2044572345467,24.1005223164376,24.1784834681163,24.19406852432,24.1888737710728,24.1888737710728,24.2044572345467,24.2252314710217,24.2719579925803,24.235616997893,24.2252314710217,24.2719579925803,24.2719579925803,24.2408093636233,24.2979078995965,24.1784834681163,24.2096511916044,24.261576176083,24.2304243670388,24.235616997893,24.3082860095273,24.2252314710217,24.3497878691456,24.261576176083,24.2460014642685,24.1473061847397,24.1732879183289,24.1369116310709,24.1732879183289,24.2460014642685,24.2563848704595,24.1732879183289,24.1317139554589,24.2044572345467,24.235616997893,24.2927184476639,24.2044572345467,24.2511932998677,24.3238511901693,24.1888737710728,24.2304243670388,24.1732879183289,24.235616997893,24.1576996752618,24.1265160139431,24.2823387496704,24.1265160139431,24.16809210295,24.1525030628745,24.1109205935815,24.16809210295,24.2460014642685,24.2719579925803,24.3549744119754,24.4275582848784,24.4223754377718,24.4897318933139,24.6553430497988,24.593270373703,24.6967038696157,24.8206859153626,24.7897045068028,24.6553430497988,24.5311599032229,24.6346563530609
24.0016855446331,23.9704539289542,24.0589185591878,24.1576996752618,24.2096511916044,24.4068253139224,24.2511932998677,24.1992630121316,24.1992630121316,24.1005223164376,23.9548345155266,23.9860709383021,23.9340048894389,24.1213178064842,23.9079618401281,23.8193654029997,23.9496275099604,24.0641199610143,24.0641199610143,24.1473061847397,24.16809210295,24.1525030628745,24.0433127548394,24.2096511916044,23.9444202371166,24.0485149561396,23.9860709383021,24.1784834681163,24.0797225681742,24.0589185591878,24.0693210964281,24.1213178064842,24.1057215880592,24.0016855446331,24.0016855446331,23.9600412538547,23.7411276986669,23.855855667086,24.032907552491,24.017297749009,24.0120939477021,24.0120939477021,24.0537168909092,24.1161193330435,24.1109205935815,24.02250128355,24.0537168909092,24.0901229747396,24.1005223164376,24.1888737710728,24.1369116310709,24.235616997893,24.3705324552306,24.1369116310709,24.02250128355,24.1576996752618,24.2563848704595,24.235616997893,24.1732879183289,24.0849229045849,24.0068898795898,24.0537168909092,23.8871225842407,24.0120939477021,24.0277045513642,24.032907552491,24.0381102869696,24.02250128355,23.9548345155266,23.9600412538547,23.9652477249841,23.9548345155266,23.9756598658044,24.19406852432,24.0016855446331,24.0953227786774,24.235616997893,24.1109205935815,24.1732879183289,24.0485149561396,24.017297749009,24.0537168909092,24.1161193330435,24.0537168909092,24.1005223164376,24.0693210964281,24.0641199610143,24.1161193330435,24.2771485035319,24.1317139554589,24.266767216777,24.1628960219406,24.1369116310709,24.1473061847397,24.1213178064842,24.16809210295,24.1369116310709,24.2927184476639,24.2096511916044,24.1628960219406,24.3030970868713,24.1732879183289,24.1109205935815,24.0641199610143,24.032907552491,24.1732879183289,24.19406852432,24.2511932998677,24.3082860095273,24.2927184476639,24.3290390547373,24.2719579925803,24.2511932998677,24.2096511916044,24.266767216777,24.1784834681163,24.1836787523513,24.3497878691456,24.220038309803,24.1005223164376,24.2719579925803,24.2719579925803,24.2719579925803,24.2252314710217,24.16809210295,24.235616997893,24.3394139906367,24.3497878691456,24.2771485035319,24.3549744119754,24.3186630611374,24.3238511901693,24.1784834681163,24.19406852432,24.1784834681163,24.16809210295,24.2771485035319,24.266767216777,24.1992630121316,24.266767216777,24.3082860095273,24.2979078995965,24.2823387496704,24.2771485035319,24.3342266548802,24.2979078995965,24.3342266548802,24.2719579925803,24.261576176083,24.2823387496704,24.3238511901693,24.1888737710728,24.3082860095273,24.3082860095273,24.3186630611374,24.3186630611374,24.2408093636233,24.2511932998677,24.3342266548802,24.2927184476639,24.3082860095273,24.3186630611374,24.1525030628745,24.2979078995965,24.2044572345467,24.2252314710217,24.0589185591878,24.2304243670388,24.2252314710217,24.1421090408181,24.1888737710728,24.1628960219406,24.1265160139431,24.2563848704595,24.2096511916044,24.2096511916044,24.2252314710217,24.1992630121316,24.2148448833435,24.1888737710728,24.1836787523513,24.3290390547373,24.3238511901693,24.3912728154683,24.3601606905737,24.3186630611374,24.3446010620456,24.235616997893,24.2823387496704,24.2875287310348,24.2875287310348,24.220038309803,24.1992630121316,24.1213178064842,24.1836787523513,24.1992630121316,24.1473061847397,24.235616997893,24.1992630121316,24.2823387496704,24.1992630121316,24.1421090408181,24.16809210295,24.19406852432,24.1576996752618,24.1369116310709,24.2511932998677,24.235616997893,24.2304243670388,24.1732879183289,24.2771485035319,24.2148448833435,24.2511932998677,24.2875287310348,24.1888737710728,24.2096511916044,24.2044572345467,24.220038309803,24.0901229747396,24.2096511916044,24.1628960219406,24.1784834681163,24.266767216777,24.266767216777,24.261576176083,24.2719579925803,24.0693210964281,24.3030970868713,24.5000904743927,24.5725710861868,24.6398284203822,24.6915346834782,24.6553430497988,24.6553430497988,24.6553430497988,24.7793752829217,24.8258485704877,24.7638794888426,24.5777463018912,24.6605140688826
24.1317139554589,24.0901229747396,24.0016855446331,24.0277045513642,24.0068898795898,24.1992630121316,24.2044572345467,24.1525030628745,24.261576176083,24.1992630121316,23.8350056964094,24.0381102869696,24.1109205935815,24.1161193330435,23.9444202371166,23.8089371994645,23.8141514353848,23.8245791023491,23.9808655355738,24.0849229045849,24.0641199610143,24.0016855446331,24.0537168909092,24.2875287310348,24.1265160139431,23.9392126969559,23.9704539289542,23.9912760740285,24.1421090408181,24.0641199610143,24.0797225681742,24.1576996752618,24.1005223164376,24.0277045513642,24.1317139554589,24.0068898795898,23.730691437042,23.7202540996537,24.0068898795898,24.0381102869696,24.1109205935815,24.017297749009,24.0485149561396,24.1161193330435,24.1265160139431,24.017297749009,24.0953227786774,23.9652477249841,23.9860709383021,24.02250128355,24.0537168909092,24.0485149561396,24.2252314710217,24.1421090408181,24.0693210964281,24.032907552491,24.1369116310709,24.19406852432,24.1369116310709,23.9235884721781,23.9340048894389,24.0016855446331,24.02250128355,23.8819121009899,24.0693210964281,24.0277045513642,23.9287968145261,23.9600412538547,23.9548345155266,23.9548345155266,23.9652477249841,23.9235884721781,23.9756598658044,23.9964809427924,24.0745219654683,24.1265160139431,24.1213178064842,24.1057215880592,24.2096511916044,24.19406852432,24.032907552491,24.0485149561396,24.0797225681742,24.0693210964281,24.0797225681742,24.0745219654683,24.1265160139431,24.16809210295,24.1421090408181,24.1369116310709,24.1784834681163,24.1421090408181,24.1784834681163,24.1317139554589,24.1057215880592,24.1317139554589,24.2096511916044,24.1109205935815,24.1473061847397,24.1213178064842,24.1109205935815,24.0381102869696,24.1421090408181,24.1213178064842,24.1057215880592,24.2044572345467,24.220038309803,24.1525030628745,24.1576996752618,24.1628960219406,24.3082860095273,24.235616997893,24.2044572345467,24.1992630121316,24.1732879183289,24.1732879183289,24.220038309803,24.1836787523513,24.0589185591878,24.2044572345467,24.2252314710217,24.220038309803,24.2096511916044,24.2044572345467,24.1525030628745,24.220038309803,24.2719579925803,24.3653467049792,24.2979078995965,24.2979078995965,24.3342266548802,24.3082860095273,24.2771485035319,24.2927184476639,24.1421090408181,24.2563848704595,24.1473061847397,24.1525030628745,24.1732879183289,24.235616997893,24.2823387496704,24.2823387496704,24.2927184476639,24.2927184476639,24.3238511901693,24.3238511901693,24.313474667603,24.313474667603,24.3601606905737,24.3446010620456,24.1576996752618,24.235616997893,24.266767216777,24.3082860095273,24.2771485035319,24.3082860095273,24.313474667603,24.3446010620456,24.235616997893,24.2511932998677,24.313474667603,24.3446010620456,24.3549744119754,24.1628960219406,24.2460014642685,24.1992630121316,24.2460014642685,24.2771485035319,24.1836787523513,24.266767216777,24.1005223164376,24.1525030628745,24.1628960219406,24.220038309803,24.2511932998677,24.1992630121316,24.1888737710728,24.19406852432,24.2044572345467,24.1888737710728,24.2252314710217,24.1473061847397,24.2096511916044,24.235616997893,24.2511932998677,24.2875287310348,24.3238511901693,24.3601606905737,24.2511932998677,24.2511932998677,24.2096511916044,24.2252314710217,24.1992630121316,24.3394139906367,24.1836787523513,24.1576996752618,24.2044572345467,24.1213178064842,24.1836787523513,24.1836787523513,24.19406852432,24.19406852432,24.0745219654683,24.1109205935815,24.1213178064842,24.0849229045849,24.2304243670388,24.2148448833435,24.1888737710728,24.1421090408181,24.235616997893,24.235616997893,24.1836787523513,24.235616997893,24.1784834681163,24.1888737710728,24.1057215880592,24.1213178064842,24.2148448833435,24.2563848704595,24.1784834681163,24.1265160139431,24.1732879183289,24.1057215880592,24.1265160139431,24.1317139554589,24.1628960219406,24.2460014642685,24.3342266548802,24.5777463018912,24.4897318933139,24.6605140688826,24.7638794888426,24.836173098535,24.9702971889533,24.9393610812787,24.8258485704877,24.8723007375455,24.8155229994525,24.8103598227198
24.396457245529,24.2044572345467,23.9860709383021,24.02250128355,24.0068898795898,24.1525030628745,24.0120939477021,24.1265160139431,24.2096511916044,24.1525030628745,23.8819121009899,23.8454312178827,23.8350056964094,23.9808655355738,24.0485149561396,24.0745219654683,24.1005223164376,23.8871225842407,23.8506435764983,23.9652477249841,24.02250128355,24.0953227786774,24.0589185591878,24.1421090408181,24.0693210964281,24.0537168909092,24.0849229045849,24.0745219654683,24.0381102869696,24.0537168909092,24.0641199610143,24.0693210964281,24.0849229045849,24.0901229747396,24.220038309803,24.1161193330435,23.8714903310769,23.6576074664474,23.8871225842407,24.017297749009,24.0797225681742,24.1317139554589,24.1473061847397,24.0641199610143,24.0849229045849,24.0849229045849,24.16809210295,24.16809210295,24.0016855446331,23.9392126969559,24.1525030628745,24.2252314710217,24.1265160139431,24.1421090408181,24.0849229045849,24.0277045513642,24.032907552491,24.0641199610143,24.1628960219406,23.8767013499485,23.8297925334724,23.9964809427924,24.0901229747396,24.1992630121316,24.0381102869696,24.0745219654683,24.0381102869696,24.02250128355,24.032907552491,24.02250128355,23.9600412538547,24.1992630121316,24.0589185591878,23.9444202371166,24.1525030628745,24.0433127548394,24.1213178064842,24.1628960219406,24.0849229045849,24.1473061847397,24.0745219654683,24.0901229747396,24.0745219654683,24.0641199610143,24.0641199610143,24.0537168909092,24.0537168909092,24.1473061847397,24.1265160139431,24.1732879183289,24.1213178064842,24.1369116310709,24.1473061847397,24.2719579925803,24.2771485035319,24.1421090408181,24.235616997893,24.1992630121316,24.1473061847397,24.1317139554589,24.1784834681163,24.1836787523513,24.1525030628745,24.1161193330435,24.0693210964281,24.1836787523513,24.1317139554589,24.235616997893,24.4120089523324,24.2563848704595,24.261576176083,24.3394139906367,24.2719579925803,24.3497878691456,24.1888737710728,24.1888737710728,24.220038309803,24.032907552491,24.1888737710728,24.1732879183289,24.1784834681163,24.16809210295,24.266767216777,24.3030970868713,24.2304243670388,24.2875287310348,24.2460014642685,24.3653467049792,24.2511932998677,24.235616997893,24.1525030628745,24.2771485035319,24.2511932998677,24.3030970868713,24.4275582848784,24.2927184476639,24.2044572345467,24.1576996752618,24.19406852432,24.1836787523513,24.2408093636233,24.2927184476639,24.2563848704595,24.2927184476639,24.2771485035319,24.3238511901693,24.3601606905737,24.3238511901693,24.261576176083,24.2927184476639,24.16809210295,24.2719579925803,24.2823387496704,24.235616997893,24.2563848704595,24.266767216777,24.2096511916044,24.261576176083,24.1992630121316,24.3446010620456,24.3549744119754,24.3238511901693,24.3290390547373,24.2719579925803,24.235616997893,24.3394139906367,24.2511932998677,24.2823387496704,24.1732879183289,24.0849229045849,24.1369116310709,24.1317139554589,24.1057215880592,24.2408093636233,24.1992630121316,24.235616997893,24.220038309803,24.266767216777,24.3030970868713,24.16809210295,24.1576996752618,24.1628960219406,24.1888737710728,24.2927184476639,24.3497878691456,24.4586498313649,24.3549744119754,24.3549744119754,24.3394139906367,24.2408093636233,24.2252314710217,24.235616997893,24.3653467049792,24.2511932998677,24.2460014642685,24.1057215880592,24.2823387496704,24.0537168909092,24.2252314710217,24.1732879183289,24.2148448833435,24.1836787523513,24.1525030628745,24.1421090408181,24.2096511916044,24.2408093636233,24.220038309803,24.1057215880592,24.2252314710217,24.1576996752618,24.2460014642685,24.2252314710217,24.3549744119754,24.19406852432,24.1888737710728,24.0953227786774,24.2563848704595,24.1576996752618,24.1109205935815,24.1421090408181,24.1992630121316,24.0381102869696,24.1421090408181,24.0589185591878,24.1628960219406,24.1576996752618,24.1628960219406,24.3186630611374,24.3290390547373,24.5208044790397,24.7587137017957,24.7690450146872,24.8051963851263,24.7845400253874,24.7483813439431,24.8516579356668,24.9135738442187,24.9445177487934,24.8103598227198,24.8464965838976
24.2096511916044,24.1525030628745,24.1161193330435,24.0849229045849,24.0016855446331,24.0120939477021,24.0120939477021,24.0433127548394,24.0745219654683,24.0485149561396,23.9704539289542,23.7202540996537,23.730691437042,23.9756598658044,23.9131709850186,24.0901229747396,23.9183798623554,24.0641199610143,23.7202540996537,23.5583375689251,23.9496275099604,24.0797225681742,23.9756598658044,24.1213178064842,24.0849229045849,24.1161193330435,24.1005223164376,24.0641199610143,24.032907552491,24.0381102869696,24.0641199610143,23.9704539289542,24.1109205935815,24.0797225681742,24.0901229747396,24.0693210964281,24.1057215880592,23.9235884721781,23.8662790443357,24.0693210964281,24.1005223164376,24.1473061847397,24.0745219654683,24.1161193330435,24.1473061847397,24.1525030628745,24.1628960219406,24.1888737710728,24.1628960219406,24.032907552491,24.1525030628745,24.0120939477021,23.9652477249841,24.0381102869696,24.032907552491,23.9340048894389,24.0277045513642,24.017297749009,24.0381102869696,23.7098156861836,23.7932928814756,24.0485149561396,24.1265160139431,24.0953227786774,23.8975427475285,23.9183798623554,23.9131709850186,23.9600412538547,23.9079618401281,23.7985079225496,24.032907552491,24.032907552491,24.0589185591878,24.0745219654683,24.02250128355,24.1265160139431,24.1836787523513,24.1836787523513,24.1421090408181,24.0433127548394,24.0537168909092,24.02250128355,24.0016855446331,23.9860709383021,24.0485149561396,23.9600412538547,23.9964809427924,24.1317139554589,24.0693210964281,24.0641199610143,24.0849229045849,24.1265160139431,24.1473061847397,24.1473061847397,24.1473061847397,24.1161193330435,24.16809210295,24.1109205935815,24.1057215880592,24.2044572345467,24.1005223164376,24.16809210295,24.19406852432,24.0797225681742,24.1265160139431,24.1213178064842,24.0953227786774,24.1836787523513,24.2460014642685,24.2563848704595,24.261576176083,24.2563848704595,24.3705324552306,24.2408093636233,24.3497878691456,24.2096511916044,24.1992630121316,24.0485149561396,23.9704539289542,24.0433127548394,24.2148448833435,24.1369116310709,24.2044572345467,24.1836787523513,24.2252314710217,24.2979078995965,24.3860881214467,24.1732879183289,24.2823387496704,24.266767216777,24.3290390547373,24.1836787523513,24.2771485035319,24.2771485035319,24.2719579925803,24.2823387496704,24.2979078995965,24.1784834681163,24.1784834681163,24.1732879183289,24.16809210295,24.2771485035319,24.2148448833435,24.3342266548802,24.2979078995965,24.2823387496704,24.3446010620456,24.3601606905737,24.2719579925803,24.2096511916044,24.2148448833435,24.220038309803,24.2927184476639,24.2511932998677,24.2408093636233,24.3238511901693,24.3394139906367,24.2875287310348,24.2823387496704,24.220038309803,24.1836787523513,24.2979078995965,24.1576996752618,24.2408093636233,24.2460014642685,24.2875287310348,24.2408093636233,24.2927184476639,24.235616997893,24.1888737710728,24.0537168909092,24.1525030628745,24.1109205935815,24.1057215880592,24.1265160139431,24.1369116310709,24.1836787523513,24.1369116310709,24.1888737710728,24.2771485035319,24.1317139554589,24.16809210295,24.1265160139431,24.1421090408181,24.2719579925803,24.3290390547373,24.4845522079513,24.2771485035319,24.1265160139431,24.220038309803,24.2304243670388,24.2252314710217,24.1888737710728,24.1525030628745,24.0693210964281,24.1369116310709,24.19406852432,24.1888737710728,24.1265160139431,24.1732879183289,24.16809210295,24.1265160139431,24.1888737710728,24.1576996752618,24.2252314710217,24.2252314710217,24.1628960219406,24.2511932998677,24.261576176083,24.1421090408181,24.1784834681163,24.16809210295,24.235616997893,24.1784834681163,24.1161193330435,24.1317139554589,24.1161193330435,24.1369116310709,24.2979078995965,23.9860709383021,24.2460014642685,24.0953227786774,24.0953227786774,24.0953227786774,23.9392126969559,24.16809210295,24.3082860095273,24.3549744119754,24.5466910676864,24.68119552596,24.7638794888426,24.8413349715329,24.7432147730614,24.8155229994525,24.8723007375455,24.8051963851263,24.8464965838976,24.8413349715329,24.8464965838976,24.8206859153626
24.3549744119754,24.1992630121316,24.1109205935815,24.2719579925803,24.0953227786774,24.1317139554589,24.19406852432,24.1628960219406,24.1628960219406,24.0277045513642,24.0901229747396,23.855855667086,23.735909702305,23.9027524276446,23.8402185911997,23.8506435764983,23.9183798623554,23.9704539289542,24.0120939477021,23.6837149425584,23.8662790443357,24.1265160139431,23.9860709383021,23.8245791023491,24.1265160139431,24.1369116310709,24.1473061847397,24.0485149561396,24.1057215880592,24.0277045513642,24.0953227786774,24.0693210964281,24.0797225681742,24.1992630121316,24.2304243670388,24.02250128355,24.0016855446331,23.8714903310769,23.9287968145261,23.9392126969559,23.9756598658044,23.9392126969559,24.1265160139431,24.1369116310709,24.1473061847397,24.1628960219406,24.2823387496704,24.1888737710728,24.1732879183289,23.9444202371166,24.0641199610143,24.1161193330435,24.0120939477021,24.0381102869696,24.1421090408181,23.9496275099604,23.9912760740285,24.0381102869696,24.0016855446331,23.9287968145261,23.9444202371166,24.1576996752618,23.9704539289542,23.9079618401281,23.8714903310769,23.730691437042,23.730691437042,24.0433127548394,23.9548345155266,23.9444202371166,24.02250128355,23.9392126969559,23.9027524276446,23.9600412538547,23.9235884721781,24.1005223164376,23.9496275099604,24.0745219654683,24.1732879183289,24.0693210964281,24.1005223164376,24.0797225681742,24.1213178064842,24.0589185591878,24.0381102869696,24.1005223164376,24.220038309803,24.2304243670388,24.4275582848784,24.19406852432,24.1369116310709,24.1888737710728,24.0901229747396,24.1369116310709,24.235616997893,24.1265160139431,24.1421090408181,24.1473061847397,24.1005223164376,24.2148448833435,24.1057215880592,24.1057215880592,24.0953227786774,24.0381102869696,24.0381102869696,24.1317139554589,24.1784834681163,24.1992630121316,24.2408093636233,24.2408093636233,24.2408093636233,24.2044572345467,24.2511932998677,24.2148448833435,24.3601606905737,24.2096511916044,24.2148448833435,24.2044572345467,23.9652477249841,24.0433127548394,24.0277045513642,24.0485149561396,24.2044572345467,24.2148448833435,24.1732879183289,24.2460014642685,24.2979078995965,24.2719579925803,24.2096511916044,24.16809210295,24.0485149561396,24.0485149561396,24.2979078995965,24.261576176083,24.1525030628745,24.3030970868713,24.2771485035319,24.2719579925803,24.1732879183289,24.16809210295,23.9860709383021,24.1732879183289,24.2408093636233,24.261576176083,24.3549744119754,24.1369116310709,24.1473061847397,24.266767216777,24.2719579925803,24.3238511901693,24.1525030628745,24.1732879183289,24.2719579925803,24.2252314710217,24.3290390547373,24.261576176083,24.2460014642685,24.2511932998677,24.220038309803,24.2511932998677,24.2875287310348,24.2563848704595,24.2771485035319,24.3290390547373,24.266767216777,24.2823387496704,24.2563848704595,24.235616997893,24.2304243670388,24.313474667603,24.1628960219406,24.2460014642685,24.2460014642685,24.1836787523513,24.1628960219406,24.1784834681163,24.0745219654683,24.1576996752618,24.1888737710728,24.261576176083,24.1732879183289,24.19406852432,24.1421090408181,24.2096511916044,24.2304243670388,24.2408093636233,24.3186630611374,24.2875287310348,24.3030970868713,24.2511932998677,24.2408093636233,24.1421090408181,24.1576996752618,24.1836787523513,24.16809210295,24.1888737710728,24.1784834681163,24.2148448833435,24.1836787523513,24.1369116310709,24.1628960219406,24.0433127548394,24.1732879183289,24.2148448833435,24.220038309803,24.19406852432,24.2304243670388,24.3290390547373,24.2771485035319,24.19406852432,24.19406852432,24.1992630121316,24.19406852432,24.1992630121316,24.0901229747396,24.1525030628745,24.1525030628745,24.0849229045849,24.1784834681163,24.1317139554589,24.1525030628745,24.1628960219406,24.0068898795898,23.9444202371166,24.0849229045849,24.1473061847397,24.313474667603,24.3290390547373,24.5622198668973,24.6863652356057,24.8464965838976,24.8516579356668,24.8568190268782,24.8929393729232,24.8516579356668,24.7845400253874,24.8310109648659,24.7690450146872,24.8413349715329,24.7483813439431
24.0797225681742,24.1109205935815,24.1213178064842,24.1317139554589,24.1317139554589,24.1057215880592,24.2719579925803,24.1369116310709,23.9600412538547,24.0120939477021,24.0745219654683,24.0381102869696,23.855855667086,23.8506435764983,24.0016855446331,23.8350056964094,23.8350056964094,24.0068898795898,24.0641199610143,24.0016855446331,23.8506435764983,23.9860709383021,23.9652477249841,23.7724300321434,23.8350056964094,24.1369116310709,24.1473061847397,24.1265160139431,24.1473061847397,24.1109205935815,23.9808655355738,24.0589185591878,24.0901229747396,24.1992630121316,24.0485149561396,24.0277045513642,24.0068898795898,24.0277045513642,23.9392126969559,23.9548345155266,23.9964809427924,24.0641199610143,24.0381102869696,24.1421090408181,24.2771485035319,24.2719579925803,24.2927184476639,24.0797225681742,24.0797225681742,24.0277045513642,24.1005223164376,24.1369116310709,24.1265160139431,23.9756598658044,24.1005223164376,24.02250128355,24.0068898795898,23.9808655355738,24.0381102869696,24.0589185591878,24.0849229045849,24.0433127548394,23.9392126969559,23.9600412538547,23.9652477249841,23.8923327997404,23.7828619938962,23.9340048894389,23.9444202371166,23.7985079225496,24.0120939477021,23.9964809427924,23.8141514353848,23.9287968145261,23.9027524276446,23.9756598658044,23.9183798623554,23.8454312178827,23.9912760740285,23.9860709383021,24.0849229045849,24.0485149561396,24.0120939477021,24.0745219654683,24.0641199610143,23.9600412538547,24.0849229045849,24.3601606905737,24.7122098579989,24.1576996752618,24.0589185591878,24.0797225681742,24.1317139554589,24.1369116310709,24.2148448833435,24.1525030628745,24.1265160139431,24.0797225681742,24.0953227786774,24.0485149561396,24.1109205935815,24.1161193330435,24.1317139554589,23.9964809427924,24.0953227786774,24.0797225681742,24.0745219654683,24.235616997893,24.1576996752618,24.2096511916044,24.2252314710217,24.2460014642685,24.2304243670388,24.2096511916044,24.2148448833435,24.235616997893,24.1784834681163,24.1836787523513,24.0016855446331,23.8402185911997,24.0797225681742,24.0485149561396,24.1421090408181,24.1784834681163,24.2460014642685,24.3030970868713,24.261576176083,24.2304243670388,24.2979078995965,24.2096511916044,24.3290390547373,24.1628960219406,24.1161193330435,24.2252314710217,24.2875287310348,24.2771485035319,24.3030970868713,24.2875287310348,24.2927184476639,24.3082860095273,24.2771485035319,24.1992630121316,24.3082860095273,24.3030970868713,24.235616997893,24.3082860095273,24.261576176083,24.2252314710217,24.2719579925803,24.2823387496704,24.313474667603,24.2044572345467,24.1992630121316,24.266767216777,24.2408093636233,24.235616997893,24.2096511916044,24.2304243670388,24.2719579925803,24.235616997893,24.2044572345467,24.235616997893,24.2044572345467,24.235616997893,24.3186630611374,24.2096511916044,24.1421090408181,24.1628960219406,24.2408093636233,24.1265160139431,24.1265160139431,24.1213178064842,24.1421090408181,24.1005223164376,24.1992630121316,24.1784834681163,24.1784834681163,24.1576996752618,24.1836787523513,24.1213178064842,24.1525030628745,24.3757179413665,24.2563848704595,24.261576176083,24.3446010620456,24.235616997893,24.2875287310348,24.3030970868713,24.2719579925803,24.2875287310348,24.1525030628745,24.1628960219406,24.1369116310709,24.1265160139431,24.1836787523513,24.1473061847397,24.1888737710728,24.0433127548394,24.1057215880592,24.0381102869696,24.032907552491,24.0641199610143,24.032907552491,24.1732879183289,24.2511932998677,24.2304243670388,24.2511932998677,24.266767216777,24.2408093636233,24.2511932998677,24.0381102869696,24.2823387496704,24.2511932998677,24.1317139554589,24.1525030628745,24.1473061847397,24.2460014642685,24.1317139554589,24.1576996752618,24.313474667603,24.16809210295,24.1369116310709,24.0485149561396,24.1005223164376,23.9548345155266,24.0433127548394,24.266767216777,24.5518675968447,24.7225458756109,24.7483813439431,24.8000326866343,24.8155229994525,24.9599861922213,24.8877801045559,24.9290469664651,24.8464965838976,24.954830304227,24.8464965838976,24.8000326866343,24.9393610812787
24.1784834681163,24.1992630121316,24.017297749009,24.1369116310709,24.0849229045849,24.220038309803,24.1525030628745,24.1784834681163,23.9860709383021,24.032907552491,24.1057215880592,24.1992630121316,24.0641199610143,24.0120939477021,23.9912760740285,23.9756598658044,23.8350056964094,24.0745219654683,24.0797225681742,24.1473061847397,23.8402185911997,24.017297749009,24.1213178064842,23.8610674896852,23.7985079225496,24.0849229045849,24.1369116310709,24.1317139554589,24.1369116310709,24.1628960219406,23.9235884721781,24.0901229747396,23.9756598658044,24.0277045513642,24.032907552491,24.032907552491,24.1836787523513,23.9860709383021,23.9756598658044,23.9652477249841,24.02250128355,24.0745219654683,23.9340048894389,23.9235884721781,24.0849229045849,23.8871225842407,24.0485149561396,24.0745219654683,23.9235884721781,23.9392126969559,23.9444202371166,24.1317139554589,24.1317139554589,24.1213178064842,24.1265160139431,24.1265160139431,24.02250128355,24.0433127548394,23.9912760740285,24.0433127548394,24.0068898795898,24.1473061847397,24.1005223164376,24.017297749009,24.017297749009,23.9704539289542,23.9235884721781,23.9808655355738,23.9860709383021,23.9444202371166,24.02250128355,23.9079618401281,23.8193654029997,23.8089371994645,23.9496275099604,23.9756598658044,23.8610674896852,23.6941560476277,24.0485149561396,24.0641199610143,24.0120939477021,24.0485149561396,24.1109205935815,24.1836787523513,24.1369116310709,24.0901229747396,24.1213178064842,24.1525030628745,24.1473061847397,24.1421090408181,24.1109205935815,24.1992630121316,24.1057215880592,24.1109205935815,24.1317139554589,24.1265160139431,24.2148448833435,24.1836787523513,24.2096511916044,24.0901229747396,24.1628960219406,24.2096511916044,24.0589185591878,24.2304243670388,24.0953227786774,24.0953227786774,24.1369116310709,24.2148448833435,24.2979078995965,24.3446010620456,24.3757179413665,24.3238511901693,24.2252314710217,24.3030970868713,24.220038309803,24.2979078995965,24.3186630611374,24.2148448833435,24.16809210295,24.1576996752618,24.220038309803,24.0849229045849,24.266767216777,24.2563848704595,24.220038309803,24.1836787523513,24.2252314710217,24.2148448833435,24.2304243670388,24.3290390547373,24.3238511901693,24.1576996752618,24.2148448833435,24.2563848704595,24.3497878691456,24.2875287310348,24.2511932998677,24.2823387496704,24.2304243670388,24.266767216777,24.2408093636233,24.3601606905737,24.266767216777,24.3082860095273,24.2408093636233,24.2408093636233,24.266767216777,24.3082860095273,24.2148448833435,24.19406852432,24.2563848704595,24.2044572345467,24.2563848704595,24.266767216777,24.235616997893,24.2304243670388,24.2044572345467,24.2252314710217,24.2460014642685,24.3082860095273,24.266767216777,24.2252314710217,24.2096511916044,24.0433127548394,24.2044572345467,24.2511932998677,24.1473061847397,24.2252314710217,24.313474667603,24.1369116310709,24.235616997893,24.1057215880592,24.0485149561396,24.0693210964281,24.1421090408181,24.16809210295,24.1784834681163,24.1421090408181,24.1836787523513,24.220038309803,24.16809210295,24.235616997893,24.4016414116675,24.313474667603,24.1992630121316,24.2408093636233,24.2563848704595,24.266767216777,24.266767216777,24.2408093636233,24.2719579925803,24.1369116310709,24.3342266548802,24.261576176083,24.1576996752618,24.2563848704595,24.1213178064842,24.19406852432,24.2096511916044,24.19406852432,24.0433127548394,24.16809210295,24.0433127548394,24.1525030628745,24.1628960219406,24.1732879183289,24.220038309803,24.2979078995965,24.3394139906367,24.1836787523513,24.1836787523513,24.1265160139431,24.16809210295,24.1369116310709,24.2408093636233,24.1317139554589,24.0693210964281,24.0016855446331,24.1317139554589,24.1473061847397,24.16809210295,24.1265160139431,24.1109205935815,24.1005223164376,24.1265160139431,24.0953227786774,24.3342266548802,24.5518675968447,24.5466910676864,24.7793752829217,24.8464965838976,24.836173098535,24.8103598227198,24.8774607869049,24.8980983810354,24.7845400253874,24.9445177487934,24.9342041538485,24.9445177487934,24.8464965838976
24.3809031634257,24.1161193330435,24.032907552491,24.0849229045849,24.1057215880592,24.1213178064842,24.1836787523513,24.3757179413665,24.1317139554589,24.1732879183289,24.1888737710728,24.2927184476639,24.2044572345467,24.1005223164376,24.02250128355,24.0953227786774,23.9131709850186,24.0433127548394,24.0068898795898,24.1005223164376,24.0016855446331,23.9964809427924,23.9964809427924,24.0745219654683,23.9964809427924,23.8454312178827,24.1005223164376,24.1732879183289,24.16809210295,24.1732879183289,24.0381102869696,24.1628960219406,23.9756598658044,23.9652477249841,24.02250128355,24.0120939477021,23.8662790443357,23.9079618401281,23.9287968145261,23.9183798623554,23.9131709850186,23.9496275099604,23.9027524276446,23.8454312178827,23.8923327997404,23.8975427475285,23.7985079225496,23.9027524276446,23.8923327997404,23.9131709850186,23.9131709850186,24.1213178064842,24.1265160139431,24.1109205935815,24.1525030628745,24.220038309803,24.2408093636233,24.0277045513642,24.0485149561396,24.0277045513642,24.0016855446331,24.0485149561396,23.9756598658044,23.9964809427924,24.0485149561396,24.0120939477021,23.9340048894389,24.0589185591878,24.1265160139431,23.9756598658044,23.9652477249841,23.8871225842407,23.8975427475285,23.8350056964094,23.9860709383021,24.0120939477021,23.9964809427924,23.8714903310769,24.0120939477021,24.0381102869696,24.0901229747396,24.2044572345467,24.0849229045849,24.0849229045849,24.0797225681742,24.1265160139431,24.0745219654683,24.0485149561396,24.16809210295,24.0537168909092,24.1265160139431,24.1317139554589,24.0745219654683,24.1836787523513,24.0953227786774,24.1784834681163,24.1732879183289,24.0797225681742,24.0589185591878,24.1992630121316,24.266767216777,24.1421090408181,24.1161193330435,24.1213178064842,24.1369116310709,23.9287968145261,24.1473061847397,24.1525030628745,24.2719579925803,24.2460014642685,24.2252314710217,24.220038309803,24.220038309803,24.2460014642685,24.3082860095273,24.3757179413665,24.2875287310348,24.2044572345467,24.1628960219406,24.1732879183289,24.1784834681163,24.1213178064842,24.2252314710217,24.2460014642685,24.2460014642685,24.2511932998677,24.19406852432,24.1888737710728,24.2148448833435,24.3238511901693,24.2979078995965,24.235616997893,24.0537168909092,24.2096511916044,24.2563848704595,24.3549744119754,24.1784834681163,24.1628960219406,24.2719579925803,24.2252314710217,24.2719579925803,24.2771485035319,24.2823387496704,24.220038309803,24.3290390547373,24.1576996752618,24.3186630611374,24.220038309803,24.261576176083,24.2979078995965,24.19406852432,24.2563848704595,24.3238511901693,24.2875287310348,24.2511932998677,24.2511932998677,24.2304243670388,24.2252314710217,24.261576176083,24.1628960219406,24.261576176083,24.1732879183289,24.2511932998677,24.2252314710217,24.1836787523513,24.0745219654683,24.2148448833435,24.1421090408181,24.1317139554589,24.1161193330435,24.1369116310709,24.1369116310709,24.1369116310709,24.0797225681742,23.9756598658044,24.0641199610143,24.0693210964281,24.0745219654683,24.1732879183289,24.1109205935815,24.1992630121316,24.1576996752618,24.2096511916044,24.2719579925803,24.2460014642685,24.266767216777,24.2460014642685,24.2460014642685,24.2719579925803,24.266767216777,24.1161193330435,24.1525030628745,24.16809210295,24.266767216777,24.0433127548394,24.2252314710217,24.2148448833435,24.1888737710728,24.1732879183289,24.0641199610143,24.16809210295,24.0693210964281,23.9964809427924,24.0381102869696,24.1628960219406,24.2044572345467,24.1732879183289,24.2096511916044,24.2044572345467,24.2771485035319,24.1473061847397,24.1473061847397,24.1421090408181,24.1473061847397,24.1265160139431,24.1473061847397,24.1265160139431,24.1317139554589,24.2044572345467,24.1576996752618,24.1525030628745,24.1992630121316,24.1473061847397,23.9496275099604,24.1161193330435,24.16809210295,24.3601606905737,24.7380479408253,24.7793752829217,24.7742102793675,24.8206859153626,24.8568190268782,24.836173098535,24.8206859153626,24.8877801045559,24.8413349715329,24.8413349715329,24.8826205758957,24.8568190268782,24.8413349715329
24.1161193330435,24.0797225681742,24.0120939477021,23.9235884721781,23.9392126969559,24.0433127548394,24.1213178064842,24.1888737710728,24.1888737710728,24.1161193330435,24.1732879183289,24.0485149561396,24.0953227786774,24.1732879183289,24.0433127548394,24.0485149561396,24.0641199610143,24.0016855446331,24.0068898795898,24.0016855446331,24.0745219654683,24.0797225681742,24.0068898795898,24.032907552491,24.0381102869696,23.7828619938962,23.7932928814756,24.02250128355,24.1005223164376,24.1784834681163,24.0641199610143,23.9756598658044,24.0120939477021,24.0641199610143,23.9652477249841,23.9287968145261,23.8767013499485,23.9131709850186,23.9652477249841,23.9235884721781,23.8819121009899,23.6210456798163,23.7985079225496,23.7515628848466,23.7619969958994,23.8975427475285,23.9027524276446,23.8819121009899,24.0953227786774,23.9131709850186,23.9131709850186,24.0901229747396,24.1628960219406,24.2304243670388,24.1732879183289,24.1784834681163,24.1109205935815,24.235616997893,24.1265160139431,24.1005223164376,23.9860709383021,24.0537168909092,23.9444202371166,23.9860709383021,24.0485149561396,24.1421090408181,24.017297749009,24.1473061847397,24.0537168909092,24.0901229747396,23.9548345155266,23.7045960758182,23.8454312178827,23.9027524276446,24.0745219654683,23.9027524276446,23.8819121009899,24.0693210964281,24.1109205935815,24.1057215880592,24.16809210295,24.0901229747396,24.0953227786774,24.1109205935815,24.0693210964281,24.0953227786774,24.1265160139431,24.1369116310709,24.032907552491,24.1525030628745,24.1784834681163,24.0797225681742,24.1005223164376,24.0901229747396,24.1888737710728,24.1888737710728,24.0901229747396,24.19406852432,24.1265160139431,24.1473061847397,24.1525030628745,24.2875287310348,24.1525030628745,24.313474667603,24.3238511901693,24.313474667603,24.1628960219406,24.1628960219406,24.2148448833435,24.2979078995965,24.235616997893,24.2252314710217,24.2979078995965,24.2304243670388,24.2823387496704,24.2979078995965,24.2823387496704,23.9756598658044,24.1213178064842,24.1161193330435,24.1057215880592,24.16809210295,24.1732879183289,24.0901229747396,24.19406852432,24.19406852432,24.1317139554589,24.16809210295,24.235616997893,24.3394139906367,24.2460014642685,24.235616997893,24.2044572345467,24.2511932998677,24.2979078995965,24.2148448833435,24.19406852432,24.261576176083,24.2044572345467,24.2511932998677,24.313474667603,24.2460014642685,24.3446010620456,24.220038309803,24.1992630121316,24.1836787523513,24.3238511901693,24.3030970868713,24.2096511916044,24.19406852432,24.2823387496704,24.2771485035319,24.19406852432,24.266767216777,24.2927184476639,24.220038309803,24.235616997893,24.2304243670388,24.1473061847397,24.220038309803,24.235616997893,24.3342266548802,24.2148448833435,24.1369116310709,24.1161193330435,24.1732879183289,24.1473061847397,24.1369116310709,24.0485149561396,24.0953227786774,24.1109205935815,24.1421090408181,24.1057215880592,24.1421090408181,24.1369116310709,24.1109205935815,24.0016855446331,24.1836787523513,24.1161193330435,24.220038309803,24.2408093636233,24.235616997893,24.1836787523513,24.261576176083,24.2979078995965,24.2927184476639,24.261576176083,24.3186630611374,24.16809210295,24.1421090408181,24.1473061847397,24.1057215880592,24.1421090408181,24.1109205935815,24.1369116310709,24.0901229747396,24.1369116310709,24.2304243670388,24.1628960219406,24.1628960219406,24.0381102869696,24.1005223164376,24.1213178064842,24.1161193330435,24.1628960219406,24.19406852432,24.220038309803,24.1628960219406,24.2148448833435,24.1109205935815,24.1525030628745,24.1161193330435,24.1317139554589,24.2771485035319,24.1836787523513,24.1369116310709,24.1213178064842,24.1732879183289,24.1317139554589,24.2044572345467,24.1265160139431,24.0745219654683,24.0745219654683,24.1109205935815,24.017297749009,24.1265160139431,24.5363372209139,24.5466910676864,24.7897045068028,24.8258485704877,24.7742102793675,24.7948687272058,24.8206859153626,24.8413349715329,24.918731811688,24.9238895190908,24.8464965838976,24.8464965838976,24.8516579356668,24.8723007375455
24.1992630121316,24.1317139554589,24.0849229045849,23.9287968145261,24.1005223164376,24.1161193330435,23.9912760740285,24.1628960219406,24.1784834681163,23.9704539289542,24.1473061847397,24.032907552491,24.1369116310709,24.1732879183289,24.2927184476639,24.1057215880592,24.0589185591878,24.0693210964281,24.0537168909092,24.0901229747396,24.1369116310709,24.1369116310709,24.1421090408181,24.1576996752618,24.02250128355,23.8871225842407,23.6314932528619,23.7619969958994,24.0381102869696,24.2044572345467,24.19406852432,23.9964809427924,24.0485149561396,24.0953227786774,24.02250128355,23.9912760740285,23.9235884721781,23.9235884721781,23.8975427475285,23.9131709850186,23.9235884721781,23.7776461473113,23.7619969958994,23.7880775719377,23.6680512651093,23.8767013499485,23.9392126969559,23.9131709850186,24.0953227786774,24.0901229747396,24.0901229747396,24.2096511916044,24.19406852432,24.1836787523513,24.1732879183289,24.1784834681163,24.0849229045849,24.2044572345467,24.1473061847397,23.9496275099604,24.032907552491,24.032907552491,24.032907552491,23.8610674896852,23.9964809427924,24.16809210295,24.0797225681742,23.9392126969559,23.9548345155266,23.9704539289542,23.9340048894389,23.8141514353848,23.7045960758182,23.9183798623554,24.017297749009,23.8923327997404,24.0381102869696,24.1005223164376,24.0485149561396,24.0901229747396,24.0849229045849,24.1525030628745,23.9652477249841,24.0797225681742,24.1109205935815,24.1317139554589,24.032907552491,24.1784834681163,24.0433127548394,24.1525030628745,24.1369116310709,24.2719579925803,24.16809210295,24.0901229747396,24.0953227786774,24.1421090408181,24.1888737710728,24.0641199610143,24.0953227786774,24.2044572345467,24.1369116310709,24.1888737710728,24.1473061847397,24.3290390547373,24.3446010620456,24.4327408682945,24.1317139554589,24.235616997893,24.3238511901693,24.2771485035319,24.3186630611374,24.3860881214467,24.2927184476639,24.2460014642685,24.2563848704595,24.266767216777,24.235616997893,24.1005223164376,24.1109205935815,24.1421090408181,24.1369116310709,24.1265160139431,24.0953227786774,24.0589185591878,24.2408093636233,24.3030970868713,24.2252314710217,24.2563848704595,24.3082860095273,24.3394139906367,24.4068253139224,24.2927184476639,24.2511932998677,24.2148448833435,24.2979078995965,24.2771485035319,24.2252314710217,24.266767216777,24.2252314710217,24.2563848704595,24.3757179413665,24.3705324552306,24.3601606905737,24.3549744119754,24.3290390547373,24.3394139906367,24.2719579925803,24.2252314710217,24.2511932998677,24.3030970868713,24.266767216777,24.266767216777,24.3082860095273,24.2511932998677,24.235616997893,24.2927184476639,24.1421090408181,24.2875287310348,24.2408093636233,24.2408093636233,24.220038309803,24.3446010620456,24.2511932998677,24.2148448833435,24.1473061847397,24.1732879183289,24.1732879183289,24.1317139554589,23.9808655355738,24.1213178064842,24.1369116310709,24.1213178064842,24.16809210295,24.0589185591878,24.1265160139431,24.0693210964281,24.0745219654683,24.0016855446331,24.0745219654683,24.1888737710728,24.220038309803,24.0849229045849,24.1992630121316,24.3030970868713,24.2771485035319,24.2563848704595,24.2719579925803,24.2460014642685,24.2979078995965,24.3030970868713,24.1784834681163,24.1473061847397,24.0849229045849,24.0849229045849,24.1057215880592,24.2304243670388,24.261576176083,24.3186630611374,24.3757179413665,24.2408093636233,24.1576996752618,24.2252314710217,24.2252314710217,24.220038309803,24.3082860095273,24.3082860095273,24.3601606905737,24.3082860095273,24.3601606905737,24.1992630121316,24.2823387496704,24.266767216777,24.1265160139431,24.1369116310709,24.1421090408181,24.1369116310709,24.0953227786774,24.1109205935815,24.1992630121316,24.1473061847397,24.1161193330435,24.0797225681742,24.0693210964281,24.1732879183289,24.0537168909092,24.2252314710217,24.5673956078683,24.7845400253874,24.7948687272058,24.7897045068028,24.8723007375455,24.7587137017957,24.8051963851263,24.8671404277798,24.7742102793675,24.8929393729232,24.8516579356668,24.8671404277798,24.8464965838976,24.8671404277798
24.0745219654683,24.1525030628745,24.032907552491,24.1005223164376,24.235616997893,24.1525030628745,24.1161193330435,24.1888737710728,24.0693210964281,24.0589185591878,23.9860709383021,23.9131709850186,23.9652477249841,24.266767216777,24.2719579925803,24.16809210295,24.0797225681742,23.9964809427924,24.017297749009,24.1213178064842,24.0433127548394,24.1473061847397,24.0277045513642,24.02250128355,23.8506435764983,23.8454312178827,23.9548345155266,23.9392126969559,23.756780074744,24.1213178064842,24.1992630121316,24.1317139554589,24.0589185591878,24.1005223164376,23.9652477249841,23.9652477249841,24.0381102869696,23.9964809427924,23.8714903310769,23.8714903310769,23.8662790443357,23.8767013499485,23.7776461473113,23.7202540996537,24.0277045513642,23.9287968145261,23.9756598658044,23.9756598658044,24.2563848704595,24.2511932998677,24.1109205935815,24.0797225681742,24.16809210295,24.1732879183289,24.1317139554589,24.1317139554589,24.2252314710217,24.0849229045849,24.266767216777,24.0277045513642,24.0381102869696,24.0381102869696,24.0589185591878,24.0068898795898,23.8662790443357,24.1473061847397,24.1836787523513,24.0797225681742,24.0849229045849,24.0745219654683,24.0120939477021,24.0537168909092,23.8819121009899,24.032907552491,24.0277045513642,24.0120939477021,24.0589185591878,24.0433127548394,24.0745219654683,24.0485149561396,24.0589185591878,24.0797225681742,24.0537168909092,24.032907552491,24.0537168909092,24.1109205935815,24.1628960219406,24.1161193330435,24.0381102869696,24.1525030628745,24.0589185591878,24.1473061847397,24.1057215880592,24.1265160139431,24.0901229747396,24.1992630121316,24.220038309803,24.0849229045849,24.2771485035319,24.1473061847397,24.261576176083,24.1473061847397,24.1576996752618,24.261576176083,24.3238511901693,24.2875287310348,24.2771485035319,24.1732879183289,24.3757179413665,24.2460014642685,24.3601606905737,24.3705324552306,24.261576176083,24.235616997893,24.235616997893,24.2408093636233,24.3186630611374,24.2460014642685,24.1732879183289,24.1213178064842,24.1784834681163,24.2044572345467,24.2096511916044,24.1473061847397,24.266767216777,24.16809210295,24.2408093636233,24.2511932998677,24.3186630611374,24.2460014642685,24.2719579925803,24.2304243670388,24.19406852432,24.1992630121316,24.2719579925803,24.3186630611374,24.2563848704595,24.2823387496704,24.2096511916044,24.19406852432,24.2511932998677,24.3653467049792,24.3342266548802,24.3394139906367,24.2927184476639,24.2927184476639,24.1888737710728,24.2875287310348,24.2304243670388,24.2875287310348,24.3653467049792,24.4275582848784,24.3446010620456,24.2563848704595,24.1992630121316,24.220038309803,24.220038309803,24.0745219654683,24.235616997893,24.1161193330435,24.2252314710217,24.1369116310709,24.2252314710217,24.1888737710728,24.0953227786774,24.1628960219406,24.0589185591878,24.0589185591878,24.1265160139431,24.19406852432,24.2044572345467,24.1628960219406,24.1109205935815,24.0849229045849,24.1161193330435,24.0641199610143,24.0641199610143,24.0589185591878,24.0849229045849,24.1888737710728,24.1732879183289,24.16809210295,24.2875287310348,24.3030970868713,24.2719579925803,24.2460014642685,24.2408093636233,24.2408093636233,24.2096511916044,24.16809210295,24.1525030628745,24.1265160139431,24.0953227786774,24.0797225681742,24.1369116310709,24.2511932998677,24.1992630121316,24.2511932998677,24.3705324552306,24.1473061847397,24.1888737710728,24.2096511916044,24.3860881214467,24.2460014642685,24.2460014642685,24.3238511901693,24.2927184476639,24.3705324552306,24.2719579925803,24.3290390547373,24.1421090408181,24.2304243670388,24.1836787523513,24.1317139554589,24.1473061847397,24.1992630121316,24.2044572345467,24.1317139554589,24.0849229045849,24.2979078995965,24.313474667603,24.1109205935815,24.0849229045849,24.0693210964281,24.032907552491,24.313474667603,24.6036184425424,24.7587137017957,24.8671404277798,24.8516579356668,24.836173098535,24.8206859153626,24.8310109648659,24.8464965838976,24.7638794888426,24.8671404277798,24.8774607869049,24.7638794888426,24.8877801045559,24.8671404277798
24.396457245529,24.0953227786774,24.1057215880592,24.2304243670388,24.2304243670388,24.2304243670388,24.1732879183289,24.1317139554589,24.0745219654683,24.1628960219406,24.1369116310709,23.9548345155266,24.1732879183289,24.2408093636233,24.1421090408181,24.1421090408181,24.1992630121316,24.0433127548394,24.0120939477021,24.0433127548394,24.0953227786774,24.1213178064842,24.0120939477021,24.0068898795898,24.1525030628745,23.8402185911997,23.9131709850186,23.9183798623554,23.7672136483527,23.756780074744,23.9235884721781,24.0068898795898,23.9860709383021,23.9600412538547,23.9600412538547,24.1005223164376,24.1005223164376,24.19406852432,24.1057215880592,23.7672136483527,23.8819121009899,23.9756598658044,23.8767013499485,23.9652477249841,23.9756598658044,24.032907552491,23.7985079225496,24.1473061847397,24.1317139554589,24.1005223164376,24.1109205935815,24.1161193330435,24.19406852432,24.1836787523513,24.235616997893,24.1888737710728,24.1992630121316,24.0120939477021,24.220038309803,24.1161193330435,24.032907552491,24.0485149561396,24.1628960219406,23.9912760740285,23.9704539289542,24.1888737710728,24.266767216777,24.1836787523513,24.1888737710728,24.0745219654683,23.9392126969559,23.9392126969559,23.9079618401281,24.0277045513642,24.0745219654683,24.032907552491,24.1265160139431,24.1057215880592,24.0901229747396,24.0589185591878,24.0589185591878,24.0745219654683,24.0433127548394,24.0120939477021,24.1213178064842,24.0953227786774,24.1836787523513,24.0953227786774,24.1628960219406,24.1421090408181,24.2563848704595,24.0901229747396,24.1732879183289,23.9964809427924,24.1992630121316,24.2044572345467,24.2096511916044,24.1784834681163,24.1732879183289,24.1421090408181,24.1005223164376,24.235616997893,24.19406852432,24.3082860095273,24.2252314710217,24.3030970868713,24.2719579925803,24.2771485035319,24.2511932998677,24.2511932998677,24.3446010620456,24.3342266548802,24.2719579925803,24.313474667603,24.3186630611374,24.3238511901693,24.2460014642685,24.2408093636233,24.2096511916044,24.1732879183289,24.19406852432,24.1369116310709,24.2148448833435,24.2148448833435,24.2252314710217,24.1628960219406,24.2875287310348,24.235616997893,24.2563848704595,24.2044572345467,24.2460014642685,24.2304243670388,24.1836787523513,24.2096511916044,24.0120939477021,24.1888737710728,24.2408093636233,24.2563848704595,24.2927184476639,24.2875287310348,24.3601606905737,24.3446010620456,24.3290390547373,24.2979078995965,24.313474667603,24.3238511901693,24.3186630611374,24.2979078995965,24.2979078995965,24.266767216777,24.3601606905737,24.417192326936,24.3653467049792,24.3082860095273,24.313474667603,24.2511932998677,24.2460014642685,24.1992630121316,24.1836787523513,24.2460014642685,24.2875287310348,24.2304243670388,24.2563848704595,24.1576996752618,24.1005223164376,24.1525030628745,24.1109205935815,24.1784834681163,24.19406852432,24.1576996752618,24.1317139554589,24.2252314710217,24.1525030628745,24.1213178064842,24.1525030628745,24.0745219654683,24.017297749009,24.032907552491,24.0537168909092,24.0797225681742,24.1576996752618,24.1421090408181,24.2252314710217,24.3809031634257,24.261576176083,24.3601606905737,24.2252314710217,24.1888737710728,24.3030970868713,24.313474667603,24.1992630121316,24.1473061847397,24.1836787523513,24.1732879183289,24.0953227786774,24.1213178064842,24.2304243670388,24.220038309803,24.3342266548802,24.1628960219406,24.3757179413665,24.1992630121316,24.266767216777,24.3446010620456,24.3446010620456,24.3912728154683,24.3238511901693,24.3446010620456,24.3549744119754,24.3290390547373,24.2771485035319,24.3082860095273,24.220038309803,24.19406852432,24.235616997893,24.1628960219406,24.1369116310709,24.1161193330435,24.1421090408181,24.313474667603,24.313474667603,24.2148448833435,24.1109205935815,24.1265160139431,24.0953227786774,24.4275582848784,24.6760255545029,24.7277134921382,24.9290469664651,24.8413349715329,24.7535476535085,24.7225458756109,24.8774607869049,24.8723007375455,24.8671404277798,24.7793752829217,24.8671404277798,24.7742102793675,24.9496741564303,24.86197985757
24.0797225681742,24.1992630121316,24.0953227786774,24.2408093636233,24.1992630121316,24.1057215880592,24.2148448833435,24.1213178064842,24.2148448833435,24.1784834681163,23.9912760740285,23.9392126969559,24.1213178064842,24.0849229045849,24.0537168909092,24.1888737710728,24.1628960219406,24.1057215880592,24.0693210964281,24.1109205935815,24.1265160139431,24.1213178064842,24.1265160139431,24.032907552491,24.0120939477021,24.1317139554589,24.017297749009,24.2148448833435,23.9340048894389,23.9444202371166,24.1057215880592,24.0745219654683,24.0537168909092,24.1317139554589,24.1525030628745,24.0641199610143,24.0120939477021,24.02250128355,23.8714903310769,23.8610674896852,23.855855667086,24.1005223164376,24.1836787523513,23.9860709383021,23.9808655355738,23.9496275099604,24.02250128355,24.1161193330435,24.266767216777,24.2563848704595,24.1161193330435,24.1161193330435,24.1369116310709,24.1473061847397,24.19406852432,24.1732879183289,24.1992630121316,24.1213178064842,24.2823387496704,24.1836787523513,24.16809210295,24.1836787523513,24.1576996752618,24.1836787523513,24.1161193330435,24.1784834681163,24.1888737710728,24.261576176083,24.0953227786774,23.9340048894389,23.9496275099604,23.9287968145261,23.8297925334724,23.9496275099604,24.0485149561396,24.1421090408181,24.1628960219406,24.0693210964281,24.1005223164376,24.1784834681163,24.0797225681742,24.19406852432,24.017297749009,24.1109205935815,24.0433127548394,24.1836787523513,24.1732879183289,24.1317139554589,24.1421090408181,24.2408093636233,24.1525030628745,24.1628960219406,24.1836787523513,24.1576996752618,24.2304243670388,24.2044572345467,24.1992630121316,24.1836787523513,24.1576996752618,24.1057215880592,24.1525030628745,24.1888737710728,24.2460014642685,24.2460014642685,24.220038309803,24.19406852432,24.266767216777,24.2252314710217,24.2304243670388,24.2460014642685,24.2563848704595,24.3497878691456,24.313474667603,24.3446010620456,24.2511932998677,24.261576176083,24.2563848704595,24.2927184476639,24.1732879183289,24.2927184476639,24.2044572345467,24.2563848704595,24.0953227786774,24.266767216777,24.2096511916044,24.1784834681163,24.2927184476639,24.3238511901693,24.3082860095273,24.2408093636233,24.2096511916044,24.1992630121316,24.1628960219406,24.2044572345467,24.19406852432,24.266767216777,24.235616997893,24.261576176083,24.3082860095273,24.3705324552306,24.3394139906367,24.3705324552306,24.3186630611374,24.3912728154683,24.3186630611374,24.3186630611374,24.2927184476639,24.3912728154683,24.3290390547373,24.3497878691456,24.2927184476639,24.2771485035319,24.2823387496704,24.1473061847397,24.1836787523513,24.235616997893,24.3082860095273,24.2875287310348,24.3601606905737,24.1732879183289,24.1836787523513,24.2563848704595,24.1576996752618,24.2304243670388,24.1525030628745,24.1005223164376,24.1836787523513,24.220038309803,24.1421090408181,24.2460014642685,24.2511932998677,24.2096511916044,24.2148448833435,24.1421090408181,24.1161193330435,24.0849229045849,24.1213178064842,24.0068898795898,24.0953227786774,24.0641199610143,24.1473061847397,24.16809210295,24.2148448833435,24.2823387496704,24.3549744119754,24.2511932998677,24.4379231880585,24.261576176083,24.1992630121316,24.3030970868713,24.1732879183289,24.1732879183289,24.19406852432,24.16809210295,24.1525030628745,24.1005223164376,24.2304243670388,24.2304243670388,24.2252314710217,24.16809210295,24.0641199610143,24.2304243670388,24.1525030628745,24.3653467049792,24.3809031634257,24.2927184476639,24.3186630611374,24.3342266548802,24.261576176083,24.3030970868713,24.3238511901693,24.2563848704595,24.3290390547373,24.1317139554589,24.1421090408181,24.2304243670388,24.235616997893,24.1992630121316,24.1213178064842,24.1784834681163,24.1421090408181,24.1888737710728,24.1265160139431,24.16809210295,24.2044572345467,24.4275582848784,24.6553430497988,24.7793752829217,24.8723007375455,24.9084156166453,24.8413349715329,24.86197985757,24.8826205758957,24.8568190268782,24.836173098535,24.9135738442187,24.9290469664651,24.9445177487934,24.8774607869049,24.8723007375455
24.3757179413665,24.0953227786774,24.1784834681163,24.1888737710728,24.1836787523513,24.1213178064842,24.1992630121316,24.2096511916044,24.2460014642685,24.220038309803,24.0953227786774,24.1628960219406,24.1732879183289,24.19406852432,24.1628960219406,24.0901229747396,24.1525030628745,24.0016855446331,24.1576996752618,24.1473061847397,24.0745219654683,24.235616997893,23.9964809427924,24.0589185591878,24.0641199610143,24.0693210964281,24.0381102869696,24.1576996752618,24.0016855446331,23.9652477249841,24.1109205935815,24.032907552491,24.0641199610143,24.0849229045849,24.16809210295,24.0277045513642,24.0849229045849,24.02250128355,24.0277045513642,24.1265160139431,24.017297749009,24.0745219654683,24.0277045513642,23.9964809427924,23.9548345155266,23.8089371994645,23.9912760740285,24.1628960219406,24.1836787523513,24.1836787523513,24.1265160139431,24.1888737710728,24.1473061847397,24.1576996752618,24.2252314710217,24.19406852432,24.1628960219406,24.2304243670388,24.261576176083,24.0433127548394,24.220038309803,24.3030970868713,24.2408093636233,24.1836787523513,24.1421090408181,24.0381102869696,23.9548345155266,24.0849229045849,24.1213178064842,24.2252314710217,24.0693210964281,23.9704539289542,23.9340048894389,24.0745219654683,24.0277045513642,24.0901229747396,24.0745219654683,24.2304243670388,24.2148448833435,24.02250128355,24.1109205935815,24.2044572345467,24.1057215880592,24.19406852432,24.2148448833435,24.1265160139431,24.1369116310709,24.16809210295,24.235616997893,24.1576996752618,24.1628960219406,24.2252314710217,24.1421090408181,24.1888737710728,24.1161193330435,24.1836787523513,24.19406852432,24.3186630611374,24.3342266548802,24.3394139906367,24.220038309803,24.2563848704595,24.266767216777,24.3290390547373,24.19406852432,24.3030970868713,24.266767216777,24.19406852432,24.2148448833435,24.2044572345467,24.3549744119754,24.3394139906367,24.3394139906367,24.2460014642685,24.3238511901693,24.2563848704595,24.1421090408181,24.3186630611374,24.220038309803,24.3757179413665,24.2304243670388,24.235616997893,24.16809210295,24.266767216777,24.2511932998677,24.2148448833435,24.261576176083,24.2408093636233,24.1888737710728,24.19406852432,24.1888737710728,24.2252314710217,24.3030970868713,24.266767216777,24.1888737710728,24.2511932998677,24.2563848704595,24.1888737710728,24.3342266548802,24.3394139906367,24.266767216777,24.2148448833435,24.2511932998677,24.3549744119754,24.2927184476639,24.2044572345467,24.2408093636233,24.3030970868713,24.3186630611374,24.2771485035319,24.3238511901693,24.3342266548802,24.3238511901693,24.16809210295,24.1576996752618,24.3186630611374,24.2148448833435,24.2304243670388,24.2148448833435,24.2252314710217,24.1784834681163,24.1628960219406,24.2408093636233,24.1473061847397,24.0745219654683,24.1421090408181,24.1213178064842,24.2511932998677,24.1421090408181,24.1161193330435,24.1836787523513,24.19406852432,24.2044572345467,24.266767216777,24.1473061847397,24.1888737710728,24.032907552491,24.0433127548394,24.0433127548394,24.0901229747396,24.032907552491,24.1421090408181,24.16809210295,24.1836787523513,24.2252314710217,24.235616997893,24.2460014642685,24.19406852432,24.2511932998677,24.220038309803,24.1784834681163,24.261576176083,24.1732879183289,24.0485149561396,24.0745219654683,24.1369116310709,24.266767216777,24.1888737710728,24.2252314710217,24.235616997893,24.0641199610143,24.1888737710728,24.1005223164376,24.2044572345467,24.220038309803,24.220038309803,24.3860881214467,24.2823387496704,24.2563848704595,24.2511932998677,24.2875287310348,24.313474667603,24.313474667603,24.1576996752618,24.1421090408181,24.2408093636233,24.2511932998677,24.16809210295,24.1109205935815,24.1109205935815,24.1057215880592,24.1836787523513,24.2044572345467,24.1628960219406,24.2823387496704,24.4327408682945,24.7328808471969,24.86197985757,24.8568190268782,24.8826205758957,24.8929393729232,24.8671404277798,24.86197985757,24.836173098535,24.8774607869049,24.8929393729232,24.9290469664651,24.8929393729232,24.8826205758957,24.8774607869049
24.2563848704595,24.2148448833435,24.0953227786774,24.1836787523513,24.19406852432,24.16809210295,24.16809210295,24.0381102869696,24.220038309803,24.2148448833435,24.1576996752618,24.220038309803,24.1836787523513,24.261576176083,24.19406852432,24.0901229747396,24.1525030628745,24.1421090408181,24.0068898795898,24.1213178064842,24.1421090408181,24.0901229747396,24.02250128355,24.0953227786774,23.9808655355738,24.1576996752618,23.8767013499485,24.1525030628745,24.017297749009,24.0485149561396,24.017297749009,24.0693210964281,24.0485149561396,23.8923327997404,23.9652477249841,23.9600412538547,24.0745219654683,23.9704539289542,24.0797225681742,24.0797225681742,24.1732879183289,24.1836787523513,24.1265160139431,24.0381102869696,24.02250128355,23.9704539289542,24.1317139554589,24.1525030628745,24.2096511916044,24.1005223164376,24.0745219654683,24.0745219654683,24.2252314710217,24.3809031634257,24.2563848704595,24.2252314710217,24.2511932998677,24.2511932998677,24.16809210295,24.2044572345467,24.2511932998677,24.1992630121316,24.1784834681163,24.1109205935815,24.0537168909092,23.9652477249841,23.9652477249841,24.0745219654683,23.9548345155266,24.2096511916044,24.1473061847397,24.0120939477021,23.9444202371166,24.0589185591878,24.0016855446331,24.0745219654683,24.2252314710217,24.235616997893,24.2252314710217,24.1836787523513,24.1369116310709,24.1576996752618,24.0953227786774,24.220038309803,24.1732879183289,24.1369116310709,24.1161193330435,24.2096511916044,24.1317139554589,24.1265160139431,24.1836787523513,24.2252314710217,24.2304243670388,24.1005223164376,24.2096511916044,24.2096511916044,24.3394139906367,24.3290390547373,24.3186630611374,24.3186630611374,24.3290390547373,24.2511932998677,24.3238511901693,24.1992630121316,24.1473061847397,24.1784834681163,24.3030970868713,24.3601606905737,24.2875287310348,24.266767216777,24.3446010620456,24.3705324552306,24.3653467049792,24.3342266548802,24.3238511901693,24.3549744119754,24.313474667603,24.2719579925803,24.1888737710728,24.2979078995965,24.2511932998677,24.2511932998677,24.1317139554589,24.266767216777,24.2823387496704,24.3549744119754,24.3030970868713,24.1784834681163,24.1369116310709,24.1784834681163,24.19406852432,24.3238511901693,24.3601606905737,24.2927184476639,24.2511932998677,24.1992630121316,24.1992630121316,24.2408093636233,24.261576176083,24.2044572345467,24.2875287310348,24.261576176083,24.1732879183289,24.3030970868713,24.3601606905737,24.1992630121316,24.2719579925803,24.2771485035319,24.2460014642685,24.2408093636233,24.2563848704595,24.2979078995965,24.2719579925803,24.1836787523513,24.2044572345467,24.1732879183289,24.266767216777,24.266767216777,24.261576176083,24.1473061847397,24.2408093636233,24.2408093636233,24.1628960219406,24.2252314710217,24.16809210295,24.0849229045849,24.3342266548802,24.2096511916044,24.1213178064842,24.261576176083,24.1369116310709,24.1576996752618,24.1836787523513,24.1836787523513,24.1628960219406,24.1109205935815,24.1213178064842,24.1317139554589,24.1161193330435,24.0589185591878,24.0641199610143,24.0953227786774,24.1732879183289,24.1992630121316,24.2719579925803,24.261576176083,24.235616997893,24.1888737710728,24.1628960219406,24.2044572345467,24.3290390547373,24.2771485035319,24.2875287310348,24.1369116310709,24.0433127548394,24.1265160139431,24.2927184476639,24.2719579925803,24.2875287310348,24.2460014642685,24.1992630121316,24.16809210295,24.261576176083,24.1992630121316,24.235616997893,24.2096511916044,24.19406852432,24.2771485035319,24.1888737710728,24.2719579925803,24.2927184476639,24.2979078995965,24.2252314710217,24.1628960219406,24.261576176083,24.1784834681163,24.1732879183289,24.2719579925803,24.1576996752618,24.1005223164376,24.1109205935815,24.0277045513642,24.1888737710728,24.2096511916044,24.2096511916044,24.417192326936,24.7535476535085,24.8516579356668,24.8774607869049,24.918731811688,25.0424450977087,25.0321413659635,24.8980983810354,24.8516579356668,24.9032571289301,24.9084156166453,24.9084156166453,24.8826205758957,24.9032571289301,24.8464965838976
24.2044572345467,24.2460014642685,24.1992630121316,24.2096511916044,24.1576996752618,24.1525030628745,24.1992630121316,24.2096511916044,24.1421090408181,24.1992630121316,24.220038309803,24.2044572345467,24.19406852432,24.1836787523513,24.1836787523513,23.9912760740285,24.1317139554589,24.0693210964281,24.1732879183289,24.1109205935815,24.1265160139431,24.1005223164376,24.0433127548394,23.9912760740285,23.9652477249841,24.1421090408181,24.0849229045849,23.9964809427924,24.0068898795898,24.1576996752618,24.0277045513642,23.9860709383021,23.9704539289542,23.9027524276446,23.8975427475285,23.9704539289542,23.9964809427924,24.0953227786774,24.0381102869696,24.0797225681742,24.1473061847397,24.2044572345467,24.235616997893,24.1421090408181,23.9964809427924,23.8297925334724,24.1473061847397,24.0433127548394,24.1888737710728,24.0797225681742,24.0797225681742,24.0120939477021,24.0693210964281,24.2148448833435,24.1784834681163,24.0589185591878,24.220038309803,24.1784834681163,24.16809210295,24.0745219654683,24.1836787523513,24.0485149561396,23.8141514353848,24.0120939477021,24.1213178064842,24.1421090408181,23.9652477249841,23.9548345155266,23.9392126969559,24.1421090408181,23.8975427475285,23.9183798623554,24.0849229045849,24.1005223164376,24.2252314710217,23.8193654029997,24.2044572345467,24.2148448833435,24.2408093636233,24.3394139906367,24.1888737710728,24.19406852432,24.1784834681163,24.1836787523513,24.2096511916044,24.19406852432,24.2148448833435,24.1836787523513,24.1628960219406,24.220038309803,24.235616997893,24.2044572345467,24.1161193330435,24.2927184476639,24.2148448833435,24.2304243670388,24.3186630611374,24.3653467049792,24.3912728154683,24.3809031634257,24.266767216777,24.3082860095273,24.3601606905737,24.3238511901693,24.1369116310709,24.1888737710728,24.3549744119754,24.417192326936,24.4482870367845,24.3809031634257,24.2719579925803,24.3549744119754,24.3601606905737,24.3238511901693,24.3394139906367,24.3342266548802,24.2927184476639,24.235616997893,24.3290390547373,24.2771485035319,24.313474667603,24.2408093636233,24.220038309803,24.313474667603,24.3860881214467,24.266767216777,24.313474667603,24.1732879183289,24.1732879183289,24.1836787523513,24.4068253139224,24.2823387496704,24.4741920473867,24.1888737710728,24.2096511916044,24.16809210295,24.2979078995965,24.1213178064842,24.2771485035319,24.4223754377718,24.3497878691456,24.2511932998677,24.2460014642685,24.266767216777,24.2875287310348,24.220038309803,24.2719579925803,24.2875287310348,24.4068253139224,24.2927184476639,24.2408093636233,24.3030970868713,24.3186630611374,24.313474667603,24.1992630121316,24.2304243670388,24.2875287310348,24.3186630611374,24.261576176083,24.1525030628745,24.2252314710217,24.261576176083,24.2563848704595,24.2252314710217,24.0745219654683,24.2771485035319,24.0849229045849,24.220038309803,24.1421090408181,24.2460014642685,24.1992630121316,24.1473061847397,24.1992630121316,24.1473061847397,24.3394139906367,24.1888737710728,24.1005223164376,24.1369116310709,24.0901229747396,24.1784834681163,24.1784834681163,24.1317139554589,24.2563848704595,24.3082860095273,24.3238511901693,24.2460014642685,24.220038309803,24.1525030628745,24.1888737710728,24.16809210295,24.1732879183289,24.266767216777,24.2096511916044,24.1992630121316,24.1525030628745,24.2148448833435,24.2875287310348,24.266767216777,24.2148448833435,24.2875287310348,24.235616997893,24.2044572345467,24.3238511901693,24.2511932998677,24.1992630121316,24.220038309803,24.2927184476639,24.2719579925803,24.261576176083,24.2304243670388,24.266767216777,24.3030970868713,24.3186630611374,24.3446010620456,24.3549744119754,24.2096511916044,24.2563848704595,24.2979078995965,24.3030970868713,24.1836787523513,24.1005223164376,24.1784834681163,24.19406852432,24.2044572345467,24.3030970868713,24.4327408682945,24.6605140688826,24.8877801045559,24.8568190268782,24.9084156166453,24.8568190268782,24.9084156166453,25.0012239478063,24.9032571289301,24.918731811688,24.9342041538485,24.9032571289301,24.8929393729232,24.918731811688,24.9135738442187
24.3342266548802,24.3394139906367,24.220038309803,24.235616997893,24.2044572345467,24.3809031634257,24.3238511901693,24.1836787523513,24.3238511901693,24.2252314710217,24.19406852432,24.2460014642685,24.3446010620456,24.19406852432,24.220038309803,24.1628960219406,24.1369116310709,24.0589185591878,24.1888737710728,24.1005223164376,24.1213178064842,24.1369116310709,24.0433127548394,23.9496275099604,24.0745219654683,24.0797225681742,24.1369116310709,24.2252314710217,24.1576996752618,24.1628960219406,23.9131709850186,23.9444202371166,24.0016855446331,23.9756598658044,23.9287968145261,23.9808655355738,24.1317139554589,23.9756598658044,24.1161193330435,24.1732879183289,24.1836787523513,24.1732879183289,24.2719579925803,24.0693210964281,24.0797225681742,24.1161193330435,24.1421090408181,24.1005223164376,24.0953227786774,24.02250128355,24.0849229045849,24.2044572345467,24.266767216777,24.16809210295,24.1888737710728,24.261576176083,24.2719579925803,24.2408093636233,24.2096511916044,24.1369116310709,24.1369116310709,24.1888737710728,24.0485149561396,24.1576996752618,24.2044572345467,24.2460014642685,24.1628960219406,23.9756598658044,23.9287968145261,24.16809210295,23.8297925334724,23.9912760740285,24.0901229747396,24.2044572345467,24.1576996752618,24.0068898795898,24.2252314710217,24.235616997893,24.220038309803,24.1473061847397,24.3290390547373,24.4120089523324,24.1732879183289,24.1473061847397,24.19406852432,24.2563848704595,24.2044572345467,24.1576996752618,24.1161193330435,24.1317139554589,24.2771485035319,24.1888737710728,24.19406852432,24.235616997893,24.2148448833435,24.2563848704595,24.3705324552306,24.3757179413665,24.4223754377718,24.4275582848784,24.3394139906367,24.313474667603,24.2511932998677,24.3757179413665,24.3394139906367,24.220038309803,24.3446010620456,24.4897318933139,24.4534685658236,24.3342266548802,24.3290390547373,24.235616997893,24.3186630611374,24.3601606905737,24.3446010620456,24.3238511901693,24.2927184476639,24.220038309803,24.2979078995965,24.2979078995965,24.261576176083,24.2408093636233,24.2823387496704,24.2979078995965,24.3757179413665,24.2719579925803,24.3601606905737,24.1628960219406,24.1784834681163,24.1732879183289,24.3030970868713,24.4638308334468,24.2252314710217,24.220038309803,24.1992630121316,24.1732879183289,24.1525030628745,24.1576996752618,24.2927184476639,24.2823387496704,24.2719579925803,24.3030970868713,24.266767216777,24.2979078995965,24.2148448833435,24.266767216777,24.2875287310348,24.3342266548802,24.261576176083,24.235616997893,24.19406852432,24.2927184476639,24.2927184476639,24.3601606905737,24.3497878691456,24.2563848704595,24.2719579925803,24.2460014642685,24.2823387496704,24.3238511901693,24.2979078995965,24.1784834681163,24.2408093636233,24.2096511916044,24.2511932998677,24.2408093636233,24.2460014642685,24.2304243670388,24.235616997893,24.1525030628745,24.2148448833435,24.2304243670388,24.266767216777,24.261576176083,24.1421090408181,24.1836787523513,24.1213178064842,24.1732879183289,24.1836787523513,24.1784834681163,24.1992630121316,24.1784834681163,24.16809210295,24.2148448833435,24.235616997893,24.2304243670388,24.2511932998677,24.2771485035319,24.2148448833435,24.2148448833435,24.16809210295,24.19406852432,24.2096511916044,24.0745219654683,24.0745219654683,24.1525030628745,24.2771485035319,24.3497878691456,24.2511932998677,24.2875287310348,24.2096511916044,24.2979078995965,24.2771485035319,24.1525030628745,24.2563848704595,24.2252314710217,24.2719579925803,24.2511932998677,24.1992630121316,24.2460014642685,24.1784834681163,24.2979078995965,24.313474667603,24.2044572345467,24.1888737710728,24.1213178064842,24.2460014642685,24.3082860095273,24.2823387496704,24.1473061847397,24.19406852432,24.2096511916044,24.2044572345467,24.2096511916044,24.220038309803,24.5311599032229,24.68119552596,24.8568190268782,24.9857617364743,25.0733500742259,24.8671404277798,24.8929393729232,24.8929393729232,24.8774607869049,24.9238895190908,24.9702971889533,24.9496741564303,24.9084156166453,24.8877801045559,24.918731811688
24.235616997893,24.3186630611374,24.3238511901693,24.4275582848784,24.3446010620456,24.4068253139224,24.2044572345467,24.3030970868713,24.2823387496704,24.2927184476639,24.2460014642685,24.2823387496704,24.3653467049792,24.3497878691456,24.3860881214467,24.2927184476639,24.1992630121316,24.0537168909092,24.1888737710728,24.1057215880592,24.1265160139431,24.1421090408181,24.1784834681163,24.02250128355,24.1628960219406,23.9808655355738,23.9860709383021,24.1473061847397,24.220038309803,24.032907552491,24.1525030628745,23.9808655355738,23.9912760740285,23.9756598658044,24.0849229045849,23.9808655355738,24.1525030628745,24.0797225681742,24.1317139554589,24.220038309803,24.1732879183289,24.16809210295,24.1213178064842,24.1213178064842,24.0381102869696,24.02250128355,24.0693210964281,24.1057215880592,24.0693210964281,24.0797225681742,24.0745219654683,24.0745219654683,24.2460014642685,24.0693210964281,24.1473061847397,24.235616997893,24.2044572345467,24.0953227786774,24.2563848704595,24.1421090408181,24.220038309803,24.0693210964281,24.1057215880592,24.1109205935815,24.261576176083,24.1265160139431,24.2148448833435,24.0745219654683,24.0485149561396,24.2771485035319,24.1628960219406,24.1836787523513,24.1784834681163,24.2148448833435,24.1317139554589,24.0641199610143,24.16809210295,24.1057215880592,24.1265160139431,24.1576996752618,24.1421090408181,24.3238511901693,24.16809210295,24.1265160139431,24.1732879183289,24.19406852432,24.16809210295,24.1057215880592,24.1109205935815,24.220038309803,24.16809210295,24.220038309803,24.2096511916044,24.1836787523513,24.3238511901693,24.2719579925803,24.4379231880585,24.4897318933139,24.4327408682945,24.4016414116675,24.4897318933139,24.4016414116675,24.3549744119754,24.2979078995965,24.3653467049792,24.2927184476639,24.261576176083,24.525982322611,24.5466910676864,24.3860881214467,24.2304243670388,24.3394139906367,24.3809031634257,24.4845522079513,24.3757179413665,24.3860881214467,24.3290390547373,24.3653467049792,24.2148448833435,24.1784834681163,24.2823387496704,24.3082860095273,24.2875287310348,24.3290390547373,24.3653467049792,24.3238511901693,24.3238511901693,24.2511932998677,24.1265160139431,24.2304243670388,24.3549744119754,24.4068253139224,24.2096511916044,24.2460014642685,24.1473061847397,24.1732879183289,24.2563848704595,24.2771485035319,24.2771485035319,24.2875287310348,24.3030970868713,24.2460014642685,24.3030970868713,24.3082860095273,24.1992630121316,24.2096511916044,24.1836787523513,24.220038309803,24.1576996752618,24.19406852432,24.2044572345467,24.19406852432,24.16809210295,24.266767216777,24.3082860095273,24.3446010620456,24.2408093636233,24.3082860095273,24.1628960219406,24.1628960219406,24.2927184476639,24.2511932998677,24.1732879183289,24.261576176083,24.2304243670388,24.3342266548802,24.2044572345467,24.266767216777,24.2304243670388,24.1576996752618,24.1888737710728,24.2252314710217,24.2304243670388,24.2096511916044,24.2511932998677,24.1317139554589,24.1784834681163,24.0849229045849,24.1421090408181,24.0849229045849,24.0641199610143,24.2408093636233,24.16809210295,24.266767216777,24.266767216777,24.4223754377718,24.2304243670388,24.235616997893,24.2304243670388,24.2408093636233,24.1265160139431,24.1992630121316,24.2511932998677,24.1992630121316,24.19406852432,24.1888737710728,24.2875287310348,24.3860881214467,24.313474667603,24.2511932998677,24.3186630611374,24.2408093636233,24.3238511901693,24.2408093636233,24.4068253139224,24.3082860095273,24.4327408682945,24.266767216777,24.313474667603,24.1732879183289,24.1265160139431,24.235616997893,24.2511932998677,24.1888737710728,24.2304243670388,24.2148448833435,24.3082860095273,24.2148448833435,24.2460014642685,24.2927184476639,24.19406852432,24.1888737710728,24.1888737710728,24.1576996752618,24.3186630611374,24.6398284203822,24.86197985757,24.8929393729232,24.8929393729232,24.9084156166453,24.8929393729232,25.0063774992726,24.9342041538485,24.8774607869049,24.9342041538485,24.918731811688,24.9909160664447,24.9342041538485,24.9032571289301,24.9651418204509
24.6036184425424,24.5104480028654,24.4534685658236,24.4741920473867,24.5673956078683,24.5156263724707,24.3497878691456,24.3238511901693,24.3082860095273,24.313474667603,24.2719579925803,24.2927184476639,24.2875287310348,24.3238511901693,24.2252314710217,24.3601606905737,24.2408093636233,24.220038309803,24.2511932998677,24.1525030628745,24.1473061847397,24.1109205935815,24.1109205935815,24.02250128355,23.9704539289542,24.1836787523513,24.1317139554589,24.2044572345467,24.1836787523513,24.16809210295,24.1576996752618,24.0068898795898,23.9496275099604,23.9027524276446,23.9808655355738,24.0693210964281,23.9860709383021,24.0797225681742,24.3030970868713,24.3030970868713,24.2927184476639,24.3238511901693,24.2875287310348,24.1628960219406,24.2511932998677,24.1161193330435,24.0797225681742,24.1109205935815,24.1161193330435,23.9235884721781,23.8767013499485,23.855855667086,24.0693210964281,24.1421090408181,24.0901229747396,24.1005223164376,24.4068253139224,24.396457245529,24.2408093636233,24.0537168909092,24.1576996752618,24.1369116310709,24.1525030628745,24.2460014642685,24.2304243670388,24.2563848704595,24.2719579925803,24.2460014642685,24.0901229747396,24.2148448833435,24.3705324552306,24.313474667603,24.1317139554589,24.0797225681742,24.1369116310709,24.1213178064842,24.261576176083,24.2304243670388,24.1525030628745,24.1888737710728,24.1576996752618,24.1161193330435,24.2044572345467,24.266767216777,24.2096511916044,24.1525030628745,24.0953227786774,24.0849229045849,24.032907552491,24.1213178064842,24.2875287310348,24.2148448833435,24.19406852432,24.0433127548394,24.3809031634257,24.4275582848784,24.2719579925803,24.5777463018912,24.4741920473867,24.417192326936,24.4793722593216,24.4949113154483,24.4690115721079,24.2771485035319,24.2719579925803,24.1576996752618,24.3601606905737,24.3705324552306,24.4949113154483,24.4690115721079,24.4120089523324,24.3757179413665,24.4016414116675,24.4379231880585,24.3653467049792,24.3446010620456,24.3446010620456,24.313474667603,24.2460014642685,24.2979078995965,24.261576176083,24.19406852432,24.3030970868713,24.3446010620456,24.3394139906367,24.2408093636233,24.3238511901693,24.2252314710217,24.235616997893,24.1161193330435,24.2823387496704,24.4068253139224,24.3446010620456,24.3342266548802,24.1784834681163,24.1525030628745,24.3082860095273,24.3082860095273,24.3030970868713,24.3030970868713,24.3757179413665,24.3082860095273,24.3446010620456,24.3082860095273,24.2460014642685,24.235616997893,24.3082860095273,24.2823387496704,24.2460014642685,24.2304243670388,24.2408093636233,24.1888737710728,24.2252314710217,24.2823387496704,24.3549744119754,24.2096511916044,24.3290390547373,24.2096511916044,24.3290390547373,24.2563848704595,24.3912728154683,24.4016414116675,24.2252314710217,24.2252314710217,24.2927184476639,24.2771485035319,24.2875287310348,24.3030970868713,24.2875287310348,24.1784834681163,24.220038309803,24.2252314710217,24.2304243670388,24.2511932998677,24.2511932998677,24.1628960219406,24.1109205935815,24.220038309803,24.0901229747396,24.0849229045849,24.1576996752618,24.1888737710728,24.1992630121316,24.1836787523513,24.1628960219406,24.3030970868713,24.2252314710217,24.235616997893,24.2927184476639,24.1836787523513,24.235616997893,24.2148448833435,24.2304243670388,24.2252314710217,24.19406852432,24.3342266548802,24.3705324552306,24.3394139906367,24.3446010620456,24.2823387496704,24.4223754377718,24.313474667603,24.2979078995965,24.417192326936,24.4068253139224,24.4431052442089,24.4534685658236,24.3030970868713,24.3082860095273,24.235616997893,24.2304243670388,24.2563848704595,24.2563848704595,24.266767216777,24.1784834681163,24.0537168909092,24.0745219654683,24.220038309803,24.3082860095273,24.2875287310348,24.2719579925803,24.2252314710217,24.19406852432,24.313474667603,24.6139654618445,24.86197985757,24.8206859153626,24.9084156166453,24.9032571289301,24.918731811688,24.9032571289301,24.8258485704877,24.8877801045559,24.8568190268782,24.918731811688,24.9084156166453,24.9342041538485,24.9342041538485,24.9393610812787,25.0887990663117
24.4586498313649,24.4638308334468,24.4638308334468,24.5725710861868,24.5622198668973,24.4845522079513,24.3757179413665,24.3394139906367,24.3342266548802,24.2823387496704,24.1836787523513,24.313474667603,24.3030970868713,24.1784834681163,24.2304243670388,24.2096511916044,24.1836787523513,24.261576176083,24.1784834681163,24.0901229747396,24.1369116310709,24.2460014642685,24.1421090408181,24.1369116310709,24.1473061847397,24.1369116310709,24.1213178064842,24.1421090408181,24.2252314710217,24.1732879183289,24.1732879183289,24.1836787523513,24.0433127548394,24.0068898795898,24.017297749009,23.9548345155266,23.8767013499485,24.1005223164376,24.017297749009,24.1576996752618,24.0745219654683,23.855855667086,23.9392126969559,24.1525030628745,24.2304243670388,24.220038309803,24.1057215880592,24.1473061847397,24.0745219654683,24.0120939477021,23.8454312178827,23.8037226951994,23.9912760740285,23.9808655355738,23.9860709383021,24.235616997893,24.3394139906367,24.2304243670388,24.1473061847397,24.16809210295,23.9860709383021,24.1005223164376,24.032907552491,24.1576996752618,24.1784834681163,24.235616997893,24.0797225681742,24.0901229747396,24.0693210964281,24.0745219654683,24.1005223164376,24.1057215880592,24.1213178064842,24.1213178064842,23.9964809427924,24.235616997893,24.2096511916044,24.266767216777,24.3601606905737,24.2096511916044,24.313474667603,24.1628960219406,24.2719579925803,24.16809210295,24.2044572345467,24.261576176083,24.16809210295,24.1005223164376,24.1784834681163,24.1317139554589,24.19406852432,24.3082860095273,24.2823387496704,24.2875287310348,24.525982322611,24.5208044790397,24.5156263724707,24.6294840235847,24.5156263724707,24.525982322611,24.5363372209139,24.5415142757223,24.4638308334468,24.3549744119754,24.1836787523513,24.3601606905737,24.2719579925803,24.1525030628745,24.4690115721079,24.3809031634257,24.3860881214467,24.3809031634257,24.4120089523324,24.4586498313649,24.4016414116675,24.3394139906367,24.4741920473867,24.3186630611374,24.19406852432,24.2927184476639,24.1836787523513,24.2044572345467,24.261576176083,24.2875287310348,24.2408093636233,24.1784834681163,24.3342266548802,24.2252314710217,24.1784834681163,24.2252314710217,24.3394139906367,24.3653467049792,24.4120089523324,24.3446010620456,24.3290390547373,24.2875287310348,24.3030970868713,24.2979078995965,24.396457245529,24.4068253139224,24.4120089523324,24.2927184476639,24.3394139906367,24.417192326936,24.4638308334468,24.2252314710217,24.2044572345467,24.2304243670388,24.1628960219406,24.16809210295,24.2148448833435,24.1369116310709,24.2148448833435,24.2511932998677,24.1628960219406,24.261576176083,24.1369116310709,24.2044572345467,24.220038309803,24.3082860095273,24.4016414116675,24.2927184476639,24.2771485035319,24.1888737710728,24.4223754377718,24.2304243670388,24.4120089523324,24.2460014642685,24.2304243670388,24.1576996752618,24.1265160139431,24.2408093636233,24.1369116310709,24.2304243670388,24.235616997893,24.1421090408181,24.2563848704595,24.2096511916044,24.1576996752618,24.1265160139431,24.235616997893,24.1576996752618,24.2252314710217,24.1836787523513,24.2304243670388,24.2044572345467,24.1992630121316,24.2408093636233,24.2719579925803,24.220038309803,24.2096511916044,24.220038309803,24.1576996752618,24.1836787523513,24.3809031634257,24.3497878691456,24.3549744119754,24.3186630611374,24.1784834681163,24.3342266548802,24.3238511901693,24.3342266548802,24.3030970868713,24.261576176083,24.3082860095273,24.2563848704595,24.266767216777,24.2771485035319,24.235616997893,24.2511932998677,24.2563848704595,24.2719579925803,24.220038309803,24.2408093636233,24.1369116310709,24.2460014642685,24.16809210295,24.1628960219406,24.1265160139431,24.2096511916044,24.3860881214467,24.266767216777,24.313474667603,24.417192326936,24.7018727940562,24.8877801045559,24.8826205758957,24.8826205758957,24.8980983810354,24.9857617364743,24.8568190268782,24.8723007375455,24.8671404277798,24.9290469664651,24.8980983810354,25.0424450977087,25.124837657352,25.0630494515398,24.8774607869049,24.8103598227198
24.4016414116675,24.4482870367845,24.4638308334468,24.5725710861868,24.4379231880585,24.5570438632356,24.4741920473867,24.3912728154683,24.3394139906367,24.3290390547373,24.2771485035319,24.3238511901693,24.1576996752618,24.261576176083,24.2096511916044,24.1888737710728,24.2148448833435,24.3186630611374,24.313474667603,24.1732879183289,24.1421090408181,24.0901229747396,24.0745219654683,24.1473061847397,24.2979078995965,24.1473061847397,24.1525030628745,24.1213178064842,24.1888737710728,24.0797225681742,24.1836787523513,24.261576176083,24.1525030628745,24.0849229045849,24.0641199610143,24.1836787523513,24.0693210964281,23.9183798623554,23.8610674896852,23.9964809427924,24.0433127548394,24.1473061847397,24.0537168909092,24.1576996752618,24.1317139554589,24.1369116310709,24.2408093636233,24.1888737710728,24.2719579925803,24.0849229045849,23.9131709850186,23.7672136483527,23.9704539289542,23.9808655355738,24.1525030628745,24.1057215880592,24.1525030628745,24.1525030628745,24.1161193330435,24.1369116310709,24.2304243670388,24.235616997893,24.2044572345467,24.16809210295,24.2511932998677,24.1836787523513,24.266767216777,24.1888737710728,24.0745219654683,24.0641199610143,23.8975427475285,23.9287968145261,24.1109205935815,24.0693210964281,24.0485149561396,24.1421090408181,24.220038309803,24.2563848704595,24.235616997893,24.313474667603,24.3446010620456,24.261576176083,24.1992630121316,24.1836787523513,24.2148448833435,24.2719579925803,24.1317139554589,24.1836787523513,24.2408093636233,24.2823387496704,24.2460014642685,24.1992630121316,24.2979078995965,24.4223754377718,24.4223754377718,24.3912728154683,24.3653467049792,24.525982322611,24.5466910676864,24.4120089523324,24.588095945611,24.5363372209139,24.3809031634257,24.2927184476639,24.1784834681163,24.2563848704595,24.220038309803,24.0537168909092,24.3446010620456,24.2511932998677,24.2563848704595,24.4638308334468,24.4327408682945,24.3342266548802,24.4845522079513,24.3497878691456,24.3186630611374,24.3601606905737,24.3809031634257,24.2875287310348,24.1888737710728,24.2875287310348,24.3653467049792,24.3030970868713,24.3030970868713,24.4223754377718,24.3809031634257,24.2252314710217,24.16809210295,24.2304243670388,24.19406852432,24.4327408682945,24.4120089523324,24.1784834681163,24.3186630611374,24.2771485035319,24.2875287310348,24.3082860095273,24.4845522079513,24.396457245529,24.3082860095273,24.3030970868713,24.3601606905737,24.313474667603,24.313474667603,24.3030970868713,24.2927184476639,24.313474667603,24.2979078995965,24.2563848704595,24.2148448833435,24.2460014642685,24.16809210295,24.1992630121316,24.2304243670388,24.2408093636233,24.1005223164376,24.0433127548394,24.1836787523513,24.2096511916044,24.3912728154683,24.3601606905737,24.19406852432,24.2304243670388,24.2511932998677,24.2252314710217,24.2252314710217,24.2979078995965,24.2979078995965,24.3082860095273,24.396457245529,24.3653467049792,24.3549744119754,24.2563848704595,24.261576176083,24.2511932998677,24.16809210295,24.19406852432,24.1057215880592,24.16809210295,24.2096511916044,24.1992630121316,24.0745219654683,24.0641199610143,24.1576996752618,24.19406852432,24.1525030628745,24.2304243670388,24.3238511901693,24.1992630121316,24.2252314710217,24.2408093636233,24.1888737710728,24.2511932998677,24.3912728154683,24.3446010620456,24.313474667603,24.313474667603,24.2823387496704,24.235616997893,24.3082860095273,24.3082860095273,24.3549744119754,24.2511932998677,24.3082860095273,24.3757179413665,24.2771485035319,24.2927184476639,24.2511932998677,24.3030970868713,24.2979078995965,24.4016414116675,24.2719579925803,24.2823387496704,24.266767216777,24.235616997893,24.2304243670388,24.19406852432,24.1317139554589,24.0849229045849,24.2563848704595,24.1888737710728,24.2771485035319,24.2927184476639,24.6243114319154,24.7845400253874,24.8980983810354,24.8774607869049,24.9496741564303,24.9651418204509,24.9393610812787,24.8774607869049,24.8929393729232,24.9135738442187,24.8877801045559,24.86197985757,25.0115307913128,24.9960701368761,24.836173098535,24.9342041538485
24.3238511901693,24.4482870367845,24.6036184425424,24.3860881214467,24.3757179413665,24.4690115721079,24.3497878691456,24.3082860095273,24.396457245529,24.3238511901693,24.235616997893,24.2771485035319,24.2408093636233,24.220038309803,24.1888737710728,24.235616997893,24.2979078995965,24.2148448833435,24.2044572345467,24.1005223164376,24.1888737710728,24.0589185591878,24.1109205935815,24.1473061847397,24.1836787523513,24.017297749009,24.1732879183289,24.017297749009,24.0901229747396,24.19406852432,24.2823387496704,24.2771485035319,24.1992630121316,24.1057215880592,24.1317139554589,24.1628960219406,24.1888737710728,23.9808655355738,24.1576996752618,24.1421090408181,24.0068898795898,24.0589185591878,24.1109205935815,24.1369116310709,24.1992630121316,24.2511932998677,24.0745219654683,24.0693210964281,24.0901229747396,24.0589185591878,24.0641199610143,24.1836787523513,24.1161193330435,24.19406852432,24.1628960219406,24.0901229747396,24.1109205935815,24.235616997893,24.220038309803,24.1732879183289,24.2408093636233,24.2148448833435,24.2044572345467,24.220038309803,24.2563848704595,24.1317139554589,24.1732879183289,24.0433127548394,24.0537168909092,23.9079618401281,23.9027524276446,24.0589185591878,24.1057215880592,24.0849229045849,24.0745219654683,24.1992630121316,24.2771485035319,24.3342266548802,24.3549744119754,24.3549744119754,24.3653467049792,24.2719579925803,24.261576176083,24.2096511916044,24.2875287310348,24.2979078995965,24.1213178064842,24.3290390547373,24.2719579925803,24.1421090408181,24.3809031634257,24.3757179413665,24.313474667603,24.2927184476639,24.2979078995965,24.5156263724707,24.4741920473867,24.525982322611,24.525982322611,24.4845522079513,24.6501717687129,24.525982322611,24.4845522079513,24.3653467049792,24.1836787523513,24.3342266548802,24.2563848704595,24.235616997893,24.2511932998677,24.266767216777,24.2408093636233,24.235616997893,24.3394139906367,24.3860881214467,24.3549744119754,24.2875287310348,24.1836787523513,24.3549744119754,24.3601606905737,24.3238511901693,24.1732879183289,24.3082860095273,24.3238511901693,24.266767216777,24.2875287310348,24.3394139906367,24.4223754377718,24.3860881214467,24.220038309803,24.3290390547373,24.4327408682945,24.6450002255868,24.5104480028654,24.3342266548802,24.2979078995965,24.2979078995965,24.525982322611,24.5466910676864,24.3446010620456,24.4120089523324,24.4223754377718,24.3342266548802,24.3394139906367,24.3030970868713,24.2979078995965,24.2096511916044,24.1628960219406,24.19406852432,24.2460014642685,24.2408093636233,24.2719579925803,24.1836787523513,24.2563848704595,24.1213178064842,24.1369116310709,24.2563848704595,24.16809210295,24.235616997893,24.2304243670388,24.2563848704595,24.1836787523513,24.3809031634257,24.261576176083,24.2460014642685,24.261576176083,24.19406852432,24.3030970868713,24.3082860095273,24.3082860095273,24.1836787523513,24.3705324552306,24.2563848704595,24.3290390547373,24.3912728154683,24.2719579925803,24.1784834681163,24.2148448833435,24.235616997893,24.2823387496704,24.220038309803,24.1473061847397,24.3082860095273,24.1317139554589,24.1473061847397,24.2304243670388,24.2460014642685,24.1992630121316,24.1628960219406,24.2771485035319,24.2460014642685,24.2719579925803,24.2044572345467,24.2771485035319,24.4793722593216,24.4586498313649,24.3912728154683,24.3705324552306,24.2096511916044,24.3290390547373,24.2979078995965,24.266767216777,24.313474667603,24.313474667603,24.3030970868713,24.3082860095273,24.3342266548802,24.3549744119754,24.4068253139224,24.3394139906367,24.3394139906367,24.3860881214467,24.3186630611374,24.3860881214467,24.1732879183289,24.2979078995965,24.3497878691456,24.1784834681163,24.2148448833435,24.266767216777,24.1057215880592,24.1628960219406,24.0745219654683,24.1836787523513,24.3549744119754,24.5570438632356,24.8929393729232,24.9702971889533,24.9702971889533,24.9135738442187,24.7793752829217,24.9754522977662,24.9084156166453,24.8774607869049,24.8826205758957,24.9135738442187,25.0012239478063,25.0115307913128,25.0527477928007,24.9393610812787,24.9651418204509
24.16809210295,24.4223754377718,24.4482870367845,24.4379231880585,24.4586498313649,24.3653467049792,24.3601606905737,24.3082860095273,24.3446010620456,24.3394139906367,24.2408093636233,24.2771485035319,24.19406852432,24.2148448833435,24.3497878691456,24.2460014642685,24.1888737710728,24.1836787523513,24.19406852432,24.220038309803,24.2460014642685,24.1057215880592,24.1213178064842,24.1473061847397,24.16809210295,24.0277045513642,24.02250128355,24.1005223164376,24.16809210295,24.1525030628745,24.2771485035319,24.2875287310348,24.2771485035319,24.0901229747396,24.1057215880592,24.1265160139431,24.1732879183289,24.16809210295,24.0589185591878,24.1784834681163,24.2979078995965,24.1732879183289,24.220038309803,24.1732879183289,24.2511932998677,24.2511932998677,24.0589185591878,24.0693210964281,24.0693210964281,24.1057215880592,24.0641199610143,24.1888737710728,24.2304243670388,24.1576996752618,24.1057215880592,24.1109205935815,24.235616997893,24.3030970868713,24.2408093636233,24.2979078995965,24.2460014642685,24.0485149561396,24.0120939477021,24.0537168909092,24.0745219654683,24.032907552491,24.1109205935815,23.9340048894389,24.1109205935815,24.0433127548394,24.02250128355,24.1005223164376,24.0381102869696,24.0641199610143,24.0537168909092,24.1628960219406,24.220038309803,24.1836787523513,24.313474667603,24.1888737710728,24.2096511916044,24.0901229747396,24.1836787523513,24.2511932998677,24.1992630121316,24.220038309803,24.032907552491,24.19406852432,24.2563848704595,24.19406852432,24.2875287310348,24.2823387496704,24.2927184476639,24.2979078995965,24.3757179413665,24.4897318933139,24.4949113154483,24.5208044790397,24.5156263724707,24.4897318933139,24.5570438632356,24.4845522079513,24.4793722593216,24.220038309803,24.2719579925803,24.1317139554589,24.2408093636233,24.2460014642685,24.220038309803,24.2460014642685,24.1784834681163,24.16809210295,24.3705324552306,24.3394139906367,24.2927184476639,24.3342266548802,24.16809210295,24.2771485035319,24.2771485035319,24.2408093636233,24.2771485035319,24.3705324552306,24.313474667603,24.3705324552306,24.3394139906367,24.2875287310348,24.3757179413665,24.3342266548802,24.3549744119754,24.4275582848784,24.3757179413665,24.4379231880585,24.4379231880585,24.3809031634257,24.3912728154683,24.3394139906367,24.3342266548802,24.396457245529,24.3860881214467,24.2460014642685,24.313474667603,24.3394139906367,24.396457245529,24.3757179413665,24.2563848704595,24.2927184476639,24.2823387496704,24.2148448833435,24.235616997893,24.2408093636233,24.0693210964281,24.0277045513642,24.0641199610143,24.1525030628745,24.16809210295,24.1213178064842,24.19406852432,24.1784834681163,24.3653467049792,24.5829212550199,24.2563848704595,24.3653467049792,24.2460014642685,24.1784834681163,24.3238511901693,24.4120089523324,24.2771485035319,24.4016414116675,24.3030970868713,24.2252314710217,24.313474667603,24.396457245529,24.4068253139224,24.235616997893,24.1784834681163,24.1525030628745,24.0485149561396,24.16809210295,24.2096511916044,24.3342266548802,24.3601606905737,24.2460014642685,24.2252314710217,24.1213178064842,24.220038309803,24.1525030628745,24.1992630121316,24.2771485035319,24.1784834681163,24.2563848704595,24.220038309803,24.2875287310348,24.2823387496704,24.4482870367845,24.3342266548802,24.3030970868713,24.3809031634257,24.2927184476639,24.313474667603,24.4638308334468,24.2771485035319,24.2719579925803,24.3342266548802,24.2979078995965,24.3497878691456,24.261576176083,24.3705324552306,24.2875287310348,24.3186630611374,24.3912728154683,24.2823387496704,24.1525030628745,24.19406852432,24.4016414116675,24.313474667603,24.1628960219406,24.1992630121316,24.1161193330435,24.1992630121316,24.0797225681742,24.0693210964281,24.0485149561396,24.1628960219406,24.3342266548802,24.4690115721079,24.7277134921382,24.8877801045559,24.8413349715329,24.9702971889533,24.7793752829217,24.86197985757,24.918731811688,24.8774607869049,24.8774607869049,24.8929393729232,24.9960701368761,24.9342041538485,24.9806071469274,24.9599861922213,24.9290469664651
24.2875287310348,24.4379231880585,24.3030970868713,24.4068253139224,24.3757179413665,24.4327408682945,24.3549744119754,24.4482870367845,24.261576176083,24.3290390547373,24.2771485035319,24.3342266548802,24.2823387496704,24.2511932998677,24.2823387496704,24.2823387496704,24.1732879183289,24.235616997893,24.19406852432,24.1732879183289,24.2979078995965,24.1109205935815,24.1109205935815,24.1057215880592,24.19406852432,24.1628960219406,24.1265160139431,24.0693210964281,24.1005223164376,24.2511932998677,24.2511932998677,24.3549744119754,24.3030970868713,24.2875287310348,24.3342266548802,24.19406852432,24.1732879183289,24.1888737710728,24.1784834681163,24.3290390547373,24.2719579925803,24.266767216777,24.0953227786774,24.0433127548394,24.1732879183289,24.2823387496704,24.1213178064842,24.2252314710217,24.2408093636233,24.2044572345467,24.0068898795898,24.0693210964281,24.1525030628745,24.1109205935815,24.261576176083,24.1628960219406,24.2563848704595,24.2460014642685,24.2460014642685,24.2044572345467,24.235616997893,24.2096511916044,24.1317139554589,24.0277045513642,24.313474667603,24.1421090408181,24.1576996752618,24.0745219654683,24.1421090408181,24.1265160139431,24.1265160139431,24.2252314710217,24.0693210964281,24.0901229747396,24.2252314710217,24.1161193330435,24.1888737710728,24.2408093636233,24.19406852432,24.1732879183289,24.1992630121316,24.0641199610143,24.19406852432,24.1992630121316,24.2252314710217,24.1836787523513,24.1213178064842,24.235616997893,24.2096511916044,24.1784834681163,24.2979078995965,24.3757179413665,24.396457245529,24.396457245529,24.3601606905737,24.4068253139224,24.4120089523324,24.5104480028654,24.4482870367845,24.4741920473867,24.417192326936,24.5000904743927,24.5052693701856,24.3757179413665,24.3601606905737,24.0745219654683,24.0797225681742,24.2408093636233,24.235616997893,24.3549744119754,24.2460014642685,24.2252314710217,24.3601606905737,24.3342266548802,24.3549744119754,24.3497878691456,24.3705324552306,24.2927184476639,24.3757179413665,24.2823387496704,24.3342266548802,24.3705324552306,24.3809031634257,24.3290390547373,24.3601606905737,24.4223754377718,24.3497878691456,24.3549744119754,24.3394139906367,24.5415142757223,24.3446010620456,24.3394139906367,24.3653467049792,24.4379231880585,24.4223754377718,24.313474667603,24.2719579925803,24.3394139906367,24.5104480028654,24.4690115721079,24.3601606905737,24.4120089523324,24.3860881214467,24.396457245529,24.2875287310348,24.2875287310348,24.261576176083,24.261576176083,24.2771485035319,24.2511932998677,24.0433127548394,24.1473061847397,24.2096511916044,24.2148448833435,24.2719579925803,24.2563848704595,24.032907552491,24.2252314710217,25.0836496611589,26.3019903873831,24.8877801045559,24.3549744119754,24.2460014642685,24.2252314710217,24.266767216777,24.417192326936,24.3549744119754,24.4431052442089,24.3186630611374,24.2252314710217,24.3030970868713,24.3601606905737,24.3238511901693,24.3186630611374,24.3030970868713,24.2823387496704,24.266767216777,24.1473061847397,24.220038309803,24.16809210295,24.2460014642685,24.2096511916044,24.2148448833435,24.1421090408181,24.1317139554589,24.1265160139431,24.2252314710217,24.2460014642685,24.1992630121316,24.19406852432,24.1576996752618,24.2927184476639,24.3290390547373,24.4068253139224,24.3082860095273,24.4741920473867,24.3238511901693,24.0953227786774,24.3290390547373,24.3082860095273,24.3653467049792,24.266767216777,24.3186630611374,24.2719579925803,24.2875287310348,24.3601606905737,24.396457245529,24.3186630611374,24.3238511901693,24.2979078995965,24.2823387496704,24.220038309803,24.3082860095273,24.3030970868713,24.2304243670388,24.1888737710728,24.266767216777,24.1525030628745,24.1161193330435,24.0797225681742,24.0849229045849,24.1732879183289,24.2148448833435,24.1992630121316,24.4690115721079,24.8051963851263,24.7277134921382,24.8671404277798,24.9445177487934,24.8671404277798,24.8568190268782,24.8774607869049,24.9084156166453,24.9290469664651,24.918731811688,25.0424450977087,24.9342041538485,25.0269891112523,25.0218365972651,24.9496741564303
24.2719579925803,24.1525030628745,24.2979078995965,24.2719579925803,24.3601606905737,24.3809031634257,24.3653467049792,24.3860881214467,24.3394139906367,24.266767216777,24.3549744119754,24.3446010620456,24.2979078995965,24.3342266548802,24.3082860095273,24.3082860095273,24.2460014642685,24.2148448833435,24.1161193330435,24.1576996752618,24.1109205935815,24.02250128355,24.0797225681742,24.1576996752618,24.1369116310709,24.2044572345467,24.1836787523513,24.0901229747396,24.2408093636233,24.2771485035319,24.3186630611374,24.2771485035319,24.3238511901693,24.2511932998677,24.3030970868713,24.3082860095273,24.3186630611374,24.2252314710217,24.19406852432,24.2927184476639,24.2148448833435,24.2927184476639,24.235616997893,24.0537168909092,24.2044572345467,24.1888737710728,24.2823387496704,24.2823387496704,24.1888737710728,24.1369116310709,24.0901229747396,24.0797225681742,24.261576176083,24.1421090408181,24.2304243670388,24.261576176083,24.1421090408181,24.2148448833435,24.235616997893,24.235616997893,24.266767216777,24.1473061847397,23.9860709383021,24.1784834681163,24.313474667603,24.0849229045849,24.1005223164376,24.1421090408181,24.1628960219406,24.1784834681163,24.2044572345467,24.0849229045849,24.0537168909092,24.1265160139431,24.2096511916044,24.1525030628745,24.1628960219406,24.2044572345467,24.1836787523513,24.0381102869696,24.3186630611374,24.3342266548802,24.3601606905737,24.220038309803,24.2460014642685,24.2304243670388,24.1888737710728,24.2096511916044,24.2460014642685,24.2511932998677,24.2875287310348,24.2927184476639,24.3601606905737,24.4016414116675,24.4690115721079,24.4690115721079,24.525982322611,24.525982322611,24.4793722593216,24.4638308334468,24.5104480028654,24.4897318933139,24.5156263724707,24.4120089523324,24.3809031634257,24.3757179413665,24.235616997893,24.235616997893,24.1888737710728,24.19406852432,24.1732879183289,24.2979078995965,24.2511932998677,24.2460014642685,24.1369116310709,24.16809210295,24.3030970868713,24.3186630611374,24.1836787523513,24.2875287310348,24.2460014642685,24.3082860095273,24.3653467049792,24.3082860095273,24.3342266548802,24.3705324552306,24.4327408682945,24.417192326936,24.5673956078683,24.5104480028654,24.4016414116675,24.4275582848784,24.417192326936,24.4016414116675,24.4275582848784,24.4431052442089,24.266767216777,24.3912728154683,24.2408093636233,24.396457245529,24.3394139906367,24.4379231880585,24.396457245529,24.4327408682945,24.3860881214467,24.2875287310348,24.2148448833435,24.2096511916044,24.2771485035319,24.1628960219406,24.1628960219406,24.0797225681742,24.1888737710728,24.2823387496704,24.266767216777,24.2148448833435,24.2304243670388,24.235616997893,24.4845522079513,25.1660091054476,24.7018727940562,24.3912728154683,24.3186630611374,24.19406852432,24.2408093636233,24.3860881214467,24.3394139906367,24.2304243670388,24.4482870367845,24.3394139906367,24.266767216777,24.3082860095273,24.2875287310348,24.261576176083,24.3394139906367,24.3030970868713,24.1992630121316,24.266767216777,24.2304243670388,24.1317139554589,24.2875287310348,24.235616997893,24.16809210295,24.1525030628745,24.1628960219406,24.1473061847397,24.1576996752618,24.1369116310709,24.1784834681163,24.266767216777,24.3030970868713,24.3082860095273,24.2875287310348,24.417192326936,24.4897318933139,24.6346563530609,24.3757179413665,24.3290390547373,24.2096511916044,24.3290390547373,24.4586498313649,24.4586498313649,24.3549744119754,24.3082860095273,24.3860881214467,24.3549744119754,24.2875287310348,24.3860881214467,24.3082860095273,24.2148448833435,24.2044572345467,24.3342266548802,24.3238511901693,24.2408093636233,24.3342266548802,24.2771485035319,24.2719579925803,24.2096511916044,24.2148448833435,24.2563848704595,24.1109205935815,24.0953227786774,24.0745219654683,24.2563848704595,24.5829212550199,24.8206859153626,24.9238895190908,24.9290469664651,24.9651418204509,24.918731811688,25.0063774992726,24.918731811688,24.8877801045559,24.9393610812787,24.8929393729232,24.9960701368761,25.0321413659635,24.9909160664447,24.8568190268782,24.9496741564303
24.2823387496704,24.2511932998677,24.3446010620456,24.3082860095273,24.1992630121316,24.2511932998677,24.1992630121316,24.2252314710217,24.1732879183289,24.3082860095273,24.396457245529,24.2927184476639,24.3394139906367,24.3290390547373,24.3446010620456,24.3082860095273,24.3446010620456,24.220038309803,24.1265160139431,24.235616997893,24.16809210295,24.1421090408181,24.1005223164376,24.2511932998677,24.2771485035319,24.2823387496704,24.220038309803,24.1161193330435,24.1109205935815,24.3342266548802,24.3342266548802,24.2875287310348,24.2771485035319,24.2044572345467,24.261576176083,24.3601606905737,24.220038309803,24.2979078995965,24.1784834681163,24.2044572345467,24.2927184476639,24.3549744119754,24.2563848704595,24.032907552491,24.1369116310709,24.1992630121316,24.2771485035319,24.19406852432,24.2148448833435,24.1628960219406,24.0901229747396,24.0901229747396,24.0901229747396,24.0953227786774,24.2148448833435,24.1992630121316,24.2408093636233,24.266767216777,24.0641199610143,24.2044572345467,24.2096511916044,23.9235884721781,23.9340048894389,24.1888737710728,24.1628960219406,24.1057215880592,24.0901229747396,24.1161193330435,24.1525030628745,24.1473061847397,24.0120939477021,23.9808655355738,24.19406852432,24.16809210295,24.0953227786774,24.1317139554589,24.2252314710217,24.0953227786774,24.0277045513642,24.2563848704595,24.4275582848784,24.3705324552306,24.417192326936,24.2044572345467,24.235616997893,24.16809210295,24.2511932998677,24.266767216777,24.266767216777,24.1421090408181,24.2771485035319,24.261576176083,24.4068253139224,24.3653467049792,24.3809031634257,24.4482870367845,24.4638308334468,24.4586498313649,24.4690115721079,24.5363372209139,24.5622198668973,24.4741920473867,24.4793722593216,24.417192326936,24.3394139906367,24.266767216777,24.2511932998677,24.2511932998677,24.2563848704595,24.16809210295,24.1784834681163,24.2460014642685,24.3446010620456,24.1732879183289,24.1161193330435,24.1109205935815,24.2875287310348,24.2823387496704,24.1732879183289,24.2979078995965,24.2771485035319,24.266767216777,24.2096511916044,24.2927184476639,24.3653467049792,24.3757179413665,24.4482870367845,24.4431052442089,24.417192326936,24.4638308334468,24.3601606905737,24.4016414116675,24.4275582848784,24.4327408682945,24.3394139906367,24.3446010620456,24.2771485035319,24.2875287310348,24.2511932998677,24.4120089523324,24.3601606905737,24.4275582848784,24.3497878691456,24.4068253139224,24.2563848704595,24.2563848704595,24.4120089523324,24.1576996752618,24.1057215880592,24.1369116310709,24.1525030628745,24.0849229045849,24.0068898795898,24.2771485035319,24.1628960219406,24.1784834681163,24.0641199610143,24.2875287310348,24.3549744119754,24.3394139906367,24.2511932998677,24.2563848704595,24.235616997893,24.2771485035319,24.2252314710217,24.4431052442089,24.235616997893,24.3446010620456,24.4068253139224,24.313474667603,24.2148448833435,24.2979078995965,24.313474667603,24.3549744119754,24.3549744119754,24.3497878691456,24.2875287310348,24.2927184476639,24.2252314710217,24.2460014642685,24.2096511916044,24.1992630121316,24.2304243670388,24.1576996752618,24.2304243670388,24.1421090408181,24.2096511916044,24.2823387496704,24.2408093636233,24.2927184476639,24.3082860095273,24.3238511901693,24.3186630611374,24.3238511901693,24.3912728154683,24.4275582848784,24.2823387496704,24.1732879183289,24.0901229747396,24.2252314710217,24.2771485035319,24.3238511901693,24.2927184476639,24.2771485035319,24.4275582848784,24.2927184476639,24.3912728154683,24.3238511901693,24.3549744119754,24.2771485035319,24.3549744119754,24.2823387496704,24.2563848704595,24.19406852432,24.1836787523513,24.3238511901693,24.2096511916044,24.266767216777,24.2511932998677,24.220038309803,24.1888737710728,24.0016855446331,24.0849229045849,24.1109205935815,24.4068253139224,24.6915346834782,24.86197985757,24.8774607869049,24.8877801045559,24.8723007375455,24.8877801045559,24.918731811688,24.9238895190908,24.7742102793675,24.9393610812787,24.8980983810354,24.9702971889533,24.9393610812787,24.8671404277798,25.0063774992726
24.1576996752618,24.2823387496704,24.3030970868713,24.1628960219406,24.1473061847397,24.1784834681163,24.1732879183289,24.261576176083,24.0953227786774,24.16809210295,24.3860881214467,24.3238511901693,24.3238511901693,24.2719579925803,24.2304243670388,24.3186630611374,24.4327408682945,24.3446010620456,24.220038309803,24.1473061847397,24.1265160139431,24.1732879183289,24.1784834681163,24.2875287310348,24.2719579925803,24.1992630121316,24.1265160139431,24.1161193330435,24.19406852432,24.2823387496704,24.4016414116675,24.3653467049792,24.2771485035319,24.1888737710728,24.2460014642685,24.1992630121316,24.2252314710217,24.1992630121316,24.2460014642685,24.1888737710728,24.1473061847397,24.2979078995965,24.1784834681163,24.0693210964281,24.1836787523513,24.19406852432,24.2719579925803,24.2460014642685,24.2096511916044,24.1369116310709,24.1888737710728,24.0745219654683,24.1005223164376,24.1005223164376,24.0797225681742,24.2096511916044,24.1161193330435,24.1992630121316,24.1784834681163,24.261576176083,24.1369116310709,24.1525030628745,24.1005223164376,24.2979078995965,24.2771485035319,24.3446010620456,24.0849229045849,24.2044572345467,24.1265160139431,23.9964809427924,24.1161193330435,24.1005223164376,24.1265160139431,24.0901229747396,24.0953227786774,24.1213178064842,24.1005223164376,24.0901229747396,24.3186630611374,24.3497878691456,24.3601606905737,24.3601606905737,24.4379231880585,24.4275582848784,24.2096511916044,24.235616997893,24.2460014642685,24.3082860095273,24.2979078995965,24.235616997893,24.235616997893,24.220038309803,24.525982322611,24.4793722593216,24.4586498313649,24.4845522079513,24.5156263724707,24.4638308334468,24.4586498313649,24.525982322611,24.5311599032229,24.4845522079513,24.5415142757223,24.3497878691456,24.1836787523513,24.3549744119754,24.3705324552306,24.261576176083,24.1628960219406,24.1473061847397,24.1784834681163,24.3030970868713,24.3238511901693,24.19406852432,24.1784834681163,24.1992630121316,24.2771485035319,24.3186630611374,24.2823387496704,24.2823387496704,24.1992630121316,24.2252314710217,24.2408093636233,24.2771485035319,24.4327408682945,24.3342266548802,24.3653467049792,24.4327408682945,24.4431052442089,24.4482870367845,24.396457245529,24.4741920473867,24.3342266548802,24.4275582848784,24.3082860095273,24.2927184476639,24.3030970868713,24.3238511901693,24.4120089523324,24.3290390547373,24.4586498313649,24.4120089523324,24.417192326936,24.3394139906367,24.1784834681163,24.2563848704595,24.2408093636233,24.2148448833435,24.19406852432,24.1525030628745,24.1888737710728,24.1525030628745,24.2511932998677,24.261576176083,24.220038309803,24.1992630121316,24.3342266548802,24.261576176083,24.2460014642685,24.3186630611374,24.19406852432,24.1005223164376,24.2304243670388,24.220038309803,24.16809210295,24.3030970868713,24.4327408682945,24.261576176083,24.3186630611374,24.235616997893,24.3030970868713,24.3290390547373,24.2771485035319,24.2875287310348,24.3549744119754,24.266767216777,24.1473061847397,24.2511932998677,24.2096511916044,24.1992630121316,24.220038309803,24.2771485035319,24.2719579925803,24.2304243670388,24.220038309803,24.2096511916044,24.1161193330435,24.2563848704595,24.2148448833435,24.313474667603,24.417192326936,24.2927184476639,24.313474667603,24.3809031634257,24.4068253139224,24.3653467049792,24.3757179413665,24.3394139906367,24.220038309803,24.2875287310348,24.3497878691456,24.3342266548802,24.3549744119754,24.3290390547373,24.4741920473867,24.3394139906367,24.3186630611374,24.3757179413665,24.3186630611374,24.1888737710728,24.2460014642685,24.3394139906367,24.261576176083,24.3290390547373,24.2511932998677,24.3394139906367,24.3394139906367,24.2771485035319,24.2148448833435,24.1317139554589,24.1005223164376,24.0381102869696,24.032907552491,24.2823387496704,24.417192326936,24.6501717687129,24.8723007375455,24.9496741564303,24.8774607869049,24.9084156166453,24.7897045068028,24.9599861922213,24.9393610812787,24.9342041538485,24.9754522977662,24.9754522977662,25.0527477928007,24.9496741564303,24.9342041538485,24.8723007375455
24.2875287310348,24.16809210295,24.235616997893,24.1836787523513,24.2408093636233,24.235616997893,24.2096511916044,24.1992630121316,24.0641199610143,24.19406852432,24.266767216777,24.2875287310348,24.3809031634257,24.261576176083,24.2771485035319,24.2252314710217,24.3394139906367,24.3601606905737,24.3238511901693,24.235616997893,24.1732879183289,24.1525030628745,24.1057215880592,24.19406852432,24.1109205935815,24.19406852432,24.1732879183289,24.1473061847397,24.2044572345467,24.3030970868713,24.266767216777,24.16809210295,24.235616997893,24.2563848704595,24.266767216777,24.2252314710217,24.19406852432,24.2148448833435,24.1317139554589,24.1005223164376,24.0641199610143,24.1213178064842,24.2408093636233,24.1005223164376,24.1161193330435,24.220038309803,24.1057215880592,24.1992630121316,24.1005223164376,24.1628960219406,24.0953227786774,24.0849229045849,24.0901229747396,24.1525030628745,24.1317139554589,24.2148448833435,24.313474667603,24.2875287310348,24.1473061847397,24.3186630611374,24.1992630121316,24.2044572345467,24.19406852432,24.1836787523513,24.1888737710728,24.0953227786774,24.16809210295,24.0797225681742,24.1213178064842,24.0849229045849,24.19406852432,24.2044572345467,24.1888737710728,24.1213178064842,24.1109205935815,24.1057215880592,24.1784834681163,24.2304243670388,24.3290390547373,24.3394139906367,24.3912728154683,24.3030970868713,24.4068253139224,24.3860881214467,24.261576176083,24.2875287310348,24.1888737710728,24.2979078995965,24.2771485035319,24.2511932998677,24.2460014642685,24.2511932998677,24.4223754377718,24.4949113154483,24.5466910676864,24.5570438632356,24.4690115721079,24.4690115721079,24.4638308334468,24.5311599032229,24.4897318933139,24.5570438632356,24.5000904743927,24.4327408682945,24.4275582848784,24.3601606905737,24.3653467049792,24.235616997893,24.2408093636233,24.313474667603,24.3653467049792,24.4379231880585,24.3497878691456,24.2148448833435,24.2460014642685,24.0849229045849,24.2563848704595,24.313474667603,24.2563848704595,24.3290390547373,24.2875287310348,24.3601606905737,24.3082860095273,24.2771485035319,24.3030970868713,24.4120089523324,24.2979078995965,24.4431052442089,24.3860881214467,24.4016414116675,24.3860881214467,24.4068253139224,24.3705324552306,24.3446010620456,24.4327408682945,24.417192326936,24.3809031634257,24.4275582848784,24.4275582848784,24.2979078995965,24.4275582848784,24.4275582848784,24.3653467049792,24.266767216777,24.3757179413665,24.2563848704595,24.1161193330435,24.1525030628745,24.1213178064842,24.1784834681163,24.1628960219406,24.266767216777,24.2148448833435,24.1628960219406,24.2771485035319,24.2460014642685,24.3082860095273,24.19406852432,24.1888737710728,24.19406852432,24.0797225681742,24.1836787523513,24.0849229045849,24.1732879183289,24.1576996752618,24.2823387496704,24.396457245529,24.3446010620456,24.220038309803,24.235616997893,24.3290390547373,24.2927184476639,24.2823387496704,24.2979078995965,24.261576176083,24.2927184476639,24.235616997893,24.2460014642685,24.3290390547373,24.2771485035319,24.2252314710217,24.2979078995965,24.3549744119754,24.2511932998677,24.220038309803,24.1109205935815,24.1525030628745,24.1005223164376,24.2096511916044,24.3238511901693,24.4741920473867,24.3497878691456,24.3809031634257,24.4379231880585,24.5208044790397,24.4068253139224,24.2771485035319,24.1784834681163,24.16809210295,24.3601606905737,24.4379231880585,24.313474667603,24.2408093636233,24.2304243670388,24.2927184476639,24.2044572345467,24.313474667603,24.3653467049792,24.3394139906367,24.2563848704595,24.261576176083,24.1421090408181,24.266767216777,24.2460014642685,24.266767216777,24.2875287310348,24.1992630121316,24.2511932998677,24.2875287310348,24.2252314710217,24.2148448833435,24.1057215880592,24.1005223164376,24.235616997893,24.2719579925803,24.6087920833666,24.8774607869049,24.8671404277798,24.9290469664651,24.9238895190908,24.7897045068028,24.9445177487934,24.8929393729232,24.8774607869049,24.9857617364743,24.9857617364743,24.8929393729232,24.9135738442187,24.8723007375455,24.86197985757
24.16809210295,24.1836787523513,24.2563848704595,24.16809210295,24.3238511901693,24.2252314710217,24.1888737710728,24.1421090408181,24.1109205935815,24.1576996752618,24.2511932998677,24.1888737710728,24.1732879183289,24.220038309803,24.3342266548802,24.0745219654683,24.1109205935815,24.3497878691456,24.2252314710217,24.19406852432,24.1265160139431,24.1628960219406,24.1213178064842,24.2823387496704,24.1317139554589,24.2927184476639,24.1576996752618,24.1732879183289,24.1732879183289,24.2927184476639,24.2979078995965,24.2460014642685,24.1732879183289,24.2511932998677,24.266767216777,24.261576176083,24.2460014642685,24.1161193330435,24.1628960219406,24.1213178064842,24.1265160139431,24.0641199610143,24.1057215880592,24.1628960219406,24.032907552491,24.1213178064842,24.0797225681742,24.1836787523513,24.0745219654683,24.0797225681742,24.1525030628745,24.1109205935815,24.0901229747396,24.1005223164376,24.19406852432,24.266767216777,24.2927184476639,24.0953227786774,24.16809210295,24.2044572345467,24.1473061847397,24.1992630121316,24.19406852432,24.1369116310709,24.1836787523513,24.0901229747396,24.0745219654683,24.1057215880592,24.19406852432,24.16809210295,24.1784834681163,24.1888737710728,24.0641199610143,24.032907552491,24.1213178064842,24.1369116310709,24.1109205935815,24.1057215880592,24.1732879183289,24.3601606905737,24.2563848704595,24.3653467049792,24.2563848704595,24.3030970868713,24.3030970868713,24.1213178064842,24.220038309803,24.1109205935815,24.1576996752618,24.0849229045849,24.1421090408181,24.220038309803,24.4327408682945,24.5725710861868,24.4068253139224,24.4638308334468,24.3394139906367,24.5415142757223,24.5208044790397,24.5311599032229,24.5570438632356,24.5000904743927,24.6087920833666,24.5000904743927,24.3809031634257,24.4482870367845,24.4897318933139,24.3601606905737,24.220038309803,24.3290390547373,24.3446010620456,24.2771485035319,24.3497878691456,24.261576176083,24.1836787523513,24.220038309803,24.2511932998677,24.2875287310348,24.2044572345467,24.1784834681163,24.2252314710217,24.1576996752618,24.3290390547373,24.4379231880585,24.4120089523324,24.4275582848784,24.4275582848784,24.4534685658236,24.5104480028654,24.4534685658236,24.4223754377718,24.3757179413665,24.4586498313649,24.3497878691456,24.3082860095273,24.3809031634257,24.417192326936,24.4223754377718,24.3860881214467,24.2979078995965,24.3082860095273,24.396457245529,24.4327408682945,24.3446010620456,24.2460014642685,24.1473061847397,24.1992630121316,24.0901229747396,24.032907552491,24.0537168909092,24.0537168909092,24.1888737710728,24.3549744119754,24.266767216777,24.2771485035319,24.3705324552306,24.2252314710217,24.313474667603,24.19406852432,24.1161193330435,24.1628960219406,24.1057215880592,24.1057215880592,24.1317139554589,24.2771485035319,24.1005223164376,24.2927184476639,24.2304243670388,24.3186630611374,24.3186630611374,24.3446010620456,24.1784834681163,24.3497878691456,24.3653467049792,24.2979078995965,24.2719579925803,24.1473061847397,24.1732879183289,24.2252314710217,24.2719579925803,24.2304243670388,24.2823387496704,24.396457245529,24.235616997893,24.1057215880592,24.2148448833435,24.2148448833435,24.1317139554589,24.235616997893,24.2304243670388,24.3446010620456,24.3290390547373,24.3549744119754,24.3394139906367,24.3342266548802,24.3290390547373,24.2511932998677,24.261576176083,24.1628960219406,24.2875287310348,24.3030970868713,24.3549744119754,24.3549744119754,24.3705324552306,24.3601606905737,24.313474667603,24.3653467049792,24.3601606905737,24.4690115721079,24.3653467049792,24.3342266548802,24.1732879183289,24.2044572345467,24.2719579925803,24.16809210295,24.3082860095273,24.2979078995965,24.2408093636233,24.2875287310348,24.3394139906367,24.2563848704595,24.1005223164376,24.2252314710217,24.2563848704595,24.3394139906367,24.4793722593216,24.6656848260024,24.8877801045559,24.86197985757,24.9342041538485,24.9702971889533,24.9238895190908,24.8464965838976,24.8103598227198,24.9754522977662,24.8826205758957,24.9599861922213,24.9702971889533,24.9599861922213,24.9445177487934
23.9964809427924,24.2096511916044,24.2719579925803,24.2511932998677,24.2096511916044,24.1888737710728,24.2148448833435,24.2304243670388,24.2148448833435,24.2148448833435,24.1576996752618,24.0953227786774,24.1836787523513,24.0641199610143,24.0589185591878,24.0537168909092,24.1992630121316,24.3497878691456,24.1005223164376,24.19406852432,24.1161193330435,24.0901229747396,24.1628960219406,24.2252314710217,24.2148448833435,24.0277045513642,24.1525030628745,24.2096511916044,24.1732879183289,24.19406852432,24.2096511916044,24.19406852432,24.2563848704595,24.3342266548802,24.235616997893,24.2304243670388,24.235616997893,24.2096511916044,24.1421090408181,24.1473061847397,24.1576996752618,24.220038309803,24.0901229747396,24.1836787523513,24.0068898795898,24.1836787523513,24.19406852432,24.1732879183289,24.2148448833435,24.1888737710728,24.0901229747396,24.1317139554589,24.19406852432,24.1369116310709,24.2408093636233,24.1784834681163,24.2096511916044,24.2408093636233,24.1784834681163,24.19406852432,24.1732879183289,24.2408093636233,24.1628960219406,24.19406852432,24.1836787523513,24.1265160139431,24.2044572345467,24.19406852432,24.235616997893,24.0485149561396,24.0745219654683,24.1525030628745,24.2304243670388,24.0277045513642,24.1005223164376,24.1005223164376,24.2252314710217,24.1628960219406,24.3342266548802,24.3030970868713,24.2511932998677,24.3549744119754,24.313474667603,24.2771485035319,24.1317139554589,24.1992630121316,24.0485149561396,24.0537168909092,24.1109205935815,24.2563848704595,24.2096511916044,24.3342266548802,24.4016414116675,24.4482870367845,24.4120089523324,24.4949113154483,24.5363372209139,24.5000904743927,24.5311599032229,24.5570438632356,24.5156263724707,24.6346563530609,24.7018727940562,24.5052693701856,24.6605140688826,24.6398284203822,24.3601606905737,24.4482870367845,24.417192326936,24.2875287310348,24.3238511901693,24.2771485035319,24.2719579925803,24.2771485035319,24.220038309803,24.2460014642685,24.2875287310348,24.4223754377718,24.3705324552306,24.220038309803,24.261576176083,24.2096511916044,24.4379231880585,24.4120089523324,24.4482870367845,24.4016414116675,24.417192326936,24.4431052442089,24.5208044790397,24.525982322611,24.4275582848784,24.4638308334468,24.5208044790397,24.5000904743927,24.4016414116675,24.3653467049792,24.4275582848784,24.3394139906367,24.4949113154483,24.4068253139224,24.417192326936,24.4327408682945,24.3290390547373,24.3912728154683,24.4327408682945,24.2563848704595,24.1576996752618,24.16809210295,24.017297749009,24.0277045513642,24.1836787523513,24.235616997893,24.4379231880585,24.4845522079513,24.2719579925803,24.2719579925803,24.3030970868713,24.3394139906367,24.19406852432,24.16809210295,24.1628960219406,24.2563848704595,24.2304243670388,24.3394139906367,24.3446010620456,24.2979078995965,24.235616997893,24.2252314710217,24.16809210295,24.2148448833435,24.3705324552306,24.3030970868713,24.2044572345467,24.220038309803,24.2719579925803,24.2563848704595,24.235616997893,24.2823387496704,24.2044572345467,24.16809210295,24.261576176083,24.2771485035319,24.3342266548802,24.1836787523513,24.1473061847397,24.2408093636233,24.2823387496704,24.3030970868713,24.2148448833435,24.2460014642685,24.3446010620456,24.3342266548802,24.4016414116675,24.3860881214467,24.3912728154683,24.4016414116675,24.2408093636233,24.1992630121316,24.3030970868713,24.2563848704595,24.4586498313649,24.2979078995965,24.19406852432,24.3446010620456,24.1836787523513,24.3705324552306,24.3653467049792,24.3601606905737,24.3394139906367,24.220038309803,24.3394139906367,24.3446010620456,24.1161193330435,24.2563848704595,24.2460014642685,24.2979078995965,24.3446010620456,24.313474667603,24.2823387496704,24.2823387496704,24.2927184476639,24.2148448833435,24.2148448833435,24.3290390547373,24.4120089523324,24.4690115721079,24.68119552596,24.8826205758957,24.9238895190908,25.0115307913128,24.9135738442187,24.8877801045559,24.8516579356668,24.9393610812787,24.8929393729232,24.9909160664447,24.9857617364743,25.0475965748176,24.8980983810354,24.9909160664447
24.261576176083,24.2511932998677,24.2511932998677,24.2408093636233,24.2148448833435,24.1161193330435,24.1369116310709,24.1888737710728,24.1161193330435,24.1888737710728,24.1525030628745,24.2148448833435,24.2460014642685,24.0485149561396,23.9860709383021,24.1888737710728,24.3186630611374,24.3082860095273,24.1784834681163,24.1057215880592,24.0068898795898,23.9964809427924,24.1265160139431,24.220038309803,24.0068898795898,24.1421090408181,24.2408093636233,24.1265160139431,24.1576996752618,24.16809210295,24.235616997893,24.1992630121316,24.3082860095273,24.2771485035319,24.2563848704595,24.19406852432,24.2408093636233,24.1576996752618,24.3030970868713,24.2460014642685,24.1265160139431,24.16809210295,24.1836787523513,24.1888737710728,24.1784834681163,24.2252314710217,24.2460014642685,24.2096511916044,24.1369116310709,24.1888737710728,24.19406852432,23.9392126969559,24.1109205935815,24.1888737710728,23.9287968145261,24.1161193330435,24.3238511901693,24.3030970868713,24.3238511901693,24.2875287310348,24.2408093636233,24.2979078995965,24.2771485035319,24.1836787523513,24.2875287310348,24.1836787523513,24.1992630121316,24.2096511916044,24.1057215880592,24.2979078995965,24.1317139554589,24.1888737710728,24.16809210295,23.9652477249841,24.1369116310709,24.2304243670388,24.2979078995965,24.220038309803,24.3290390547373,24.3653467049792,24.2511932998677,24.2408093636233,24.3809031634257,24.261576176083,24.2979078995965,24.2511932998677,24.0537168909092,24.1525030628745,24.220038309803,24.1732879183289,24.3705324552306,24.3549744119754,24.3809031634257,24.5311599032229,24.4223754377718,24.5622198668973,24.4845522079513,24.5104480028654,24.5570438632356,24.4586498313649,24.4845522079513,24.598444539334,24.525982322611,24.5311599032229,24.4845522079513,24.4638308334468,24.4690115721079,24.3342266548802,24.3653467049792,24.2252314710217,24.4223754377718,24.3446010620456,24.313474667603,24.2979078995965,24.2044572345467,24.220038309803,24.220038309803,24.3394139906367,24.2719579925803,24.2771485035319,24.220038309803,24.2148448833435,24.3082860095273,24.4275582848784,24.4741920473867,24.417192326936,24.4223754377718,24.4327408682945,24.4223754377718,24.4534685658236,24.4223754377718,24.4120089523324,24.4482870367845,24.4016414116675,24.4120089523324,24.4327408682945,24.4223754377718,24.4379231880585,24.4431052442089,24.3030970868713,24.3186630611374,24.4949113154483,24.3290390547373,24.3238511901693,24.3549744119754,24.2979078995965,24.1265160139431,24.0381102869696,24.1732879183289,24.1784834681163,24.2460014642685,24.4534685658236,24.4482870367845,24.5052693701856,24.4379231880585,24.4482870367845,24.2460014642685,24.3809031634257,24.2719579925803,24.2408093636233,24.1473061847397,24.3186630611374,24.3082860095273,24.1576996752618,24.3601606905737,24.266767216777,24.2927184476639,24.3290390547373,24.3601606905737,24.4431052442089,24.2148448833435,24.1992630121316,24.2148448833435,24.235616997893,24.2563848704595,24.1992630121316,24.261576176083,24.2304243670388,24.2252314710217,24.1473061847397,24.2252314710217,24.2979078995965,24.2771485035319,24.2044572345467,24.2563848704595,24.2719579925803,24.1109205935815,24.0745219654683,24.3342266548802,24.2252314710217,24.3290390547373,24.3290390547373,24.3290390547373,24.3757179413665,24.3601606905737,24.4120089523324,24.3290390547373,24.1732879183289,24.1784834681163,24.2823387496704,24.3653467049792,24.3497878691456,24.3342266548802,24.3186630611374,24.2148448833435,24.313474667603,24.3601606905737,24.220038309803,24.2252314710217,24.2304243670388,24.266767216777,24.3497878691456,24.2563848704595,24.2511932998677,24.2460014642685,24.220038309803,24.3705324552306,24.2771485035319,24.2823387496704,24.2408093636233,24.1888737710728,24.2148448833435,24.2304243670388,24.2148448833435,24.4638308334468,24.4431052442089,24.4586498313649,24.6605140688826,24.9032571289301,24.9342041538485,24.9342041538485,24.954830304227,24.9445177487934,24.9290469664651,24.918731811688,24.8980983810354,25.0012239478063,24.9135738442187,25.0218365972651,24.8929393729232
24.220038309803,24.2719579925803,24.2875287310348,24.235616997893,24.3394139906367,24.2563848704595,24.2044572345467,24.2304243670388,24.1369116310709,24.1317139554589,24.1369116310709,24.1005223164376,24.2044572345467,24.1213178064842,23.8819121009899,24.1317139554589,24.2148448833435,24.2096511916044,24.2875287310348,24.1784834681163,24.0901229747396,23.9704539289542,24.1005223164376,24.1057215880592,24.0589185591878,24.2304243670388,24.0277045513642,24.2719579925803,24.0953227786774,24.1576996752618,24.2148448833435,24.1992630121316,23.9340048894389,24.1057215880592,24.1005223164376,24.2096511916044,24.2252314710217,24.2148448833435,24.1265160139431,24.2771485035319,24.2096511916044,24.2408093636233,24.0745219654683,24.19406852432,24.2252314710217,24.313474667603,24.1576996752618,24.1836787523513,24.19406852432,24.1421090408181,24.0068898795898,23.9287968145261,23.9496275099604,24.0745219654683,23.9340048894389,24.0849229045849,24.2044572345467,24.2771485035319,24.3186630611374,24.2927184476639,24.2979078995965,24.2044572345467,24.266767216777,24.2771485035319,24.2408093636233,24.2148448833435,24.2148448833435,24.1576996752618,24.1005223164376,24.2511932998677,24.2927184476639,24.1265160139431,24.0485149561396,24.1525030628745,24.3549744119754,24.3446010620456,24.3030970868713,24.3290390547373,24.235616997893,24.2719579925803,24.3030970868713,24.3082860095273,24.3497878691456,24.2875287310348,24.235616997893,24.266767216777,24.19406852432,24.16809210295,24.0797225681742,24.19406852432,24.3082860095273,24.417192326936,24.4223754377718,24.5052693701856,24.5673956078683,24.6139654618445,24.5466910676864,24.5415142757223,24.4845522079513,24.5156263724707,24.525982322611,24.6294840235847,24.588095945611,24.6450002255868,24.5777463018912,24.4379231880585,24.4431052442089,24.4482870367845,24.5415142757223,24.2979078995965,24.3030970868713,24.3912728154683,24.3601606905737,24.2823387496704,24.2044572345467,24.3342266548802,24.2044572345467,24.3238511901693,24.4016414116675,24.2096511916044,24.2979078995965,24.3342266548802,24.3446010620456,24.4068253139224,24.4327408682945,24.4275582848784,24.4275582848784,24.4793722593216,24.4431052442089,24.5363372209139,24.4379231880585,24.5363372209139,24.5725710861868,24.4379231880585,24.3912728154683,24.3912728154683,24.4223754377718,24.4431052442089,24.4275582848784,24.417192326936,24.3082860095273,24.4638308334468,24.3912728154683,24.3757179413665,24.2044572345467,24.19406852432,24.3912728154683,24.3290390547373,24.1732879183289,24.313474667603,24.4379231880585,24.4638308334468,24.4586498313649,24.5156263724707,24.3757179413665,24.3082860095273,24.3082860095273,24.4068253139224,24.2511932998677,24.2044572345467,24.2875287310348,24.3394139906367,24.3186630611374,24.3809031634257,24.3705324552306,24.4897318933139,24.4845522079513,24.4690115721079,24.3705324552306,24.3601606905737,24.3912728154683,24.3653467049792,24.2460014642685,24.0693210964281,24.2252314710217,24.1213178064842,24.2304243670388,24.261576176083,24.2460014642685,24.2408093636233,24.2719579925803,24.4068253139224,24.2771485035319,24.3238511901693,24.2875287310348,24.1576996752618,24.2875287310348,24.220038309803,24.2511932998677,24.2771485035319,24.2148448833435,24.3030970868713,24.3394139906367,24.4638308334468,24.4949113154483,24.3757179413665,24.3238511901693,24.2408093636233,24.2408093636233,24.2460014642685,24.3497878691456,24.2927184476639,24.3238511901693,24.3186630611374,24.3705324552306,24.3653467049792,24.3394139906367,24.3653467049792,24.3705324552306,24.2771485035319,24.2979078995965,24.3601606905737,24.3290390547373,24.3549744119754,24.3290390547373,24.313474667603,24.3394139906367,24.3238511901693,24.1888737710728,24.3653467049792,24.2875287310348,24.220038309803,24.3290390547373,24.4379231880585,24.2979078995965,24.3342266548802,24.5415142757223,24.6708553211965,24.8568190268782,24.9290469664651,24.9290469664651,24.9702971889533,24.9342041538485,24.9445177487934,24.9599861922213,25.0115307913128,24.9342041538485,25.0166838239645,24.9909160664447,25.0166838239645
24.4482870367845,24.3186630611374,24.2927184476639,24.2979078995965,24.2979078995965,24.2252314710217,24.2460014642685,24.3446010620456,24.1784834681163,24.2096511916044,24.1992630121316,24.1525030628745,24.0849229045849,24.1421090408181,24.1732879183289,24.16809210295,23.9287968145261,23.9340048894389,24.1265160139431,24.1576996752618,24.1473061847397,24.0485149561396,23.9652477249841,23.9340048894389,23.9964809427924,24.235616997893,24.3082860095273,24.2563848704595,24.2408093636233,24.2460014642685,24.235616997893,24.1732879183289,24.19406852432,24.2044572345467,24.2771485035319,24.3601606905737,24.1732879183289,24.1161193330435,24.0745219654683,24.266767216777,24.313474667603,24.19406852432,24.1057215880592,24.1576996752618,24.2148448833435,24.2096511916044,24.2252314710217,24.2823387496704,24.2096511916044,24.2460014642685,24.1369116310709,24.1473061847397,24.0953227786774,24.1421090408181,23.8402185911997,24.1317139554589,24.1265160139431,24.1421090408181,24.1992630121316,24.2875287310348,24.3030970868713,24.2823387496704,24.261576176083,24.3912728154683,24.235616997893,24.2304243670388,24.2148448833435,24.2460014642685,24.2719579925803,24.2511932998677,24.2408093636233,24.2408093636233,24.2252314710217,24.2408093636233,24.2771485035319,24.3497878691456,24.2563848704595,24.2408093636233,24.2044572345467,24.2979078995965,24.3238511901693,24.2511932998677,24.3030970868713,24.1888737710728,24.235616997893,24.19406852432,24.1005223164376,24.1888737710728,24.1369116310709,24.16809210295,24.1784834681163,24.4534685658236,24.5000904743927,24.5104480028654,24.598444539334,24.6553430497988,24.5725710861868,24.6346563530609,24.4741920473867,24.396457245529,24.3809031634257,24.3912728154683,24.6139654618445,24.5208044790397,24.5156263724707,24.4741920473867,24.5363372209139,24.4949113154483,24.3912728154683,24.3186630611374,24.313474667603,24.1836787523513,24.3394139906367,24.3030970868713,24.2771485035319,24.3912728154683,24.3030970868713,24.2979078995965,24.4016414116675,24.396457245529,24.3497878691456,24.3912728154683,24.3394139906367,24.4741920473867,24.4275582848784,24.4016414116675,24.3912728154683,24.4482870367845,24.3860881214467,24.5466910676864,24.5466910676864,24.5000904743927,24.5208044790397,24.4793722593216,24.4482870367845,24.525982322611,24.3809031634257,24.396457245529,24.4223754377718,24.3497878691456,24.3860881214467,24.3082860095273,24.4638308334468,24.3030970868713,24.2979078995965,24.4016414116675,24.4534685658236,24.4638308334468,24.4534685658236,24.5104480028654,24.4897318933139,24.4068253139224,24.4793722593216,24.4016414116675,24.2823387496704,24.4379231880585,24.3394139906367,24.3860881214467,24.4120089523324,24.2563848704595,24.3394139906367,24.3446010620456,24.3860881214467,24.3446010620456,24.396457245529,24.4949113154483,24.4690115721079,24.5052693701856,24.5466910676864,24.4586498313649,24.4275582848784,24.3238511901693,24.2304243670388,24.220038309803,24.220038309803,24.220038309803,24.2148448833435,24.2823387496704,24.2511932998677,24.2460014642685,24.2408093636233,24.266767216777,24.2927184476639,24.2875287310348,24.3912728154683,24.2771485035319,24.235616997893,24.2252314710217,24.3030970868713,24.3030970868713,24.2823387496704,24.3342266548802,24.3912728154683,24.417192326936,24.4223754377718,24.4379231880585,24.2460014642685,24.2979078995965,24.3082860095273,24.220038309803,24.266767216777,24.4120089523324,24.4586498313649,24.3860881214467,24.4223754377718,24.3549744119754,24.3549744119754,24.2771485035319,24.3446010620456,24.3394139906367,24.3497878691456,24.3497878691456,24.3446010620456,24.2823387496704,24.4482870367845,24.2875287310348,24.2252314710217,24.2823387496704,24.2511932998677,24.235616997893,24.313474667603,24.266767216777,24.3705324552306,24.3497878691456,24.4223754377718,24.417192326936,24.3757179413665,24.6656848260024,24.7432147730614,24.918731811688,24.9496741564303,24.9290469664651,25.0063774992726,24.9290469664651,24.918731811688,24.9445177487934,24.9909160664447,24.9032571289301,25.0166838239645,25.0063774992726
24.3653467049792,24.1992630121316,24.2096511916044,24.3549744119754,24.266767216777,24.313474667603,24.2979078995965,24.2823387496704,24.266767216777,24.1992630121316,24.2460014642685,24.2044572345467,24.0693210964281,24.1265160139431,24.2979078995965,24.0953227786774,24.0485149561396,23.8662790443357,24.0745219654683,24.0953227786774,24.1109205935815,23.9392126969559,23.7932928814756,23.9548345155266,23.9287968145261,24.0120939477021,24.2719579925803,24.2408093636233,24.2771485035319,24.235616997893,24.2408093636233,24.313474667603,24.2875287310348,24.220038309803,24.220038309803,24.2252314710217,24.235616997893,24.0745219654683,24.2148448833435,24.0641199610143,24.220038309803,24.220038309803,24.1057215880592,24.1317139554589,24.2252314710217,24.235616997893,24.220038309803,24.1992630121316,24.2044572345467,24.220038309803,24.1784834681163,24.2148448833435,24.1473061847397,24.1473061847397,24.0745219654683,24.0953227786774,24.235616997893,24.2771485035319,24.235616997893,24.261576176083,24.313474667603,24.4016414116675,24.313474667603,24.2719579925803,24.3549744119754,24.220038309803,24.2563848704595,24.2460014642685,24.2408093636233,24.235616997893,24.235616997893,24.266767216777,24.1784834681163,24.2252314710217,24.2148448833435,24.266767216777,24.3601606905737,24.220038309803,24.0277045513642,24.1784834681163,24.1784834681163,24.2096511916044,24.3290390547373,24.3186630611374,24.235616997893,24.2044572345467,24.2252314710217,24.1992630121316,24.1628960219406,24.2044572345467,24.1576996752618,24.4223754377718,24.6139654618445,24.4845522079513,24.5208044790397,24.525982322611,24.5363372209139,24.5518675968447,24.5000904743927,24.6346563530609,24.5000904743927,24.5622198668973,24.4949113154483,24.5363372209139,24.4068253139224,24.5725710861868,24.5725710861868,24.4638308334468,24.4223754377718,24.4897318933139,24.3549744119754,24.3549744119754,24.4379231880585,24.4379231880585,24.2771485035319,24.1888737710728,24.2927184476639,24.3082860095273,24.3186630611374,24.3342266548802,24.4016414116675,24.5000904743927,24.4741920473867,24.4223754377718,24.4897318933139,24.4845522079513,24.4897318933139,24.5311599032229,24.525982322611,24.5518675968447,24.4845522079513,24.5829212550199,24.5829212550199,24.5208044790397,24.5104480028654,24.4638308334468,24.4068253139224,24.4793722593216,24.4897318933139,24.2771485035319,24.1057215880592,24.2979078995965,24.3757179413665,24.2979078995965,24.3497878691456,24.5104480028654,24.5000904743927,24.5725710861868,24.4949113154483,24.4949113154483,24.5208044790397,24.4897318933139,24.5518675968447,24.4431052442089,24.4741920473867,24.4275582848784,24.4431052442089,24.4016414116675,24.3809031634257,24.4068253139224,24.4120089523324,24.2719579925803,24.2719579925803,24.3809031634257,24.4690115721079,24.5311599032229,24.4897318933139,24.7122098579989,24.588095945611,24.5363372209139,24.4016414116675,24.4793722593216,24.2875287310348,24.2408093636233,24.3082860095273,24.3030970868713,24.2719579925803,24.3238511901693,24.2771485035319,24.2460014642685,24.261576176083,24.3394139906367,24.2979078995965,24.3030970868713,24.4897318933139,24.3860881214467,24.3809031634257,24.1836787523513,24.2408093636233,24.261576176083,24.3497878691456,24.4016414116675,24.4275582848784,24.4690115721079,24.3705324552306,24.4845522079513,24.3809031634257,24.3705324552306,24.396457245529,24.1888737710728,24.261576176083,24.235616997893,24.3860881214467,24.4741920473867,24.4379231880585,24.3238511901693,24.3238511901693,24.3549744119754,24.3809031634257,24.3860881214467,24.4016414116675,24.3601606905737,24.3549744119754,24.3601606905737,24.3290390547373,24.313474667603,24.3342266548802,24.3809031634257,24.2563848704595,24.2771485035319,24.3186630611374,24.4275582848784,24.3082860095273,24.2771485035319,24.4223754377718,24.4379231880585,24.5156263724707,24.588095945611,24.7328808471969,24.8464965838976,24.918731811688,24.9342041538485,24.9393610812787,24.918731811688,24.9342041538485,24.9599861922213,25.0681998923707,25.0063774992726,25.0475965748176,25.0115307913128
24.16809210295,24.3394139906367,24.4327408682945,24.3082860095273,24.313474667603,24.2979078995965,24.2979078995965,24.266767216777,24.235616997893,24.1732879183289,24.1784834681163,24.1992630121316,24.2096511916044,24.1732879183289,24.1732879183289,24.1369116310709,23.9131709850186,23.8350056964094,23.8662790443357,24.0641199610143,24.1317139554589,23.9340048894389,23.9027524276446,24.02250128355,24.0953227786774,23.9964809427924,24.2304243670388,24.3809031634257,24.3757179413665,24.2563848704595,24.220038309803,24.3653467049792,24.2563848704595,24.220038309803,24.1109205935815,24.3030970868713,24.2408093636233,24.3030970868713,24.2304243670388,24.220038309803,24.1992630121316,23.9704539289542,24.0068898795898,24.0745219654683,24.1784834681163,24.0381102869696,24.1784834681163,24.0953227786774,24.2823387496704,24.1525030628745,24.2927184476639,24.0433127548394,24.1369116310709,24.1057215880592,24.1473061847397,24.0277045513642,23.8662790443357,24.4690115721079,24.5000904743927,24.3186630611374,24.4016414116675,24.4690115721079,24.3030970868713,24.3549744119754,24.2044572345467,24.1992630121316,24.1109205935815,24.2408093636233,24.220038309803,24.2304243670388,24.220038309803,24.2563848704595,24.0433127548394,24.2563848704595,24.2148448833435,24.2096511916044,24.1992630121316,24.2771485035319,24.1784834681163,24.2979078995965,24.3497878691456,24.2823387496704,24.417192326936,24.396457245529,24.2875287310348,24.1784834681163,24.2875287310348,24.2044572345467,24.16809210295,24.4120089523324,24.4016414116675,24.4845522079513,24.4793722593216,24.5000904743927,24.588095945611,24.593270373703,24.5829212550199,24.525982322611,24.5208044790397,24.5104480028654,24.4949113154483,24.5415142757223,24.4690115721079,24.588095945611,24.5104480028654,24.4431052442089,24.525982322611,24.3446010620456,24.4638308334468,24.313474667603,24.3912728154683,24.4741920473867,24.4586498313649,24.3653467049792,24.2979078995965,24.3290390547373,24.4223754377718,24.3497878691456,24.4223754377718,24.4068253139224,24.3757179413665,24.313474667603,24.417192326936,24.4690115721079,24.5725710861868,24.5208044790397,24.5570438632356,24.5415142757223,24.6243114319154,24.525982322611,24.5052693701856,24.6036184425424,24.6036184425424,24.4845522079513,24.5415142757223,24.4638308334468,24.5156263724707,24.417192326936,24.4223754377718,24.4016414116675,24.1732879183289,24.3912728154683,24.5777463018912,24.2927184476639,24.5000904743927,24.5673956078683,24.598444539334,24.593270373703,24.5156263724707,24.4275582848784,24.5829212550199,24.5208044790397,24.5570438632356,24.4223754377718,24.4275582848784,24.4275582848784,24.4638308334468,24.5000904743927,24.3860881214467,24.4897318933139,24.4690115721079,24.4275582848784,24.3186630611374,24.3860881214467,24.4379231880585,24.593270373703,24.6087920833666,24.5415142757223,24.5829212550199,24.5208044790397,24.4068253139224,24.3653467049792,24.235616997893,24.266767216777,24.2252314710217,24.3082860095273,24.2148448833435,24.266767216777,24.2823387496704,24.3238511901693,24.2979078995965,24.2823387496704,24.3082860095273,24.3912728154683,24.4793722593216,24.4793722593216,24.3912728154683,24.261576176083,24.313474667603,24.2148448833435,24.4068253139224,24.3705324552306,24.4068253139224,24.4431052442089,24.4016414116675,24.396457245529,24.3809031634257,24.3705324552306,24.4534685658236,24.3030970868713,24.2148448833435,24.3030970868713,24.3290390547373,24.3030970868713,24.3601606905737,24.3601606905737,24.3860881214467,24.4120089523324,24.2979078995965,24.3394139906367,24.4638308334468,24.3446010620456,24.2979078995965,24.2875287310348,24.3394139906367,24.3290390547373,24.4379231880585,24.417192326936,24.4275582848784,24.2823387496704,24.3082860095273,24.3238511901693,24.2460014642685,24.3030970868713,24.3446010620456,24.3860881214467,24.5363372209139,24.5673956078683,24.7638794888426,24.8258485704877,24.9342041538485,25.0012239478063,24.954830304227,24.9135738442187,24.9857617364743,24.9857617364743,25.0321413659635,24.9393610812787,25.0269891112523,24.9496741564303
24.3912728154683,24.3186630611374,24.4120089523324,24.4741920473867,24.3342266548802,24.3394139906367,24.4638308334468,24.3446010620456,24.3757179413665,24.1888737710728,24.2304243670388,24.1992630121316,24.2304243670388,24.2563848704595,24.1836787523513,23.9027524276446,23.9912760740285,24.0849229045849,24.1265160139431,24.02250128355,24.0381102869696,24.1057215880592,24.0068898795898,24.1784834681163,24.16809210295,24.1525030628745,23.9964809427924,24.2511932998677,24.266767216777,24.266767216777,24.3497878691456,24.3238511901693,24.1992630121316,24.16809210295,24.2304243670388,24.2979078995965,24.2979078995965,24.2771485035319,24.2252314710217,24.0641199610143,24.0745219654683,24.032907552491,24.0901229747396,24.16809210295,24.0068898795898,24.1576996752618,24.16809210295,24.0381102869696,24.0381102869696,24.0797225681742,24.1888737710728,24.0641199610143,24.1213178064842,24.0433127548394,24.1109205935815,23.9652477249841,24.2044572345467,24.313474667603,24.4534685658236,24.3082860095273,24.3394139906367,24.4482870367845,24.3290390547373,24.3809031634257,24.266767216777,24.2252314710217,24.2304243670388,24.2460014642685,24.2304243670388,24.2304243670388,24.235616997893,24.2460014642685,24.3030970868713,24.0537168909092,24.1057215880592,24.1161193330435,24.19406852432,24.3030970868713,24.3082860095273,24.3549744119754,24.3342266548802,24.4534685658236,24.4068253139224,24.4482870367845,24.3082860095273,24.2927184476639,24.2511932998677,24.1992630121316,24.2563848704595,24.4068253139224,24.4068253139224,24.4949113154483,24.5052693701856,24.4949113154483,24.6139654618445,24.5311599032229,24.598444539334,24.6036184425424,24.5777463018912,24.5570438632356,24.4949113154483,24.5518675968447,24.5311599032229,24.598444539334,24.5570438632356,24.5777463018912,24.5000904743927,24.2304243670388,24.3030970868713,24.4741920473867,24.3912728154683,24.4949113154483,24.5725710861868,24.4482870367845,24.1836787523513,24.3549744119754,24.313474667603,24.4327408682945,24.4016414116675,24.417192326936,24.4275582848784,24.3497878691456,24.5052693701856,24.5052693701856,24.525982322611,24.6398284203822,24.5777463018912,24.5725710861868,24.5466910676864,24.6036184425424,24.6036184425424,24.5052693701856,24.5052693701856,24.5104480028654,24.5052693701856,24.5104480028654,24.5052693701856,24.525982322611,24.4068253139224,24.4327408682945,24.1317139554589,24.4379231880585,24.4586498313649,24.4690115721079,24.4586498313649,24.5052693701856,24.6191385780148,24.6139654618445,24.525982322611,24.5363372209139,24.593270373703,24.5518675968447,24.5570438632356,24.5518675968447,24.5673956078683,24.5000904743927,24.4741920473867,24.5622198668973,24.4638308334468,24.5570438632356,24.5000904743927,24.5156263724707,24.5829212550199,24.6656848260024,24.4327408682945,24.5208044790397,24.5725710861868,24.7018727940562,24.5725710861868,24.7070414568379,24.5829212550199,24.4327408682945,24.2979078995965,24.2511932998677,24.3860881214467,24.3497878691456,24.2304243670388,24.2408093636233,24.266767216777,24.2771485035319,24.266767216777,24.2252314710217,24.313474667603,24.3497878691456,24.396457245529,24.3809031634257,24.3809031634257,24.3757179413665,24.1836787523513,24.2875287310348,24.3860881214467,24.3601606905737,24.2460014642685,24.4482870367845,24.4120089523324,24.4897318933139,24.525982322611,24.4793722593216,24.6087920833666,24.3238511901693,24.3653467049792,24.3342266548802,24.4120089523324,24.3705324552306,24.3757179413665,24.5156263724707,24.4482870367845,24.5208044790397,24.4327408682945,24.4379231880585,24.396457245529,24.4431052442089,24.3705324552306,24.4068253139224,24.3238511901693,24.4327408682945,24.3705324552306,24.4586498313649,24.4275582848784,24.4223754377718,24.2927184476639,24.4275582848784,24.2875287310348,24.2875287310348,24.4223754377718,24.3705324552306,24.396457245529,24.6553430497988,24.6863652356057,24.7587137017957,24.9290469664651,25.0012239478063,25.0578987516956,25.0012239478063,25.0681998923707,25.0475965748176,25.1042457289643,25.0681998923707,25.0115307913128,25.0424450977087
24.3082860095273,24.3809031634257,24.313474667603,24.4793722593216,24.4741920473867,24.4741920473867,24.4431052442089,24.2979078995965,24.1784834681163,24.0849229045849,24.2304243670388,24.0641199610143,24.1109205935815,24.0797225681742,24.1576996752618,24.0641199610143,24.0745219654683,24.1005223164376,24.0277045513642,23.9964809427924,23.855855667086,24.1473061847397,24.1421090408181,24.1109205935815,24.1369116310709,23.9131709850186,24.0016855446331,24.1525030628745,24.2771485035319,24.3238511901693,24.2771485035319,24.2719579925803,24.2563848704595,24.3186630611374,24.2511932998677,24.266767216777,24.19406852432,24.2148448833435,24.2148448833435,24.261576176083,24.4120089523324,24.19406852432,24.1784834681163,24.0120939477021,23.9496275099604,23.8767013499485,24.02250128355,24.0641199610143,23.9079618401281,24.0381102869696,24.0433127548394,24.1836787523513,23.9912760740285,24.0537168909092,23.8454312178827,24.1057215880592,24.266767216777,24.2719579925803,24.2511932998677,24.525982322611,24.525982322611,24.4223754377718,24.3601606905737,24.4068253139224,24.3290390547373,24.2408093636233,24.3549744119754,24.220038309803,24.2044572345467,24.1057215880592,23.9860709383021,24.0849229045849,24.220038309803,24.2044572345467,24.1888737710728,24.3549744119754,24.2148448833435,24.0641199610143,24.313474667603,24.3082860095273,24.235616997893,24.396457245529,24.3342266548802,24.4482870367845,24.3030970868713,24.2875287310348,24.2563848704595,24.220038309803,24.235616997893,24.261576176083,24.417192326936,24.5518675968447,24.5622198668973,24.6036184425424,24.6036184425424,24.5829212550199,24.5725710861868,24.5052693701856,24.5363372209139,24.5829212550199,24.4897318933139,24.4897318933139,24.4690115721079,24.5518675968447,24.4741920473867,24.5363372209139,24.4534685658236,24.4379231880585,24.3601606905737,24.3809031634257,24.3082860095273,24.4120089523324,24.6087920833666,24.5415142757223,24.1992630121316,24.19406852432,24.2460014642685,24.4016414116675,24.4223754377718,24.4897318933139,24.4120089523324,24.3653467049792,24.4120089523324,24.4016414116675,24.5156263724707,24.5673956078683,24.5415142757223,24.4949113154483,24.5829212550199,24.5518675968447,24.5104480028654,24.3757179413665,24.4690115721079,24.5104480028654,24.4949113154483,24.4845522079513,24.4793722593216,24.4120089523324,24.5208044790397,24.4482870367845,24.5052693701856,24.5104480028654,24.5415142757223,24.5000904743927,24.5363372209139,24.5777463018912,24.5000904743927,24.5777463018912,24.6036184425424,24.6139654618445,24.5104480028654,24.6087920833666,24.5673956078683,24.4586498313649,24.5052693701856,24.4897318933139,24.4897318933139,24.4845522079513,24.4638308334468,24.4949113154483,24.5311599032229,24.6191385780148,24.5363372209139,24.5570438632356,24.5725710861868,24.4897318933139,24.5363372209139,24.6398284203822,24.593270373703,24.7638794888426,24.6294840235847,24.417192326936,24.3705324552306,24.3290390547373,24.2460014642685,24.2979078995965,24.3030970868713,24.2771485035319,24.2927184476639,24.3290390547373,24.2252314710217,24.2719579925803,24.2875287310348,24.3757179413665,24.4327408682945,24.3912728154683,24.3497878691456,24.3912728154683,24.3705324552306,24.3290390547373,24.2823387496704,24.3342266548802,24.3394139906367,24.3290390547373,24.3809031634257,24.4845522079513,24.4068253139224,24.3342266548802,24.5311599032229,24.3809031634257,24.313474667603,24.3238511901693,24.417192326936,24.3809031634257,24.4068253139224,24.4586498313649,24.525982322611,24.5052693701856,24.4431052442089,24.4379231880585,24.3705324552306,24.4327408682945,24.3342266548802,24.4431052442089,24.396457245529,24.396457245529,24.4223754377718,24.3653467049792,24.3394139906367,24.3912728154683,24.3342266548802,24.2979078995965,24.313474667603,24.313474667603,24.2563848704595,24.5311599032229,24.6243114319154,24.6915346834782,24.7432147730614,24.9290469664651,25.0063774992726,24.9445177487934,24.918731811688,24.9238895190908,24.9238895190908,24.9702971889533,25.0063774992726,25.0012239478063,25.0424450977087,24.9393610812787
24.4068253139224,24.2927184476639,24.4793722593216,24.4586498313649,24.4845522079513,24.3705324552306,24.4586498313649,24.4379231880585,24.16809210295,24.220038309803,24.2044572345467,23.9808655355738,24.1005223164376,24.1888737710728,24.0745219654683,24.1265160139431,24.0589185591878,24.1005223164376,24.1888737710728,24.02250128355,23.9808655355738,24.1161193330435,24.1836787523513,24.1992630121316,24.0068898795898,24.0277045513642,24.1317139554589,24.1628960219406,24.2823387496704,24.2408093636233,24.3238511901693,24.2875287310348,24.2927184476639,24.2823387496704,24.1525030628745,24.1784834681163,24.261576176083,24.220038309803,24.220038309803,24.1005223164376,24.2096511916044,24.2771485035319,24.2719579925803,23.9652477249841,24.1992630121316,24.1784834681163,24.19406852432,24.1576996752618,24.16809210295,24.1369116310709,24.0641199610143,24.1525030628745,24.017297749009,23.9860709383021,23.9912760740285,24.1109205935815,24.2252314710217,24.3653467049792,24.4379231880585,24.4379231880585,24.4223754377718,24.3290390547373,24.2044572345467,24.3290390547373,24.3653467049792,24.261576176083,24.19406852432,24.1732879183289,24.0901229747396,24.1473061847397,24.1784834681163,24.1576996752618,24.3809031634257,24.3290390547373,24.2979078995965,24.3757179413665,24.3497878691456,24.266767216777,24.313474667603,24.3186630611374,24.4690115721079,24.4586498313649,24.525982322611,24.3290390547373,24.3030970868713,24.3601606905737,24.2460014642685,24.1992630121316,24.235616997893,24.2408093636233,24.2460014642685,24.3705324552306,24.5725710861868,24.5622198668973,24.5673956078683,24.598444539334,24.588095945611,24.5156263724707,24.5777463018912,24.5052693701856,24.3290390547373,24.4638308334468,24.4534685658236,24.4690115721079,24.4534685658236,24.4431052442089,24.4482870367845,24.4431052442089,24.4741920473867,24.3705324552306,24.2875287310348,24.3342266548802,24.5000904743927,24.4586498313649,24.3549744119754,24.19406852432,24.2563848704595,24.2511932998677,24.396457245529,24.4949113154483,24.4379231880585,24.4068253139224,24.3912728154683,24.4016414116675,24.5466910676864,24.5415142757223,24.5622198668973,24.5156263724707,24.4845522079513,24.525982322611,24.6346563530609,24.4793722593216,24.525982322611,24.4845522079513,24.5829212550199,24.4949113154483,24.4897318933139,24.5104480028654,24.396457245529,24.4120089523324,24.6087920833666,24.5052693701856,24.593270373703,24.6708553211965,24.68119552596,24.6553430497988,24.5466910676864,24.6191385780148,24.4431052442089,24.6139654618445,24.3238511901693,24.588095945611,24.6036184425424,24.6553430497988,24.5673956078683,24.5156263724707,24.4793722593216,24.4638308334468,24.5363372209139,24.5363372209139,24.598444539334,24.525982322611,24.5415142757223,24.5415142757223,24.5518675968447,24.6243114319154,24.593270373703,24.588095945611,24.6139654618445,24.6501717687129,24.6553430497988,24.525982322611,24.4534685658236,24.3601606905737,24.3082860095273,24.2096511916044,24.3290390547373,24.19406852432,24.2771485035319,24.2979078995965,24.3030970868713,24.313474667603,24.3030970868713,24.2771485035319,24.3394139906367,24.4016414116675,24.4016414116675,24.4275582848784,24.2823387496704,24.1836787523513,24.1992630121316,24.3601606905737,24.3290390547373,24.3705324552306,24.3290390547373,24.396457245529,24.4586498313649,24.417192326936,24.396457245529,24.313474667603,24.3394139906367,24.0953227786774,24.2252314710217,24.2304243670388,24.3238511901693,24.5104480028654,24.4431052442089,24.3757179413665,24.3497878691456,24.3601606905737,24.3601606905737,24.4482870367845,24.4845522079513,24.4431052442089,24.4690115721079,24.3446010620456,24.4845522079513,24.396457245529,24.3342266548802,24.4431052442089,24.4327408682945,24.3394139906367,24.2927184476639,24.2927184476639,24.2927184476639,24.4120089523324,24.5052693701856,24.7173779975772,24.8310109648659,25.0063774992726,24.9496741564303,24.9702971889533,25.1711543738743,24.9806071469274,25.0475965748176,25.0372933614365,24.9960701368761,24.9909160664447,24.9342041538485,25.0372933614365
24.0693210964281,24.3342266548802,24.3497878691456,24.313474667603,24.3342266548802,24.3446010620456,24.3446010620456,24.4275582848784,24.4223754377718,24.3290390547373,24.1265160139431,24.0849229045849,24.1576996752618,24.1628960219406,24.1005223164376,24.0641199610143,24.1057215880592,24.0381102869696,24.017297749009,24.0068898795898,23.9964809427924,24.1265160139431,24.1057215880592,24.0641199610143,24.1369116310709,23.9808655355738,23.9964809427924,24.0277045513642,24.261576176083,24.3705324552306,24.2771485035319,24.3601606905737,24.313474667603,24.2511932998677,24.1576996752618,24.1525030628745,24.2771485035319,24.2044572345467,24.2044572345467,24.0693210964281,24.1213178064842,24.2304243670388,24.1421090408181,24.1265160139431,24.220038309803,24.1888737710728,24.220038309803,24.1525030628745,24.1784834681163,24.1109205935815,24.2252314710217,24.1317139554589,24.017297749009,24.1473061847397,24.1265160139431,24.220038309803,24.3601606905737,24.220038309803,24.4379231880585,24.5311599032229,24.3238511901693,24.3497878691456,24.19406852432,24.1836787523513,24.220038309803,24.2460014642685,24.2460014642685,24.235616997893,24.3497878691456,24.3394139906367,24.0849229045849,24.1732879183289,24.2096511916044,24.220038309803,24.2875287310348,24.396457245529,24.4586498313649,24.266767216777,24.2304243670388,24.3446010620456,24.3290390547373,24.3653467049792,24.3549744119754,24.3809031634257,24.3757179413665,24.3601606905737,24.266767216777,24.2408093636233,24.2304243670388,24.2304243670388,24.3705324552306,24.4223754377718,24.5311599032229,24.5777463018912,24.5829212550199,24.5829212550199,24.5673956078683,24.593270373703,24.5673956078683,24.4949113154483,24.4275582848784,24.4534685658236,24.5311599032229,24.4482870367845,24.4534685658236,24.4534685658236,24.525982322611,24.4120089523324,24.3860881214467,24.4431052442089,24.3860881214467,24.3757179413665,24.4534685658236,24.4016414116675,24.3809031634257,24.4068253139224,24.3238511901693,24.3394139906367,24.4016414116675,24.4638308334468,24.4120089523324,24.4793722593216,24.5104480028654,24.5311599032229,24.4327408682945,24.5363372209139,24.5466910676864,24.4327408682945,24.525982322611,24.5156263724707,24.5052693701856,24.4741920473867,24.3082860095273,24.4741920473867,24.5104480028654,24.5622198668973,24.5208044790397,24.5466910676864,24.3549744119754,24.396457245529,24.5466910676864,24.593270373703,24.5156263724707,24.6036184425424,24.5363372209139,24.6346563530609,24.4431052442089,24.4638308334468,24.417192326936,24.4586498313649,24.2927184476639,24.3394139906367,24.4638308334468,24.5673956078683,24.6398284203822,24.5622198668973,24.5000904743927,24.525982322611,24.4534685658236,24.4482870367845,24.5363372209139,24.4949113154483,24.5518675968447,24.5622198668973,24.593270373703,24.588095945611,24.6036184425424,24.593270373703,24.5311599032229,24.6191385780148,24.6708553211965,24.5518675968447,24.4534685658236,24.2823387496704,24.3238511901693,24.2096511916044,24.2771485035319,24.19406852432,24.3186630611374,24.220038309803,24.417192326936,24.3394139906367,24.313474667603,24.2875287310348,24.2823387496704,24.4223754377718,24.3705324552306,24.4379231880585,24.3809031634257,24.2719579925803,24.261576176083,24.2408093636233,24.3497878691456,24.3030970868713,24.3186630611374,24.4223754377718,24.3342266548802,24.4120089523324,24.3757179413665,24.2823387496704,24.417192326936,24.3082860095273,24.220038309803,24.3030970868713,24.3446010620456,24.3653467049792,24.4275582848784,24.5311599032229,24.417192326936,24.3549744119754,24.5415142757223,24.4586498313649,24.5208044790397,24.4379231880585,24.4793722593216,24.4016414116675,24.4586498313649,24.3809031634257,24.4379231880585,24.2823387496704,24.3497878691456,24.3601606905737,24.3030970868713,24.2927184476639,24.2563848704595,24.3082860095273,24.3601606905737,24.6553430497988,24.8723007375455,25.0012239478063,24.8826205758957,24.9806071469274,24.9393610812787,25.0218365972651,24.8929393729232,25.0372933614365,24.9909160664447,25.0012239478063,24.9342041538485,24.8516579356668
24.4482870367845,24.3601606905737,24.4690115721079,24.19406852432,24.3342266548802,24.4690115721079,24.313474667603,24.4482870367845,24.3705324552306,24.3238511901693,24.2304243670388,24.1369116310709,24.16809210295,24.2408093636233,24.266767216777,24.2771485035319,24.2460014642685,24.1265160139431,24.1161193330435,23.9860709383021,24.0953227786774,24.0485149561396,24.2304243670388,24.1421090408181,24.0693210964281,24.032907552491,24.1109205935815,24.0277045513642,24.0745219654683,24.1213178064842,24.2771485035319,24.1265160139431,24.2044572345467,24.261576176083,24.2875287310348,24.266767216777,24.1473061847397,24.1992630121316,24.2563848704595,24.19406852432,24.19406852432,24.16809210295,24.1888737710728,24.1888737710728,24.1836787523513,24.2408093636233,24.2823387496704,24.1888737710728,24.1784834681163,24.0381102869696,24.1784834681163,24.220038309803,24.2252314710217,24.1317139554589,24.220038309803,24.313474667603,24.3705324552306,24.4534685658236,24.4431052442089,24.4379231880585,24.3290390547373,24.3186630611374,24.1992630121316,24.1317139554589,24.0693210964281,24.1473061847397,24.1421090408181,24.220038309803,24.4120089523324,24.3809031634257,24.3549744119754,24.0797225681742,24.1421090408181,24.3186630611374,24.2148448833435,24.3497878691456,24.3186630611374,24.235616997893,24.1525030628745,24.266767216777,24.3757179413665,24.3238511901693,24.3238511901693,24.3238511901693,24.2511932998677,24.2563848704595,24.2979078995965,24.396457245529,24.2252314710217,24.2408093636233,24.3082860095273,24.4482870367845,24.4845522079513,24.5725710861868,24.5673956078683,24.5622198668973,24.593270373703,24.5052693701856,24.5104480028654,24.4068253139224,24.4431052442089,24.3757179413665,24.3238511901693,24.5052693701856,24.4897318933139,24.5415142757223,24.5000904743927,24.6243114319154,24.5777463018912,24.4120089523324,24.3238511901693,24.3549744119754,24.3653467049792,24.3860881214467,24.2719579925803,24.3290390547373,24.266767216777,24.2875287310348,24.5311599032229,24.4897318933139,24.5000904743927,24.3809031634257,24.4690115721079,24.5518675968447,24.5311599032229,24.5725710861868,24.5208044790397,24.3342266548802,24.2563848704595,24.3757179413665,24.5104480028654,24.4638308334468,24.5000904743927,24.5208044790397,24.5208044790397,24.5156263724707,24.4741920473867,24.3549744119754,24.2979078995965,24.5415142757223,24.3912728154683,24.5052693701856,24.5156263724707,24.5570438632356,24.5000904743927,24.5363372209139,24.4690115721079,24.5052693701856,24.4016414116675,24.4793722593216,24.3549744119754,24.4223754377718,24.4586498313649,24.6294840235847,24.6036184425424,24.5725710861868,24.525982322611,24.5208044790397,24.4534685658236,24.4327408682945,24.5104480028654,24.6346563530609,24.5415142757223,24.5311599032229,24.5673956078683,24.5570438632356,24.5725710861868,24.6036184425424,24.6087920833666,24.6450002255868,24.5673956078683,24.5104480028654,24.3912728154683,24.2927184476639,24.3394139906367,24.3186630611374,24.3497878691456,24.2044572345467,24.2927184476639,24.2875287310348,24.2875287310348,24.2875287310348,24.3082860095273,24.3549744119754,24.313474667603,24.3860881214467,24.3809031634257,24.3186630611374,24.2460014642685,24.2823387496704,24.2304243670388,24.2563848704595,24.2460014642685,24.3030970868713,24.3082860095273,24.3757179413665,24.4690115721079,24.3757179413665,24.3809031634257,24.3860881214467,24.3394139906367,24.2979078995965,24.2460014642685,24.3497878691456,24.3549744119754,24.4690115721079,24.4275582848784,24.417192326936,24.4431052442089,24.3912728154683,24.3497878691456,24.3653467049792,24.3705324552306,24.4275582848784,24.4586498313649,24.396457245529,24.4482870367845,24.4275582848784,24.2719579925803,24.4534685658236,24.4431052442089,24.2927184476639,24.2979078995965,24.4068253139224,24.313474667603,24.3809031634257,24.4016414116675,24.6450002255868,24.7173779975772,24.9754522977662,24.9135738442187,24.9754522977662,24.9342041538485,25.0115307913128,25.0630494515398,25.0475965748176,24.9960701368761,24.9909160664447,25.0012239478063,24.9342041538485
24.19406852432,24.4482870367845,24.3549744119754,24.3549744119754,24.2979078995965,24.396457245529,24.3860881214467,24.3809031634257,24.3342266548802,24.2771485035319,24.2304243670388,24.16809210295,24.1628960219406,24.1576996752618,24.2511932998677,24.2460014642685,24.1473061847397,24.1317139554589,24.1213178064842,24.0953227786774,24.1317139554589,24.1161193330435,24.0901229747396,24.1213178064842,23.8819121009899,24.1784834681163,24.1421090408181,24.19406852432,24.0120939477021,24.1421090408181,24.2096511916044,24.1576996752618,24.2771485035319,24.220038309803,24.1732879183289,24.2771485035319,24.1836787523513,24.16809210295,24.1628960219406,24.1836787523513,24.1628960219406,24.1732879183289,23.9860709383021,24.1005223164376,24.2044572345467,24.313474667603,24.3186630611374,24.3394139906367,24.2823387496704,24.1784834681163,24.1992630121316,24.2304243670388,24.2304243670388,24.1836787523513,24.1992630121316,24.3446010620456,24.3290390547373,24.3238511901693,24.235616997893,24.4482870367845,24.3290390547373,24.2096511916044,24.3030970868713,23.9496275099604,23.9548345155266,23.9548345155266,24.2408093636233,24.3082860095273,24.4327408682945,24.525982322611,24.4482870367845,24.1109205935815,24.0016855446331,24.3705324552306,24.3290390547373,24.3394139906367,24.2408093636233,24.3497878691456,24.266767216777,24.2823387496704,24.1888737710728,24.1213178064842,24.2096511916044,24.3342266548802,24.2148448833435,24.2979078995965,24.2875287310348,24.3082860095273,24.3757179413665,24.235616997893,24.3549744119754,24.4431052442089,24.4741920473867,24.3912728154683,24.4275582848784,24.5363372209139,24.3549744119754,24.4223754377718,24.4638308334468,24.5570438632356,24.5673956078683,24.3653467049792,24.4120089523324,24.4949113154483,24.5104480028654,24.5208044790397,24.6243114319154,24.6139654618445,24.5725710861868,24.3705324552306,24.3238511901693,24.3601606905737,24.2927184476639,24.3860881214467,24.2460014642685,24.261576176083,24.3912728154683,24.3912728154683,24.4638308334468,24.6605140688826,24.5208044790397,24.5052693701856,24.4949113154483,24.4275582848784,24.4275582848784,24.525982322611,24.5052693701856,24.417192326936,24.2771485035319,24.2927184476639,24.4949113154483,24.5000904743927,24.5156263724707,24.5570438632356,24.4482870367845,24.4690115721079,24.417192326936,24.4120089523324,24.2875287310348,24.5363372209139,24.2823387496704,24.4949113154483,24.5208044790397,24.5311599032229,24.525982322611,24.4741920473867,24.5415142757223,24.5622198668973,24.4793722593216,24.4690115721079,24.4379231880585,24.3238511901693,24.5518675968447,24.5777463018912,24.5725710861868,24.4586498313649,24.5777463018912,24.4431052442089,24.4431052442089,24.5311599032229,24.5311599032229,24.5622198668973,24.6553430497988,24.5415142757223,24.5415142757223,24.6553430497988,24.598444539334,24.7070414568379,24.7587137017957,24.7277134921382,24.5829212550199,24.5000904743927,24.3705324552306,24.3446010620456,24.2823387496704,24.261576176083,24.261576176083,24.2563848704595,24.19406852432,24.3030970868713,24.2719579925803,24.2460014642685,24.313474667603,24.2875287310348,24.2979078995965,24.3549744119754,24.3290390547373,24.3082860095273,24.2927184476639,24.2511932998677,24.266767216777,24.4120089523324,24.2511932998677,24.313474667603,24.2771485035319,24.3186630611374,24.4068253139224,24.3549744119754,24.3290390547373,24.3446010620456,24.4068253139224,24.261576176083,24.3186630611374,24.3290390547373,24.3860881214467,24.3860881214467,24.396457245529,24.3705324552306,24.4223754377718,24.3082860095273,24.2511932998677,24.3497878691456,24.4275582848784,24.4482870367845,24.396457245529,24.4638308334468,24.4016414116675,24.3497878691456,24.3809031634257,24.3549744119754,24.3705324552306,24.261576176083,24.3030970868713,24.2875287310348,24.4327408682945,24.3757179413665,24.3549744119754,24.6708553211965,24.8000326866343,25.0166838239645,24.918731811688,24.9909160664447,24.9290469664651,25.0218365972651,24.9960701368761,25.0166838239645,25.0012239478063,24.9393610812787,25.0681998923707,25.0269891112523
24.3290390547373,24.2408093636233,24.313474667603,24.3394139906367,24.2927184476639,24.3549744119754,24.4016414116675,24.3549744119754,24.4068253139224,24.3082860095273,24.313474667603,24.1888737710728,24.1628960219406,24.3030970868713,24.1628960219406,24.2148448833435,24.2460014642685,24.1525030628745,24.1473061847397,24.3030970868713,24.0797225681742,24.02250128355,24.1109205935815,23.8923327997404,23.8767013499485,24.017297749009,24.1576996752618,24.1576996752618,24.0589185591878,24.2096511916044,24.261576176083,24.2252314710217,24.2044572345467,23.8923327997404,24.1473061847397,24.02250128355,24.1213178064842,24.1992630121316,24.1784834681163,24.1421090408181,24.0693210964281,24.0381102869696,23.9340048894389,24.0433127548394,24.1005223164376,24.19406852432,24.3342266548802,24.2771485035319,24.3394139906367,24.3601606905737,24.3601606905737,24.3394139906367,24.2979078995965,24.1473061847397,24.19406852432,24.3809031634257,24.3705324552306,24.2511932998677,24.2304243670388,24.1369116310709,24.2927184476639,24.0745219654683,24.0641199610143,23.7619969958994,23.6314932528619,24.0797225681742,24.1317139554589,24.3809031634257,24.396457245529,24.4534685658236,24.6139654618445,24.3238511901693,24.3497878691456,24.3342266548802,24.2252314710217,24.3342266548802,24.2252314710217,24.3030970868713,24.0485149561396,24.1525030628745,24.2096511916044,24.16809210295,24.261576176083,24.261576176083,24.2823387496704,24.2044572345467,24.1369116310709,24.2875287310348,24.261576176083,24.2823387496704,24.3030970868713,24.3342266548802,24.3601606905737,24.4068253139224,24.3497878691456,24.5052693701856,24.3446010620456,24.3030970868713,24.3549744119754,24.3705324552306,24.3860881214467,24.4793722593216,24.5363372209139,24.5311599032229,24.6553430497988,24.5104480028654,24.5829212550199,24.5622198668973,24.598444539334,24.4482870367845,24.4379231880585,24.3653467049792,24.3809031634257,24.4223754377718,24.2823387496704,24.4120089523324,24.4379231880585,24.6139654618445,24.4741920473867,24.5518675968447,24.5052693701856,24.396457245529,24.4793722593216,24.4690115721079,24.5518675968447,24.4534685658236,24.4223754377718,24.4223754377718,24.3186630611374,24.2979078995965,24.2148448833435,24.5052693701856,24.5104480028654,24.4690115721079,24.5208044790397,24.3342266548802,24.3653467049792,24.396457245529,24.266767216777,24.2927184476639,24.2771485035319,24.2408093636233,24.5829212550199,24.5622198668973,24.5052693701856,24.5000904743927,24.5104480028654,24.4690115721079,24.4586498313649,24.4741920473867,24.4949113154483,24.3290390547373,24.4275582848784,24.6036184425424,24.6036184425424,24.3394139906367,24.4897318933139,24.6553430497988,24.4534685658236,24.4793722593216,24.6501717687129,24.6501717687129,24.7122098579989,24.598444539334,24.588095945611,24.5415142757223,24.68119552596,24.8671404277798,24.7742102793675,24.6243114319154,24.6450002255868,24.593270373703,24.5829212550199,24.3290390547373,24.2823387496704,24.19406852432,24.266767216777,24.2771485035319,24.3394139906367,24.266767216777,24.2563848704595,24.2719579925803,24.2875287310348,24.417192326936,24.4016414116675,24.4120089523324,24.3705324552306,24.4223754377718,24.2563848704595,24.2563848704595,24.4275582848784,24.4482870367845,24.3030970868713,24.2096511916044,24.1317139554589,24.2460014642685,24.3186630611374,24.4068253139224,24.4120089523324,24.4120089523324,24.3342266548802,24.3653467049792,24.3030970868713,24.3912728154683,24.3186630611374,24.3705324552306,24.3653467049792,24.3446010620456,24.3446010620456,24.3238511901693,24.3186630611374,24.3446010620456,24.4120089523324,24.3860881214467,24.3757179413665,24.4431052442089,24.3860881214467,24.3290390547373,24.2719579925803,24.3601606905737,24.3653467049792,24.3705324552306,24.3290390547373,24.3912728154683,24.4431052442089,24.3186630611374,24.5208044790397,24.6760255545029,24.7793752829217,24.9599861922213,24.9238895190908,25.0063774992726,25.0012239478063,24.9857617364743,24.9702971889533,25.1093940990381,25.0681998923707,25.0012239478063,25.0321413659635,25.0475965748176
24.0485149561396,24.1784834681163,24.1992630121316,24.3342266548802,24.261576176083,24.2927184476639,24.4068253139224,24.417192326936,24.3601606905737,24.3186630611374,24.2719579925803,24.2460014642685,24.16809210295,24.2044572345467,24.1836787523513,24.2823387496704,24.3705324552306,24.2252314710217,24.19406852432,24.1369116310709,24.1005223164376,23.8871225842407,24.0901229747396,24.0381102869696,24.2252314710217,24.1576996752618,24.1421090408181,24.1576996752618,24.02250128355,24.16809210295,24.1213178064842,24.2979078995965,24.2511932998677,24.1161193330435,24.0797225681742,24.1628960219406,24.1109205935815,24.3342266548802,24.0277045513642,24.261576176083,24.1161193330435,24.1628960219406,24.16809210295,24.1992630121316,24.0277045513642,24.1784834681163,24.0745219654683,24.3394139906367,24.3601606905737,24.3601606905737,24.2771485035319,24.2460014642685,24.1576996752618,24.2823387496704,24.3290390547373,24.3238511901693,24.3446010620456,24.1888737710728,24.1421090408181,23.9340048894389,24.16809210295,24.1161193330435,23.8506435764983,23.7202540996537,23.8454312178827,24.0433127548394,24.2304243670388,24.313474667603,24.3186630611374,24.3860881214467,24.3497878691456,24.5622198668973,24.3705324552306,24.3497878691456,24.1888737710728,24.220038309803,24.0381102869696,24.032907552491,24.1784834681163,24.2148448833435,24.16809210295,24.235616997893,24.3342266548802,24.3394139906367,24.266767216777,24.261576176083,24.2719579925803,24.2460014642685,24.266767216777,24.261576176083,24.2771485035319,24.3342266548802,24.417192326936,24.3394139906367,24.417192326936,24.3809031634257,24.3497878691456,24.3082860095273,24.2304243670388,24.1888737710728,24.4068253139224,24.5363372209139,24.6760255545029,24.68119552596,24.5363372209139,24.5104480028654,24.4897318933139,24.6139654618445,24.588095945611,24.3653467049792,24.3653467049792,24.4534685658236,24.4275582848784,24.2979078995965,24.313474667603,24.3601606905737,24.4120089523324,24.5104480028654,24.6346563530609,24.4690115721079,24.5104480028654,24.3497878691456,24.4793722593216,24.4897318933139,24.5622198668973,24.4223754377718,24.3186630611374,24.4327408682945,24.19406852432,24.2148448833435,24.220038309803,24.3549744119754,24.3912728154683,24.525982322611,24.4949113154483,24.5000904743927,24.3394139906367,24.3082860095273,24.2771485035319,24.261576176083,24.2460014642685,24.1317139554589,24.4845522079513,24.4379231880585,24.5466910676864,24.5311599032229,24.4949113154483,24.5208044790397,24.5156263724707,24.4534685658236,24.4534685658236,24.4016414116675,24.4690115721079,24.5466910676864,24.5622198668973,24.5052693701856,24.3238511901693,24.3705324552306,24.417192326936,24.4793722593216,24.5104480028654,24.5622198668973,24.5415142757223,24.6036184425424,24.7070414568379,24.68119552596,24.7277134921382,24.7018727940562,24.6863652356057,24.6139654618445,24.593270373703,24.6191385780148,24.3912728154683,24.3186630611374,24.3446010620456,24.1836787523513,24.2719579925803,24.261576176083,24.3601606905737,24.396457245529,24.2408093636233,24.1109205935815,24.2823387496704,24.396457245529,24.3238511901693,24.3342266548802,24.4016414116675,24.2771485035319,24.2460014642685,24.2719579925803,24.4327408682945,24.4690115721079,24.3030970868713,24.4379231880585,24.261576176083,24.2927184476639,24.396457245529,24.3653467049792,24.3912728154683,24.3497878691456,24.3549744119754,24.261576176083,24.235616997893,24.3549744119754,24.266767216777,24.3653467049792,24.4327408682945,24.3653467049792,24.3394139906367,24.4431052442089,24.4379231880585,24.4120089523324,24.3601606905737,24.3809031634257,24.396457245529,24.3860881214467,24.4793722593216,24.3860881214467,24.3705324552306,24.2719579925803,24.266767216777,24.2927184476639,24.3082860095273,24.3342266548802,24.4223754377718,24.4379231880585,24.4638308334468,24.6863652356057,24.68119552596,24.954830304227,24.9238895190908,25.0012239478063,25.0063774992726,25.0372933614365,25.0424450977087,25.0063774992726,24.9857617364743,25.0424450977087,25.0424450977087,25.0012239478063
24.1732879183289,23.9548345155266,24.1109205935815,24.1576996752618,24.3394139906367,24.0485149561396,24.2719579925803,24.2927184476639,24.2252314710217,24.261576176083,24.3082860095273,24.1525030628745,24.1628960219406,24.261576176083,24.3186630611374,24.3705324552306,24.3342266548802,24.235616997893,24.16809210295,24.0693210964281,23.9756598658044,23.8923327997404,23.8506435764983,23.8923327997404,24.0641199610143,24.1473061847397,24.2511932998677,24.2148448833435,24.2771485035319,24.2875287310348,24.1369116310709,24.2044572345467,24.1992630121316,24.1161193330435,23.9756598658044,23.8193654029997,23.8245791023491,24.0381102869696,23.9964809427924,24.1836787523513,24.2719579925803,24.1784834681163,24.1473061847397,24.1265160139431,24.1421090408181,24.0849229045849,24.1628960219406,24.1161193330435,24.2719579925803,24.3082860095273,24.3290390547373,24.2771485035319,24.0641199610143,24.19406852432,24.4379231880585,24.3809031634257,24.2563848704595,24.2252314710217,24.0953227786774,24.1473061847397,24.1213178064842,23.9392126969559,23.8975427475285,24.0693210964281,24.0953227786774,24.235616997893,24.3238511901693,24.313474667603,24.266767216777,24.2511932998677,24.3290390547373,24.3394139906367,24.4016414116675,24.220038309803,24.2148448833435,24.1992630121316,24.0745219654683,24.0485149561396,24.1888737710728,24.3238511901693,24.2252314710217,24.2460014642685,24.3809031634257,24.3653467049792,24.3653467049792,24.3601606905737,24.3497878691456,24.3238511901693,24.3290390547373,24.3446010620456,24.3757179413665,24.3446010620456,24.3030970868713,24.4120089523324,24.3549744119754,24.3497878691456,24.2823387496704,24.3394139906367,24.2927184476639,24.2719579925803,24.3549744119754,24.3653467049792,24.5000904743927,24.4897318933139,24.4897318933139,24.4897318933139,24.5415142757223,24.588095945611,24.593270373703,24.593270373703,24.4534685658236,24.4638308334468,24.4120089523324,24.3342266548802,24.3912728154683,24.3757179413665,24.3705324552306,24.4638308334468,24.4586498313649,24.5466910676864,24.5622198668973,24.5673956078683,24.4379231880585,24.4638308334468,24.4845522079513,24.4638308334468,24.3860881214467,24.3705324552306,24.1992630121316,24.1836787523513,24.2875287310348,24.4431052442089,24.5829212550199,24.5570438632356,24.4482870367845,24.4534685658236,24.3290390547373,24.0641199610143,24.2096511916044,24.2563848704595,24.1525030628745,24.0485149561396,24.1525030628745,24.4431052442089,24.4482870367845,24.5208044790397,24.4534685658236,24.4482870367845,24.3860881214467,24.4482870367845,24.3705324552306,24.4586498313649,24.4379231880585,24.5725710861868,24.5725710861868,24.5829212550199,24.4586498313649,24.4327408682945,24.5156263724707,24.4793722593216,24.598444539334,24.5725710861868,24.3912728154683,24.3860881214467,24.6553430497988,24.6760255545029,24.7742102793675,24.7070414568379,24.7122098579989,24.6501717687129,24.588095945611,24.598444539334,24.6087920833666,24.3601606905737,24.396457245529,24.3497878691456,24.313474667603,24.2823387496704,24.261576176083,24.2875287310348,24.313474667603,24.266767216777,24.2408093636233,24.3446010620456,24.4275582848784,24.4016414116675,24.4379231880585,24.4741920473867,24.4068253139224,24.396457245529,24.4690115721079,24.4379231880585,24.417192326936,24.3601606905737,24.2771485035319,24.2719579925803,24.3497878691456,24.417192326936,24.5052693701856,24.4016414116675,24.3394139906367,24.3394139906367,24.3186630611374,24.2408093636233,24.3809031634257,24.3860881214467,24.3757179413665,24.3912728154683,24.3860881214467,24.4482870367845,24.3497878691456,24.4482870367845,24.4845522079513,24.3860881214467,24.3860881214467,24.3238511901693,24.396457245529,24.3757179413665,24.4327408682945,24.4586498313649,24.3342266548802,24.3082860095273,24.3394139906367,24.3860881214467,24.3601606905737,24.4379231880585,24.4949113154483,24.525982322611,24.8206859153626,24.918731811688,24.9290469664651,24.9032571289301,25.0115307913128,25.0475965748176,24.9960701368761,24.918731811688,24.9806071469274,25.0527477928007,24.9857617364743,24.9135738442187
24.3446010620456,24.0381102869696,24.017297749009,24.0589185591878,24.02250128355,24.0589185591878,24.2096511916044,24.3186630611374,24.3082860095273,24.3653467049792,24.3549744119754,24.2927184476639,24.313474667603,24.4741920473867,24.313474667603,24.3186630611374,24.3446010620456,24.2304243670388,24.2875287310348,24.1213178064842,24.0068898795898,23.8923327997404,23.8506435764983,24.02250128355,24.1421090408181,24.0537168909092,24.2408093636233,24.1628960219406,24.2719579925803,24.2460014642685,24.1836787523513,24.2252314710217,24.261576176083,24.1784834681163,24.0849229045849,23.9079618401281,24.1005223164376,24.0745219654683,24.2148448833435,24.266767216777,24.1265160139431,24.3549744119754,24.1421090408181,24.2563848704595,24.1628960219406,24.1525030628745,24.1525030628745,24.1525030628745,24.1473061847397,23.9860709383021,24.1421090408181,24.19406852432,24.3186630611374,24.417192326936,24.2823387496704,24.3342266548802,24.2771485035319,24.1732879183289,24.2719579925803,24.1628960219406,24.2719579925803,24.0953227786774,24.3082860095273,24.2408093636233,24.2408093636233,24.3446010620456,24.2304243670388,24.1992630121316,24.1421090408181,24.1732879183289,24.4327408682945,24.5415142757223,24.3030970868713,24.3238511901693,24.3705324552306,24.220038309803,24.1057215880592,24.1992630121316,24.2460014642685,24.220038309803,24.1836787523513,24.2096511916044,24.2460014642685,24.2563848704595,24.2511932998677,24.2927184476639,24.2511932998677,24.266767216777,24.3601606905737,24.4068253139224,24.3082860095273,24.396457245529,24.2875287310348,24.3394139906367,24.3860881214467,24.313474667603,24.4327408682945,24.4534685658236,24.2044572345467,24.3809031634257,24.3705324552306,24.1992630121316,24.2148448833435,24.4327408682945,24.4482870367845,24.5363372209139,24.6139654618445,24.5725710861868,24.593270373703,24.5466910676864,24.598444539334,24.4431052442089,24.4482870367845,24.396457245529,24.3860881214467,24.3601606905737,24.3809031634257,24.4949113154483,24.4534685658236,24.417192326936,24.4638308334468,24.5570438632356,24.525982322611,24.4638308334468,24.3446010620456,24.4845522079513,24.4741920473867,24.3653467049792,24.3186630611374,24.2096511916044,24.1836787523513,24.2979078995965,24.4845522079513,24.4793722593216,24.4275582848784,24.4275582848784,24.4431052442089,24.1888737710728,24.1525030628745,24.2096511916044,24.2719579925803,24.0797225681742,24.1057215880592,24.4379231880585,24.4327408682945,24.6346563530609,24.4949113154483,24.5000904743927,24.4379231880585,24.3912728154683,24.3757179413665,24.525982322611,24.5363372209139,24.5466910676864,24.396457245529,24.4223754377718,24.3601606905737,24.4431052442089,24.4534685658236,24.4379231880585,24.4897318933139,24.4327408682945,24.2875287310348,24.3446010620456,24.4275582848784,24.5673956078683,24.6915346834782,24.7122098579989,24.7122098579989,24.5052693701856,24.6087920833666,24.6294840235847,24.5363372209139,24.4120089523324,24.6191385780148,24.3912728154683,24.3705324552306,24.3394139906367,24.4068253139224,24.3549744119754,24.3342266548802,24.2460014642685,24.3082860095273,24.3030970868713,24.3082860095273,24.4897318933139,24.4690115721079,24.4431052442089,24.2927184476639,24.417192326936,24.4741920473867,24.4379231880585,24.4534685658236,24.3394139906367,24.3394139906367,24.2719579925803,24.2408093636233,24.3912728154683,24.3912728154683,24.4327408682945,24.3601606905737,24.2511932998677,24.261576176083,24.2408093636233,24.4275582848784,24.3342266548802,24.3705324552306,24.3186630611374,24.3238511901693,24.3186630611374,24.3446010620456,24.4016414116675,24.4016414116675,24.3446010620456,24.3601606905737,24.3705324552306,24.3912728154683,24.3809031634257,24.3497878691456,24.3549744119754,24.3238511901693,24.3030970868713,24.1369116310709,24.4431052442089,24.5673956078683,24.4379231880585,24.4431052442089,24.5777463018912,24.7948687272058,24.9032571289301,24.8671404277798,24.9909160664447,24.9806071469274,24.9702971889533,25.0063774992726,25.0012239478063,25.0269891112523,24.8826205758957,25.0424450977087,24.9032571289301
23.8975427475285,24.0120939477021,23.9183798623554,23.9079618401281,23.9027524276446,24.0016855446331,24.2563848704595,24.2823387496704,24.3757179413665,24.1005223164376,24.3497878691456,24.2823387496704,24.3705324552306,24.235616997893,24.2719579925803,24.3342266548802,24.2304243670388,24.2979078995965,24.2096511916044,24.2044572345467,24.1369116310709,24.0381102869696,23.9964809427924,23.8245791023491,24.0641199610143,24.0641199610143,24.16809210295,24.1473061847397,24.1161193330435,24.1317139554589,24.1421090408181,24.1265160139431,24.16809210295,24.16809210295,24.0953227786774,24.2875287310348,24.3290390547373,24.3394139906367,24.3497878691456,24.3394139906367,24.3238511901693,24.3446010620456,24.3082860095273,24.1992630121316,24.1576996752618,24.1732879183289,24.1109205935815,24.2823387496704,24.0641199610143,24.0901229747396,24.0277045513642,24.1888737710728,24.0485149561396,24.0901229747396,24.266767216777,24.1992630121316,24.2511932998677,24.2044572345467,24.1784834681163,24.2148448833435,24.3186630611374,24.2979078995965,24.2511932998677,24.4327408682945,24.2979078995965,24.2927184476639,24.4431052442089,24.3030970868713,24.1317139554589,24.0745219654683,24.235616997893,24.4690115721079,24.3446010620456,24.235616997893,24.2044572345467,24.1057215880592,24.1525030628745,24.1265160139431,24.2044572345467,24.2719579925803,24.2771485035319,24.261576176083,24.2096511916044,24.2096511916044,24.3601606905737,24.2979078995965,24.2511932998677,24.16809210295,24.417192326936,24.396457245529,24.3549744119754,24.3809031634257,24.3082860095273,24.2979078995965,24.4534685658236,24.396457245529,24.3601606905737,24.3238511901693,24.235616997893,24.3030970868713,24.3757179413665,24.1576996752618,24.2563848704595,24.2252314710217,24.3809031634257,24.4275582848784,24.5311599032229,24.5518675968447,24.3549744119754,24.4638308334468,24.5777463018912,24.4586498313649,24.3290390547373,24.3394139906367,24.2044572345467,24.4379231880585,24.3446010620456,24.4482870367845,24.4379231880585,24.3809031634257,24.4431052442089,24.5156263724707,24.5518675968447,24.4223754377718,24.2979078995965,24.4793722593216,24.3549744119754,24.3394139906367,24.3394139906367,24.19406852432,24.16809210295,24.3601606905737,24.5570438632356,24.4586498313649,24.4897318933139,24.3290390547373,24.3446010620456,24.0745219654683,24.1265160139431,24.1992630121316,24.16809210295,24.1473061847397,24.1836787523513,24.2252314710217,24.4016414116675,24.4897318933139,24.3757179413665,24.4275582848784,24.4327408682945,24.3860881214467,24.4482870367845,24.4379231880585,24.5829212550199,24.588095945611,24.5052693701856,24.5000904743927,24.4016414116675,24.4275582848784,24.4275582848784,24.396457245529,24.4845522079513,24.3549744119754,24.3653467049792,24.4223754377718,24.2044572345467,24.3290390547373,24.4690115721079,24.6967038696157,24.6346563530609,24.5000904743927,24.5000904743927,24.6243114319154,24.593270373703,24.5622198668973,24.5673956078683,24.417192326936,24.4690115721079,24.3238511901693,24.2460014642685,24.3290390547373,24.2927184476639,24.2511932998677,24.2719579925803,24.3186630611374,24.4120089523324,24.3497878691456,24.4793722593216,24.2979078995965,24.3186630611374,24.2719579925803,24.4949113154483,24.3601606905737,24.3342266548802,24.3912728154683,24.235616997893,24.2252314710217,24.2252314710217,24.266767216777,24.2979078995965,24.4068253139224,24.3497878691456,24.2719579925803,24.2771485035319,24.3549744119754,24.266767216777,24.3549744119754,24.3860881214467,24.3030970868713,24.3860881214467,24.3809031634257,24.3705324552306,24.4068253139224,24.3238511901693,24.3394139906367,24.3809031634257,24.2823387496704,24.3030970868713,24.4793722593216,24.3601606905737,24.3757179413665,24.2875287310348,24.261576176083,24.2719579925803,24.4431052442089,24.3394139906367,24.4793722593216,24.4586498313649,24.7018727940562,24.7380479408253,24.7897045068028,24.918731811688,24.9754522977662,24.9599861922213,24.8929393729232,25.0166838239645,24.9806071469274,24.918731811688,25.0475965748176,25.0939482126385,25.0939482126385
23.9027524276446,23.9183798623554,23.9548345155266,24.0381102869696,23.8871225842407,23.9131709850186,24.2148448833435,24.2823387496704,24.3290390547373,24.3705324552306,24.3446010620456,24.4120089523324,24.2719579925803,24.3394139906367,24.3601606905737,24.3186630611374,24.1732879183289,24.313474667603,24.220038309803,24.1525030628745,24.2044572345467,24.1473061847397,24.0849229045849,24.0953227786774,24.0485149561396,24.0641199610143,24.1525030628745,24.1473061847397,24.19406852432,24.16809210295,24.1109205935815,24.1888737710728,24.0797225681742,24.1576996752618,24.0589185591878,24.3912728154683,24.3238511901693,24.3549744119754,24.4379231880585,24.313474667603,24.417192326936,24.4016414116675,24.2304243670388,24.1628960219406,24.1473061847397,24.1888737710728,24.1369116310709,24.2771485035319,24.1005223164376,23.9652477249841,24.0277045513642,24.2511932998677,24.0485149561396,24.0797225681742,24.2719579925803,24.3860881214467,24.1992630121316,24.2771485035319,24.2719579925803,24.4793722593216,24.2460014642685,24.3290390547373,24.2304243670388,24.4586498313649,24.4638308334468,24.4586498313649,24.4120089523324,24.3757179413665,24.1628960219406,24.0589185591878,24.220038309803,24.2304243670388,24.313474667603,24.235616997893,24.3186630611374,24.266767216777,24.3394139906367,24.3030970868713,24.3238511901693,24.2719579925803,24.2875287310348,24.1732879183289,24.235616997893,24.313474667603,24.3653467049792,24.2408093636233,24.235616997893,24.2408093636233,24.4223754377718,24.313474667603,24.4327408682945,24.4327408682945,24.4379231880585,24.4431052442089,24.4949113154483,24.4845522079513,24.4690115721079,24.4379231880585,24.6191385780148,24.1784834681163,24.2823387496704,24.3653467049792,24.396457245529,24.4482870367845,24.2563848704595,24.5518675968447,24.4223754377718,24.4275582848784,24.525982322611,24.4638308334468,24.4534685658236,24.417192326936,24.4223754377718,24.3238511901693,24.396457245529,24.417192326936,24.4638308334468,24.4845522079513,24.4534685658236,24.3705324552306,24.4223754377718,24.4586498313649,24.5570438632356,24.3497878691456,24.3342266548802,24.261576176083,24.3030970868713,24.3394139906367,24.2563848704595,24.2408093636233,24.235616997893,24.3446010620456,24.5000904743927,24.4845522079513,24.4845522079513,24.4379231880585,24.2927184476639,24.235616997893,24.2096511916044,24.16809210295,24.1888737710728,24.0849229045849,24.1369116310709,24.1836787523513,24.4482870367845,24.4379231880585,24.4068253139224,24.4845522079513,24.3549744119754,24.3757179413665,24.2927184476639,24.4223754377718,24.7380479408253,24.5518675968447,24.5415142757223,24.5777463018912,24.5829212550199,24.5777463018912,24.5466910676864,24.4638308334468,24.5415142757223,24.3446010620456,24.2719579925803,24.3394139906367,24.2719579925803,24.2511932998677,24.3238511901693,24.6398284203822,24.6605140688826,24.5052693701856,24.4482870367845,24.5466910676864,24.593270373703,24.5725710861868,24.5725710861868,24.3912728154683,24.525982322611,24.4741920473867,24.3446010620456,24.4327408682945,24.3342266548802,24.220038309803,24.3186630611374,24.2823387496704,24.2511932998677,24.3186630611374,24.3290390547373,24.3860881214467,24.3497878691456,24.4793722593216,24.4949113154483,24.4638308334468,24.3860881214467,24.4949113154483,24.3912728154683,24.2875287310348,24.2875287310348,24.4068253139224,24.2719579925803,24.3082860095273,24.4016414116675,24.266767216777,24.3186630611374,24.2511932998677,24.3653467049792,24.4016414116675,24.4327408682945,24.4793722593216,24.4897318933139,24.3497878691456,24.3342266548802,24.3497878691456,24.3238511901693,24.2875287310348,24.2823387496704,24.3757179413665,24.3601606905737,24.4793722593216,24.417192326936,24.3082860095273,24.261576176083,24.2771485035319,24.3446010620456,24.4016414116675,24.4638308334468,24.3601606905737,24.4534685658236,24.5777463018912,24.68119552596,24.9084156166453,24.9857617364743,24.9857617364743,25.0012239478063,25.0218365972651,25.0012239478063,24.9960701368761,24.9857617364743,24.9909160664447,25.0939482126385,24.9960701368761
23.7672136483527,23.9131709850186,23.9079618401281,23.9027524276446,23.6628295005078,23.8141514353848,24.0693210964281,24.3912728154683,24.5311599032229,24.2719579925803,24.3497878691456,24.3757179413665,24.2563848704595,24.2927184476639,24.1628960219406,24.3238511901693,24.2823387496704,24.235616997893,24.2875287310348,24.1109205935815,24.1317139554589,24.3446010620456,24.1473061847397,24.19406852432,24.1525030628745,24.1213178064842,24.1005223164376,24.220038309803,24.1057215880592,24.1732879183289,24.1161193330435,24.1369116310709,24.0797225681742,24.1317139554589,24.2563848704595,24.235616997893,24.3705324552306,24.4016414116675,24.4120089523324,24.3860881214467,24.3342266548802,24.396457245529,24.2304243670388,24.1317139554589,24.1005223164376,24.2252314710217,23.9756598658044,24.3342266548802,24.1265160139431,24.1525030628745,24.0381102869696,24.0277045513642,23.9287968145261,23.9287968145261,24.0433127548394,24.2408093636233,24.3394139906367,24.2511932998677,24.3446010620456,24.3030970868713,24.2408093636233,24.3030970868713,24.266767216777,24.4327408682945,24.3290390547373,24.3497878691456,24.2252314710217,24.266767216777,24.220038309803,23.9183798623554,23.9808655355738,24.0381102869696,24.2304243670388,24.235616997893,24.1784834681163,24.266767216777,24.3497878691456,24.313474667603,24.3030970868713,24.2460014642685,24.2771485035319,24.1576996752618,24.2408093636233,24.235616997893,24.3186630611374,24.2096511916044,24.2927184476639,24.2148448833435,24.3549744119754,24.313474667603,24.4534685658236,24.4327408682945,24.2979078995965,24.4068253139224,24.4845522079513,24.2823387496704,24.4845522079513,24.4016414116675,24.19406852432,24.1732879183289,24.3705324552306,24.4690115721079,24.313474667603,24.4068253139224,24.2823387496704,24.2304243670388,24.313474667603,24.261576176083,24.4327408682945,24.4431052442089,24.4638308334468,24.4741920473867,24.4068253139224,24.3238511901693,24.3290390547373,24.3549744119754,24.4793722593216,24.3653467049792,24.4275582848784,24.4275582848784,24.5415142757223,24.4741920473867,24.5725710861868,24.3549744119754,24.261576176083,24.3549744119754,24.3446010620456,24.3186630611374,24.1161193330435,24.2252314710217,24.2148448833435,24.3497878691456,24.4949113154483,24.5363372209139,24.4327408682945,24.3497878691456,24.2460014642685,24.2460014642685,24.2252314710217,24.1161193330435,24.1628960219406,24.1421090408181,24.16809210295,24.1836787523513,24.2927184476639,24.4327408682945,24.3653467049792,24.2823387496704,24.2823387496704,24.3186630611374,24.3082860095273,24.3653467049792,24.4690115721079,24.4638308334468,24.4431052442089,24.4068253139224,24.4793722593216,24.5777463018912,24.5570438632356,24.5466910676864,24.4949113154483,24.4016414116675,24.396457245529,24.2875287310348,24.3030970868713,24.2044572345467,24.4638308334468,24.6191385780148,24.598444539334,24.6346563530609,24.5208044790397,24.6346563530609,24.6398284203822,24.6708553211965,24.5777463018912,24.4379231880585,24.525982322611,24.4120089523324,24.4534685658236,24.3290390547373,24.3860881214467,24.2979078995965,24.220038309803,24.2927184476639,24.1732879183289,24.2979078995965,24.2875287310348,24.2563848704595,24.2148448833435,24.3705324552306,24.4223754377718,24.4068253139224,24.4431052442089,24.3653467049792,24.3601606905737,24.3394139906367,24.4223754377718,24.2771485035319,24.2771485035319,24.2771485035319,24.417192326936,24.266767216777,24.2979078995965,24.2979078995965,24.313474667603,24.3860881214467,24.3705324552306,24.593270373703,24.4327408682945,24.4638308334468,24.3653467049792,24.3757179413665,24.3342266548802,24.2875287310348,24.261576176083,24.3653467049792,24.2979078995965,24.3549744119754,24.4845522079513,24.3705324552306,24.313474667603,24.313474667603,24.3809031634257,24.5000904743927,24.5311599032229,24.4068253139224,24.4482870367845,24.5104480028654,24.7277134921382,24.8980983810354,24.9445177487934,24.9496741564303,24.9909160664447,24.9599861922213,24.9960701368761,25.0990971001769,24.9960701368761,25.0784999971428,24.9857617364743,24.9496741564303
23.594922025375,23.9027524276446,23.9079618401281,23.735909702305,23.6105970276559,23.6158214886455,23.9496275099604,24.2148448833435,24.3653467049792,24.1888737710728,24.2927184476639,24.1317139554589,24.1784834681163,24.3342266548802,24.235616997893,24.1161193330435,24.235616997893,24.220038309803,24.2719579925803,24.2460014642685,24.1576996752618,24.3497878691456,24.2460014642685,24.1576996752618,24.2252314710217,24.1369116310709,24.032907552491,23.9235884721781,24.1057215880592,24.1005223164376,24.1161193330435,24.1628960219406,24.1161193330435,24.1005223164376,24.2511932998677,24.16809210295,24.3238511901693,24.266767216777,24.4379231880585,24.4275582848784,24.3238511901693,24.3238511901693,24.266767216777,24.2563848704595,24.16809210295,24.1265160139431,24.1213178064842,24.1421090408181,24.2823387496704,24.2563848704595,24.0381102869696,24.0589185591878,23.9392126969559,23.8923327997404,23.7776461473113,23.9912760740285,24.261576176083,24.3705324552306,24.2511932998677,24.2408093636233,24.2408093636233,24.3809031634257,24.4223754377718,24.4223754377718,24.4379231880585,24.4223754377718,24.2096511916044,24.1161193330435,24.0693210964281,24.2148448833435,23.9964809427924,24.0901229747396,24.2148448833435,24.2252314710217,24.2460014642685,24.2771485035319,24.2044572345467,24.1473061847397,24.1317139554589,24.3082860095273,24.2563848704595,24.2927184476639,24.2304243670388,24.2979078995965,24.3342266548802,24.2563848704595,24.2875287310348,24.19406852432,24.2979078995965,24.4327408682945,24.4223754377718,24.4586498313649,24.396457245529,24.4534685658236,24.4327408682945,24.4845522079513,24.4741920473867,24.3809031634257,24.4741920473867,24.3912728154683,24.4016414116675,24.4534685658236,24.4068253139224,24.266767216777,24.3394139906367,24.417192326936,24.3601606905737,24.2979078995965,24.4016414116675,24.4690115721079,24.5104480028654,24.4690115721079,24.4068253139224,24.4741920473867,24.4379231880585,24.4327408682945,24.4068253139224,24.4016414116675,24.3912728154683,24.4534685658236,24.3809031634257,24.4845522079513,24.5000904743927,24.417192326936,24.3705324552306,24.2771485035319,24.2771485035319,24.313474667603,24.2460014642685,24.2096511916044,24.3860881214467,24.4586498313649,24.3497878691456,24.4638308334468,24.4327408682945,24.3653467049792,24.2875287310348,24.2511932998677,24.2460014642685,24.1473061847397,24.1836787523513,24.1576996752618,24.0693210964281,24.1576996752618,24.1109205935815,24.2823387496704,24.266767216777,24.235616997893,24.2563848704595,24.1369116310709,24.1265160139431,24.1161193330435,24.4845522079513,24.5518675968447,24.4379231880585,24.4275582848784,24.5156263724707,24.5829212550199,24.5725710861868,24.5673956078683,24.5725710861868,24.3342266548802,24.2771485035319,24.2823387496704,24.3082860095273,24.3342266548802,24.3030970868713,24.5052693701856,24.6450002255868,24.5156263724707,24.598444539334,24.6501717687129,24.7173779975772,24.6294840235847,24.588095945611,24.4741920473867,24.3860881214467,24.3549744119754,24.3809031634257,24.4638308334468,24.3497878691456,24.3030970868713,24.2979078995965,24.2927184476639,24.3394139906367,24.2304243670388,24.0485149561396,24.2408093636233,24.1888737710728,24.3446010620456,24.4638308334468,24.4223754377718,24.266767216777,24.4534685658236,24.4275582848784,24.4275582848784,24.3912728154683,24.3186630611374,24.2875287310348,24.1836787523513,24.2719579925803,24.2771485035319,24.266767216777,24.313474667603,24.266767216777,24.4741920473867,24.5052693701856,24.4379231880585,24.3860881214467,24.3809031634257,24.313474667603,24.3705324552306,24.3082860095273,24.3342266548802,24.2823387496704,24.3809031634257,24.2563848704595,24.2719579925803,24.3757179413665,24.2563848704595,24.3757179413665,24.3601606905737,24.3809031634257,24.3653467049792,24.5466910676864,24.4120089523324,24.4534685658236,24.6450002255868,24.7638794888426,24.9084156166453,24.86197985757,24.8568190268782,24.954830304227,24.9702971889533,24.8671404277798,25.0115307913128,24.9857617364743,25.0372933614365,25.0424450977087,24.9393610812787
24.02250128355,24.02250128355,23.6419397471125,23.6105970276559,23.5896964847104,23.464202410856,23.9027524276446,23.9600412538547,24.1888737710728,24.3394139906367,24.1784834681163,24.1525030628745,24.1784834681163,24.3238511901693,24.1421090408181,24.0589185591878,24.19406852432,24.1888737710728,24.1369116310709,24.220038309803,24.220038309803,24.2511932998677,24.2719579925803,24.1888737710728,24.2044572345467,24.02250128355,24.0381102869696,24.0485149561396,24.1265160139431,23.9704539289542,24.1057215880592,24.1992630121316,24.0901229747396,24.220038309803,24.2563848704595,24.1992630121316,24.261576176083,24.3549744119754,24.2408093636233,24.2304243670388,24.3394139906367,24.4016414116675,24.4068253139224,24.3186630611374,24.2460014642685,24.2252314710217,24.0953227786774,24.1888737710728,24.220038309803,24.0641199610143,24.0797225681742,24.0641199610143,24.1732879183289,24.1109205935815,23.9704539289542,23.9183798623554,24.1213178064842,24.3601606905737,24.3549744119754,24.3030970868713,24.3290390547373,24.417192326936,24.313474667603,24.4482870367845,24.3601606905737,24.3290390547373,24.4275582848784,24.2252314710217,23.9496275099604,24.2408093636233,24.3446010620456,24.2148448833435,24.2927184476639,24.235616997893,24.3705324552306,24.261576176083,24.2511932998677,24.1213178064842,24.19406852432,24.2875287310348,24.3497878691456,24.2408093636233,24.017297749009,24.3186630611374,24.2771485035319,24.2511932998677,24.3290390547373,24.2979078995965,24.3186630611374,24.4949113154483,24.4379231880585,24.5311599032229,24.5829212550199,24.4068253139224,24.4949113154483,24.4690115721079,24.525982322611,24.5673956078683,24.4897318933139,24.4068253139224,24.5725710861868,24.4327408682945,24.4586498313649,24.4586498313649,24.4431052442089,24.4482870367845,24.220038309803,24.4586498313649,24.3186630611374,24.3497878691456,24.4793722593216,24.4327408682945,24.4586498313649,24.3446010620456,24.5052693701856,24.5311599032229,24.3549744119754,24.4638308334468,24.4120089523324,24.4068253139224,24.235616997893,24.3342266548802,24.3705324552306,24.3860881214467,24.4068253139224,24.3601606905737,24.2460014642685,24.3549744119754,24.2823387496704,24.2979078995965,24.4016414116675,24.3446010620456,24.4793722593216,24.4275582848784,24.4327408682945,24.3653467049792,24.4120089523324,24.2771485035319,24.266767216777,24.1888737710728,24.1784834681163,24.017297749009,24.0120939477021,24.0433127548394,24.1265160139431,24.266767216777,24.2563848704595,24.261576176083,24.2148448833435,24.1161193330435,24.2927184476639,24.261576176083,24.3238511901693,24.4068253139224,24.3186630611374,24.3082860095273,24.3653467049792,24.4897318933139,24.3653467049792,24.5415142757223,24.4120089523324,24.3394139906367,24.4120089523324,24.220038309803,24.235616997893,24.2719579925803,24.3186630611374,24.525982322611,24.5518675968447,24.5415142757223,24.6294840235847,24.7070414568379,24.598444539334,24.5208044790397,24.588095945611,24.5777463018912,24.4793722593216,24.3446010620456,24.3860881214467,24.3653467049792,24.5363372209139,24.3860881214467,24.4379231880585,24.4845522079513,24.2927184476639,24.3757179413665,24.2719579925803,24.313474667603,24.235616997893,24.4120089523324,24.4638308334468,24.4068253139224,24.4327408682945,24.417192326936,24.3497878691456,24.3809031634257,24.3446010620456,24.3705324552306,24.3186630611374,24.4120089523324,24.313474667603,24.3082860095273,24.396457245529,24.4016414116675,24.3705324552306,24.3860881214467,24.5000904743927,24.5000904743927,24.3912728154683,24.3860881214467,24.3446010620456,24.3394139906367,24.2979078995965,24.3809031634257,24.220038309803,24.3030970868713,24.261576176083,24.2823387496704,24.2823387496704,24.2927184476639,24.4275582848784,24.1628960219406,24.3705324552306,24.3705324552306,24.5052693701856,24.5052693701856,24.4534685658236,24.4638308334468,24.68119552596,24.8826205758957,24.9032571289301,24.86197985757,24.9032571289301,24.9393610812787,24.8568190268782,24.8723007375455,24.8980983810354,25.0269891112523,25.0269891112523,24.9496741564303
23.8037226951994,23.5112809500315,23.5112809500315,23.5008209478141,23.6001472960607,23.4171019220656,23.7828619938962,23.9652477249841,24.1265160139431,24.1836787523513,24.1784834681163,24.1992630121316,24.235616997893,24.2927184476639,24.1836787523513,24.2563848704595,24.1628960219406,24.1576996752618,24.2044572345467,24.1732879183289,24.3601606905737,24.1732879183289,24.3394139906367,24.2408093636233,24.313474667603,24.1265160139431,24.0277045513642,24.1161193330435,23.9548345155266,24.1161193330435,23.9548345155266,24.0433127548394,24.0641199610143,24.1213178064842,24.0849229045849,24.220038309803,24.2148448833435,24.2719579925803,24.1992630121316,24.3186630611374,24.3705324552306,24.3860881214467,24.3757179413665,24.3497878691456,24.3497878691456,24.266767216777,24.1317139554589,24.0901229747396,24.0901229747396,24.0745219654683,24.0485149561396,24.0693210964281,24.032907552491,24.2460014642685,24.1265160139431,24.1057215880592,23.9964809427924,24.2408093636233,24.4586498313649,24.3290390547373,24.1888737710728,24.2563848704595,24.4431052442089,24.3394139906367,24.1992630121316,24.0433127548394,24.0745219654683,24.2408093636233,24.3082860095273,24.3030970868713,24.220038309803,24.3601606905737,24.2044572345467,24.2875287310348,24.3601606905737,24.16809210295,24.2148448833435,24.1057215880592,24.235616997893,24.261576176083,24.261576176083,24.2563848704595,24.2408093636233,24.235616997893,24.1369116310709,24.2148448833435,24.3549744119754,24.3549744119754,24.4327408682945,24.5363372209139,24.4223754377718,24.4793722593216,24.4690115721079,24.5466910676864,24.4638308334468,24.4586498313649,24.4379231880585,24.4845522079513,24.5570438632356,24.5725710861868,24.4897318933139,24.4068253139224,24.3342266548802,24.3549744119754,24.3809031634257,24.4327408682945,24.4431052442089,24.396457245529,24.3860881214467,24.235616997893,24.3705324552306,24.3394139906367,24.3186630611374,24.3601606905737,24.396457245529,24.4327408682945,24.3497878691456,24.3186630611374,24.261576176083,24.3394139906367,24.266767216777,24.3757179413665,24.4690115721079,24.4327408682945,24.4638308334468,24.3030970868713,24.19406852432,24.261576176083,24.2563848704595,24.220038309803,24.2148448833435,24.3549744119754,24.261576176083,24.4016414116675,24.4275582848784,24.3809031634257,24.3912728154683,24.313474667603,24.1784834681163,24.16809210295,24.0120939477021,24.1628960219406,24.1161193330435,24.0589185591878,24.19406852432,24.2460014642685,24.1421090408181,24.1732879183289,24.1525030628745,24.1628960219406,24.2979078995965,24.3342266548802,24.313474667603,24.2823387496704,24.2148448833435,24.1005223164376,24.2511932998677,24.3238511901693,24.2979078995965,24.3601606905737,24.3446010620456,24.4120089523324,24.3860881214467,24.417192326936,24.3446010620456,24.2563848704595,24.3497878691456,24.5415142757223,24.5363372209139,24.5466910676864,24.4275582848784,24.6294840235847,24.6036184425424,24.6915346834782,24.5518675968447,24.5363372209139,24.6139654618445,24.396457245529,24.525982322611,24.3809031634257,24.525982322611,24.3912728154683,24.4534685658236,24.5052693701856,24.396457245529,24.4275582848784,24.396457245529,24.1888737710728,24.2044572345467,24.3653467049792,24.4223754377718,24.3497878691456,24.3860881214467,24.3446010620456,24.3290390547373,24.3446010620456,24.3757179413665,24.2875287310348,24.3912728154683,24.3186630611374,24.2563848704595,24.3082860095273,24.1576996752618,24.3757179413665,24.3601606905737,24.4431052442089,24.4897318933139,24.3757179413665,24.3860881214467,24.2771485035319,24.266767216777,24.3082860095273,24.3653467049792,24.2771485035319,24.2304243670388,24.2408093636233,24.3186630611374,24.313474667603,24.3342266548802,24.3082860095273,24.3030970868713,24.3446010620456,24.3653467049792,24.3030970868713,24.3653467049792,24.3446010620456,24.4793722593216,24.6087920833666,24.7380479408253,24.8206859153626,24.9135738442187,24.8310109648659,24.918731811688,24.8723007375455,24.8929393729232,24.8929393729232,24.8774607869049,25.0115307913128,24.9806071469274,24.9135738442187
23.5008209478141,23.4746662042971,23.4903598627922,23.7932928814756,23.8402185911997,23.6262696012084,23.7776461473113,23.756780074744,23.7150350274487,24.1421090408181,24.3394139906367,24.2563848704595,24.2771485035319,24.2044572345467,24.2304243670388,24.1836787523513,24.2096511916044,24.2979078995965,24.1628960219406,24.2408093636233,24.266767216777,24.2148448833435,24.1732879183289,24.16809210295,24.1576996752618,24.1836787523513,24.1369116310709,24.1836787523513,24.2096511916044,24.1888737710728,24.032907552491,24.0537168909092,24.0433127548394,24.0433127548394,24.2044572345467,24.1784834681163,24.2044572345467,24.2304243670388,24.3030970868713,24.235616997893,24.3030970868713,24.3394139906367,24.3705324552306,24.417192326936,24.2511932998677,24.2304243670388,24.1992630121316,24.1005223164376,24.0693210964281,24.1732879183289,24.1732879183289,24.0849229045849,23.9964809427924,23.9756598658044,24.1421090408181,23.9652477249841,23.8610674896852,24.1525030628745,24.3186630611374,24.3809031634257,24.3549744119754,24.4327408682945,24.4534685658236,24.3446010620456,24.19406852432,24.0433127548394,23.9131709850186,23.9131709850186,24.220038309803,24.3653467049792,24.3446010620456,24.2979078995965,24.261576176083,24.2927184476639,24.16809210295,24.220038309803,24.3238511901693,24.1628960219406,24.1213178064842,24.313474667603,24.2927184476639,24.3238511901693,24.2408093636233,24.2252314710217,24.3082860095273,24.2408093636233,24.2511932998677,24.2511932998677,24.2875287310348,24.3342266548802,24.4379231880585,24.4690115721079,24.4845522079513,24.4741920473867,24.5104480028654,24.4068253139224,24.4327408682945,24.4586498313649,24.4897318933139,24.417192326936,24.4120089523324,24.3030970868713,24.3912728154683,24.4431052442089,24.417192326936,24.5466910676864,24.5156263724707,24.5829212550199,24.4949113154483,24.3601606905737,24.4897318933139,24.4741920473867,24.4275582848784,24.4275582848784,24.4534685658236,24.3912728154683,24.2304243670388,24.2875287310348,24.220038309803,24.2979078995965,24.1576996752618,24.2771485035319,24.3705324552306,24.3860881214467,24.2927184476639,24.3757179413665,24.2252314710217,24.19406852432,24.1992630121316,24.261576176083,24.2719579925803,24.1836787523513,24.3705324552306,24.3601606905737,24.4741920473867,24.3653467049792,24.2719579925803,24.0745219654683,24.1784834681163,24.16809210295,24.16809210295,24.1628960219406,24.0849229045849,24.16809210295,24.0693210964281,24.1369116310709,24.1421090408181,24.1369116310709,24.3186630611374,24.3342266548802,24.2719579925803,24.313474667603,24.313474667603,24.2979078995965,24.1836787523513,24.0537168909092,24.3290390547373,24.4275582848784,24.3549744119754,24.313474667603,24.396457245529,24.4016414116675,24.2563848704595,24.4327408682945,24.5000904743927,24.3601606905737,24.5415142757223,24.5156263724707,24.5570438632356,24.5415142757223,24.5777463018912,24.5673956078683,24.5673956078683,24.6760255545029,24.5363372209139,24.5104480028654,24.6139654618445,24.6139654618445,24.4638308334468,24.4379231880585,24.4068253139224,24.3394139906367,24.4534685658236,24.4638308334468,24.4223754377718,24.4690115721079,24.4120089523324,24.2771485035319,24.2719579925803,24.2511932998677,24.4275582848784,24.417192326936,24.4379231880585,24.4431052442089,24.4845522079513,24.396457245529,24.4016414116675,24.3342266548802,24.266767216777,24.3446010620456,24.2771485035319,24.2875287310348,24.4379231880585,24.3653467049792,24.2719579925803,24.4586498313649,24.4741920473867,24.396457245529,24.3912728154683,24.3860881214467,24.266767216777,24.3186630611374,24.3653467049792,24.3394139906367,24.1992630121316,24.2823387496704,24.3082860095273,24.3082860095273,24.3030970868713,24.3186630611374,24.2979078995965,24.2927184476639,24.2719579925803,24.3238511901693,24.3705324552306,24.3653467049792,24.4897318933139,24.6708553211965,24.8413349715329,24.9135738442187,24.8258485704877,24.836173098535,24.8929393729232,24.9135738442187,24.9238895190908,24.8774607869049,25.0012239478063,25.0012239478063,25.0218365972651,24.9496741564303
24.0485149561396,23.8037226951994,23.9183798623554,24.0797225681742,23.7880775719377,23.756780074744,23.7724300321434,23.6262696012084,23.7724300321434,24.1836787523513,24.0953227786774,24.1836787523513,24.3030970868713,24.2252314710217,24.2252314710217,24.19406852432,24.1628960219406,24.16809210295,24.3394139906367,24.2148448833435,24.2252314710217,24.2719579925803,24.1992630121316,24.2771485035319,24.3082860095273,24.235616997893,24.1265160139431,24.032907552491,24.1057215880592,24.0641199610143,24.0901229747396,24.0589185591878,23.9548345155266,23.9131709850186,23.9496275099604,23.9704539289542,23.9912760740285,24.2304243670388,24.2304243670388,24.3082860095273,24.2460014642685,24.3394139906367,24.3653467049792,24.4016414116675,24.1628960219406,24.2148448833435,24.1213178064842,24.1576996752618,24.1161193330435,24.2096511916044,24.1992630121316,24.0693210964281,23.9808655355738,24.0433127548394,24.0433127548394,24.1992630121316,24.1525030628745,24.0537168909092,24.2148448833435,24.2044572345467,24.4379231880585,24.4690115721079,24.3394139906367,24.19406852432,23.9548345155266,23.9444202371166,23.9235884721781,24.0589185591878,24.3342266548802,24.3653467049792,24.3497878691456,24.3446010620456,24.3082860095273,24.2823387496704,24.4016414116675,24.2875287310348,24.1628960219406,24.16809210295,24.2252314710217,24.313474667603,24.4638308334468,24.220038309803,24.2927184476639,24.1836787523513,24.2719579925803,24.3757179413665,24.16809210295,24.2304243670388,24.3290390547373,24.4949113154483,24.4327408682945,24.5622198668973,24.6191385780148,24.4949113154483,24.5104480028654,24.4223754377718,24.5518675968447,24.5622198668973,24.4690115721079,24.417192326936,24.3809031634257,24.3757179413665,24.3653467049792,24.3809031634257,24.4016414116675,24.4845522079513,24.5104480028654,24.5311599032229,24.5104480028654,24.3809031634257,24.4638308334468,24.5311599032229,24.4741920473867,24.4638308334468,24.6139654618445,24.4741920473867,24.4016414116675,24.313474667603,24.3186630611374,24.235616997893,24.1421090408181,24.2096511916044,24.235616997893,24.4068253139224,24.4586498313649,24.3705324552306,24.2460014642685,24.2148448833435,24.3394139906367,24.235616997893,24.19406852432,24.2408093636233,24.3757179413665,24.2927184476639,24.3030970868713,24.3082860095273,24.3860881214467,24.2563848704595,24.1525030628745,24.16809210295,24.220038309803,24.2096511916044,24.1576996752618,24.1525030628745,24.1836787523513,24.1369116310709,24.1576996752618,24.1265160139431,24.235616997893,24.3705324552306,24.3030970868713,24.2511932998677,24.1265160139431,24.2044572345467,24.220038309803,24.220038309803,24.2460014642685,24.2875287310348,24.4534685658236,24.3809031634257,24.417192326936,24.4897318933139,24.396457245529,24.3860881214467,24.5570438632356,24.5363372209139,24.5415142757223,24.6863652356057,24.5570438632356,24.6294840235847,24.5673956078683,24.593270373703,24.6346563530609,24.6036184425424,24.5208044790397,24.5777463018912,24.5415142757223,24.5104480028654,24.4897318933139,24.588095945611,24.4586498313649,24.4638308334468,24.5415142757223,24.6294840235847,24.5725710861868,24.4690115721079,24.417192326936,24.2927184476639,24.2771485035319,24.2719579925803,24.4482870367845,24.4379231880585,24.4379231880585,24.4586498313649,24.5104480028654,24.3342266548802,24.3912728154683,24.3705324552306,24.3653467049792,24.3549744119754,24.3446010620456,24.3757179413665,24.3549744119754,24.3497878691456,24.3653467049792,24.2927184476639,24.4586498313649,24.5052693701856,24.3342266548802,24.2304243670388,24.2979078995965,24.3394139906367,24.2875287310348,24.3238511901693,24.3549744119754,24.235616997893,24.3809031634257,24.3446010620456,24.4120089523324,24.2979078995965,24.3342266548802,24.3653467049792,24.3290390547373,24.3549744119754,24.3446010620456,24.4016414116675,24.5000904743927,24.7173779975772,24.7277134921382,24.9393610812787,24.9393610812787,24.9135738442187,24.9445177487934,24.9445177487934,25.0012239478063,25.0012239478063,24.9651418204509,24.8774607869049,25.0012239478063,24.9445177487934
24.261576176083,24.0745219654683,24.0901229747396,24.0537168909092,23.8402185911997,23.8454312178827,23.7724300321434,23.7254729028382,23.9548345155266,24.1628960219406,24.1161193330435,24.2460014642685,24.2927184476639,24.3394139906367,24.4586498313649,24.3186630611374,24.1888737710728,24.3757179413665,24.3238511901693,24.313474667603,24.235616997893,24.19406852432,24.1421090408181,24.1628960219406,24.0953227786774,24.0901229747396,24.1576996752618,24.1057215880592,24.2252314710217,24.1005223164376,24.1005223164376,23.7724300321434,23.6314932528619,23.7515628848466,23.7619969958994,23.8454312178827,23.9964809427924,24.1836787523513,24.2460014642685,24.3394139906367,24.3290390547373,24.2408093636233,24.4275582848784,24.3860881214467,24.2460014642685,24.1265160139431,24.1473061847397,24.1005223164376,24.1161193330435,24.1732879183289,24.1888737710728,24.0797225681742,23.9704539289542,24.0016855446331,23.9131709850186,24.0537168909092,24.1473061847397,24.1057215880592,24.0120939477021,24.1161193330435,24.3394139906367,24.3705324552306,24.1888737710728,24.1421090408181,24.1992630121316,24.3601606905737,24.2719579925803,24.2511932998677,24.4586498313649,24.4638308334468,24.19406852432,24.3601606905737,24.2823387496704,24.1784834681163,24.1784834681163,24.2823387496704,24.3497878691456,24.3757179413665,24.0433127548394,24.266767216777,24.396457245529,24.0277045513642,24.1576996752618,24.220038309803,24.1161193330435,24.19406852432,24.2252314710217,24.1628960219406,24.2875287310348,24.4120089523324,24.4120089523324,24.4949113154483,24.4534685658236,24.4793722593216,24.4379231880585,24.4845522079513,24.5570438632356,24.4223754377718,24.4638308334468,24.4120089523324,24.3860881214467,24.3705324552306,24.2771485035319,24.3860881214467,24.3030970868713,24.4741920473867,24.5104480028654,24.5311599032229,24.598444539334,24.5208044790397,24.4431052442089,24.4586498313649,24.4431052442089,24.313474667603,24.3912728154683,24.3912728154683,24.4845522079513,24.417192326936,24.4275582848784,24.2771485035319,24.2927184476639,24.1784834681163,24.0485149561396,24.2252314710217,24.3757179413665,24.2875287310348,24.2408093636233,24.19406852432,24.2875287310348,24.2304243670388,24.2563848704595,24.2511932998677,24.3705324552306,24.3809031634257,24.2927184476639,24.2719579925803,24.2408093636233,24.3290390547373,24.1161193330435,24.2096511916044,24.16809210295,24.1836787523513,24.1109205935815,24.1888737710728,24.3082860095273,24.1628960219406,24.19406852432,24.1317139554589,24.1421090408181,24.2408093636233,24.2823387496704,24.1992630121316,24.1525030628745,24.2771485035319,24.2927184476639,24.2823387496704,24.2460014642685,24.4327408682945,24.5104480028654,24.5208044790397,24.5104480028654,24.4793722593216,24.3653467049792,24.4534685658236,24.4016414116675,24.5518675968447,24.5466910676864,24.6863652356057,24.5466910676864,24.5518675968447,24.4949113154483,24.5570438632356,24.5622198668973,24.5725710861868,24.588095945611,24.5725710861868,24.5415142757223,24.4379231880585,24.4793722593216,24.5104480028654,24.5208044790397,24.5622198668973,24.5311599032229,24.4793722593216,24.5156263724707,24.6036184425424,24.5208044790397,24.5052693701856,24.5052693701856,24.3238511901693,24.4379231880585,24.5104480028654,24.3030970868713,24.4275582848784,24.3860881214467,24.3290390547373,24.3238511901693,24.2875287310348,24.3809031634257,24.4534685658236,24.4741920473867,24.4223754377718,24.3809031634257,24.3601606905737,24.235616997893,24.3757179413665,24.4223754377718,24.4068253139224,24.2875287310348,24.3290390547373,24.3342266548802,24.2927184476639,24.3290390547373,24.3497878691456,24.4379231880585,24.3290390547373,24.3549744119754,24.3860881214467,24.3290390547373,24.3809031634257,24.3082860095273,24.3860881214467,24.3342266548802,24.2719579925803,24.2823387496704,24.4327408682945,24.5156263724707,24.7225458756109,24.9445177487934,24.9135738442187,24.9084156166453,24.918731811688,24.954830304227,24.8980983810354,25.0939482126385,24.9393610812787,24.8516579356668,24.9445177487934,24.9599861922213,24.954830304227
24.1005223164376,24.235616997893,24.0953227786774,23.9131709850186,23.9600412538547,24.017297749009,23.6367166348165,23.7724300321434,23.9756598658044,23.9704539289542,23.9548345155266,23.9756598658044,24.1992630121316,24.3082860095273,24.3394139906367,24.3290390547373,24.3394139906367,24.3446010620456,24.4120089523324,24.3497878691456,24.3446010620456,24.1732879183289,24.2252314710217,24.1369116310709,24.1576996752618,24.19406852432,24.1265160139431,24.1628960219406,24.0797225681742,24.0433127548394,23.9860709383021,23.9340048894389,23.8506435764983,23.9287968145261,23.7672136483527,23.7463454261675,23.8975427475285,24.261576176083,24.3238511901693,24.2511932998677,24.3290390547373,24.2563848704595,24.3549744119754,24.3809031634257,24.2511932998677,24.2252314710217,24.1732879183289,24.1836787523513,24.0901229747396,24.1473061847397,24.266767216777,24.2252314710217,24.0381102869696,24.1005223164376,24.0485149561396,23.9756598658044,24.1836787523513,24.1525030628745,24.1265160139431,23.8767013499485,23.8975427475285,23.9079618401281,23.9600412538547,24.0433127548394,24.2719579925803,24.4223754377718,24.417192326936,24.2511932998677,24.3238511901693,24.235616997893,24.1992630121316,24.3549744119754,24.2563848704595,24.266767216777,24.1784834681163,24.4379231880585,24.4638308334468,24.417192326936,24.1525030628745,24.1109205935815,24.220038309803,24.2408093636233,24.1784834681163,24.1836787523513,24.3549744119754,24.0797225681742,24.2979078995965,24.3394139906367,24.3394139906367,24.4068253139224,24.4379231880585,24.5052693701856,24.5052693701856,24.5777463018912,24.6087920833666,24.4690115721079,24.5104480028654,24.5363372209139,24.5466910676864,24.5466910676864,24.3394139906367,24.3342266548802,24.2875287310348,24.3549744119754,24.3290390547373,24.3238511901693,24.5363372209139,24.5363372209139,24.5570438632356,24.5673956078683,24.5311599032229,24.5518675968447,24.5777463018912,24.4068253139224,24.4068253139224,24.4068253139224,24.4690115721079,24.5000904743927,24.4638308334468,24.2408093636233,24.3705324552306,24.2771485035319,24.266767216777,24.2148448833435,24.2148448833435,24.2875287310348,24.2979078995965,24.3705324552306,24.2823387496704,24.261576176083,24.220038309803,24.3757179413665,24.3809031634257,24.2771485035319,24.313474667603,24.3238511901693,24.396457245529,24.3394139906367,24.3446010620456,24.1576996752618,24.261576176083,24.2044572345467,24.2511932998677,24.1888737710728,24.3757179413665,24.3497878691456,24.2771485035319,24.1369116310709,24.2044572345467,24.1161193330435,24.16809210295,24.1525030628745,24.1421090408181,24.2823387496704,24.5829212550199,24.5311599032229,24.5673956078683,24.5777463018912,24.6398284203822,24.5777463018912,24.525982322611,24.4431052442089,24.4223754377718,24.5104480028654,24.5725710861868,24.6139654618445,24.5466910676864,24.5570438632356,24.6450002255868,24.5725710861868,24.593270373703,24.6139654618445,24.6553430497988,24.5673956078683,24.5466910676864,24.7070414568379,24.7018727940562,24.6191385780148,24.5052693701856,24.5673956078683,24.4482870367845,24.5415142757223,24.5570438632356,24.4949113154483,24.598444539334,24.5208044790397,24.5208044790397,24.4897318933139,24.5466910676864,24.4586498313649,24.3497878691456,24.5000904743927,24.4120089523324,24.3705324552306,24.4068253139224,24.396457245529,24.3912728154683,24.4016414116675,24.3601606905737,24.3446010620456,24.4741920473867,24.4482870367845,24.3186630611374,24.3860881214467,24.2771485035319,24.3497878691456,24.3809031634257,24.3705324552306,24.3653467049792,24.2771485035319,24.2979078995965,24.2875287310348,24.3082860095273,24.3446010620456,24.2096511916044,24.2408093636233,24.3186630611374,24.3290390547373,24.1784834681163,24.4016414116675,24.3912728154683,24.3446010620456,24.2719579925803,24.2719579925803,24.3860881214467,24.525982322611,24.5311599032229,24.7018727940562,24.8671404277798,24.9238895190908,24.9238895190908,24.9342041538485,24.9393610812787,25.0218365972651,24.9342041538485,24.9445177487934,25.0887990663117,24.9754522977662,25.0063774992726,24.8980983810354
24.1057215880592,23.8402185911997,23.8454312178827,23.9131709850186,24.0693210964281,24.017297749009,23.9548345155266,24.0953227786774,24.1161193330435,24.1005223164376,24.1161193330435,24.1628960219406,24.1732879183289,24.2979078995965,24.4275582848784,24.4431052442089,24.3394139906367,24.4379231880585,24.2563848704595,24.3497878691456,24.4690115721079,24.3290390547373,24.1317139554589,24.3238511901693,24.1525030628745,24.1265160139431,24.1161193330435,24.1576996752618,24.1421090408181,24.0589185591878,24.0537168909092,24.0745219654683,24.0537168909092,24.0485149561396,23.7411276986669,23.756780074744,23.9079618401281,24.2563848704595,24.3342266548802,24.3497878691456,24.3705324552306,24.3394139906367,24.3809031634257,24.3705324552306,24.266767216777,24.261576176083,24.1992630121316,24.1628960219406,24.235616997893,24.16809210295,24.1836787523513,24.2927184476639,24.2408093636233,24.1109205935815,24.2148448833435,24.1057215880592,24.3705324552306,24.2044572345467,24.1213178064842,24.1213178064842,24.0381102869696,23.9183798623554,24.0849229045849,24.1992630121316,24.2979078995965,24.1369116310709,24.02250128355,23.9756598658044,24.2408093636233,24.1213178064842,24.3912728154683,24.3601606905737,24.3705324552306,24.2408093636233,24.2719579925803,24.313474667603,24.1525030628745,24.266767216777,24.3342266548802,24.4534685658236,24.2511932998677,24.19406852432,24.2304243670388,24.3549744119754,24.3394139906367,24.2823387496704,24.0901229747396,24.3394139906367,24.3082860095273,24.3912728154683,24.5156263724707,24.588095945611,24.525982322611,24.5466910676864,24.5466910676864,24.4068253139224,24.4741920473867,24.5311599032229,24.3757179413665,24.5466910676864,24.4016414116675,24.3809031634257,24.2148448833435,24.3030970868713,24.2408093636233,24.3705324552306,24.4949113154483,24.5829212550199,24.68119552596,24.6501717687129,24.598444539334,24.7070414568379,24.5363372209139,24.4482870367845,24.4586498313649,24.4586498313649,24.5104480028654,24.5000904743927,24.4949113154483,24.3238511901693,24.2927184476639,24.3446010620456,24.266767216777,24.3653467049792,24.3497878691456,24.2771485035319,24.2823387496704,24.3705324552306,24.3290390547373,24.3290390547373,24.266767216777,24.3705324552306,24.5363372209139,24.525982322611,24.396457245529,24.4016414116675,24.4016414116675,24.396457245529,24.3238511901693,24.2771485035319,24.2823387496704,24.2096511916044,24.261576176083,24.2563848704595,24.261576176083,24.3549744119754,24.3238511901693,24.396457245529,24.235616997893,24.3082860095273,24.1473061847397,24.1161193330435,24.1473061847397,24.1473061847397,24.5622198668973,24.7122098579989,24.588095945611,24.5570438632356,24.5725710861868,24.6398284203822,24.6501717687129,24.593270373703,24.598444539334,24.5518675968447,24.5673956078683,24.588095945611,24.6863652356057,24.5518675968447,24.6553430497988,24.588095945611,24.6036184425424,24.5311599032229,24.7018727940562,24.5570438632356,24.6087920833666,24.5466910676864,24.6191385780148,24.5363372209139,24.5052693701856,24.6191385780148,24.5570438632356,24.5415142757223,24.6656848260024,24.5725710861868,24.5415142757223,24.525982322611,24.4949113154483,24.5104480028654,24.4482870367845,24.4949113154483,24.5415142757223,24.4534685658236,24.4741920473867,24.4016414116675,24.3601606905737,24.4223754377718,24.2875287310348,24.2927184476639,24.3549744119754,24.4534685658236,24.4586498313649,24.4793722593216,24.3549744119754,24.2927184476639,24.3601606905737,24.3186630611374,24.3705324552306,24.3238511901693,24.3809031634257,24.261576176083,24.3601606905737,24.313474667603,24.2563848704595,24.3290390547373,24.1888737710728,24.4068253139224,24.3497878691456,24.3446010620456,24.3601606905737,24.396457245529,24.3186630611374,24.3653467049792,24.3912728154683,24.2875287310348,24.2823387496704,24.4068253139224,24.6656848260024,24.7793752829217,24.8723007375455,24.9342041538485,24.918731811688,24.9238895190908,24.9135738442187,24.9599861922213,24.9754522977662,25.0269891112523,25.0115307913128,24.9651418204509,24.9651418204509,25.0166838239645
24.1576996752618,24.0016855446331,24.0120939477021,24.032907552491,24.032907552491,24.0745219654683,24.0901229747396,24.0797225681742,24.16809210295,24.1369116310709,24.02250128355,23.9756598658044,24.1784834681163,24.2979078995965,24.4068253139224,24.3757179413665,24.4223754377718,24.396457245529,24.2719579925803,24.3394139906367,24.2719579925803,24.1473061847397,24.1421090408181,24.1161193330435,24.0797225681742,24.0537168909092,24.1369116310709,24.1161193330435,23.9496275099604,24.0693210964281,23.9079618401281,24.19406852432,24.2304243670388,23.7463454261675,23.7411276986669,23.7098156861836,24.0277045513642,24.235616997893,24.16809210295,24.3342266548802,24.3549744119754,24.19406852432,24.2511932998677,24.266767216777,24.2252314710217,24.2252314710217,24.266767216777,24.2304243670388,24.235616997893,24.3186630611374,24.2563848704595,24.235616997893,24.4068253139224,24.2771485035319,24.2044572345467,24.3601606905737,24.2875287310348,24.1784834681163,24.1265160139431,24.1161193330435,24.19406852432,24.1369116310709,24.0693210964281,24.1888737710728,24.1369116310709,24.1317139554589,24.2563848704595,24.16809210295,24.2511932998677,24.2823387496704,24.4534685658236,24.3757179413665,24.3238511901693,24.3757179413665,24.1732879183289,24.2460014642685,24.1992630121316,24.1628960219406,24.3446010620456,24.3601606905737,24.3809031634257,24.1421090408181,24.2563848704595,24.2511932998677,24.396457245529,24.2096511916044,24.19406852432,24.3342266548802,24.3290390547373,24.4120089523324,24.6036184425424,24.4897318933139,24.4690115721079,24.5052693701856,24.5052693701856,24.4223754377718,24.5570438632356,24.3809031634257,24.4068253139224,24.4120089523324,24.4379231880585,24.396457245529,24.3238511901693,24.3238511901693,24.396457245529,24.3238511901693,24.5673956078683,24.5725710861868,24.5725710861868,24.5622198668973,24.5570438632356,24.5725710861868,24.5725710861868,24.4534685658236,24.4223754377718,24.4845522079513,24.5518675968447,24.4949113154483,24.4327408682945,24.4638308334468,24.2875287310348,24.3809031634257,24.3809031634257,24.3757179413665,24.2771485035319,24.2460014642685,24.3290390547373,24.3290390547373,24.3601606905737,24.1784834681163,24.2875287310348,24.3186630611374,24.4068253139224,24.313474667603,24.5466910676864,24.3705324552306,24.4068253139224,24.3497878691456,24.2044572345467,24.261576176083,24.2148448833435,24.1888737710728,24.2408093636233,24.1732879183289,24.2460014642685,24.1525030628745,24.3809031634257,24.3757179413665,24.3757179413665,24.3238511901693,24.1992630121316,24.1265160139431,24.3757179413665,24.5777463018912,24.5622198668973,24.6967038696157,24.6656848260024,24.6863652356057,24.5570438632356,24.6605140688826,24.6346563530609,24.6553430497988,24.6501717687129,24.6450002255868,24.5570438632356,24.4949113154483,24.6605140688826,24.6967038696157,24.6760255545029,24.5570438632356,24.6139654618445,24.5518675968447,24.5104480028654,24.525982322611,24.6553430497988,24.6294840235847,24.5518675968447,24.6294840235847,24.5415142757223,24.525982322611,24.5311599032229,24.5622198668973,24.5363372209139,24.525982322611,24.4638308334468,24.4741920473867,24.5208044790397,24.5208044790397,24.4068253139224,24.2875287310348,24.2927184476639,24.2823387496704,24.261576176083,24.4275582848784,24.4741920473867,24.3912728154683,24.3342266548802,24.3342266548802,24.4223754377718,24.5673956078683,24.5518675968447,24.4690115721079,24.417192326936,24.4845522079513,24.4690115721079,24.3082860095273,24.4431052442089,24.3238511901693,24.4482870367845,24.396457245529,24.3497878691456,24.3757179413665,24.3446010620456,24.3757179413665,24.3912728154683,24.4379231880585,24.4068253139224,24.4223754377718,24.3290390547373,24.3809031634257,24.3549744119754,24.417192326936,24.417192326936,24.3186630611374,24.3342266548802,24.2979078995965,24.5622198668973,24.8310109648659,24.8980983810354,24.9290469664651,24.9445177487934,24.9084156166453,24.9445177487934,24.9806071469274,25.0424450977087,24.9599861922213,24.9754522977662,24.9754522977662,25.0115307913128,24.9806071469274
24.3705324552306,24.4223754377718,24.1265160139431,23.9027524276446,23.8662790443357,24.1473061847397,23.9860709383021,24.1888737710728,24.1888737710728,24.16809210295,23.8871225842407,24.0016855446331,24.2096511916044,24.3082860095273,24.2875287310348,24.2771485035319,24.3601606905737,24.4068253139224,24.3860881214467,24.2823387496704,24.2875287310348,24.3342266548802,24.19406852432,24.1317139554589,24.1473061847397,24.1005223164376,24.2304243670388,24.1473061847397,23.9548345155266,23.8350056964094,24.0901229747396,24.0641199610143,23.8975427475285,23.8193654029997,24.0485149561396,24.0016855446331,24.2460014642685,24.2408093636233,24.313474667603,24.3549744119754,24.4120089523324,24.3342266548802,24.3601606905737,24.3497878691456,24.1888737710728,24.2875287310348,24.2823387496704,24.2563848704595,24.0745219654683,24.417192326936,24.2719579925803,24.2511932998677,24.4586498313649,24.3809031634257,24.2771485035319,24.4275582848784,24.1213178064842,24.1109205935815,24.3601606905737,24.4482870367845,24.2252314710217,24.1161193330435,24.0693210964281,24.2252314710217,24.2252314710217,24.2511932998677,24.3653467049792,24.3653467049792,24.4016414116675,24.3238511901693,24.4586498313649,24.4586498313649,24.4068253139224,24.2252314710217,24.1421090408181,24.3653467049792,24.1525030628745,24.2719579925803,24.1992630121316,24.3082860095273,24.3549744119754,24.2563848704595,24.3705324552306,24.3186630611374,24.3705324552306,24.3549744119754,24.3186630611374,24.3290390547373,24.3030970868713,24.3082860095273,24.4016414116675,24.4690115721079,24.4897318933139,24.5363372209139,24.588095945611,24.4638308334468,24.5518675968447,24.5622198668973,24.3809031634257,24.3705324552306,24.5673956078683,24.4431052442089,24.3809031634257,24.3809031634257,24.220038309803,24.4068253139224,24.3030970868713,24.3601606905737,24.3186630611374,24.5466910676864,24.5570438632356,24.5725710861868,24.5415142757223,24.4431052442089,24.4586498313649,24.417192326936,24.5156263724707,24.4482870367845,24.4379231880585,24.4793722593216,24.4275582848784,24.4845522079513,24.4586498313649,24.3446010620456,24.4482870367845,24.3342266548802,24.3705324552306,24.3082860095273,24.4845522079513,24.3030970868713,24.3030970868713,24.4120089523324,24.3342266548802,24.4275582848784,24.3912728154683,24.417192326936,24.4016414116675,24.3912728154683,24.3394139906367,24.235616997893,24.3186630611374,24.2927184476639,24.3601606905737,24.1992630121316,24.3497878691456,24.2511932998677,24.2979078995965,24.3860881214467,24.1525030628745,24.1888737710728,24.2511932998677,24.1109205935815,24.3290390547373,24.313474667603,24.3912728154683,24.5104480028654,24.68119552596,24.7793752829217,24.8258485704877,24.7328808471969,24.8516579356668,24.5829212550199,24.4897318933139,24.7070414568379,24.598444539334,24.6036184425424,24.6398284203822,24.6191385780148,24.6501717687129,24.5673956078683,24.6243114319154,24.5622198668973,24.5466910676864,24.6036184425424,24.598444539334,24.6450002255868,24.5104480028654,24.5725710861868,24.6191385780148,24.5208044790397,24.5466910676864,24.588095945611,24.525982322611,24.5363372209139,24.5311599032229,24.5777463018912,24.5052693701856,24.5466910676864,24.5311599032229,24.4741920473867,24.4223754377718,24.313474667603,24.2823387496704,24.3446010620456,24.417192326936,24.3394139906367,24.3238511901693,24.4379231880585,24.4379231880585,24.5415142757223,24.5104480028654,24.4586498313649,24.4845522079513,24.4586498313649,24.4741920473867,24.4897318933139,24.4690115721079,24.4586498313649,24.4638308334468,24.4741920473867,24.3549744119754,24.3705324552306,24.3549744119754,24.3497878691456,24.2563848704595,24.5311599032229,24.4534685658236,24.3912728154683,24.3757179413665,24.3446010620456,24.4223754377718,24.3446010620456,24.3601606905737,24.3446010620456,24.2823387496704,24.5570438632356,24.6036184425424,24.836173098535,24.9445177487934,24.9496741564303,24.9806071469274,24.9909160664447,25.0424450977087,24.918731811688,25.0269891112523,25.0527477928007,25.0578987516956,24.954830304227,25.2328774638867,25.0578987516956
24.3446010620456,24.3186630611374,24.1732879183289,23.8193654029997,23.9964809427924,24.0120939477021,23.9131709850186,24.1109205935815,24.2927184476639,23.9704539289542,23.8402185911997,24.2148448833435,24.1628960219406,24.1836787523513,24.2927184476639,24.1732879183289,24.2979078995965,24.2875287310348,24.3342266548802,24.3860881214467,24.266767216777,24.2823387496704,24.261576176083,24.0901229747396,24.0693210964281,24.2096511916044,24.0797225681742,23.9964809427924,23.735909702305,23.735909702305,24.1784834681163,24.1732879183289,24.0849229045849,24.017297749009,24.2408093636233,24.2979078995965,24.2927184476639,24.1213178064842,24.2979078995965,24.3186630611374,24.3238511901693,24.2823387496704,24.3186630611374,24.2252314710217,24.2096511916044,24.2460014642685,24.3342266548802,24.220038309803,24.0901229747396,24.2823387496704,24.3186630611374,24.2823387496704,24.3705324552306,24.266767216777,24.2511932998677,24.3653467049792,24.1109205935815,24.1213178064842,24.4379231880585,24.3497878691456,24.3394139906367,24.3601606905737,24.3186630611374,24.261576176083,24.2563848704595,24.2823387496704,24.3238511901693,24.4068253139224,24.3860881214467,24.396457245529,24.3653467049792,24.3394139906367,24.3860881214467,24.2979078995965,24.1732879183289,24.3653467049792,24.2511932998677,24.3342266548802,24.3601606905737,24.3030970868713,24.3342266548802,24.2252314710217,24.2979078995965,24.3497878691456,24.3497878691456,24.3497878691456,24.3446010620456,24.2771485035319,24.2823387496704,24.3030970868713,24.4690115721079,24.4897318933139,24.4327408682945,24.5311599032229,24.5156263724707,24.5156263724707,24.598444539334,24.588095945611,24.4482870367845,24.4120089523324,24.4638308334468,24.3601606905737,24.4431052442089,24.3446010620456,24.2979078995965,24.3030970868713,24.2927184476639,24.4016414116675,24.3342266548802,24.4793722593216,24.5725710861868,24.5570438632356,24.4586498313649,24.4068253139224,24.4741920473867,24.4327408682945,24.4379231880585,24.4897318933139,24.4586498313649,24.3186630611374,24.3912728154683,24.593270373703,24.4534685658236,24.4327408682945,24.4586498313649,24.3653467049792,24.3497878691456,24.3809031634257,24.3238511901693,24.2875287310348,24.2927184476639,24.313474667603,24.3082860095273,24.4120089523324,24.396457245529,24.4275582848784,24.4016414116675,24.3601606905737,24.3705324552306,24.3809031634257,24.4016414116675,24.3394139906367,24.3549744119754,24.266767216777,24.235616997893,24.235616997893,24.3030970868713,24.3446010620456,24.2771485035319,24.235616997893,24.16809210295,24.19406852432,24.2096511916044,24.3549744119754,24.3860881214467,24.3757179413665,24.593270373703,24.6863652356057,24.6760255545029,24.6191385780148,24.6501717687129,24.7122098579989,24.6760255545029,24.598444539334,24.5777463018912,24.6708553211965,24.6139654618445,24.5725710861868,24.5829212550199,24.6036184425424,24.6760255545029,24.6863652356057,24.588095945611,24.5363372209139,24.525982322611,24.6501717687129,24.5156263724707,24.5104480028654,24.5777463018912,24.5466910676864,24.6294840235847,24.6450002255868,24.6605140688826,24.5518675968447,24.5363372209139,24.525982322611,24.6243114319154,24.5415142757223,24.525982322611,24.4327408682945,24.2771485035319,24.4068253139224,24.2927184476639,24.4327408682945,24.4223754377718,24.4327408682945,24.5156263724707,24.5311599032229,24.5673956078683,24.5208044790397,24.5622198668973,24.5311599032229,24.5622198668973,24.3342266548802,24.4534685658236,24.4120089523324,24.525982322611,24.5311599032229,24.4068253139224,24.4534685658236,24.5000904743927,24.3186630611374,24.3757179413665,24.3446010620456,24.2927184476639,24.3549744119754,24.3705324552306,24.3757179413665,24.396457245529,24.3912728154683,24.3342266548802,24.3342266548802,24.3653467049792,24.3394139906367,24.3860881214467,24.3290390547373,24.7018727940562,24.7742102793675,24.8516579356668,24.9702971889533,24.9754522977662,24.9238895190908,25.0115307913128,24.9909160664447,25.0063774992726,25.0166838239645,24.9960701368761,25.0269891112523,24.9445177487934,25.0218365972651
24.3601606905737,24.2563848704595,24.032907552491,23.8037226951994,24.0849229045849,24.0277045513642,23.9183798623554,24.1525030628745,24.1265160139431,24.1265160139431,24.1992630121316,24.2927184476639,24.2719579925803,24.261576176083,24.1784834681163,24.2719579925803,24.3290390547373,24.3912728154683,24.3757179413665,24.2252314710217,24.3809031634257,24.3186630611374,24.2460014642685,24.2148448833435,24.266767216777,24.2252314710217,24.0589185591878,23.9287968145261,23.8767013499485,23.8871225842407,24.1317139554589,24.2148448833435,24.1161193330435,24.1213178064842,24.3342266548802,24.3497878691456,24.2875287310348,24.3290390547373,24.3186630611374,24.4016414116675,24.3238511901693,24.3549744119754,24.2719579925803,24.1836787523513,24.0901229747396,24.2771485035319,24.2927184476639,24.3497878691456,24.3082860095273,24.261576176083,24.2563848704595,24.19406852432,24.2979078995965,24.3653467049792,24.2408093636233,24.2771485035319,24.2304243670388,24.3394139906367,24.4482870367845,24.3860881214467,24.4534685658236,24.4897318933139,24.2563848704595,24.261576176083,24.2511932998677,24.3342266548802,24.3446010620456,24.4638308334468,24.417192326936,24.3860881214467,24.3860881214467,24.3186630611374,24.3705324552306,24.266767216777,24.2148448833435,24.1732879183289,24.2460014642685,24.1525030628745,24.16809210295,24.1369116310709,24.16809210295,24.2771485035319,24.2875287310348,24.1732879183289,24.1525030628745,24.266767216777,24.313474667603,24.3186630611374,24.3030970868713,24.4016414116675,24.313474667603,24.313474667603,24.3549744119754,24.598444539334,24.5777463018912,24.5622198668973,24.3705324552306,24.4845522079513,24.5570438632356,24.6139654618445,24.4275582848784,24.3757179413665,24.3860881214467,24.3601606905737,24.3446010620456,24.261576176083,24.417192326936,24.417192326936,24.5622198668973,24.5363372209139,24.5415142757223,24.4741920473867,24.4638308334468,24.3497878691456,24.3757179413665,24.4793722593216,24.3601606905737,24.4482870367845,24.417192326936,24.4690115721079,24.3912728154683,24.417192326936,24.4690115721079,24.3912728154683,24.4586498313649,24.5156263724707,24.4327408682945,24.4845522079513,24.3290390547373,24.3394139906367,24.3290390547373,24.4016414116675,24.4120089523324,24.417192326936,24.396457245529,24.3549744119754,24.4068253139224,24.3757179413665,24.4068253139224,24.3809031634257,24.4741920473867,24.3549744119754,24.3549744119754,24.313474667603,24.3446010620456,24.2771485035319,24.3860881214467,24.266767216777,24.3705324552306,24.266767216777,24.0068898795898,24.0589185591878,24.220038309803,24.3757179413665,24.2979078995965,24.266767216777,24.4275582848784,24.598444539334,24.4690115721079,24.6087920833666,24.6553430497988,24.5829212550199,24.5725710861868,24.6036184425424,24.6139654618445,24.6139654618445,24.6087920833666,24.6656848260024,24.6656848260024,24.6450002255868,24.6967038696157,24.6036184425424,24.6036184425424,24.6139654618445,24.6243114319154,24.6243114319154,24.6553430497988,24.593270373703,24.6243114319154,24.5725710861868,24.5518675968447,24.6346563530609,24.6243114319154,24.6243114319154,24.5673956078683,24.593270373703,24.5000904743927,24.5311599032229,24.4534685658236,24.4845522079513,24.4120089523324,24.2719579925803,24.1992630121316,24.3653467049792,24.4223754377718,24.5156263724707,24.5518675968447,24.5466910676864,24.4482870367845,24.5725710861868,24.5622198668973,24.5777463018912,24.4431052442089,24.4068253139224,24.4949113154483,24.4534685658236,24.4223754377718,24.4741920473867,24.4690115721079,24.4586498313649,24.3446010620456,24.5311599032229,24.2979078995965,24.3653467049792,24.2927184476639,24.3860881214467,24.3653467049792,24.2927184476639,24.3705324552306,24.4223754377718,24.3912728154683,24.3705324552306,24.396457245529,24.396457245529,24.3912728154683,24.3653467049792,24.6087920833666,24.7277134921382,25.0681998923707,24.9290469664651,24.9393610812787,24.9857617364743,24.9909160664447,25.0424450977087,25.0012239478063,25.0990971001769,25.0269891112523,24.9960701368761,25.0269891112523,25.0372933614365
24.1525030628745,24.1473061847397,24.0537168909092,24.235616997893,24.1784834681163,24.0277045513642,23.9340048894389,24.0953227786774,24.2044572345467,24.3186630611374,24.235616997893,24.2511932998677,24.3860881214467,24.2511932998677,24.266767216777,24.2719579925803,24.3082860095273,24.4534685658236,24.3757179413665,24.3186630611374,24.2823387496704,24.3549744119754,24.1888737710728,24.220038309803,24.261576176083,24.1005223164376,24.0693210964281,24.0485149561396,24.017297749009,24.1421090408181,24.017297749009,24.1057215880592,24.1005223164376,24.2460014642685,24.396457245529,24.3446010620456,24.1369116310709,24.1576996752618,24.1265160139431,24.3290390547373,24.4223754377718,24.3912728154683,24.2979078995965,24.1576996752618,24.0901229747396,24.2927184476639,24.2875287310348,24.3030970868713,24.3446010620456,24.2408093636233,24.2563848704595,24.2771485035319,24.0745219654683,24.2252314710217,24.2304243670388,24.0797225681742,24.2408093636233,24.4534685658236,24.4534685658236,24.4534685658236,24.396457245529,24.3186630611374,24.266767216777,24.4949113154483,24.4793722593216,24.4845522079513,24.417192326936,24.4690115721079,24.5311599032229,24.3653467049792,24.2044572345467,24.3705324552306,24.3757179413665,24.3912728154683,24.2252314710217,24.3186630611374,24.1992630121316,24.1992630121316,24.1836787523513,24.3186630611374,24.1265160139431,24.2096511916044,24.2927184476639,24.1213178064842,24.3549744119754,24.313474667603,24.2408093636233,24.2719579925803,24.2927184476639,24.3238511901693,24.2875287310348,24.2719579925803,24.3238511901693,24.5208044790397,24.5673956078683,24.5829212550199,24.4845522079513,24.5829212550199,24.4897318933139,24.417192326936,24.4638308334468,24.3860881214467,24.3912728154683,24.1161193330435,24.3290390547373,24.2563848704595,24.3549744119754,24.4016414116675,24.4223754377718,24.5673956078683,24.5363372209139,24.417192326936,24.4223754377718,24.3238511901693,24.3497878691456,24.4275582848784,24.3394139906367,24.4016414116675,24.4223754377718,24.4223754377718,24.4120089523324,24.3912728154683,24.5000904743927,24.4949113154483,24.4690115721079,24.3860881214467,24.4949113154483,24.4949113154483,24.3446010620456,24.313474667603,24.3290390547373,24.3238511901693,24.3342266548802,24.3238511901693,24.4068253139224,24.3809031634257,24.3809031634257,24.3549744119754,24.3912728154683,24.3860881214467,24.4275582848784,24.3549744119754,24.2823387496704,24.0953227786774,24.1732879183289,24.1836787523513,24.2408093636233,24.313474667603,24.2979078995965,24.2511932998677,24.2460014642685,24.1576996752618,24.2460014642685,24.3394139906367,24.3342266548802,24.2460014642685,24.2823387496704,24.4068253139224,24.7225458756109,24.6139654618445,24.6346563530609,24.6708553211965,24.6915346834782,24.525982322611,24.7225458756109,24.7277134921382,24.6915346834782,24.5570438632356,24.5725710861868,24.593270373703,24.5725710861868,24.5673956078683,24.6501717687129,24.6036184425424,24.5673956078683,24.598444539334,24.7742102793675,24.6398284203822,24.5518675968447,24.5466910676864,24.5673956078683,24.5622198668973,24.598444539334,24.5518675968447,24.5000904743927,24.4897318933139,24.4845522079513,24.4897318933139,24.4897318933139,24.4586498313649,24.3912728154683,24.2823387496704,24.19406852432,24.3653467049792,24.4016414116675,24.4068253139224,24.5777463018912,24.4275582848784,24.4068253139224,24.5363372209139,24.4949113154483,24.5673956078683,24.3757179413665,24.4016414116675,24.3809031634257,24.2875287310348,24.3757179413665,24.4690115721079,24.4275582848784,24.4586498313649,24.3290390547373,24.4016414116675,24.3290390547373,24.2875287310348,24.2875287310348,24.3549744119754,24.2875287310348,24.3653467049792,24.313474667603,24.3030970868713,24.3394139906367,24.3082860095273,24.3186630611374,24.396457245529,24.2771485035319,24.3653467049792,24.6915346834782,24.6915346834782,24.8877801045559,24.9960701368761,24.9651418204509,24.9496741564303,24.9857617364743,25.0321413659635,25.0115307913128,24.9909160664447,25.0733500742259,24.9702971889533,25.0990971001769,24.9599861922213
24.2044572345467,24.1161193330435,24.2460014642685,24.2252314710217,24.1421090408181,24.1525030628745,24.1421090408181,24.0485149561396,24.19406852432,24.2979078995965,24.1161193330435,24.1369116310709,24.2563848704595,24.261576176083,24.2771485035319,24.3653467049792,24.3446010620456,24.3290390547373,24.3186630611374,24.3290390547373,24.3290390547373,24.2096511916044,24.2511932998677,24.261576176083,24.1525030628745,24.1473061847397,24.1525030628745,24.1421090408181,24.2096511916044,24.1836787523513,23.8610674896852,23.9808655355738,24.0433127548394,24.1109205935815,24.1473061847397,24.1317139554589,24.0016855446331,23.7672136483527,23.9756598658044,24.1836787523513,24.220038309803,24.2875287310348,24.2823387496704,24.2927184476639,24.0485149561396,24.2563848704595,24.2304243670388,24.3342266548802,24.1057215880592,24.1473061847397,24.1473061847397,24.0589185591878,23.9444202371166,24.2511932998677,24.2252314710217,24.0953227786774,24.2408093636233,24.3653467049792,24.3186630611374,24.3860881214467,24.1005223164376,24.1005223164376,24.3860881214467,24.5104480028654,24.5156263724707,24.4949113154483,24.5156263724707,24.4949113154483,24.5518675968447,24.5518675968447,24.3394139906367,24.3757179413665,24.2563848704595,24.2408093636233,24.4327408682945,24.2096511916044,24.1732879183289,24.2408093636233,24.2719579925803,24.2148448833435,24.2096511916044,24.1265160139431,24.3082860095273,24.3082860095273,24.3394139906367,24.3342266548802,24.2979078995965,24.3290390547373,24.2511932998677,24.2979078995965,24.2927184476639,24.2979078995965,24.313474667603,24.3912728154683,24.6036184425424,24.588095945611,24.588095945611,24.6294840235847,24.5104480028654,24.4793722593216,24.4275582848784,24.3912728154683,24.3757179413665,24.2460014642685,24.261576176083,24.3497878691456,24.4690115721079,24.5208044790397,24.4949113154483,24.5518675968447,24.525982322611,24.3186630611374,24.4223754377718,24.235616997893,24.5415142757223,24.4379231880585,24.4586498313649,24.4431052442089,24.3809031634257,24.4586498313649,24.3860881214467,24.4482870367845,24.5000904743927,24.4379231880585,24.4275582848784,24.4120089523324,24.4275582848784,24.3446010620456,24.2460014642685,24.4068253139224,24.3342266548802,24.3497878691456,24.4016414116675,24.3601606905737,24.3860881214467,24.3549744119754,24.2823387496704,24.2511932998677,24.3446010620456,24.2927184476639,24.3497878691456,24.3912728154683,24.3394139906367,24.3030970868713,24.2408093636233,24.3549744119754,24.1888737710728,24.1836787523513,24.2304243670388,24.1576996752618,24.2096511916044,24.2771485035319,24.2823387496704,24.1628960219406,24.3082860095273,24.2563848704595,24.2719579925803,24.4949113154483,24.5363372209139,24.598444539334,24.5622198668973,24.5208044790397,24.6450002255868,24.6346563530609,24.5725710861868,24.6501717687129,24.6036184425424,24.5622198668973,24.5622198668973,24.5725710861868,24.4016414116675,24.5518675968447,24.5311599032229,24.6087920833666,24.5518675968447,24.4741920473867,24.5156263724707,24.5052693701856,24.5622198668973,24.5570438632356,24.6036184425424,24.5777463018912,24.5466910676864,24.5415142757223,24.6191385780148,24.4223754377718,24.4534685658236,24.417192326936,24.4949113154483,24.4949113154483,24.396457245529,24.4016414116675,24.3497878691456,24.3030970868713,24.3549744119754,24.3653467049792,24.417192326936,24.4327408682945,24.4741920473867,24.5570438632356,24.4482870367845,24.396457245529,24.4016414116675,24.3342266548802,24.313474667603,24.3030970868713,24.4068253139224,24.3342266548802,24.3497878691456,24.4275582848784,24.417192326936,24.3497878691456,24.3653467049792,24.3186630611374,24.261576176083,24.1888737710728,24.2979078995965,24.2719579925803,24.2044572345467,24.3705324552306,24.2563848704595,24.2875287310348,24.3446010620456,24.3394139906367,24.3394139906367,24.5000904743927,24.6915346834782,24.8051963851263,24.8155229994525,24.9806071469274,24.9084156166453,24.9806071469274,24.9754522977662,24.9599861922213,24.9445177487934,24.9342041538485,25.0527477928007,25.0012239478063,25.0012239478063,24.9909160664447
24.1161193330435,24.1161193330435,24.2304243670388,24.2460014642685,24.2408093636233,24.1888737710728,24.0381102869696,24.1369116310709,24.19406852432,24.2304243670388,24.2304243670388,24.0693210964281,24.1473061847397,24.3342266548802,24.3238511901693,24.266767216777,24.3342266548802,24.3186630611374,24.2771485035319,24.3082860095273,24.2927184476639,24.1576996752618,24.2460014642685,24.235616997893,24.1576996752618,24.2096511916044,24.2875287310348,24.1421090408181,24.1057215880592,24.0381102869696,23.8714903310769,23.8662790443357,23.9287968145261,24.1576996752618,24.0433127548394,24.2096511916044,24.1265160139431,23.9079618401281,24.0016855446331,24.1992630121316,24.3446010620456,24.3860881214467,24.4016414116675,24.2563848704595,24.0901229747396,24.1576996752618,24.1628960219406,24.16809210295,24.0901229747396,24.0953227786774,24.0901229747396,24.0381102869696,24.0745219654683,24.3860881214467,24.3705324552306,24.220038309803,24.2304243670388,24.3912728154683,24.3030970868713,24.0953227786774,24.2044572345467,24.1525030628745,24.4379231880585,24.4949113154483,24.4949113154483,24.4845522079513,24.5000904743927,24.5052693701856,24.4897318933139,24.525982322611,24.3653467049792,24.4897318933139,24.3653467049792,24.313474667603,24.3030970868713,24.266767216777,24.220038309803,24.2563848704595,24.2771485035319,24.1369116310709,24.1109205935815,24.1265160139431,24.1473061847397,24.4741920473867,24.3809031634257,24.3290390547373,24.3290390547373,24.3082860095273,24.3860881214467,24.3446010620456,24.3030970868713,24.3186630611374,24.3030970868713,24.261576176083,24.5570438632356,24.588095945611,24.5777463018912,24.593270373703,24.6139654618445,24.5104480028654,24.4016414116675,24.417192326936,24.4016414116675,24.3497878691456,24.2252314710217,24.3238511901693,24.4897318933139,24.3912728154683,24.396457245529,24.4690115721079,24.4845522079513,24.4741920473867,24.3290390547373,24.3030970868713,24.3446010620456,24.4327408682945,24.4586498313649,24.4327408682945,24.4068253139224,24.3653467049792,24.417192326936,24.4638308334468,24.4275582848784,24.4741920473867,24.4431052442089,24.3394139906367,24.4690115721079,24.4431052442089,24.4845522079513,24.4327408682945,24.4016414116675,24.3549744119754,24.3705324552306,24.3394139906367,24.3653467049792,24.3446010620456,24.2979078995965,24.313474667603,24.1992630121316,24.2771485035319,24.1732879183289,24.2927184476639,24.2563848704595,24.261576176083,24.220038309803,24.3342266548802,24.1992630121316,24.1732879183289,24.1576996752618,24.2304243670388,24.266767216777,24.3446010620456,24.1784834681163,24.19406852432,24.2511932998677,24.3860881214467,24.4586498313649,24.4120089523324,24.5311599032229,24.4638308334468,24.4845522079513,24.4845522079513,24.4845522079513,24.5000904743927,24.4845522079513,24.5156263724707,24.4741920473867,24.5518675968447,24.5415142757223,24.4379231880585,24.5052693701856,24.5156263724707,24.5363372209139,24.6139654618445,24.593270373703,24.5570438632356,24.4897318933139,24.5104480028654,24.5311599032229,24.5518675968447,24.5777463018912,24.5570438632356,24.5415142757223,24.4741920473867,24.6243114319154,24.4120089523324,24.3912728154683,24.5104480028654,24.5000904743927,24.5052693701856,24.3757179413665,24.3238511901693,24.3809031634257,24.3238511901693,24.3912728154683,24.4482870367845,24.4482870367845,24.5104480028654,24.4845522079513,24.5673956078683,24.4431052442089,24.4379231880585,24.3549744119754,24.3446010620456,24.4638308334468,24.4741920473867,24.5000904743927,24.5052693701856,24.4534685658236,24.313474667603,24.4327408682945,24.2563848704595,24.3082860095273,24.3394139906367,24.2460014642685,24.3446010620456,24.266767216777,24.3030970868713,24.2823387496704,24.4068253139224,24.3705324552306,24.3290390547373,24.3238511901693,24.396457245529,24.5052693701856,24.4638308334468,24.6553430497988,24.7432147730614,24.9342041538485,24.9238895190908,24.918731811688,24.9599861922213,24.9393610812787,24.9032571289301,25.0269891112523,25.0166838239645,25.0424450977087,25.0218365972651,24.9857617364743,25.0424450977087
24.19406852432,24.1525030628745,24.0849229045849,24.0901229747396,24.2719579925803,24.1628960219406,24.1888737710728,24.1317139554589,24.2460014642685,24.261576176083,24.261576176083,24.3290390547373,24.1317139554589,24.266767216777,24.261576176083,24.2927184476639,24.3238511901693,24.1628960219406,24.2563848704595,24.1421090408181,24.1628960219406,24.3497878691456,24.1576996752618,24.1732879183289,24.2875287310348,24.1317139554589,24.235616997893,24.2304243670388,24.2096511916044,24.1317139554589,23.9652477249841,23.8923327997404,23.9860709383021,24.0433127548394,24.0485149561396,24.02250128355,24.0901229747396,23.9600412538547,24.1213178064842,24.4120089523324,24.396457245529,24.3912728154683,24.3860881214467,24.4016414116675,24.1732879183289,23.9183798623554,24.0068898795898,24.1057215880592,24.2096511916044,24.2096511916044,24.2304243670388,24.220038309803,24.3912728154683,24.4379231880585,24.3446010620456,24.1888737710728,24.2044572345467,24.2252314710217,24.2044572345467,24.3030970868713,24.1265160139431,24.1317139554589,24.3394139906367,24.3860881214467,24.4949113154483,24.4690115721079,24.3757179413665,24.4897318933139,24.4586498313649,24.5622198668973,24.5104480028654,24.3705324552306,24.4275582848784,24.313474667603,24.3186630611374,24.3186630611374,24.2511932998677,24.1992630121316,24.2771485035319,24.2044572345467,24.1576996752618,24.1109205935815,24.2563848704595,24.2719579925803,24.3238511901693,24.3082860095273,24.2979078995965,24.417192326936,24.3238511901693,24.3601606905737,24.3757179413665,24.4431052442089,24.261576176083,24.4068253139224,24.5777463018912,24.5777463018912,24.5725710861868,24.6553430497988,24.593270373703,24.5052693701856,24.4379231880585,24.4379231880585,24.3394139906367,24.2875287310348,24.1109205935815,24.3549744119754,24.220038309803,24.4275582848784,24.417192326936,24.5208044790397,24.4431052442089,24.525982322611,24.261576176083,24.3601606905737,24.3394139906367,24.5052693701856,24.4741920473867,24.4275582848784,24.4223754377718,24.3809031634257,24.4431052442089,24.4327408682945,24.4793722593216,24.5000904743927,24.4327408682945,24.4223754377718,24.4275582848784,24.5363372209139,24.4638308334468,24.4586498313649,24.3446010620456,24.3497878691456,24.3446010620456,24.4534685658236,24.4586498313649,24.4223754377718,24.4068253139224,24.3082860095273,24.313474667603,24.3342266548802,24.2875287310348,24.2252314710217,24.2511932998677,24.235616997893,24.220038309803,24.2044572345467,24.2252314710217,24.1213178064842,24.1576996752618,24.1473061847397,24.16809210295,24.261576176083,24.16809210295,24.1836787523513,24.1213178064842,24.1109205935815,24.3290390547373,24.4845522079513,24.4223754377718,24.3082860095273,24.4741920473867,24.4586498313649,24.4897318933139,24.4690115721079,24.4690115721079,24.5104480028654,24.4949113154483,24.5104480028654,24.4741920473867,24.4275582848784,24.4534685658236,24.525982322611,24.525982322611,24.5363372209139,24.5311599032229,24.6450002255868,24.5570438632356,24.5466910676864,24.5311599032229,24.6450002255868,24.5208044790397,24.5725710861868,24.4534685658236,24.4949113154483,24.3653467049792,24.5363372209139,24.4897318933139,24.4431052442089,24.6398284203822,24.5052693701856,24.4586498313649,24.3601606905737,24.4690115721079,24.4379231880585,24.3549744119754,24.4068253139224,24.4327408682945,24.4482870367845,24.5466910676864,24.6087920833666,24.6398284203822,24.5415142757223,24.2096511916044,24.2252314710217,24.3446010620456,24.4534685658236,24.3912728154683,24.4638308334468,24.5104480028654,24.4690115721079,24.4275582848784,24.4379231880585,24.2979078995965,24.261576176083,24.2511932998677,24.2823387496704,24.4949113154483,24.3290390547373,24.417192326936,24.417192326936,24.4068253139224,24.4223754377718,24.3238511901693,24.1888737710728,24.5415142757223,24.6450002255868,24.7328808471969,24.7173779975772,24.918731811688,25.0063774992726,25.0166838239645,24.9651418204509,25.0166838239645,24.9599861922213,25.0269891112523,25.0630494515398,25.0063774992726,25.0990971001769,24.9806071469274,25.0166838239645
24.266767216777,24.1421090408181,24.0589185591878,24.1421090408181,24.3860881214467,24.1421090408181,24.1628960219406,24.2252314710217,24.1836787523513,24.2511932998677,24.235616997893,24.0693210964281,24.235616997893,24.2304243670388,24.1421090408181,24.2460014642685,24.1784834681163,24.2252314710217,24.1005223164376,24.1057215880592,24.3290390547373,24.3290390547373,24.2875287310348,24.3030970868713,24.3549744119754,24.261576176083,24.1161193330435,24.1576996752618,24.0901229747396,23.9027524276446,24.032907552491,23.8871225842407,24.0849229045849,24.1213178064842,24.0953227786774,23.9079618401281,23.8141514353848,23.9756598658044,24.1213178064842,24.3757179413665,24.4223754377718,24.1213178064842,24.2875287310348,24.3653467049792,24.266767216777,24.2148448833435,24.266767216777,24.2823387496704,24.2927184476639,24.2823387496704,24.2511932998677,24.4275582848784,24.3601606905737,24.5052693701856,24.4534685658236,24.3549744119754,24.1057215880592,24.1784834681163,24.0953227786774,24.3394139906367,24.2927184476639,24.4275582848784,24.3653467049792,24.4482870367845,24.3912728154683,24.4793722593216,24.4586498313649,24.3705324552306,24.3394139906367,24.4897318933139,24.4897318933139,24.5000904743927,24.3082860095273,24.2979078995965,24.0589185591878,24.2927184476639,24.261576176083,24.2096511916044,24.2511932998677,24.3394139906367,24.1213178064842,24.1836787523513,24.2408093636233,24.1473061847397,24.261576176083,24.4586498313649,24.261576176083,24.2408093636233,24.2563848704595,24.3809031634257,24.3030970868713,24.2927184476639,24.235616997893,24.2979078995965,24.4120089523324,24.5777463018912,24.6450002255868,24.5829212550199,24.525982322611,24.4016414116675,24.3860881214467,24.3549744119754,24.2771485035319,24.1888737710728,24.1109205935815,24.2148448833435,24.2304243670388,24.5000904743927,24.3653467049792,24.4949113154483,24.5208044790397,24.3653467049792,24.3186630611374,24.4275582848784,24.4949113154483,24.5000904743927,24.4275582848784,24.4068253139224,24.4793722593216,24.4275582848784,24.3653467049792,24.4690115721079,24.4120089523324,24.3601606905737,24.4223754377718,24.4741920473867,24.4327408682945,24.4327408682945,24.4897318933139,24.4482870367845,24.417192326936,24.4016414116675,24.4223754377718,24.3757179413665,24.4327408682945,24.417192326936,24.4431052442089,24.313474667603,24.2979078995965,24.2044572345467,24.2408093636233,24.2460014642685,24.2771485035319,24.2823387496704,24.3653467049792,24.235616997893,24.220038309803,24.1473061847397,24.2252314710217,24.1732879183289,24.1992630121316,24.1992630121316,24.1888737710728,24.2719579925803,24.1161193330435,24.2252314710217,24.2563848704595,24.2719579925803,24.4534685658236,24.5052693701856,24.4949113154483,24.4741920473867,24.4586498313649,24.4949113154483,24.4845522079513,24.4793722593216,24.4949113154483,24.4897318933139,24.417192326936,24.417192326936,24.4638308334468,24.4068253139224,24.4586498313649,24.5208044790397,24.6708553211965,24.525982322611,24.525982322611,24.4897318933139,24.5725710861868,24.5000904743927,24.4845522079513,24.4275582848784,24.5311599032229,24.5208044790397,24.4690115721079,24.5311599032229,24.5466910676864,24.5363372209139,24.5052693701856,24.4534685658236,24.4741920473867,24.3290390547373,24.3809031634257,24.3757179413665,24.4431052442089,24.4275582848784,24.4120089523324,24.3912728154683,24.4949113154483,24.4638308334468,24.5363372209139,24.5156263724707,24.3446010620456,24.3394139906367,24.4120089523324,24.3290390547373,24.4016414116675,24.396457245529,24.4379231880585,24.4327408682945,24.417192326936,24.4379231880585,24.3809031634257,24.3912728154683,24.266767216777,24.3082860095273,24.2563848704595,24.3186630611374,24.417192326936,24.3653467049792,24.417192326936,24.3342266548802,24.4379231880585,24.4275582848784,24.6087920833666,24.68119552596,24.9290469664651,24.9342041538485,24.9290469664651,24.9290469664651,24.9135738442187,24.9084156166453,24.9445177487934,25.0321413659635,24.9806071469274,24.9909160664447,24.9754522977662,24.9909160664447,24.9599861922213,25.0218365972651
24.0745219654683,24.2771485035319,24.1057215880592,24.0849229045849,24.2252314710217,24.2927184476639,24.2408093636233,24.1992630121316,24.3186630611374,24.2408093636233,24.2511932998677,24.2408093636233,24.1784834681163,24.1888737710728,24.1784834681163,24.1109205935815,24.1213178064842,24.1421090408181,24.1628960219406,24.1836787523513,24.2823387496704,24.3238511901693,24.3342266548802,24.1525030628745,24.2511932998677,24.396457245529,24.2511932998677,24.19406852432,24.0901229747396,23.7776461473113,23.8767013499485,24.017297749009,23.9027524276446,23.8819121009899,24.0433127548394,23.7985079225496,23.7619969958994,23.9131709850186,23.9860709383021,24.1161193330435,24.4068253139224,24.3446010620456,24.3186630611374,24.3549744119754,24.3757179413665,24.3601606905737,24.3860881214467,24.3653467049792,24.1576996752618,24.261576176083,24.3705324552306,24.3238511901693,24.4638308334468,24.4482870367845,24.4016414116675,24.4120089523324,24.3549744119754,24.5570438632356,24.3342266548802,24.2875287310348,24.3653467049792,24.3238511901693,24.2875287310348,24.5363372209139,24.3809031634257,24.3446010620456,24.3186630611374,24.1576996752618,24.4741920473867,24.4638308334468,24.417192326936,24.4016414116675,24.3082860095273,24.2927184476639,24.2304243670388,24.2148448833435,24.2044572345467,24.3290390547373,24.3342266548802,24.3497878691456,24.2096511916044,24.3290390547373,24.3290390547373,24.1992630121316,24.1317139554589,24.235616997893,24.235616997893,24.2511932998677,24.3030970868713,24.4482870367845,24.2823387496704,24.4431052442089,24.2927184476639,24.2460014642685,24.5208044790397,24.5208044790397,24.6605140688826,24.396457245529,24.588095945611,24.396457245529,24.4741920473867,24.3082860095273,24.3912728154683,24.3757179413665,24.2408093636233,24.1057215880592,24.261576176083,24.266767216777,24.3912728154683,24.3809031634257,24.3549744119754,24.3601606905737,24.4068253139224,24.3601606905737,24.4534685658236,24.313474667603,24.3912728154683,24.4120089523324,24.4016414116675,24.4431052442089,24.3912728154683,24.3549744119754,24.417192326936,24.3446010620456,24.4638308334468,24.3653467049792,24.3809031634257,24.2511932998677,24.4068253139224,24.4327408682945,24.3809031634257,24.4016414116675,24.4120089523324,24.4275582848784,24.5570438632356,24.4223754377718,24.5725710861868,24.4327408682945,24.2096511916044,24.313474667603,24.3082860095273,24.2148448833435,24.220038309803,24.1369116310709,24.2460014642685,24.235616997893,24.220038309803,24.2304243670388,24.220038309803,24.3238511901693,24.1421090408181,24.220038309803,24.261576176083,24.2771485035319,24.220038309803,24.1213178064842,24.2875287310348,24.3809031634257,24.2979078995965,24.417192326936,24.4845522079513,24.4793722593216,24.5777463018912,24.4690115721079,24.4586498313649,24.4690115721079,24.5725710861868,24.5000904743927,24.417192326936,24.3809031634257,24.4534685658236,24.4379231880585,24.4741920473867,24.3757179413665,24.396457245529,24.5000904743927,24.417192326936,24.5052693701856,24.4223754377718,24.4275582848784,24.5622198668973,24.3860881214467,24.3601606905737,24.4534685658236,24.4275582848784,24.4793722593216,24.4482870367845,24.4327408682945,24.4379231880585,24.4275582848784,24.4690115721079,24.417192326936,24.3342266548802,24.3342266548802,24.4223754377718,24.4068253139224,24.4534685658236,24.5518675968447,24.5829212550199,24.6087920833666,24.4638308334468,24.4431052442089,24.2875287310348,24.3082860095273,24.3238511901693,24.3601606905737,24.4120089523324,24.4068253139224,24.3601606905737,24.4793722593216,24.3342266548802,24.3186630611374,24.3860881214467,24.2719579925803,24.3186630611374,24.235616997893,24.2875287310348,24.3446010620456,24.2096511916044,24.3238511901693,24.4223754377718,24.4327408682945,24.4534685658236,24.4016414116675,24.5208044790397,24.8051963851263,24.7845400253874,24.8980983810354,24.9135738442187,24.9238895190908,25.0269891112523,24.9135738442187,24.9084156166453,25.0218365972651,24.9651418204509,24.9909160664447,25.0733500742259,25.2020205629554,25.0166838239645,25.1042457289643
24.1421090408181,24.2979078995965,24.1421090408181,24.1161193330435,24.0693210964281,24.1317139554589,24.2460014642685,24.2044572345467,24.2408093636233,24.1992630121316,24.1525030628745,24.1057215880592,24.0381102869696,24.0641199610143,24.0433127548394,24.0641199610143,24.1628960219406,24.16809210295,24.1421090408181,24.261576176083,24.3860881214467,24.3757179413665,24.4016414116675,24.266767216777,24.2408093636233,24.261576176083,24.261576176083,24.2460014642685,24.0797225681742,24.0901229747396,24.0381102869696,24.0485149561396,23.7724300321434,23.8975427475285,23.7828619938962,23.9756598658044,23.9860709383021,24.032907552491,24.0277045513642,24.3030970868713,24.3549744119754,24.3809031634257,24.3290390547373,24.3601606905737,24.1317139554589,24.1317139554589,24.1213178064842,24.2252314710217,24.3082860095273,24.2875287310348,24.4586498313649,24.3342266548802,24.3549744119754,24.4741920473867,24.4482870367845,24.3757179413665,24.4949113154483,24.588095945611,24.3238511901693,24.3186630611374,24.3394139906367,24.3497878691456,24.3809031634257,24.3290390547373,24.4638308334468,24.3757179413665,24.2096511916044,24.2875287310348,24.313474667603,24.4897318933139,24.5570438632356,24.3082860095273,24.2044572345467,24.2252314710217,24.2304243670388,24.2979078995965,24.1473061847397,24.3238511901693,24.2044572345467,24.1836787523513,24.3238511901693,24.3653467049792,24.4068253139224,24.3030970868713,24.2823387496704,24.313474667603,24.3497878691456,24.1213178064842,24.261576176083,24.3186630611374,24.2719579925803,24.417192326936,24.2408093636233,24.313474667603,24.4120089523324,24.5829212550199,24.7277134921382,24.5725710861868,24.5415142757223,24.4793722593216,24.3238511901693,24.3082860095273,24.3705324552306,24.2927184476639,24.2460014642685,24.313474667603,24.3601606905737,24.5466910676864,24.3082860095273,24.4016414116675,24.3549744119754,24.3809031634257,24.4223754377718,24.4068253139224,24.3860881214467,24.3809031634257,24.4431052442089,24.5208044790397,24.3809031634257,24.2563848704595,24.4379231880585,24.396457245529,24.4223754377718,24.4120089523324,24.4016414116675,24.3653467049792,24.396457245529,24.4379231880585,24.3912728154683,24.4534685658236,24.3912728154683,24.4845522079513,24.417192326936,24.4379231880585,24.3912728154683,24.4120089523324,24.3705324552306,24.4120089523324,24.2460014642685,24.313474667603,24.3082860095273,24.3238511901693,24.2304243670388,24.2148448833435,24.2044572345467,24.1888737710728,24.2408093636233,24.3290390547373,24.2304243670388,24.2252314710217,24.1732879183289,24.3705324552306,24.2563848704595,24.1888737710728,24.235616997893,24.2719579925803,24.3860881214467,24.3497878691456,24.5208044790397,24.588095945611,24.5673956078683,24.5466910676864,24.6139654618445,24.4534685658236,24.4638308334468,24.5725710861868,24.5673956078683,24.588095945611,24.5622198668973,24.5673956078683,24.4223754377718,24.396457245529,24.4897318933139,24.4120089523324,24.5104480028654,24.4379231880585,24.417192326936,24.4949113154483,24.396457245529,24.4690115721079,24.4120089523324,24.3549744119754,24.4068253139224,24.4275582848784,24.4120089523324,24.4016414116675,24.5000904743927,24.396457245529,24.5000904743927,24.4741920473867,24.4741920473867,24.4690115721079,24.4068253139224,24.4016414116675,24.417192326936,24.4793722593216,24.6036184425424,24.4741920473867,24.4690115721079,24.4431052442089,24.525982322611,24.4327408682945,24.3757179413665,24.3705324552306,24.4120089523324,24.4379231880585,24.4120089523324,24.4120089523324,24.3912728154683,24.4223754377718,24.4379231880585,24.4431052442089,24.3394139906367,24.4016414116675,24.2979078995965,24.3082860095273,24.3549744119754,24.4120089523324,24.4016414116675,24.417192326936,24.3497878691456,24.3497878691456,24.4275582848784,24.5156263724707,24.7018727940562,24.8258485704877,24.8155229994525,24.9599861922213,24.9496741564303,24.9857617364743,24.9342041538485,25.0372933614365,25.0166838239645,24.9857617364743,25.1042457289643,25.0115307913128,25.0836496611589,24.954830304227,25.0681998923707,25.0681998923707
24.1057215880592,24.0797225681742,24.1213178064842,24.1265160139431,24.2511932998677,24.1369116310709,24.1576996752618,24.2148448833435,24.2979078995965,24.2304243670388,24.1473061847397,24.0537168909092,24.1317139554589,24.0277045513642,23.8767013499485,24.1109205935815,24.0381102869696,24.0485149561396,24.1369116310709,24.3809031634257,24.3860881214467,24.3653467049792,24.2148448833435,24.0849229045849,24.2044572345467,24.2771485035319,24.2408093636233,24.2563848704595,24.261576176083,24.0849229045849,24.0745219654683,23.8871225842407,23.7515628848466,23.7150350274487,23.9600412538547,23.8662790443357,24.1057215880592,24.2771485035319,24.1473061847397,24.2719579925803,24.1525030628745,24.235616997893,24.3186630611374,24.2304243670388,24.2563848704595,24.1525030628745,24.3601606905737,24.1992630121316,24.2044572345467,24.0849229045849,24.3497878691456,24.4379231880585,24.3497878691456,24.3549744119754,24.313474667603,24.4379231880585,24.4016414116675,24.3394139906367,24.3860881214467,24.3290390547373,24.3497878691456,24.4534685658236,24.3705324552306,24.417192326936,24.2719579925803,24.417192326936,24.4120089523324,24.1628960219406,24.3082860095273,24.3290390547373,24.3757179413665,24.4690115721079,24.1732879183289,24.1057215880592,24.1576996752618,24.1888737710728,24.3912728154683,24.3238511901693,24.220038309803,24.1473061847397,24.3186630611374,24.3809031634257,24.3912728154683,24.3497878691456,24.4482870367845,24.3705324552306,24.313474667603,24.2875287310348,24.261576176083,24.3186630611374,24.2719579925803,24.2823387496704,24.3290390547373,24.2252314710217,24.266767216777,24.396457245529,24.5156263724707,24.4897318933139,24.4897318933139,24.4793722593216,24.3705324552306,24.4379231880585,24.4431052442089,24.3860881214467,24.3653467049792,24.2252314710217,24.313474667603,24.313474667603,24.4120089523324,24.4431052442089,24.3446010620456,24.3601606905737,24.3653467049792,24.4845522079513,24.3757179413665,24.4586498313649,24.4275582848784,24.4534685658236,24.3809031634257,24.3912728154683,24.4793722593216,24.4016414116675,24.4275582848784,24.3757179413665,24.3497878691456,24.396457245529,24.417192326936,24.3912728154683,24.4482870367845,24.417192326936,24.4120089523324,24.3860881214467,24.3757179413665,24.4223754377718,24.3757179413665,24.3446010620456,24.3238511901693,24.3290390547373,24.2460014642685,24.4068253139224,24.3238511901693,24.3290390547373,24.2304243670388,24.1473061847397,24.16809210295,24.2044572345467,24.3186630611374,24.2096511916044,24.1005223164376,24.0953227786774,24.1213178064842,24.3757179413665,24.3653467049792,24.3030970868713,24.220038309803,24.2563848704595,24.2823387496704,24.4845522079513,24.5363372209139,24.5622198668973,24.588095945611,24.5466910676864,24.5777463018912,24.5829212550199,24.6139654618445,24.5622198668973,24.5363372209139,24.6243114319154,24.5777463018912,24.5725710861868,24.4327408682945,24.3549744119754,24.4327408682945,24.4741920473867,24.4379231880585,24.4534685658236,24.4275582848784,24.313474667603,24.4120089523324,24.3912728154683,24.4068253139224,24.261576176083,24.3912728154683,24.3912728154683,24.4120089523324,24.4016414116675,24.3860881214467,24.417192326936,24.3705324552306,24.4223754377718,24.4068253139224,24.417192326936,24.4275582848784,24.4223754377718,24.4534685658236,24.4793722593216,24.4845522079513,24.4016414116675,24.4793722593216,24.5052693701856,24.4327408682945,24.4275582848784,24.3030970868713,24.235616997893,24.3186630611374,24.4120089523324,24.4482870367845,24.3497878691456,24.4120089523324,24.4120089523324,24.396457245529,24.3342266548802,24.396457245529,24.3238511901693,24.3757179413665,24.313474667603,24.220038309803,24.1888737710728,24.3912728154683,24.3653467049792,24.417192326936,24.4431052442089,24.4638308334468,24.4897318933139,24.5311599032229,24.8310109648659,24.8774607869049,24.9084156166453,24.9290469664651,25.0166838239645,24.9960701368761,25.0166838239645,25.0166838239645,25.0630494515398,24.9754522977662,25.0269891112523,24.9754522977662,25.0733500742259,24.9651418204509,24.954830304227
24.1421090408181,24.1265160139431,24.0537168909092,24.1213178064842,24.1421090408181,24.1836787523513,24.0953227786774,24.1057215880592,24.1576996752618,24.1421090408181,24.1525030628745,24.19406852432,24.1836787523513,24.0589185591878,24.0485149561396,23.9235884721781,24.2511932998677,24.0589185591878,24.1628960219406,24.2044572345467,24.2304243670388,24.19406852432,24.0693210964281,24.2096511916044,24.19406852432,24.16809210295,24.2304243670388,24.2563848704595,24.0849229045849,24.1057215880592,24.1005223164376,23.8610674896852,23.5740182424435,23.8402185911997,23.8141514353848,23.855855667086,24.1005223164376,24.2927184476639,24.1525030628745,24.1525030628745,23.9287968145261,24.235616997893,24.1109205935815,24.0433127548394,24.2771485035319,24.1784834681163,24.3653467049792,24.1888737710728,24.0381102869696,23.9912760740285,24.3497878691456,24.3549744119754,24.4482870367845,24.4327408682945,24.2979078995965,24.3394139906367,24.2304243670388,24.3290390547373,24.417192326936,24.4327408682945,24.4120089523324,24.4016414116675,24.3238511901693,24.220038309803,24.2979078995965,24.1109205935815,24.4068253139224,24.4120089523324,24.3860881214467,24.261576176083,24.3549744119754,24.3446010620456,24.1421090408181,24.2044572345467,24.3342266548802,24.2044572345467,24.2304243670388,24.1576996752618,24.2148448833435,24.3757179413665,24.4016414116675,24.3238511901693,24.4068253139224,24.3497878691456,24.4016414116675,24.3757179413665,24.4482870367845,24.4897318933139,24.3394139906367,24.2719579925803,24.3757179413665,24.266767216777,24.1888737710728,24.16809210295,24.2511932998677,24.2719579925803,24.4534685658236,24.4949113154483,24.5363372209139,24.4431052442089,24.4793722593216,24.4793722593216,24.4482870367845,24.3186630611374,24.3446010620456,24.1057215880592,24.261576176083,24.3601606905737,24.4120089523324,24.2875287310348,24.4949113154483,24.3860881214467,24.4586498313649,24.3809031634257,24.4120089523324,24.4793722593216,24.4482870367845,24.4586498313649,24.4275582848784,24.5673956078683,24.3705324552306,24.4223754377718,24.4120089523324,24.3238511901693,24.3186630611374,24.4431052442089,24.3912728154683,24.4120089523324,24.4068253139224,24.4016414116675,24.4327408682945,24.3912728154683,24.417192326936,24.3809031634257,24.3601606905737,24.2979078995965,24.2148448833435,24.3186630611374,24.3082860095273,24.3394139906367,24.3238511901693,24.3186630611374,24.2408093636233,24.2252314710217,24.2408093636233,24.3394139906367,24.2408093636233,24.1576996752618,24.0589185591878,24.0849229045849,24.1836787523513,24.3601606905737,24.220038309803,24.3653467049792,24.3446010620456,24.2823387496704,24.4379231880585,24.4845522079513,24.5777463018912,24.525982322611,24.5725710861868,24.5673956078683,24.5673956078683,24.588095945611,24.6139654618445,24.6398284203822,24.593270373703,24.5466910676864,24.5415142757223,24.5208044790397,24.5052693701856,24.5000904743927,24.5104480028654,24.3238511901693,24.4638308334468,24.4016414116675,24.417192326936,24.4431052442089,24.417192326936,24.396457245529,24.3186630611374,24.3860881214467,24.4223754377718,24.3549744119754,24.3912728154683,24.4120089523324,24.4638308334468,24.3497878691456,24.417192326936,24.4949113154483,24.417192326936,24.4068253139224,24.4897318933139,24.5104480028654,24.4690115721079,24.4586498313649,24.4793722593216,24.5570438632356,24.5052693701856,24.4482870367845,24.5104480028654,24.4120089523324,24.3186630611374,24.4068253139224,24.4068253139224,24.4016414116675,24.417192326936,24.4482870367845,24.4223754377718,24.3290390547373,24.2252314710217,24.3394139906367,24.4223754377718,24.3653467049792,24.2927184476639,24.3186630611374,24.3082860095273,24.2979078995965,24.3757179413665,24.2460014642685,24.4068253139224,24.4275582848784,24.4223754377718,24.4897318933139,24.6708553211965,24.836173098535,24.9702971889533,24.9238895190908,24.9651418204509,24.9290469664651,24.8310109648659,25.0166838239645,25.0166838239645,25.0424450977087,25.0269891112523,25.0527477928007,25.0063774992726,24.9651418204509,25.1145422104357,25.0527477928007
24.1784834681163,24.1005223164376,24.16809210295,24.1057215880592,24.0277045513642,24.0433127548394,24.1525030628745,24.1317139554589,24.1576996752618,24.19406852432,24.1836787523513,24.19406852432,24.2252314710217,23.9964809427924,24.0068898795898,24.02250128355,24.1109205935815,24.220038309803,24.0277045513642,24.2460014642685,24.3809031634257,24.3342266548802,24.2719579925803,24.0849229045849,24.0849229045849,24.1265160139431,24.2408093636233,24.261576176083,24.235616997893,23.9964809427924,24.0849229045849,23.8662790443357,23.6210456798163,23.6941560476277,23.7150350274487,23.9652477249841,24.1005223164376,24.3030970868713,24.3757179413665,24.0797225681742,24.0745219654683,24.2044572345467,24.1317139554589,24.2460014642685,24.266767216777,24.1576996752618,24.1992630121316,24.1992630121316,23.9912760740285,24.0485149561396,24.2304243670388,24.2771485035319,24.4275582848784,24.396457245529,24.3446010620456,24.3238511901693,24.1057215880592,24.2979078995965,24.4275582848784,24.4275582848784,24.4431052442089,24.4327408682945,24.2719579925803,24.3653467049792,24.266767216777,24.261576176083,24.4431052442089,24.3809031634257,24.4223754377718,24.3757179413665,24.3082860095273,24.2408093636233,24.1732879183289,24.2044572345467,24.266767216777,24.2044572345467,24.1888737710728,24.2252314710217,24.1888737710728,24.2044572345467,24.3290390547373,24.4068253139224,24.3705324552306,24.4638308334468,24.4431052442089,24.4690115721079,24.4741920473867,24.4949113154483,24.5208044790397,24.5104480028654,24.2875287310348,24.2927184476639,24.2511932998677,24.1836787523513,24.261576176083,24.3082860095273,24.4690115721079,24.5156263724707,24.4431052442089,24.4327408682945,24.5156263724707,24.6294840235847,24.6708553211965,24.3290390547373,24.2823387496704,24.3030970868713,24.2875287310348,24.2875287310348,24.3757179413665,24.4482870367845,24.4534685658236,24.4741920473867,24.4223754377718,24.4327408682945,24.4638308334468,24.4741920473867,24.4120089523324,24.3860881214467,24.4275582848784,24.4068253139224,24.5622198668973,24.5363372209139,24.417192326936,24.417192326936,24.3342266548802,24.417192326936,24.4275582848784,24.4120089523324,24.4223754377718,24.3860881214467,24.3912728154683,24.3809031634257,24.3912728154683,24.3809031634257,24.4534685658236,24.4379231880585,24.2927184476639,24.266767216777,24.3238511901693,24.3238511901693,24.4016414116675,24.3342266548802,24.261576176083,24.1836787523513,24.3446010620456,24.3290390547373,24.2875287310348,24.1888737710728,24.0589185591878,24.0589185591878,24.1109205935815,24.1992630121316,24.313474667603,24.4120089523324,24.2563848704595,24.2148448833435,24.3705324552306,24.4793722593216,24.6450002255868,24.593270373703,24.5777463018912,24.5622198668973,24.6760255545029,24.598444539334,24.6191385780148,24.6087920833666,24.6036184425424,24.5466910676864,24.5777463018912,24.4845522079513,24.4741920473867,24.4741920473867,24.4793722593216,24.4586498313649,24.4016414116675,24.4327408682945,24.4068253139224,24.4275582848784,24.19406852432,24.396457245529,24.4223754377718,24.2771485035319,24.3809031634257,24.396457245529,24.4431052442089,24.396457245529,24.4275582848784,24.3030970868713,24.3082860095273,24.3394139906367,24.3290390547373,24.3653467049792,24.3860881214467,24.4897318933139,24.4482870367845,24.4690115721079,24.4793722593216,24.4223754377718,24.4586498313649,24.4379231880585,24.3860881214467,24.417192326936,24.2304243670388,24.3290390547373,24.3394139906367,24.3446010620456,24.3497878691456,24.4482870367845,24.3342266548802,24.3238511901693,24.3497878691456,24.3705324552306,24.3290390547373,24.2252314710217,24.3497878691456,24.3394139906367,24.3653467049792,24.313474667603,24.2563848704595,24.3290390547373,24.396457245529,24.4327408682945,24.4638308334468,24.6243114319154,24.8413349715329,24.918731811688,24.8413349715329,24.9290469664651,24.8980983810354,24.9290469664651,24.9909160664447,24.9806071469274,25.0012239478063,24.8774607869049,24.918731811688,25.0115307913128,25.1196900631945,24.9651418204509,24.9702971889533,24.9238895190908
24.1005223164376,24.0797225681742,24.1836787523513,24.1784834681163,24.19406852432,24.0745219654683,24.02250128355,24.1369116310709,24.2408093636233,24.3082860095273,24.220038309803,24.0485149561396,24.1836787523513,24.0537168909092,24.0433127548394,24.1369116310709,24.2148448833435,24.2408093636233,24.0433127548394,24.1992630121316,24.2823387496704,24.3601606905737,24.1732879183289,24.2148448833435,24.16809210295,24.2148448833435,24.2408093636233,24.235616997893,24.16809210295,24.1005223164376,24.2096511916044,23.855855667086,23.6837149425584,23.6837149425584,24.0016855446331,24.1525030628745,24.1628960219406,24.313474667603,24.2875287310348,24.2252314710217,24.0849229045849,24.2823387496704,24.2460014642685,24.1576996752618,24.1836787523513,24.2875287310348,24.3446010620456,24.0589185591878,24.0589185591878,24.2148448833435,24.2511932998677,24.3290390547373,24.3342266548802,24.3290390547373,24.3860881214467,24.3809031634257,24.1836787523513,24.2304243670388,24.4431052442089,24.417192326936,24.417192326936,24.5363372209139,24.3705324552306,24.4016414116675,24.2511932998677,24.4223754377718,24.4223754377718,24.2563848704595,24.2460014642685,24.3290390547373,24.3757179413665,24.3238511901693,24.1784834681163,24.3238511901693,24.2096511916044,24.2408093636233,24.2096511916044,24.3446010620456,24.220038309803,24.1784834681163,24.3497878691456,24.4793722593216,24.5052693701856,24.4897318933139,24.5052693701856,24.5052693701856,24.4741920473867,24.4793722593216,24.5363372209139,24.5000904743927,24.2927184476639,24.1005223164376,24.1005223164376,24.2096511916044,24.1992630121316,24.3082860095273,24.4431052442089,24.5466910676864,24.4534685658236,24.4016414116675,24.4690115721079,24.5104480028654,24.4741920473867,24.4793722593216,24.1732879183289,24.2927184476639,24.3082860095273,24.4068253139224,24.3757179413665,24.4586498313649,24.4586498313649,24.4431052442089,24.5208044790397,24.525982322611,24.4690115721079,24.5000904743927,24.4016414116675,24.4431052442089,24.5622198668973,24.417192326936,24.396457245529,24.5622198668973,24.4431052442089,24.4275582848784,24.4120089523324,24.4379231880585,24.396457245529,24.4223754377718,24.4016414116675,24.4120089523324,24.4223754377718,24.4016414116675,24.4016414116675,24.4068253139224,24.396457245529,24.396457245529,24.3757179413665,24.266767216777,24.2719579925803,24.4223754377718,24.5518675968447,24.4275582848784,24.3342266548802,24.1836787523513,24.3757179413665,24.3497878691456,24.2979078995965,24.1473061847397,24.1888737710728,24.220038309803,24.0589185591878,24.16809210295,24.1473061847397,24.3082860095273,24.1836787523513,24.220038309803,24.2563848704595,24.4327408682945,24.5415142757223,24.5570438632356,24.6191385780148,24.5777463018912,24.6553430497988,24.7897045068028,24.5570438632356,24.6191385780148,24.5415142757223,24.4897318933139,24.4897318933139,24.525982322611,24.525982322611,24.4793722593216,24.5052693701856,24.4379231880585,24.4845522079513,24.4845522079513,24.4431052442089,24.3601606905737,24.3549744119754,24.2563848704595,24.4482870367845,24.2719579925803,24.3705324552306,24.3757179413665,24.3394139906367,24.3653467049792,24.4223754377718,24.3446010620456,24.2823387496704,24.3342266548802,24.3030970868713,24.3030970868713,24.4275582848784,24.4741920473867,24.4845522079513,24.4845522079513,24.5000904743927,24.4120089523324,24.5415142757223,24.4016414116675,24.2927184476639,24.4068253139224,24.3238511901693,24.2096511916044,24.3497878691456,24.4275582848784,24.3497878691456,24.5208044790397,24.3030970868713,24.2304243670388,24.3757179413665,24.417192326936,24.2927184476639,24.3653467049792,24.3497878691456,24.2927184476639,24.2304243670388,24.2875287310348,24.3082860095273,24.3497878691456,24.3446010620456,24.4431052442089,24.6450002255868,24.8516579356668,24.8103598227198,24.8464965838976,24.9238895190908,24.954830304227,25.0012239478063,24.9960701368761,24.9909160664447,24.9754522977662,25.0527477928007,24.9084156166453,25.2328774638867,25.0424450977087,25.0269891112523,25.0372933614365,25.0372933614365,25.0321413659635
24.2044572345467,24.1265160139431,24.1836787523513,24.1784834681163,24.1784834681163,24.1109205935815,24.1992630121316,24.02250128355,24.2408093636233,24.2563848704595,24.2771485035319,24.19406852432,24.2044572345467,24.0381102869696,24.0016855446331,24.2771485035319,24.261576176083,24.2148448833435,24.017297749009,24.1888737710728,24.2719579925803,24.1992630121316,24.1213178064842,23.8767013499485,24.1421090408181,24.1057215880592,24.261576176083,24.1421090408181,24.1421090408181,24.0901229747396,24.1888737710728,24.02250128355,24.017297749009,24.02250128355,24.1473061847397,24.1576996752618,23.9964809427924,24.0589185591878,24.1005223164376,24.220038309803,24.0693210964281,24.261576176083,24.2719579925803,24.1213178064842,24.19406852432,24.3394139906367,24.3446010620456,24.3082860095273,24.0953227786774,24.2719579925803,24.2875287310348,24.396457245529,24.3912728154683,24.3653467049792,24.3601606905737,24.3446010620456,24.3601606905737,24.4845522079513,24.4482870367845,24.4379231880585,24.4068253139224,24.4482870367845,24.4534685658236,24.3757179413665,24.235616997893,24.2979078995965,24.3653467049792,24.3860881214467,24.3860881214467,24.3705324552306,24.3809031634257,24.2563848704595,24.2148448833435,24.2460014642685,24.2044572345467,24.3238511901693,24.3186630611374,24.3186630611374,24.3342266548802,24.220038309803,24.313474667603,24.4793722593216,24.5000904743927,24.4845522079513,24.4897318933139,24.4845522079513,24.525982322611,24.4897318933139,24.4949113154483,24.4741920473867,24.5000904743927,24.261576176083,24.3446010620456,24.1473061847397,24.3082860095273,24.1836787523513,24.4223754377718,24.4845522079513,24.3653467049792,24.3705324552306,24.266767216777,24.266767216777,24.2148448833435,24.1992630121316,24.1836787523513,24.1576996752618,24.1369116310709,24.4534685658236,24.3705324552306,24.396457245529,24.5622198668973,24.4793722593216,24.4638308334468,24.5208044790397,24.4690115721079,24.5415142757223,24.3186630611374,24.4068253139224,24.4120089523324,24.3912728154683,24.4327408682945,24.525982322611,24.4223754377718,24.3653467049792,24.396457245529,24.3653467049792,24.4120089523324,24.4327408682945,24.396457245529,24.4638308334468,24.4327408682945,24.4120089523324,24.4068253139224,24.3809031634257,24.3705324552306,24.3082860095273,24.3809031634257,24.2927184476639,24.3601606905737,24.3809031634257,24.5622198668973,24.3290390547373,24.3705324552306,24.2719579925803,24.266767216777,24.2927184476639,24.235616997893,24.0641199610143,24.1057215880592,24.0537168909092,24.0849229045849,24.235616997893,24.2460014642685,24.1576996752618,24.266767216777,24.2771485035319,24.2823387496704,24.3757179413665,24.5829212550199,24.5622198668973,24.598444539334,24.6191385780148,24.5673956078683,24.5777463018912,24.6501717687129,24.6605140688826,24.5363372209139,24.5415142757223,24.5363372209139,24.5518675968447,24.5156263724707,24.5156263724707,24.598444539334,24.5104480028654,24.417192326936,24.5052693701856,24.4897318933139,24.3549744119754,24.3030970868713,24.2563848704595,24.2563848704595,24.266767216777,24.3601606905737,24.3912728154683,24.417192326936,24.3809031634257,24.417192326936,24.3394139906367,24.396457245529,24.266767216777,24.3394139906367,24.4016414116675,24.3757179413665,24.525982322611,24.5052693701856,24.5104480028654,24.4534685658236,24.4482870367845,24.3601606905737,24.3549744119754,24.235616997893,24.3186630611374,24.3497878691456,24.3342266548802,24.3394139906367,24.3394139906367,24.3705324552306,24.3394139906367,24.3082860095273,24.3757179413665,24.2563848704595,24.4016414116675,24.3601606905737,24.3497878691456,24.2875287310348,24.3549744119754,24.2927184476639,24.2979078995965,24.3912728154683,24.4327408682945,24.3757179413665,24.4223754377718,24.593270373703,24.8155229994525,24.8723007375455,24.9238895190908,24.9909160664447,25.0115307913128,24.9290469664651,25.0063774992726,24.9702971889533,24.9857617364743,25.0166838239645,24.9496741564303,25.0527477928007,25.0269891112523,25.0012239478063,25.0424450977087,24.9909160664447,24.9806071469274
24.1369116310709,24.1525030628745,24.1784834681163,24.0745219654683,24.1992630121316,24.0953227786774,23.9912760740285,24.0120939477021,24.2252314710217,24.1005223164376,24.0849229045849,24.1732879183289,24.1992630121316,24.2460014642685,24.261576176083,24.2460014642685,24.261576176083,24.1005223164376,23.9340048894389,24.02250128355,24.0693210964281,23.9548345155266,23.8454312178827,23.8089371994645,24.1057215880592,24.1161193330435,24.2927184476639,24.220038309803,24.235616997893,24.1836787523513,24.0849229045849,24.032907552491,24.0277045513642,24.1369116310709,24.1473061847397,24.1369116310709,23.9912760740285,24.0016855446331,24.0120939477021,23.9652477249841,24.017297749009,24.0693210964281,24.02250128355,24.266767216777,24.235616997893,24.3342266548802,24.2875287310348,24.2460014642685,24.313474667603,24.2719579925803,24.4793722593216,24.4845522079513,24.4793722593216,24.2979078995965,24.4016414116675,24.3342266548802,24.3497878691456,24.3705324552306,24.593270373703,24.3757179413665,24.4482870367845,24.4482870367845,24.4482870367845,24.4586498313649,24.4638308334468,24.220038309803,24.1836787523513,24.2252314710217,24.3912728154683,24.4223754377718,24.4534685658236,24.3549744119754,24.2044572345467,24.2771485035319,24.3549744119754,24.3030970868713,24.2875287310348,24.3912728154683,24.3497878691456,24.1784834681163,24.3082860095273,24.4690115721079,24.4016414116675,24.4949113154483,24.5000904743927,24.4223754377718,24.3549744119754,24.5104480028654,24.3809031634257,24.4275582848784,24.3497878691456,24.3394139906367,24.3446010620456,24.0901229747396,24.2511932998677,24.3394139906367,24.5466910676864,24.4949113154483,24.3757179413665,24.4068253139224,24.5000904743927,24.3186630611374,24.235616997893,24.2511932998677,24.3238511901693,24.3549744119754,24.2460014642685,24.3082860095273,24.5363372209139,24.3653467049792,24.4327408682945,24.396457245529,24.5000904743927,24.5311599032229,24.525982322611,24.417192326936,24.3186630611374,24.4534685658236,24.4741920473867,24.4586498313649,24.4949113154483,24.5000904743927,24.5052693701856,24.4690115721079,24.4016414116675,24.4223754377718,24.4586498313649,24.4534685658236,24.4534685658236,24.4068253139224,24.4431052442089,24.4897318933139,24.3705324552306,24.4482870367845,24.3497878691456,24.4068253139224,24.2719579925803,24.313474667603,24.3030970868713,24.5725710861868,24.4016414116675,24.4482870367845,24.3238511901693,24.2823387496704,24.2304243670388,24.2979078995965,24.261576176083,24.2044572345467,24.1784834681163,24.0745219654683,24.1525030628745,24.2044572345467,24.220038309803,24.2511932998677,24.2927184476639,24.266767216777,24.2823387496704,24.4741920473867,24.5622198668973,24.5777463018912,24.6398284203822,24.5673956078683,24.5777463018912,24.598444539334,24.525982322611,24.5311599032229,24.525982322611,24.4586498313649,24.5104480028654,24.4949113154483,24.4690115721079,24.5104480028654,24.4793722593216,24.5000904743927,24.6139654618445,24.4793722593216,24.417192326936,24.396457245529,24.4793722593216,24.2719579925803,24.3912728154683,24.3082860095273,24.3290390547373,24.4431052442089,24.3809031634257,24.3809031634257,24.4068253139224,24.2823387496704,24.3809031634257,24.2823387496704,24.3342266548802,24.2148448833435,24.3030970868713,24.417192326936,24.3912728154683,24.4482870367845,24.525982322611,24.4379231880585,24.4431052442089,24.4016414116675,24.3342266548802,24.3290390547373,24.2875287310348,24.4379231880585,24.4275582848784,24.4068253139224,24.3705324552306,24.3705324552306,24.3549744119754,24.3653467049792,24.3809031634257,24.3653467049792,24.3394139906367,24.3497878691456,24.4275582848784,24.3082860095273,24.2460014642685,24.313474667603,24.313474667603,24.3394139906367,24.4379231880585,24.5829212550199,24.8103598227198,24.8516579356668,24.9960701368761,24.8980983810354,24.9084156166453,24.9238895190908,25.0166838239645,24.9909160664447,24.9909160664447,24.9702971889533,25.0681998923707,24.9754522977662,25.0166838239645,25.0166838239645,25.0012239478063,25.0424450977087,25.0166838239645,25.0372933614365
24.1057215880592,24.1421090408181,24.0797225681742,24.16809210295,24.0641199610143,24.1576996752618,24.032907552491,24.1576996752618,24.1784834681163,24.1317139554589,24.1576996752618,24.0381102869696,24.1784834681163,24.3342266548802,24.3342266548802,24.2719579925803,24.0849229045849,24.1005223164376,23.8923327997404,24.1525030628745,23.9444202371166,23.8923327997404,23.6993761963129,23.8506435764983,24.0849229045849,24.2044572345467,24.261576176083,24.266767216777,24.2304243670388,24.1628960219406,24.0693210964281,23.9340048894389,24.0537168909092,24.0433127548394,24.2823387496704,24.1369116310709,24.1005223164376,23.9079618401281,23.9496275099604,23.9392126969559,23.9548345155266,24.1836787523513,24.0797225681742,24.1005223164376,24.2927184476639,24.3653467049792,24.3809031634257,24.3653467049792,24.2563848704595,24.2511932998677,24.4120089523324,24.4793722593216,24.4482870367845,24.4897318933139,24.3549744119754,24.3394139906367,24.5000904743927,24.4897318933139,24.4275582848784,24.4016414116675,24.4690115721079,24.4534685658236,24.5000904743927,24.4534685658236,24.3705324552306,24.4327408682945,24.2096511916044,24.261576176083,24.3290390547373,24.4897318933139,24.4741920473867,24.4379231880585,24.3290390547373,24.19406852432,24.1784834681163,24.3238511901693,24.2979078995965,24.2460014642685,24.3446010620456,24.3653467049792,24.3653467049792,24.4793722593216,24.4845522079513,24.4845522079513,24.4897318933139,24.4482870367845,24.313474667603,24.5000904743927,24.3549744119754,24.2771485035319,24.3238511901693,24.3446010620456,24.3705324552306,24.1265160139431,24.3186630611374,24.4586498313649,24.5466910676864,24.593270373703,24.3757179413665,24.4897318933139,24.3860881214467,24.417192326936,24.4431052442089,24.3082860095273,24.4275582848784,24.3860881214467,24.261576176083,24.3082860095273,24.417192326936,24.3446010620456,24.3290390547373,24.3653467049792,24.3601606905737,24.4223754377718,24.4638308334468,24.4482870367845,24.5415142757223,24.5052693701856,24.5052693701856,24.4068253139224,24.4741920473867,24.4482870367845,24.4482870367845,24.4897318933139,24.4897318933139,24.4327408682945,24.417192326936,24.4534685658236,24.4586498313649,24.396457245529,24.4016414116675,24.4068253139224,24.4793722593216,24.4741920473867,24.4897318933139,24.4379231880585,24.3394139906367,24.3238511901693,24.261576176083,24.5829212550199,24.5518675968447,24.5622198668973,24.3290390547373,24.3860881214467,24.2979078995965,24.313474667603,24.2460014642685,24.2096511916044,24.1992630121316,24.16809210295,24.2252314710217,24.19406852432,24.1628960219406,24.2563848704595,24.2875287310348,24.266767216777,24.4431052442089,24.5156263724707,24.5363372209139,24.5725710861868,24.593270373703,24.6139654618445,24.6346563530609,24.5363372209139,24.5311599032229,24.5363372209139,24.5052693701856,24.5518675968447,24.5673956078683,24.5415142757223,24.5052693701856,24.4897318933139,24.4741920473867,24.4949113154483,24.5208044790397,24.4120089523324,24.4845522079513,24.4845522079513,24.3497878691456,24.2408093636233,24.2823387496704,24.3238511901693,24.3030970868713,24.3186630611374,24.4016414116675,24.266767216777,24.3653467049792,24.3186630611374,24.3186630611374,24.2096511916044,24.1317139554589,24.2096511916044,24.3860881214467,24.4690115721079,24.417192326936,24.3549744119754,24.4638308334468,24.5000904743927,24.5673956078683,24.3342266548802,24.3497878691456,24.3290390547373,24.4482870367845,24.3757179413665,24.3238511901693,24.3186630611374,24.2771485035319,24.266767216777,24.4016414116675,24.313474667603,24.2875287310348,24.3290390547373,24.3030970868713,24.2719579925803,24.3342266548802,24.4223754377718,24.3860881214467,24.3601606905737,24.3342266548802,24.3497878691456,24.4275582848784,24.5570438632356,24.7793752829217,24.8723007375455,24.954830304227,24.9393610812787,24.9496741564303,25.0012239478063,24.9857617364743,25.0321413659635,24.9032571289301,24.918731811688,24.9496741564303,25.0475965748176,25.0836496611589,25.0166838239645,24.9702971889533,25.0578987516956,25.0218365972651,25.1145422104357
24.1213178064842,24.2096511916044,24.266767216777,24.1576996752618,24.1628960219406,24.1576996752618,24.2096511916044,24.2460014642685,24.1836787523513,24.1525030628745,24.0485149561396,24.1732879183289,24.2304243670388,24.2304243670388,24.2460014642685,24.235616997893,24.0953227786774,24.0589185591878,24.0797225681742,24.0693210964281,23.7202540996537,23.8089371994645,23.9183798623554,23.8245791023491,24.2823387496704,24.3497878691456,24.2252314710217,24.3757179413665,24.3809031634257,24.0849229045849,24.1161193330435,23.9131709850186,24.1369116310709,24.0068898795898,24.1369116310709,24.1317139554589,24.1213178064842,24.0016855446331,24.017297749009,23.8662790443357,24.2927184476639,24.2460014642685,24.0693210964281,24.1213178064842,24.2875287310348,24.3860881214467,24.3705324552306,24.3757179413665,24.2511932998677,24.2771485035319,24.5052693701856,24.4793722593216,24.4327408682945,24.4431052442089,24.3497878691456,24.3549744119754,24.5570438632356,24.6243114319154,24.3860881214467,24.2979078995965,24.5622198668973,24.4379231880585,24.4690115721079,24.4431052442089,24.4327408682945,24.3082860095273,24.3394139906367,24.3290390547373,24.2979078995965,24.3809031634257,24.3912728154683,24.5156263724707,24.3082860095273,24.4068253139224,24.3860881214467,24.3290390547373,24.2408093636233,24.2719579925803,24.3549744119754,24.3394139906367,24.2979078995965,24.3912728154683,24.396457245529,24.4845522079513,24.4379231880585,24.4068253139224,24.3912728154683,24.4638308334468,24.3394139906367,24.4897318933139,24.2252314710217,24.3238511901693,24.2511932998677,24.2460014642685,24.3290390547373,24.5363372209139,24.525982322611,24.588095945611,24.5466910676864,24.4741920473867,24.4897318933139,24.3549744119754,24.3290390547373,24.313474667603,24.4223754377718,24.3809031634257,24.3082860095273,24.3082860095273,24.3809031634257,24.3653467049792,24.3290390547373,24.3446010620456,24.3653467049792,24.4845522079513,24.4068253139224,24.4949113154483,24.4068253139224,24.4327408682945,24.4638308334468,24.4327408682945,24.4534685658236,24.4845522079513,24.4638308334468,24.4949113154483,24.4793722593216,24.4327408682945,24.4534685658236,24.4482870367845,24.4379231880585,24.4327408682945,24.4120089523324,24.4431052442089,24.4016414116675,24.3912728154683,24.3653467049792,24.4845522079513,24.4845522079513,24.313474667603,24.3446010620456,24.4379231880585,24.5725710861868,24.4897318933139,24.3809031634257,24.3809031634257,24.3549744119754,24.266767216777,24.3705324552306,24.2304243670388,24.2460014642685,24.0381102869696,24.1628960219406,24.1576996752618,24.2252314710217,24.266767216777,24.4949113154483,24.4741920473867,24.5311599032229,24.4897318933139,24.525982322611,24.5570438632356,24.5466910676864,24.6036184425424,24.588095945611,24.6863652356057,24.6501717687129,24.5518675968447,24.5363372209139,24.5466910676864,24.5673956078683,24.5104480028654,24.5570438632356,24.4482870367845,24.5777463018912,24.525982322611,24.4793722593216,24.4379231880585,24.5466910676864,24.5052693701856,24.4068253139224,24.4897318933139,24.4327408682945,24.4690115721079,24.5415142757223,24.5311599032229,24.5104480028654,24.4016414116675,24.261576176083,24.3705324552306,24.3238511901693,24.1836787523513,24.1992630121316,24.313474667603,24.396457245529,24.3860881214467,24.5311599032229,24.4845522079513,24.5777463018912,24.5156263724707,24.3549744119754,24.3549744119754,24.3809031634257,24.2563848704595,24.4275582848784,24.3290390547373,24.3757179413665,24.3601606905737,24.4120089523324,24.3290390547373,24.3809031634257,24.2408093636233,24.3757179413665,24.3860881214467,24.3653467049792,24.313474667603,24.396457245529,24.2979078995965,24.2927184476639,24.3290390547373,24.2771485035319,24.3497878691456,24.5570438632356,24.7793752829217,24.9702971889533,24.9135738442187,25.0063774992726,25.0218365972651,25.0166838239645,25.0990971001769,25.0218365972651,25.0372933614365,25.0527477928007,25.0012239478063,25.1505717504272,25.0836496611589,24.9342041538485,25.0115307913128,25.0115307913128,25.0115307913128,25.0527477928007,25.0372933614365
24.1369116310709,24.2252314710217,24.2875287310348,24.2511932998677,24.2563848704595,24.261576176083,24.2044572345467,24.266767216777,24.2823387496704,24.1888737710728,24.0849229045849,24.0485149561396,24.1992630121316,24.3549744119754,24.4275582848784,24.2979078995965,24.2304243670388,24.0901229747396,24.0641199610143,23.8506435764983,23.9600412538547,23.7932928814756,23.8662790443357,23.7985079225496,24.1888737710728,24.4741920473867,24.396457245529,24.4327408682945,24.3809031634257,24.0797225681742,24.0693210964281,23.9392126969559,24.1213178064842,24.1213178064842,23.9860709383021,24.1317139554589,23.9704539289542,23.9652477249841,23.7776461473113,23.9756598658044,24.4534685658236,24.1265160139431,23.9652477249841,24.1109205935815,24.3082860095273,24.4120089523324,24.4638308334468,24.5104480028654,24.3809031634257,24.3809031634257,24.5673956078683,24.6294840235847,24.4897318933139,24.4897318933139,24.3757179413665,24.6346563530609,24.5156263724707,24.4897318933139,24.3446010620456,24.3912728154683,24.396457245529,24.396457245529,24.3809031634257,24.3238511901693,24.3238511901693,24.2511932998677,24.4068253139224,24.3186630611374,24.2823387496704,24.4638308334468,24.4534685658236,24.4586498313649,24.4482870367845,24.4068253139224,24.3912728154683,24.2408093636233,24.220038309803,24.2771485035319,24.2979078995965,24.2875287310348,24.4016414116675,24.3912728154683,24.4482870367845,24.4482870367845,24.4327408682945,24.4223754377718,24.5104480028654,24.4431052442089,24.3860881214467,24.266767216777,24.261576176083,24.1213178064842,24.1109205935815,24.3030970868713,24.4482870367845,24.3757179413665,24.5466910676864,24.525982322611,24.5777463018912,24.3653467049792,24.3601606905737,24.1888737710728,24.1888737710728,24.3186630611374,24.3705324552306,24.3082860095273,24.220038309803,24.2408093636233,24.3290390547373,24.3549744119754,24.3653467049792,24.3705324552306,24.3705324552306,24.4690115721079,24.4482870367845,24.525982322611,24.4223754377718,24.4120089523324,24.4845522079513,24.4897318933139,24.5311599032229,24.4638308334468,24.4690115721079,24.5000904743927,24.4690115721079,24.4016414116675,24.3912728154683,24.4379231880585,24.4586498313649,24.4586498313649,24.5829212550199,24.4586498313649,24.4897318933139,24.4949113154483,24.4275582848784,24.4949113154483,24.5052693701856,24.4586498313649,24.4793722593216,24.4327408682945,24.5052693701856,24.4431052442089,24.3446010620456,24.3342266548802,24.3497878691456,24.3757179413665,24.1317139554589,24.1836787523513,24.0693210964281,24.0120939477021,24.1525030628745,24.16809210295,24.2719579925803,24.3912728154683,24.5466910676864,24.5518675968447,24.5000904743927,24.593270373703,24.5725710861868,24.4897318933139,24.3757179413665,24.6139654618445,24.5311599032229,24.5466910676864,24.5415142757223,24.5311599032229,24.525982322611,24.525982322611,24.5363372209139,24.417192326936,24.4275582848784,24.5363372209139,24.4949113154483,24.4793722593216,24.4379231880585,24.4793722593216,24.5104480028654,24.5208044790397,24.3809031634257,24.3912728154683,24.4949113154483,24.3342266548802,24.4741920473867,24.4431052442089,24.5415142757223,24.3446010620456,24.266767216777,24.2875287310348,24.2460014642685,24.1421090408181,24.16809210295,24.3653467049792,24.3342266548802,24.4223754377718,24.4534685658236,24.4431052442089,24.525982322611,24.5208044790397,24.4949113154483,24.5000904743927,24.4586498313649,24.2771485035319,24.3082860095273,24.2927184476639,24.2979078995965,24.3601606905737,24.3705324552306,24.3549744119754,24.261576176083,24.3705324552306,24.3860881214467,24.2563848704595,24.3912728154683,24.3860881214467,24.2927184476639,24.313474667603,24.3186630611374,24.313474667603,24.266767216777,24.3497878691456,24.5466910676864,24.7845400253874,24.8310109648659,24.918731811688,24.9238895190908,24.9806071469274,25.0269891112523,24.9599861922213,25.0475965748176,25.1145422104357,24.9135738442187,25.0475965748176,25.0063774992726,25.0063774992726,25.0321413659635,24.9342041538485,24.8671404277798,25.0630494515398,25.0218365972651,25.0424450977087
24.2304243670388,24.2771485035319,24.261576176083,24.2096511916044,24.16809210295,24.1576996752618,24.2148448833435,24.313474667603,24.2719579925803,24.2044572345467,24.1888737710728,24.1888737710728,24.3290390547373,24.3238511901693,24.3238511901693,24.4741920473867,24.3290390547373,24.2096511916044,24.313474667603,24.313474667603,23.855855667086,23.8297925334724,23.8662790443357,24.2044572345467,24.5052693701856,24.4690115721079,24.5000904743927,24.2927184476639,24.2823387496704,24.3860881214467,24.4016414116675,24.261576176083,24.4534685658236,24.1525030628745,24.0485149561396,24.0641199610143,23.8975427475285,23.8454312178827,23.8819121009899,24.1213178064842,24.2771485035319,24.2408093636233,24.1836787523513,24.220038309803,24.261576176083,24.4793722593216,24.4534685658236,24.4431052442089,24.3809031634257,24.4379231880585,24.4120089523324,24.4120089523324,24.4068253139224,24.3705324552306,24.261576176083,24.3705324552306,24.3705324552306,24.5156263724707,24.5415142757223,24.4327408682945,24.4586498313649,24.2979078995965,24.4482870367845,24.3549744119754,24.313474667603,24.396457245529,24.3446010620456,24.3860881214467,24.3394139906367,24.3290390547373,24.4690115721079,24.3757179413665,24.4016414116675,24.266767216777,24.3912728154683,24.2148448833435,24.220038309803,24.2563848704595,24.2823387496704,24.3757179413665,24.4638308334468,24.4482870367845,24.3186630611374,24.4275582848784,24.3082860095273,24.3860881214467,24.4482870367845,24.3394139906367,24.4120089523324,24.3290390547373,24.313474667603,24.2823387496704,24.1109205935815,24.3082860095273,24.4482870367845,24.3757179413665,24.4586498313649,24.5622198668973,24.5570438632356,24.4431052442089,24.3497878691456,24.3394139906367,24.3030970868713,24.3912728154683,24.3030970868713,24.2875287310348,24.3497878691456,24.3238511901693,24.417192326936,24.4379231880585,24.396457245529,24.3030970868713,24.4275582848784,24.4741920473867,24.4845522079513,24.4431052442089,24.4068253139224,24.5311599032229,24.4275582848784,24.417192326936,24.3912728154683,24.4741920473867,24.4534685658236,24.4690115721079,24.4534685658236,24.5052693701856,24.5104480028654,24.4482870367845,24.4793722593216,24.5052693701856,24.4949113154483,24.4068253139224,24.4120089523324,24.396457245529,24.4275582848784,24.5000904743927,24.5000904743927,24.4068253139224,24.4431052442089,24.1525030628745,24.3757179413665,24.3653467049792,24.4897318933139,24.313474667603,24.3238511901693,24.3446010620456,24.313474667603,24.2771485035319,24.1992630121316,24.0901229747396,24.0433127548394,24.1525030628745,24.2875287310348,24.4586498313649,24.5104480028654,24.4845522079513,24.5104480028654,24.5104480028654,24.6398284203822,24.5052693701856,24.6294840235847,24.5052693701856,24.593270373703,24.6191385780148,24.5466910676864,24.5363372209139,24.5466910676864,24.6087920833666,24.5363372209139,24.5208044790397,24.5208044790397,24.5156263724707,24.5208044790397,24.4379231880585,24.5156263724707,24.5363372209139,24.5466910676864,24.5570438632356,24.4638308334468,24.4949113154483,24.4690115721079,24.3549744119754,24.3757179413665,24.4793722593216,24.3549744119754,24.3809031634257,24.3030970868713,24.2927184476639,24.2979078995965,24.2044572345467,24.1576996752618,24.3238511901693,24.3238511901693,24.4068253139224,24.4223754377718,24.4379231880585,24.4016414116675,24.5104480028654,24.4327408682945,24.4275582848784,24.4327408682945,24.3238511901693,24.2927184476639,24.2927184476639,24.3030970868713,24.2979078995965,24.3342266548802,24.3653467049792,24.3601606905737,24.2771485035319,24.3705324552306,24.3238511901693,24.4431052442089,24.2875287310348,24.2979078995965,24.2875287310348,24.3601606905737,24.3290390547373,24.313474667603,24.3705324552306,24.4586498313649,24.7018727940562,24.8103598227198,24.86197985757,24.8258485704877,25.0218365972651,25.0939482126385,25.0475965748176,25.0424450977087,25.0321413659635,25.0372933614365,25.0578987516956,25.0630494515398,25.0424450977087,25.0578987516956,25.0475965748176,25.0836496611589,25.0269891112523,25.0630494515398,25.0218365972651
24.1888737710728,24.3082860095273,24.2771485035319,24.1628960219406,24.2875287310348,24.1161193330435,24.1888737710728,24.1992630121316,24.266767216777,24.2875287310348,24.1888737710728,24.2252314710217,24.313474667603,24.313474667603,24.3030970868713,24.3653467049792,24.4690115721079,24.525982322611,24.4482870367845,24.1992630121316,23.6837149425584,24.0381102869696,24.0277045513642,24.3030970868713,24.5466910676864,24.4897318933139,24.313474667603,24.1784834681163,24.1213178064842,24.396457245529,24.3653467049792,24.4638308334468,24.4638308334468,24.0797225681742,23.9964809427924,24.1057215880592,23.756780074744,23.8819121009899,24.0797225681742,24.220038309803,24.266767216777,24.2823387496704,24.2148448833435,24.313474667603,24.220038309803,24.3757179413665,24.3860881214467,24.2252314710217,24.3653467049792,24.3601606905737,24.3653467049792,24.4845522079513,24.4741920473867,24.2875287310348,24.3186630611374,24.4793722593216,24.5415142757223,24.5104480028654,24.3653467049792,24.3912728154683,24.3809031634257,24.3809031634257,24.4275582848784,24.4534685658236,24.4741920473867,24.313474667603,24.3186630611374,24.4379231880585,24.3238511901693,24.4223754377718,24.4379231880585,24.3030970868713,24.3705324552306,24.4120089523324,24.4016414116675,24.220038309803,24.2408093636233,24.3809031634257,24.4327408682945,24.3705324552306,24.313474667603,24.4741920473867,24.3497878691456,24.4068253139224,24.5104480028654,24.3757179413665,24.3860881214467,24.525982322611,24.4120089523324,24.5104480028654,24.4327408682945,24.3653467049792,24.3342266548802,24.3601606905737,24.5104480028654,24.3549744119754,24.4068253139224,24.4068253139224,24.4741920473867,24.598444539334,24.4120089523324,24.4327408682945,24.4223754377718,24.4327408682945,24.2927184476639,24.3238511901693,24.3082860095273,24.3342266548802,24.3705324552306,24.4949113154483,24.4534685658236,24.4016414116675,24.4586498313649,24.5673956078683,24.6139654618445,24.5363372209139,24.4223754377718,24.4482870367845,24.4016414116675,24.4793722593216,24.4690115721079,24.5156263724707,24.525982322611,24.5415142757223,24.5052693701856,24.5570438632356,24.5052693701856,24.5311599032229,24.4534685658236,24.5156263724707,24.4482870367845,24.4482870367845,24.4949113154483,24.4327408682945,24.5000904743927,24.5000904743927,24.5104480028654,24.4379231880585,24.3757179413665,24.3549744119754,24.3912728154683,24.2823387496704,24.3757179413665,24.4845522079513,24.3912728154683,24.3757179413665,24.3601606905737,24.2927184476639,24.261576176083,24.0381102869696,24.0537168909092,24.16809210295,24.2875287310348,24.4223754377718,24.5156263724707,24.5104480028654,24.5311599032229,24.4845522079513,24.6398284203822,24.5104480028654,24.5570438632356,24.6139654618445,24.6398284203822,24.6191385780148,24.7122098579989,24.5570438632356,24.6087920833666,24.5415142757223,24.598444539334,24.4120089523324,24.593270373703,24.5311599032229,24.5622198668973,24.588095945611,24.598444539334,24.5415142757223,24.5777463018912,24.5570438632356,24.4741920473867,24.5156263724707,24.525982322611,24.5052693701856,24.5156263724707,24.5156263724707,24.4845522079513,24.3912728154683,24.3653467049792,24.261576176083,24.2408093636233,24.3186630611374,24.220038309803,24.5208044790397,24.3238511901693,24.3912728154683,24.4068253139224,24.5156263724707,24.4120089523324,24.5156263724707,24.4120089523324,24.4586498313649,24.4482870367845,24.2719579925803,24.3601606905737,24.2719579925803,24.2771485035319,24.3757179413665,24.3497878691456,24.3653467049792,24.3394139906367,24.3705324552306,24.2875287310348,24.4068253139224,24.3757179413665,24.3290390547373,24.4016414116675,24.417192326936,24.3497878691456,24.3238511901693,24.4638308334468,24.5518675968447,24.5466910676864,24.6139654618445,24.7018727940562,24.7897045068028,24.6863652356057,24.9496741564303,24.954830304227,25.0424450977087,25.0372933614365,24.9806071469274,25.0372933614365,24.954830304227,25.0063774992726,25.0372933614365,25.1917328656758,25.1711543738743,25.1042457289643,25.0578987516956,25.0166838239645,25.0578987516956
24.2875287310348,24.235616997893,24.2460014642685,24.3082860095273,24.3082860095273,24.16809210295,24.3342266548802,24.1888737710728,24.19406852432,24.396457245529,24.313474667603,24.396457245529,24.3446010620456,24.1525030628745,24.3030970868713,24.4949113154483,24.4690115721079,24.4741920473867,24.4638308334468,24.0537168909092,24.0485149561396,24.16809210295,24.0901229747396,24.3757179413665,24.4327408682945,24.4223754377718,24.4068253139224,24.2511932998677,24.1109205935815,24.1369116310709,24.2719579925803,24.2563848704595,24.3342266548802,24.1525030628745,24.16809210295,24.16809210295,23.8871225842407,23.8454312178827,24.1109205935815,24.1888737710728,24.0641199610143,24.1576996752618,24.2823387496704,24.1369116310709,24.0537168909092,24.1161193330435,24.2044572345467,24.0589185591878,24.0901229747396,24.2875287310348,24.313474667603,24.3082860095273,24.2719579925803,24.2563848704595,24.2719579925803,24.3912728154683,24.3601606905737,24.5415142757223,24.3497878691456,24.396457245529,24.4431052442089,24.4793722593216,24.3653467049792,24.3497878691456,24.4741920473867,24.3446010620456,24.3082860095273,24.4223754377718,24.4223754377718,24.3809031634257,24.1836787523513,24.2719579925803,24.266767216777,24.396457245529,24.3912728154683,24.3497878691456,24.2408093636233,24.3757179413665,24.3394139906367,24.266767216777,24.4741920473867,24.4327408682945,24.4638308334468,24.4482870367845,24.4949113154483,24.4482870367845,24.3757179413665,24.417192326936,24.4275582848784,24.5570438632356,24.417192326936,24.3705324552306,24.4016414116675,24.4793722593216,24.4482870367845,24.5052693701856,24.3394139906367,24.4120089523324,24.2979078995965,24.4223754377718,24.4016414116675,24.4223754377718,24.4016414116675,24.4690115721079,24.3186630611374,24.2875287310348,24.2563848704595,24.3601606905737,24.3809031634257,24.4534685658236,24.4741920473867,24.4327408682945,24.5104480028654,24.5725710861868,24.5673956078683,24.4379231880585,24.4949113154483,24.5311599032229,24.5052693701856,24.3912728154683,24.4845522079513,24.5363372209139,24.6450002255868,24.5363372209139,24.525982322611,24.5104480028654,24.598444539334,24.5104480028654,24.5156263724707,24.4379231880585,24.396457245529,24.4327408682945,24.4120089523324,24.4431052442089,24.5052693701856,24.5415142757223,24.5415142757223,24.5466910676864,24.525982322611,24.3809031634257,24.3912728154683,24.4016414116675,24.4275582848784,24.4741920473867,24.3705324552306,24.4638308334468,24.4638308334468,24.2771485035319,24.1109205935815,24.0953227786774,24.0901229747396,24.1732879183289,24.3186630611374,24.4741920473867,24.396457245529,24.5000904743927,24.4534685658236,24.4586498313649,24.4897318933139,24.4949113154483,24.5570438632356,24.6191385780148,24.6294840235847,24.6863652356057,24.7122098579989,24.6139654618445,24.6294840235847,24.5363372209139,24.5208044790397,24.6087920833666,24.6036184425424,24.5311599032229,24.4327408682945,24.5725710861868,24.5725710861868,24.5104480028654,24.5518675968447,24.6087920833666,24.598444539334,24.5000904743927,24.4845522079513,24.5673956078683,24.6087920833666,24.4016414116675,24.4897318933139,24.4120089523324,24.313474667603,24.266767216777,24.3238511901693,24.1992630121316,24.3809031634257,24.3238511901693,24.4120089523324,24.3860881214467,24.5104480028654,24.4016414116675,24.4223754377718,24.4120089523324,24.3601606905737,24.5829212550199,24.5208044790397,24.4016414116675,24.3394139906367,24.266767216777,24.3082860095273,24.2979078995965,24.3238511901693,24.4120089523324,24.396457245529,24.3497878691456,24.3030970868713,24.3030970868713,24.2875287310348,24.2823387496704,24.3446010620456,24.3809031634257,24.4068253139224,24.4534685658236,24.4431052442089,24.5104480028654,24.5415142757223,24.525982322611,24.6243114319154,24.7018727940562,24.6915346834782,24.954830304227,24.9651418204509,25.2020205629554,25.0372933614365,25.0012239478063,24.9496741564303,25.0372933614365,24.9857617364743,25.0063774992726,25.0475965748176,25.0372933614365,25.1505717504272,25.0733500742259,24.9290469664651,25.0527477928007
24.3030970868713,24.2563848704595,24.2875287310348,24.3394139906367,24.3446010620456,24.3446010620456,24.3082860095273,24.3290390547373,24.3238511901693,24.3394139906367,24.3549744119754,24.3653467049792,24.3549744119754,24.3030970868713,24.3549744119754,24.4793722593216,24.3342266548802,24.4379231880585,24.3809031634257,24.3238511901693,24.4431052442089,24.3912728154683,24.2979078995965,24.261576176083,24.2875287310348,24.2875287310348,24.2563848704595,24.220038309803,24.0120939477021,24.1421090408181,24.2252314710217,24.2927184476639,24.2979078995965,24.2148448833435,24.2927184476639,24.2096511916044,24.0120939477021,24.1005223164376,24.1576996752618,24.1576996752618,24.266767216777,24.0641199610143,24.0433127548394,23.9444202371166,24.0485149561396,24.0381102869696,24.0953227786774,24.0901229747396,24.2148448833435,24.261576176083,24.220038309803,24.1161193330435,24.2563848704595,24.2460014642685,24.2979078995965,24.2875287310348,24.2823387496704,24.3860881214467,24.5415142757223,24.4016414116675,24.4120089523324,24.4586498313649,24.4690115721079,24.3446010620456,24.4741920473867,24.4690115721079,24.3809031634257,24.4534685658236,24.4586498313649,24.3497878691456,24.2823387496704,24.0693210964281,24.2511932998677,24.396457245529,24.4741920473867,24.3860881214467,24.1784834681163,24.3809031634257,24.3342266548802,24.3446010620456,24.4534685658236,24.4690115721079,24.4793722593216,24.4793722593216,24.4741920473867,24.4379231880585,24.4431052442089,24.4223754377718,24.3653467049792,24.3912728154683,24.4016414116675,24.3809031634257,24.235616997893,24.4586498313649,24.5725710861868,24.5156263724707,24.417192326936,24.4223754377718,24.4741920473867,24.2771485035319,24.3030970868713,24.4016414116675,24.2979078995965,24.2927184476639,24.3342266548802,24.3860881214467,24.4275582848784,24.4431052442089,24.5363372209139,24.4379231880585,24.5415142757223,24.5466910676864,24.5311599032229,24.6294840235847,24.5622198668973,24.5466910676864,24.4431052442089,24.525982322611,24.5156263724707,24.3912728154683,24.4327408682945,24.5104480028654,24.5725710861868,24.5415142757223,24.5415142757223,24.5622198668973,24.5052693701856,24.5000904743927,24.4534685658236,24.4431052442089,24.4638308334468,24.4845522079513,24.4897318933139,24.5104480028654,24.5156263724707,24.5466910676864,24.525982322611,24.5622198668973,24.5466910676864,24.4949113154483,24.4638308334468,24.3549744119754,24.4586498313649,24.4482870367845,24.4638308334468,24.4741920473867,24.3912728154683,24.3653467049792,24.3497878691456,24.1369116310709,24.16809210295,24.1732879183289,24.4431052442089,24.396457245529,24.4482870367845,24.4431052442089,24.5052693701856,24.4690115721079,24.4897318933139,24.5052693701856,24.4120089523324,24.4793722593216,24.598444539334,24.5311599032229,24.6139654618445,24.5829212550199,24.6708553211965,24.6605140688826,24.598444539334,24.588095945611,24.5466910676864,24.5518675968447,24.4482870367845,24.593270373703,24.525982322611,24.5725710861868,24.7535476535085,24.5777463018912,24.6553430497988,24.5518675968447,24.6036184425424,24.5518675968447,24.588095945611,24.598444539334,24.4949113154483,24.4741920473867,24.4586498313649,24.3186630611374,24.261576176083,24.2252314710217,24.3238511901693,24.396457245529,24.396457245529,24.3653467049792,24.4275582848784,24.3290390547373,24.4534685658236,24.5415142757223,24.5363372209139,24.5104480028654,24.5725710861868,24.3809031634257,24.3290390547373,24.2979078995965,24.1525030628745,24.3653467049792,24.4223754377718,24.4068253139224,24.4120089523324,24.417192326936,24.4120089523324,24.313474667603,24.4690115721079,24.4534685658236,24.4741920473867,24.4379231880585,24.4690115721079,24.6450002255868,24.4897318933139,24.6450002255868,24.6398284203822,24.6708553211965,24.6139654618445,24.6915346834782,24.5725710861868,24.9496741564303,25.0166838239645,25.0578987516956,25.0527477928007,24.9806071469274,24.9754522977662,24.9702971889533,25.0166838239645,25.0630494515398,25.0372933614365,25.1505717504272,25.1814441360816,25.0578987516956,25.0578987516956,25.0012239478063
24.266767216777,24.2148448833435,24.2304243670388,24.1784834681163,24.2408093636233,24.3446010620456,24.2875287310348,24.313474667603,24.1836787523513,24.266767216777,24.3446010620456,24.2408093636233,24.2927184476639,24.2408093636233,24.3394139906367,24.4949113154483,24.2252314710217,24.220038309803,24.19406852432,24.4068253139224,24.2875287310348,24.417192326936,24.3186630611374,24.3601606905737,24.3497878691456,24.266767216777,24.2927184476639,24.1317139554589,24.032907552491,24.1369116310709,24.2979078995965,24.3601606905737,24.3549744119754,24.3342266548802,24.3290390547373,24.3497878691456,24.2875287310348,24.0901229747396,23.9287968145261,24.0641199610143,24.220038309803,23.9392126969559,24.017297749009,24.0381102869696,24.0537168909092,24.1836787523513,24.2304243670388,24.1369116310709,24.235616997893,24.3549744119754,24.2044572345467,24.2252314710217,24.4223754377718,24.4223754377718,24.2044572345467,24.2823387496704,24.2044572345467,24.4431052442089,24.4120089523324,24.266767216777,24.4275582848784,24.5156263724707,24.3912728154683,24.4431052442089,24.417192326936,24.3653467049792,24.4586498313649,24.4431052442089,24.4638308334468,24.2875287310348,24.16809210295,24.2719579925803,24.0901229747396,24.2511932998677,24.3912728154683,24.4016414116675,24.2771485035319,24.3860881214467,24.4016414116675,24.2460014642685,24.4379231880585,24.5000904743927,24.4845522079513,24.4741920473867,24.4897318933139,24.4534685658236,24.3809031634257,24.4431052442089,24.4379231880585,24.3757179413665,24.3705324552306,24.4068253139224,24.3549744119754,24.4327408682945,24.3653467049792,24.4275582848784,24.2771485035319,24.3757179413665,24.4275582848784,24.3342266548802,24.2563848704595,24.2563848704595,24.4638308334468,24.4327408682945,24.3394139906367,24.3394139906367,24.3912728154683,24.4327408682945,24.4275582848784,24.5104480028654,24.5052693701856,24.6398284203822,24.6087920833666,24.4586498313649,24.5311599032229,24.4793722593216,24.525982322611,24.525982322611,24.4327408682945,24.3238511901693,24.4120089523324,24.5363372209139,24.4897318933139,24.5208044790397,24.5518675968447,24.5104480028654,24.6139654618445,24.5052693701856,24.4482870367845,24.4431052442089,24.4534685658236,24.5104480028654,24.4793722593216,24.4949113154483,24.525982322611,24.4275582848784,24.4275582848784,24.4482870367845,24.5363372209139,24.4949113154483,24.4897318933139,24.4431052442089,24.4275582848784,24.3601606905737,24.3549744119754,24.4741920473867,24.4897318933139,24.3497878691456,24.3238511901693,24.235616997893,24.1005223164376,24.1888737710728,24.3653467049792,24.19406852432,24.4275582848784,24.6243114319154,24.6036184425424,24.5052693701856,24.4741920473867,24.5156263724707,24.4845522079513,24.598444539334,24.6087920833666,24.5104480028654,24.5570438632356,24.7018727940562,24.6036184425424,24.6036184425424,24.5673956078683,24.593270373703,24.5104480028654,24.593270373703,24.593270373703,24.5622198668973,24.5673956078683,24.5777463018912,24.598444539334,24.5466910676864,24.6967038696157,24.7070414568379,24.7070414568379,24.5673956078683,24.5725710861868,24.5777463018912,24.4741920473867,24.396457245529,24.3290390547373,24.3394139906367,24.2979078995965,24.2096511916044,24.3342266548802,24.3705324552306,24.396457245529,24.3809031634257,24.3705324552306,24.3601606905737,24.5725710861868,24.4223754377718,24.417192326936,24.5052693701856,24.4845522079513,24.5052693701856,24.3394139906367,24.1836787523513,24.2823387496704,24.3186630611374,24.4068253139224,24.396457245529,24.3912728154683,24.417192326936,24.3497878691456,24.313474667603,24.4275582848784,24.4327408682945,24.4431052442089,24.4586498313649,24.4327408682945,24.5208044790397,24.4793722593216,24.4949113154483,24.4949113154483,24.6139654618445,24.6139654618445,24.5052693701856,24.6450002255868,24.8413349715329,24.954830304227,24.8980983810354,25.1299849929454,25.0630494515398,25.0527477928007,24.954830304227,25.0218365972651,24.9857617364743,25.0424450977087,25.0527477928007,25.0372933614365,25.1505717504272,25.0578987516956,24.9084156166453
24.2979078995965,24.1525030628745,24.2408093636233,24.3394139906367,24.3497878691456,24.3653467049792,24.396457245529,24.2823387496704,24.2719579925803,24.266767216777,24.2096511916044,24.220038309803,24.2096511916044,24.1992630121316,24.3238511901693,24.220038309803,24.1421090408181,24.0953227786774,24.1732879183289,24.3394139906367,24.3186630611374,24.1784834681163,24.1836787523513,24.2252314710217,24.0797225681742,24.266767216777,24.3030970868713,24.1992630121316,24.1265160139431,24.0120939477021,24.2979078995965,24.4120089523324,24.3497878691456,24.0953227786774,24.3082860095273,24.2979078995965,24.2044572345467,24.0797225681742,23.9912760740285,23.8923327997404,24.0068898795898,24.032907552491,24.1213178064842,24.220038309803,24.3912728154683,24.2460014642685,24.266767216777,24.220038309803,24.2304243670388,24.19406852432,24.261576176083,24.1473061847397,24.2875287310348,24.2927184476639,24.3082860095273,24.2823387496704,24.3238511901693,24.4431052442089,24.235616997893,24.2460014642685,24.3809031634257,24.4327408682945,24.3342266548802,24.3601606905737,24.4275582848784,24.3290390547373,24.4638308334468,24.4482870367845,24.4586498313649,24.2875287310348,24.19406852432,24.1421090408181,24.1525030628745,24.3809031634257,24.4690115721079,24.3809031634257,24.4534685658236,24.4275582848784,24.4275582848784,24.396457245529,24.4949113154483,24.6191385780148,24.4690115721079,24.598444539334,24.4690115721079,24.4690115721079,24.4741920473867,24.4586498313649,24.396457245529,24.4482870367845,24.3912728154683,24.3860881214467,24.4431052442089,24.4690115721079,24.4327408682945,24.3809031634257,24.3446010620456,24.3082860095273,24.2979078995965,24.3290390547373,24.3030970868713,24.3912728154683,24.2927184476639,24.4327408682945,24.4638308334468,24.3290390547373,24.4327408682945,24.4586498313649,24.5363372209139,24.5104480028654,24.6294840235847,24.593270373703,24.5311599032229,24.6191385780148,24.5518675968447,24.5156263724707,24.4482870367845,24.5000904743927,24.396457245529,24.4379231880585,24.4741920473867,24.5104480028654,24.4949113154483,24.6036184425424,24.6087920833666,24.588095945611,24.5052693701856,24.5570438632356,24.5518675968447,24.6139654618445,24.588095945611,24.4897318933139,24.525982322611,24.3860881214467,24.3290390547373,24.4327408682945,24.4016414116675,24.4534685658236,24.3549744119754,24.2771485035319,24.4586498313649,24.4327408682945,24.3601606905737,24.3342266548802,24.3549744119754,24.3601606905737,24.3549744119754,24.4586498313649,24.3394139906367,24.2563848704595,24.1784834681163,24.1628960219406,24.261576176083,24.1836787523513,24.4586498313649,24.4949113154483,24.4949113154483,24.5052693701856,24.5208044790397,24.5363372209139,24.5208044790397,24.5466910676864,24.4845522079513,24.5415142757223,24.525982322611,24.6087920833666,24.588095945611,24.6915346834782,24.5777463018912,24.593270373703,24.5570438632356,24.5208044790397,24.5156263724707,24.5466910676864,24.4534685658236,24.5156263724707,24.6087920833666,24.588095945611,24.6191385780148,24.5622198668973,24.6036184425424,24.6243114319154,24.598444539334,24.4638308334468,24.417192326936,24.3912728154683,24.4534685658236,24.3082860095273,24.2823387496704,24.2148448833435,24.2875287310348,24.3186630611374,24.3860881214467,24.2823387496704,24.3653467049792,24.3186630611374,24.313474667603,24.3912728154683,24.417192326936,24.3446010620456,24.3342266548802,24.396457245529,24.3290390547373,24.3549744119754,24.3238511901693,24.3394139906367,24.2979078995965,24.313474667603,24.2823387496704,24.261576176083,24.4120089523324,24.3342266548802,24.3757179413665,24.4793722593216,24.5156263724707,24.417192326936,24.6243114319154,24.4482870367845,24.4845522079513,24.6294840235847,24.5000904743927,24.5052693701856,24.5052693701856,24.5000904743927,24.6967038696157,24.86197985757,24.9445177487934,24.9702971889533,25.0372933614365,25.0578987516956,25.0012239478063,24.8826205758957,25.0527477928007,25.0372933614365,25.0939482126385,25.0424450977087,25.1042457289643,25.1093940990381,25.0527477928007,24.9651418204509
24.0641199610143,24.1784834681163,24.2408093636233,24.2771485035319,24.3446010620456,24.3860881214467,24.396457245529,24.2771485035319,24.2460014642685,24.2148448833435,24.2304243670388,24.2460014642685,24.1992630121316,24.0953227786774,24.1888737710728,24.1836787523513,24.2096511916044,24.0745219654683,23.9704539289542,24.2304243670388,24.2304243670388,23.9652477249841,24.1888737710728,24.266767216777,24.0745219654683,24.2044572345467,24.3601606905737,24.2563848704595,24.1525030628745,24.16809210295,24.313474667603,24.3238511901693,24.2979078995965,24.1992630121316,24.2252314710217,24.2304243670388,24.0641199610143,24.0537168909092,23.9756598658044,24.0381102869696,23.9756598658044,24.0120939477021,24.2460014642685,24.261576176083,24.235616997893,24.2823387496704,24.2771485035319,24.2408093636233,24.2096511916044,24.2875287310348,24.1369116310709,24.1109205935815,24.1525030628745,24.1992630121316,24.2979078995965,24.313474667603,24.4120089523324,24.3030970868713,24.4275582848784,24.3446010620456,24.5052693701856,24.4120089523324,24.5000904743927,24.3446010620456,24.2979078995965,24.3290390547373,24.3705324552306,24.4120089523324,24.3912728154683,24.4586498313649,24.2979078995965,24.2927184476639,24.313474667603,24.3757179413665,24.4793722593216,24.3860881214467,24.3446010620456,24.5000904743927,24.3757179413665,24.4482870367845,24.5052693701856,24.593270373703,24.4586498313649,24.3912728154683,24.3549744119754,24.5829212550199,24.4586498313649,24.3912728154683,24.3809031634257,24.396457245529,24.3860881214467,24.3290390547373,24.4482870367845,24.4120089523324,24.2771485035319,24.3186630611374,24.3342266548802,24.2408093636233,24.266767216777,24.2563848704595,24.396457245529,24.2979078995965,24.2875287310348,24.4482870367845,24.2927184476639,24.4690115721079,24.5052693701856,24.4586498313649,24.525982322611,24.4897318933139,24.5777463018912,24.5829212550199,24.598444539334,24.3030970868713,24.3082860095273,24.5104480028654,24.4793722593216,24.4897318933139,24.4949113154483,24.4897318933139,24.5000904743927,24.4482870367845,24.593270373703,24.6036184425424,24.5518675968447,24.5570438632356,24.588095945611,24.5311599032229,24.588095945611,24.4897318933139,24.5673956078683,24.4949113154483,24.5104480028654,24.5052693701856,24.3342266548802,24.19406852432,24.3705324552306,24.235616997893,24.3394139906367,24.4638308334468,24.4638308334468,24.4016414116675,24.2927184476639,24.3497878691456,24.3394139906367,24.4586498313649,24.4690115721079,24.3757179413665,24.3238511901693,24.1628960219406,24.2979078995965,24.1784834681163,24.1784834681163,24.2875287310348,24.261576176083,24.2927184476639,24.4845522079513,24.5415142757223,24.4949113154483,24.4534685658236,24.5000904743927,24.4690115721079,24.4845522079513,24.3757179413665,24.5570438632356,24.5777463018912,24.5725710861868,24.5777463018912,24.5466910676864,24.588095945611,24.5777463018912,24.5104480028654,24.5673956078683,24.5052693701856,24.5052693701856,24.5363372209139,24.5673956078683,24.4949113154483,24.4534685658236,24.5052693701856,24.6656848260024,24.4897318933139,24.593270373703,24.4638308334468,24.5777463018912,24.4586498313649,24.3809031634257,24.313474667603,24.417192326936,24.2460014642685,24.313474667603,24.4223754377718,24.4016414116675,24.3809031634257,24.3860881214467,24.2875287310348,24.3653467049792,24.3705324552306,24.5311599032229,24.5104480028654,24.3394139906367,24.2148448833435,24.4068253139224,24.417192326936,24.2823387496704,24.2823387496704,24.2927184476639,24.2979078995965,24.3653467049792,24.3497878691456,24.2460014642685,24.235616997893,24.3860881214467,24.3653467049792,24.4431052442089,24.5052693701856,24.4586498313649,24.4690115721079,24.4897318933139,24.4897318933139,24.4949113154483,24.5000904743927,24.396457245529,24.4741920473867,24.6139654618445,24.7018727940562,24.8464965838976,24.9496741564303,24.9651418204509,25.0115307913128,24.9238895190908,25.0321413659635,25.0784999971428,25.0578987516956,25.0578987516956,25.1093940990381,25.0115307913128,25.0681998923707,24.9909160664447,24.9806071469274
24.1317139554589,24.1628960219406,24.1784834681163,24.1317139554589,24.1421090408181,24.3082860095273,24.4016414116675,24.2460014642685,24.3186630611374,24.2823387496704,24.2304243670388,24.2096511916044,24.2823387496704,24.1109205935815,24.017297749009,24.0693210964281,24.0745219654683,24.1836787523513,24.0693210964281,24.0745219654683,23.8610674896852,23.8819121009899,24.0537168909092,24.2511932998677,24.2408093636233,24.266767216777,24.3186630611374,24.3549744119754,24.2252314710217,24.0849229045849,24.3030970868713,24.3549744119754,24.3497878691456,24.3342266548802,24.2511932998677,24.1161193330435,24.032907552491,24.02250128355,24.0433127548394,23.9756598658044,24.0277045513642,24.1369116310709,24.3653467049792,24.3186630611374,24.3549744119754,24.2563848704595,24.2719579925803,24.2979078995965,24.2823387496704,24.266767216777,24.2044572345467,24.2096511916044,24.1473061847397,24.2044572345467,24.1836787523513,24.1784834681163,24.4275582848784,24.2979078995965,24.4534685658236,24.2771485035319,24.3601606905737,24.4690115721079,24.4120089523324,24.3497878691456,24.3238511901693,24.220038309803,24.1525030628745,24.3238511901693,24.4845522079513,24.4120089523324,24.19406852432,24.3549744119754,24.3394139906367,24.4638308334468,24.4845522079513,24.5363372209139,24.396457245529,24.3912728154683,24.2927184476639,24.4741920473867,24.4223754377718,24.4690115721079,24.4793722593216,24.3912728154683,24.4586498313649,24.5725710861868,24.396457245529,24.3809031634257,24.3757179413665,24.4431052442089,24.5518675968447,24.4690115721079,24.3705324552306,24.3653467049792,24.3342266548802,24.4016414116675,24.4793722593216,24.4120089523324,24.3238511901693,24.313474667603,24.4741920473867,24.4793722593216,24.3549744119754,24.4586498313649,24.4897318933139,24.5311599032229,24.588095945611,24.5673956078683,24.4379231880585,24.4949113154483,24.6243114319154,24.5104480028654,24.4690115721079,24.5518675968447,24.2979078995965,24.2771485035319,24.266767216777,24.5000904743927,24.4275582848784,24.4586498313649,24.5518675968447,24.4949113154483,24.4275582848784,24.5829212550199,24.5570438632356,24.5000904743927,24.4897318933139,24.4897318933139,24.4897318933139,24.4949113154483,24.5052693701856,24.5104480028654,24.5208044790397,24.4793722593216,24.3030970868713,24.2460014642685,24.3757179413665,24.4275582848784,24.417192326936,24.396457245529,24.3912728154683,24.3290390547373,24.2979078995965,24.266767216777,24.2927184476639,24.3446010620456,24.3860881214467,24.4741920473867,24.4068253139224,24.235616997893,24.1732879183289,24.2823387496704,24.16809210295,24.3394139906367,24.2511932998677,24.1525030628745,24.4690115721079,24.4379231880585,24.4845522079513,24.4534685658236,24.4638308334468,24.4638308334468,24.3860881214467,24.4275582848784,24.4793722593216,24.5208044790397,24.5518675968447,24.5311599032229,24.4793722593216,24.5156263724707,24.598444539334,24.525982322611,24.5829212550199,24.5415142757223,24.4327408682945,24.5311599032229,24.525982322611,24.4690115721079,24.4586498313649,24.5104480028654,24.4690115721079,24.4897318933139,24.4690115721079,24.6243114319154,24.3912728154683,24.4068253139224,24.4431052442089,24.3757179413665,24.4275582848784,24.3549744119754,24.2563848704595,24.4275582848784,24.4223754377718,24.4431052442089,24.396457245529,24.2823387496704,24.3342266548802,24.3342266548802,24.3705324552306,24.3290390547373,24.3757179413665,24.3653467049792,24.2771485035319,24.3394139906367,24.3705324552306,24.3912728154683,24.3912728154683,24.313474667603,24.313474667603,24.3549744119754,24.3342266548802,24.2460014642685,24.2823387496704,24.4586498313649,24.4949113154483,24.5000904743927,24.5000904743927,24.4534685658236,24.4793722593216,24.396457245529,24.5052693701856,24.3186630611374,24.4016414116675,24.5052693701856,24.4223754377718,24.8000326866343,24.836173098535,24.9496741564303,24.9290469664651,24.954830304227,24.9806071469274,24.9445177487934,25.0836496611589,25.0115307913128,25.0424450977087,25.0887990663117,25.0115307913128,24.9806071469274,25.0063774992726,24.9857617364743
24.1369116310709,24.2563848704595,24.1473061847397,24.1213178064842,24.16809210295,24.1265160139431,24.1576996752618,24.1317139554589,24.1421090408181,24.0589185591878,24.1732879183289,24.2511932998677,24.19406852432,24.0381102869696,23.9652477249841,24.0849229045849,24.0797225681742,24.1109205935815,24.0797225681742,23.9392126969559,23.9340048894389,23.8767013499485,23.9912760740285,24.235616997893,24.313474667603,24.1525030628745,24.1784834681163,24.1421090408181,24.1057215880592,24.0589185591878,24.2979078995965,24.3238511901693,24.2460014642685,24.1888737710728,24.0537168909092,23.9964809427924,23.8662790443357,23.9912760740285,23.9912760740285,24.032907552491,24.1576996752618,24.2148448833435,24.2563848704595,24.3653467049792,24.3446010620456,24.2875287310348,24.1732879183289,24.2979078995965,24.266767216777,24.3238511901693,24.3186630611374,24.313474667603,24.1473061847397,24.2408093636233,23.9287968145261,24.032907552491,24.3082860095273,24.2927184476639,24.4845522079513,24.2148448833435,24.2148448833435,24.3394139906367,24.4223754377718,24.2148448833435,24.417192326936,24.3082860095273,24.1421090408181,24.313474667603,24.4068253139224,24.3809031634257,24.396457245529,24.2979078995965,24.3446010620456,24.2252314710217,24.3912728154683,24.417192326936,24.4275582848784,24.3860881214467,24.313474667603,24.3549744119754,24.3497878691456,24.3705324552306,24.4845522079513,24.5052693701856,24.4845522079513,24.5673956078683,24.5311599032229,24.3705324552306,24.3549744119754,24.3809031634257,24.3705324552306,24.3860881214467,24.3757179413665,24.4223754377718,24.4690115721079,24.3705324552306,24.5673956078683,24.5052693701856,24.4586498313649,24.4068253139224,24.4638308334468,24.4586498313649,24.4482870367845,24.3342266548802,24.4690115721079,24.6036184425424,24.4586498313649,24.5622198668973,24.4431052442089,24.4379231880585,24.3860881214467,24.5311599032229,24.5570438632356,24.4327408682945,24.2823387496704,24.2979078995965,24.220038309803,24.3342266548802,24.4638308334468,24.4690115721079,24.4897318933139,24.5363372209139,24.4534685658236,24.4223754377718,24.5622198668973,24.5466910676864,24.5208044790397,24.5829212550199,24.5311599032229,24.4327408682945,24.5208044790397,24.5518675968447,24.4068253139224,24.4949113154483,24.4845522079513,24.3186630611374,24.4068253139224,24.4482870367845,24.4638308334468,24.2823387496704,24.3446010620456,24.3394139906367,24.3705324552306,24.3549744119754,24.2771485035319,24.3082860095273,24.3601606905737,24.3342266548802,24.3186630611374,24.313474667603,24.1888737710728,24.1732879183289,24.261576176083,24.2408093636233,24.2563848704595,24.4793722593216,24.4638308334468,24.4068253139224,24.4845522079513,24.4379231880585,24.4482870367845,24.3860881214467,24.4741920473867,24.4793722593216,24.5208044790397,24.5415142757223,24.68119552596,24.4690115721079,24.5570438632356,24.6087920833666,24.5000904743927,24.5725710861868,24.4741920473867,24.5363372209139,24.5208044790397,24.5622198668973,24.4534685658236,24.5052693701856,24.4793722593216,24.4845522079513,24.5156263724707,24.5156263724707,24.6191385780148,24.6346563530609,24.5363372209139,24.4016414116675,24.3860881214467,24.3705324552306,24.3809031634257,24.2044572345467,24.220038309803,24.3809031634257,24.3912728154683,24.4690115721079,24.4120089523324,24.3809031634257,24.3705324552306,24.3186630611374,24.4068253139224,24.2927184476639,24.3186630611374,24.3030970868713,24.2823387496704,24.2304243670388,24.19406852432,24.396457245529,24.3446010620456,24.2979078995965,24.3342266548802,24.3186630611374,24.313474667603,24.3912728154683,24.2511932998677,24.4016414116675,24.4431052442089,24.5673956078683,24.5156263724707,24.5156263724707,24.4327408682945,24.4638308334468,24.4690115721079,24.5000904743927,24.3446010620456,24.4793722593216,24.4223754377718,24.8516579356668,24.8826205758957,25.0115307913128,24.9960701368761,24.9651418204509,25.0733500742259,24.8464965838976,25.0218365972651,25.0630494515398,25.0630494515398,24.9960701368761,25.0115307913128,24.9960701368761,25.0424450977087,24.9857617364743
24.2460014642685,24.1628960219406,24.2408093636233,24.1473061847397,24.1525030628745,24.1732879183289,24.0901229747396,24.0537168909092,24.0589185591878,24.0537168909092,24.2408093636233,24.1992630121316,24.2148448833435,24.0641199610143,23.9600412538547,23.9964809427924,24.1213178064842,23.9704539289542,23.9704539289542,23.9392126969559,24.0797225681742,24.017297749009,24.0745219654683,24.2979078995965,24.2823387496704,24.1525030628745,23.9704539289542,24.0641199610143,24.0433127548394,24.0537168909092,24.0901229747396,24.1784834681163,24.2148448833435,24.0589185591878,23.9860709383021,24.0120939477021,23.8819121009899,23.8714903310769,24.0016855446331,24.0381102869696,24.0797225681742,24.2719579925803,24.220038309803,24.3394139906367,24.3290390547373,24.2771485035319,24.2771485035319,24.2408093636233,24.2823387496704,24.2875287310348,24.3030970868713,24.2875287310348,24.3030970868713,24.2979078995965,24.0485149561396,24.1576996752618,24.3549744119754,24.3394139906367,24.5104480028654,24.396457245529,24.3082860095273,24.4690115721079,24.3809031634257,24.220038309803,24.2460014642685,24.2511932998677,24.3601606905737,24.2252314710217,24.3497878691456,24.4275582848784,24.4016414116675,24.3809031634257,24.3653467049792,24.3186630611374,24.2771485035319,24.3342266548802,24.3912728154683,24.3912728154683,24.3705324552306,24.3342266548802,24.3238511901693,24.1525030628745,24.3446010620456,24.525982322611,24.3601606905737,24.5311599032229,24.4223754377718,24.3912728154683,24.2771485035319,24.3653467049792,24.4068253139224,24.2823387496704,24.3912728154683,24.4482870367845,24.3809031634257,24.5466910676864,24.417192326936,24.5104480028654,24.4068253139224,24.3082860095273,24.19406852432,24.4275582848784,24.4949113154483,24.4845522079513,24.4741920473867,24.4690115721079,24.4638308334468,24.4482870367845,24.4431052442089,24.4482870367845,24.5311599032229,24.5466910676864,24.5415142757223,24.4741920473867,24.2927184476639,24.313474667603,24.4327408682945,24.2875287310348,24.4068253139224,24.4431052442089,24.4638308334468,24.4431052442089,24.4379231880585,24.5000904743927,24.5363372209139,24.5829212550199,24.4845522079513,24.5673956078683,24.4793722593216,24.5777463018912,24.6036184425424,24.4690115721079,24.417192326936,24.4068253139224,24.4120089523324,24.3238511901693,24.3860881214467,24.2408093636233,24.3601606905737,24.313474667603,24.313474667603,24.2979078995965,24.3082860095273,24.313474667603,24.1473061847397,24.1992630121316,24.2408093636233,24.1992630121316,24.19406852432,24.235616997893,24.4120089523324,24.2460014642685,24.1628960219406,24.1005223164376,24.1525030628745,24.2719579925803,24.4275582848784,24.396457245529,24.4690115721079,24.4845522079513,24.4845522079513,24.4586498313649,24.3809031634257,24.4223754377718,24.4482870367845,24.5673956078683,24.4741920473867,24.5104480028654,24.4949113154483,24.5570438632356,24.5208044790397,24.525982322611,24.4431052442089,24.4638308334468,24.4793722593216,24.5363372209139,24.5415142757223,24.5156263724707,24.4845522079513,24.5311599032229,24.5363372209139,24.4690115721079,24.4845522079513,24.593270373703,24.3860881214467,24.4897318933139,24.3705324552306,24.3809031634257,24.3290390547373,24.2875287310348,24.1992630121316,24.3653467049792,24.3446010620456,24.4534685658236,24.4016414116675,24.3497878691456,24.2979078995965,24.2460014642685,24.2927184476639,24.2875287310348,24.3290390547373,24.2511932998677,24.3290390547373,24.2771485035319,24.261576176083,24.2252314710217,24.313474667603,24.3342266548802,24.3342266548802,24.313474667603,24.2719579925803,24.3238511901693,24.2979078995965,24.261576176083,24.4690115721079,24.6346563530609,24.5725710861868,24.525982322611,24.4120089523324,24.4016414116675,24.396457245529,24.4120089523324,24.4120089523324,24.4379231880585,24.5622198668973,24.8774607869049,24.8877801045559,24.9651418204509,24.9857617364743,24.9702971889533,24.9084156166453,24.9857617364743,24.9135738442187,25.0166838239645,25.0166838239645,25.0372933614365,25.0012239478063,25.0887990663117,24.918731811688,24.9857617364743
24.1836787523513,24.2719579925803,24.4431052442089,24.0745219654683,24.2148448833435,24.2875287310348,24.0537168909092,24.19406852432,24.0745219654683,24.1005223164376,24.0433127548394,24.02250128355,24.0745219654683,24.0797225681742,23.9756598658044,23.9652477249841,24.0745219654683,23.9600412538547,24.0277045513642,23.9183798623554,24.0433127548394,24.0849229045849,24.1836787523513,24.2304243670388,24.3342266548802,23.9131709850186,23.9600412538547,23.9756598658044,24.0433127548394,23.9704539289542,24.0641199610143,24.0589185591878,23.9287968145261,23.9027524276446,23.9287968145261,23.9860709383021,23.9235884721781,23.9340048894389,23.9652477249841,23.9704539289542,23.9808655355738,24.1109205935815,24.2148448833435,24.3497878691456,24.2823387496704,24.2771485035319,24.2823387496704,24.1525030628745,24.2719579925803,24.2979078995965,24.2823387496704,24.2979078995965,24.2979078995965,24.1888737710728,24.2979078995965,24.1421090408181,24.3497878691456,24.3757179413665,24.3705324552306,24.4534685658236,24.3860881214467,24.3497878691456,24.2823387496704,24.3290390547373,24.2096511916044,24.220038309803,24.2563848704595,24.4327408682945,24.417192326936,24.3757179413665,24.4016414116675,24.3705324552306,24.396457245529,24.396457245529,24.3238511901693,24.2563848704595,24.3186630611374,24.3238511901693,24.4638308334468,24.4379231880585,24.3290390547373,24.3549744119754,24.4586498313649,24.4690115721079,24.4016414116675,24.4431052442089,24.4949113154483,24.4534685658236,24.4379231880585,24.3705324552306,24.3497878691456,24.3497878691456,24.2771485035319,24.3912728154683,24.2927184476639,24.3912728154683,24.4016414116675,24.4379231880585,24.4016414116675,24.396457245529,24.3601606905737,24.4793722593216,24.5000904743927,24.4897318933139,24.3549744119754,24.4793722593216,24.3809031634257,24.588095945611,24.3549744119754,24.4379231880585,24.5208044790397,24.4897318933139,24.4793722593216,24.4845522079513,24.4586498313649,24.4741920473867,24.4379231880585,24.5208044790397,24.5415142757223,24.4845522079513,24.4897318933139,24.5415142757223,24.4379231880585,24.5311599032229,24.5777463018912,24.5673956078683,24.525982322611,24.4793722593216,24.4534685658236,24.598444539334,24.4534685658236,24.4327408682945,24.5052693701856,24.4379231880585,24.5000904743927,24.396457245529,24.4327408682945,24.4379231880585,24.4534685658236,24.3912728154683,24.2979078995965,24.2719579925803,24.2511932998677,24.235616997893,24.1473061847397,24.1525030628745,24.3497878691456,24.1784834681163,24.2148448833435,24.1628960219406,24.2408093636233,24.2460014642685,24.1576996752618,24.1836787523513,24.1628960219406,24.2823387496704,24.3705324552306,24.4482870367845,24.4845522079513,24.4845522079513,24.3601606905737,24.3912728154683,24.4016414116675,24.4845522079513,24.4431052442089,24.4638308334468,24.5829212550199,24.5104480028654,24.525982322611,24.5311599032229,24.598444539334,24.5363372209139,24.5208044790397,24.5415142757223,24.5466910676864,24.5570438632356,24.5518675968447,24.5363372209139,24.4845522079513,24.5466910676864,24.4741920473867,24.5208044790397,24.5156263724707,24.525982322611,24.5415142757223,24.3705324552306,24.3653467049792,24.4120089523324,24.3809031634257,24.3394139906367,24.2875287310348,24.2927184476639,24.3809031634257,24.4431052442089,24.4327408682945,24.313474667603,24.3238511901693,24.2719579925803,24.3549744119754,24.3238511901693,24.2927184476639,24.313474667603,24.2511932998677,24.2719579925803,24.3186630611374,24.3394139906367,24.3342266548802,24.3394139906367,24.2927184476639,24.2304243670388,24.3030970868713,24.2979078995965,24.2875287310348,24.3653467049792,24.5673956078683,24.5518675968447,24.5466910676864,24.5000904743927,24.396457245529,24.396457245529,24.4275582848784,24.417192326936,24.4068253139224,24.5622198668973,24.7690450146872,24.8774607869049,24.9238895190908,24.8877801045559,24.9651418204509,24.9342041538485,24.954830304227,24.9496741564303,25.0166838239645,24.9754522977662,25.0372933614365,25.1093940990381,24.918731811688,25.0836496611589,25.0063774992726,25.1093940990381
24.261576176083,24.3394139906367,24.2927184476639,24.16809210295,24.16809210295,24.0693210964281,23.9964809427924,24.1161193330435,24.19406852432,24.1784834681163,24.220038309803,24.19406852432,24.017297749009,23.9860709383021,23.9652477249841,24.0537168909092,24.1161193330435,24.0641199610143,24.0381102869696,24.0120939477021,24.220038309803,24.1057215880592,24.19406852432,24.220038309803,24.2252314710217,24.1265160139431,24.2408093636233,24.2460014642685,24.1576996752618,24.0641199610143,24.0016855446331,23.8975427475285,23.9548345155266,24.0433127548394,23.9756598658044,24.032907552491,23.9027524276446,24.0277045513642,23.9860709383021,24.0016855446331,24.0485149561396,23.9964809427924,24.0068898795898,24.2875287310348,24.2823387496704,24.261576176083,24.3446010620456,24.3186630611374,24.2148448833435,24.2823387496704,24.3030970868713,24.2927184476639,24.1628960219406,24.1576996752618,24.1161193330435,24.1109205935815,24.3705324552306,24.5104480028654,24.4120089523324,24.3549744119754,24.313474667603,24.3030970868713,24.4638308334468,24.3757179413665,24.1525030628745,24.2148448833435,24.3809031634257,24.4431052442089,24.3601606905737,24.3394139906367,24.3757179413665,24.4275582848784,24.4949113154483,24.2563848704595,24.313474667603,24.3082860095273,24.2823387496704,24.3238511901693,24.4016414116675,24.396457245529,24.3705324552306,24.313474667603,24.3186630611374,24.4741920473867,24.5052693701856,24.4845522079513,24.396457245529,24.4431052442089,24.4586498313649,24.3757179413665,24.4431052442089,24.3601606905737,24.3809031634257,24.3497878691456,24.2979078995965,24.3809031634257,24.4482870367845,24.525982322611,24.4793722593216,24.4379231880585,24.0901229747396,24.4223754377718,24.3082860095273,24.4638308334468,24.4897318933139,24.5000904743927,24.417192326936,24.4638308334468,24.5311599032229,24.4586498313649,24.4690115721079,24.4586498313649,24.4534685658236,24.4845522079513,24.3809031634257,24.5000904743927,24.4534685658236,24.4638308334468,24.4638308334468,24.4690115721079,24.4897318933139,24.5000904743927,24.5104480028654,24.6036184425424,24.6605140688826,24.5673956078683,24.5622198668973,24.6036184425424,24.5622198668973,24.4379231880585,24.5829212550199,24.5673956078683,24.6191385780148,24.5000904743927,24.3860881214467,24.4016414116675,24.1836787523513,24.3653467049792,24.4482870367845,24.4379231880585,24.220038309803,24.1836787523513,24.1888737710728,24.1421090408181,24.1421090408181,24.1576996752618,24.2719579925803,24.2511932998677,24.1161193330435,24.1576996752618,24.0745219654683,24.1576996752618,24.1161193330435,24.2511932998677,24.2771485035319,24.2771485035319,24.3757179413665,24.4793722593216,24.4793722593216,24.396457245529,24.3757179413665,24.4845522079513,24.3860881214467,24.5415142757223,24.4793722593216,24.4586498313649,24.5725710861868,24.5000904743927,24.5777463018912,24.5622198668973,24.5363372209139,24.525982322611,24.5363372209139,24.4845522079513,24.4431052442089,24.5052693701856,24.5570438632356,24.5156263724707,24.5622198668973,24.5104480028654,24.4949113154483,24.4638308334468,24.4068253139224,24.5000904743927,24.4586498313649,24.4741920473867,24.4482870367845,24.4690115721079,24.4586498313649,24.4068253139224,24.3912728154683,24.2563848704595,24.4068253139224,24.3912728154683,24.4586498313649,24.4586498313649,24.3394139906367,24.4223754377718,24.3030970868713,24.3238511901693,24.3290390547373,24.3238511901693,24.2096511916044,24.2719579925803,24.3394139906367,24.3497878691456,24.3394139906367,24.235616997893,24.3394139906367,24.2771485035319,24.2304243670388,24.2875287310348,24.2460014642685,24.3446010620456,24.4275582848784,24.4793722593216,24.4586498313649,24.5570438632356,24.4431052442089,24.4327408682945,24.4431052442089,24.4068253139224,24.4120089523324,24.7690450146872,24.8929393729232,24.9496741564303,24.9599861922213,24.954830304227,24.9857617364743,24.9651418204509,24.9651418204509,24.9702971889533,24.9290469664651,25.0166838239645,25.0836496611589,25.0990971001769,25.0681998923707,25.124837657352,25.0321413659635,25.0012239478063
24.0745219654683,24.4949113154483,24.3186630611374,24.3238511901693,23.9912760740285,24.1836787523513,23.9808655355738,24.0745219654683,24.1992630121316,24.1057215880592,24.2096511916044,24.0797225681742,24.0277045513642,24.0120939477021,24.0641199610143,24.0120939477021,24.0277045513642,24.0849229045849,24.0433127548394,24.0693210964281,24.1213178064842,24.0589185591878,24.0589185591878,24.2408093636233,24.2408093636233,24.220038309803,24.0693210964281,24.261576176083,24.2460014642685,24.0381102869696,23.9808655355738,23.9131709850186,24.0849229045849,24.0589185591878,24.0016855446331,23.9131709850186,23.730691437042,23.9756598658044,24.0537168909092,24.0068898795898,24.0641199610143,23.9131709850186,23.9808655355738,24.0641199610143,24.0745219654683,24.2460014642685,24.3757179413665,24.2927184476639,24.1836787523513,24.017297749009,24.19406852432,24.2979078995965,24.1628960219406,24.2096511916044,24.2823387496704,24.3290390547373,24.5000904743927,24.4793722593216,24.4379231880585,24.4793722593216,24.3082860095273,24.3809031634257,24.3757179413665,24.2927184476639,24.3030970868713,24.3549744119754,24.4120089523324,24.3601606905737,24.3342266548802,24.313474667603,24.396457245529,24.4482870367845,24.3757179413665,24.2719579925803,24.220038309803,24.1421090408181,24.220038309803,24.4016414116675,24.4638308334468,24.4534685658236,24.4431052442089,24.396457245529,24.3082860095273,24.4482870367845,24.4690115721079,24.4586498313649,24.5104480028654,24.4482870367845,24.417192326936,24.4379231880585,24.4016414116675,24.4120089523324,24.5104480028654,24.3601606905737,24.3446010620456,24.4223754377718,24.4534685658236,24.5415142757223,24.593270373703,24.1836787523513,24.0693210964281,24.3705324552306,24.2979078995965,24.3653467049792,24.396457245529,24.4897318933139,24.5104480028654,24.5363372209139,24.5777463018912,24.4949113154483,24.5311599032229,24.4845522079513,24.4897318933139,24.5104480028654,24.5208044790397,24.5052693701856,24.3757179413665,24.4897318933139,24.5000904743927,24.4845522079513,24.5156263724707,24.4431052442089,24.6398284203822,24.6915346834782,24.6398284203822,24.68119552596,24.6605140688826,24.6191385780148,24.5570438632356,24.4586498313649,24.4327408682945,24.5415142757223,24.4120089523324,24.4845522079513,24.4223754377718,24.3653467049792,24.3601606905737,24.396457245529,24.4016414116675,24.4120089523324,24.2044572345467,23.9860709383021,24.1525030628745,24.1576996752618,24.1161193330435,24.1628960219406,24.1784834681163,24.1576996752618,24.1369116310709,24.2044572345467,24.2304243670388,24.1317139554589,24.1265160139431,24.1784834681163,24.3705324552306,24.2823387496704,24.235616997893,24.3497878691456,24.3705324552306,24.2719579925803,24.3601606905737,24.4379231880585,24.4223754377718,24.4016414116675,24.4690115721079,24.5156263724707,24.4949113154483,24.588095945611,24.4897318933139,24.5311599032229,24.5363372209139,24.5466910676864,24.4223754377718,24.4482870367845,24.4690115721079,24.5052693701856,24.5000904743927,24.5466910676864,24.4845522079513,24.4482870367845,24.4534685658236,24.4016414116675,24.4534685658236,24.4327408682945,24.4327408682945,24.4897318933139,24.4482870367845,24.4482870367845,24.4275582848784,24.2823387496704,24.2823387496704,24.3860881214467,24.2719579925803,24.2771485035319,24.3809031634257,24.4482870367845,24.3549744119754,24.3446010620456,24.19406852432,24.2875287310348,24.3342266548802,24.313474667603,24.3342266548802,24.3705324552306,24.2252314710217,24.3238511901693,24.3394139906367,24.3653467049792,24.2408093636233,24.261576176083,24.266767216777,24.3082860095273,24.2875287310348,24.266767216777,24.4638308334468,24.4223754377718,24.4638308334468,24.4638308334468,24.4586498313649,24.4534685658236,24.4431052442089,24.4379231880585,24.5673956078683,24.7742102793675,24.9238895190908,24.8877801045559,25.0269891112523,24.954830304227,25.1093940990381,24.9238895190908,24.9599861922213,25.0115307913128,24.9342041538485,24.9754522977662,25.0475965748176,25.0012239478063,24.9909160664447,24.9496741564303,25.0527477928007,24.9857617364743
23.8037226951994,24.2408093636233,24.3186630611374,24.2252314710217,24.16809210295,24.0901229747396,24.0693210964281,24.0849229045849,24.220038309803,24.2148448833435,24.2408093636233,24.1213178064842,24.1732879183289,24.1317139554589,24.1525030628745,24.0953227786774,24.0433127548394,24.017297749009,24.0641199610143,24.0641199610143,24.0537168909092,24.0537168909092,24.0485149561396,24.2304243670388,24.2304243670388,24.2563848704595,24.266767216777,24.235616997893,24.266767216777,24.1784834681163,23.9860709383021,23.9860709383021,24.2304243670388,24.0433127548394,23.6680512651093,23.7254729028382,23.9548345155266,24.032907552491,24.0849229045849,24.0641199610143,24.0953227786774,23.9912760740285,23.9964809427924,24.0381102869696,24.0433127548394,24.3290390547373,24.2511932998677,24.2148448833435,24.1992630121316,24.1525030628745,24.0485149561396,23.9600412538547,24.0589185591878,24.2408093636233,24.4741920473867,24.4690115721079,24.5363372209139,24.5156263724707,24.3809031634257,24.4949113154483,24.2771485035319,24.2304243670388,24.2979078995965,24.3601606905737,24.3601606905737,24.3446010620456,24.4690115721079,24.3601606905737,24.3912728154683,24.2408093636233,24.3394139906367,24.417192326936,24.4482870367845,24.4949113154483,24.417192326936,24.3186630611374,24.3030970868713,24.3030970868713,24.3601606905737,24.4482870367845,24.3186630611374,24.4741920473867,24.2927184476639,24.4482870367845,24.4638308334468,24.4120089523324,24.3549744119754,24.4431052442089,24.4431052442089,24.4016414116675,24.4327408682945,24.5052693701856,24.4120089523324,24.5156263724707,24.5104480028654,24.5311599032229,24.5570438632356,24.5673956078683,24.5000904743927,24.4275582848784,24.0797225681742,24.3082860095273,24.2979078995965,24.3238511901693,24.3653467049792,24.4845522079513,24.4120089523324,24.4223754377718,24.4120089523324,24.16809210295,24.4482870367845,24.396457245529,24.4638308334468,24.4431052442089,24.5000904743927,24.4897318933139,24.4949113154483,24.4845522079513,24.4741920473867,24.4897318933139,24.5104480028654,24.5829212550199,24.588095945611,24.7070414568379,24.6760255545029,24.6087920833666,24.598444539334,24.4431052442089,24.417192326936,24.4482870367845,24.4068253139224,24.4223754377718,24.4690115721079,24.417192326936,24.2511932998677,24.2044572345467,24.1888737710728,24.4431052442089,24.417192326936,24.3860881214467,24.396457245529,24.2771485035319,24.1628960219406,24.2979078995965,24.1525030628745,24.261576176083,24.1992630121316,24.02250128355,24.1057215880592,24.1213178064842,24.1213178064842,24.1525030628745,24.1576996752618,24.220038309803,24.2563848704595,24.2252314710217,24.2927184476639,24.0901229747396,24.2304243670388,24.0797225681742,24.266767216777,24.417192326936,24.4638308334468,24.2563848704595,24.3705324552306,24.4327408682945,24.4793722593216,24.4897318933139,24.5104480028654,24.396457245529,24.3342266548802,24.4482870367845,24.4327408682945,24.4741920473867,24.4741920473867,24.3860881214467,24.4482870367845,24.5052693701856,24.5415142757223,24.5725710861868,24.5673956078683,24.4482870367845,24.5363372209139,24.4482870367845,24.4223754377718,24.4845522079513,24.417192326936,24.4586498313649,24.4223754377718,24.4379231880585,24.4120089523324,24.4223754377718,24.4068253139224,24.2823387496704,24.396457245529,24.3186630611374,24.3342266548802,24.313474667603,24.3446010620456,24.2927184476639,24.2927184476639,24.313474667603,24.3394139906367,24.3601606905737,24.3705324552306,24.3394139906367,24.3809031634257,24.3030970868713,24.3705324552306,24.3705324552306,24.3290390547373,24.3290390547373,24.266767216777,24.3601606905737,24.4068253139224,24.4120089523324,24.4741920473867,24.4638308334468,24.5518675968447,24.4741920473867,24.5052693701856,24.4327408682945,24.5829212550199,24.7845400253874,24.9393610812787,25.0269891112523,24.918731811688,25.0475965748176,25.0166838239645,24.9702971889533,24.9702971889533,24.918731811688,25.0115307913128,25.0578987516956,25.0321413659635,25.0578987516956,24.954830304227,25.0115307913128,25.0784999971428,25.0887990663117
23.6680512651093,24.0745219654683,24.2460014642685,24.1576996752618,24.0849229045849,24.02250128355,23.9340048894389,23.9860709383021,24.0745219654683,24.0797225681742,24.2148448833435,24.1628960219406,24.16809210295,24.16809210295,24.0485149561396,24.0745219654683,24.0641199610143,24.16809210295,24.1992630121316,24.0485149561396,23.8610674896852,24.0693210964281,24.0849229045849,24.2096511916044,24.3549744119754,24.1369116310709,24.2979078995965,24.2875287310348,24.2927184476639,24.1732879183289,23.9183798623554,23.9860709383021,24.0433127548394,23.8610674896852,23.7202540996537,24.0120939477021,23.9964809427924,24.0381102869696,24.0641199610143,24.0641199610143,24.19406852432,24.1525030628745,24.0589185591878,24.1421090408181,24.3653467049792,24.4482870367845,24.396457245529,24.3342266548802,24.2979078995965,24.1576996752618,24.1888737710728,24.0537168909092,24.0641199610143,24.3653467049792,24.5415142757223,24.5104480028654,24.5415142757223,24.5466910676864,24.5415142757223,24.5415142757223,24.2719579925803,24.3446010620456,24.3497878691456,24.5570438632356,24.3653467049792,24.5311599032229,24.4586498313649,24.3030970868713,24.3290390547373,24.3238511901693,24.4482870367845,24.2563848704595,24.4016414116675,24.525982322611,24.313474667603,24.2927184476639,24.313474667603,24.4482870367845,24.3394139906367,24.3912728154683,24.3290390547373,24.2563848704595,24.396457245529,24.3757179413665,24.5208044790397,24.4482870367845,24.5052693701856,24.5777463018912,24.417192326936,24.4482870367845,24.4482870367845,24.4741920473867,24.5311599032229,24.417192326936,24.3912728154683,24.3238511901693,24.5777463018912,24.6346563530609,24.5104480028654,24.4534685658236,24.3394139906367,24.3705324552306,24.3238511901693,24.417192326936,24.4586498313649,24.4068253139224,24.4534685658236,24.5363372209139,24.5363372209139,24.1992630121316,24.261576176083,24.4741920473867,24.4897318933139,24.5000904743927,24.5415142757223,24.5052693701856,24.5156263724707,24.6760255545029,24.5208044790397,24.5363372209139,24.5311599032229,24.5673956078683,24.5104480028654,24.6863652356057,24.6915346834782,24.6243114319154,24.6863652356057,24.4949113154483,24.3912728154683,24.2823387496704,24.3809031634257,24.4379231880585,24.4793722593216,24.4327408682945,24.313474667603,24.3601606905737,24.3653467049792,24.5000904743927,24.5000904743927,24.3912728154683,24.3601606905737,24.3809031634257,24.4120089523324,24.2771485035319,24.1836787523513,24.2563848704595,24.1992630121316,24.1057215880592,24.1369116310709,24.2304243670388,24.1836787523513,24.2044572345467,24.1888737710728,24.16809210295,24.266767216777,24.266767216777,24.2408093636233,24.0901229747396,24.1265160139431,24.0797225681742,24.3342266548802,24.2979078995965,24.3809031634257,24.2511932998677,24.3705324552306,24.4897318933139,24.4897318933139,24.4327408682945,24.4690115721079,24.4586498313649,24.5673956078683,24.525982322611,24.525982322611,24.5104480028654,24.4793722593216,24.4845522079513,24.4327408682945,24.4223754377718,24.4275582848784,24.4534685658236,24.4949113154483,24.3860881214467,24.4223754377718,24.4482870367845,24.4793722593216,24.3809031634257,24.4068253139224,24.4120089523324,24.4327408682945,24.4431052442089,24.5000904743927,24.4120089523324,24.4431052442089,24.3757179413665,24.3757179413665,24.3394139906367,24.3238511901693,24.3549744119754,24.3394139906367,24.3394139906367,24.3446010620456,24.3394139906367,24.3238511901693,24.3446010620456,24.3290390547373,24.4327408682945,24.3809031634257,24.3809031634257,24.3809031634257,24.3809031634257,24.3497878691456,24.3290390547373,24.3549744119754,24.2979078995965,24.3446010620456,24.4379231880585,24.5570438632356,24.6656848260024,24.4638308334468,24.4793722593216,24.4534685658236,24.4690115721079,24.6863652356057,24.918731811688,25.0475965748176,24.9135738442187,25.1557177937613,25.0218365972651,25.0321413659635,24.9960701368761,24.9960701368761,24.9960701368761,24.9806071469274,25.0630494515398,24.9342041538485,24.9393610812787,25.0784999971428,25.0424450977087,25.0733500742259,25.0372933614365
23.6367166348165,23.8141514353848,24.1265160139431,24.0745219654683,23.9964809427924,24.0589185591878,23.9287968145261,24.032907552491,24.017297749009,24.0745219654683,24.1369116310709,24.1213178064842,24.2096511916044,24.1473061847397,24.1628960219406,23.8714903310769,24.19406852432,24.0693210964281,24.0745219654683,24.0901229747396,24.0693210964281,24.266767216777,24.0953227786774,24.2408093636233,24.3394139906367,24.2511932998677,24.2148448833435,24.2875287310348,24.1732879183289,24.1525030628745,24.1161193330435,23.9756598658044,23.8297925334724,23.8037226951994,23.7672136483527,23.8819121009899,23.8714903310769,23.9548345155266,24.0589185591878,24.1005223164376,24.2044572345467,24.0849229045849,23.9860709383021,24.3030970868713,24.4327408682945,24.4379231880585,24.4327408682945,24.4431052442089,24.1888737710728,24.2148448833435,24.1732879183289,24.0589185591878,24.1576996752618,24.2044572345467,24.4275582848784,24.4016414116675,24.3342266548802,24.4482870367845,24.4534685658236,24.4897318933139,24.3082860095273,24.4741920473867,24.5311599032229,24.5466910676864,24.4741920473867,24.3653467049792,24.3601606905737,24.3186630611374,24.3238511901693,24.2719579925803,24.2979078995965,24.3757179413665,24.4431052442089,24.4223754377718,24.4327408682945,24.3186630611374,24.3497878691456,24.3186630611374,24.4793722593216,24.3549744119754,24.4327408682945,24.3290390547373,24.4534685658236,24.3549744119754,24.4741920473867,24.3860881214467,24.4949113154483,24.5000904743927,24.4275582848784,24.4586498313649,24.5104480028654,24.6708553211965,24.3030970868713,24.2979078995965,24.4223754377718,24.4431052442089,24.5570438632356,24.598444539334,24.5104480028654,24.4586498313649,24.4482870367845,24.4793722593216,24.4638308334468,24.4120089523324,24.4534685658236,24.4120089523324,24.4534685658236,24.5156263724707,24.5052693701856,24.5208044790397,24.4016414116675,24.3238511901693,24.4793722593216,24.3290390547373,24.5208044790397,24.4949113154483,24.5363372209139,24.5363372209139,24.525982322611,24.5570438632356,24.588095945611,24.6708553211965,24.5622198668973,24.6760255545029,24.5208044790397,24.6036184425424,24.4741920473867,24.4482870367845,24.3809031634257,24.2927184476639,24.4223754377718,24.5156263724707,24.3497878691456,24.3342266548802,24.3809031634257,24.3549744119754,24.3549744119754,24.396457245529,24.417192326936,24.4068253139224,24.3912728154683,24.3705324552306,24.3809031634257,24.3186630611374,24.3497878691456,24.3082860095273,24.1473061847397,24.2875287310348,24.1784834681163,24.1732879183289,24.1109205935815,24.16809210295,24.2096511916044,24.1992630121316,24.2719579925803,24.1732879183289,24.0797225681742,24.0953227786774,24.0901229747396,24.0849229045849,24.2408093636233,24.4120089523324,24.2823387496704,24.3342266548802,24.261576176083,24.3860881214467,24.5104480028654,24.417192326936,24.4949113154483,24.4638308334468,24.4223754377718,24.3757179413665,24.5104480028654,24.5104480028654,24.4638308334468,24.3809031634257,24.3757179413665,24.3497878691456,24.4275582848784,24.3497878691456,24.396457245529,24.3549744119754,24.4379231880585,24.3860881214467,24.3497878691456,24.4845522079513,24.2771485035319,24.3912728154683,24.3860881214467,24.4275582848784,24.4275582848784,24.4120089523324,24.2719579925803,24.4120089523324,24.3290390547373,24.3290390547373,24.3809031634257,24.313474667603,24.2823387496704,24.3342266548802,24.3342266548802,24.220038309803,24.2304243670388,24.3705324552306,24.2719579925803,24.3653467049792,24.3030970868713,24.3030970868713,24.4016414116675,24.3290390547373,24.4120089523324,24.3497878691456,24.3757179413665,24.313474667603,24.2979078995965,24.4327408682945,24.3912728154683,24.5208044790397,24.5363372209139,24.4897318933139,24.417192326936,24.4897318933139,24.7587137017957,24.7690450146872,24.9135738442187,24.9135738442187,25.0424450977087,25.0115307913128,25.0166838239645,24.918731811688,24.9960701368761,24.9754522977662,25.0115307913128,25.0836496611589,24.9651418204509,25.0733500742259,25.0321413659635,25.0063774992726,25.0733500742259,25.0115307913128
23.8141514353848,23.8193654029997,24.0849229045849,24.1369116310709,24.017297749009,23.9183798623554,24.032907552491,23.9964809427924,23.9079618401281,24.032907552491,24.1057215880592,24.1213178064842,24.0901229747396,24.1576996752618,24.1213178064842,24.0797225681742,24.2408093636233,24.0953227786774,24.1317139554589,24.2044572345467,24.266767216777,24.1525030628745,24.1473061847397,24.1784834681163,24.235616997893,24.2771485035319,24.2979078995965,24.3290390547373,24.2044572345467,24.3394139906367,24.1628960219406,23.8193654029997,23.7932928814756,23.8245791023491,23.8193654029997,24.0277045513642,24.017297749009,23.8662790443357,24.0016855446331,24.017297749009,24.2771485035319,24.2096511916044,24.1161193330435,24.3497878691456,24.4949113154483,24.4741920473867,24.5104480028654,24.4949113154483,24.2771485035319,24.3290390547373,24.1888737710728,24.0953227786774,24.1576996752618,24.2044572345467,24.4016414116675,24.4275582848784,24.5000904743927,24.5673956078683,24.4431052442089,24.4586498313649,24.3186630611374,24.4120089523324,24.4016414116675,24.4068253139224,24.4068253139224,24.3186630611374,24.313474667603,24.3860881214467,24.3860881214467,24.2719579925803,24.3186630611374,24.417192326936,24.4949113154483,24.3342266548802,24.4586498313649,24.4793722593216,24.3912728154683,24.4068253139224,24.4016414116675,24.4120089523324,24.3186630611374,24.3809031634257,24.417192326936,24.4586498313649,24.4016414116675,24.4690115721079,24.4431052442089,24.4690115721079,24.5052693701856,24.4949113154483,24.5052693701856,24.4949113154483,24.313474667603,24.396457245529,24.4793722593216,24.396457245529,24.588095945611,24.5673956078683,24.5415142757223,24.6708553211965,24.4379231880585,24.4327408682945,24.4223754377718,24.4120089523324,24.4120089523324,24.4120089523324,24.4638308334468,24.4845522079513,24.4016414116675,24.2252314710217,24.3290390547373,24.4379231880585,24.4793722593216,24.4793722593216,24.525982322611,24.6605140688826,24.6398284203822,24.6760255545029,24.417192326936,24.5777463018912,24.5777463018912,24.5829212550199,24.6760255545029,24.6398284203822,24.5363372209139,24.5052693701856,24.5725710861868,24.4379231880585,24.417192326936,24.4482870367845,24.4586498313649,24.4431052442089,24.4223754377718,24.4431052442089,24.3809031634257,24.4534685658236,24.3860881214467,24.5311599032229,24.4793722593216,24.3809031634257,24.3446010620456,24.3757179413665,24.313474667603,24.3705324552306,24.313474667603,24.2304243670388,24.266767216777,24.1992630121316,24.16809210295,24.1473061847397,24.1161193330435,24.1888737710728,24.261576176083,24.220038309803,24.2719579925803,24.2460014642685,24.1525030628745,24.1161193330435,24.0537168909092,23.9964809427924,24.0016855446331,24.2148448833435,24.2304243670388,24.4120089523324,24.396457245529,24.3082860095273,24.2875287310348,24.4690115721079,24.5000904743927,24.5052693701856,24.4897318933139,24.4949113154483,24.5052693701856,24.5000904743927,24.5156263724707,24.4223754377718,24.3549744119754,24.3860881214467,24.5363372209139,24.4327408682945,24.4638308334468,24.4638308334468,24.3497878691456,24.3394139906367,24.3290390547373,24.3809031634257,24.3186630611374,24.3809031634257,24.417192326936,24.4482870367845,24.4482870367845,24.4482870367845,24.4223754377718,24.3757179413665,24.3238511901693,24.3809031634257,24.3497878691456,24.3497878691456,24.2875287310348,24.2979078995965,24.3394139906367,24.3342266548802,24.3446010620456,24.3549744119754,24.3290390547373,24.4016414116675,24.4741920473867,24.4431052442089,24.4690115721079,24.4690115721079,24.4379231880585,24.3394139906367,24.2408093636233,24.3705324552306,24.396457245529,24.417192326936,24.4638308334468,24.4638308334468,24.4068253139224,24.5104480028654,24.6605140688826,24.4949113154483,24.7225458756109,24.7380479408253,24.8929393729232,24.9496741564303,25.0527477928007,25.0733500742259,25.0630494515398,25.0527477928007,25.0115307913128,25.0424450977087,25.0321413659635,25.0990971001769,25.0063774992726,25.0887990663117,25.0990971001769,25.0115307913128,25.0990971001769,25.0630494515398
23.6314932528619,23.8141514353848,24.1005223164376,24.0849229045849,23.8193654029997,23.8454312178827,23.9808655355738,23.8819121009899,23.7411276986669,23.9131709850186,24.1109205935815,24.2096511916044,24.1421090408181,24.1628960219406,23.9652477249841,24.1005223164376,24.1784834681163,24.261576176083,24.2148448833435,24.2096511916044,24.19406852432,24.16809210295,24.1732879183289,24.1628960219406,24.3549744119754,24.2927184476639,24.3342266548802,24.2823387496704,24.3394139906367,24.3082860095273,24.1421090408181,23.8610674896852,23.9444202371166,23.7932928814756,23.7932928814756,24.017297749009,23.8819121009899,23.8089371994645,23.7985079225496,24.2096511916044,24.3342266548802,24.4431052442089,24.4120089523324,24.4327408682945,24.3497878691456,24.4534685658236,24.4275582848784,24.396457245529,24.3653467049792,24.3549744119754,24.2044572345467,24.1421090408181,24.02250128355,24.1784834681163,24.3757179413665,24.4534685658236,24.525982322611,24.5000904743927,24.3394139906367,24.5415142757223,24.4068253139224,24.4016414116675,24.4016414116675,24.2927184476639,24.3186630611374,24.3497878691456,24.2979078995965,24.3757179413665,24.3030970868713,24.3186630611374,24.3394139906367,24.4327408682945,24.4638308334468,24.4897318933139,24.417192326936,24.4431052442089,24.3394139906367,24.4741920473867,24.3757179413665,24.2927184476639,24.3705324552306,24.3342266548802,24.4534685658236,24.3030970868713,24.417192326936,24.4897318933139,24.3757179413665,24.4845522079513,24.5156263724707,24.5415142757223,24.68119552596,24.4793722593216,24.313474667603,24.1576996752618,24.3653467049792,24.4016414116675,24.5052693701856,24.6191385780148,24.6191385780148,24.5777463018912,24.4223754377718,24.5052693701856,24.4223754377718,24.4534685658236,24.5363372209139,24.4016414116675,24.4120089523324,24.4431052442089,24.4016414116675,24.3809031634257,24.2771485035319,24.2823387496704,24.4431052442089,24.4068253139224,24.5104480028654,24.6605140688826,24.7018727940562,24.6605140688826,24.6346563530609,24.5622198668973,24.5829212550199,24.5570438632356,24.593270373703,24.6863652356057,24.4431052442089,24.4016414116675,24.4897318933139,24.3860881214467,24.4638308334468,24.5052693701856,24.5156263724707,24.5104480028654,24.4534685658236,24.4638308334468,24.4534685658236,24.3705324552306,24.3601606905737,24.396457245529,24.5000904743927,24.4431052442089,24.3394139906367,24.1265160139431,24.2252314710217,24.3549744119754,24.2927184476639,24.2044572345467,24.0953227786774,24.0797225681742,24.1369116310709,24.2511932998677,24.2148448833435,24.1628960219406,24.2252314710217,24.1369116310709,24.235616997893,24.266767216777,24.1888737710728,24.1317139554589,24.1265160139431,24.1057215880592,24.1317139554589,24.2304243670388,24.313474667603,24.3860881214467,24.4016414116675,24.3912728154683,24.2771485035319,24.4949113154483,24.3860881214467,24.5000904743927,24.5104480028654,24.5000904743927,24.4897318933139,24.4690115721079,24.5208044790397,24.525982322611,24.4068253139224,24.4327408682945,24.4379231880585,24.4275582848784,24.4223754377718,24.3497878691456,24.3394139906367,24.3394139906367,24.3446010620456,24.3342266548802,24.3653467049792,24.4068253139224,24.4949113154483,24.4586498313649,24.5363372209139,24.4016414116675,24.4068253139224,24.4534685658236,24.3757179413665,24.3186630611374,24.2563848704595,24.313474667603,24.3549744119754,24.3809031634257,24.3082860095273,24.4068253139224,24.3394139906367,24.2460014642685,24.313474667603,24.313474667603,24.2927184476639,24.4482870367845,24.417192326936,24.417192326936,24.3912728154683,24.2408093636233,24.2927184476639,24.2148448833435,24.4275582848784,24.3757179413665,24.417192326936,24.5208044790397,24.4741920473867,24.6398284203822,24.5777463018912,24.6294840235847,24.7122098579989,24.9084156166453,24.9135738442187,24.9857617364743,25.0321413659635,24.9496741564303,25.0115307913128,25.0527477928007,24.9806071469274,24.9806071469274,25.1505717504272,25.0269891112523,25.0836496611589,25.124837657352,25.0218365972651,25.0166838239645,25.0218365972651,25.0218365972651
23.5687916214632,23.8141514353848,23.8819121009899,23.9600412538547,23.7619969958994,23.7828619938962,23.9027524276446,23.9652477249841,24.0120939477021,23.9131709850186,23.9079618401281,24.1888737710728,24.1421090408181,23.9860709383021,24.0120939477021,24.1576996752618,24.2096511916044,24.2304243670388,24.0901229747396,24.1473061847397,24.1473061847397,24.1836787523513,24.0068898795898,24.1784834681163,24.3653467049792,24.2148448833435,24.1888737710728,24.0641199610143,24.2044572345467,24.220038309803,23.9027524276446,23.9340048894389,23.7985079225496,23.7776461473113,23.9964809427924,24.0693210964281,23.9340048894389,23.8089371994645,23.8037226951994,23.9548345155266,24.2252314710217,24.4482870367845,24.4431052442089,24.4482870367845,24.4949113154483,24.4586498313649,24.4379231880585,24.2252314710217,24.1888737710728,24.3186630611374,24.16809210295,24.1161193330435,24.1525030628745,24.1784834681163,24.1576996752618,24.4431052442089,24.5000904743927,24.4690115721079,24.396457245529,24.2979078995965,24.4120089523324,24.417192326936,24.3809031634257,24.3446010620456,24.3030970868713,24.2927184476639,24.3186630611374,24.4275582848784,24.3342266548802,24.3653467049792,24.3549744119754,24.3186630611374,24.3809031634257,24.5156263724707,24.4275582848784,24.4586498313649,24.4431052442089,24.4223754377718,24.4690115721079,24.4586498313649,24.4016414116675,24.313474667603,24.4534685658236,24.3342266548802,24.4638308334468,24.417192326936,24.3082860095273,24.5466910676864,24.4638308334468,24.5518675968447,24.525982322611,24.4016414116675,24.2927184476639,24.2408093636233,24.3549744119754,24.5000904743927,24.4120089523324,24.4120089523324,24.6398284203822,24.4793722593216,24.417192326936,24.4379231880585,24.5156263724707,24.5104480028654,24.4068253139224,24.417192326936,24.3549744119754,24.5000904743927,24.525982322611,24.4793722593216,24.4379231880585,24.3446010620456,24.3912728154683,24.4431052442089,24.5000904743927,24.7018727940562,24.6450002255868,24.6553430497988,24.6501717687129,24.6708553211965,24.6760255545029,24.593270373703,24.593270373703,24.5518675968447,24.4068253139224,24.2511932998677,24.3757179413665,24.5052693701856,24.4379231880585,24.4534685658236,24.5052693701856,24.4845522079513,24.4431052442089,24.4016414116675,24.3912728154683,24.4586498313649,24.5000904743927,24.5000904743927,24.4845522079513,24.396457245529,24.4949113154483,24.2304243670388,24.3446010620456,24.2927184476639,24.2460014642685,24.3653467049792,24.2148448833435,24.0849229045849,24.2148448833435,24.2096511916044,24.1732879183289,24.1421090408181,24.2252314710217,24.0901229747396,24.0537168909092,24.261576176083,24.2771485035319,24.2096511916044,24.2096511916044,24.0277045513642,24.0693210964281,24.2252314710217,24.2252314710217,24.2719579925803,24.2719579925803,24.4845522079513,24.5000904743927,24.4379231880585,24.5363372209139,24.4690115721079,24.5208044790397,24.4638308334468,24.4690115721079,24.5311599032229,24.4586498313649,24.5311599032229,24.525982322611,24.4223754377718,24.4379231880585,24.5466910676864,24.396457245529,24.3705324552306,24.266767216777,24.261576176083,24.3186630611374,24.2927184476639,24.266767216777,24.4120089523324,24.4638308334468,24.4690115721079,24.4482870367845,24.4223754377718,24.3912728154683,24.2927184476639,24.3082860095273,24.4068253139224,24.417192326936,24.3497878691456,24.2927184476639,24.3238511901693,24.3082860095273,24.4223754377718,24.3809031634257,24.3342266548802,24.4379231880585,24.4016414116675,24.2979078995965,24.4068253139224,24.4741920473867,24.4897318933139,24.3912728154683,24.3342266548802,24.3601606905737,24.3394139906367,24.220038309803,24.4275582848784,24.4275582848784,24.4275582848784,24.4223754377718,24.5415142757223,24.6450002255868,24.5829212550199,24.8464965838976,24.9754522977662,24.9238895190908,24.9754522977662,24.9599861922213,25.0269891112523,24.9960701368761,25.0269891112523,24.9909160664447,25.0063774992726,25.0115307913128,25.1042457289643,25.0269891112523,25.0939482126385,25.1351320700124,25.0321413659635,25.0012239478063,25.0887990663117
24.0277045513642,23.8350056964094,23.8350056964094,24.0953227786774,23.855855667086,23.6680512651093,23.8767013499485,24.0277045513642,24.0797225681742,23.9131709850186,23.9079618401281,23.9287968145261,24.017297749009,23.9027524276446,24.0277045513642,24.1421090408181,24.0953227786774,24.0068898795898,24.1732879183289,24.2304243670388,24.2979078995965,24.16809210295,24.2823387496704,24.313474667603,24.3186630611374,24.2096511916044,24.032907552491,24.1421090408181,24.2511932998677,24.1525030628745,24.0537168909092,24.1369116310709,23.9756598658044,23.9600412538547,23.9235884721781,24.0016855446331,23.8245791023491,23.8193654029997,23.9704539289542,23.9496275099604,24.1265160139431,24.2408093636233,24.4482870367845,24.4845522079513,24.4223754377718,24.4586498313649,24.4068253139224,24.220038309803,24.1317139554589,24.1473061847397,24.1888737710728,24.0433127548394,24.0277045513642,24.0277045513642,24.1161193330435,24.4586498313649,24.4690115721079,24.4741920473867,24.3809031634257,24.2875287310348,24.4431052442089,24.4223754377718,24.4949113154483,24.261576176083,24.3860881214467,24.16809210295,24.2875287310348,24.3290390547373,24.3290390547373,24.3705324552306,24.3186630611374,24.3653467049792,24.3705324552306,24.4482870367845,24.4897318933139,24.5156263724707,24.4068253139224,24.5052693701856,24.4690115721079,24.3082860095273,24.2408093636233,24.2460014642685,24.4068253139224,24.4120089523324,24.396457245529,24.3809031634257,24.4016414116675,24.4949113154483,24.6656848260024,24.5466910676864,24.5673956078683,24.3601606905737,24.3186630611374,24.313474667603,24.3549744119754,24.3809031634257,24.4223754377718,24.396457245529,24.4949113154483,24.4845522079513,24.4638308334468,24.4741920473867,24.2771485035319,24.2875287310348,24.4120089523324,24.4793722593216,24.3601606905737,24.3809031634257,24.6294840235847,24.5829212550199,24.3601606905737,24.3912728154683,24.598444539334,24.3809031634257,24.4482870367845,24.5622198668973,24.6243114319154,24.4793722593216,24.6553430497988,24.6139654618445,24.5673956078683,24.6191385780148,24.5570438632356,24.5466910676864,24.4120089523324,24.3860881214467,24.4275582848784,24.5208044790397,24.4016414116675,24.4741920473867,24.4897318933139,24.396457245529,24.5000904743927,24.5363372209139,24.4741920473867,24.4586498313649,24.4379231880585,24.5156263724707,24.5104480028654,24.4793722593216,24.3394139906367,24.3290390547373,24.235616997893,24.3446010620456,24.1836787523513,24.19406852432,24.1888737710728,24.0953227786774,24.19406852432,24.1992630121316,24.2719579925803,24.3809031634257,24.2511932998677,24.0849229045849,24.1576996752618,24.1992630121316,24.2252314710217,24.1525030628745,24.1525030628745,23.9964809427924,24.0485149561396,24.3082860095273,24.3860881214467,24.3757179413665,24.2875287310348,24.4534685658236,24.4379231880585,24.4586498313649,24.4949113154483,24.4793722593216,24.4534685658236,24.4016414116675,24.4120089523324,24.6294840235847,24.4120089523324,24.4431052442089,24.4120089523324,24.396457245529,24.4379231880585,24.3497878691456,24.4638308334468,24.3809031634257,24.2563848704595,24.2511932998677,24.3082860095273,24.3394139906367,24.2511932998677,24.2927184476639,24.3809031634257,24.4482870367845,24.2875287310348,24.3497878691456,24.4223754377718,24.3809031634257,24.3809031634257,24.3446010620456,24.3186630611374,24.3757179413665,24.3860881214467,24.3082860095273,24.5363372209139,24.3342266548802,24.3394139906367,24.3394139906367,24.3809031634257,24.396457245529,24.4275582848784,24.3601606905737,24.4638308334468,24.4120089523324,24.417192326936,24.3653467049792,24.2563848704595,24.2408093636233,24.3030970868713,24.4223754377718,24.4275582848784,24.3653467049792,24.4586498313649,24.5518675968447,24.6863652356057,24.7690450146872,24.9135738442187,24.9651418204509,24.9702971889533,25.0630494515398,25.0990971001769,25.0887990663117,24.9754522977662,25.1093940990381,25.0372933614365,25.0115307913128,25.0372933614365,25.1608635787557,24.9857617364743,25.0681998923707,25.0115307913128,25.0990971001769,25.0784999971428,25.0063774992726
23.6158214886455,23.735909702305,23.8402185911997,23.9548345155266,23.7828619938962,23.6993761963129,23.6732727602916,23.7828619938962,24.0120939477021,23.8193654029997,23.9652477249841,23.9340048894389,23.9235884721781,23.9235884721781,23.9183798623554,24.017297749009,23.8819121009899,24.017297749009,24.16809210295,24.2304243670388,24.261576176083,24.3030970868713,24.3860881214467,24.313474667603,24.3549744119754,24.0693210964281,24.3342266548802,24.2771485035319,24.1836787523513,24.1161193330435,23.9600412538547,24.1213178064842,24.1317139554589,23.8402185911997,23.9808655355738,23.8297925334724,23.7098156861836,23.9756598658044,23.9235884721781,23.9444202371166,23.8819121009899,24.1005223164376,24.4223754377718,24.4793722593216,24.4741920473867,24.4690115721079,24.4223754377718,24.3082860095273,24.1888737710728,24.2927184476639,24.19406852432,24.2044572345467,24.1005223164376,24.1992630121316,24.2927184476639,24.4534685658236,24.5622198668973,24.4638308334468,24.2875287310348,24.261576176083,24.4793722593216,24.4482870367845,24.4327408682945,24.396457245529,24.3809031634257,24.3653467049792,24.4068253139224,24.3757179413665,24.3446010620456,24.3653467049792,24.2875287310348,24.2875287310348,24.4327408682945,24.4638308334468,24.4379231880585,24.5208044790397,24.6450002255868,24.5000904743927,24.4845522079513,24.4120089523324,24.2148448833435,24.3705324552306,24.2563848704595,24.3549744119754,24.417192326936,24.3394139906367,24.4223754377718,24.5622198668973,24.5777463018912,24.4534685658236,24.4690115721079,24.4586498313649,24.4482870367845,24.3809031634257,24.3549744119754,24.5208044790397,24.5622198668973,24.5725710861868,24.5570438632356,24.4534685658236,24.4638308334468,24.1628960219406,24.1265160139431,24.4016414116675,24.2511932998677,24.2460014642685,24.3186630611374,24.4897318933139,24.4638308334468,24.5777463018912,24.3757179413665,24.3238511901693,24.5363372209139,24.4793722593216,24.4482870367845,24.5673956078683,24.4690115721079,24.4638308334468,24.6294840235847,24.6346563530609,24.4223754377718,24.4741920473867,24.525982322611,24.417192326936,24.4068253139224,24.5000904743927,24.4275582848784,24.4949113154483,24.4741920473867,24.5156263724707,24.5000904743927,24.4482870367845,24.4016414116675,24.4638308334468,24.4431052442089,24.4431052442089,24.4793722593216,24.4379231880585,24.4897318933139,24.4949113154483,24.4793722593216,24.417192326936,24.3394139906367,24.3238511901693,24.2252314710217,24.1057215880592,24.1265160139431,24.1732879183289,24.2044572345467,24.1525030628745,24.3030970868713,24.313474667603,24.2408093636233,24.2460014642685,24.1628960219406,24.2771485035319,24.1005223164376,24.1525030628745,24.1732879183289,24.0901229747396,24.1213178064842,24.0537168909092,24.3238511901693,24.3653467049792,24.4431052442089,24.3705324552306,24.5363372209139,24.4482870367845,24.3601606905737,24.5363372209139,24.4223754377718,24.4016414116675,24.4534685658236,24.396457245529,24.417192326936,24.4068253139224,24.4120089523324,24.3912728154683,24.3809031634257,24.417192326936,24.2979078995965,24.2875287310348,24.3497878691456,24.266767216777,24.3705324552306,24.3082860095273,24.235616997893,24.3238511901693,24.3757179413665,24.3705324552306,24.3030970868713,24.1576996752618,24.3757179413665,24.4120089523324,24.313474667603,24.2927184476639,24.3497878691456,24.313474667603,24.3030970868713,24.313474667603,24.3238511901693,24.3342266548802,24.3238511901693,24.4120089523324,24.2719579925803,24.235616997893,24.4068253139224,24.3238511901693,24.4534685658236,24.4586498313649,24.4120089523324,24.3238511901693,24.4586498313649,24.3394139906367,24.3082860095273,24.3082860095273,24.417192326936,24.2979078995965,24.4379231880585,24.6708553211965,24.7845400253874,24.9032571289301,24.8877801045559,24.9702971889533,24.9909160664447,24.9496741564303,25.0115307913128,24.9754522977662,24.9754522977662,25.0424450977087,24.9496741564303,24.9960701368761,25.0475965748176,25.0166838239645,24.9445177487934,24.9342041538485,24.9960701368761,25.0939482126385,25.0681998923707,24.9754522977662
23.730691437042,23.8037226951994,24.0016855446331,23.9652477249841,23.9444202371166,23.6941560476277,23.7932928814756,23.6941560476277,24.032907552491,23.9704539289542,24.0068898795898,23.8193654029997,23.9860709383021,24.02250128355,24.0120939477021,23.9079618401281,24.0797225681742,23.9652477249841,24.1161193330435,24.2408093636233,24.3601606905737,24.3757179413665,24.4534685658236,24.4120089523324,24.313474667603,23.8923327997404,24.3860881214467,24.3601606905737,24.2252314710217,24.1213178064842,24.1213178064842,24.1213178064842,23.9340048894389,24.1265160139431,23.8402185911997,23.730691437042,23.756780074744,24.1109205935815,23.8610674896852,23.9756598658044,23.8297925334724,23.9912760740285,24.4793722593216,24.4897318933139,24.4120089523324,24.4741920473867,24.5673956078683,24.417192326936,24.3705324552306,24.2096511916044,24.313474667603,24.313474667603,24.1732879183289,24.0589185591878,24.261576176083,24.220038309803,24.2719579925803,24.2875287310348,24.266767216777,24.2823387496704,24.417192326936,24.4327408682945,24.4586498313649,24.417192326936,24.417192326936,24.5000904743927,24.4068253139224,24.4120089523324,24.3549744119754,24.3238511901693,24.3290390547373,24.2927184476639,24.4120089523324,24.5363372209139,24.5570438632356,24.5000904743927,24.4897318933139,24.6553430497988,24.5104480028654,24.3082860095273,24.4016414116675,24.3446010620456,24.2979078995965,24.3290390547373,24.3705324552306,24.5000904743927,24.5622198668973,24.5000904743927,24.4016414116675,24.2823387496704,24.4845522079513,24.4482870367845,24.5052693701856,24.4327408682945,24.3497878691456,24.4016414116675,24.4690115721079,24.6863652356057,24.5000904743927,24.4327408682945,24.2875287310348,24.2511932998677,24.2875287310348,24.1317139554589,24.2823387496704,24.3860881214467,24.4845522079513,24.4793722593216,24.598444539334,24.5570438632356,24.4845522079513,24.3394139906367,24.5518675968447,24.6087920833666,24.5208044790397,24.4845522079513,24.4431052442089,24.4482870367845,24.6087920833666,24.6605140688826,24.4845522079513,24.4845522079513,24.5104480028654,24.3497878691456,24.4586498313649,24.4690115721079,24.4949113154483,24.5104480028654,24.525982322611,24.4690115721079,24.3705324552306,24.4379231880585,24.4638308334468,24.5208044790397,24.4897318933139,24.5052693701856,24.5415142757223,24.4845522079513,24.593270373703,24.4741920473867,24.4949113154483,24.3342266548802,24.3394139906367,24.3653467049792,24.3446010620456,24.3446010620456,24.1525030628745,24.16809210295,24.1265160139431,24.4120089523324,24.3186630611374,24.1888737710728,24.2252314710217,24.1525030628745,24.1525030628745,24.1317139554589,24.1473061847397,24.2096511916044,24.220038309803,24.1473061847397,24.16809210295,24.2148448833435,24.3601606905737,24.3705324552306,24.4638308334468,24.417192326936,24.5104480028654,24.5000904743927,24.3549744119754,24.5363372209139,24.4431052442089,24.417192326936,24.4327408682945,24.4793722593216,24.4741920473867,24.4068253139224,24.4431052442089,24.4275582848784,24.3238511901693,24.2979078995965,24.3860881214467,24.3030970868713,24.2979078995965,24.3757179413665,24.3601606905737,24.3912728154683,24.3082860095273,24.4068253139224,24.4068253139224,24.4275582848784,24.2148448833435,24.1784834681163,24.3394139906367,24.3757179413665,24.3082860095273,24.3238511901693,24.3601606905737,24.3497878691456,24.313474667603,24.3757179413665,24.3394139906367,24.3290390547373,24.3809031634257,24.3757179413665,24.3549744119754,24.4120089523324,24.4534685658236,24.3912728154683,24.3601606905737,24.4327408682945,24.4016414116675,24.2771485035319,24.3446010620456,24.3497878691456,24.3394139906367,24.313474667603,24.3912728154683,24.3446010620456,24.3601606905737,24.7587137017957,24.8826205758957,24.9393610812787,25.0630494515398,24.9238895190908,24.9960701368761,25.0578987516956,25.0063774992726,24.9960701368761,25.0475965748176,25.0784999971428,25.0166838239645,25.0063774992726,24.9651418204509,25.0012239478063,25.0578987516956,25.0990971001769,24.9806071469274,25.0424450977087,25.0733500742259,25.0784999971428
23.9652477249841,24.1161193330435,24.0016855446331,24.1732879183289,23.9756598658044,23.7985079225496,23.6837149425584,23.6837149425584,23.9652477249841,24.0068898795898,23.9652477249841,24.0068898795898,23.8193654029997,24.032907552491,23.9183798623554,24.0485149561396,23.8245791023491,23.7776461473113,24.0433127548394,24.235616997893,24.3082860095273,24.5363372209139,24.3912728154683,24.3912728154683,24.0797225681742,24.0849229045849,24.2460014642685,24.19406852432,24.0068898795898,24.0849229045849,24.1265160139431,24.1057215880592,23.9392126969559,24.1161193330435,23.8714903310769,23.7045960758182,23.9079618401281,24.0849229045849,24.0589185591878,24.1005223164376,24.0120939477021,23.8767013499485,24.1213178064842,24.017297749009,24.1784834681163,24.4534685658236,24.5052693701856,24.1836787523513,24.1265160139431,24.1732879183289,24.1888737710728,24.220038309803,24.1992630121316,24.19406852432,24.1057215880592,24.1109205935815,24.2408093636233,24.2927184476639,24.261576176083,24.266767216777,24.1732879183289,24.2719579925803,24.417192326936,24.417192326936,24.4016414116675,24.4016414116675,24.261576176083,24.4068253139224,24.4223754377718,24.3809031634257,24.4275582848784,24.4120089523324,24.4327408682945,24.4379231880585,24.4949113154483,24.3757179413665,24.3601606905737,24.525982322611,24.3653467049792,24.4016414116675,24.2927184476639,24.2719579925803,24.3238511901693,24.3549744119754,24.3238511901693,24.417192326936,24.6243114319154,24.5363372209139,24.2304243670388,24.2460014642685,24.4586498313649,24.4586498313649,24.4379231880585,24.396457245529,24.4638308334468,24.3809031634257,24.4793722593216,24.3757179413665,24.2408093636233,24.2511932998677,24.3342266548802,24.2563848704595,24.2771485035319,24.2771485035319,24.417192326936,24.4690115721079,24.4690115721079,24.4741920473867,24.3446010620456,24.3601606905737,24.3601606905737,24.4586498313649,24.4845522079513,24.4949113154483,24.6553430497988,24.6398284203822,24.5673956078683,24.4586498313649,24.6139654618445,24.6191385780148,24.4327408682945,24.4379231880585,24.3757179413665,24.2252314710217,24.4534685658236,24.4482870367845,24.4949113154483,24.5311599032229,24.5622198668973,24.4223754377718,24.4793722593216,24.3912728154683,24.3912728154683,24.396457245529,24.4016414116675,24.5104480028654,24.4897318933139,24.4638308334468,24.4741920473867,24.4897318933139,24.2771485035319,24.3290390547373,24.3238511901693,24.1992630121316,24.266767216777,24.2460014642685,24.0901229747396,24.2511932998677,24.1057215880592,24.313474667603,24.2771485035319,24.3082860095273,24.2927184476639,24.2771485035319,24.1732879183289,24.1213178064842,24.2511932998677,24.2044572345467,24.19406852432,24.2460014642685,24.0849229045849,24.261576176083,24.2771485035319,24.4431052442089,24.3860881214467,24.5622198668973,24.4327408682945,24.4431052442089,24.4534685658236,24.4223754377718,24.4016414116675,24.4120089523324,24.4120089523324,24.3860881214467,24.3912728154683,24.3809031634257,24.4482870367845,24.3238511901693,24.3705324552306,24.3290390547373,24.2875287310348,24.2875287310348,24.2823387496704,24.3497878691456,24.266767216777,24.235616997893,24.2511932998677,24.1888737710728,24.2979078995965,24.2252314710217,24.3549744119754,24.3809031634257,24.1992630121316,24.313474667603,24.266767216777,24.261576176083,24.3549744119754,24.4327408682945,24.3809031634257,24.3549744119754,24.3446010620456,24.4068253139224,24.2511932998677,24.2875287310348,24.2823387496704,24.3912728154683,24.4431052442089,24.3912728154683,24.3912728154683,24.3290390547373,24.266767216777,24.3653467049792,24.313474667603,24.2823387496704,24.2563848704595,24.3290390547373,24.3342266548802,24.3705324552306,24.3394139906367,24.3601606905737,24.68119552596,24.9599861922213,25.0578987516956,25.0218365972651,24.9702971889533,25.0115307913128,25.0475965748176,25.0578987516956,24.9857617364743,24.9857617364743,24.9702971889533,24.8723007375455,25.0836496611589,25.1196900631945,24.9806071469274,25.0321413659635,25.0218365972651,24.9806071469274,25.0012239478063,25.0887990663117
23.8454312178827,24.1576996752618,24.2044572345467,24.0120939477021,23.9860709383021,23.855855667086,23.6053722968077,23.6628295005078,24.017297749009,24.1836787523513,24.0433127548394,24.0433127548394,23.9652477249841,23.8141514353848,23.9600412538547,23.9444202371166,23.6784939860947,23.6001472960607,24.0641199610143,24.261576176083,24.3238511901693,24.4431052442089,24.3912728154683,24.3705324552306,24.1265160139431,24.0693210964281,24.3030970868713,24.0901229747396,24.0641199610143,23.9131709850186,23.9704539289542,24.1161193330435,23.9652477249841,23.7932928814756,23.8923327997404,23.8037226951994,23.8767013499485,24.1109205935815,24.3394139906367,24.1888737710728,24.1057215880592,24.032907552491,23.9808655355738,23.8767013499485,23.9912760740285,24.2044572345467,24.4534685658236,24.1421090408181,24.1473061847397,24.3446010620456,24.3446010620456,24.4068253139224,24.19406852432,24.2148448833435,24.1213178064842,24.2148448833435,24.3082860095273,24.3860881214467,24.2771485035319,24.2771485035319,24.3030970868713,24.3757179413665,24.3809031634257,24.2563848704595,24.3497878691456,24.3601606905737,24.2719579925803,24.3601606905737,24.3549744119754,24.3549744119754,24.3394139906367,24.3809031634257,24.4949113154483,24.396457245529,24.4793722593216,24.4120089523324,24.2823387496704,24.3653467049792,24.3290390547373,24.3394139906367,24.3653467049792,24.2823387496704,24.3549744119754,24.3082860095273,24.3446010620456,24.4379231880585,24.4534685658236,24.4793722593216,24.2460014642685,24.19406852432,24.4690115721079,24.5208044790397,24.3912728154683,24.4275582848784,24.4586498313649,24.3860881214467,24.4482870367845,24.3238511901693,24.2304243670388,24.1265160139431,24.1421090408181,24.2096511916044,24.4016414116675,24.3238511901693,24.3809031634257,24.4068253139224,24.4793722593216,24.4016414116675,24.3446010620456,24.4845522079513,24.3497878691456,24.3497878691456,24.5000904743927,24.5777463018912,24.5725710861868,24.6243114319154,24.4431052442089,24.588095945611,24.6450002255868,24.6087920833666,24.4690115721079,24.4949113154483,24.4586498313649,24.4638308334468,24.396457245529,24.4327408682945,24.5156263724707,24.4741920473867,24.588095945611,24.5363372209139,24.5415142757223,24.4068253139224,24.417192326936,24.4793722593216,24.4016414116675,24.3912728154683,24.4897318933139,24.5622198668973,24.4586498313649,24.4949113154483,24.3394139906367,24.3653467049792,24.2823387496704,24.2979078995965,24.2563848704595,24.1109205935815,24.1161193330435,24.2460014642685,24.1732879183289,24.1628960219406,24.1836787523513,24.19406852432,24.2979078995965,24.16809210295,24.02250128355,24.1836787523513,24.266767216777,24.261576176083,24.2719579925803,24.261576176083,24.1732879183289,24.1888737710728,24.3601606905737,24.3653467049792,24.5052693701856,24.4482870367845,24.4741920473867,24.4431052442089,24.4482870367845,24.5570438632356,24.4120089523324,24.4275582848784,24.4223754377718,24.4534685658236,24.4586498313649,24.4016414116675,24.3809031634257,24.3653467049792,24.3653467049792,24.3705324552306,24.3030970868713,24.3809031634257,24.3860881214467,24.2875287310348,24.3446010620456,24.3238511901693,24.261576176083,24.2979078995965,24.2823387496704,24.4275582848784,24.417192326936,24.4120089523324,24.2771485035319,24.2563848704595,24.2979078995965,24.2719579925803,24.3757179413665,24.3809031634257,24.3860881214467,24.3186630611374,24.4120089523324,24.3912728154683,24.313474667603,24.3497878691456,24.5570438632356,24.3809031634257,24.3809031634257,24.396457245529,24.3860881214467,24.3757179413665,24.3186630611374,24.3653467049792,24.4379231880585,24.3497878691456,24.3238511901693,24.3549744119754,24.3757179413665,24.3809031634257,24.3342266548802,24.3705324552306,24.396457245529,24.918731811688,24.9496741564303,25.0681998923707,25.0475965748176,25.0681998923707,24.9909160664447,25.0218365972651,25.0630494515398,25.0012239478063,25.0218365972651,24.9960701368761,25.1505717504272,25.0887990663117,25.1299849929454,25.0681998923707,25.0218365972651,25.0578987516956,25.0527477928007,25.1042457289643
24.0537168909092,24.0485149561396,24.2563848704595,24.1525030628745,23.8923327997404,23.7150350274487,23.6680512651093,23.6993761963129,24.0953227786774,24.1888737710728,24.1888737710728,24.1628960219406,24.1628960219406,23.8402185911997,23.8402185911997,23.8610674896852,23.6680512651093,23.6053722968077,24.0068898795898,24.313474667603,24.4741920473867,24.4120089523324,24.1525030628745,24.2511932998677,24.235616997893,24.3809031634257,24.3549744119754,24.19406852432,23.9392126969559,23.9860709383021,23.9964809427924,24.1005223164376,23.9600412538547,23.9235884721781,24.1161193330435,23.9756598658044,23.9235884721781,24.1317139554589,24.3290390547373,24.261576176083,24.2460014642685,24.1265160139431,24.0120939477021,23.9964809427924,23.8662790443357,24.1213178064842,24.3446010620456,24.2408093636233,24.266767216777,24.4741920473867,24.3290390547373,24.313474667603,24.2875287310348,24.1057215880592,24.1005223164376,24.2511932998677,24.2927184476639,24.3446010620456,24.3394139906367,24.3705324552306,24.4845522079513,24.3549744119754,24.4638308334468,24.3601606905737,24.2563848704595,24.0901229747396,24.2719579925803,24.3549744119754,24.4690115721079,24.598444539334,24.3549744119754,24.5673956078683,24.5518675968447,24.4120089523324,24.4845522079513,24.3082860095273,24.2719579925803,24.3549744119754,24.1369116310709,24.3186630611374,24.2979078995965,24.3238511901693,24.3446010620456,24.3549744119754,24.4741920473867,24.396457245529,24.2979078995965,24.261576176083,24.2148448833435,24.1005223164376,24.4431052442089,24.4793722593216,24.6036184425424,24.4534685658236,24.4327408682945,24.4638308334468,24.3653467049792,24.2408093636233,24.3446010620456,24.220038309803,24.235616997893,24.3238511901693,24.417192326936,24.3705324552306,24.3757179413665,24.5000904743927,24.4793722593216,24.4690115721079,24.3653467049792,24.4793722593216,24.3342266548802,24.3497878691456,24.4690115721079,24.6191385780148,24.6553430497988,24.5311599032229,24.4482870367845,24.4638308334468,24.6398284203822,24.6139654618445,24.6450002255868,24.5156263724707,24.4845522079513,24.5052693701856,24.4586498313649,24.593270373703,24.6139654618445,24.4482870367845,24.6191385780148,24.593270373703,24.6036184425424,24.5777463018912,24.4327408682945,24.5311599032229,24.4845522079513,24.4275582848784,24.4845522079513,24.5311599032229,24.4741920473867,24.4793722593216,24.3446010620456,24.3497878691456,24.417192326936,24.3030970868713,24.2511932998677,24.0953227786774,24.0901229747396,24.2304243670388,24.266767216777,24.266767216777,24.2511932998677,24.1992630121316,24.2823387496704,24.2823387496704,24.0693210964281,24.0797225681742,24.235616997893,24.2304243670388,24.266767216777,24.1369116310709,24.2927184476639,24.2148448833435,24.1057215880592,24.4741920473867,24.4223754377718,24.4638308334468,24.4793722593216,24.4379231880585,24.5725710861868,24.5570438632356,24.4586498313649,24.4275582848784,24.417192326936,24.3912728154683,24.417192326936,24.3912728154683,24.4275582848784,24.3238511901693,24.2771485035319,24.1525030628745,24.3601606905737,24.3757179413665,24.3446010620456,24.2927184476639,24.4223754377718,24.2563848704595,24.3238511901693,24.3082860095273,24.2304243670388,24.3186630611374,24.3186630611374,24.3290390547373,24.3186630611374,24.2096511916044,24.3342266548802,24.2511932998677,24.4068253139224,24.3912728154683,24.3497878691456,24.3809031634257,24.4068253139224,24.261576176083,24.417192326936,24.4431052442089,24.3497878691456,24.4120089523324,24.3757179413665,24.3809031634257,24.3653467049792,24.4379231880585,24.4327408682945,24.4223754377718,24.4223754377718,24.3082860095273,24.2927184476639,24.3030970868713,24.3601606905737,24.3809031634257,24.3912728154683,24.4223754377718,24.4741920473867,24.7173779975772,24.9496741564303,25.1093940990381,25.0990971001769,25.0784999971428,25.0166838239645,25.0424450977087,25.0012239478063,25.0424450977087,25.0012239478063,25.1351320700124,24.9960701368761,25.1145422104357,25.0012239478063,25.1351320700124,25.0372933614365,25.0115307913128,25.1196900631945,25.1299849929454
23.8923327997404,23.9340048894389,24.0381102869696,24.0433127548394,23.9912760740285,23.7202540996537,23.5321977073394,23.7098156861836,24.0953227786774,24.0641199610143,24.0901229747396,23.9860709383021,23.9860709383021,23.6993761963129,23.5426544630727,23.8454312178827,23.6210456798163,23.6158214886455,23.6993761963129,24.313474667603,24.3860881214467,24.3238511901693,24.1473061847397,24.017297749009,24.1628960219406,24.1992630121316,24.3653467049792,24.032907552491,23.8975427475285,23.9079618401281,23.9183798623554,24.1057215880592,24.0589185591878,24.0068898795898,24.1213178064842,24.0120939477021,24.0433127548394,24.1161193330435,24.1836787523513,24.2408093636233,24.1888737710728,24.017297749009,23.9964809427924,23.9964809427924,23.9860709383021,24.0120939477021,24.1784834681163,24.0641199610143,24.1161193330435,24.0797225681742,24.1265160139431,24.1732879183289,24.1369116310709,24.1317139554589,24.1421090408181,24.1784834681163,24.4897318933139,24.4327408682945,24.3653467049792,24.3601606905737,24.4949113154483,24.4534685658236,24.3549744119754,24.3705324552306,24.2563848704595,24.266767216777,24.313474667603,24.3653467049792,24.4482870367845,24.3912728154683,24.4223754377718,24.3290390547373,24.6139654618445,24.3912728154683,24.2148448833435,24.2096511916044,24.2719579925803,24.1836787523513,24.1525030628745,24.1732879183289,24.16809210295,24.2563848704595,24.3809031634257,24.417192326936,24.3549744119754,24.4793722593216,24.3705324552306,24.3238511901693,24.2044572345467,24.1992630121316,24.3186630611374,24.3290390547373,24.4534685658236,24.417192326936,24.3809031634257,24.3653467049792,24.3653467049792,24.3653467049792,24.1628960219406,24.2096511916044,24.1888737710728,24.3342266548802,24.4482870367845,24.4741920473867,24.4690115721079,24.5000904743927,24.3549744119754,24.3446010620456,24.261576176083,24.525982322611,24.525982322611,24.5466910676864,24.5829212550199,24.5673956078683,24.6967038696157,24.68119552596,24.4379231880585,24.4482870367845,24.6036184425424,24.6967038696157,24.5363372209139,24.4845522079513,24.4897318933139,24.4949113154483,24.4741920473867,24.5466910676864,24.5466910676864,24.6294840235847,24.6294840235847,24.5466910676864,24.5622198668973,24.5466910676864,24.4897318933139,24.5156263724707,24.5208044790397,24.4741920473867,24.4793722593216,24.3549744119754,24.417192326936,24.5000904743927,24.4949113154483,24.5415142757223,24.5052693701856,24.2719579925803,24.2511932998677,24.02250128355,24.1161193330435,24.1525030628745,24.2408093636233,24.3446010620456,24.3290390547373,24.2823387496704,24.2927184476639,24.2875287310348,24.1784834681163,24.0693210964281,24.0745219654683,24.1525030628745,24.266767216777,24.2511932998677,24.2823387496704,24.235616997893,24.16809210295,24.4068253139224,24.3860881214467,24.4068253139224,24.4741920473867,24.4793722593216,24.4327408682945,24.4120089523324,24.4949113154483,24.5415142757223,24.5311599032229,24.4534685658236,24.4741920473867,24.417192326936,24.4068253139224,24.3238511901693,24.4223754377718,24.4379231880585,24.3757179413665,24.396457245529,24.3290390547373,24.2979078995965,24.2875287310348,24.3030970868713,24.3030970868713,24.2823387496704,24.2044572345467,24.1836787523513,24.235616997893,24.313474667603,24.3030970868713,24.2511932998677,24.3082860095273,24.261576176083,24.3757179413665,24.3186630611374,24.2875287310348,24.3290390547373,24.3757179413665,24.4120089523324,24.417192326936,24.3601606905737,24.3809031634257,24.3238511901693,24.3757179413665,24.4638308334468,24.3809031634257,24.4068253139224,24.4120089523324,24.4275582848784,24.4068253139224,24.3030970868713,24.396457245529,24.3446010620456,24.3705324552306,24.3290390547373,24.3860881214467,24.2927184476639,24.3653467049792,24.5052693701856,24.9651418204509,25.0115307913128,25.0269891112523,25.0784999971428,25.0630494515398,25.0527477928007,25.0166838239645,25.0166838239645,25.0218365972651,25.0527477928007,25.0063774992726,25.0115307913128,25.0063774992726,25.1196900631945,25.0115307913128,25.1042457289643,25.0939482126385,24.9084156166453
23.8923327997404,23.9756598658044,23.9496275099604,23.9392126969559,23.7254729028382,23.7411276986669,23.7619969958994,23.7619969958994,23.8714903310769,24.0797225681742,23.9808655355738,24.0016855446331,23.8193654029997,23.7411276986669,23.7463454261675,23.9548345155266,23.7672136483527,23.6680512651093,23.8923327997404,24.313474667603,24.396457245529,24.3186630611374,23.9756598658044,24.1161193330435,24.2771485035319,24.1057215880592,23.9183798623554,24.1109205935815,24.02250128355,23.9183798623554,23.9183798623554,23.9912760740285,24.0797225681742,24.0693210964281,24.017297749009,23.8402185911997,24.017297749009,24.017297749009,24.235616997893,24.3030970868713,24.1888737710728,24.1628960219406,24.220038309803,24.0277045513642,23.9964809427924,24.1161193330435,24.017297749009,23.9964809427924,23.9287968145261,23.9235884721781,24.1265160139431,24.1732879183289,24.1836787523513,24.1836787523513,24.1732879183289,24.2875287310348,24.3394139906367,24.313474667603,24.4534685658236,24.4534685658236,24.4431052442089,24.4275582848784,24.5052693701856,24.4275582848784,24.3342266548802,24.4793722593216,24.3860881214467,24.4638308334468,24.598444539334,24.525982322611,24.4068253139224,24.3912728154683,24.3342266548802,24.313474667603,24.3186630611374,24.1784834681163,24.3290390547373,24.1317139554589,23.9652477249841,24.1888737710728,24.2044572345467,24.3497878691456,24.3912728154683,24.3912728154683,24.313474667603,24.4690115721079,24.2719579925803,24.2823387496704,24.3186630611374,24.2511932998677,24.266767216777,24.3186630611374,24.261576176083,24.3912728154683,24.3653467049792,24.3705324552306,24.4482870367845,24.235616997893,24.2460014642685,24.1992630121316,24.1628960219406,24.2511932998677,24.4327408682945,24.4275582848784,24.3342266548802,24.5000904743927,24.4897318933139,24.5156263724707,24.5208044790397,24.5415142757223,24.5725710861868,24.593270373703,24.5829212550199,24.5777463018912,24.6294840235847,24.5829212550199,24.5208044790397,24.5725710861868,24.5415142757223,24.5156263724707,24.5725710861868,24.5622198668973,24.4897318933139,24.4741920473867,24.6087920833666,24.598444539334,24.525982322611,24.5052693701856,24.5622198668973,24.5311599032229,24.5311599032229,24.5570438632356,24.4638308334468,24.5156263724707,24.4897318933139,24.4845522079513,24.4327408682945,24.4949113154483,24.3912728154683,24.4897318933139,24.5104480028654,24.5104480028654,24.5777463018912,24.5570438632356,24.3912728154683,24.1992630121316,24.1732879183289,24.1421090408181,24.1628960219406,24.2304243670388,24.3601606905737,24.3030970868713,24.313474667603,24.1836787523513,24.1888737710728,24.0485149561396,24.1005223164376,24.0381102869696,24.2304243670388,24.1836787523513,24.1473061847397,24.3549744119754,24.3342266548802,24.3705324552306,24.4638308334468,24.4016414116675,24.4638308334468,24.4638308334468,24.4120089523324,24.5518675968447,24.5104480028654,24.4327408682945,24.417192326936,24.5466910676864,24.4223754377718,24.4741920473867,24.417192326936,24.4068253139224,24.3860881214467,24.3082860095273,24.2979078995965,24.3809031634257,24.396457245529,24.4068253139224,24.2771485035319,24.2979078995965,24.2460014642685,24.266767216777,24.2563848704595,24.2252314710217,24.2044572345467,24.2563848704595,24.2875287310348,24.3342266548802,24.2511932998677,24.2408093636233,24.2979078995965,24.2719579925803,24.2927184476639,24.3394139906367,24.3186630611374,24.3082860095273,24.2252314710217,24.3342266548802,24.235616997893,24.3653467049792,24.3497878691456,24.396457245529,24.4223754377718,24.4016414116675,24.4379231880585,24.4120089523324,24.3860881214467,24.3394139906367,24.3601606905737,24.3757179413665,24.4431052442089,24.4016414116675,24.3653467049792,24.3705324552306,24.3290390547373,24.4068253139224,24.6656848260024,24.9393610812787,25.0269891112523,25.0372933614365,25.0269891112523,25.0475965748176,24.9651418204509,25.0012239478063,25.0166838239645,25.0527477928007,25.0115307913128,25.1454254487159,25.1351320700124,25.1093940990381,25.0630494515398,25.0939482126385,25.0733500742259,25.0269891112523
23.8923327997404,24.1057215880592,23.9392126969559,24.0797225681742,23.9600412538547,23.9027524276446,23.6837149425584,23.7254729028382,23.8714903310769,23.855855667086,23.8714903310769,23.8454312178827,23.6210456798163,23.6576074664474,23.8089371994645,24.0068898795898,23.8193654029997,23.6419397471125,24.0016855446331,24.3238511901693,24.3705324552306,24.3082860095273,24.3030970868713,24.1473061847397,24.1525030628745,24.16809210295,24.0485149561396,24.16809210295,24.1005223164376,23.8871225842407,24.0953227786774,24.0485149561396,24.032907552491,23.9652477249841,23.8089371994645,23.9808655355738,24.1265160139431,24.261576176083,24.4016414116675,24.3186630611374,24.3809031634257,24.3342266548802,24.2044572345467,24.1473061847397,24.2252314710217,24.1628960219406,24.1628960219406,24.0433127548394,24.0693210964281,24.2096511916044,24.0589185591878,24.1473061847397,24.2979078995965,24.2252314710217,24.2460014642685,24.3549744119754,24.2563848704595,24.3601606905737,24.4223754377718,24.4845522079513,24.525982322611,24.5311599032229,24.5156263724707,24.4586498313649,24.4327408682945,24.3705324552306,24.525982322611,24.5156263724707,24.5518675968447,24.5622198668973,24.5415142757223,24.3601606905737,24.19406852432,24.2044572345467,24.3497878691456,24.1525030628745,24.2148448833435,24.1525030628745,24.1888737710728,24.2044572345467,24.266767216777,24.266767216777,24.3912728154683,24.3549744119754,24.235616997893,24.3653467049792,24.3446010620456,24.3601606905737,24.2408093636233,24.2563848704595,24.3601606905737,24.396457245529,24.4120089523324,24.4275582848784,24.3601606905737,24.4223754377718,24.4586498313649,24.5673956078683,24.3238511901693,24.266767216777,24.2719579925803,24.3342266548802,24.3186630611374,24.3394139906367,24.3757179413665,24.3290390547373,24.4016414116675,24.5000904743927,24.5000904743927,24.5466910676864,24.4379231880585,24.4949113154483,24.4638308334468,24.5622198668973,24.4793722593216,24.5466910676864,24.4845522079513,24.525982322611,24.4482870367845,24.4586498313649,24.525982322611,24.6294840235847,24.4897318933139,24.5208044790397,24.4793722593216,24.5052693701856,24.4120089523324,24.6087920833666,24.5104480028654,24.5000904743927,24.5518675968447,24.525982322611,24.4845522079513,24.5104480028654,24.4741920473867,24.4741920473867,24.5208044790397,24.5208044790397,24.4845522079513,24.4845522079513,24.4690115721079,24.4845522079513,24.4741920473867,24.5570438632356,24.4690115721079,24.2823387496704,24.1628960219406,24.1109205935815,24.1213178064842,24.3290390547373,24.2979078995965,24.3497878691456,24.3497878691456,24.2771485035319,24.1525030628745,24.220038309803,24.2304243670388,24.1317139554589,24.2979078995965,24.3446010620456,24.2719579925803,24.3238511901693,24.3446010620456,24.4327408682945,24.4949113154483,24.4586498313649,24.4793722593216,24.4586498313649,24.4638308334468,24.5622198668973,24.5000904743927,24.4223754377718,24.417192326936,24.5415142757223,24.4379231880585,24.4586498313649,24.4482870367845,24.3238511901693,24.4482870367845,24.3809031634257,24.3186630611374,24.4638308334468,24.313474667603,24.3549744119754,24.3082860095273,24.3186630611374,24.2875287310348,24.2979078995965,24.2096511916044,24.220038309803,24.2927184476639,24.1992630121316,24.3446010620456,24.3342266548802,24.261576176083,24.2927184476639,24.3757179413665,24.2823387496704,24.3238511901693,24.4120089523324,24.2875287310348,24.3601606905737,24.2823387496704,24.2511932998677,24.2460014642685,24.3860881214467,24.3860881214467,24.3860881214467,24.4275582848784,24.3705324552306,24.3394139906367,24.4482870367845,24.3912728154683,24.4431052442089,24.4120089523324,24.4431052442089,24.4327408682945,24.4482870367845,24.4586498313649,24.313474667603,24.313474667603,24.3653467049792,24.4741920473867,24.8310109648659,25.0321413659635,25.0475965748176,25.1042457289643,25.1042457289643,25.0269891112523,25.0166838239645,25.0372933614365,25.1299849929454,25.14027888859,25.14027888859,25.1093940990381,25.1814441360816,25.1299849929454,25.1145422104357,24.9754522977662,25.0372933614365
24.0693210964281,24.1005223164376,23.9340048894389,24.0068898795898,24.1473061847397,23.9496275099604,23.730691437042,23.735909702305,23.735909702305,23.8454312178827,23.6837149425584,23.3699794542649,23.4171019220656,23.6419397471125,23.7202540996537,23.9235884721781,23.9131709850186,23.7932928814756,24.0797225681742,24.3653467049792,24.3238511901693,24.313474667603,24.1317139554589,24.2979078995965,24.1369116310709,23.9027524276446,23.9652477249841,23.9444202371166,24.1005223164376,23.9756598658044,23.8975427475285,23.9235884721781,24.0381102869696,23.8089371994645,23.6993761963129,23.9444202371166,24.2148448833435,24.4120089523324,24.3030970868713,24.3497878691456,24.2252314710217,24.2096511916044,24.3238511901693,24.2979078995965,24.2927184476639,24.0433127548394,23.9287968145261,24.017297749009,23.9392126969559,24.017297749009,24.2044572345467,24.2563848704595,24.1784834681163,24.1265160139431,24.1836787523513,24.1369116310709,24.2252314710217,24.2875287310348,24.4741920473867,24.4741920473867,24.5466910676864,24.5415142757223,24.4223754377718,24.4068253139224,24.4275582848784,24.4379231880585,24.6708553211965,24.5725710861868,24.5466910676864,24.6294840235847,24.5622198668973,24.396457245529,24.0745219654683,24.3342266548802,24.3342266548802,24.3290390547373,24.3238511901693,24.1836787523513,24.1992630121316,24.1784834681163,24.2408093636233,24.2096511916044,24.266767216777,24.3860881214467,24.3757179413665,24.3238511901693,24.3912728154683,24.266767216777,24.16809210295,24.1576996752618,24.313474667603,24.3394139906367,24.4379231880585,24.3860881214467,24.396457245529,24.2771485035319,24.3860881214467,24.4379231880585,24.5104480028654,24.4275582848784,24.2719579925803,24.2719579925803,24.1732879183289,24.1213178064842,24.3446010620456,24.3497878691456,24.3394139906367,24.5000904743927,24.4482870367845,24.5208044790397,24.4793722593216,24.5104480028654,24.588095945611,24.5208044790397,24.6243114319154,24.7122098579989,24.5104480028654,24.4534685658236,24.5311599032229,24.5156263724707,24.5000904743927,24.5466910676864,24.4741920473867,24.4793722593216,24.4949113154483,24.588095945611,24.5311599032229,24.4638308334468,24.5311599032229,24.4741920473867,24.5518675968447,24.5208044790397,24.5208044790397,24.3705324552306,24.525982322611,24.4379231880585,24.5311599032229,24.5208044790397,24.4949113154483,24.5673956078683,24.5104480028654,24.5518675968447,24.525982322611,24.5622198668973,24.4690115721079,24.4431052442089,24.2563848704595,24.1784834681163,24.1888737710728,24.2979078995965,24.3238511901693,24.2511932998677,24.3394139906367,24.3757179413665,24.4016414116675,24.1836787523513,24.1628960219406,24.2511932998677,24.3549744119754,24.4379231880585,24.3549744119754,24.3342266548802,24.4845522079513,24.525982322611,24.4482870367845,24.4327408682945,24.4482870367845,24.4223754377718,24.4793722593216,24.417192326936,24.4223754377718,24.5829212550199,24.5052693701856,24.4845522079513,24.4275582848784,24.4793722593216,24.3497878691456,24.4275582848784,24.4534685658236,24.4793722593216,24.3186630611374,24.3809031634257,24.3030970868713,24.396457245529,24.3497878691456,24.3186630611374,24.2719579925803,24.261576176083,24.3394139906367,24.2823387496704,24.3030970868713,24.2304243670388,24.2875287310348,24.2563848704595,24.266767216777,24.3549744119754,24.3653467049792,24.4016414116675,24.396457245529,24.3446010620456,24.3705324552306,24.313474667603,24.3601606905737,24.2460014642685,24.2460014642685,24.3030970868713,24.3912728154683,24.396457245529,24.3757179413665,24.4741920473867,24.3757179413665,24.4793722593216,24.3446010620456,24.4275582848784,24.4068253139224,24.3757179413665,24.3446010620456,24.4327408682945,24.417192326936,24.3860881214467,24.3705324552306,24.4068253139224,24.5156263724707,24.6605140688826,24.8929393729232,25.0269891112523,25.0372933614365,25.0681998923707,24.9960701368761,24.9651418204509,24.9806071469274,25.0115307913128,25.0269891112523,25.1454254487159,25.1454254487159,25.0372933614365,25.1196900631945,25.0836496611589,25.124837657352,25.1093940990381
24.0433127548394,24.1109205935815,23.9652477249841,24.0901229747396,23.9600412538547,23.8662790443357,23.8506435764983,23.7098156861836,23.6941560476277,23.7045960758182,23.4694344430479,23.4537375334835,23.5321977073394,23.3804530147045,23.5740182424435,23.9392126969559,24.0016855446331,23.9444202371166,24.3757179413665,24.313474667603,24.3082860095273,24.3082860095273,24.1421090408181,24.1317139554589,24.1369116310709,23.8767013499485,23.9183798623554,23.8506435764983,23.8141514353848,23.9131709850186,23.8089371994645,23.9287968145261,24.1057215880592,23.9444202371166,23.9183798623554,24.0953227786774,24.0849229045849,24.417192326936,24.417192326936,24.3238511901693,24.3290390547373,24.2875287310348,24.4379231880585,24.313474667603,24.2563848704595,23.9860709383021,23.7932928814756,24.0120939477021,23.8871225842407,24.0277045513642,24.1576996752618,24.3186630611374,24.3290390547373,24.2044572345467,24.3757179413665,24.1732879183289,24.313474667603,24.3342266548802,24.2511932998677,24.4534685658236,24.5104480028654,24.5000904743927,24.5673956078683,24.5673956078683,24.5829212550199,24.5673956078683,24.5673956078683,24.5725710861868,24.4534685658236,24.5673956078683,24.5570438632356,24.4897318933139,24.1992630121316,24.3238511901693,24.4120089523324,24.2408093636233,24.3342266548802,24.2148448833435,24.2096511916044,24.1317139554589,24.2719579925803,24.266767216777,24.313474667603,24.2460014642685,24.3653467049792,24.4016414116675,24.4327408682945,24.3601606905737,24.2927184476639,24.4482870367845,24.3342266548802,24.2511932998677,24.4068253139224,24.3290390547373,24.3394139906367,24.3497878691456,24.3549744119754,24.3809031634257,24.4431052442089,24.4690115721079,24.2044572345467,24.313474667603,24.16809210295,24.4223754377718,24.3549744119754,24.3809031634257,24.4638308334468,24.5777463018912,24.5104480028654,24.5052693701856,24.5311599032229,24.7483813439431,24.7432147730614,24.7018727940562,24.7173779975772,24.5518675968447,24.6294840235847,24.5000904743927,24.5363372209139,24.4741920473867,24.4534685658236,24.5415142757223,24.5466910676864,24.4949113154483,24.588095945611,24.5829212550199,24.3757179413665,24.5777463018912,24.5208044790397,24.5673956078683,24.5156263724707,24.4431052442089,24.5725710861868,24.5052693701856,24.3757179413665,24.4638308334468,24.4741920473867,24.4586498313649,24.5052693701856,24.5518675968447,24.5673956078683,24.593270373703,24.4534685658236,24.5363372209139,24.5725710861868,24.4431052442089,24.3497878691456,24.3238511901693,24.3549744119754,24.3497878691456,24.3030970868713,24.2719579925803,24.3030970868713,24.313474667603,24.3030970868713,24.1317139554589,24.19406852432,24.2563848704595,24.3653467049792,24.4793722593216,24.3809031634257,24.3394139906367,24.525982322611,24.3809031634257,24.5052693701856,24.3757179413665,24.5052693701856,24.525982322611,24.5622198668973,24.5156263724707,24.3601606905737,24.5052693701856,24.5518675968447,24.4741920473867,24.4586498313649,24.4534685658236,24.4379231880585,24.3860881214467,24.4534685658236,24.4327408682945,24.4741920473867,24.4949113154483,24.396457245529,24.4068253139224,24.4275582848784,24.396457245529,24.2875287310348,24.266767216777,24.266767216777,24.2563848704595,24.2148448833435,24.2148448833435,24.220038309803,24.1369116310709,24.3290390547373,24.3705324552306,24.3809031634257,24.3705324552306,24.2771485035319,24.3290390547373,24.3186630611374,24.313474667603,24.220038309803,24.2460014642685,24.3394139906367,24.3238511901693,24.3653467049792,24.3757179413665,24.396457245529,24.3860881214467,24.2927184476639,24.4431052442089,24.4223754377718,24.4586498313649,24.3186630611374,24.4741920473867,24.3757179413665,24.5052693701856,24.4482870367845,24.4534685658236,24.3757179413665,24.4068253139224,24.4327408682945,24.6191385780148,24.68119552596,24.86197985757,25.0681998923707,25.0321413659635,25.0424450977087,25.0012239478063,25.0939482126385,25.0218365972651,25.0733500742259,25.1557177937613,25.0836496611589,25.1196900631945,25.1042457289643,25.0063774992726,25.1196900631945,24.9754522977662
23.9340048894389,23.9704539289542,24.1005223164376,23.8662790443357,24.0693210964281,24.0277045513642,23.7724300321434,23.8402185911997,23.7098156861836,23.5269689238028,23.537426220416,23.4485046882223,23.5269689238028,23.5531101372871,23.8141514353848,23.9027524276446,24.0537168909092,24.2148448833435,24.3394139906367,24.2771485035319,24.1057215880592,24.1732879183289,24.1213178064842,24.1421090408181,23.9912760740285,23.8662790443357,23.9340048894389,23.9183798623554,23.8662790443357,23.9496275099604,23.9287968145261,23.735909702305,23.9964809427924,24.0485149561396,23.9860709383021,23.9496275099604,23.9860709383021,24.4016414116675,24.417192326936,24.2563848704595,24.2460014642685,24.3238511901693,24.2511932998677,24.235616997893,24.0120939477021,23.9860709383021,23.9652477249841,24.032907552491,23.8245791023491,24.2304243670388,24.1161193330435,24.2408093636233,24.2304243670388,24.2304243670388,24.2511932998677,24.1992630121316,24.3342266548802,24.2460014642685,24.2563848704595,24.3757179413665,24.593270373703,24.4897318933139,24.417192326936,24.5208044790397,24.5518675968447,24.5622198668973,24.5208044790397,24.5622198668973,24.4068253139224,24.5829212550199,24.5466910676864,24.5466910676864,24.417192326936,24.4120089523324,24.396457245529,24.3186630611374,24.2460014642685,24.1525030628745,24.0849229045849,24.1525030628745,24.0589185591878,24.0745219654683,24.220038309803,24.2927184476639,24.3653467049792,24.3601606905737,24.4223754377718,24.3549744119754,24.4482870367845,24.3290390547373,24.3549744119754,24.313474667603,24.4327408682945,24.3549744119754,24.3082860095273,24.3290390547373,24.3238511901693,24.4482870367845,24.3601606905737,24.3186630611374,24.2823387496704,24.3653467049792,24.3186630611374,24.3394139906367,24.4586498313649,24.4068253139224,24.5570438632356,24.7535476535085,24.5000904743927,24.525982322611,24.5415142757223,24.6967038696157,24.8258485704877,24.7277134921382,24.5570438632356,24.4949113154483,24.5311599032229,24.5363372209139,24.5415142757223,24.5363372209139,24.5415142757223,24.5466910676864,24.525982322611,24.5415142757223,24.5208044790397,24.5052693701856,24.5311599032229,24.5000904743927,24.5156263724707,24.5673956078683,24.5363372209139,24.5311599032229,24.5052693701856,24.5104480028654,24.5000904743927,24.5000904743927,24.5156263724707,24.5052693701856,24.4845522079513,24.5466910676864,24.525982322611,24.5622198668973,24.588095945611,24.5000904743927,24.4534685658236,24.4379231880585,24.3705324552306,24.3601606905737,24.3186630611374,24.3757179413665,24.3497878691456,24.1421090408181,24.2304243670388,24.1265160139431,24.1161193330435,24.1473061847397,24.16809210295,24.3809031634257,24.3860881214467,24.3912728154683,24.2460014642685,24.3342266548802,24.4223754377718,24.4482870367845,24.5311599032229,24.5415142757223,24.4534685658236,24.5104480028654,24.5156263724707,24.5208044790397,24.4431052442089,24.4482870367845,24.4275582848784,24.5156263724707,24.4534685658236,24.4068253139224,24.4068253139224,24.4586498313649,24.3342266548802,24.4534685658236,24.4897318933139,24.3549744119754,24.4845522079513,24.4120089523324,24.3601606905737,24.3549744119754,24.3705324552306,24.261576176083,24.261576176083,24.235616997893,24.2408093636233,24.2875287310348,24.3290390547373,24.3497878691456,24.3238511901693,24.220038309803,24.3601606905737,24.3601606905737,24.3497878691456,24.2044572345467,24.3757179413665,24.4016414116675,24.3446010620456,24.3497878691456,24.3497878691456,24.3497878691456,24.2979078995965,24.3809031634257,24.5208044790397,24.3809031634257,24.3757179413665,24.4482870367845,24.4741920473867,24.4534685658236,24.3809031634257,24.4741920473867,24.4638308334468,24.5156263724707,24.5208044790397,24.3757179413665,24.5208044790397,24.3290390547373,24.313474667603,24.5829212550199,24.5777463018912,24.7742102793675,25.0269891112523,24.9806071469274,24.9806071469274,25.0269891112523,25.0321413659635,25.0321413659635,25.0475965748176,25.0424450977087,25.0475965748176,25.0063774992726,25.0630494515398,24.9754522977662,25.1196900631945,25.0733500742259
24.0849229045849,23.9704539289542,23.9808655355738,23.9340048894389,24.1213178064842,23.9704539289542,23.7880775719377,23.7619969958994,23.735909702305,23.5217398697661,23.5426544630727,23.5269689238028,23.5687916214632,23.730691437042,24.1992630121316,24.0016855446331,24.1992630121316,24.3446010620456,24.3809031634257,24.3394139906367,24.1369116310709,23.9652477249841,24.0953227786774,24.1576996752618,24.1525030628745,23.8662790443357,24.0120939477021,24.0745219654683,24.017297749009,24.0693210964281,23.9392126969559,23.9756598658044,24.0693210964281,24.0849229045849,24.1161193330435,23.9287968145261,24.1888737710728,24.5570438632356,24.4482870367845,24.2927184476639,24.396457245529,24.2823387496704,24.0849229045849,24.3238511901693,24.1732879183289,24.0589185591878,23.9860709383021,24.0068898795898,24.1317139554589,24.2563848704595,24.2979078995965,24.261576176083,24.1421090408181,24.3809031634257,24.3186630611374,24.3497878691456,24.3705324552306,24.4638308334468,24.3030970868713,24.4016414116675,24.5052693701856,24.5415142757223,24.7328808471969,24.5415142757223,24.6398284203822,24.6450002255868,24.5052693701856,24.396457245529,24.4482870367845,24.6501717687129,24.5466910676864,24.593270373703,24.4586498313649,24.4845522079513,24.3860881214467,24.4120089523324,24.1992630121316,24.2408093636233,24.0693210964281,24.0745219654683,24.1369116310709,24.2979078995965,24.2927184476639,24.313474667603,24.2408093636233,24.3394139906367,24.2719579925803,24.4327408682945,24.3290390547373,24.4482870367845,24.313474667603,24.4016414116675,24.3497878691456,24.1784834681163,24.3653467049792,24.3290390547373,24.3446010620456,24.4275582848784,24.5208044790397,24.396457245529,24.3860881214467,24.3290390547373,24.3809031634257,24.4431052442089,24.3549744119754,24.4379231880585,24.4897318933139,24.5156263724707,24.4638308334468,24.4586498313649,24.5518675968447,24.6450002255868,24.8310109648659,24.86197985757,24.6863652356057,24.4327408682945,24.5104480028654,24.5466910676864,24.5466910676864,24.5415142757223,24.4275582848784,24.4275582848784,24.5104480028654,24.4845522079513,24.5052693701856,24.5777463018912,24.5104480028654,24.5104480028654,24.598444539334,24.5415142757223,24.593270373703,24.5466910676864,24.5363372209139,24.4275582848784,24.396457245529,24.5518675968447,24.5052693701856,24.5363372209139,24.5363372209139,24.5311599032229,24.5466910676864,24.6036184425424,24.5777463018912,24.5311599032229,24.4327408682945,24.4223754377718,24.4431052442089,24.3653467049792,24.3653467049792,24.3653467049792,24.3705324552306,24.3601606905737,24.261576176083,24.1265160139431,24.1369116310709,24.0745219654683,24.032907552491,24.1888737710728,24.3238511901693,24.2927184476639,24.3705324552306,24.2875287310348,24.396457245529,24.4223754377718,24.3860881214467,24.5208044790397,24.5052693701856,24.5156263724707,24.525982322611,24.5673956078683,24.4845522079513,24.396457245529,24.4068253139224,24.4638308334468,24.4379231880585,24.4690115721079,24.4534685658236,24.4327408682945,24.3238511901693,24.4431052442089,24.4897318933139,24.3238511901693,24.4638308334468,24.4741920473867,24.4379231880585,24.4223754377718,24.261576176083,24.3290390547373,24.2563848704595,24.2148448833435,24.2044572345467,24.3549744119754,24.3342266548802,24.3497878691456,24.3290390547373,24.3549744119754,24.3238511901693,24.3912728154683,24.3705324552306,24.4120089523324,24.4016414116675,24.396457245529,24.3186630611374,24.2719579925803,24.4431052442089,24.3549744119754,24.3757179413665,24.3653467049792,24.5000904743927,24.4638308334468,24.4016414116675,24.3809031634257,24.4379231880585,24.3912728154683,24.4638308334468,24.4638308334468,24.5829212550199,24.3705324552306,24.4275582848784,24.4690115721079,24.417192326936,24.3860881214467,24.4690115721079,24.5622198668973,24.588095945611,24.7793752829217,24.9135738442187,25.0372933614365,25.0475965748176,25.0475965748176,25.0475965748176,25.0012239478063,25.1711543738743,25.0321413659635,25.1865886299367,25.0887990663117,25.0887990663117,25.0836496611589,25.1145422104357,25.0939482126385
23.9600412538547,23.8767013499485,23.8923327997404,23.8662790443357,23.8871225842407,23.8662790443357,23.9600412538547,23.8506435764983,23.7985079225496,23.6837149425584,23.5269689238028,23.7045960758182,23.5426544630727,24.0381102869696,24.1888737710728,24.1888737710728,24.4223754377718,24.4379231880585,24.396457245529,24.3238511901693,24.1473061847397,23.9756598658044,24.2979078995965,24.0745219654683,24.0381102869696,24.1265160139431,24.1265160139431,24.02250128355,23.9912760740285,23.9287968145261,23.8245791023491,24.0277045513642,24.2460014642685,24.2563848704595,24.1317139554589,24.1213178064842,23.9756598658044,24.2252314710217,24.4275582848784,24.2979078995965,24.266767216777,24.0849229045849,24.0589185591878,24.0433127548394,24.0016855446331,24.0120939477021,23.9912760740285,24.0693210964281,24.2252314710217,24.4016414116675,24.2511932998677,24.1369116310709,24.1525030628745,24.1369116310709,24.396457245529,24.313474667603,24.3653467049792,24.3653467049792,24.3549744119754,24.3653467049792,24.4845522079513,24.5156263724707,24.5311599032229,24.5363372209139,24.5156263724707,24.6139654618445,24.3342266548802,24.3446010620456,24.5570438632356,24.68119552596,24.5673956078683,24.5208044790397,24.4690115721079,24.3446010620456,24.235616997893,24.4586498313649,24.3290390547373,24.2719579925803,24.0381102869696,24.0433127548394,24.0901229747396,24.2148448833435,24.3030970868713,24.1421090408181,24.1888737710728,24.0953227786774,24.3809031634257,24.3290390547373,24.2719579925803,24.3186630611374,24.2771485035319,24.4120089523324,24.3186630611374,24.3446010620456,24.4379231880585,24.3809031634257,24.3549744119754,24.4431052442089,24.4327408682945,24.4275582848784,24.4275582848784,24.3549744119754,24.4275582848784,24.4223754377718,24.3342266548802,24.3809031634257,24.2771485035319,24.4068253139224,24.5000904743927,24.4741920473867,24.4120089523324,24.5208044790397,24.6708553211965,24.6760255545029,24.7328808471969,24.5518675968447,24.5518675968447,24.5466910676864,24.4534685658236,24.5466910676864,24.4431052442089,24.5570438632356,24.4327408682945,24.417192326936,24.4897318933139,24.588095945611,24.588095945611,24.593270373703,24.5363372209139,24.525982322611,24.5415142757223,24.5156263724707,24.4016414116675,24.4016414116675,24.5000904743927,24.5208044790397,24.4949113154483,24.5208044790397,24.5466910676864,24.4793722593216,24.5518675968447,24.4793722593216,24.5518675968447,24.6450002255868,24.4845522079513,24.3549744119754,24.3809031634257,24.4638308334468,24.3394139906367,24.4275582848784,24.3653467049792,24.4068253139224,24.2563848704595,24.1525030628745,24.1265160139431,24.1473061847397,24.0120939477021,24.1109205935815,24.1784834681163,24.2719579925803,24.313474667603,24.3342266548802,24.3653467049792,24.417192326936,24.4845522079513,24.4534685658236,24.5208044790397,24.525982322611,24.5000904743927,24.4845522079513,24.396457245529,24.4016414116675,24.4068253139224,24.4586498313649,24.5570438632356,24.4327408682945,24.4690115721079,24.4223754377718,24.2823387496704,24.3238511901693,24.4223754377718,24.4638308334468,24.4845522079513,24.3601606905737,24.4949113154483,24.4897318933139,24.4327408682945,24.3394139906367,24.3030970868713,24.2511932998677,24.261576176083,24.4120089523324,24.396457245529,24.2927184476639,24.2979078995965,24.2460014642685,24.3394139906367,24.3290390547373,24.3497878691456,24.3186630611374,24.3653467049792,24.3446010620456,24.3446010620456,24.2823387496704,24.266767216777,24.3394139906367,24.3860881214467,24.5311599032229,24.4534685658236,24.4431052442089,24.3757179413665,24.4690115721079,24.4431052442089,24.4482870367845,24.396457245529,24.5466910676864,24.3860881214467,24.3809031634257,24.3446010620456,24.4379231880585,24.4586498313649,24.4223754377718,24.4897318933139,24.4690115721079,24.593270373703,24.6036184425424,24.7432147730614,24.8980983810354,24.9806071469274,25.0166838239645,24.9909160664447,24.9857617364743,25.0321413659635,25.1299849929454,25.1505717504272,25.1505717504272,25.0115307913128,25.0012239478063,25.0939482126385,25.1093940990381
24.0381102869696,23.9548345155266,23.9496275099604,23.9079618401281,23.9392126969559,23.9600412538547,23.9964809427924,23.8089371994645,23.9027524276446,23.7672136483527,23.5321977073394,23.584470674027,23.6732727602916,24.0016855446331,24.3342266548802,24.3394139906367,24.4327408682945,24.3757179413665,24.4223754377718,24.3809031634257,24.1836787523513,24.16809210295,24.1628960219406,24.017297749009,23.9600412538547,24.2719579925803,24.0901229747396,24.0901229747396,24.02250128355,24.1836787523513,24.0849229045849,24.0693210964281,24.3549744119754,24.313474667603,24.1265160139431,24.0849229045849,24.0797225681742,24.1109205935815,24.3186630611374,24.2875287310348,24.2148448833435,24.0537168909092,24.0901229747396,24.0068898795898,23.9912760740285,24.0589185591878,23.8037226951994,24.0797225681742,24.1525030628745,24.3757179413665,24.2252314710217,24.1576996752618,24.1421090408181,24.1421090408181,24.3549744119754,24.3860881214467,24.266767216777,24.2771485035319,24.266767216777,24.3705324552306,24.5466910676864,24.4793722593216,24.525982322611,24.5156263724707,24.525982322611,24.4120089523324,24.313474667603,24.2979078995965,24.4275582848784,24.5570438632356,24.4690115721079,24.3601606905737,24.3186630611374,24.4068253139224,24.3860881214467,24.4586498313649,24.4275582848784,24.3705324552306,24.0953227786774,24.2252314710217,24.2252314710217,24.1992630121316,24.3030970868713,24.2927184476639,24.3757179413665,24.1109205935815,24.4327408682945,24.3497878691456,24.3497878691456,24.3186630611374,24.2823387496704,24.3705324552306,24.5000904743927,24.4120089523324,24.5000904743927,24.4586498313649,24.4534685658236,24.4223754377718,24.3809031634257,24.4379231880585,24.4379231880585,24.3705324552306,24.3757179413665,24.3860881214467,24.3757179413665,24.4275582848784,24.5156263724707,24.4949113154483,24.3394139906367,24.4379231880585,24.4223754377718,24.4068253139224,24.5622198668973,24.6605140688826,24.7018727940562,24.7587137017957,24.7173779975772,24.5466910676864,24.4223754377718,24.5518675968447,24.4638308334468,24.4897318933139,24.4327408682945,24.6191385780148,24.5725710861868,24.5156263724707,24.6398284203822,24.4845522079513,24.6191385780148,24.4949113154483,24.6036184425424,24.5052693701856,24.6087920833666,24.5208044790397,24.4897318933139,24.5208044790397,24.5156263724707,24.5208044790397,24.3912728154683,24.6036184425424,24.5570438632356,24.5570438632356,24.5622198668973,24.4949113154483,24.3757179413665,24.3860881214467,24.4638308334468,24.3809031634257,24.3601606905737,24.3809031634257,24.2719579925803,24.266767216777,24.266767216777,24.1109205935815,24.1161193330435,24.1265160139431,24.1888737710728,24.1732879183289,24.1992630121316,24.313474667603,24.3186630611374,24.3030970868713,24.4586498313649,24.3601606905737,24.4690115721079,24.5673956078683,24.5104480028654,24.5156263724707,24.4482870367845,24.5052693701856,24.5156263724707,24.3860881214467,24.4431052442089,24.4949113154483,24.4897318933139,24.4120089523324,24.4845522079513,24.4534685658236,24.4016414116675,24.417192326936,24.4586498313649,24.3394139906367,24.4016414116675,24.4327408682945,24.4897318933139,24.417192326936,24.3601606905737,24.3860881214467,24.3497878691456,24.2823387496704,24.1992630121316,24.3186630611374,24.3030970868713,24.4120089523324,24.4327408682945,24.2979078995965,24.3497878691456,24.2927184476639,24.3082860095273,24.3030970868713,24.3860881214467,24.2979078995965,24.1784834681163,24.3290390547373,24.266767216777,24.3290390547373,24.3446010620456,24.4482870367845,24.5208044790397,24.4431052442089,24.4431052442089,24.4327408682945,24.4120089523324,24.396457245529,24.3860881214467,24.525982322611,24.4379231880585,24.4431052442089,24.2823387496704,24.4586498313649,24.4431052442089,24.3446010620456,24.5725710861868,24.5363372209139,24.5777463018912,24.7742102793675,24.7948687272058,24.9238895190908,24.9960701368761,25.0218365972651,24.9960701368761,24.9702971889533,25.1865886299367,25.0527477928007,25.1917328656758,25.0733500742259,25.0681998923707,25.0012239478063,25.1093940990381,24.9496741564303
23.9704539289542,24.1109205935815,24.0745219654683,24.0120939477021,23.9756598658044,23.9600412538547,23.8767013499485,23.8245791023491,23.855855667086,23.7098156861836,23.5740182424435,23.6576074664474,23.8193654029997,24.1888737710728,24.3186630611374,24.4327408682945,24.4379231880585,24.417192326936,24.3809031634257,24.3653467049792,24.19406852432,24.1161193330435,24.0537168909092,23.756780074744,24.032907552491,24.2927184476639,24.0120939477021,24.0068898795898,24.1992630121316,24.1888737710728,24.1784834681163,24.0589185591878,24.1005223164376,24.2823387496704,24.266767216777,24.266767216777,24.1161193330435,24.2148448833435,24.3186630611374,24.3030970868713,24.2719579925803,24.0849229045849,24.02250128355,24.1057215880592,23.7828619938962,23.8819121009899,24.0797225681742,24.2044572345467,24.1888737710728,24.266767216777,24.3342266548802,24.1888737710728,24.2096511916044,24.4068253139224,24.396457245529,24.3705324552306,24.3342266548802,24.3705324552306,24.2719579925803,24.3653467049792,24.4431052442089,24.5052693701856,24.4741920473867,24.6139654618445,24.5000904743927,24.4016414116675,24.2875287310348,24.2823387496704,24.3497878691456,24.4690115721079,24.68119552596,24.4379231880585,24.2511932998677,24.2979078995965,24.4690115721079,24.4068253139224,24.4638308334468,24.261576176083,24.4431052442089,24.2927184476639,24.220038309803,24.3082860095273,24.19406852432,24.3653467049792,24.3342266548802,24.2823387496704,24.3549744119754,24.3809031634257,24.3912728154683,24.3705324552306,24.3549744119754,24.4016414116675,24.3912728154683,24.5000904743927,24.5104480028654,24.4949113154483,24.4120089523324,24.4482870367845,24.4482870367845,24.3912728154683,24.3601606905737,24.4275582848784,24.4379231880585,24.3860881214467,24.3082860095273,24.4949113154483,24.4379231880585,24.5622198668973,24.525982322611,24.396457245529,24.4327408682945,24.4379231880585,24.4534685658236,24.5104480028654,24.525982322611,24.5415142757223,24.5518675968447,24.5673956078683,24.5725710861868,24.5622198668973,24.5777463018912,24.4586498313649,24.5052693701856,24.5052693701856,24.593270373703,24.6346563530609,24.4534685658236,24.5518675968447,24.5156263724707,24.6087920833666,24.4223754377718,24.6087920833666,24.5673956078683,24.4741920473867,24.4949113154483,24.4120089523324,24.3809031634257,24.4845522079513,24.4949113154483,24.5156263724707,24.5725710861868,24.5673956078683,24.5673956078683,24.5466910676864,24.5415142757223,24.4845522079513,24.4690115721079,24.4482870367845,24.4068253139224,24.313474667603,24.2927184476639,24.2823387496704,24.3082860095273,24.235616997893,24.1109205935815,24.1732879183289,24.1628960219406,24.16809210295,24.2408093636233,24.2563848704595,24.2979078995965,24.3030970868713,24.4741920473867,24.4793722593216,24.5052693701856,24.6346563530609,24.4845522079513,24.4638308334468,24.525982322611,24.5052693701856,24.5104480028654,24.5208044790397,24.3601606905737,24.4016414116675,24.4120089523324,24.4327408682945,24.4793722593216,24.4793722593216,24.417192326936,24.3860881214467,24.2979078995965,24.235616997893,24.313474667603,24.4845522079513,24.4379231880585,24.4327408682945,24.4120089523324,24.2563848704595,24.2979078995965,24.19406852432,24.1784834681163,24.3809031634257,24.3082860095273,24.3653467049792,24.2823387496704,24.1836787523513,24.266767216777,24.2823387496704,24.2511932998677,24.396457245529,24.1732879183289,24.3186630611374,24.2460014642685,24.266767216777,24.2719579925803,24.2927184476639,24.3290390547373,24.5000904743927,24.5363372209139,24.5311599032229,24.3705324552306,24.4068253139224,24.4120089523324,24.3757179413665,24.3653467049792,24.5518675968447,24.396457245529,24.5208044790397,24.4275582848784,24.4275582848784,24.4327408682945,24.4120089523324,24.4638308334468,24.4586498313649,24.5052693701856,24.6605140688826,24.7173779975772,24.9342041538485,24.9445177487934,24.9909160664447,24.9857617364743,24.9857617364743,24.9754522977662,25.0166838239645,25.0733500742259,25.0166838239645,25.1351320700124,25.1145422104357,25.1093940990381,25.1145422104357
24.1317139554589,24.1213178064842,24.235616997893,23.9340048894389,23.9860709383021,23.9444202371166,24.0120939477021,23.8297925334724,23.8610674896852,23.7932928814756,23.6680512651093,23.652385162888,23.8245791023491,24.2096511916044,24.3030970868713,24.4482870367845,24.4327408682945,24.4327408682945,24.4327408682945,24.417192326936,24.3653467049792,24.1628960219406,24.2927184476639,24.0693210964281,24.1421090408181,24.1576996752618,24.0068898795898,24.02250128355,24.1369116310709,24.19406852432,24.1005223164376,23.9079618401281,24.2304243670388,24.3030970868713,24.2823387496704,24.1888737710728,23.9964809427924,24.1265160139431,24.2979078995965,24.261576176083,24.2044572345467,24.0277045513642,24.1057215880592,23.9444202371166,24.0537168909092,24.0849229045849,24.3860881214467,24.3912728154683,24.3549744119754,24.2927184476639,24.4379231880585,24.1473061847397,24.3549744119754,24.313474667603,24.4275582848784,24.5363372209139,24.4275582848784,24.4223754377718,24.2927184476639,24.3082860095273,24.4016414116675,24.6191385780148,24.593270373703,24.3653467049792,24.2979078995965,24.4845522079513,24.3082860095273,24.2148448833435,24.3912728154683,24.4275582848784,24.3860881214467,24.4327408682945,24.2927184476639,24.266767216777,24.6708553211965,24.417192326936,24.3186630611374,24.266767216777,24.4327408682945,24.3912728154683,24.3497878691456,24.266767216777,24.3601606905737,24.3860881214467,24.3342266548802,24.3186630611374,24.3238511901693,24.3705324552306,24.3497878691456,24.3601606905737,24.3860881214467,24.593270373703,24.5052693701856,24.5052693701856,24.5570438632356,24.4690115721079,24.5311599032229,24.2719579925803,24.4534685658236,24.4431052442089,24.2979078995965,24.2771485035319,24.4068253139224,24.3860881214467,24.3653467049792,24.3446010620456,24.4327408682945,24.5777463018912,24.7018727940562,24.5725710861868,24.525982322611,24.4016414116675,24.4534685658236,24.525982322611,24.4275582848784,24.4534685658236,24.4327408682945,24.4638308334468,24.4741920473867,24.5518675968447,24.598444539334,24.5570438632356,24.5415142757223,24.6036184425424,24.5466910676864,24.6346563530609,24.4690115721079,24.68119552596,24.5363372209139,24.4897318933139,24.4223754377718,24.4482870367845,24.5518675968447,24.4793722593216,24.4431052442089,24.4327408682945,24.4793722593216,24.4534685658236,24.4586498313649,24.4534685658236,24.4690115721079,24.4741920473867,24.417192326936,24.3757179413665,24.3705324552306,24.3653467049792,24.3653467049792,24.3653467049792,24.2927184476639,24.2927184476639,24.266767216777,24.1836787523513,24.261576176083,24.1161193330435,24.0901229747396,24.0381102869696,24.1213178064842,24.1473061847397,24.0797225681742,24.2408093636233,24.2460014642685,24.19406852432,24.3238511901693,24.4741920473867,24.4897318933139,24.5673956078683,24.4845522079513,24.4845522079513,24.4586498313649,24.4120089523324,24.4327408682945,24.4120089523324,24.5156263724707,24.5156263724707,24.4897318933139,24.417192326936,24.5777463018912,24.4534685658236,24.4068253139224,24.3549744119754,24.2823387496704,24.2875287310348,24.3030970868713,24.4327408682945,24.3809031634257,24.4534685658236,24.313474667603,24.266767216777,24.261576176083,24.2044572345467,24.19406852432,24.1628960219406,24.1628960219406,24.261576176083,24.2875287310348,24.2823387496704,24.266767216777,24.1628960219406,24.1836787523513,24.2823387496704,24.2771485035319,24.2511932998677,24.2979078995965,24.1473061847397,24.3912728154683,24.261576176083,24.2875287310348,24.3446010620456,24.3549744119754,24.4068253139224,24.3601606905737,24.3497878691456,24.3912728154683,24.4223754377718,24.4120089523324,24.4016414116675,24.3601606905737,24.4534685658236,24.4431052442089,24.4793722593216,24.4327408682945,24.3238511901693,24.5466910676864,24.5518675968447,24.5415142757223,24.5104480028654,24.7793752829217,24.7742102793675,24.9857617364743,24.9857617364743,25.0063774992726,24.9702971889533,24.9806071469274,25.0527477928007,25.0269891112523,24.9960701368761,24.9960701368761,25.0939482126385,25.0269891112523,25.0681998923707
24.1109205935815,23.9704539289542,23.9808655355738,23.9027524276446,23.9392126969559,23.9964809427924,23.9704539289542,24.032907552491,23.855855667086,23.7515628848466,23.594922025375,23.7098156861836,23.8871225842407,24.1265160139431,24.3186630611374,24.4482870367845,24.4327408682945,24.3601606905737,24.3912728154683,24.4016414116675,24.3912728154683,24.4793722593216,24.3082860095273,24.1317139554589,24.0016855446331,23.9235884721781,24.0068898795898,24.0016855446331,24.1161193330435,24.1265160139431,24.0693210964281,24.0849229045849,24.2927184476639,24.2511932998677,24.1836787523513,24.1213178064842,24.0433127548394,24.261576176083,24.3342266548802,24.2823387496704,24.1057215880592,24.0901229747396,24.0277045513642,24.0745219654683,23.9496275099604,24.0745219654683,24.4016414116675,24.5156263724707,24.5363372209139,24.3342266548802,24.3497878691456,24.2771485035319,24.3809031634257,24.3549744119754,24.3446010620456,24.2719579925803,24.2979078995965,24.4120089523324,24.313474667603,24.417192326936,24.4016414116675,24.5829212550199,24.4638308334468,24.2875287310348,24.5104480028654,24.4586498313649,24.2823387496704,24.2979078995965,24.3446010620456,24.3549744119754,24.220038309803,24.2044572345467,24.2148448833435,24.2875287310348,24.4327408682945,24.4327408682945,24.4379231880585,24.396457245529,24.4120089523324,24.3653467049792,24.4068253139224,24.2408093636233,24.266767216777,24.3290390547373,24.3030970868713,24.3394139906367,24.3860881214467,24.2979078995965,24.3705324552306,24.3342266548802,24.4690115721079,24.598444539334,24.5052693701856,24.5000904743927,24.4897318933139,24.5363372209139,24.4793722593216,24.4379231880585,24.4482870367845,24.4431052442089,24.2823387496704,24.4223754377718,24.3860881214467,24.3757179413665,24.3705324552306,24.4379231880585,24.4534685658236,24.5311599032229,24.6243114319154,24.5518675968447,24.5104480028654,24.417192326936,24.4482870367845,24.2096511916044,24.235616997893,24.4949113154483,24.4949113154483,24.4897318933139,24.4482870367845,24.4482870367845,24.5415142757223,24.4741920473867,24.4638308334468,24.4949113154483,24.593270373703,24.525982322611,24.4638308334468,24.525982322611,24.4741920473867,24.5777463018912,24.4897318933139,24.4845522079513,24.4068253139224,24.5518675968447,24.4534685658236,24.4741920473867,24.5000904743927,24.5208044790397,24.4690115721079,24.5777463018912,24.4845522079513,24.3757179413665,24.3809031634257,24.3757179413665,24.4586498313649,24.3601606905737,24.4586498313649,24.3809031634257,24.3912728154683,24.2927184476639,24.2719579925803,24.2148448833435,24.2252314710217,24.2563848704595,24.1161193330435,24.220038309803,24.2148448833435,24.2511932998677,24.0641199610143,24.19406852432,24.19406852432,24.2771485035319,24.2979078995965,24.4068253139224,24.3549744119754,24.4690115721079,24.3757179413665,24.4690115721079,24.4431052442089,24.4690115721079,24.4482870367845,24.5311599032229,24.4223754377718,24.3549744119754,24.5311599032229,24.4586498313649,24.6605140688826,24.5208044790397,24.4379231880585,24.3912728154683,24.4275582848784,24.3290390547373,24.266767216777,24.3030970868713,24.2979078995965,24.4223754377718,24.3394139906367,24.4275582848784,24.3030970868713,24.2979078995965,24.2408093636233,24.1784834681163,24.220038309803,24.1836787523513,24.1888737710728,24.1888737710728,24.2771485035319,24.2096511916044,24.1473061847397,24.235616997893,24.0797225681742,24.2148448833435,24.220038309803,24.2252314710217,24.266767216777,24.2927184476639,24.2927184476639,24.2771485035319,24.2875287310348,24.3549744119754,24.3653467049792,24.4120089523324,24.5052693701856,24.4638308334468,24.3757179413665,24.3705324552306,24.3912728154683,24.417192326936,24.4690115721079,24.4690115721079,24.4379231880585,24.4845522079513,24.525982322611,24.4638308334468,24.598444539334,24.5104480028654,24.7328808471969,24.9238895190908,24.9857617364743,24.954830304227,24.8155229994525,24.9909160664447,24.9702971889533,25.0115307913128,25.0630494515398,24.9857617364743,25.0063774992726,25.1505717504272,24.954830304227,24.9960701368761
24.3186630611374,24.1317139554589,24.1265160139431,23.9912760740285,23.7880775719377,23.9704539289542,23.8662790443357,23.9444202371166,24.0016855446331,23.8245791023491,23.7463454261675,23.855855667086,23.9027524276446,24.2460014642685,24.3705324552306,24.4379231880585,24.3342266548802,24.396457245529,24.3757179413665,24.3446010620456,24.2719579925803,24.3757179413665,24.235616997893,24.2044572345467,23.9235884721781,23.9340048894389,23.8297925334724,24.0381102869696,24.0693210964281,24.1784834681163,24.313474667603,24.1888737710728,24.3030970868713,24.2875287310348,24.235616997893,24.2096511916044,24.2408093636233,24.19406852432,24.2771485035319,24.3290390547373,24.0849229045849,23.9704539289542,24.02250128355,24.0953227786774,23.9704539289542,24.02250128355,24.2460014642685,24.525982322611,24.5208044790397,24.2460014642685,24.2096511916044,24.3394139906367,24.4431052442089,24.3601606905737,24.2875287310348,24.2563848704595,24.3030970868713,24.396457245529,24.4068253139224,24.4379231880585,24.4016414116675,24.3809031634257,24.3446010620456,24.3549744119754,24.5156263724707,24.5311599032229,24.3653467049792,24.2719579925803,24.3912728154683,24.4016414116675,24.2148448833435,24.1576996752618,24.1732879183289,24.1784834681163,24.3860881214467,24.3549744119754,24.2252314710217,24.3601606905737,24.417192326936,24.3290390547373,24.4068253139224,24.3601606905737,24.2823387496704,24.0849229045849,24.266767216777,24.3653467049792,24.3653467049792,24.4068253139224,24.3549744119754,24.4016414116675,24.4897318933139,24.6036184425424,24.6760255545029,24.4845522079513,24.5622198668973,24.5415142757223,24.5518675968447,24.4534685658236,24.4793722593216,24.4275582848784,24.4482870367845,24.3653467049792,24.3601606905737,24.3446010620456,24.4793722593216,24.4379231880585,24.4379231880585,24.4741920473867,24.5311599032229,24.3809031634257,24.4379231880585,24.4482870367845,24.3342266548802,24.2408093636233,24.4431052442089,24.5725710861868,24.4482870367845,24.5673956078683,24.4690115721079,24.5104480028654,24.5570438632356,24.525982322611,24.5466910676864,24.6501717687129,24.598444539334,24.5518675968447,24.5466910676864,24.5156263724707,24.5363372209139,24.5208044790397,24.4793722593216,24.4793722593216,24.4068253139224,24.4120089523324,24.5570438632356,24.5052693701856,24.5466910676864,24.4534685658236,24.4327408682945,24.5208044790397,24.3705324552306,24.3809031634257,24.396457245529,24.2771485035319,24.3757179413665,24.4068253139224,24.5052693701856,24.4327408682945,24.4534685658236,24.3030970868713,24.3082860095273,24.2927184476639,24.3238511901693,24.2148448833435,24.2148448833435,24.0745219654683,24.2304243670388,24.2096511916044,24.2927184476639,24.2927184476639,24.266767216777,24.3809031634257,24.3860881214467,24.4534685658236,24.4690115721079,24.4741920473867,24.4793722593216,24.5052693701856,24.5104480028654,24.5208044790397,24.5156263724707,24.4741920473867,24.4275582848784,24.4223754377718,24.4068253139224,24.4949113154483,24.4586498313649,24.4690115721079,24.525982322611,24.5104480028654,24.4845522079513,24.4327408682945,24.417192326936,24.3653467049792,24.3238511901693,24.3549744119754,24.3860881214467,24.3497878691456,24.3186630611374,24.2875287310348,24.2875287310348,24.313474667603,24.1992630121316,24.1888737710728,24.3290390547373,24.2875287310348,24.2927184476639,24.2719579925803,24.2771485035319,24.1473061847397,24.2304243670388,24.2304243670388,24.266767216777,24.1992630121316,24.1732879183289,24.261576176083,24.3809031634257,24.2875287310348,24.313474667603,24.4275582848784,24.4223754377718,24.4068253139224,24.5156263724707,24.4845522079513,24.5208044790397,24.4068253139224,24.4327408682945,24.4482870367845,24.5104480028654,24.5052693701856,24.4275582848784,24.4016414116675,24.4482870367845,24.5363372209139,24.525982322611,24.7380479408253,24.7742102793675,24.9084156166453,24.9496741564303,24.9806071469274,24.9599861922213,24.9651418204509,24.9754522977662,24.9960701368761,25.0063774992726,25.0372933614365,24.9857617364743,25.0836496611589,25.0424450977087,24.9445177487934
24.0485149561396,23.9287968145261,23.8506435764983,23.8454312178827,23.8089371994645,23.8297925334724,23.8089371994645,23.9496275099604,23.9600412538547,23.8454312178827,23.8819121009899,23.8662790443357,23.8610674896852,24.0277045513642,24.2460014642685,24.2927184476639,24.4275582848784,24.4586498313649,24.3342266548802,24.4845522079513,24.3912728154683,24.261576176083,24.1369116310709,23.9548345155266,23.9704539289542,24.1421090408181,23.9808655355738,24.1992630121316,24.0745219654683,24.0589185591878,24.1992630121316,24.19406852432,24.16809210295,24.2304243670388,24.1369116310709,24.261576176083,24.3705324552306,24.2823387496704,24.2823387496704,24.1369116310709,24.0797225681742,24.017297749009,24.1213178064842,24.1161193330435,23.9704539289542,23.9860709383021,24.220038309803,24.2719579925803,24.2927184476639,24.2927184476639,24.2875287310348,24.3030970868713,24.2927184476639,24.3082860095273,24.2823387496704,24.2927184476639,24.3082860095273,24.3082860095273,24.266767216777,24.3549744119754,24.3394139906367,24.4327408682945,24.3601606905737,24.1836787523513,24.2823387496704,24.4068253139224,24.417192326936,24.16809210295,24.3030970868713,24.3290390547373,24.16809210295,24.2719579925803,24.2771485035319,24.2771485035319,24.3860881214467,24.2823387496704,24.2460014642685,24.396457245529,24.4482870367845,24.5466910676864,24.4327408682945,24.2979078995965,24.261576176083,24.2563848704595,24.3601606905737,24.3653467049792,24.4482870367845,24.4379231880585,24.3757179413665,24.4068253139224,24.4016414116675,24.4379231880585,24.3342266548802,24.4120089523324,24.4741920473867,24.5156263724707,24.4586498313649,24.4534685658236,24.4534685658236,24.4638308334468,24.5415142757223,24.5208044790397,24.4741920473867,24.4120089523324,24.4845522079513,24.4534685658236,24.4638308334468,24.3394139906367,24.3860881214467,24.3809031634257,24.4068253139224,24.3238511901693,24.3653467049792,24.3497878691456,24.3912728154683,24.4327408682945,24.4327408682945,24.5363372209139,24.5104480028654,24.4690115721079,24.4482870367845,24.4897318933139,24.5466910676864,24.4431052442089,24.4431052442089,24.5156263724707,24.5156263724707,24.525982322611,24.588095945611,24.6450002255868,24.525982322611,24.5311599032229,24.4534685658236,24.4223754377718,24.3497878691456,24.3549744119754,24.417192326936,24.4741920473867,24.4275582848784,24.4690115721079,24.4016414116675,24.396457245529,24.4379231880585,24.4690115721079,24.3757179413665,24.3653467049792,24.3290390547373,24.2771485035319,24.4534685658236,24.4482870367845,24.2979078995965,24.2460014642685,24.2979078995965,24.2252314710217,24.2252314710217,24.0745219654683,24.2304243670388,24.261576176083,24.19406852432,24.3186630611374,24.2511932998677,24.313474667603,24.4534685658236,24.5052693701856,24.4793722593216,24.4327408682945,24.5000904743927,24.4379231880585,24.4793722593216,24.5052693701856,24.5104480028654,24.4638308334468,24.4016414116675,24.4534685658236,24.417192326936,24.4638308334468,24.4275582848784,24.5208044790397,24.5518675968447,24.5363372209139,24.4690115721079,24.4379231880585,24.3238511901693,24.2148448833435,24.3394139906367,24.396457245529,24.4431052442089,24.3497878691456,24.3238511901693,24.3238511901693,24.3238511901693,24.313474667603,24.313474667603,24.2979078995965,24.2979078995965,24.2719579925803,24.3186630611374,24.235616997893,24.2408093636233,24.2511932998677,24.2823387496704,24.16809210295,24.266767216777,24.2460014642685,24.2823387496704,24.266767216777,24.3342266548802,24.220038309803,24.3446010620456,24.2823387496704,24.4638308334468,24.6243114319154,24.5104480028654,24.5208044790397,24.6605140688826,24.525982322611,24.5052693701856,24.5052693701856,24.5156263724707,24.417192326936,24.5000904743927,24.3809031634257,24.5208044790397,24.4482870367845,24.5673956078683,24.4793722593216,24.7793752829217,25.0063774992726,25.124837657352,24.9857617364743,24.9754522977662,24.8206859153626,24.9702971889533,25.0321413659635,25.1145422104357,25.0012239478063,25.1145422104357,25.0681998923707,25.0939482126385,24.9496741564303
24.0537168909092,23.9808655355738,23.8767013499485,23.7880775719377,23.7932928814756,23.7672136483527,23.7828619938962,23.7724300321434,23.9600412538547,23.9600412538547,24.1369116310709,24.1421090408181,23.8767013499485,23.8819121009899,23.9808655355738,24.0641199610143,24.4223754377718,24.4638308334468,24.4793722593216,24.4845522079513,24.3757179413665,24.2563848704595,24.1109205935815,23.9964809427924,24.0953227786774,24.1576996752618,24.1213178064842,24.3446010620456,24.1784834681163,23.9704539289542,24.1784834681163,24.1109205935815,24.0016855446331,24.1369116310709,24.0277045513642,24.1265160139431,24.3238511901693,24.2823387496704,24.1576996752618,24.1369116310709,24.017297749009,24.0953227786774,24.2511932998677,24.2252314710217,24.1576996752618,24.0381102869696,23.9756598658044,24.2927184476639,24.2044572345467,24.0068898795898,24.3082860095273,24.2979078995965,24.4327408682945,24.4327408682945,24.266767216777,24.3082860095273,24.4327408682945,24.2823387496704,24.16809210295,24.3446010620456,24.4275582848784,24.3342266548802,24.3290390547373,24.1784834681163,24.3186630611374,24.3030970868713,24.417192326936,24.3030970868713,24.1628960219406,24.2408093636233,24.1317139554589,24.220038309803,24.1732879183289,24.3809031634257,24.3809031634257,24.3030970868713,24.3653467049792,24.4482870367845,24.4379231880585,24.5363372209139,24.5000904743927,24.4120089523324,24.3082860095273,24.2719579925803,24.2096511916044,24.3601606905737,24.2771485035319,24.4482870367845,24.4534685658236,24.3601606905737,24.2771485035319,24.3601606905737,24.3030970868713,24.396457245529,24.4327408682945,24.4327408682945,24.4223754377718,24.5673956078683,24.5052693701856,24.4482870367845,24.4741920473867,24.5104480028654,24.5156263724707,24.4690115721079,24.3549744119754,24.4275582848784,24.396457245529,24.4068253139224,24.5466910676864,24.3601606905737,24.4068253139224,24.2511932998677,24.2408093636233,24.417192326936,24.3601606905737,24.4949113154483,24.4897318933139,24.5829212550199,24.5829212550199,24.5104480028654,24.588095945611,24.5570438632356,24.4379231880585,24.4223754377718,24.3809031634257,24.5156263724707,24.525982322611,24.5363372209139,24.5466910676864,24.5311599032229,24.5777463018912,24.4120089523324,24.5104480028654,24.525982322611,24.4327408682945,24.3446010620456,24.4949113154483,24.525982322611,24.4638308334468,24.4120089523324,24.5466910676864,24.5363372209139,24.5156263724707,24.4068253139224,24.4482870367845,24.3860881214467,24.3186630611374,24.4016414116675,24.5052693701856,24.5052693701856,24.2511932998677,24.2148448833435,24.3030970868713,24.2563848704595,24.2719579925803,24.1992630121316,24.1888737710728,24.2096511916044,24.3186630611374,24.266767216777,24.2408093636233,24.2148448833435,24.396457245529,24.4379231880585,24.4741920473867,24.4845522079513,24.4690115721079,24.5311599032229,24.5104480028654,24.4379231880585,24.4741920473867,24.5518675968447,24.4897318933139,24.5363372209139,24.4741920473867,24.5104480028654,24.396457245529,24.4016414116675,24.4845522079513,24.4431052442089,24.4379231880585,24.4949113154483,24.4068253139224,24.3186630611374,24.3082860095273,24.313474667603,24.3290390547373,24.3082860095273,24.3809031634257,24.4379231880585,24.3082860095273,24.313474667603,24.2875287310348,24.2875287310348,24.3290390547373,24.2875287310348,24.2719579925803,24.2460014642685,24.2979078995965,24.2875287310348,24.1836787523513,24.261576176083,24.220038309803,24.16809210295,24.2096511916044,24.2771485035319,24.2823387496704,24.2719579925803,24.2719579925803,24.266767216777,24.3809031634257,24.525982322611,24.4120089523324,24.3912728154683,24.4534685658236,24.5156263724707,24.4379231880585,24.3290390547373,24.4120089523324,24.5000904743927,24.3238511901693,24.3653467049792,24.4793722593216,24.5570438632356,24.4949113154483,24.7483813439431,24.8774607869049,24.8877801045559,25.0218365972651,25.0218365972651,25.1042457289643,25.0218365972651,24.9909160664447,25.0218365972651,25.0681998923707,25.1557177937613,25.0424450977087,25.0630494515398,25.0321413659635,24.9496741564303
23.8506435764983,23.756780074744,23.8297925334724,23.855855667086,23.8402185911997,23.8350056964094,23.8245791023491,23.7880775719377,23.855855667086,23.9392126969559,24.0589185591878,24.1369116310709,24.1576996752618,23.730691437042,23.7411276986669,23.9964809427924,24.0537168909092,24.3238511901693,24.3290390547373,24.3446010620456,24.1784834681163,24.266767216777,24.2408093636233,24.1213178064842,24.1525030628745,24.0953227786774,24.1525030628745,24.16809210295,24.3290390547373,23.9652477249841,23.9756598658044,23.9912760740285,24.1473061847397,24.1317139554589,23.8714903310769,24.1732879183289,24.2771485035319,24.0537168909092,24.1057215880592,24.0849229045849,23.9183798623554,23.9912760740285,24.3446010620456,24.2408093636233,24.2511932998677,24.0433127548394,24.02250128355,24.2771485035319,24.2875287310348,24.0641199610143,24.4327408682945,24.4379231880585,24.3549744119754,24.4327408682945,24.2979078995965,24.3186630611374,24.4586498313649,24.3601606905737,24.3497878691456,24.4120089523324,24.3705324552306,24.4016414116675,24.3757179413665,24.1732879183289,24.2719579925803,24.3290390547373,24.4120089523324,24.220038309803,24.2979078995965,24.3290390547373,24.3238511901693,24.3446010620456,24.1992630121316,24.396457245529,24.1992630121316,24.3860881214467,24.4793722593216,24.4845522079513,24.4482870367845,24.4690115721079,24.4068253139224,24.4431052442089,24.3653467049792,24.3601606905737,24.2719579925803,24.3290390547373,24.4897318933139,24.3912728154683,24.3912728154683,24.4949113154483,24.3705324552306,24.3394139906367,24.2096511916044,24.4327408682945,24.4379231880585,24.3082860095273,24.4120089523324,24.5777463018912,24.5363372209139,24.4534685658236,24.5622198668973,24.5622198668973,24.4690115721079,24.3549744119754,24.4638308334468,24.3446010620456,24.3653467049792,24.3653467049792,24.4275582848784,24.5415142757223,24.3809031634257,24.3601606905737,24.4482870367845,24.4897318933139,24.3601606905737,24.5311599032229,24.4949113154483,24.5311599032229,24.6036184425424,24.5363372209139,24.6450002255868,24.4534685658236,24.4586498313649,24.4741920473867,24.4845522079513,24.4431052442089,24.5156263724707,24.5104480028654,24.5363372209139,24.5415142757223,24.5415142757223,24.6501717687129,24.4482870367845,24.417192326936,24.3446010620456,24.4379231880585,24.4379231880585,24.5208044790397,24.5104480028654,24.4327408682945,24.5052693701856,24.4949113154483,24.4534685658236,24.3549744119754,24.3705324552306,24.4223754377718,24.4223754377718,24.3549744119754,24.4482870367845,24.4897318933139,24.4327408682945,24.3705324552306,24.2148448833435,24.3186630611374,24.2823387496704,24.1473061847397,24.1576996752618,24.235616997893,24.266767216777,24.2875287310348,24.235616997893,24.261576176083,24.3238511901693,24.4223754377718,24.4741920473867,24.5415142757223,24.5518675968447,24.5570438632356,24.4949113154483,24.4690115721079,24.525982322611,24.5104480028654,24.5466910676864,24.4897318933139,24.4793722593216,24.4638308334468,24.396457245529,24.4845522079513,24.5052693701856,24.4949113154483,24.4016414116675,24.4379231880585,24.4949113154483,24.3238511901693,24.313474667603,24.3186630611374,24.4068253139224,24.3186630611374,24.313474667603,24.4327408682945,24.2719579925803,24.2823387496704,24.2148448833435,24.3082860095273,24.3186630611374,24.266767216777,24.2460014642685,24.2823387496704,24.2927184476639,24.2719579925803,24.2252314710217,24.2460014642685,24.16809210295,24.1525030628745,24.2148448833435,24.19406852432,24.2927184476639,24.2511932998677,24.3082860095273,24.3860881214467,24.3082860095273,24.4016414116675,24.3549744119754,24.4845522079513,24.3446010620456,24.3809031634257,24.3238511901693,24.3549744119754,24.4068253139224,24.3912728154683,24.3912728154683,24.4068253139224,24.4690115721079,24.4379231880585,24.5415142757223,24.836173098535,24.8258485704877,24.8826205758957,24.9342041538485,24.9599861922213,25.0115307913128,24.9651418204509,25.0887990663117,25.0784999971428,24.9857617364743,24.9496741564303,25.0784999971428,24.9342041538485,25.0887990663117,24.9857617364743
23.8662790443357,23.8714903310769,23.7619969958994,23.9183798623554,23.9392126969559,23.9287968145261,23.8610674896852,23.9131709850186,23.8662790443357,24.1628960219406,24.1005223164376,24.0901229747396,23.9444202371166,23.730691437042,23.9548345155266,24.0120939477021,24.02250128355,24.1992630121316,24.3342266548802,23.9235884721781,23.9652477249841,24.2044572345467,24.1992630121316,24.1525030628745,24.0277045513642,24.1421090408181,24.0068898795898,24.0120939477021,24.0901229747396,24.02250128355,24.0953227786774,24.0120939477021,24.1421090408181,24.1576996752618,24.0589185591878,24.2823387496704,24.1109205935815,23.9079618401281,23.9027524276446,24.1213178064842,24.1421090408181,23.9808655355738,24.235616997893,24.4275582848784,24.2875287310348,24.2148448833435,24.2563848704595,24.2823387496704,24.16809210295,24.261576176083,24.396457245529,24.4482870367845,24.4327408682945,24.3290390547373,24.3186630611374,24.4949113154483,24.5104480028654,24.3809031634257,24.4534685658236,24.588095945611,24.4223754377718,24.4482870367845,24.3757179413665,24.3238511901693,24.4120089523324,24.3342266548802,24.4068253139224,24.1732879183289,24.2563848704595,24.3290390547373,24.396457245529,24.3497878691456,24.396457245529,24.3549744119754,24.3497878691456,24.4586498313649,24.4482870367845,24.3705324552306,24.3705324552306,24.4275582848784,24.4482870367845,24.4741920473867,24.3601606905737,24.3912728154683,24.3601606905737,24.220038309803,24.3082860095273,24.4431052442089,24.4534685658236,24.4223754377718,24.3757179413665,24.2771485035319,24.2823387496704,24.3912728154683,24.3601606905737,24.2563848704595,24.4120089523324,24.4431052442089,24.5415142757223,24.3394139906367,24.4793722593216,24.4793722593216,24.3394139906367,24.4327408682945,24.4327408682945,24.4275582848784,24.3809031634257,24.3912728154683,24.4120089523324,24.4431052442089,24.4275582848784,24.5415142757223,24.4431052442089,24.4949113154483,24.4690115721079,24.4741920473867,24.6036184425424,24.6087920833666,24.6191385780148,24.5622198668973,24.5829212550199,24.4741920473867,24.5052693701856,24.5208044790397,24.5518675968447,24.3601606905737,24.3912728154683,24.4275582848784,24.5311599032229,24.5622198668973,24.6605140688826,24.5777463018912,24.4845522079513,24.396457245529,24.4534685658236,24.4327408682945,24.4327408682945,24.4586498313649,24.4638308334468,24.4949113154483,24.4845522079513,24.4638308334468,24.3912728154683,24.396457245529,24.5156263724707,24.4379231880585,24.5156263724707,24.4275582848784,24.5104480028654,24.4275582848784,24.4741920473867,24.4120089523324,24.261576176083,24.2875287310348,24.266767216777,24.1888737710728,24.2460014642685,24.220038309803,24.1992630121316,24.3290390547373,24.2460014642685,24.235616997893,24.2304243670388,24.4793722593216,24.4431052442089,24.5570438632356,24.5363372209139,24.5208044790397,24.5000904743927,24.4845522079513,24.5052693701856,24.5725710861868,24.5622198668973,24.6036184425424,24.4897318933139,24.4068253139224,24.4068253139224,24.4431052442089,24.3653467049792,24.3653467049792,24.4897318933139,24.4897318933139,24.4845522079513,24.3757179413665,24.3342266548802,24.3394139906367,24.4223754377718,24.3860881214467,24.3757179413665,24.2823387496704,24.3082860095273,24.3030970868713,24.2927184476639,24.2511932998677,24.2927184476639,24.2823387496704,24.3446010620456,24.2927184476639,24.2252314710217,24.2408093636233,24.2563848704595,24.2563848704595,24.1992630121316,24.2823387496704,24.1888737710728,24.2979078995965,24.2460014642685,24.2044572345467,24.4068253139224,24.3082860095273,24.2823387496704,24.5363372209139,24.5363372209139,24.3238511901693,24.3860881214467,24.3653467049792,24.4482870367845,24.4949113154483,24.4741920473867,24.5000904743927,24.4690115721079,24.3705324552306,24.3497878691456,24.4793722593216,24.6294840235847,24.9651418204509,24.9909160664447,24.9599861922213,24.9857617364743,24.9342041538485,24.9702971889533,25.0063774992726,24.9702971889533,25.0115307913128,25.0218365972651,25.0578987516956,24.9599861922213,25.0372933614365,25.0527477928007,24.9599861922213
23.8819121009899,23.8871225842407,23.9496275099604,23.9548345155266,24.0381102869696,23.9964809427924,24.0068898795898,24.1732879183289,24.1109205935815,24.2148448833435,24.0953227786774,24.1421090408181,23.9340048894389,23.735909702305,23.8714903310769,23.9756598658044,24.0485149561396,24.0485149561396,24.1161193330435,23.9235884721781,23.9860709383021,24.1421090408181,24.1473061847397,24.1473061847397,23.9287968145261,24.032907552491,24.0381102869696,24.0953227786774,23.9704539289542,23.9340048894389,23.9235884721781,23.8089371994645,24.0277045513642,24.0485149561396,24.1992630121316,24.1525030628745,24.0797225681742,23.8141514353848,23.9287968145261,24.1161193330435,24.0589185591878,24.0537168909092,24.0016855446331,24.3601606905737,24.396457245529,24.1888737710728,24.2719579925803,24.1992630121316,24.19406852432,24.3497878691456,24.4431052442089,24.4534685658236,24.3290390547373,24.3030970868713,24.1992630121316,24.3186630611374,24.4534685658236,24.4949113154483,24.4120089523324,24.3705324552306,24.5466910676864,24.5000904743927,24.4120089523324,24.235616997893,24.4016414116675,24.4275582848784,24.4068253139224,24.2719579925803,24.2148448833435,24.2252314710217,24.4586498313649,24.4741920473867,24.4741920473867,24.3912728154683,24.4482870367845,24.4431052442089,24.3342266548802,24.2304243670388,24.19406852432,24.3912728154683,24.4845522079513,24.4845522079513,24.266767216777,24.3497878691456,24.2875287310348,24.2044572345467,24.2875287310348,24.4275582848784,24.5311599032229,24.3912728154683,24.2408093636233,24.2771485035319,24.1784834681163,24.396457245529,24.2563848704595,24.2408093636233,24.2511932998677,24.4379231880585,24.261576176083,24.2719579925803,24.4223754377718,24.4275582848784,24.4431052442089,24.4845522079513,24.4327408682945,24.4482870367845,24.4534685658236,24.4845522079513,24.3809031634257,24.5052693701856,24.396457245529,24.4275582848784,24.4586498313649,24.3809031634257,24.4223754377718,24.4379231880585,24.5052693701856,24.5156263724707,24.593270373703,24.588095945611,24.4741920473867,24.3497878691456,24.3757179413665,24.4793722593216,24.4845522079513,24.6294840235847,24.4586498313649,24.4223754377718,24.4949113154483,24.5311599032229,24.5466910676864,24.4793722593216,24.4534685658236,24.3860881214467,24.4068253139224,24.3549744119754,24.4275582848784,24.4223754377718,24.5415142757223,24.5415142757223,24.4845522079513,24.5466910676864,24.4638308334468,24.5000904743927,24.417192326936,24.5104480028654,24.4068253139224,24.5363372209139,24.3705324552306,24.417192326936,24.3860881214467,24.235616997893,24.2823387496704,24.2823387496704,24.2875287310348,24.220038309803,24.2408093636233,24.2563848704595,24.2511932998677,24.2719579925803,24.235616997893,24.2460014642685,24.2927184476639,24.3549744119754,24.3446010620456,24.5415142757223,24.4845522079513,24.5311599032229,24.5725710861868,24.598444539334,24.5518675968447,24.5311599032229,24.525982322611,24.5000904743927,24.5415142757223,24.417192326936,24.417192326936,24.5000904743927,24.4120089523324,24.4949113154483,24.4223754377718,24.5208044790397,24.5156263724707,24.4482870367845,24.313474667603,24.3860881214467,24.4068253139224,24.3549744119754,24.4068253139224,24.2304243670388,24.2979078995965,24.2823387496704,24.3394139906367,24.3290390547373,24.2979078995965,24.3030970868713,24.1836787523513,24.2460014642685,24.1888737710728,24.261576176083,24.266767216777,24.2823387496704,24.1576996752618,24.2927184476639,24.1992630121316,24.2875287310348,24.3757179413665,24.2148448833435,24.313474667603,24.3653467049792,24.3394139906367,24.3912728154683,24.3809031634257,24.3342266548802,24.3186630611374,24.3757179413665,24.3860881214467,24.396457245529,24.4845522079513,24.4949113154483,24.4327408682945,24.5466910676864,24.4586498313649,24.5622198668973,24.7328808471969,24.9651418204509,24.9857617364743,24.9599861922213,24.9599861922213,25.0939482126385,25.0939482126385,25.0784999971428,25.0630494515398,25.0578987516956,25.0269891112523,25.0836496611589,25.0372933614365,25.0733500742259,25.0321413659635,25.0372933614365
23.8506435764983,23.8871225842407,23.9756598658044,24.0068898795898,24.0016855446331,23.9079618401281,24.0589185591878,24.1888737710728,24.1732879183289,24.19406852432,24.1732879183289,24.0641199610143,23.9027524276446,23.730691437042,23.8610674896852,24.017297749009,24.0641199610143,23.9964809427924,23.8245791023491,23.7463454261675,24.1888737710728,24.2927184476639,24.2096511916044,24.1213178064842,23.9027524276446,23.9912760740285,24.1525030628745,24.1576996752618,23.9496275099604,23.8923327997404,24.0277045513642,23.8610674896852,23.855855667086,24.02250128355,24.0485149561396,24.2096511916044,24.0797225681742,23.9235884721781,23.9340048894389,23.9964809427924,23.8819121009899,24.0485149561396,23.9131709850186,24.3705324552306,24.3809031634257,24.0589185591878,24.1784834681163,24.2563848704595,24.417192326936,24.4586498313649,24.4690115721079,24.4379231880585,24.4327408682945,24.3549744119754,24.3030970868713,24.3757179413665,24.4845522079513,24.4586498313649,24.6139654618445,24.4897318933139,24.4690115721079,24.3446010620456,24.3549744119754,24.3394139906367,24.5000904743927,24.4949113154483,24.4793722593216,24.4534685658236,24.235616997893,24.313474667603,24.4586498313649,24.4223754377718,24.4275582848784,24.4016414116675,24.3394139906367,24.2408093636233,24.2148448833435,24.1628960219406,24.2148448833435,24.3030970868713,24.3912728154683,24.3601606905737,24.4120089523324,24.2771485035319,24.3809031634257,24.3757179413665,24.4120089523324,24.396457245529,24.6036184425424,24.2979078995965,24.2719579925803,24.4120089523324,24.2823387496704,24.2823387496704,24.2823387496704,24.1992630121316,24.2460014642685,24.4120089523324,24.4379231880585,24.5156263724707,24.5363372209139,24.5208044790397,24.4223754377718,24.5156263724707,24.5156263724707,24.4897318933139,24.5104480028654,24.417192326936,24.5000904743927,24.417192326936,24.4275582848784,24.4897318933139,24.4845522079513,24.396457245529,24.3653467049792,24.5156263724707,24.525982322611,24.5311599032229,24.4223754377718,24.5363372209139,24.6087920833666,24.5052693701856,24.5052693701856,24.5052693701856,24.5000904743927,24.4897318933139,24.4534685658236,24.4534685658236,24.417192326936,24.4482870367845,24.5518675968447,24.4638308334468,24.4534685658236,24.4379231880585,24.4275582848784,24.3860881214467,24.4949113154483,24.4223754377718,24.5104480028654,24.5208044790397,24.4897318933139,24.5052693701856,24.4327408682945,24.5000904743927,24.417192326936,24.4068253139224,24.3860881214467,24.4223754377718,24.4379231880585,24.5777463018912,24.4120089523324,24.4327408682945,24.4120089523324,24.3601606905737,24.2408093636233,24.1992630121316,24.1005223164376,24.266767216777,24.2563848704595,24.2927184476639,24.3238511901693,24.235616997893,24.2719579925803,24.3446010620456,24.3757179413665,24.3497878691456,24.4949113154483,24.5570438632356,24.5518675968447,24.6243114319154,24.5466910676864,24.5570438632356,24.6294840235847,24.5622198668973,24.525982322611,24.5052693701856,24.5104480028654,24.4845522079513,24.5104480028654,24.3549744119754,24.5622198668973,24.5208044790397,24.3912728154683,24.4431052442089,24.3394139906367,24.3342266548802,24.3238511901693,24.266767216777,24.3342266548802,24.3497878691456,24.3186630611374,24.2511932998677,24.4275582848784,24.2304243670388,24.313474667603,24.2511932998677,24.2823387496704,24.4275582848784,24.2408093636233,24.2460014642685,24.1992630121316,24.1732879183289,24.2823387496704,24.1265160139431,24.19406852432,24.2148448833435,24.2823387496704,24.2719579925803,24.3342266548802,24.3601606905737,24.3342266548802,24.3809031634257,24.3238511901693,24.3082860095273,24.3082860095273,24.3394139906367,24.4068253139224,24.4793722593216,24.4690115721079,24.4845522079513,24.4638308334468,24.3757179413665,24.3809031634257,24.5466910676864,24.7793752829217,24.7483813439431,24.9702971889533,24.9599861922213,24.9806071469274,25.0115307913128,24.9651418204509,24.9702971889533,25.0424450977087,25.0475965748176,25.0269891112523,25.0939482126385,24.954830304227,25.0527477928007,24.9651418204509,25.0939482126385
23.9652477249841,24.02250128355,23.9235884721781,23.9340048894389,23.9860709383021,23.9235884721781,23.9860709383021,24.2460014642685,24.1888737710728,24.1576996752618,24.1836787523513,24.0901229747396,24.0537168909092,24.02250128355,23.9860709383021,23.9860709383021,23.9808655355738,24.0277045513642,23.7985079225496,23.7880775719377,24.1628960219406,24.3186630611374,24.2563848704595,24.0120939477021,24.0120939477021,24.1525030628745,24.1784834681163,24.1836787523513,24.1628960219406,23.9964809427924,24.0433127548394,24.02250128355,23.855855667086,23.8767013499485,24.0381102869696,24.1161193330435,24.1421090408181,23.9600412538547,23.9756598658044,24.1057215880592,24.0693210964281,24.1628960219406,24.0537168909092,24.4068253139224,24.3912728154683,24.396457245529,24.1784834681163,24.1732879183289,24.4016414116675,24.5104480028654,24.4223754377718,24.4534685658236,24.417192326936,24.417192326936,24.4845522079513,24.396457245529,24.4845522079513,24.4275582848784,24.6139654618445,24.5104480028654,24.5673956078683,24.4845522079513,24.4845522079513,24.4431052442089,24.4690115721079,24.4949113154483,24.4897318933139,24.3238511901693,24.3860881214467,24.4327408682945,24.4586498313649,24.4638308334468,24.313474667603,24.266767216777,24.2408093636233,24.2927184476639,24.1992630121316,24.220038309803,24.1732879183289,24.4120089523324,24.1888737710728,24.3653467049792,24.417192326936,24.3860881214467,24.3446010620456,24.3912728154683,24.417192326936,24.4223754377718,24.396457245529,24.4223754377718,24.3809031634257,24.4379231880585,24.4327408682945,24.4431052442089,24.4120089523324,24.2823387496704,24.2927184476639,24.3238511901693,24.3290390547373,24.3601606905737,24.4068253139224,24.5208044790397,24.396457245529,24.4379231880585,24.5104480028654,24.4068253139224,24.4327408682945,24.4586498313649,24.5052693701856,24.4741920473867,24.5104480028654,24.6139654618445,24.5570438632356,24.4016414116675,24.3497878691456,24.4793722593216,24.5052693701856,24.525982322611,24.4897318933139,24.5829212550199,24.5208044790397,24.5622198668973,24.7173779975772,24.5052693701856,24.6191385780148,24.5570438632356,24.4638308334468,24.4897318933139,24.4327408682945,24.4534685658236,24.4534685658236,24.4897318933139,24.5156263724707,24.4690115721079,24.3860881214467,24.4741920473867,24.4949113154483,24.5052693701856,24.525982322611,24.5208044790397,24.5311599032229,24.4431052442089,24.5311599032229,24.4482870367845,24.4897318933139,24.4120089523324,24.3342266548802,24.4586498313649,24.4016414116675,24.4534685658236,24.4534685658236,24.3912728154683,24.3030970868713,24.4327408682945,24.2511932998677,24.2252314710217,24.19406852432,24.220038309803,24.2563848704595,24.2823387496704,24.3705324552306,24.3757179413665,24.2460014642685,24.3809031634257,24.3653467049792,24.4638308334468,24.525982322611,24.5156263724707,24.5208044790397,24.5466910676864,24.5622198668973,24.6191385780148,24.588095945611,24.5104480028654,24.6087920833666,24.525982322611,24.5829212550199,24.5000904743927,24.3549744119754,24.3653467049792,24.4431052442089,24.4793722593216,24.4845522079513,24.525982322611,24.3653467049792,24.2563848704595,24.2563848704595,24.3186630611374,24.313474667603,24.3757179413665,24.3446010620456,24.266767216777,24.3549744119754,24.3394139906367,24.3238511901693,24.3497878691456,24.2875287310348,24.2979078995965,24.266767216777,24.2979078995965,24.2096511916044,24.266767216777,24.2511932998677,24.3342266548802,24.2511932998677,24.2252314710217,24.2927184476639,24.3860881214467,24.2719579925803,24.3549744119754,24.3912728154683,24.3082860095273,24.3342266548802,24.3290390547373,24.3601606905737,24.3030970868713,24.3549744119754,24.4793722593216,24.4741920473867,24.4897318933139,24.5415142757223,24.4741920473867,24.5415142757223,24.5622198668973,24.7432147730614,24.9857617364743,24.9806071469274,25.0115307913128,25.0475965748176,25.0527477928007,25.0063774992726,25.0681998923707,25.1042457289643,25.0321413659635,25.0475965748176,25.0372933614365,25.0578987516956,25.0630494515398,25.0681998923707,25.1196900631945
24.1576996752618,24.1628960219406,23.9964809427924,23.8506435764983,23.9600412538547,23.9600412538547,23.9964809427924,24.1732879183289,24.2719579925803,24.261576176083,24.1005223164376,24.2304243670388,24.0901229747396,23.9235884721781,23.9444202371166,23.9808655355738,24.02250128355,24.0537168909092,23.9756598658044,23.8662790443357,24.266767216777,24.2823387496704,24.3238511901693,24.1213178064842,23.9860709383021,24.235616997893,24.2252314710217,24.1836787523513,24.1888737710728,24.1421090408181,24.0589185591878,23.9131709850186,23.7880775719377,23.8767013499485,23.8714903310769,23.9079618401281,23.9756598658044,23.9340048894389,24.0381102869696,23.9756598658044,24.1992630121316,24.0953227786774,24.2408093636233,24.396457245529,24.2771485035319,24.396457245529,24.4275582848784,24.2927184476639,24.4638308334468,24.2511932998677,24.4275582848784,24.4482870367845,24.4120089523324,24.3238511901693,24.4223754377718,24.4897318933139,24.5052693701856,24.396457245529,24.5104480028654,24.5052693701856,24.5622198668973,24.5156263724707,24.5622198668973,24.5363372209139,24.4482870367845,24.4638308334468,24.4741920473867,24.4690115721079,24.4741920473867,24.4275582848784,24.5673956078683,24.4327408682945,24.2044572345467,24.1161193330435,24.1473061847397,24.1888737710728,24.1628960219406,24.1628960219406,24.3549744119754,24.3342266548802,24.0693210964281,24.1888737710728,24.3342266548802,24.313474667603,24.3757179413665,24.396457245529,24.4223754377718,24.4016414116675,24.4120089523324,24.4275582848784,24.417192326936,24.4379231880585,24.4379231880585,24.4379231880585,24.3030970868713,24.3446010620456,24.4379231880585,24.4586498313649,24.3342266548802,24.3860881214467,24.5104480028654,24.4016414116675,24.4741920473867,24.5000904743927,24.4690115721079,24.5311599032229,24.4275582848784,24.4741920473867,24.5570438632356,24.5518675968447,24.6139654618445,24.5570438632356,24.5622198668973,24.3860881214467,24.525982322611,24.5052693701856,24.5622198668973,24.5363372209139,24.4016414116675,24.5363372209139,24.5725710861868,24.6139654618445,24.6243114319154,24.598444539334,24.4949113154483,24.5518675968447,24.5000904743927,24.4897318933139,24.4120089523324,24.4482870367845,24.5466910676864,24.5156263724707,24.417192326936,24.4482870367845,24.4897318933139,24.4586498313649,24.4223754377718,24.6036184425424,24.5311599032229,24.5311599032229,24.6036184425424,24.5311599032229,24.5208044790397,24.4897318933139,24.4016414116675,24.4845522079513,24.4845522079513,24.3549744119754,24.4431052442089,24.4379231880585,24.3705324552306,24.3342266548802,24.2511932998677,24.3601606905737,24.2096511916044,24.2304243670388,24.2148448833435,24.2304243670388,24.2252314710217,24.2511932998677,24.2719579925803,24.2719579925803,24.2875287310348,24.3342266548802,24.4379231880585,24.5208044790397,24.5415142757223,24.5466910676864,24.5156263724707,24.5104480028654,24.5570438632356,24.5311599032229,24.5673956078683,24.5622198668973,24.525982322611,24.5363372209139,24.5829212550199,24.5000904743927,24.4897318933139,24.3912728154683,24.4897318933139,24.4897318933139,24.4638308334468,24.5156263724707,24.525982322611,24.3549744119754,24.3238511901693,24.2563848704595,24.2771485035319,24.3446010620456,24.2979078995965,24.3082860095273,24.3342266548802,24.313474667603,24.2408093636233,24.2927184476639,24.2719579925803,24.266767216777,24.2044572345467,24.3186630611374,24.3290390547373,24.19406852432,24.19406852432,24.2875287310348,24.3186630611374,24.2252314710217,24.235616997893,24.3290390547373,24.2408093636233,24.3082860095273,24.3394139906367,24.3601606905737,24.3342266548802,24.2304243670388,24.4741920473867,24.3757179413665,24.4741920473867,24.4223754377718,24.4586498313649,24.4638308334468,24.5311599032229,24.4482870367845,24.5156263724707,24.4638308334468,24.7173779975772,24.9806071469274,25.0012239478063,25.0012239478063,25.0887990663117,25.1299849929454,24.9651418204509,24.9651418204509,25.0939482126385,25.0063774992726,25.0475965748176,25.0527477928007,25.0166838239645,25.1762993840732,24.9909160664447,24.954830304227
23.9340048894389,23.9808655355738,24.19406852432,23.7880775719377,23.9027524276446,24.1784834681163,24.1109205935815,24.1836787523513,24.19406852432,24.266767216777,24.2148448833435,24.2096511916044,24.1525030628745,24.0068898795898,24.1888737710728,24.0433127548394,24.1161193330435,24.0797225681742,24.0641199610143,24.0953227786774,24.1317139554589,24.2563848704595,24.1005223164376,23.8454312178827,23.7098156861836,24.0120939477021,24.032907552491,24.1421090408181,24.0589185591878,24.0693210964281,24.1317139554589,24.0849229045849,23.9340048894389,23.8193654029997,23.9027524276446,24.0849229045849,23.8037226951994,23.9131709850186,23.9808655355738,24.0797225681742,24.2252314710217,24.1109205935815,24.2927184476639,24.2927184476639,24.19406852432,24.2823387496704,24.4068253139224,24.4327408682945,24.3394139906367,24.3809031634257,24.5363372209139,24.4223754377718,24.3549744119754,24.3601606905737,24.525982322611,24.5052693701856,24.5104480028654,24.5570438632356,24.5052693701856,24.5104480028654,24.5363372209139,24.5829212550199,24.7432147730614,24.4482870367845,24.4690115721079,24.5104480028654,24.4431052442089,24.3238511901693,24.4845522079513,24.5725710861868,24.5311599032229,24.2304243670388,24.1057215880592,24.1317139554589,24.1992630121316,24.3290390547373,24.1525030628745,24.1576996752618,24.220038309803,24.1628960219406,24.1992630121316,24.16809210295,24.16809210295,24.313474667603,24.4638308334468,24.4534685658236,24.4016414116675,24.4120089523324,24.4379231880585,24.4638308334468,24.4223754377718,24.3809031634257,24.3809031634257,24.2719579925803,24.261576176083,24.396457245529,24.4741920473867,24.4897318933139,24.4534685658236,24.5052693701856,24.5208044790397,24.396457245529,24.525982322611,24.3860881214467,24.5363372209139,24.4949113154483,24.4482870367845,24.5311599032229,24.5363372209139,24.5208044790397,24.598444539334,24.6553430497988,24.5156263724707,24.5156263724707,24.5570438632356,24.5104480028654,24.5311599032229,24.3705324552306,24.2979078995965,24.3601606905737,24.6191385780148,24.5104480028654,24.5311599032229,24.598444539334,24.5000904743927,24.5000904743927,24.5466910676864,24.5208044790397,24.4223754377718,24.5156263724707,24.3446010620456,24.4275582848784,24.3186630611374,24.3601606905737,24.4016414116675,24.5000904743927,24.4586498313649,24.4586498313649,24.4949113154483,24.5156263724707,24.588095945611,24.5000904743927,24.5000904743927,24.4586498313649,24.4897318933139,24.4845522079513,24.3705324552306,24.4586498313649,24.4120089523324,24.4327408682945,24.4379231880585,24.3342266548802,24.2771485035319,24.4275582848784,24.3653467049792,24.2304243670388,24.2927184476639,24.3186630611374,24.2252314710217,24.2719579925803,24.4223754377718,24.3809031634257,24.266767216777,24.4793722593216,24.3394139906367,24.3290390547373,24.4327408682945,24.5208044790397,24.6087920833666,24.5363372209139,24.5104480028654,24.5415142757223,24.5311599032229,24.5104480028654,24.6346563530609,24.4379231880585,24.3497878691456,24.4327408682945,24.4275582848784,24.4897318933139,24.5829212550199,24.5725710861868,24.5052693701856,24.4845522079513,24.396457245529,24.3290390547373,24.261576176083,24.1836787523513,24.261576176083,24.19406852432,24.3394139906367,24.2719579925803,24.3186630611374,24.2563848704595,24.2511932998677,24.3497878691456,24.313474667603,24.2823387496704,24.235616997893,24.3549744119754,24.220038309803,24.2304243670388,24.3030970868713,24.2304243670388,24.1784834681163,24.3186630611374,24.3653467049792,24.3757179413665,24.3082860095273,24.3653467049792,24.2719579925803,24.3601606905737,24.3653467049792,24.235616997893,24.3549744119754,24.3497878691456,24.4638308334468,24.4586498313649,24.4741920473867,24.4741920473867,24.5363372209139,24.4482870367845,24.4793722593216,24.4638308334468,24.7122098579989,24.7225458756109,24.9135738442187,24.954830304227,24.9806071469274,25.0990971001769,24.9702971889533,24.9651418204509,24.9857617364743,25.0269891112523,25.0218365972651,25.0527477928007,25.0218365972651,25.2174501739369,24.9909160664447,25.0578987516956
24.032907552491,23.9912760740285,23.9444202371166,23.9860709383021,23.9808655355738,24.0797225681742,24.1057215880592,24.1732879183289,24.1732879183289,24.220038309803,24.19406852432,24.2511932998677,24.1473061847397,24.0277045513642,24.3705324552306,24.1576996752618,24.0797225681742,23.9548345155266,24.1836787523513,24.1265160139431,24.1784834681163,24.3030970868713,23.9652477249841,23.7724300321434,23.9600412538547,23.7672136483527,23.8089371994645,23.8037226951994,23.9808655355738,24.0277045513642,24.220038309803,24.1265160139431,23.9912760740285,23.855855667086,23.9444202371166,23.9860709383021,23.7880775719377,24.0016855446331,24.2044572345467,24.1784834681163,24.2927184476639,24.3082860095273,24.1421090408181,24.0953227786774,24.0485149561396,24.1161193330435,24.2823387496704,24.4949113154483,24.3342266548802,24.4016414116675,24.4638308334468,24.4120089523324,24.525982322611,24.3757179413665,24.5311599032229,24.4949113154483,24.6036184425424,24.5311599032229,24.6191385780148,24.7122098579989,24.4379231880585,24.5156263724707,24.5829212550199,24.5518675968447,24.4690115721079,24.4379231880585,24.4327408682945,24.4275582848784,24.4327408682945,24.5415142757223,24.3653467049792,24.235616997893,24.1628960219406,24.1265160139431,24.1525030628745,24.16809210295,24.16809210295,24.1628960219406,24.1732879183289,24.16809210295,24.1473061847397,24.3186630611374,24.3653467049792,24.3238511901693,24.6036184425424,24.4275582848784,24.3446010620456,24.3860881214467,24.3549744119754,24.3860881214467,24.3446010620456,24.4690115721079,24.4379231880585,24.3860881214467,24.5000904743927,24.4482870367845,24.4534685658236,24.4949113154483,24.588095945611,24.5208044790397,24.396457245529,24.5104480028654,24.5156263724707,24.3809031634257,24.5311599032229,24.5311599032229,24.5052693701856,24.4638308334468,24.4741920473867,24.6501717687129,24.6656848260024,24.4845522079513,24.5363372209139,24.7122098579989,24.5363372209139,24.5000904743927,24.4897318933139,24.3601606905737,24.4379231880585,24.4845522079513,24.5000904743927,24.6036184425424,24.6139654618445,24.5829212550199,24.6036184425424,24.6243114319154,24.5415142757223,24.5415142757223,24.4431052442089,24.4120089523324,24.5311599032229,24.3446010620456,24.4223754377718,24.4690115721079,24.5208044790397,24.5415142757223,24.5208044790397,24.5415142757223,24.593270373703,24.5311599032229,24.5466910676864,24.5000904743927,24.5104480028654,24.4897318933139,24.4897318933139,24.4741920473867,24.5052693701856,24.4638308334468,24.4379231880585,24.4638308334468,24.4482870367845,24.4379231880585,24.4534685658236,24.4431052442089,24.2719579925803,24.2563848704595,24.396457245529,24.2875287310348,24.3912728154683,24.396457245529,24.3809031634257,24.3809031634257,24.3030970868713,24.4793722593216,24.4793722593216,24.593270373703,24.4690115721079,24.4327408682945,24.5518675968447,24.5156263724707,24.5829212550199,24.4793722593216,24.5104480028654,24.6398284203822,24.5466910676864,24.4379231880585,24.4379231880585,24.5156263724707,24.588095945611,24.4949113154483,24.6036184425424,24.588095945611,24.4845522079513,24.4897318933139,24.5622198668973,24.3860881214467,24.4120089523324,24.3549744119754,24.3446010620456,24.396457245529,24.3446010620456,24.3653467049792,24.4223754377718,24.4068253139224,24.3549744119754,24.3549744119754,24.3290390547373,24.2823387496704,24.3030970868713,24.3446010620456,24.261576176083,24.2148448833435,24.3082860095273,24.3342266548802,24.2511932998677,24.3186630611374,24.3030970868713,24.3497878691456,24.3549744119754,24.3497878691456,24.2823387496704,24.3290390547373,24.3653467049792,24.3860881214467,24.3705324552306,24.396457245529,24.4845522079513,24.5673956078683,24.4534685658236,24.4897318933139,24.4793722593216,24.6708553211965,24.5570438632356,24.5415142757223,24.8258485704877,24.918731811688,24.9084156166453,25.0372933614365,24.9806071469274,25.0424450977087,25.1299849929454,25.0733500742259,25.1196900631945,25.0424450977087,25.0681998923707,25.0424450977087,25.0630494515398,24.9909160664447,25.0733500742259,25.0784999971428
24.2460014642685,24.0485149561396,24.0381102869696,23.7776461473113,23.9860709383021,24.0797225681742,24.1109205935815,24.1265160139431,24.0693210964281,24.1836787523513,24.2304243670388,24.2460014642685,24.2252314710217,24.3290390547373,24.2408093636233,24.1784834681163,24.0745219654683,24.0589185591878,24.0901229747396,24.0797225681742,24.2875287310348,24.220038309803,23.8975427475285,23.7724300321434,23.8767013499485,23.6837149425584,23.6784939860947,23.6889356297228,23.8975427475285,24.1628960219406,24.235616997893,24.1265160139431,23.8767013499485,23.8767013499485,23.9808655355738,23.8923327997404,23.7932928814756,24.032907552491,24.19406852432,24.313474667603,24.2044572345467,24.2252314710217,24.1421090408181,24.1525030628745,24.1005223164376,24.2927184476639,24.3030970868713,24.4482870367845,24.5104480028654,24.525982322611,24.4016414116675,24.4016414116675,24.5570438632356,24.4482870367845,24.4068253139224,24.6036184425424,24.5052693701856,24.6760255545029,24.5673956078683,24.5208044790397,24.5518675968447,24.5208044790397,24.5622198668973,24.593270373703,24.593270373703,24.593270373703,24.5208044790397,24.417192326936,24.5622198668973,24.3653467049792,24.235616997893,24.1109205935815,24.3446010620456,24.2719579925803,24.3030970868713,24.1421090408181,24.1576996752618,24.19406852432,24.1836787523513,24.1888737710728,24.3342266548802,24.2252314710217,24.3238511901693,24.3290390547373,24.4016414116675,24.3497878691456,24.3705324552306,24.1888737710728,24.19406852432,24.4068253139224,24.4275582848784,24.3549744119754,24.3809031634257,24.2771485035319,24.3809031634257,24.4223754377718,24.4275582848784,24.396457245529,24.4586498313649,24.5673956078683,24.4223754377718,24.396457245529,24.4638308334468,24.396457245529,24.396457245529,24.4897318933139,24.4534685658236,24.4223754377718,24.5052693701856,24.5466910676864,24.5363372209139,24.5208044790397,24.5466910676864,24.5156263724707,24.5311599032229,24.5000904743927,24.417192326936,24.2719579925803,24.3653467049792,24.4897318933139,24.5052693701856,24.4949113154483,24.5052693701856,24.6036184425424,24.5311599032229,24.5311599032229,24.5673956078683,24.5518675968447,24.5000904743927,24.4482870367845,24.4586498313649,24.4327408682945,24.3757179413665,24.4741920473867,24.5570438632356,24.5156263724707,24.5363372209139,24.5829212550199,24.4638308334468,24.4690115721079,24.4949113154483,24.5156263724707,24.5311599032229,24.5000904743927,24.4845522079513,24.4223754377718,24.4120089523324,24.4223754377718,24.4016414116675,24.4327408682945,24.4379231880585,24.4120089523324,24.4223754377718,24.3497878691456,24.313474667603,24.2927184476639,24.3030970868713,24.2823387496704,24.3238511901693,24.4068253139224,24.4016414116675,24.3290390547373,24.2563848704595,24.4949113154483,24.4793722593216,24.4793722593216,24.4793722593216,24.4379231880585,24.4741920473867,24.598444539334,24.5208044790397,24.5725710861868,24.5777463018912,24.5518675968447,24.588095945611,24.4327408682945,24.5311599032229,24.4327408682945,24.5104480028654,24.4845522079513,24.593270373703,24.4845522079513,24.5466910676864,24.5570438632356,24.4897318933139,24.4586498313649,24.4586498313649,24.3497878691456,24.3394139906367,24.3601606905737,24.3549744119754,24.417192326936,24.3446010620456,24.2563848704595,24.2719579925803,24.3497878691456,24.3497878691456,24.2563848704595,24.2875287310348,24.3497878691456,24.3186630611374,24.2148448833435,24.2252314710217,24.2823387496704,24.2148448833435,24.2875287310348,24.2823387496704,24.3705324552306,24.4534685658236,24.3549744119754,24.3394139906367,24.3446010620456,24.3446010620456,24.220038309803,24.2875287310348,24.417192326936,24.5777463018912,24.5208044790397,24.5156263724707,24.5673956078683,24.525982322611,24.5311599032229,24.6863652356057,24.4638308334468,24.7018727940562,24.8877801045559,24.9135738442187,24.9960701368761,25.1557177937613,25.0269891112523,25.0269891112523,25.0475965748176,24.9393610812787,25.0372933614365,25.0990971001769,25.0578987516956,25.0475965748176,24.9754522977662,25.0630494515398,25.0115307913128
24.0485149561396,24.2148448833435,24.017297749009,23.9027524276446,24.0745219654683,24.1005223164376,24.1525030628745,24.1161193330435,24.0693210964281,24.0537168909092,24.0693210964281,24.1836787523513,24.19406852432,24.3186630611374,23.9964809427924,24.0537168909092,24.0953227786774,24.0901229747396,24.0277045513642,24.0381102869696,24.2096511916044,23.9756598658044,23.8767013499485,23.8193654029997,23.8193654029997,23.8923327997404,23.6314932528619,23.6053722968077,24.02250128355,24.2511932998677,24.0745219654683,24.2096511916044,24.017297749009,23.8610674896852,23.7880775719377,23.9027524276446,23.8714903310769,23.9235884721781,24.1421090408181,24.2408093636233,24.1317139554589,24.1317139554589,24.220038309803,24.1888737710728,24.1057215880592,24.1161193330435,24.3860881214467,24.4690115721079,24.5570438632356,24.5104480028654,24.4068253139224,24.5208044790397,24.4431052442089,24.4638308334468,24.4638308334468,24.5829212550199,24.6915346834782,24.4793722593216,24.5725710861868,24.6553430497988,24.6450002255868,24.5000904743927,24.4275582848784,24.588095945611,24.525982322611,24.4586498313649,24.5466910676864,24.5622198668973,24.5000904743927,24.2460014642685,24.1421090408181,24.2148448833435,24.2979078995965,24.266767216777,24.3549744119754,24.235616997893,24.1888737710728,24.1161193330435,24.1576996752618,24.1421090408181,24.2304243670388,24.2563848704595,24.2823387496704,24.3290390547373,24.3290390547373,24.3912728154683,24.3912728154683,24.4275582848784,24.3394139906367,24.4120089523324,24.3809031634257,24.3342266548802,24.3912728154683,24.4016414116675,24.4793722593216,24.4120089523324,24.4223754377718,24.4120089523324,24.4223754377718,24.5000904743927,24.4638308334468,24.5104480028654,24.4638308334468,24.5052693701856,24.3860881214467,24.4068253139224,24.4223754377718,24.4534685658236,24.7328808471969,24.4431052442089,24.4897318933139,24.5415142757223,24.4949113154483,24.4690115721079,24.525982322611,24.4327408682945,24.3238511901693,24.3497878691456,24.4586498313649,24.6398284203822,24.525982322611,24.6036184425424,24.6191385780148,24.4949113154483,24.5673956078683,24.5725710861868,24.5466910676864,24.5052693701856,24.5000904743927,24.5000904743927,24.4845522079513,24.417192326936,24.4586498313649,24.4586498313649,24.4223754377718,24.4327408682945,24.4690115721079,24.4897318933139,24.4534685658236,24.4949113154483,24.3809031634257,24.525982322611,24.4897318933139,24.4793722593216,24.4845522079513,24.4793722593216,24.3912728154683,24.4949113154483,24.3705324552306,24.5000904743927,24.4949113154483,24.4897318933139,24.4223754377718,24.3653467049792,24.4482870367845,24.2875287310348,24.3030970868713,24.3446010620456,24.3186630611374,24.4068253139224,24.4120089523324,24.2719579925803,24.2563848704595,24.3290390547373,24.4845522079513,24.598444539334,24.4482870367845,24.5208044790397,24.5104480028654,24.4897318933139,24.525982322611,24.593270373703,24.6139654618445,24.5570438632356,24.4223754377718,24.4275582848784,24.4534685658236,24.4327408682945,24.4897318933139,24.5104480028654,24.588095945611,24.4690115721079,24.4690115721079,24.5622198668973,24.5311599032229,24.4845522079513,24.3860881214467,24.3757179413665,24.3705324552306,24.3342266548802,24.3809031634257,24.3394139906367,24.2096511916044,24.2771485035319,24.3290390547373,24.313474667603,24.313474667603,24.2771485035319,24.2771485035319,24.2927184476639,24.2460014642685,24.1992630121316,24.2096511916044,24.2044572345467,24.1836787523513,24.2304243670388,24.266767216777,24.3497878691456,24.3342266548802,24.3446010620456,24.3549744119754,24.3653467049792,24.3186630611374,24.3030970868713,24.2408093636233,24.4223754377718,24.4327408682945,24.4793722593216,24.5104480028654,24.5104480028654,24.6294840235847,24.5570438632356,24.4845522079513,24.4741920473867,24.7122098579989,24.7122098579989,24.9651418204509,25.0475965748176,24.9754522977662,25.0990971001769,24.954830304227,25.0784999971428,24.9393610812787,24.9651418204509,24.918731811688,25.0321413659635,25.0218365972651,25.0681998923707,25.0218365972651,24.8671404277798
24.1213178064842,24.1421090408181,24.0277045513642,24.0485149561396,24.1161193330435,24.0901229747396,24.1161193330435,24.0537168909092,24.1628960219406,24.1109205935815,24.3290390547373,24.2460014642685,24.3082860095273,24.0953227786774,24.1057215880592,23.9600412538547,23.9652477249841,23.8871225842407,24.0485149561396,24.0901229747396,24.0953227786774,23.9964809427924,23.8506435764983,23.9079618401281,23.8871225842407,23.8350056964094,23.8245791023491,23.8141514353848,23.8402185911997,24.313474667603,24.1421090408181,24.313474667603,24.0433127548394,23.8506435764983,23.8506435764983,24.0589185591878,23.8975427475285,23.7828619938962,23.9340048894389,24.1628960219406,24.1213178064842,24.032907552491,24.1732879183289,24.02250128355,24.1057215880592,24.2460014642685,24.3549744119754,24.5518675968447,24.4949113154483,24.5363372209139,24.5518675968447,24.3860881214467,24.4586498313649,24.4482870367845,24.593270373703,24.4741920473867,24.4327408682945,24.4845522079513,24.5156263724707,24.4586498313649,24.6294840235847,24.5052693701856,24.6346563530609,24.4949113154483,24.5052693701856,24.5311599032229,24.5829212550199,24.5570438632356,24.3342266548802,24.2460014642685,24.2252314710217,24.2823387496704,24.261576176083,24.266767216777,24.2096511916044,24.235616997893,24.235616997893,24.1732879183289,23.9912760740285,24.1369116310709,24.235616997893,24.2823387496704,24.3394139906367,24.3705324552306,24.4690115721079,24.5000904743927,24.4793722593216,24.3860881214467,24.4638308334468,24.525982322611,24.5000904743927,24.417192326936,24.5415142757223,24.3549744119754,24.4845522079513,24.417192326936,24.4223754377718,24.4275582848784,24.4690115721079,24.4897318933139,24.4690115721079,24.4586498313649,24.4897318933139,24.5156263724707,24.4793722593216,24.4586498313649,24.4586498313649,24.5104480028654,24.5000904743927,24.3549744119754,24.5466910676864,24.5000904743927,24.4638308334468,24.4379231880585,24.4949113154483,24.5104480028654,24.4949113154483,24.4845522079513,24.5000904743927,24.5104480028654,24.6139654618445,24.525982322611,24.5104480028654,24.5000904743927,24.6605140688826,24.5829212550199,24.6294840235847,24.5052693701856,24.5104480028654,24.5052693701856,24.5104480028654,24.5208044790397,24.3705324552306,24.396457245529,24.4897318933139,24.5311599032229,24.5104480028654,24.6036184425424,24.4690115721079,24.5052693701856,24.5208044790397,24.4586498313649,24.4741920473867,24.2771485035319,24.2875287310348,24.4949113154483,24.4120089523324,24.396457245529,24.3549744119754,24.3912728154683,24.4431052442089,24.3238511901693,24.261576176083,24.3394139906367,24.2771485035319,24.3186630611374,24.3186630611374,24.19406852432,24.3186630611374,24.396457245529,24.2823387496704,24.2927184476639,24.3912728154683,24.3705324552306,24.417192326936,24.4949113154483,24.4482870367845,24.4845522079513,24.4690115721079,24.4897318933139,24.5208044790397,24.593270373703,24.525982322611,24.5829212550199,24.4431052442089,24.6398284203822,24.5208044790397,24.4275582848784,24.4482870367845,24.4949113154483,24.5777463018912,24.588095945611,24.5673956078683,24.417192326936,24.4534685658236,24.4793722593216,24.2719579925803,24.3860881214467,24.396457245529,24.3705324552306,24.3549744119754,24.3446010620456,24.3809031634257,24.3394139906367,24.3186630611374,24.2511932998677,24.2460014642685,24.19406852432,24.2460014642685,24.1836787523513,24.3082860095273,24.2148448833435,24.1836787523513,24.2460014642685,24.2148448833435,24.2148448833435,24.3290390547373,24.4431052442089,24.3238511901693,24.3342266548802,24.3238511901693,24.3186630611374,24.3809031634257,24.3342266548802,24.2148448833435,24.4275582848784,24.4482870367845,24.4275582848784,24.5518675968447,24.5000904743927,24.5622198668973,24.4949113154483,24.4275582848784,24.5156263724707,24.8155229994525,24.9032571289301,24.9702971889533,25.0475965748176,24.9960701368761,24.9651418204509,24.9445177487934,24.9290469664651,24.9445177487934,25.0836496611589,25.0475965748176,25.0424450977087,25.0269891112523,24.9857617364743,25.0527477928007,24.8929393729232
24.0901229747396,24.19406852432,24.2563848704595,24.1109205935815,24.1213178064842,24.1005223164376,24.1317139554589,24.0433127548394,24.0433127548394,24.0693210964281,24.2460014642685,24.2148448833435,24.1473061847397,24.0016855446331,24.1317139554589,24.0277045513642,23.855855667086,23.9131709850186,23.7724300321434,24.0068898795898,24.1005223164376,23.9183798623554,23.7880775719377,23.9235884721781,23.8610674896852,23.8610674896852,23.7828619938962,23.7932928814756,23.9808655355738,24.1525030628745,24.1213178064842,24.0953227786774,23.9860709383021,23.8610674896852,23.8714903310769,24.0433127548394,23.8610674896852,23.9287968145261,23.8923327997404,24.0068898795898,24.032907552491,24.017297749009,24.0068898795898,24.2460014642685,24.2148448833435,24.2979078995965,24.3082860095273,24.5518675968447,24.5673956078683,24.5363372209139,24.5052693701856,24.4431052442089,24.5311599032229,24.6191385780148,24.6294840235847,24.4431052442089,24.6087920833666,24.4793722593216,24.7018727940562,24.6294840235847,24.5777463018912,24.6036184425424,24.5518675968447,24.5777463018912,24.5829212550199,24.5725710861868,24.3912728154683,24.3601606905737,24.3653467049792,24.3238511901693,24.3860881214467,24.2044572345467,24.2044572345467,24.266767216777,24.0901229747396,24.2252314710217,24.1265160139431,24.1005223164376,23.9548345155266,24.0068898795898,24.2823387496704,24.2875287310348,24.3394139906367,24.3290390547373,24.2823387496704,24.3912728154683,24.4949113154483,24.4275582848784,24.4327408682945,24.5311599032229,24.5000904743927,24.4949113154483,24.417192326936,24.396457245529,24.3186630611374,24.417192326936,24.4120089523324,24.4120089523324,24.5777463018912,24.4793722593216,24.5415142757223,24.4638308334468,24.4223754377718,24.4638308334468,24.4534685658236,24.4586498313649,24.4638308334468,24.4638308334468,24.4482870367845,24.4431052442089,24.5673956078683,24.5518675968447,24.4068253139224,24.5518675968447,24.6243114319154,24.5673956078683,24.6553430497988,24.4638308334468,24.4379231880585,24.525982322611,24.4482870367845,24.6191385780148,24.4845522079513,24.5208044790397,24.5777463018912,24.6656848260024,24.4949113154483,24.5000904743927,24.5000904743927,24.5000904743927,24.4949113154483,24.3809031634257,24.5104480028654,24.4741920473867,24.4897318933139,24.4431052442089,24.5363372209139,24.3757179413665,24.4586498313649,24.4690115721079,24.4845522079513,24.3809031634257,24.5104480028654,24.2771485035319,24.2771485035319,24.4068253139224,24.4741920473867,24.4586498313649,24.4327408682945,24.4431052442089,24.3912728154683,24.2823387496704,24.3549744119754,24.3290390547373,24.3290390547373,24.3238511901693,24.1836787523513,24.2771485035319,24.3030970868713,24.2875287310348,24.2408093636233,24.3082860095273,24.3290390547373,24.4431052442089,24.525982322611,24.5829212550199,24.4897318933139,24.6087920833666,24.4690115721079,24.3653467049792,24.4949113154483,24.4327408682945,24.593270373703,24.5363372209139,24.5415142757223,24.593270373703,24.5156263724707,24.5104480028654,24.5466910676864,24.5363372209139,24.5156263724707,24.4431052442089,24.4897318933139,24.525982322611,24.588095945611,24.3912728154683,24.313474667603,24.3809031634257,24.3186630611374,24.3186630611374,24.3446010620456,24.4120089523324,24.3082860095273,24.313474667603,24.2304243670388,24.2823387496704,24.220038309803,24.266767216777,24.3342266548802,24.2148448833435,24.2252314710217,24.2148448833435,24.220038309803,24.2460014642685,24.2771485035319,24.2044572345467,24.1784834681163,24.266767216777,24.3705324552306,24.4016414116675,24.3186630611374,24.313474667603,24.3394139906367,24.2979078995965,24.3705324552306,24.4275582848784,24.4845522079513,24.5000904743927,24.5052693701856,24.4845522079513,24.4327408682945,24.5622198668973,24.4431052442089,24.4534685658236,24.7173779975772,24.8568190268782,24.954830304227,25.0939482126385,24.9702971889533,24.9651418204509,24.954830304227,25.0063774992726,25.0578987516956,25.1042457289643,25.0784999971428,25.0630494515398,25.0990971001769,25.0733500742259,25.0269891112523,25.0733500742259
24.0068898795898,24.1161193330435,24.0120939477021,24.017297749009,24.1265160139431,24.1836787523513,24.1265160139431,24.0277045513642,24.0641199610143,24.1836787523513,24.2148448833435,24.2096511916044,24.1109205935815,24.0068898795898,24.1628960219406,23.9912760740285,23.8714903310769,23.9392126969559,23.9287968145261,23.9444202371166,24.0849229045849,24.1213178064842,24.032907552491,24.0016855446331,24.017297749009,23.9235884721781,23.756780074744,23.8767013499485,23.9808655355738,23.9808655355738,23.8506435764983,23.8767013499485,23.8871225842407,23.9756598658044,23.8975427475285,23.9340048894389,23.9600412538547,23.8610674896852,23.8506435764983,23.8819121009899,23.8037226951994,23.9235884721781,24.0797225681742,24.1576996752618,24.1057215880592,24.3446010620456,24.4793722593216,24.5052693701856,24.5570438632356,24.5829212550199,24.5208044790397,24.5311599032229,24.4482870367845,24.4690115721079,24.5052693701856,24.588095945611,24.5777463018912,24.5725710861868,24.5829212550199,24.7070414568379,24.5518675968447,24.6294840235847,24.7277134921382,24.5208044790397,24.525982322611,24.4586498313649,24.4120089523324,24.3601606905737,24.3082860095273,24.2875287310348,24.3809031634257,24.3446010620456,24.2823387496704,24.19406852432,24.1992630121316,24.2044572345467,24.1784834681163,24.1109205935815,24.0901229747396,24.0641199610143,24.2252314710217,24.2771485035319,24.4586498313649,24.4741920473867,24.4379231880585,24.3497878691456,24.396457245529,24.4897318933139,24.3705324552306,24.5466910676864,24.5622198668973,24.417192326936,24.4120089523324,24.3238511901693,24.313474667603,24.396457245529,24.4120089523324,24.3705324552306,24.417192326936,24.5570438632356,24.5311599032229,24.4741920473867,24.4068253139224,24.4586498313649,24.4586498313649,24.5415142757223,24.4586498313649,24.6087920833666,24.5466910676864,24.417192326936,24.4120089523324,24.4327408682945,24.4379231880585,24.4690115721079,24.4897318933139,24.6398284203822,24.6708553211965,24.5725710861868,24.5518675968447,24.5829212550199,24.5052693701856,24.5000904743927,24.5208044790397,24.598444539334,24.6191385780148,24.4949113154483,24.6243114319154,24.5000904743927,24.5052693701856,24.525982322611,24.5415142757223,24.5156263724707,24.5777463018912,24.4949113154483,24.4690115721079,24.4586498313649,24.4897318933139,24.5466910676864,24.4690115721079,24.5415142757223,24.4016414116675,24.4690115721079,24.4379231880585,24.396457245529,24.4586498313649,24.4016414116675,24.3912728154683,24.3705324552306,24.3601606905737,24.3912728154683,24.3549744119754,24.3809031634257,24.3342266548802,24.3394139906367,24.1888737710728,24.3082860095273,24.1732879183289,24.2875287310348,24.417192326936,24.2979078995965,24.2979078995965,24.417192326936,24.3601606905737,24.3601606905737,24.5673956078683,24.4741920473867,24.5363372209139,24.5311599032229,24.5052693701856,24.4379231880585,24.5052693701856,24.5725710861868,24.5622198668973,24.593270373703,24.5363372209139,24.593270373703,24.4845522079513,24.593270373703,24.4949113154483,24.5570438632356,24.5363372209139,24.4793722593216,24.4897318933139,24.4638308334468,24.417192326936,24.4068253139224,24.3860881214467,24.3860881214467,24.3394139906367,24.2719579925803,24.2096511916044,24.3082860095273,24.2823387496704,24.3186630611374,24.3030970868713,24.2823387496704,24.2927184476639,24.3238511901693,24.2823387496704,24.261576176083,24.2771485035319,24.235616997893,24.1628960219406,24.3082860095273,24.220038309803,24.3030970868713,24.2927184476639,24.266767216777,24.3030970868713,24.3082860095273,24.4275582848784,24.4016414116675,24.3860881214467,24.4327408682945,24.3757179413665,24.4534685658236,24.4793722593216,24.4275582848784,24.4897318933139,24.5622198668973,24.5104480028654,24.5829212550199,24.4431052442089,24.5518675968447,24.7742102793675,24.836173098535,24.9651418204509,24.9599861922213,25.0836496611589,24.9393610812787,24.9496741564303,25.0115307913128,25.0475965748176,25.0218365972651,24.9857617364743,25.1299849929454,25.0372933614365,25.0836496611589,25.0166838239645,25.0372933614365
24.1836787523513,24.1576996752618,24.1836787523513,24.1161193330435,24.1161193330435,24.235616997893,24.0901229747396,24.1057215880592,24.1369116310709,24.1784834681163,24.2408093636233,24.2719579925803,24.1992630121316,24.0485149561396,24.1628960219406,24.0277045513642,23.9496275099604,23.9183798623554,24.0693210964281,23.9235884721781,24.0381102869696,24.0797225681742,24.0120939477021,24.1836787523513,24.0120939477021,23.7828619938962,23.6628295005078,23.9652477249841,23.9496275099604,23.8245791023491,23.7932928814756,23.8871225842407,23.9183798623554,24.0485149561396,24.0068898795898,24.0433127548394,23.9235884721781,24.0016855446331,23.9235884721781,23.7880775719377,23.9444202371166,23.855855667086,24.0901229747396,24.1057215880592,24.1057215880592,24.4327408682945,24.4016414116675,24.5518675968447,24.5466910676864,24.5622198668973,24.4379231880585,24.5363372209139,24.525982322611,24.6346563530609,24.6243114319154,24.4534685658236,24.525982322611,24.5104480028654,24.4741920473867,24.588095945611,24.6294840235847,24.5000904743927,24.5311599032229,24.4949113154483,24.3497878691456,24.3757179413665,24.4223754377718,24.4275582848784,24.3497878691456,24.2460014642685,24.4897318933139,24.3446010620456,24.2927184476639,24.1992630121316,24.2460014642685,24.1628960219406,24.19406852432,24.1836787523513,24.1265160139431,24.2252314710217,24.3912728154683,24.3082860095273,24.3912728154683,24.4534685658236,24.3394139906367,24.2979078995965,24.2044572345467,24.3912728154683,24.4068253139224,24.5000904743927,24.4534685658236,24.4897318933139,24.4327408682945,24.4379231880585,24.3238511901693,24.4275582848784,24.3860881214467,24.3549744119754,24.396457245529,24.4690115721079,24.4690115721079,24.3912728154683,24.4482870367845,24.4586498313649,24.4431052442089,24.4741920473867,24.5570438632356,24.5466910676864,24.4690115721079,24.4793722593216,24.4534685658236,24.3186630611374,24.417192326936,24.3757179413665,24.5052693701856,24.6139654618445,24.6708553211965,24.6605140688826,24.5363372209139,24.4482870367845,24.4586498313649,24.4120089523324,24.5673956078683,24.525982322611,24.5208044790397,24.5156263724707,24.5518675968447,24.5311599032229,24.5052693701856,24.593270373703,24.5156263724707,24.6087920833666,24.5000904743927,24.5622198668973,24.5052693701856,24.3757179413665,24.396457245529,24.5000904743927,24.4016414116675,24.5000904743927,24.4845522079513,24.4379231880585,24.4327408682945,24.4223754377718,24.4016414116675,24.4586498313649,24.4068253139224,24.3446010620456,24.3446010620456,24.3601606905737,24.3912728154683,24.4016414116675,24.2927184476639,24.2875287310348,24.2460014642685,24.19406852432,24.2563848704595,24.2252314710217,24.4379231880585,24.2823387496704,24.266767216777,24.3497878691456,24.3912728154683,24.4586498313649,24.598444539334,24.5622198668973,24.5570438632356,24.5570438632356,24.5104480028654,24.5156263724707,24.4845522079513,24.5829212550199,24.5363372209139,24.3912728154683,24.5104480028654,24.6139654618445,24.6243114319154,24.5622198668973,24.5777463018912,24.4897318933139,24.5518675968447,24.5777463018912,24.4431052442089,24.4431052442089,24.4638308334468,24.3446010620456,24.417192326936,24.4379231880585,24.3238511901693,24.313474667603,24.3394139906367,24.3394139906367,24.3186630611374,24.3342266548802,24.19406852432,24.2304243670388,24.2771485035319,24.2252314710217,24.2875287310348,24.3549744119754,24.1888737710728,24.1576996752618,24.2563848704595,24.220038309803,24.235616997893,24.2096511916044,24.2875287310348,24.1784834681163,24.2927184476639,24.261576176083,24.3860881214467,24.3912728154683,24.4016414116675,24.3860881214467,24.3653467049792,24.4534685658236,24.6139654618445,24.4845522079513,24.6087920833666,24.4223754377718,24.5466910676864,24.588095945611,24.5829212550199,24.5622198668973,24.6967038696157,24.8258485704877,24.8980983810354,24.954830304227,25.0321413659635,24.9599861922213,24.9754522977662,24.9857617364743,24.9702971889533,25.0012239478063,25.0424450977087,25.0733500742259,25.0681998923707,25.1351320700124,24.9909160664447,24.9599861922213
24.1057215880592,24.2563848704595,24.1473061847397,24.220038309803,24.2252314710217,24.0589185591878,24.1161193330435,24.2511932998677,24.2511932998677,24.1265160139431,24.2408093636233,24.1057215880592,24.02250128355,24.2304243670388,24.1992630121316,24.19406852432,23.9287968145261,23.9548345155266,24.0433127548394,23.9704539289542,24.0068898795898,24.0797225681742,23.9808655355738,24.1369116310709,23.9808655355738,23.7724300321434,23.6628295005078,23.8454312178827,23.9652477249841,23.8350056964094,23.8141514353848,23.8350056964094,23.8089371994645,23.9548345155266,23.9496275099604,24.032907552491,23.9235884721781,23.8297925334724,23.8037226951994,23.8089371994645,23.8193654029997,23.9131709850186,24.0953227786774,24.1005223164376,24.2979078995965,24.3860881214467,24.4690115721079,24.4223754377718,24.5363372209139,24.5000904743927,24.5415142757223,24.5673956078683,24.5518675968447,24.5622198668973,24.4845522079513,24.5000904743927,24.5466910676864,24.5104480028654,24.6191385780148,24.4534685658236,24.4223754377718,24.313474667603,24.3705324552306,24.3653467049792,24.3757179413665,24.396457245529,24.3082860095273,24.3497878691456,24.1265160139431,24.2408093636233,24.2719579925803,24.2563848704595,24.2563848704595,24.2511932998677,24.235616997893,24.2252314710217,24.2875287310348,24.1732879183289,24.2511932998677,24.3705324552306,24.4223754377718,24.3912728154683,24.396457245529,24.525982322611,24.3705324552306,24.2096511916044,24.3342266548802,24.4068253139224,24.4638308334468,24.4120089523324,24.4275582848784,24.4327408682945,24.4431052442089,24.3860881214467,24.4949113154483,24.4327408682945,24.4897318933139,24.4275582848784,24.417192326936,24.4845522079513,24.5829212550199,24.4638308334468,24.4690115721079,24.4638308334468,24.5466910676864,24.5570438632356,24.4586498313649,24.4586498313649,24.3860881214467,24.4482870367845,24.3912728154683,24.4068253139224,24.3446010620456,24.3705324552306,24.4586498313649,24.5518675968447,24.5725710861868,24.5622198668973,24.4223754377718,24.417192326936,24.4482870367845,24.4638308334468,24.5363372209139,24.5208044790397,24.5156263724707,24.5725710861868,24.5829212550199,24.4897318933139,24.5311599032229,24.6346563530609,24.6450002255868,24.6087920833666,24.4949113154483,24.588095945611,24.5104480028654,24.4586498313649,24.5466910676864,24.396457245529,24.4897318933139,24.4120089523324,24.4586498313649,24.3912728154683,24.525982322611,24.4016414116675,24.3912728154683,24.3860881214467,24.3497878691456,24.3601606905737,24.3549744119754,24.3342266548802,24.3549744119754,24.3549744119754,24.2719579925803,24.3860881214467,24.3290390547373,24.2719579925803,24.261576176083,24.3290390547373,24.2771485035319,24.261576176083,24.19406852432,24.3446010620456,24.396457245529,24.5052693701856,24.5518675968447,24.598444539334,24.6450002255868,24.5415142757223,24.5104480028654,24.5311599032229,24.5518675968447,24.5415142757223,24.5208044790397,24.3912728154683,24.3860881214467,24.4897318933139,24.5104480028654,24.5777463018912,24.6087920833666,24.588095945611,24.4897318933139,24.4897318933139,24.4845522079513,24.4482870367845,24.4275582848784,24.4482870367845,24.396457245529,24.3342266548802,24.2875287310348,24.2511932998677,24.3238511901693,24.2563848704595,24.4275582848784,24.2875287310348,24.313474667603,24.3082860095273,24.2460014642685,24.3186630611374,24.3082860095273,24.2511932998677,24.266767216777,24.1628960219406,24.2148448833435,24.2252314710217,24.2460014642685,24.2979078995965,24.1888737710728,24.2823387496704,24.313474667603,24.3030970868713,24.2511932998677,24.4327408682945,24.5052693701856,24.4327408682945,24.593270373703,24.4482870367845,24.5000904743927,24.5518675968447,24.5156263724707,24.5208044790397,24.5829212550199,24.4482870367845,24.5570438632356,24.5518675968447,24.7328808471969,24.8671404277798,24.9290469664651,24.9496741564303,24.9290469664651,24.954830304227,24.9909160664447,24.9702971889533,24.9857617364743,25.0321413659635,25.0630494515398,25.0681998923707,25.0733500742259,25.14027888859,25.0836496611589,25.0784999971428
24.16809210295,24.16809210295,24.1732879183289,24.1628960219406,24.3290390547373,24.1369116310709,24.2044572345467,24.2252314710217,24.266767216777,24.2148448833435,24.2044572345467,24.1628960219406,24.1525030628745,24.1784834681163,24.1732879183289,24.1628960219406,23.9287968145261,23.9912760740285,24.0693210964281,24.0537168909092,23.9756598658044,24.0016855446331,24.1109205935815,24.1213178064842,23.9860709383021,23.8402185911997,23.6732727602916,23.8454312178827,23.9548345155266,23.9548345155266,23.9548345155266,23.9496275099604,23.8037226951994,24.0537168909092,23.9235884721781,24.1057215880592,23.9131709850186,23.8193654029997,23.7619969958994,23.756780074744,23.8975427475285,23.9183798623554,24.0901229747396,24.1109205935815,24.3601606905737,24.4327408682945,24.4223754377718,24.5104480028654,24.4379231880585,24.4586498313649,24.5518675968447,24.5208044790397,24.5415142757223,24.525982322611,24.5518675968447,24.4793722593216,24.4275582848784,24.588095945611,24.4431052442089,24.2460014642685,24.2252314710217,24.3082860095273,24.3446010620456,24.3912728154683,24.396457245529,24.3446010620456,24.3912728154683,24.3082860095273,24.2096511916044,24.3186630611374,24.3342266548802,24.4638308334468,24.2823387496704,24.2148448833435,24.1628960219406,24.2096511916044,24.1213178064842,24.2096511916044,24.2875287310348,24.396457245529,24.2563848704595,24.4016414116675,24.3653467049792,24.3860881214467,24.3082860095273,24.2511932998677,24.2252314710217,24.313474667603,24.4534685658236,24.4275582848784,24.4534685658236,24.3290390547373,24.4431052442089,24.4431052442089,24.4379231880585,24.4431052442089,24.4897318933139,24.4690115721079,24.417192326936,24.4690115721079,24.4741920473867,24.4638308334468,24.5725710861868,24.5622198668973,24.5000904743927,24.4482870367845,24.4586498313649,24.4845522079513,24.4068253139224,24.3757179413665,24.417192326936,24.3757179413665,24.3238511901693,24.417192326936,24.3860881214467,24.4690115721079,24.5673956078683,24.4431052442089,24.4534685658236,24.4068253139224,24.4120089523324,24.4379231880585,24.4690115721079,24.4949113154483,24.5570438632356,24.5777463018912,24.5466910676864,24.5052693701856,24.5000904743927,24.5156263724707,24.6243114319154,24.4949113154483,24.525982322611,24.5518675968447,24.4690115721079,24.525982322611,24.4223754377718,24.4275582848784,24.5000904743927,24.3912728154683,24.4068253139224,24.396457245529,24.3809031634257,24.4586498313649,24.3912728154683,24.3653467049792,24.396457245529,24.396457245529,24.396457245529,24.3757179413665,24.266767216777,24.3809031634257,24.2719579925803,24.235616997893,24.3030970868713,24.2304243670388,24.235616997893,24.1992630121316,24.261576176083,24.3394139906367,24.2979078995965,24.3809031634257,24.3860881214467,24.3809031634257,24.4534685658236,24.5415142757223,24.5415142757223,24.4793722593216,24.4741920473867,24.5208044790397,24.5000904743927,24.5000904743927,24.5622198668973,24.4068253139224,24.4793722593216,24.6036184425424,24.5570438632356,24.5052693701856,24.5156263724707,24.5466910676864,24.5829212550199,24.4949113154483,24.4586498313649,24.4431052442089,24.4068253139224,24.4586498313649,24.3186630611374,24.417192326936,24.2823387496704,24.2823387496704,24.2875287310348,24.4016414116675,24.3705324552306,24.3342266548802,24.2927184476639,24.266767216777,24.2771485035319,24.2979078995965,24.2927184476639,24.2771485035319,24.2096511916044,24.4068253139224,24.2719579925803,24.2771485035319,24.266767216777,24.2096511916044,24.3030970868713,24.417192326936,24.2511932998677,24.3601606905737,24.5156263724707,24.5156263724707,24.4638308334468,24.5000904743927,24.4534685658236,24.593270373703,24.6087920833666,24.5725710861868,24.4949113154483,24.5622198668973,24.5311599032229,24.6450002255868,24.5415142757223,24.5518675968447,24.7587137017957,24.8258485704877,24.9342041538485,24.9599861922213,24.9599861922213,24.9806071469274,24.9754522977662,24.9599861922213,24.9496741564303,25.0475965748176,24.9960701368761,25.0836496611589,25.124837657352,25.0784999971428,25.0887990663117,24.8103598227198
24.3809031634257,24.1265160139431,24.017297749009,24.1732879183289,24.1109205935815,24.1888737710728,24.1161193330435,24.1057215880592,24.1109205935815,23.9860709383021,24.1836787523513,24.1628960219406,24.1628960219406,24.1732879183289,24.1888737710728,24.0537168909092,24.017297749009,23.9652477249841,23.9912760740285,24.017297749009,24.0016855446331,23.9183798623554,23.9287968145261,24.1005223164376,23.9808655355738,23.7932928814756,23.8506435764983,23.7776461473113,23.9756598658044,23.9704539289542,23.9704539289542,23.9600412538547,23.7880775719377,24.0016855446331,24.1161193330435,24.032907552491,23.9860709383021,23.8454312178827,23.7880775719377,23.8089371994645,23.8871225842407,24.1005223164376,24.1576996752618,24.3238511901693,24.4638308334468,24.3705324552306,24.417192326936,24.4845522079513,24.4275582848784,24.3705324552306,24.4120089523324,24.4638308334468,24.6036184425424,24.6191385780148,24.4741920473867,24.2823387496704,24.3757179413665,24.3290390547373,24.2563848704595,24.2771485035319,24.2771485035319,24.3186630611374,24.3912728154683,24.313474667603,24.3809031634257,24.3809031634257,24.396457245529,24.3497878691456,24.1732879183289,24.2511932998677,24.261576176083,24.3394139906367,24.4120089523324,24.261576176083,24.2771485035319,24.2460014642685,24.1784834681163,24.0953227786774,24.2304243670388,24.2875287310348,24.3653467049792,24.396457245529,24.4845522079513,24.5518675968447,24.3601606905737,24.3082860095273,24.4120089523324,24.2979078995965,24.2511932998677,24.4016414116675,24.3497878691456,24.4897318933139,24.4897318933139,24.4741920473867,24.4016414116675,24.5156263724707,24.5466910676864,24.4741920473867,24.4690115721079,24.4482870367845,24.4534685658236,24.6346563530609,24.5363372209139,24.525982322611,24.5156263724707,24.525982322611,24.3757179413665,24.4586498313649,24.4120089523324,24.4897318933139,24.4741920473867,24.4379231880585,24.4275582848784,24.3653467049792,24.417192326936,24.3912728154683,24.396457245529,24.396457245529,24.3238511901693,24.4379231880585,24.417192326936,24.4327408682945,24.5156263724707,24.4223754377718,24.5518675968447,24.5156263724707,24.4793722593216,24.5518675968447,24.5052693701856,24.4949113154483,24.4897318933139,24.4897318933139,24.4690115721079,24.4897318933139,24.4949113154483,24.5104480028654,24.3912728154683,24.4741920473867,24.4690115721079,24.4534685658236,24.4431052442089,24.4431052442089,24.3757179413665,24.4016414116675,24.3653467049792,24.2719579925803,24.3290390547373,24.3446010620456,24.3757179413665,24.417192326936,24.3809031634257,24.2563848704595,24.3082860095273,24.1628960219406,24.3082860095273,24.2719579925803,24.313474667603,24.3446010620456,24.3653467049792,24.3757179413665,24.3497878691456,24.3809031634257,24.3912728154683,24.4534685658236,24.4638308334468,24.5518675968447,24.4793722593216,24.4897318933139,24.4949113154483,24.6294840235847,24.4741920473867,24.4949113154483,24.4327408682945,24.4275582848784,24.4586498313649,24.5208044790397,24.5208044790397,24.525982322611,24.5156263724707,24.525982322611,24.5104480028654,24.5673956078683,24.5673956078683,24.5673956078683,24.4741920473867,24.417192326936,24.4068253139224,24.4275582848784,24.4223754377718,24.4068253139224,24.3912728154683,24.396457245529,24.3809031634257,24.3757179413665,24.2875287310348,24.235616997893,24.3601606905737,24.261576176083,24.2771485035319,24.3342266548802,24.235616997893,24.266767216777,24.266767216777,24.2563848704595,24.2096511916044,24.2563848704595,24.3238511901693,24.3446010620456,24.396457245529,24.3860881214467,24.4223754377718,24.4638308334468,24.4068253139224,24.5156263724707,24.5156263724707,24.5052693701856,24.5000904743927,24.6087920833666,24.593270373703,24.5104480028654,24.4949113154483,24.5466910676864,24.5518675968447,24.5673956078683,24.7793752829217,24.8723007375455,24.8671404277798,24.9342041538485,24.9651418204509,24.9445177487934,25.0166838239645,25.0424450977087,24.9909160664447,24.9806071469274,25.1454254487159,25.0681998923707,25.0887990663117,25.1145422104357,25.0784999971428,25.0733500742259
24.017297749009,24.0485149561396,24.2927184476639,24.2044572345467,24.261576176083,24.1109205935815,24.2823387496704,24.2096511916044,24.1732879183289,24.0849229045849,24.1525030628745,24.0537168909092,24.2460014642685,24.19406852432,24.0693210964281,23.8193654029997,24.02250128355,23.9340048894389,23.9392126969559,23.9652477249841,24.0016855446331,23.9079618401281,24.0641199610143,24.0016855446331,24.0120939477021,23.855855667086,23.8610674896852,23.8350056964094,23.9808655355738,23.9756598658044,24.0953227786774,23.9704539289542,23.8297925334724,23.9912760740285,24.0641199610143,24.0745219654683,23.9131709850186,23.9964809427924,23.8662790443357,24.0068898795898,24.02250128355,24.0537168909092,24.3238511901693,24.313474667603,24.4120089523324,24.4534685658236,24.3860881214467,24.3653467049792,24.3186630611374,24.2771485035319,24.313474667603,24.5518675968447,24.4379231880585,24.4897318933139,24.4120089523324,24.313474667603,24.266767216777,24.2771485035319,24.3860881214467,24.2875287310348,24.2719579925803,24.2823387496704,24.3082860095273,24.417192326936,24.3186630611374,24.3601606905737,24.3186630611374,24.313474667603,24.1628960219406,24.2511932998677,24.2460014642685,24.2304243670388,24.3497878691456,24.1836787523513,24.266767216777,24.2304243670388,24.1784834681163,24.1628960219406,24.235616997893,24.3082860095273,24.2719579925803,24.3497878691456,24.4741920473867,24.3860881214467,24.4845522079513,24.3705324552306,24.3705324552306,24.3238511901693,24.313474667603,24.2771485035319,24.3290390547373,24.396457245529,24.4741920473867,24.4482870367845,24.4379231880585,24.6087920833666,24.5725710861868,24.4845522079513,24.5673956078683,24.5673956078683,24.4845522079513,24.5104480028654,24.5104480028654,24.525982322611,24.4638308334468,24.4379231880585,24.4845522079513,24.4741920473867,24.3757179413665,24.4431052442089,24.4223754377718,24.3290390547373,24.4534685658236,24.4379231880585,24.3809031634257,24.4482870367845,24.3549744119754,24.396457245529,24.4275582848784,24.4223754377718,24.3549744119754,24.313474667603,24.4016414116675,24.5415142757223,24.5415142757223,24.593270373703,24.4690115721079,24.5415142757223,24.4845522079513,24.4120089523324,24.5518675968447,24.4845522079513,24.5000904743927,24.4534685658236,24.3809031634257,24.3757179413665,24.4482870367845,24.4845522079513,24.4431052442089,24.4534685658236,24.4016414116675,24.5052693701856,24.3446010620456,24.3912728154683,24.3912728154683,24.4016414116675,24.4068253139224,24.4223754377718,24.3290390547373,24.3549744119754,24.3446010620456,24.3238511901693,24.3601606905737,24.2719579925803,24.235616997893,24.2719579925803,24.2304243670388,24.3082860095273,24.3549744119754,24.3860881214467,24.417192326936,24.3860881214467,24.4897318933139,24.4482870367845,24.5208044790397,24.525982322611,24.5104480028654,24.4793722593216,24.4068253139224,24.4741920473867,24.4690115721079,24.4690115721079,24.3549744119754,24.4120089523324,24.4223754377718,24.313474667603,24.4120089523324,24.4223754377718,24.4949113154483,24.5673956078683,24.5570438632356,24.5104480028654,24.5415142757223,24.5156263724707,24.4534685658236,24.4690115721079,24.3601606905737,24.4068253139224,24.4016414116675,24.417192326936,24.4016414116675,24.3860881214467,24.2460014642685,24.396457245529,24.2875287310348,24.313474667603,24.2408093636233,24.2304243670388,24.2044572345467,24.3342266548802,24.3342266548802,24.261576176083,24.2460014642685,24.1784834681163,24.266767216777,24.266767216777,24.2511932998677,24.261576176083,24.4223754377718,24.4638308334468,24.6450002255868,24.5052693701856,24.5052693701856,24.5156263724707,24.4534685658236,24.5000904743927,24.5208044790397,24.5156263724707,24.4793722593216,24.4793722593216,24.4379231880585,24.5311599032229,24.396457245529,24.6294840235847,24.6760255545029,24.8051963851263,24.8516579356668,24.9238895190908,24.918731811688,25.0012239478063,25.0115307913128,25.0012239478063,24.9960701368761,24.9909160664447,25.0218365972651,25.0578987516956,25.0836496611589,25.1762993840732,25.0012239478063,25.0166838239645
24.266767216777,24.266767216777,24.0589185591878,24.2563848704595,24.3342266548802,24.1213178064842,24.1317139554589,24.235616997893,24.0901229747396,24.1109205935815,24.1473061847397,24.2096511916044,24.19406852432,24.2096511916044,24.0901229747396,23.9496275099604,24.0381102869696,24.0120939477021,23.9287968145261,24.1836787523513,24.1784834681163,24.1005223164376,24.0953227786774,24.02250128355,23.9756598658044,23.9600412538547,23.8923327997404,23.9600412538547,23.9548345155266,24.1057215880592,24.0381102869696,23.9860709383021,23.9444202371166,23.9756598658044,24.017297749009,24.0433127548394,24.0641199610143,24.0797225681742,24.02250128355,24.032907552491,24.1525030628745,24.261576176083,24.3082860095273,24.4431052442089,24.4120089523324,24.5000904743927,24.5000904743927,24.417192326936,24.3757179413665,24.3809031634257,24.4741920473867,24.6036184425424,24.4949113154483,24.4793722593216,24.3705324552306,24.3446010620456,24.4534685658236,24.313474667603,24.313474667603,24.3705324552306,24.3912728154683,24.3290390547373,24.3446010620456,24.4482870367845,24.3653467049792,24.3653467049792,24.3497878691456,24.3497878691456,24.220038309803,24.3238511901693,24.3394139906367,24.2511932998677,24.3653467049792,24.3912728154683,24.3549744119754,24.2460014642685,24.2044572345467,24.2096511916044,24.3860881214467,24.396457245529,24.3809031634257,24.4327408682945,24.3705324552306,24.4897318933139,24.4741920473867,24.4793722593216,24.4690115721079,24.3757179413665,24.4120089523324,24.3394139906367,24.2823387496704,24.4016414116675,24.4379231880585,24.5466910676864,24.5104480028654,24.5415142757223,24.6294840235847,24.5052693701856,24.4897318933139,24.4016414116675,24.4741920473867,24.525982322611,24.4482870367845,24.5156263724707,24.5415142757223,24.4793722593216,24.4120089523324,24.417192326936,24.5000904743927,24.4379231880585,24.4638308334468,24.4482870367845,24.4690115721079,24.4482870367845,24.4327408682945,24.3653467049792,24.4068253139224,24.396457245529,24.4120089523324,24.4431052442089,24.3860881214467,24.19406852432,24.4223754377718,24.4379231880585,24.5673956078683,24.5311599032229,24.4793722593216,24.4586498313649,24.5156263724707,24.4690115721079,24.4897318933139,24.4897318933139,24.5052693701856,24.4068253139224,24.5208044790397,24.3809031634257,24.4534685658236,24.4379231880585,24.4379231880585,24.396457245529,24.4690115721079,24.4327408682945,24.4482870367845,24.3186630611374,24.3912728154683,24.3082860095273,24.4068253139224,24.3342266548802,24.3446010620456,24.4120089523324,24.3809031634257,24.3860881214467,24.3446010620456,24.3082860095273,24.3186630611374,24.2460014642685,24.3030970868713,24.2979078995965,24.3186630611374,24.3757179413665,24.3186630611374,24.3912728154683,24.3860881214467,24.5052693701856,24.5052693701856,24.4638308334468,24.5415142757223,24.525982322611,24.525982322611,24.5622198668973,24.5208044790397,24.5415142757223,24.5415142757223,24.3342266548802,24.4638308334468,24.3549744119754,24.525982322611,24.4223754377718,24.5363372209139,24.4845522079513,24.6139654618445,24.5156263724707,24.5000904743927,24.5570438632356,24.4845522079513,24.4327408682945,24.4638308334468,24.3757179413665,24.4793722593216,24.3030970868713,24.5000904743927,24.417192326936,24.4016414116675,24.396457245529,24.3394139906367,24.2927184476639,24.3653467049792,24.2304243670388,24.3186630611374,24.313474667603,24.2304243670388,24.1836787523513,24.2408093636233,24.2719579925803,24.2719579925803,24.220038309803,24.2460014642685,24.3653467049792,24.4327408682945,24.3809031634257,24.4120089523324,24.5052693701856,24.5363372209139,24.5000904743927,24.5570438632356,24.5466910676864,24.5052693701856,24.6760255545029,24.6243114319154,24.5518675968447,24.5156263724707,24.5466910676864,24.5363372209139,24.6398284203822,24.8258485704877,24.9238895190908,24.8929393729232,24.9651418204509,24.9651418204509,25.0321413659635,25.0063774992726,24.9135738442187,24.9084156166453,25.0527477928007,25.0733500742259,25.0527477928007,24.954830304227,25.0527477928007,25.0527477928007,25.0578987516956
24.266767216777,24.2563848704595,24.1732879183289,24.2563848704595,24.2304243670388,24.261576176083,24.2148448833435,24.220038309803,24.2148448833435,24.2408093636233,24.1576996752618,24.1213178064842,24.2875287310348,24.2044572345467,24.0901229747396,24.0745219654683,24.0849229045849,24.1784834681163,24.1732879183289,24.1109205935815,24.0693210964281,24.0589185591878,24.1525030628745,24.0641199610143,24.0745219654683,24.0953227786774,23.8141514353848,23.7619969958994,24.032907552491,24.1732879183289,23.9756598658044,23.9964809427924,23.9964809427924,23.8454312178827,23.8402185911997,24.017297749009,24.0016855446331,24.0485149561396,23.9860709383021,24.0068898795898,24.1421090408181,23.9808655355738,24.2408093636233,24.4120089523324,24.4690115721079,24.4690115721079,24.5156263724707,24.4638308334468,24.396457245529,24.6087920833666,24.6036184425424,24.396457245529,24.4223754377718,24.3290390547373,24.4068253139224,24.4638308334468,24.4534685658236,24.313474667603,24.4068253139224,24.3757179413665,24.3186630611374,24.3290390547373,24.3342266548802,24.4275582848784,24.4379231880585,24.4223754377718,24.3394139906367,24.4068253139224,24.3653467049792,24.313474667603,24.3446010620456,24.4690115721079,24.235616997893,24.3860881214467,24.4068253139224,24.2823387496704,24.2044572345467,24.3446010620456,24.313474667603,24.4016414116675,24.3860881214467,24.3757179413665,24.3290390547373,24.3860881214467,24.3860881214467,24.4638308334468,24.3912728154683,24.4793722593216,24.3653467049792,24.3912728154683,24.3860881214467,24.3446010620456,24.4120089523324,24.396457245529,24.5104480028654,24.4949113154483,24.5622198668973,24.5104480028654,24.5570438632356,24.5052693701856,24.3809031634257,24.4793722593216,24.4949113154483,24.4638308334468,24.5415142757223,24.4327408682945,24.4275582848784,24.4223754377718,24.417192326936,24.4068253139224,24.4223754377718,24.4379231880585,24.5052693701856,24.4482870367845,24.4949113154483,24.3912728154683,24.4379231880585,24.3757179413665,24.2563848704595,24.2148448833435,24.2148448833435,24.2823387496704,24.2979078995965,24.4327408682945,24.4949113154483,24.5052693701856,24.4586498313649,24.4327408682945,24.4120089523324,24.4431052442089,24.4068253139224,24.3912728154683,24.4845522079513,24.5052693701856,24.3860881214467,24.4379231880585,24.4275582848784,24.4431052442089,24.4431052442089,24.4327408682945,24.4016414116675,24.4068253139224,24.3446010620456,24.3912728154683,24.3912728154683,24.417192326936,24.3809031634257,24.3342266548802,24.2927184476639,24.3342266548802,24.3342266548802,24.2719579925803,24.2563848704595,24.2979078995965,24.2408093636233,24.2252314710217,24.2875287310348,24.2979078995965,24.4327408682945,24.4741920473867,24.3757179413665,24.3809031634257,24.3757179413665,24.4431052442089,24.4068253139224,24.4793722593216,24.4897318933139,24.4897318933139,24.4223754377718,24.525982322611,24.5415142757223,24.4223754377718,24.5466910676864,24.3497878691456,24.4068253139224,24.4275582848784,24.4845522079513,24.5052693701856,24.6243114319154,24.5156263724707,24.593270373703,24.5104480028654,24.525982322611,24.5363372209139,24.5156263724707,24.4897318933139,24.4275582848784,24.4690115721079,24.4638308334468,24.4275582848784,24.4482870367845,24.4897318933139,24.396457245529,24.3497878691456,24.2563848704595,24.3912728154683,24.3290390547373,24.2148448833435,24.2304243670388,24.3030970868713,24.2408093636233,24.2304243670388,24.2252314710217,24.313474667603,24.2304243670388,24.2719579925803,24.1888737710728,24.4016414116675,24.4379231880585,24.5208044790397,24.4897318933139,24.5622198668973,24.5415142757223,24.5415142757223,24.5466910676864,24.5570438632356,24.4741920473867,24.6139654618445,24.588095945611,24.4327408682945,24.5622198668973,24.4534685658236,24.6139654618445,24.9238895190908,24.918731811688,25.0475965748176,24.9290469664651,25.0321413659635,25.0321413659635,25.0887990663117,24.9651418204509,25.1351320700124,24.9960701368761,24.9909160664447,24.9806071469274,25.1299849929454,25.258584458684,25.0990971001769,25.1608635787557,25.0733500742259
24.2771485035319,24.3860881214467,24.2563848704595,24.2511932998677,24.3653467049792,24.3757179413665,24.2148448833435,24.0537168909092,24.1888737710728,24.1057215880592,24.1317139554589,24.032907552491,24.2408093636233,24.2979078995965,24.2148448833435,24.1005223164376,24.0953227786774,24.0537168909092,23.8975427475285,24.0849229045849,24.0277045513642,23.9912760740285,23.9496275099604,23.9808655355738,24.032907552491,23.9704539289542,23.9235884721781,23.9027524276446,23.9287968145261,24.0433127548394,24.0433127548394,24.0381102869696,24.0797225681742,23.9704539289542,24.0016855446331,24.0589185591878,24.0589185591878,24.0641199610143,23.9912760740285,24.1576996752618,24.0433127548394,23.9652477249841,24.0068898795898,24.220038309803,24.3860881214467,24.4586498313649,24.5156263724707,24.4793722593216,24.593270373703,24.5000904743927,24.5000904743927,24.3653467049792,24.2875287310348,24.4275582848784,24.4793722593216,24.5415142757223,24.5208044790397,24.3238511901693,24.313474667603,24.4120089523324,24.235616997893,24.3705324552306,24.4534685658236,24.3860881214467,24.4534685658236,24.4845522079513,24.4431052442089,24.2511932998677,24.2252314710217,24.3238511901693,24.3082860095273,24.3809031634257,24.235616997893,24.3082860095273,24.3757179413665,24.2460014642685,24.2979078995965,24.3030970868713,24.3082860095273,24.2979078995965,24.3757179413665,24.5104480028654,24.4327408682945,24.4638308334468,24.3705324552306,24.3705324552306,24.4223754377718,24.4586498313649,24.3860881214467,24.3757179413665,24.3860881214467,24.525982322611,24.3342266548802,24.4431052442089,24.4690115721079,24.5777463018912,24.4741920473867,24.4949113154483,24.4793722593216,24.4793722593216,24.3860881214467,24.3809031634257,24.4949113154483,24.4741920473867,24.5518675968447,24.4741920473867,24.4068253139224,24.4482870367845,24.4120089523324,24.3446010620456,24.4534685658236,24.4379231880585,24.4690115721079,24.4949113154483,24.4379231880585,24.4068253139224,24.4482870367845,24.3860881214467,24.4379231880585,24.3912728154683,24.1992630121316,24.1732879183289,24.3030970868713,24.3394139906367,24.4327408682945,24.4223754377718,24.417192326936,24.3860881214467,24.4897318933139,24.4638308334468,24.4845522079513,24.4379231880585,24.4638308334468,24.4379231880585,24.5104480028654,24.4379231880585,24.4275582848784,24.417192326936,24.5311599032229,24.4379231880585,24.4482870367845,24.3705324552306,24.4431052442089,24.4068253139224,24.396457245529,24.2719579925803,24.3082860095273,24.3860881214467,24.3860881214467,24.3082860095273,24.3912728154683,24.2563848704595,24.261576176083,24.266767216777,24.2979078995965,24.3030970868713,24.2927184476639,24.4379231880585,24.4741920473867,24.4327408682945,24.3860881214467,24.396457245529,24.4016414116675,24.5725710861868,24.4379231880585,24.4949113154483,24.4482870367845,24.4897318933139,24.4845522079513,24.4431052442089,24.5208044790397,24.5156263724707,24.4275582848784,24.3757179413665,24.4016414116675,24.4016414116675,24.4327408682945,24.4327408682945,24.4534685658236,24.4949113154483,24.525982322611,24.4845522079513,24.5622198668973,24.4793722593216,24.4845522079513,24.5104480028654,24.4586498313649,24.3705324552306,24.5363372209139,24.5466910676864,24.4949113154483,24.4586498313649,24.417192326936,24.4016414116675,24.313474667603,24.313474667603,24.2252314710217,24.2771485035319,24.2148448833435,24.2096511916044,24.220038309803,24.2563848704595,24.2875287310348,24.261576176083,24.2563848704595,24.4275582848784,24.2771485035319,24.4327408682945,24.5000904743927,24.4379231880585,24.4845522079513,24.4845522079513,24.417192326936,24.5673956078683,24.598444539334,24.6087920833666,24.5622198668973,24.5622198668973,24.4949113154483,24.5725710861868,24.4379231880585,24.5673956078683,24.598444539334,24.8051963851263,24.9290469664651,24.918731811688,24.9857617364743,24.8464965838976,24.9445177487934,24.9445177487934,25.0269891112523,25.0527477928007,25.0836496611589,25.0784999971428,25.0681998923707,24.9909160664447,25.0527477928007,25.0424450977087,24.9445177487934,25.0063774992726
24.3809031634257,24.5363372209139,24.3238511901693,24.2511932998677,24.3912728154683,24.4016414116675,24.3082860095273,24.1732879183289,24.1369116310709,24.0849229045849,24.2460014642685,24.0849229045849,24.3082860095273,24.3342266548802,24.417192326936,24.1784834681163,24.0016855446331,24.1525030628745,24.0693210964281,24.1628960219406,24.0849229045849,23.9964809427924,24.0901229747396,24.0433127548394,23.9600412538547,24.0589185591878,23.9860709383021,23.9964809427924,24.0120939477021,24.0433127548394,24.0797225681742,24.032907552491,23.9652477249841,23.9860709383021,23.9808655355738,24.02250128355,24.0693210964281,24.16809210295,24.1213178064842,24.0693210964281,24.2563848704595,24.1836787523513,24.2096511916044,24.1888737710728,24.3653467049792,24.4949113154483,24.5208044790397,24.396457245529,24.4586498313649,24.4741920473867,24.4431052442089,24.3549744119754,24.3757179413665,24.3082860095273,24.4586498313649,24.4897318933139,24.5622198668973,24.4016414116675,24.4327408682945,24.4482870367845,24.220038309803,24.3446010620456,24.3290390547373,24.4379231880585,24.4327408682945,24.3238511901693,24.4482870367845,24.3186630611374,24.235616997893,24.2927184476639,24.235616997893,24.3497878691456,24.3290390547373,24.2460014642685,24.3290390547373,24.2148448833435,24.220038309803,24.4327408682945,24.3030970868713,24.3653467049792,24.4275582848784,24.5208044790397,24.4793722593216,24.4379231880585,24.5000904743927,24.4690115721079,24.3809031634257,24.4793722593216,24.5622198668973,24.5000904743927,24.4534685658236,24.5156263724707,24.4638308334468,24.5311599032229,24.4741920473867,24.4741920473867,24.5518675968447,24.4586498313649,24.5208044790397,24.4897318933139,24.3912728154683,24.3757179413665,24.3809031634257,24.4638308334468,24.4482870367845,24.4275582848784,24.3394139906367,24.4741920473867,24.4068253139224,24.4016414116675,24.2096511916044,24.3757179413665,24.4327408682945,24.4638308334468,24.417192326936,24.4586498313649,24.3912728154683,24.2252314710217,24.3705324552306,24.396457245529,24.2460014642685,24.261576176083,24.4016414116675,24.417192326936,24.3860881214467,24.3860881214467,24.4223754377718,24.4275582848784,24.4482870367845,24.5415142757223,24.4897318933139,24.4741920473867,24.5052693701856,24.4586498313649,24.3860881214467,24.4223754377718,24.4327408682945,24.4431052442089,24.4482870367845,24.4275582848784,24.4482870367845,24.3860881214467,24.3653467049792,24.4068253139224,24.396457245529,24.4223754377718,24.2927184476639,24.3446010620456,24.2823387496704,24.2979078995965,24.3186630611374,24.3082860095273,24.2408093636233,24.2979078995965,24.1888737710728,24.1525030628745,24.2875287310348,24.4482870367845,24.4016414116675,24.4741920473867,24.3601606905737,24.3912728154683,24.4223754377718,24.4534685658236,24.5208044790397,24.4638308334468,24.5415142757223,24.5466910676864,24.4120089523324,24.5104480028654,24.4379231880585,24.4431052442089,24.4275582848784,24.4223754377718,24.3394139906367,24.3757179413665,24.3549744119754,24.3705324552306,24.4431052442089,24.4638308334468,24.3757179413665,24.5829212550199,24.5777463018912,24.5466910676864,24.4638308334468,24.4949113154483,24.4638308334468,24.4534685658236,24.3653467049792,24.525982322611,24.4534685658236,24.3912728154683,24.4690115721079,24.396457245529,24.2927184476639,24.3030970868713,24.2563848704595,24.2771485035319,24.2511932998677,24.2460014642685,24.2304243670388,24.220038309803,24.2511932998677,24.2511932998677,24.2304243670388,24.3394139906367,24.3030970868713,24.5466910676864,24.5208044790397,24.4690115721079,24.4586498313649,24.5415142757223,24.4431052442089,24.4534685658236,24.4897318933139,24.5570438632356,24.4275582848784,24.5466910676864,24.5829212550199,24.4949113154483,24.5518675968447,24.5156263724707,24.6243114319154,24.8258485704877,24.9342041538485,24.9342041538485,24.9342041538485,25.0115307913128,24.9599861922213,24.9702971889533,24.9651418204509,24.8155229994525,24.954830304227,24.9599861922213,25.1196900631945,24.9496741564303,24.9909160664447,25.0681998923707,25.1093940990381,25.0578987516956
24.235616997893,24.3757179413665,24.3757179413665,24.2511932998677,24.2511932998677,24.3394139906367,24.3549744119754,24.235616997893,24.1317139554589,24.0953227786774,24.0953227786774,24.0589185591878,24.3186630611374,24.3705324552306,24.3030970868713,24.1109205935815,24.1265160139431,24.0797225681742,24.1005223164376,24.0641199610143,24.0277045513642,24.1057215880592,24.0485149561396,23.9444202371166,24.017297749009,24.0381102869696,24.0381102869696,23.9964809427924,24.1421090408181,24.0693210964281,24.2096511916044,23.9912760740285,24.0381102869696,24.02250128355,23.9704539289542,24.0485149561396,24.0745219654683,24.1473061847397,24.1732879183289,24.3653467049792,24.2408093636233,24.261576176083,24.2460014642685,24.2096511916044,24.2511932998677,24.3342266548802,24.525982322611,24.3860881214467,24.2823387496704,24.3394139906367,24.3653467049792,24.3238511901693,24.2771485035319,24.3757179413665,24.5052693701856,24.593270373703,24.4534685658236,24.3082860095273,24.4534685658236,24.3705324552306,24.2096511916044,24.3290390547373,24.3186630611374,24.3757179413665,24.396457245529,24.4120089523324,24.4482870367845,24.3705324552306,24.313474667603,24.3186630611374,24.3290390547373,24.3601606905737,24.3186630611374,24.266767216777,24.3342266548802,24.3082860095273,24.2979078995965,24.3912728154683,24.4793722593216,24.5208044790397,24.4223754377718,24.4845522079513,24.5052693701856,24.4793722593216,24.5052693701856,24.4949113154483,24.5156263724707,24.4016414116675,24.5622198668973,24.4690115721079,24.4534685658236,24.4534685658236,24.525982322611,24.5000904743927,24.4949113154483,24.5000904743927,24.5518675968447,24.4690115721079,24.4482870367845,24.4586498313649,24.4275582848784,24.4638308334468,24.3912728154683,24.4431052442089,24.2979078995965,24.4120089523324,24.4482870367845,24.4223754377718,24.4016414116675,24.3757179413665,24.3860881214467,24.4223754377718,24.3757179413665,24.4223754377718,24.4690115721079,24.4897318933139,24.3238511901693,24.2511932998677,24.3394139906367,24.2511932998677,24.1369116310709,24.2771485035319,24.2875287310348,24.4431052442089,24.4482870367845,24.4534685658236,24.4534685658236,24.4275582848784,24.5104480028654,24.6087920833666,24.5052693701856,24.5673956078683,24.4586498313649,24.5104480028654,24.5622198668973,24.5208044790397,24.525982322611,24.5311599032229,24.4586498313649,24.4897318933139,24.4275582848784,24.4223754377718,24.3549744119754,24.3549744119754,24.3757179413665,24.3549744119754,24.4379231880585,24.2771485035319,24.266767216777,24.3705324552306,24.3549744119754,24.19406852432,24.2979078995965,24.2304243670388,24.2979078995965,24.235616997893,24.2771485035319,24.4534685658236,24.4741920473867,24.4327408682945,24.4845522079513,24.5466910676864,24.5311599032229,24.4327408682945,24.4327408682945,24.5570438632356,24.4586498313649,24.5570438632356,24.4534685658236,24.4897318933139,24.5570438632356,24.4534685658236,24.4327408682945,24.3601606905737,24.4223754377718,24.4016414116675,24.4120089523324,24.5000904743927,24.4534685658236,24.4949113154483,24.4690115721079,24.593270373703,24.5415142757223,24.5466910676864,24.593270373703,24.6760255545029,24.5052693701856,24.4741920473867,24.5000904743927,24.4586498313649,24.4482870367845,24.417192326936,24.4690115721079,24.3912728154683,24.2511932998677,24.3082860095273,24.2771485035319,24.2719579925803,24.2771485035319,24.2875287310348,24.2252314710217,24.3030970868713,24.3238511901693,24.313474667603,24.313474667603,24.261576176083,24.4690115721079,24.2979078995965,24.5208044790397,24.5363372209139,24.4327408682945,24.4586498313649,24.5518675968447,24.5570438632356,24.6346563530609,24.5622198668973,24.5829212550199,24.525982322611,24.525982322611,24.5673956078683,24.5570438632356,24.5570438632356,24.7225458756109,24.8258485704877,24.836173098535,24.8206859153626,24.9445177487934,24.954830304227,25.0578987516956,24.9135738442187,24.9960701368761,24.9445177487934,24.9857617364743,24.9599861922213,25.0166838239645,25.0063774992726,25.0063774992726,25.0630494515398,24.8877801045559,25.0527477928007
24.417192326936,24.4016414116675,24.313474667603,24.1525030628745,24.2044572345467,24.2511932998677,24.3290390547373,24.1628960219406,24.1317139554589,24.0953227786774,23.9912760740285,24.0953227786774,24.19406852432,24.3082860095273,24.1888737710728,24.1732879183289,24.0797225681742,24.2460014642685,24.266767216777,24.1421090408181,24.0797225681742,24.0849229045849,23.9392126969559,23.9600412538547,24.032907552491,24.1732879183289,24.2719579925803,24.0693210964281,24.0433127548394,23.9964809427924,24.0953227786774,24.1369116310709,24.1784834681163,24.02250128355,23.9548345155266,24.0901229747396,24.1265160139431,24.1784834681163,24.2563848704595,24.3705324552306,24.266767216777,24.2719579925803,24.16809210295,24.235616997893,24.2304243670388,24.2304243670388,24.2511932998677,24.3030970868713,24.4793722593216,24.4120089523324,24.3809031634257,24.2823387496704,24.3809031634257,24.396457245529,24.525982322611,24.6553430497988,24.6036184425424,24.6294840235847,24.5777463018912,24.417192326936,24.4016414116675,24.1473061847397,24.3082860095273,24.3809031634257,24.4431052442089,24.4327408682945,24.4638308334468,24.3653467049792,24.2875287310348,24.4120089523324,24.3238511901693,24.3446010620456,24.3290390547373,24.1992630121316,24.235616997893,24.2252314710217,24.2771485035319,24.4327408682945,24.4897318933139,24.5156263724707,24.4327408682945,24.3653467049792,24.4482870367845,24.5311599032229,24.4793722593216,24.4223754377718,24.4016414116675,24.4120089523324,24.4534685658236,24.4793722593216,24.4586498313649,24.4534685658236,24.4534685658236,24.4793722593216,24.4431052442089,24.5156263724707,24.4690115721079,24.4845522079513,24.4068253139224,24.4327408682945,24.3394139906367,24.3860881214467,24.4379231880585,24.4431052442089,24.4223754377718,24.4638308334468,24.3446010620456,24.3653467049792,24.3912728154683,24.4949113154483,24.4223754377718,24.3497878691456,24.4534685658236,24.396457245529,24.396457245529,24.4016414116675,24.2823387496704,24.1057215880592,24.2563848704595,24.2511932998677,24.235616997893,24.2771485035319,24.2096511916044,24.235616997893,24.4327408682945,24.3705324552306,24.4327408682945,24.4690115721079,24.4534685658236,24.4431052442089,24.4793722593216,24.4638308334468,24.4690115721079,24.417192326936,24.4120089523324,24.4223754377718,24.417192326936,24.4482870367845,24.5156263724707,24.4949113154483,24.3342266548802,24.3757179413665,24.3394139906367,24.3653467049792,24.3809031634257,24.3394139906367,24.3860881214467,24.3912728154683,24.3809031634257,24.3601606905737,24.3394139906367,24.2823387496704,24.2823387496704,24.2875287310348,24.2719579925803,24.261576176083,24.261576176083,24.4431052442089,24.4897318933139,24.5518675968447,24.5052693701856,24.5518675968447,24.4690115721079,24.4949113154483,24.5156263724707,24.4586498313649,24.4690115721079,24.5777463018912,24.5777463018912,24.5000904743927,24.4327408682945,24.4482870367845,24.4482870367845,24.4379231880585,24.4949113154483,24.4327408682945,24.3757179413665,24.5466910676864,24.5311599032229,24.525982322611,24.5363372209139,24.588095945611,24.5725710861868,24.6553430497988,24.6450002255868,24.5570438632356,24.6398284203822,24.4793722593216,24.4897318933139,24.4690115721079,24.396457245529,24.4275582848784,24.4431052442089,24.4275582848784,24.417192326936,24.2511932998677,24.3030970868713,24.220038309803,24.2304243670388,24.2771485035319,24.2771485035319,24.235616997893,24.2719579925803,24.2096511916044,24.2823387496704,24.3342266548802,24.3030970868713,24.4793722593216,24.4690115721079,24.4690115721079,24.4431052442089,24.5156263724707,24.5156263724707,24.4016414116675,24.5415142757223,24.525982322611,24.6243114319154,24.5518675968447,24.5415142757223,24.5208044790397,24.6294840235847,24.588095945611,24.836173098535,24.8568190268782,24.9754522977662,24.954830304227,24.9909160664447,25.0372933614365,24.9599861922213,24.9445177487934,24.9496741564303,24.9496741564303,24.9393610812787,25.0681998923707,24.9651418204509,25.0733500742259,25.0784999971428,25.0012239478063,25.0166838239645,25.0372933614365
24.3238511901693,24.220038309803,24.2408093636233,24.19406852432,24.235616997893,24.3238511901693,24.2927184476639,24.1836787523513,24.1005223164376,24.1057215880592,24.0693210964281,24.032907552491,24.2563848704595,24.235616997893,24.1473061847397,24.1213178064842,24.0849229045849,24.261576176083,24.2823387496704,24.1576996752618,24.2148448833435,24.0797225681742,23.9652477249841,23.9496275099604,24.02250128355,24.2563848704595,24.4638308334468,24.2823387496704,24.3030970868713,24.2148448833435,24.2148448833435,24.2252314710217,24.2148448833435,24.0381102869696,24.1369116310709,24.1732879183289,24.1265160139431,24.19406852432,24.2252314710217,24.2563848704595,24.2460014642685,24.220038309803,24.1525030628745,24.1576996752618,24.2408093636233,23.9964809427924,24.1888737710728,24.3446010620456,24.2979078995965,24.4534685658236,24.4638308334468,24.266767216777,24.3446010620456,24.3446010620456,24.4845522079513,24.6139654618445,24.6191385780148,24.6398284203822,24.3186630611374,24.3082860095273,24.2823387496704,24.3912728154683,24.3342266548802,24.4016414116675,24.4431052442089,24.4482870367845,24.4431052442089,24.4275582848784,24.2252314710217,24.2563848704595,24.3757179413665,24.3860881214467,24.3549744119754,24.2044572345467,24.2148448833435,24.1732879183289,24.1888737710728,24.3912728154683,24.2875287310348,24.4949113154483,24.4016414116675,24.4897318933139,24.396457245529,24.5052693701856,24.3601606905737,24.4120089523324,24.4431052442089,24.4223754377718,24.4379231880585,24.4275582848784,24.5104480028654,24.5052693701856,24.4482870367845,24.4638308334468,24.5156263724707,24.5363372209139,24.4379231880585,24.5415142757223,24.5052693701856,24.4534685658236,24.3912728154683,24.2927184476639,24.3757179413665,24.4482870367845,24.4275582848784,24.4741920473867,24.4327408682945,24.4638308334468,24.4431052442089,24.3860881214467,24.3860881214467,24.2979078995965,24.4223754377718,24.4068253139224,24.4845522079513,24.4016414116675,24.2460014642685,24.220038309803,24.2563848704595,24.1421090408181,24.1213178064842,24.1525030628745,24.2148448833435,24.220038309803,24.3601606905737,24.4379231880585,24.417192326936,24.4586498313649,24.4845522079513,24.4586498313649,24.4586498313649,24.525982322611,24.4327408682945,24.4793722593216,24.5000904743927,24.5156263724707,24.417192326936,24.4379231880585,24.4534685658236,24.4845522079513,24.3601606905737,24.4120089523324,24.3912728154683,24.3601606905737,24.2823387496704,24.3860881214467,24.2823387496704,24.3912728154683,24.2823387496704,24.2875287310348,24.3497878691456,24.2771485035319,24.1784834681163,24.0797225681742,24.2304243670388,24.2252314710217,24.4379231880585,24.4120089523324,24.4482870367845,24.4586498313649,24.5363372209139,24.4482870367845,24.5208044790397,24.4741920473867,24.6346563530609,24.5052693701856,24.4897318933139,24.4845522079513,24.4741920473867,24.4482870367845,24.4482870367845,24.5518675968447,24.4690115721079,24.4379231880585,24.3705324552306,24.4068253139224,24.3809031634257,24.5466910676864,24.5311599032229,24.5466910676864,24.5052693701856,24.5518675968447,24.6087920833666,24.6243114319154,24.525982322611,24.5363372209139,24.4482870367845,24.5000904743927,24.5052693701856,24.4741920473867,24.4949113154483,24.525982322611,24.4379231880585,24.3912728154683,24.235616997893,24.3238511901693,24.2408093636233,24.2563848704595,24.2511932998677,24.2563848704595,24.2719579925803,24.313474667603,24.3342266548802,24.3082860095273,24.266767216777,24.3601606905737,24.3757179413665,24.4793722593216,24.5052693701856,24.5156263724707,24.4897318933139,24.5622198668973,24.5156263724707,24.4949113154483,24.525982322611,24.5104480028654,24.5311599032229,24.5208044790397,24.6553430497988,24.5311599032229,24.4741920473867,24.6501717687129,24.7018727940562,24.8051963851263,24.9960701368761,25.0063774992726,25.0166838239645,25.0372933614365,25.0012239478063,25.0681998923707,24.9496741564303,25.0887990663117,24.8980983810354,25.1093940990381,25.0681998923707,25.0475965748176,25.1608635787557,24.9651418204509,25.0578987516956,25.0166838239645
24.2771485035319,24.3446010620456,24.0953227786774,24.261576176083,24.2875287310348,24.2823387496704,24.2927184476639,24.2875287310348,24.0901229747396,24.0589185591878,24.0016855446331,24.0693210964281,24.1992630121316,24.2148448833435,24.0849229045849,24.1473061847397,24.19406852432,24.2148448833435,24.417192326936,24.0433127548394,24.1473061847397,24.1525030628745,24.017297749009,24.0589185591878,24.1992630121316,24.2511932998677,24.4690115721079,24.3549744119754,24.3497878691456,24.2979078995965,24.2252314710217,24.2460014642685,24.2563848704595,24.02250128355,24.1213178064842,23.9912760740285,24.1576996752618,24.2563848704595,24.2511932998677,24.2719579925803,24.2563848704595,24.2148448833435,24.1421090408181,24.1628960219406,24.0485149561396,23.9860709383021,24.0016855446331,24.4223754377718,24.4741920473867,24.5466910676864,24.5570438632356,24.3912728154683,24.2460014642685,24.3549744119754,24.4897318933139,24.6087920833666,24.5311599032229,24.3497878691456,24.2823387496704,24.2979078995965,24.3705324552306,24.3030970868713,24.4275582848784,24.3497878691456,24.4223754377718,24.3912728154683,24.313474667603,24.3653467049792,24.3757179413665,24.3446010620456,24.4431052442089,24.3757179413665,24.3238511901693,24.2252314710217,24.220038309803,24.2823387496704,24.1421090408181,24.261576176083,24.4741920473867,24.396457245529,24.5052693701856,24.3860881214467,24.3653467049792,24.3290390547373,24.3238511901693,24.3446010620456,24.4327408682945,24.4223754377718,24.4586498313649,24.4845522079513,24.4327408682945,24.4482870367845,24.4120089523324,24.4897318933139,24.5622198668973,24.4586498313649,24.4793722593216,24.4534685658236,24.4949113154483,24.3912728154683,24.4223754377718,24.4379231880585,24.4534685658236,24.4379231880585,24.4482870367845,24.4534685658236,24.4431052442089,24.4741920473867,24.5208044790397,24.417192326936,24.396457245529,24.5000904743927,24.3030970868713,24.3757179413665,24.4690115721079,24.4068253139224,24.2771485035319,24.2823387496704,24.1005223164376,24.0901229747396,24.0381102869696,24.1161193330435,24.2044572345467,24.2148448833435,24.3757179413665,24.4741920473867,24.4275582848784,24.4949113154483,24.4897318933139,24.4534685658236,24.5208044790397,24.4586498313649,24.6087920833666,24.5052693701856,24.417192326936,24.4016414116675,24.4482870367845,24.4482870367845,24.4275582848784,24.4586498313649,24.3860881214467,24.4068253139224,24.3653467049792,24.3653467049792,24.3809031634257,24.3809031634257,24.3549744119754,24.3082860095273,24.3186630611374,24.3653467049792,24.3601606905737,24.2823387496704,24.2096511916044,24.2875287310348,24.2927184476639,24.4379231880585,24.3186630611374,24.4638308334468,24.4690115721079,24.5104480028654,24.4534685658236,24.5415142757223,24.4949113154483,24.525982322611,24.6036184425424,24.5208044790397,24.5570438632356,24.5000904743927,24.5000904743927,24.4949113154483,24.5570438632356,24.4741920473867,24.4327408682945,24.4275582848784,24.4534685658236,24.4534685658236,24.396457245529,24.525982322611,24.4741920473867,24.5415142757223,24.5829212550199,24.5518675968447,24.5570438632356,24.4638308334468,24.5052693701856,24.5052693701856,24.5673956078683,24.4845522079513,24.4793722593216,24.4120089523324,24.3601606905737,24.4327408682945,24.3860881214467,24.3912728154683,24.266767216777,24.2460014642685,24.2771485035319,24.2460014642685,24.2563848704595,24.2408093636233,24.266767216777,24.3082860095273,24.2927184476639,24.2927184476639,24.2719579925803,24.3290390547373,24.2927184476639,24.3653467049792,24.4379231880585,24.5000904743927,24.598444539334,24.4793722593216,24.4586498313649,24.4016414116675,24.5104480028654,24.588095945611,24.5208044790397,24.5363372209139,24.5311599032229,24.5363372209139,24.3912728154683,24.5104480028654,24.6915346834782,24.8877801045559,24.8723007375455,24.9806071469274,25.0630494515398,24.9599861922213,24.9599861922213,25.0063774992726,24.9806071469274,24.9135738442187,24.8723007375455,25.1557177937613,25.0836496611589,25.0733500742259,24.9806071469274,25.0321413659635,25.0115307913128,25.0784999971428
24.4327408682945,24.3186630611374,24.2719579925803,24.3082860095273,24.3497878691456,24.4741920473867,24.3030970868713,24.1421090408181,24.0953227786774,24.0797225681742,24.0693210964281,24.0797225681742,24.2044572345467,23.8871225842407,24.1213178064842,24.1525030628745,24.1784834681163,24.1992630121316,24.220038309803,24.0797225681742,24.16809210295,24.0953227786774,24.1369116310709,24.1784834681163,24.3549744119754,24.4327408682945,24.4482870367845,24.4741920473867,24.4793722593216,24.3912728154683,24.2875287310348,24.1057215880592,24.0641199610143,24.0953227786774,24.0901229747396,23.9808655355738,24.1317139554589,24.2044572345467,24.1317139554589,24.3446010620456,24.2148448833435,24.1369116310709,24.1784834681163,24.0901229747396,24.02250128355,23.9235884721781,23.8610674896852,24.261576176083,24.4016414116675,24.593270373703,24.6398284203822,24.4068253139224,24.2771485035319,24.2044572345467,24.3705324552306,24.5466910676864,24.598444539334,24.4586498313649,24.3238511901693,24.2823387496704,24.4586498313649,24.4586498313649,24.4741920473867,24.4949113154483,24.4379231880585,24.4327408682945,24.3497878691456,24.3601606905737,24.220038309803,24.3082860095273,24.2979078995965,24.4068253139224,24.3653467049792,24.1525030628745,24.2252314710217,24.266767216777,24.1628960219406,24.2511932998677,24.3497878691456,24.2875287310348,24.3757179413665,24.3601606905737,24.396457245529,24.2719579925803,24.3497878691456,24.3653467049792,24.3809031634257,24.4793722593216,24.5104480028654,24.5052693701856,24.525982322611,24.4120089523324,24.525982322611,24.4431052442089,24.4275582848784,24.5673956078683,24.5000904743927,24.5829212550199,24.5156263724707,24.3446010620456,24.3394139906367,24.2979078995965,24.525982322611,24.4534685658236,24.5363372209139,24.4275582848784,24.4534685658236,24.5311599032229,24.5208044790397,24.5208044790397,24.3809031634257,24.235616997893,24.3342266548802,24.313474667603,24.4534685658236,24.417192326936,24.2979078995965,24.1576996752618,24.1836787523513,24.1473061847397,24.3290390547373,24.2096511916044,24.2044572345467,24.2252314710217,24.3860881214467,24.4638308334468,24.5311599032229,24.5000904743927,24.5518675968447,24.525982322611,24.3549744119754,24.5363372209139,24.4741920473867,24.4690115721079,24.4482870367845,24.4845522079513,24.3860881214467,24.4379231880585,24.4120089523324,24.4379231880585,24.4016414116675,24.3549744119754,24.417192326936,24.3497878691456,24.3238511901693,24.396457245529,24.3653467049792,24.3601606905737,24.2979078995965,24.3601606905737,24.2927184476639,24.2460014642685,24.1992630121316,24.313474667603,24.2563848704595,24.4223754377718,24.417192326936,24.4897318933139,24.4534685658236,24.4793722593216,24.5518675968447,24.4690115721079,24.5570438632356,24.4431052442089,24.5673956078683,24.4793722593216,24.4793722593216,24.4949113154483,24.5104480028654,24.4482870367845,24.4534685658236,24.4586498313649,24.4586498313649,24.4327408682945,24.3082860095273,24.4120089523324,24.417192326936,24.4379231880585,24.4431052442089,24.4638308334468,24.5415142757223,24.5311599032229,24.4845522079513,24.6191385780148,24.4949113154483,24.5000904743927,24.4793722593216,24.5363372209139,24.5311599032229,24.3290390547373,24.3549744119754,24.4949113154483,24.3549744119754,24.235616997893,24.3030970868713,24.3446010620456,24.2927184476639,24.2408093636233,24.2408093636233,24.1992630121316,24.2875287310348,24.3030970868713,24.2979078995965,24.2563848704595,24.313474667603,24.3446010620456,24.3342266548802,24.417192326936,24.5000904743927,24.4275582848784,24.4534685658236,24.4741920473867,24.4120089523324,24.4949113154483,24.6139654618445,24.5156263724707,24.5000904743927,24.5518675968447,24.5363372209139,24.5052693701856,24.5156263724707,24.525982322611,24.6605140688826,24.7638794888426,24.8310109648659,25.0012239478063,24.8929393729232,25.0321413659635,25.0063774992726,24.9806071469274,25.0115307913128,24.9909160664447,25.0321413659635,25.0784999971428,25.1557177937613,25.1557177937613,25.0372933614365,25.0578987516956,25.0166838239645,25.0578987516956
24.3342266548802,24.4068253139224,24.266767216777,24.313474667603,24.0953227786774,24.2927184476639,24.2875287310348,24.1628960219406,24.0953227786774,24.0745219654683,24.2927184476639,24.0745219654683,24.1005223164376,24.1421090408181,24.0901229747396,24.1732879183289,24.1784834681163,24.1628960219406,24.0589185591878,24.0953227786774,24.1317139554589,24.16809210295,24.1628960219406,24.16809210295,24.1992630121316,24.2096511916044,24.417192326936,24.3446010620456,24.4793722593216,24.4845522079513,24.4845522079513,24.2460014642685,24.0901229747396,23.9600412538547,24.0277045513642,24.0797225681742,24.261576176083,24.1265160139431,24.266767216777,24.1473061847397,24.2511932998677,24.1317139554589,24.0485149561396,24.19406852432,24.032907552491,23.855855667086,23.8714903310769,24.2563848704595,24.2719579925803,24.3705324552306,24.4379231880585,24.3394139906367,24.1888737710728,24.3446010620456,24.4690115721079,24.5311599032229,24.4690115721079,24.2875287310348,24.3186630611374,24.220038309803,24.3290390547373,24.3446010620456,24.593270373703,24.4741920473867,24.417192326936,24.4534685658236,24.417192326936,24.4379231880585,24.4120089523324,24.4379231880585,24.4431052442089,24.4586498313649,24.3860881214467,24.2823387496704,24.220038309803,24.2979078995965,24.2771485035319,24.2979078995965,24.3342266548802,24.3860881214467,24.4120089523324,24.3809031634257,24.3653467049792,24.3186630611374,24.1265160139431,24.4482870367845,24.3601606905737,24.5156263724707,24.4638308334468,24.4638308334468,24.3860881214467,24.5311599032229,24.525982322611,24.4534685658236,24.4586498313649,24.4949113154483,24.5829212550199,24.4016414116675,24.3082860095273,24.3186630611374,24.2927184476639,24.3809031634257,24.3912728154683,24.3446010620456,24.4016414116675,24.3860881214467,24.4690115721079,24.4586498313649,24.4431052442089,24.4949113154483,24.3653467049792,24.3860881214467,24.3549744119754,24.3290390547373,24.3860881214467,24.3342266548802,24.3290390547373,24.261576176083,24.1628960219406,24.3653467049792,24.19406852432,24.16809210295,24.1836787523513,24.3549744119754,24.396457245529,24.4793722593216,24.4793722593216,24.5052693701856,24.4949113154483,24.4275582848784,24.4275582848784,24.4379231880585,24.3860881214467,24.4897318933139,24.3912728154683,24.3601606905737,24.3497878691456,24.3446010620456,24.3082860095273,24.4275582848784,24.3705324552306,24.2927184476639,24.2875287310348,24.313474667603,24.2511932998677,24.417192326936,24.2875287310348,24.3446010620456,24.3705324552306,24.3757179413665,24.2096511916044,24.3030970868713,24.313474667603,24.261576176083,24.220038309803,24.2563848704595,24.3912728154683,24.4897318933139,24.525982322611,24.4431052442089,24.5104480028654,24.4793722593216,24.4845522079513,24.4741920473867,24.5052693701856,24.4534685658236,24.4845522079513,24.5415142757223,24.4534685658236,24.4534685658236,24.4379231880585,24.4275582848784,24.3601606905737,24.4482870367845,24.4638308334468,24.3705324552306,24.417192326936,24.5415142757223,24.4016414116675,24.4690115721079,24.5052693701856,24.4482870367845,24.5570438632356,24.4327408682945,24.525982322611,24.5052693701856,24.4949113154483,24.5156263724707,24.3809031634257,24.4741920473867,24.4223754377718,24.4638308334468,24.3238511901693,24.2408093636233,24.3082860095273,24.235616997893,24.1109205935815,24.2511932998677,24.2044572345467,24.2771485035319,24.3912728154683,24.4482870367845,24.4275582848784,24.3342266548802,24.2563848704595,24.3186630611374,24.3186630611374,24.4793722593216,24.3809031634257,24.5052693701856,24.4327408682945,24.4223754377718,24.5000904743927,24.4068253139224,24.6191385780148,24.4690115721079,24.5052693701856,24.5052693701856,24.5104480028654,24.5104480028654,24.5104480028654,24.525982322611,24.5311599032229,24.7070414568379,24.8723007375455,24.9702971889533,24.8877801045559,25.0321413659635,24.9754522977662,24.9754522977662,25.0166838239645,25.0372933614365,25.0321413659635,25.0321413659635,25.1196900631945,25.1454254487159,24.9960701368761,25.0475965748176,25.0578987516956,24.9032571289301
24.4223754377718,24.3446010620456,24.4327408682945,24.2563848704595,24.3238511901693,24.3290390547373,24.2875287310348,24.2148448833435,24.2823387496704,24.1161193330435,24.19406852432,24.0589185591878,24.2823387496704,24.2719579925803,24.1421090408181,24.0120939477021,23.9600412538547,23.9548345155266,24.1888737710728,24.1213178064842,24.1265160139431,24.1161193330435,24.0797225681742,24.1005223164376,24.3860881214467,24.3601606905737,24.2511932998677,24.3082860095273,24.220038309803,24.3290390547373,24.235616997893,24.2771485035319,24.2875287310348,24.0901229747396,24.0953227786774,24.1213178064842,24.3601606905737,24.3549744119754,24.2771485035319,24.3290390547373,24.1317139554589,24.0433127548394,24.0745219654683,24.0953227786774,24.1732879183289,23.8767013499485,23.8714903310769,24.0068898795898,24.3757179413665,24.261576176083,24.3186630611374,24.2823387496704,24.235616997893,24.3653467049792,24.4223754377718,24.4068253139224,24.3860881214467,24.3653467049792,24.2096511916044,24.2823387496704,24.3549744119754,24.3186630611374,24.4586498313649,24.5829212550199,24.4949113154483,24.3705324552306,24.417192326936,24.4638308334468,24.4638308334468,24.4638308334468,24.4534685658236,24.4897318933139,24.2875287310348,24.261576176083,24.2044572345467,24.1836787523513,24.220038309803,24.2044572345467,24.313474667603,24.4741920473867,24.4690115721079,24.3549744119754,24.2927184476639,24.2511932998677,24.3549744119754,24.2875287310348,24.4223754377718,24.525982322611,24.5518675968447,24.4690115721079,24.3549744119754,24.3446010620456,24.4068253139224,24.4275582848784,24.4897318933139,24.4016414116675,24.4275582848784,24.4016414116675,24.4690115721079,24.3290390547373,24.2771485035319,24.3601606905737,24.4223754377718,24.4534685658236,24.5208044790397,24.3809031634257,24.4016414116675,24.5052693701856,24.6191385780148,24.5156263724707,24.4275582848784,24.3446010620456,24.4482870367845,24.4327408682945,24.261576176083,24.3809031634257,24.4016414116675,24.261576176083,24.1888737710728,24.2460014642685,24.2148448833435,24.1109205935815,24.2460014642685,24.2927184476639,24.4690115721079,24.4897318933139,24.588095945611,24.5052693701856,24.3809031634257,24.4379231880585,24.4431052442089,24.417192326936,24.3757179413665,24.2563848704595,24.3860881214467,24.3601606905737,24.396457245529,24.3394139906367,24.4482870367845,24.4638308334468,24.3912728154683,24.3912728154683,24.3653467049792,24.3601606905737,24.3497878691456,24.4793722593216,24.3394139906367,24.4275582848784,24.3342266548802,24.3446010620456,24.2408093636233,24.3601606905737,24.3446010620456,24.2979078995965,24.3394139906367,24.2719579925803,24.3757179413665,24.4068253139224,24.3705324552306,24.4741920473867,24.5104480028654,24.5052693701856,24.4638308334468,24.4534685658236,24.4690115721079,24.5208044790397,24.5415142757223,24.5156263724707,24.5156263724707,24.4949113154483,24.5311599032229,24.4534685658236,24.3809031634257,24.5415142757223,24.4741920473867,24.3809031634257,24.4223754377718,24.4275582848784,24.417192326936,24.5052693701856,24.4379231880585,24.5208044790397,24.5363372209139,24.4586498313649,24.4949113154483,24.4534685658236,24.4897318933139,24.4845522079513,24.4638308334468,24.3809031634257,24.3549744119754,24.3342266548802,24.3342266548802,24.3082860095273,24.2979078995965,24.2563848704595,24.2511932998677,24.2771485035319,24.2511932998677,24.261576176083,24.2719579925803,24.2096511916044,24.4482870367845,24.3238511901693,24.1732879183289,24.2823387496704,24.2823387496704,24.2979078995965,24.3238511901693,24.4379231880585,24.4586498313649,24.4534685658236,24.4534685658236,24.3705324552306,24.4949113154483,24.4793722593216,24.598444539334,24.5104480028654,24.5208044790397,24.4741920473867,24.4845522079513,24.5052693701856,24.5415142757223,24.598444539334,24.7948687272058,24.9032571289301,24.918731811688,24.9342041538485,24.9445177487934,24.86197985757,25.0166838239645,25.1505717504272,25.0269891112523,25.1454254487159,25.0475965748176,25.0733500742259,25.14027888859,25.0063774992726,25.1917328656758,25.0475965748176
24.4949113154483,24.4690115721079,24.3394139906367,24.220038309803,24.3238511901693,24.3912728154683,24.3446010620456,24.261576176083,24.2511932998677,24.1057215880592,24.1525030628745,24.16809210295,24.266767216777,24.1317139554589,24.2823387496704,24.2875287310348,23.9652477249841,23.9600412538547,23.9912760740285,24.0589185591878,24.0537168909092,24.0849229045849,24.16809210295,24.1109205935815,24.0849229045849,24.1784834681163,24.2252314710217,24.0849229045849,24.2252314710217,24.235616997893,24.1369116310709,24.235616997893,24.2252314710217,24.0745219654683,24.1317139554589,24.1161193330435,24.3601606905737,24.4223754377718,24.3446010620456,24.266767216777,24.3238511901693,24.1057215880592,24.2252314710217,24.2460014642685,24.2460014642685,24.0745219654683,24.02250128355,24.1265160139431,24.266767216777,24.0641199610143,24.1213178064842,24.1473061847397,24.0797225681742,24.1888737710728,24.3757179413665,24.3653467049792,24.3809031634257,24.396457245529,24.3653467049792,24.396457245529,24.3549744119754,24.5415142757223,24.6036184425424,24.6863652356057,24.7018727940562,24.6087920833666,24.6656848260024,24.4845522079513,24.4586498313649,24.5000904743927,24.5570438632356,24.4741920473867,24.3186630611374,24.2304243670388,24.2408093636233,24.2252314710217,24.2927184476639,24.4016414116675,24.417192326936,24.3705324552306,24.3549744119754,24.4275582848784,24.4068253139224,24.3601606905737,24.3601606905737,24.3549744119754,24.4431052442089,24.4741920473867,24.3653467049792,24.396457245529,24.417192326936,24.3757179413665,24.3653467049792,24.417192326936,24.4016414116675,24.4275582848784,24.3912728154683,24.4068253139224,24.4016414116675,24.3497878691456,24.3497878691456,24.3446010620456,24.4068253139224,24.5156263724707,24.4690115721079,24.4431052442089,24.3912728154683,24.3653467049792,24.4741920473867,24.4016414116675,24.2511932998677,24.2511932998677,24.2408093636233,24.3394139906367,24.3238511901693,24.220038309803,24.2096511916044,24.3082860095273,24.3186630611374,24.3446010620456,24.3394139906367,24.3497878691456,24.4120089523324,24.261576176083,24.2511932998677,24.3653467049792,24.5104480028654,24.4741920473867,24.4793722593216,24.4068253139224,24.4068253139224,24.4016414116675,24.417192326936,24.4068253139224,24.4068253139224,24.4327408682945,24.3757179413665,24.3860881214467,24.3601606905737,24.4949113154483,24.3912728154683,24.4949113154483,24.4379231880585,24.3912728154683,24.4068253139224,24.3394139906367,24.3394139906367,24.3601606905737,24.3446010620456,24.3653467049792,24.3601606905737,24.313474667603,24.2979078995965,24.3030970868713,24.2304243670388,24.2044572345467,24.2460014642685,24.2096511916044,24.417192326936,24.4431052442089,24.5156263724707,24.5208044790397,24.5156263724707,24.5000904743927,24.4431052442089,24.5104480028654,24.4897318933139,24.6243114319154,24.4327408682945,24.5363372209139,24.4327408682945,24.3860881214467,24.3082860095273,24.5104480028654,24.4223754377718,24.3912728154683,24.4016414116675,24.4068253139224,24.396457245529,24.396457245529,24.5622198668973,24.6346563530609,24.4793722593216,24.4586498313649,24.4741920473867,24.5208044790397,24.5104480028654,24.3394139906367,24.3653467049792,24.3238511901693,24.3394139906367,24.2979078995965,24.2719579925803,24.2979078995965,24.3030970868713,24.3082860095273,24.220038309803,24.1057215880592,24.2460014642685,24.2563848704595,24.3238511901693,24.1888737710728,24.3757179413665,24.3394139906367,24.2979078995965,24.3705324552306,24.3394139906367,24.417192326936,24.3290390547373,24.4275582848784,24.2979078995965,24.3809031634257,24.4482870367845,24.4068253139224,24.4845522079513,24.5363372209139,24.4275582848784,24.5363372209139,24.5156263724707,24.4586498313649,24.4949113154483,24.4897318933139,24.4638308334468,24.5725710861868,24.7948687272058,24.7897045068028,24.9496741564303,25.0372933614365,24.9651418204509,24.9496741564303,25.0321413659635,24.8000326866343,25.0063774992726,25.0836496611589,25.0630494515398,25.0269891112523,24.918731811688,25.14027888859,25.0733500742259,25.0166838239645
24.1992630121316,24.2044572345467,24.3549744119754,24.2771485035319,24.3497878691456,24.4120089523324,24.3290390547373,24.3030970868713,24.1369116310709,24.1161193330435,24.1109205935815,24.0849229045849,24.0641199610143,24.2252314710217,24.266767216777,24.1473061847397,23.9808655355738,23.9652477249841,23.8610674896852,24.02250128355,24.1213178064842,24.0641199610143,24.0953227786774,24.1784834681163,24.313474667603,24.220038309803,23.9496275099604,23.8975427475285,23.9496275099604,24.2408093636233,24.2460014642685,24.1628960219406,24.0485149561396,24.1005223164376,24.1421090408181,24.0641199610143,24.2875287310348,24.261576176083,24.3653467049792,24.4223754377718,24.3030970868713,24.4068253139224,24.4223754377718,24.4327408682945,24.2719579925803,24.3860881214467,24.4897318933139,24.4016414116675,24.3394139906367,24.235616997893,24.261576176083,24.1265160139431,24.0953227786774,24.2044572345467,24.2460014642685,24.4949113154483,24.4897318933139,24.5208044790397,24.5156263724707,24.5415142757223,24.4845522079513,24.525982322611,24.4741920473867,24.4327408682945,24.6087920833666,24.4845522079513,24.5208044790397,24.4845522079513,24.5311599032229,24.6450002255868,24.6501717687129,24.5518675968447,24.3912728154683,24.3342266548802,24.3186630611374,24.1213178064842,24.266767216777,24.1784834681163,24.220038309803,24.4120089523324,24.3342266548802,24.3809031634257,24.3705324552306,24.3653467049792,24.3809031634257,24.2408093636233,24.3809031634257,24.4223754377718,24.3912728154683,24.3446010620456,24.3705324552306,24.3705324552306,24.3342266548802,24.1836787523513,24.417192326936,24.4016414116675,24.4223754377718,24.4431052442089,24.4016414116675,24.3497878691456,24.3342266548802,24.3757179413665,24.3705324552306,24.3809031634257,24.5725710861868,24.4845522079513,24.2563848704595,24.3653467049792,24.4793722593216,24.3342266548802,24.3497878691456,24.2979078995965,24.220038309803,24.220038309803,24.313474667603,24.1888737710728,24.2460014642685,24.4275582848784,24.313474667603,24.2771485035319,24.3342266548802,24.2719579925803,24.3601606905737,24.3601606905737,24.3601606905737,24.3860881214467,24.4534685658236,24.3912728154683,24.4120089523324,24.3860881214467,24.3912728154683,24.4016414116675,24.3912728154683,24.4638308334468,24.396457245529,24.4275582848784,24.3912728154683,24.4793722593216,24.4016414116675,24.4586498313649,24.3912728154683,24.3497878691456,24.3601606905737,24.3705324552306,24.3394139906367,24.3446010620456,24.3342266548802,24.3497878691456,24.3186630611374,24.2563848704595,24.3238511901693,24.313474667603,24.2563848704595,24.2771485035319,24.2460014642685,24.2252314710217,24.1992630121316,24.4327408682945,24.4431052442089,24.4327408682945,24.5052693701856,24.2927184476639,24.4845522079513,24.5208044790397,24.4275582848784,24.4120089523324,24.4690115721079,24.4275582848784,24.4690115721079,24.5104480028654,24.313474667603,24.3601606905737,24.3601606905737,24.3549744119754,24.4690115721079,24.3394139906367,24.3653467049792,24.4431052442089,24.5104480028654,24.396457245529,24.4949113154483,24.4793722593216,24.4897318933139,24.4275582848784,24.4223754377718,24.3601606905737,24.3860881214467,24.4379231880585,24.4586498313649,24.313474667603,24.4431052442089,24.3497878691456,24.3446010620456,24.2096511916044,24.235616997893,24.1265160139431,24.2096511916044,24.1005223164376,24.1109205935815,24.2460014642685,24.2460014642685,24.2563848704595,24.2927184476639,24.2252314710217,24.1784834681163,24.1836787523513,24.3186630611374,24.2096511916044,24.3446010620456,24.3497878691456,24.4327408682945,24.2979078995965,24.4068253139224,24.5156263724707,24.5363372209139,24.4690115721079,24.4793722593216,24.5000904743927,24.5311599032229,24.525982322611,24.4690115721079,24.4741920473867,24.4638308334468,24.4586498313649,24.6398284203822,24.6760255545029,24.8000326866343,24.918731811688,24.918731811688,24.954830304227,24.8929393729232,24.9238895190908,24.8413349715329,25.0321413659635,25.0063774992726,25.0424450977087,25.1093940990381,24.9806071469274,24.9909160664447,25.0630494515398
24.3342266548802,24.3290390547373,24.3186630611374,24.2979078995965,24.235616997893,24.396457245529,24.2927184476639,24.2304243670388,24.3497878691456,24.2304243670388,24.1576996752618,24.16809210295,24.0745219654683,24.1628960219406,24.2823387496704,24.1109205935815,23.9860709383021,23.9964809427924,23.9340048894389,24.0745219654683,24.0693210964281,24.0953227786774,24.0953227786774,24.2148448833435,24.2460014642685,24.1213178064842,23.9235884721781,23.9652477249841,24.1317139554589,24.1369116310709,24.1213178064842,24.2460014642685,24.02250128355,24.0849229045849,24.0693210964281,24.1317139554589,24.032907552491,24.2511932998677,24.3186630611374,24.3497878691456,24.3653467049792,24.2148448833435,24.3757179413665,24.5570438632356,24.4638308334468,24.525982322611,24.5363372209139,24.5156263724707,24.5570438632356,24.5518675968447,24.2875287310348,24.2563848704595,24.0901229747396,24.2563848704595,24.1109205935815,24.261576176083,24.2563848704595,24.4431052442089,24.4897318933139,24.5208044790397,24.525982322611,24.4638308334468,24.525982322611,24.598444539334,24.6191385780148,24.4949113154483,24.4845522079513,24.4690115721079,24.4068253139224,24.4793722593216,24.4793722593216,24.5000904743927,24.525982322611,24.4534685658236,24.2927184476639,24.261576176083,24.266767216777,24.2927184476639,24.2511932998677,24.2304243670388,24.1732879183289,24.2148448833435,24.1992630121316,24.3238511901693,24.3653467049792,24.3030970868713,24.3653467049792,24.2460014642685,24.2771485035319,24.3342266548802,24.235616997893,24.1784834681163,24.1888737710728,24.1836787523513,24.2252314710217,24.4949113154483,24.417192326936,24.4223754377718,24.4327408682945,24.4793722593216,24.3860881214467,24.3549744119754,24.5052693701856,24.5518675968447,24.417192326936,24.4534685658236,24.4482870367845,24.4379231880585,24.3497878691456,24.3342266548802,24.3394139906367,24.2927184476639,24.1161193330435,24.3238511901693,24.2252314710217,24.1992630121316,24.2252314710217,24.1317139554589,24.2979078995965,24.2719579925803,24.261576176083,24.1265160139431,24.235616997893,24.4534685658236,24.4223754377718,24.4068253139224,24.3912728154683,24.5052693701856,24.4949113154483,24.3497878691456,24.4379231880585,24.417192326936,24.4431052442089,24.4949113154483,24.3446010620456,24.4223754377718,24.4068253139224,24.4068253139224,24.4534685658236,24.4793722593216,24.3860881214467,24.3601606905737,24.3186630611374,24.3394139906367,24.4534685658236,24.3082860095273,24.3394139906367,24.3394139906367,24.3290390547373,24.396457245529,24.313474667603,24.3030970868713,24.4120089523324,24.3497878691456,24.3082860095273,24.2927184476639,24.3601606905737,24.3912728154683,24.4482870367845,24.4016414116675,24.4120089523324,24.4379231880585,24.4482870367845,24.4586498313649,24.5466910676864,24.4016414116675,24.4793722593216,24.417192326936,24.4223754377718,24.3290390547373,24.4638308334468,24.5000904743927,24.4845522079513,24.5000904743927,24.3497878691456,24.4482870367845,24.396457245529,24.4275582848784,24.396457245529,24.5311599032229,24.5725710861868,24.5208044790397,24.4949113154483,24.4431052442089,24.4431052442089,24.4586498313649,24.417192326936,24.4327408682945,24.3705324552306,24.3757179413665,24.3653467049792,24.3446010620456,24.2875287310348,24.1992630121316,24.266767216777,24.1732879183289,24.1525030628745,24.1576996752618,24.16809210295,24.2460014642685,24.1109205935815,24.2460014642685,24.1628960219406,24.1317139554589,24.1732879183289,24.3082860095273,24.2096511916044,24.2148448833435,24.3290390547373,24.3238511901693,24.396457245529,24.4431052442089,24.4379231880585,24.4897318933139,24.5311599032229,24.5363372209139,24.5363372209139,24.5311599032229,24.4534685658236,24.7070414568379,24.5725710861868,24.4793722593216,24.4949113154483,24.598444539334,24.525982322611,24.6760255545029,24.8980983810354,24.8877801045559,24.9651418204509,24.8877801045559,25.0166838239645,25.0115307913128,24.9702971889533,25.0012239478063,25.0166838239645,24.9857617364743,25.0115307913128,25.0063774992726,25.14027888859,25.0630494515398
24.4949113154483,24.3757179413665,24.3912728154683,24.313474667603,24.261576176083,24.3809031634257,24.3705324552306,24.2719579925803,24.2304243670388,24.0953227786774,24.16809210295,24.2304243670388,24.2304243670388,24.2771485035319,24.2408093636233,24.266767216777,23.9912760740285,24.0277045513642,23.9079618401281,24.0693210964281,24.2252314710217,24.2408093636233,24.3030970868713,24.4431052442089,24.3497878691456,24.19406852432,24.0589185591878,23.9652477249841,24.16809210295,24.1213178064842,24.1525030628745,24.1992630121316,24.1005223164376,24.0797225681742,24.0693210964281,24.0797225681742,24.261576176083,24.2148448833435,24.3082860095273,24.2044572345467,24.220038309803,24.2044572345467,24.266767216777,24.396457245529,24.5052693701856,24.5363372209139,24.5156263724707,24.6450002255868,24.5052693701856,24.525982322611,24.3705324552306,24.2823387496704,24.1732879183289,24.2304243670388,23.9287968145261,24.0485149561396,24.0953227786774,24.0589185591878,24.4431052442089,24.4068253139224,24.4534685658236,24.4793722593216,24.417192326936,24.4068253139224,24.4586498313649,24.4897318933139,24.396457245529,24.4793722593216,24.4586498313649,24.3809031634257,24.3601606905737,24.5052693701856,24.4949113154483,24.5208044790397,24.3342266548802,24.2823387496704,24.3342266548802,24.2927184476639,24.4327408682945,24.3549744119754,24.3705324552306,24.235616997893,24.3653467049792,24.3497878691456,24.2460014642685,24.2304243670388,24.2511932998677,24.2460014642685,24.261576176083,24.2719579925803,24.266767216777,24.1784834681163,24.1784834681163,24.1836787523513,24.2460014642685,24.4068253139224,24.4275582848784,24.4120089523324,24.5208044790397,24.3757179413665,24.2460014642685,24.3290390547373,24.4482870367845,24.3912728154683,24.5673956078683,24.4638308334468,24.4793722593216,24.4534685658236,24.4741920473867,24.4120089523324,24.2044572345467,24.313474667603,24.2563848704595,24.1732879183289,24.1732879183289,24.1888737710728,24.3394139906367,24.19406852432,24.2252314710217,24.3342266548802,24.2771485035319,24.1161193330435,24.3497878691456,24.3186630611374,24.3238511901693,24.3601606905737,24.4327408682945,24.3912728154683,24.4897318933139,24.5000904743927,24.4741920473867,24.4431052442089,24.5311599032229,24.5311599032229,24.4120089523324,24.4793722593216,24.3912728154683,24.4327408682945,24.4327408682945,24.4690115721079,24.4327408682945,24.3030970868713,24.4379231880585,24.3757179413665,24.3394139906367,24.2511932998677,24.1109205935815,24.313474667603,24.3082860095273,24.3342266548802,24.3912728154683,24.4534685658236,24.2875287310348,24.3757179413665,24.313474667603,24.19406852432,24.2148448833435,24.2304243670388,24.2771485035319,24.3030970868713,24.4016414116675,24.5052693701856,24.4897318933139,24.3601606905737,24.5000904743927,24.3860881214467,24.5415142757223,24.4327408682945,24.3705324552306,24.4534685658236,24.3601606905737,24.3342266548802,24.3653467049792,24.5156263724707,24.3446010620456,24.4586498313649,24.5052693701856,24.4638308334468,24.5311599032229,24.5725710861868,24.6036184425424,24.5466910676864,24.4690115721079,24.4431052442089,24.4120089523324,24.4327408682945,24.4586498313649,24.5415142757223,24.4586498313649,24.4431052442089,24.2875287310348,24.3497878691456,24.3082860095273,24.3549744119754,24.2719579925803,24.1213178064842,24.2252314710217,24.1628960219406,24.0901229747396,24.1784834681163,24.2511932998677,24.1421090408181,24.16809210295,24.0016855446331,24.1161193330435,24.3290390547373,24.3290390547373,24.3912728154683,24.4275582848784,24.3238511901693,24.3912728154683,24.5104480028654,24.4586498313649,24.5000904743927,24.4379231880585,24.5570438632356,24.5415142757223,24.6191385780148,24.5363372209139,24.6139654618445,24.5104480028654,24.4741920473867,24.5000904743927,24.4586498313649,24.4638308334468,24.6760255545029,24.8155229994525,24.9084156166453,24.8310109648659,25.0012239478063,24.86197985757,25.0063774992726,25.1762993840732,25.0166838239645,25.0063774992726,25.0372933614365,25.1145422104357,25.0784999971428,25.0939482126385,25.0321413659635
24.3912728154683,24.2927184476639,24.3860881214467,24.2927184476639,24.3601606905737,24.2927184476639,24.4068253139224,24.3809031634257,24.1317139554589,24.0953227786774,24.266767216777,24.1784834681163,24.1732879183289,24.16809210295,24.2304243670388,24.1888737710728,23.9600412538547,24.0485149561396,23.9600412538547,24.0745219654683,24.2252314710217,24.2252314710217,24.3497878691456,24.2875287310348,24.2408093636233,24.0381102869696,23.9444202371166,24.0277045513642,24.0381102869696,24.1628960219406,24.0589185591878,24.1473061847397,24.1628960219406,23.9652477249841,24.0589185591878,24.0016855446331,24.19406852432,24.2304243670388,24.0589185591878,24.1369116310709,24.3082860095273,24.2096511916044,24.3030970868713,24.220038309803,24.261576176083,24.2408093636233,24.261576176083,24.1421090408181,24.19406852432,24.19406852432,24.396457245529,24.1005223164376,24.1109205935815,24.1732879183289,23.9496275099604,23.8662790443357,24.1317139554589,23.9808655355738,24.1057215880592,24.4016414116675,24.4223754377718,24.3342266548802,24.2875287310348,24.3549744119754,24.3757179413665,24.3860881214467,24.313474667603,24.3653467049792,24.3912728154683,24.4845522079513,24.4016414116675,24.3860881214467,24.5052693701856,24.4327408682945,24.3394139906367,24.2771485035319,24.3290390547373,24.266767216777,24.3082860095273,24.396457245529,24.2563848704595,24.3653467049792,24.3601606905737,24.3290390547373,24.2771485035319,24.3342266548802,24.2511932998677,24.2460014642685,24.3082860095273,24.3030970868713,24.2927184476639,24.19406852432,24.1732879183289,24.1161193330435,24.261576176083,24.525982322611,24.5052693701856,24.4534685658236,24.4223754377718,24.2511932998677,24.2771485035319,24.3446010620456,24.3757179413665,24.4016414116675,24.4482870367845,24.5518675968447,24.4741920473867,24.4897318933139,24.3342266548802,24.2875287310348,24.1576996752618,24.1992630121316,24.1784834681163,24.2408093636233,24.1628960219406,24.3601606905737,24.3394139906367,24.2719579925803,24.4068253139224,24.2875287310348,24.2771485035319,24.261576176083,24.2979078995965,24.417192326936,24.2148448833435,24.3549744119754,24.3705324552306,24.4534685658236,24.4327408682945,24.3809031634257,24.5363372209139,24.4845522079513,24.525982322611,24.4223754377718,24.417192326936,24.4068253139224,24.4327408682945,24.3082860095273,24.4223754377718,24.4327408682945,24.3809031634257,24.4275582848784,24.4431052442089,24.3601606905737,24.2304243670388,24.3082860095273,24.2719579925803,24.2563848704595,24.2408093636233,24.2096511916044,24.3705324552306,24.3186630611374,24.396457245529,24.3186630611374,24.4120089523324,24.3394139906367,24.2304243670388,24.2511932998677,24.2875287310348,24.261576176083,24.2771485035319,24.3342266548802,24.266767216777,24.3601606905737,24.2875287310348,24.4120089523324,24.417192326936,24.3860881214467,24.4638308334468,24.3757179413665,24.4793722593216,24.4949113154483,24.3601606905737,24.3601606905737,24.3912728154683,24.4379231880585,24.3549744119754,24.2927184476639,24.4379231880585,24.417192326936,24.5829212550199,24.4586498313649,24.4845522079513,24.5311599032229,24.4068253139224,24.4120089523324,24.3912728154683,24.4845522079513,24.4223754377718,24.3705324552306,24.4379231880585,24.4586498313649,24.3601606905737,24.2875287310348,24.261576176083,24.1732879183289,24.0849229045849,24.2252314710217,24.017297749009,24.1005223164376,24.1628960219406,24.1109205935815,24.1317139554589,24.0953227786774,24.1992630121316,24.3186630611374,24.1836787523513,24.2096511916044,24.3394139906367,24.3653467049792,24.4327408682945,24.3912728154683,24.5208044790397,24.4949113154483,24.4016414116675,24.5777463018912,24.5415142757223,24.5466910676864,24.5622198668973,24.7173779975772,24.6087920833666,24.5000904743927,24.593270373703,24.4327408682945,24.4534685658236,24.6760255545029,24.68119552596,24.8568190268782,24.8980983810354,24.9754522977662,24.8877801045559,24.9238895190908,25.0012239478063,24.9909160664447,24.9806071469274,25.1042457289643,24.9754522977662,25.0424450977087,25.0939482126385,25.0321413659635
24.4482870367845,24.3860881214467,24.2304243670388,24.261576176083,24.2511932998677,24.3912728154683,24.3186630611374,24.3705324552306,24.266767216777,24.261576176083,24.266767216777,24.1628960219406,24.2044572345467,24.2304243670388,24.266767216777,24.2044572345467,24.2252314710217,24.0641199610143,24.0693210964281,24.2252314710217,24.1836787523513,24.2096511916044,24.3549744119754,24.2875287310348,24.2563848704595,24.032907552491,23.9600412538547,24.0745219654683,24.0693210964281,23.9808655355738,24.1473061847397,24.1421090408181,24.1628960219406,24.1005223164376,24.1265160139431,24.0589185591878,24.0849229045849,24.1369116310709,24.2927184476639,24.0433127548394,24.2771485035319,24.3446010620456,24.2823387496704,24.1992630121316,24.1576996752618,24.2719579925803,23.9235884721781,23.9183798623554,24.1317139554589,23.9444202371166,24.1525030628745,24.1005223164376,24.1161193330435,24.1057215880592,23.9340048894389,23.8662790443357,23.9704539289542,24.0953227786774,24.0589185591878,24.3082860095273,24.4068253139224,24.4016414116675,24.3601606905737,24.3238511901693,24.235616997893,24.3549744119754,24.3186630611374,24.2511932998677,24.2875287310348,24.3446010620456,24.2875287310348,24.3809031634257,24.4120089523324,24.4120089523324,24.3290390547373,24.3860881214467,24.5156263724707,24.3446010620456,24.3342266548802,24.4223754377718,24.3446010620456,24.3186630611374,24.3860881214467,24.4534685658236,24.4379231880585,24.3912728154683,24.3757179413665,24.2460014642685,24.2979078995965,24.4275582848784,24.2979078995965,24.2927184476639,24.266767216777,24.1525030628745,24.4120089523324,24.4690115721079,24.4379231880585,24.5052693701856,24.4690115721079,24.4793722593216,24.3601606905737,24.3912728154683,24.396457245529,24.4793722593216,24.4586498313649,24.5052693701856,24.4793722593216,24.4275582848784,24.3860881214467,24.3653467049792,24.1836787523513,24.3497878691456,24.3082860095273,24.2875287310348,24.3757179413665,24.4016414116675,24.3497878691456,24.3290390547373,24.261576176083,24.3394139906367,24.2979078995965,24.4845522079513,24.3290390547373,24.4638308334468,24.3394139906367,24.3186630611374,24.3757179413665,24.3394139906367,24.525982322611,24.525982322611,24.5311599032229,24.4690115721079,24.5311599032229,24.5363372209139,24.4482870367845,24.4379231880585,24.4586498313649,24.4327408682945,24.4482870367845,24.3912728154683,24.3757179413665,24.3601606905737,24.3549744119754,24.3290390547373,24.3238511901693,24.313474667603,24.2304243670388,24.2252314710217,24.2927184476639,24.4482870367845,24.396457245529,24.3549744119754,24.3757179413665,24.417192326936,24.4068253139224,24.4016414116675,24.2044572345467,24.2096511916044,24.1369116310709,24.16809210295,24.266767216777,24.235616997893,24.396457245529,24.4638308334468,24.4379231880585,24.4275582848784,24.396457245529,24.4949113154483,24.4327408682945,24.396457245529,24.3912728154683,24.4379231880585,24.4741920473867,24.4586498313649,24.4690115721079,24.4586498313649,24.3549744119754,24.4223754377718,24.4431052442089,24.4586498313649,24.4379231880585,24.4482870367845,24.4379231880585,24.4431052442089,24.4741920473867,24.4897318933139,24.4586498313649,24.4638308334468,24.3705324552306,24.3601606905737,24.3653467049792,24.4431052442089,24.4690115721079,24.3342266548802,24.3082860095273,24.2563848704595,24.1265160139431,24.1057215880592,24.1213178064842,24.1057215880592,24.1005223164376,24.1265160139431,23.9860709383021,24.0693210964281,24.220038309803,24.1992630121316,24.3082860095273,24.3186630611374,24.3342266548802,24.3757179413665,24.2771485035319,24.5777463018912,24.4845522079513,24.4223754377718,24.417192326936,24.5363372209139,24.588095945611,24.6294840235847,24.6294840235847,24.7277134921382,24.593270373703,24.5777463018912,24.6501717687129,24.5104480028654,24.5415142757223,24.593270373703,24.836173098535,24.86197985757,24.8464965838976,25.0012239478063,25.0733500742259,25.0784999971428,25.0578987516956,25.0939482126385,25.0424450977087,25.1299849929454,25.124837657352,25.0733500742259,25.1196900631945,24.9960701368761
24.3860881214467,24.4482870367845,24.2771485035319,24.2304243670388,24.220038309803,24.261576176083,24.2823387496704,24.4586498313649,24.4120089523324,24.3082860095273,24.1628960219406,24.2719579925803,24.1628960219406,24.1992630121316,24.0641199610143,24.2408093636233,24.2096511916044,24.0537168909092,24.0277045513642,24.220038309803,23.9860709383021,24.0953227786774,24.235616997893,24.1369116310709,24.2304243670388,24.1784834681163,24.0277045513642,23.9860709383021,24.1784834681163,23.9183798623554,24.1109205935815,24.1161193330435,24.0797225681742,24.1784834681163,24.16809210295,24.2563848704595,24.2252314710217,24.2771485035319,24.266767216777,24.1628960219406,24.1992630121316,24.2460014642685,24.2460014642685,24.1836787523513,24.2044572345467,24.2460014642685,24.2096511916044,23.8923327997404,23.8923327997404,23.9027524276446,24.0016855446331,24.2044572345467,24.1213178064842,24.1109205935815,23.9340048894389,23.8714903310769,23.8089371994645,24.1109205935815,24.261576176083,24.3030970868713,24.3446010620456,24.3549744119754,24.3497878691456,24.4068253139224,24.2719579925803,24.3809031634257,24.3497878691456,24.2823387496704,24.3912728154683,24.2771485035319,24.2875287310348,24.3809031634257,24.4068253139224,24.417192326936,24.2875287310348,24.4845522079513,24.5363372209139,24.5363372209139,24.4275582848784,24.3757179413665,24.4431052442089,24.3757179413665,24.3601606905737,24.4534685658236,24.4482870367845,24.3860881214467,24.3497878691456,24.2927184476639,24.261576176083,24.2304243670388,24.4275582848784,24.3446010620456,24.1888737710728,24.1473061847397,24.1784834681163,24.4016414116675,24.4949113154483,24.4275582848784,24.4327408682945,24.5000904743927,24.3497878691456,24.4793722593216,24.3601606905737,24.4120089523324,24.2563848704595,24.4638308334468,24.4793722593216,24.4741920473867,24.4586498313649,24.4120089523324,24.2719579925803,24.313474667603,24.261576176083,24.2875287310348,24.3082860095273,24.3860881214467,24.3653467049792,24.3705324552306,24.313474667603,24.2823387496704,24.3601606905737,24.4223754377718,24.3446010620456,24.4223754377718,24.4120089523324,24.4379231880585,24.3549744119754,24.3601606905737,24.3601606905737,24.5052693701856,24.3082860095273,24.4949113154483,24.3860881214467,24.4793722593216,24.4223754377718,24.3549744119754,24.3653467049792,24.417192326936,24.4534685658236,24.4431052442089,24.4275582848784,24.3705324552306,24.3497878691456,24.4431052442089,24.396457245529,24.235616997893,24.2304243670388,24.4068253139224,24.4379231880585,24.3705324552306,24.266767216777,24.3030970868713,24.417192326936,24.4431052442089,24.3705324552306,24.266767216777,24.1732879183289,24.1525030628745,24.0797225681742,24.0277045513642,24.1732879183289,24.3082860095273,24.5208044790397,24.4534685658236,24.4327408682945,24.4793722593216,24.4793722593216,24.4016414116675,24.4949113154483,24.3653467049792,24.3653467049792,24.4793722593216,24.4534685658236,24.3809031634257,24.4793722593216,24.4327408682945,24.4016414116675,24.3601606905737,24.417192326936,24.4586498313649,24.6398284203822,24.5311599032229,24.4793722593216,24.4690115721079,24.4275582848784,24.3757179413665,24.5208044790397,24.4638308334468,24.4845522079513,24.3549744119754,24.4690115721079,24.3653467049792,24.3860881214467,24.3186630611374,24.2979078995965,24.2771485035319,24.266767216777,24.0537168909092,24.0849229045849,24.032907552491,24.0433127548394,24.0797225681742,24.1317139554589,24.0641199610143,24.1473061847397,24.2148448833435,24.2875287310348,24.4275582848784,24.3342266548802,24.2823387496704,24.4275582848784,24.3497878691456,24.4638308334468,24.4949113154483,24.4482870367845,24.525982322611,24.6191385780148,24.6605140688826,24.7380479408253,24.7122098579989,24.6967038696157,24.598444539334,24.6087920833666,24.4638308334468,24.5570438632356,24.6656848260024,24.7380479408253,24.8929393729232,24.8774607869049,24.918731811688,25.0115307913128,25.0012239478063,24.9857617364743,25.0939482126385,25.0424450977087,25.0887990663117,25.1145422104357,25.1814441360816,25.0630494515398,25.0784999971428
24.4845522079513,24.3446010620456,24.3446010620456,24.2563848704595,24.2927184476639,24.2719579925803,24.2875287310348,24.19406852432,24.3497878691456,24.2719579925803,24.4431052442089,24.2719579925803,24.2875287310348,24.2927184476639,24.2979078995965,24.2875287310348,24.16809210295,24.0693210964281,24.0745219654683,24.1628960219406,24.1265160139431,24.1525030628745,24.1213178064842,24.2044572345467,24.2044572345467,24.1317139554589,24.1784834681163,24.02250128355,24.017297749009,24.017297749009,24.1109205935815,24.1005223164376,24.0901229747396,24.1525030628745,24.1057215880592,24.0797225681742,24.2044572345467,24.0589185591878,24.3082860095273,24.3238511901693,24.2719579925803,24.3030970868713,24.266767216777,24.3186630611374,24.1784834681163,24.2304243670388,24.0849229045849,23.9131709850186,24.0693210964281,24.0797225681742,24.2044572345467,23.9964809427924,24.2148448833435,24.1005223164376,23.9392126969559,23.8662790443357,24.0953227786774,24.261576176083,24.261576176083,24.3549744119754,24.4586498313649,24.4068253139224,24.4068253139224,24.4223754377718,24.3549744119754,24.3705324552306,24.3757179413665,24.2719579925803,24.3186630611374,24.396457245529,24.3912728154683,24.3342266548802,24.2927184476639,24.2719579925803,24.3809031634257,24.3186630611374,24.5622198668973,24.7070414568379,24.5104480028654,24.3342266548802,24.4327408682945,24.4949113154483,24.4845522079513,24.4223754377718,24.4327408682945,24.2979078995965,24.4223754377718,24.3238511901693,24.2979078995965,24.2719579925803,24.2823387496704,24.3082860095273,24.1525030628745,24.2875287310348,24.220038309803,24.4690115721079,24.4275582848784,24.4016414116675,24.4690115721079,24.4223754377718,24.3653467049792,24.4586498313649,24.4379231880585,24.4068253139224,24.3809031634257,24.4327408682945,24.4431052442089,24.4690115721079,24.5156263724707,24.417192326936,24.2719579925803,24.266767216777,24.1421090408181,24.1473061847397,24.3705324552306,24.396457245529,24.3809031634257,24.4120089523324,24.3030970868713,24.3757179413665,24.313474667603,24.4327408682945,24.3809031634257,24.3757179413665,24.3394139906367,24.3497878691456,24.3705324552306,24.4327408682945,24.3705324552306,24.3549744119754,24.4327408682945,24.4275582848784,24.5415142757223,24.4068253139224,24.3394139906367,24.4431052442089,24.3860881214467,24.3860881214467,24.4534685658236,24.2979078995965,24.3497878691456,24.4534685658236,24.3705324552306,24.3601606905737,24.3342266548802,24.2719579925803,24.2252314710217,24.313474667603,24.417192326936,24.4275582848784,24.3705324552306,24.2979078995965,24.3757179413665,24.4068253139224,24.3860881214467,24.1213178064842,24.2979078995965,24.1888737710728,24.16809210295,24.1992630121316,24.2096511916044,24.3394139906367,24.4379231880585,24.5156263724707,24.4949113154483,24.5000904743927,24.525982322611,24.5000904743927,24.396457245529,24.5104480028654,24.4586498313649,24.4534685658236,24.4897318933139,24.4741920473867,24.4690115721079,24.4120089523324,24.4068253139224,24.396457245529,24.3912728154683,24.4741920473867,24.5570438632356,24.4534685658236,24.5622198668973,24.4845522079513,24.4534685658236,24.4793722593216,24.4586498313649,24.3757179413665,24.4793722593216,24.3757179413665,24.3860881214467,24.3809031634257,24.3860881214467,24.2044572345467,24.2096511916044,24.220038309803,24.1161193330435,24.1369116310709,24.0797225681742,24.0485149561396,24.1369116310709,24.0901229747396,24.1369116310709,24.0849229045849,24.1421090408181,24.1265160139431,24.2979078995965,24.2563848704595,24.4016414116675,24.3446010620456,24.4016414116675,24.3705324552306,24.4741920473867,24.4379231880585,24.4638308334468,24.3860881214467,24.5829212550199,24.6605140688826,24.68119552596,24.7225458756109,24.6915346834782,24.6760255545029,24.6553430497988,24.6553430497988,24.3705324552306,24.6346563530609,24.8671404277798,24.8103598227198,24.8826205758957,24.9651418204509,25.0990971001769,25.1196900631945,24.9960701368761,24.9960701368761,25.0939482126385,24.9909160664447,25.0012239478063,25.0218365972651,24.9084156166453,25.0836496611589
24.1992630121316,24.3290390547373,24.0537168909092,24.235616997893,24.235616997893,24.2096511916044,24.0589185591878,24.0485149561396,24.1888737710728,24.3757179413665,24.2927184476639,24.3030970868713,24.2979078995965,24.2563848704595,24.2460014642685,24.2771485035319,24.235616997893,24.2823387496704,24.2408093636233,24.1732879183289,24.1109205935815,24.1213178064842,24.1421090408181,24.0641199610143,24.2875287310348,24.261576176083,24.1992630121316,24.1317139554589,24.1161193330435,24.0485149561396,24.0797225681742,24.1784834681163,24.0433127548394,24.0849229045849,24.2927184476639,24.1992630121316,24.1992630121316,24.2511932998677,24.235616997893,24.417192326936,24.2719579925803,24.266767216777,24.2511932998677,24.1732879183289,24.2148448833435,24.1888737710728,24.1005223164376,24.0953227786774,24.2460014642685,24.1161193330435,24.2096511916044,24.1992630121316,24.1525030628745,24.0901229747396,23.9235884721781,23.9027524276446,24.1213178064842,24.3653467049792,24.2148448833435,24.2563848704595,24.4482870367845,24.4016414116675,24.4845522079513,24.4275582848784,24.3757179413665,24.3601606905737,24.4120089523324,24.3342266548802,24.3030970868713,24.2927184476639,24.2511932998677,24.313474667603,24.4016414116675,24.3030970868713,24.4534685658236,24.3497878691456,24.5156263724707,24.5311599032229,24.6191385780148,24.4327408682945,24.4068253139224,24.3860881214467,24.4793722593216,24.417192326936,24.4586498313649,24.4068253139224,24.4016414116675,24.4482870367845,24.4327408682945,24.4482870367845,24.4223754377718,24.3653467049792,24.220038309803,24.3082860095273,24.3860881214467,24.5208044790397,24.4793722593216,24.4534685658236,24.4431052442089,24.4327408682945,24.4586498313649,24.4327408682945,24.4741920473867,24.4482870367845,24.4586498313649,24.4638308334468,24.3394139906367,24.4431052442089,24.4431052442089,24.4534685658236,24.2979078995965,24.2408093636233,24.1576996752618,24.2979078995965,24.4120089523324,24.3912728154683,24.3912728154683,24.3030970868713,24.3809031634257,24.4223754377718,24.4223754377718,24.4275582848784,24.4223754377718,24.3394139906367,24.4638308334468,24.4275582848784,24.3809031634257,24.417192326936,24.4431052442089,24.3601606905737,24.5052693701856,24.4120089523324,24.4327408682945,24.3238511901693,24.417192326936,24.3601606905737,24.4586498313649,24.3809031634257,24.4638308334468,24.3705324552306,24.3549744119754,24.313474667603,24.4586498313649,24.3757179413665,24.3549744119754,24.3809031634257,24.2563848704595,24.3030970868713,24.3549744119754,24.4534685658236,24.2979078995965,24.3290390547373,24.4068253139224,24.4120089523324,24.4016414116675,24.4327408682945,24.3186630611374,24.1369116310709,24.0485149561396,24.1161193330435,24.2148448833435,24.220038309803,24.4223754377718,24.4379231880585,24.4638308334468,24.5000904743927,24.3290390547373,24.3446010620456,24.4068253139224,24.4949113154483,24.4897318933139,24.4741920473867,24.4897318933139,24.4223754377718,24.4275582848784,24.5415142757223,24.4793722593216,24.5208044790397,24.4431052442089,24.4379231880585,24.5208044790397,24.4275582848784,24.4534685658236,24.4327408682945,24.4741920473867,24.525982322611,24.3290390547373,24.2408093636233,24.4016414116675,24.3601606905737,24.3186630611374,24.3290390547373,24.313474667603,24.313474667603,24.2979078995965,24.1888737710728,24.2252314710217,24.1161193330435,24.0901229747396,24.1576996752618,24.1525030628745,24.0693210964281,24.0433127548394,24.261576176083,24.1732879183289,24.1628960219406,24.2044572345467,24.2771485035319,24.4016414116675,24.266767216777,24.4690115721079,24.4275582848784,24.3705324552306,24.417192326936,24.3860881214467,24.6501717687129,24.4534685658236,24.6294840235847,24.6760255545029,24.6294840235847,24.6553430497988,24.5622198668973,24.5673956078683,24.5415142757223,24.593270373703,24.6398284203822,24.7690450146872,24.8877801045559,24.8929393729232,24.9599861922213,24.9702971889533,25.0784999971428,25.0063774992726,25.1042457289643,25.0887990663117,25.0424450977087,25.0063774992726,25.1196900631945,25.1557177937613,25.0630494515398
24.417192326936,24.3238511901693,24.3290390547373,24.3238511901693,24.313474667603,24.2875287310348,24.1265160139431,23.9027524276446,24.1732879183289,24.3549744119754,24.266767216777,24.2979078995965,24.2979078995965,24.2979078995965,24.2927184476639,24.2927184476639,24.3757179413665,24.3809031634257,24.2096511916044,24.2511932998677,24.1576996752618,24.2563848704595,24.261576176083,24.1317139554589,24.1161193330435,24.1784834681163,24.2148448833435,24.3342266548802,24.2148448833435,24.1005223164376,24.0745219654683,24.19406852432,24.1628960219406,24.1161193330435,24.2252314710217,24.2563848704595,24.19406852432,24.0433127548394,24.266767216777,24.2979078995965,24.1888737710728,24.2511932998677,24.2096511916044,24.2511932998677,24.0901229747396,24.1628960219406,24.0953227786774,24.1525030628745,24.2304243670388,24.0953227786774,24.0745219654683,24.1473061847397,24.1576996752618,24.0693210964281,23.9287968145261,23.9444202371166,24.16809210295,24.2304243670388,24.2719579925803,24.3446010620456,24.2460014642685,24.3394139906367,24.3860881214467,24.4275582848784,24.417192326936,24.4223754377718,24.3860881214467,24.266767216777,24.3186630611374,24.261576176083,24.3446010620456,24.3342266548802,24.3912728154683,24.4431052442089,24.3290390547373,24.4223754377718,24.5622198668973,24.6139654618445,24.8103598227198,24.5777463018912,24.5415142757223,24.3186630611374,24.4638308334468,24.4068253139224,24.4068253139224,24.4068253139224,24.4793722593216,24.5415142757223,24.5208044790397,24.4638308334468,24.396457245529,24.2408093636233,24.2719579925803,24.3912728154683,24.3860881214467,24.3912728154683,24.4793722593216,24.4638308334468,24.4327408682945,24.4897318933139,24.4690115721079,24.3446010620456,24.4793722593216,24.593270373703,24.5000904743927,24.396457245529,24.4534685658236,24.4793722593216,24.4949113154483,24.525982322611,24.4431052442089,24.4379231880585,24.3030970868713,24.1525030628745,24.3082860095273,24.4068253139224,24.3860881214467,24.4016414116675,24.4431052442089,24.3653467049792,24.4327408682945,24.3030970868713,24.417192326936,24.3757179413665,24.4016414116675,24.3705324552306,24.396457245529,24.4638308334468,24.4690115721079,24.4534685658236,24.4327408682945,24.4793722593216,24.417192326936,24.4068253139224,24.4638308334468,24.4949113154483,24.4845522079513,24.4741920473867,24.4897318933139,24.3757179413665,24.3757179413665,24.4120089523324,24.396457245529,24.4897318933139,24.3653467049792,24.3186630611374,24.2304243670388,24.313474667603,24.4897318933139,24.3860881214467,24.4016414116675,24.4120089523324,24.3860881214467,24.4120089523324,24.396457245529,24.2979078995965,24.1732879183289,24.2823387496704,24.1005223164376,24.220038309803,24.1784834681163,24.2148448833435,24.5000904743927,24.5415142757223,24.5104480028654,24.5104480028654,24.5000904743927,24.4431052442089,24.5000904743927,24.4431052442089,24.5104480028654,24.5415142757223,24.5363372209139,24.4586498313649,24.4793722593216,24.525982322611,24.5052693701856,24.5000904743927,24.417192326936,24.4482870367845,24.5000904743927,24.4586498313649,24.5829212550199,24.4793722593216,24.5570438632356,24.5052693701856,24.3394139906367,24.3497878691456,24.4016414116675,24.3549744119754,24.3549744119754,24.3809031634257,24.3082860095273,24.2563848704595,24.2044572345467,24.1317139554589,24.1265160139431,24.1525030628745,24.2148448833435,24.1317139554589,24.2252314710217,24.2304243670388,24.2563848704595,24.261576176083,24.3705324552306,24.2979078995965,24.2148448833435,24.313474667603,24.2823387496704,24.4638308334468,24.417192326936,24.5415142757223,24.5673956078683,24.4534685658236,24.4379231880585,24.5000904743927,24.6915346834782,24.6863652356057,24.6915346834782,24.7535476535085,24.6191385780148,24.6967038696157,24.6346563530609,24.6087920833666,24.5518675968447,24.68119552596,24.7173779975772,24.8464965838976,25.0527477928007,24.9702971889533,25.0939482126385,25.0166838239645,25.1299849929454,25.0218365972651,25.0475965748176,25.1608635787557,25.0578987516956,25.0681998923707,25.1711543738743,25.0836496611589
24.3342266548802,24.313474667603,24.2148448833435,24.235616997893,24.2511932998677,24.1836787523513,24.1992630121316,24.2408093636233,24.3549744119754,24.2304243670388,24.2460014642685,24.2927184476639,24.2979078995965,24.2927184476639,24.2979078995965,24.2719579925803,24.3860881214467,24.3809031634257,24.3809031634257,24.2771485035319,24.266767216777,24.2927184476639,24.2719579925803,24.2823387496704,24.1161193330435,24.1525030628745,24.2460014642685,24.266767216777,24.220038309803,24.1161193330435,24.1628960219406,24.19406852432,24.220038309803,24.1888737710728,24.1473061847397,24.19406852432,24.1213178064842,24.1992630121316,24.1784834681163,24.2511932998677,24.2719579925803,24.2563848704595,24.2511932998677,24.3446010620456,24.261576176083,24.235616997893,24.1888737710728,24.16809210295,24.2304243670388,24.3342266548802,24.1784834681163,24.235616997893,24.220038309803,24.0745219654683,23.9340048894389,23.9756598658044,24.0797225681742,24.2252314710217,24.2460014642685,24.4482870367845,24.220038309803,24.3497878691456,24.4949113154483,24.4223754377718,24.3342266548802,24.261576176083,24.3394139906367,24.3497878691456,24.3912728154683,24.3290390547373,24.3238511901693,24.3342266548802,24.3601606905737,24.3705324552306,24.3549744119754,24.2823387496704,24.4897318933139,24.5208044790397,24.6036184425424,24.6087920833666,24.5673956078683,24.4016414116675,24.266767216777,24.4327408682945,24.4741920473867,24.4949113154483,24.396457245529,24.4845522079513,24.5466910676864,24.4016414116675,24.220038309803,24.2148448833435,24.1109205935815,24.3809031634257,24.2460014642685,24.2927184476639,24.4845522079513,24.4379231880585,24.5052693701856,24.3757179413665,24.4690115721079,24.4741920473867,24.396457245529,24.593270373703,24.5829212550199,24.5518675968447,24.4275582848784,24.5570438632356,24.5518675968447,24.4638308334468,24.5311599032229,24.3497878691456,24.313474667603,24.1525030628745,24.3030970868713,24.3030970868713,24.3549744119754,24.3705324552306,24.3860881214467,24.1888737710728,24.1213178064842,24.2511932998677,24.3809031634257,24.3082860095273,24.4016414116675,24.313474667603,24.4482870367845,24.4690115721079,24.4223754377718,24.417192326936,24.417192326936,24.4482870367845,24.4845522079513,24.4534685658236,24.4845522079513,24.3290390547373,24.4431052442089,24.4845522079513,24.4482870367845,24.3757179413665,24.3912728154683,24.396457245529,24.3757179413665,24.3653467049792,24.4120089523324,24.3030970868713,24.3549744119754,24.4120089523324,24.3186630611374,24.5156263724707,24.3030970868713,24.2927184476639,24.3705324552306,24.3653467049792,24.3912728154683,24.3186630611374,24.2044572345467,24.1317139554589,24.2252314710217,24.1888737710728,24.1057215880592,24.2148448833435,24.4275582848784,24.5311599032229,24.525982322611,24.5363372209139,24.4845522079513,24.5000904743927,24.4793722593216,24.4638308334468,24.3860881214467,24.4638308334468,24.4586498313649,24.4741920473867,24.4638308334468,24.5311599032229,24.4586498313649,24.4586498313649,24.4586498313649,24.4379231880585,24.4586498313649,24.4482870367845,24.4690115721079,24.5208044790397,24.5052693701856,24.4327408682945,24.4120089523324,24.4016414116675,24.417192326936,24.3342266548802,24.3446010620456,24.19406852432,24.1628960219406,24.1005223164376,24.1836787523513,24.1057215880592,24.1732879183289,24.1265160139431,24.1317139554589,24.2304243670388,24.1369116310709,24.3186630611374,24.2511932998677,24.3238511901693,24.2304243670388,24.3549744119754,24.1265160139431,24.3549744119754,24.2719579925803,24.4120089523324,24.4327408682945,24.4275582848784,24.5156263724707,24.4741920473867,24.4690115721079,24.3653467049792,24.6708553211965,24.6243114319154,24.7638794888426,24.7690450146872,24.6863652356057,24.6967038696157,24.5518675968447,24.6553430497988,24.5466910676864,24.6398284203822,24.7173779975772,24.8155229994525,25.0784999971428,25.0990971001769,25.0836496611589,25.0372933614365,25.1660091054476,25.1711543738743,25.14027888859,25.0990971001769,24.9599861922213,25.1351320700124,25.0166838239645,24.9909160664447
24.3290390547373,24.2460014642685,24.2511932998677,24.2044572345467,24.0745219654683,24.2252314710217,24.2096511916044,24.2563848704595,24.235616997893,24.3757179413665,24.261576176083,24.3912728154683,24.3082860095273,24.2979078995965,24.3809031634257,24.3446010620456,24.2563848704595,24.3809031634257,24.3757179413665,24.3757179413665,24.2771485035319,24.1836787523513,24.1213178064842,24.1992630121316,24.2511932998677,24.235616997893,24.3186630611374,24.1005223164376,24.1057215880592,24.1005223164376,24.1109205935815,24.1057215880592,24.19406852432,24.2719579925803,24.1836787523513,24.1317139554589,24.1213178064842,24.2511932998677,24.266767216777,24.2408093636233,24.313474667603,24.3809031634257,24.2563848704595,24.2563848704595,24.3757179413665,24.2563848704595,24.3549744119754,24.3446010620456,24.3394139906367,24.261576176083,24.1317139554589,24.235616997893,24.2044572345467,24.0849229045849,24.0901229747396,24.0589185591878,24.0797225681742,24.220038309803,24.261576176083,24.3549744119754,24.2252314710217,24.2979078995965,24.3653467049792,24.2823387496704,24.3601606905737,24.4016414116675,24.3809031634257,24.3757179413665,24.417192326936,24.313474667603,24.261576176083,24.3186630611374,24.3549744119754,24.3497878691456,24.3342266548802,24.4379231880585,24.3342266548802,24.3757179413665,24.5415142757223,24.5725710861868,24.7535476535085,24.6501717687129,24.417192326936,24.3860881214467,24.4897318933139,24.4016414116675,24.4016414116675,24.4068253139224,24.4638308334468,24.2460014642685,24.2304243670388,24.1005223164376,24.0120939477021,24.2511932998677,24.3757179413665,24.3394139906367,24.3757179413665,24.3653467049792,24.3705324552306,24.3860881214467,24.417192326936,24.4431052442089,24.3497878691456,24.313474667603,24.4275582848784,24.417192326936,24.5673956078683,24.4327408682945,24.4690115721079,24.3860881214467,24.4690115721079,24.3860881214467,24.2979078995965,24.266767216777,24.1628960219406,24.1473061847397,24.266767216777,24.1888737710728,24.19406852432,24.1369116310709,24.1213178064842,24.2096511916044,24.2252314710217,24.3238511901693,24.4016414116675,24.313474667603,24.4275582848784,24.4534685658236,24.4275582848784,24.5000904743927,24.4741920473867,24.4793722593216,24.4845522079513,24.4897318933139,24.4949113154483,24.4534685658236,24.4275582848784,24.4223754377718,24.4016414116675,24.3809031634257,24.4845522079513,24.3912728154683,24.4016414116675,24.4068253139224,24.3549744119754,24.3446010620456,24.4275582848784,24.5156263724707,24.5104480028654,24.4275582848784,24.417192326936,24.3601606905737,24.3290390547373,24.3705324552306,24.3394139906367,24.3757179413665,24.3601606905737,24.2511932998677,24.313474667603,24.220038309803,24.1992630121316,24.1784834681163,24.2719579925803,24.4690115721079,24.5466910676864,24.5311599032229,24.4949113154483,24.4897318933139,24.5000904743927,24.4741920473867,24.3757179413665,24.4638308334468,24.4534685658236,24.4482870367845,24.4534685658236,24.3549744119754,24.5156263724707,24.5466910676864,24.4949113154483,24.4793722593216,24.5000904743927,24.5052693701856,24.4741920473867,24.588095945611,24.5777463018912,24.5518675968447,24.4379231880585,24.3809031634257,24.3757179413665,24.3030970868713,24.313474667603,24.2511932998677,24.266767216777,24.2408093636233,24.2771485035319,24.235616997893,24.2927184476639,24.2460014642685,24.1161193330435,24.2511932998677,24.2979078995965,24.3757179413665,24.3601606905737,24.3238511901693,24.3549744119754,24.3601606905737,24.2096511916044,24.2979078995965,24.3186630611374,24.5104480028654,24.5052693701856,24.4897318933139,24.5208044790397,24.4586498313649,24.5725710861868,24.4949113154483,24.4897318933139,24.5725710861868,24.7690450146872,24.7690450146872,24.6967038696157,24.525982322611,24.6967038696157,24.6708553211965,24.6450002255868,24.6760255545029,24.7225458756109,24.8929393729232,24.9806071469274,24.9445177487934,25.1351320700124,25.0990971001769,25.1299849929454,25.0939482126385,25.1042457289643,25.2020205629554,25.0836496611589,25.0218365972651,25.1093940990381,25.0269891112523
24.2979078995965,24.2771485035319,24.2252314710217,24.2563848704595,24.2096511916044,24.2875287310348,24.2511932998677,24.2408093636233,24.2096511916044,24.1525030628745,24.2148448833435,24.2979078995965,24.2771485035319,24.2148448833435,24.2823387496704,24.2823387496704,24.4120089523324,24.3290390547373,24.3912728154683,24.3653467049792,24.3549744119754,24.2927184476639,24.1836787523513,24.3238511901693,24.1732879183289,24.1888737710728,24.313474667603,24.2823387496704,24.3290390547373,24.1265160139431,24.1005223164376,24.16809210295,24.1888737710728,24.2563848704595,24.0849229045849,24.1576996752618,24.235616997893,24.4327408682945,24.1888737710728,24.220038309803,24.220038309803,24.3912728154683,24.3030970868713,24.261576176083,24.266767216777,24.3082860095273,24.3601606905737,24.266767216777,24.2875287310348,24.2771485035319,24.0901229747396,24.1265160139431,24.1888737710728,24.1732879183289,24.1784834681163,24.0745219654683,24.0016855446331,24.2096511916044,24.3446010620456,24.4690115721079,24.2979078995965,24.2719579925803,24.4327408682945,24.2875287310348,24.261576176083,24.3809031634257,24.3705324552306,24.4327408682945,24.3394139906367,24.3497878691456,24.396457245529,24.4068253139224,24.3601606905737,24.2927184476639,24.3342266548802,24.3653467049792,24.2460014642685,24.4431052442089,24.525982322611,24.5829212550199,24.5311599032229,24.593270373703,24.7122098579989,24.5052693701856,24.4638308334468,24.4223754377718,24.5104480028654,24.5363372209139,24.4741920473867,24.2511932998677,24.1005223164376,24.02250128355,24.1265160139431,24.313474667603,24.3860881214467,24.3757179413665,24.3809031634257,24.4431052442089,24.4638308334468,24.3653467049792,24.3446010620456,24.3601606905737,24.3653467049792,24.3809031634257,24.4275582848784,24.417192326936,24.2927184476639,24.3082860095273,24.4897318933139,24.4690115721079,24.3809031634257,24.3394139906367,24.3394139906367,24.396457245529,24.3186630611374,24.2563848704595,24.1888737710728,24.1992630121316,24.2044572345467,24.1836787523513,24.1992630121316,24.3030970868713,24.396457245529,24.4068253139224,24.4120089523324,24.4431052442089,24.4327408682945,24.4949113154483,24.4586498313649,24.4690115721079,24.4534685658236,24.3082860095273,24.5052693701856,24.5156263724707,24.5052693701856,24.4741920473867,24.5311599032229,24.6139654618445,24.4223754377718,24.3290390547373,24.417192326936,24.4741920473867,24.3705324552306,24.5208044790397,24.3653467049792,24.3653467049792,24.3705324552306,24.4431052442089,24.4379231880585,24.4016414116675,24.3809031634257,24.3394139906367,24.3186630611374,24.3082860095273,24.3082860095273,24.3757179413665,24.2563848704595,24.3030970868713,24.261576176083,24.261576176083,24.1992630121316,24.2875287310348,24.261576176083,24.5104480028654,24.5156263724707,24.396457245529,24.3860881214467,24.3497878691456,24.417192326936,24.4638308334468,24.5311599032229,24.4690115721079,24.417192326936,24.3705324552306,24.4482870367845,24.4845522079513,24.5777463018912,24.5208044790397,24.6191385780148,24.4793722593216,24.4897318933139,24.4949113154483,24.4793722593216,24.5518675968447,24.5311599032229,24.4068253139224,24.4949113154483,24.5622198668973,24.4275582848784,24.3809031634257,24.4275582848784,24.2927184476639,24.2044572345467,24.1836787523513,24.1473061847397,24.266767216777,24.2096511916044,24.1732879183289,24.0849229045849,24.0901229747396,24.2563848704595,24.2823387496704,24.3497878691456,24.3601606905737,24.4845522079513,24.3653467049792,24.3082860095273,24.4379231880585,24.4482870367845,24.3860881214467,24.5570438632356,24.5673956078683,24.4379231880585,24.4068253139224,24.4793722593216,24.4949113154483,24.4327408682945,24.588095945611,24.7638794888426,24.6863652356057,24.5622198668973,24.5725710861868,24.6605140688826,24.6243114319154,24.6450002255868,24.6087920833666,24.7328808471969,24.8000326866343,25.0269891112523,24.9651418204509,25.1093940990381,25.1660091054476,25.0887990663117,25.1608635787557,25.0424450977087,25.2071640245704,25.0218365972651,25.1042457289643,25.0321413659635,25.0063774992726
24.2979078995965,24.4431052442089,24.2719579925803,24.2096511916044,24.2304243670388,24.2771485035319,24.3290390547373,24.313474667603,24.3290390547373,24.3497878691456,24.4016414116675,24.3030970868713,24.3082860095273,24.313474667603,24.3030970868713,24.3549744119754,24.2252314710217,24.3912728154683,24.4534685658236,24.3186630611374,24.3394139906367,24.2148448833435,24.313474667603,24.2979078995965,24.2304243670388,24.3082860095273,24.2979078995965,24.2719579925803,24.1317139554589,24.1265160139431,24.1628960219406,24.0901229747396,24.2096511916044,24.2252314710217,24.2408093636233,24.2927184476639,24.2771485035319,24.1732879183289,24.1576996752618,24.2408093636233,24.2460014642685,24.235616997893,24.2771485035319,24.2719579925803,24.2927184476639,24.3030970868713,24.3446010620456,24.3601606905737,24.3653467049792,24.261576176083,24.266767216777,24.1836787523513,24.1576996752618,24.1888737710728,24.19406852432,23.9912760740285,24.0433127548394,24.1473061847397,24.3601606905737,24.3757179413665,24.3549744119754,24.2979078995965,24.3809031634257,24.3601606905737,24.3912728154683,24.3446010620456,24.4068253139224,24.417192326936,24.3290390547373,24.3186630611374,24.5052693701856,24.3809031634257,24.4327408682945,24.4223754377718,24.3497878691456,24.1992630121316,24.3238511901693,24.4949113154483,24.396457245529,24.5311599032229,24.5725710861868,24.598444539334,24.6553430497988,24.6139654618445,24.5777463018912,24.4482870367845,24.4949113154483,24.5466910676864,24.3860881214467,24.3601606905737,24.1784834681163,24.0381102869696,23.9964809427924,24.2252314710217,24.3653467049792,24.4482870367845,24.3757179413665,24.4379231880585,24.4275582848784,24.3394139906367,24.4431052442089,24.417192326936,24.396457245529,24.4068253139224,24.5104480028654,24.3860881214467,24.4431052442089,24.4068253139224,24.4068253139224,24.4327408682945,24.3549744119754,24.3342266548802,24.417192326936,24.4016414116675,24.3394139906367,24.4223754377718,24.3497878691456,24.3446010620456,24.4120089523324,24.3342266548802,24.3030970868713,24.3601606905737,24.4223754377718,24.3030970868713,24.313474667603,24.2875287310348,24.5000904743927,24.3290390547373,24.4586498313649,24.4534685658236,24.4482870367845,24.3912728154683,24.417192326936,24.4068253139224,24.3705324552306,24.5052693701856,24.4586498313649,24.5208044790397,24.3705324552306,24.3601606905737,24.396457245529,24.4275582848784,24.525982322611,24.4534685658236,24.3705324552306,24.4223754377718,24.4793722593216,24.417192326936,24.5000904743927,24.4016414116675,24.3912728154683,24.5052693701856,24.3290390547373,24.3446010620456,24.3394139906367,24.417192326936,24.3290390547373,24.266767216777,24.2563848704595,24.19406852432,24.2979078995965,24.4016414116675,24.4120089523324,24.313474667603,24.4120089523324,24.3030970868713,24.313474667603,24.3809031634257,24.5673956078683,24.4690115721079,24.3757179413665,24.4690115721079,24.4845522079513,24.4431052442089,24.4534685658236,24.5000904743927,24.4638308334468,24.5415142757223,24.4690115721079,24.4741920473867,24.4793722593216,24.4741920473867,24.4586498313649,24.593270373703,24.4690115721079,24.4741920473867,24.4690115721079,24.5363372209139,24.5415142757223,24.417192326936,24.4016414116675,24.3238511901693,24.2148448833435,24.1317139554589,24.0797225681742,24.1888737710728,24.2460014642685,24.1473061847397,24.2044572345467,24.2096511916044,24.16809210295,24.16809210295,24.2875287310348,24.266767216777,24.2927184476639,24.2927184476639,24.2719579925803,24.4068253139224,24.3549744119754,24.5000904743927,24.4897318933139,24.4741920473867,24.5466910676864,24.5777463018912,24.5363372209139,24.4120089523324,24.6191385780148,24.6139654618445,24.5156263724707,24.7328808471969,24.6243114319154,24.7587137017957,24.6553430497988,24.6450002255868,24.5363372209139,24.7535476535085,24.7122098579989,24.8980983810354,25.1557177937613,25.0115307913128,25.0424450977087,25.0681998923707,25.1042457289643,25.1093940990381,25.0372933614365,25.1093940990381,25.0887990663117,25.1351320700124,25.1299849929454,25.1351320700124
24.4223754377718,24.2719579925803,24.2511932998677,24.2511932998677,24.220038309803,24.3342266548802,24.3497878691456,24.3497878691456,24.3082860095273,24.4741920473867,24.4120089523324,24.4379231880585,24.3030970868713,24.3549744119754,24.3653467049792,24.3757179413665,24.3705324552306,24.3757179413665,24.4068253139224,24.261576176083,24.2979078995965,24.3446010620456,24.1992630121316,24.2044572345467,24.2979078995965,24.2979078995965,24.2719579925803,24.2304243670388,24.2823387496704,24.3030970868713,24.2927184476639,24.1213178064842,24.1421090408181,24.2304243670388,24.16809210295,24.2304243670388,24.2563848704595,24.2460014642685,24.1784834681163,24.3030970868713,24.1628960219406,24.1369116310709,24.1525030628745,24.19406852432,24.2823387496704,24.3497878691456,24.3653467049792,24.3757179413665,24.3653467049792,24.3757179413665,24.2511932998677,24.2771485035319,24.1525030628745,24.1888737710728,24.3186630611374,24.2979078995965,24.017297749009,24.266767216777,24.3497878691456,24.396457245529,24.4016414116675,24.3705324552306,24.3238511901693,24.3549744119754,24.5000904743927,24.3757179413665,24.417192326936,24.4327408682945,24.396457245529,24.3290390547373,24.4275582848784,24.4431052442089,24.4482870367845,24.396457245529,24.4793722593216,24.235616997893,24.235616997893,24.4275582848784,24.5415142757223,24.5725710861868,24.6139654618445,24.5156263724707,24.5518675968447,24.6294840235847,24.5052693701856,24.4949113154483,24.525982322611,24.5466910676864,24.1836787523513,24.3342266548802,24.1473061847397,23.9964809427924,23.9912760740285,24.3238511901693,24.3809031634257,24.3860881214467,24.4379231880585,24.4586498313649,24.5052693701856,24.4275582848784,24.4016414116675,24.4638308334468,24.4016414116675,24.4327408682945,24.4275582848784,24.4327408682945,24.5570438632356,24.4638308334468,24.396457245529,24.5311599032229,24.4482870367845,24.5208044790397,24.4120089523324,24.2771485035319,24.4586498313649,24.3705324552306,24.417192326936,24.3549744119754,24.3394139906367,24.3290390547373,24.2044572345467,24.3705324552306,24.3446010620456,24.3860881214467,24.4016414116675,24.2927184476639,24.4845522079513,24.4690115721079,24.4223754377718,24.4534685658236,24.4690115721079,24.4379231880585,24.4845522079513,24.4949113154483,24.5415142757223,24.3394139906367,24.4638308334468,24.4223754377718,24.4379231880585,24.3290390547373,24.4431052442089,24.3653467049792,24.4586498313649,24.5052693701856,24.3653467049792,24.4379231880585,24.5311599032229,24.4793722593216,24.5104480028654,24.4897318933139,24.313474667603,24.4120089523324,24.3860881214467,24.3497878691456,24.2979078995965,24.3912728154683,24.4379231880585,24.4379231880585,24.417192326936,24.3342266548802,24.3082860095273,24.4379231880585,24.3809031634257,24.3601606905737,24.2927184476639,24.313474667603,24.2771485035319,24.3446010620456,24.3290390547373,24.3601606905737,24.4275582848784,24.4690115721079,24.4793722593216,24.4327408682945,24.4638308334468,24.4586498313649,24.4586498313649,24.4897318933139,24.4897318933139,24.5415142757223,24.5570438632356,24.588095945611,24.4741920473867,24.4949113154483,24.525982322611,24.4845522079513,24.5622198668973,24.5725710861868,24.4431052442089,24.4327408682945,24.2511932998677,24.4120089523324,24.1576996752618,24.1421090408181,24.1525030628745,24.1421090408181,24.1265160139431,24.1109205935815,24.1992630121316,24.19406852432,24.0693210964281,24.1888737710728,24.266767216777,24.2096511916044,24.2771485035319,24.2096511916044,24.3394139906367,24.3290390547373,24.3446010620456,24.3290390547373,24.4741920473867,24.5466910676864,24.4690115721079,24.598444539334,24.5466910676864,24.5000904743927,24.4223754377718,24.6139654618445,24.6656848260024,24.7122098579989,24.7535476535085,24.7070414568379,24.7173779975772,24.6139654618445,24.5829212550199,24.6191385780148,24.5829212550199,24.8516579356668,24.954830304227,25.0321413659635,25.0836496611589,25.1196900631945,25.0630494515398,25.1196900631945,25.0887990663117,25.1608635787557,25.2225928617629,25.124837657352,25.3408035889768,25.14027888859
24.2927184476639,24.2408093636233,24.4223754377718,24.2148448833435,24.2096511916044,24.2563848704595,24.3549744119754,24.417192326936,24.3601606905737,24.3912728154683,24.4431052442089,24.4482870367845,24.3601606905737,24.4016414116675,24.3757179413665,24.3497878691456,24.3446010620456,24.3549744119754,24.3082860095273,24.2148448833435,24.235616997893,24.3030970868713,24.2096511916044,24.3186630611374,24.2460014642685,24.1421090408181,24.2979078995965,24.3030970868713,24.3912728154683,24.261576176083,24.2408093636233,24.1992630121316,24.3860881214467,24.2408093636233,24.1784834681163,24.2823387496704,24.2927184476639,24.1576996752618,24.2979078995965,24.2719579925803,24.1784834681163,24.16809210295,24.1005223164376,24.1525030628745,24.1421090408181,24.3497878691456,24.3705324552306,24.3705324552306,24.5415142757223,24.3705324552306,24.2927184476639,24.3705324552306,24.1525030628745,24.1576996752618,24.1057215880592,24.1732879183289,24.1525030628745,24.1992630121316,24.4120089523324,24.3653467049792,24.3653467049792,24.417192326936,24.4120089523324,24.3446010620456,24.4638308334468,24.2979078995965,24.4016414116675,24.4223754377718,24.4068253139224,24.396457245529,24.3912728154683,24.396457245529,24.4431052442089,24.3860881214467,24.4379231880585,24.2408093636233,24.2771485035319,24.3705324552306,24.525982322611,24.5415142757223,24.5000904743927,24.5156263724707,24.5000904743927,24.261576176083,24.4793722593216,24.3497878691456,24.3860881214467,24.4223754377718,24.3549744119754,24.1888737710728,24.0953227786774,24.0589185591878,24.0589185591878,24.3394139906367,24.3860881214467,24.4379231880585,24.4068253139224,24.3809031634257,24.4482870367845,24.417192326936,24.4482870367845,24.4897318933139,24.3394139906367,24.396457245529,24.4016414116675,24.3912728154683,24.4534685658236,24.4638308334468,24.4016414116675,24.4327408682945,24.5156263724707,24.3912728154683,24.5518675968447,24.417192326936,24.4379231880585,24.4327408682945,24.4431052442089,24.4016414116675,24.3549744119754,24.3186630611374,24.2979078995965,24.3446010620456,24.4586498313649,24.3705324552306,24.261576176083,24.261576176083,24.4638308334468,24.4793722593216,24.4638308334468,24.4845522079513,24.4120089523324,24.4638308334468,24.4379231880585,24.5104480028654,24.4482870367845,24.4327408682945,24.4482870367845,24.5208044790397,24.4275582848784,24.4793722593216,24.396457245529,24.4068253139224,24.4586498313649,24.3705324552306,24.4897318933139,24.4431052442089,24.4431052442089,24.4845522079513,24.6243114319154,24.5000904743927,24.3860881214467,24.2875287310348,24.4793722593216,24.3705324552306,24.3082860095273,24.3757179413665,24.3809031634257,24.5673956078683,24.5570438632356,24.4379231880585,24.4275582848784,24.4638308334468,24.4793722593216,24.3030970868713,24.4016414116675,24.3290390547373,24.2460014642685,24.4223754377718,24.4275582848784,24.396457245529,24.3757179413665,24.396457245529,24.4431052442089,24.4327408682945,24.5311599032229,24.4793722593216,24.4534685658236,24.4741920473867,24.5415142757223,24.5415142757223,24.5725710861868,24.5570438632356,24.6036184425424,24.5777463018912,24.4534685658236,24.5673956078683,24.5363372209139,24.5466910676864,24.4638308334468,24.4016414116675,24.4068253139224,24.2148448833435,24.1473061847397,24.1525030628745,24.0381102869696,24.1888737710728,24.1628960219406,24.3290390547373,24.1836787523513,24.2044572345467,24.0849229045849,24.2460014642685,24.0589185591878,24.1992630121316,24.235616997893,24.235616997893,24.1525030628745,24.2719579925803,24.3394139906367,24.4120089523324,24.5156263724707,24.525982322611,24.588095945611,24.5673956078683,24.4949113154483,24.4793722593216,24.5363372209139,24.6036184425424,24.5725710861868,24.588095945611,24.6915346834782,24.6139654618445,24.68119552596,24.6605140688826,24.5829212550199,24.588095945611,24.6036184425424,24.7587137017957,24.8464965838976,24.9496741564303,25.0475965748176,24.9909160664447,25.1093940990381,25.2071640245704,25.1968768433364,25.0578987516956,25.0681998923707,25.1093940990381,24.9702971889533,25.1145422104357
24.1888737710728,24.2148448833435,24.3186630611374,24.3446010620456,24.2563848704595,24.3497878691456,24.3082860095273,24.3238511901693,24.3186630611374,24.3186630611374,24.3394139906367,24.3497878691456,24.4845522079513,24.3809031634257,24.266767216777,24.3860881214467,24.3186630611374,24.4379231880585,24.0641199610143,24.2771485035319,24.2511932998677,24.3290390547373,24.2511932998677,24.2719579925803,24.1265160139431,24.2304243670388,24.2771485035319,24.2979078995965,24.3186630611374,24.3290390547373,24.1421090408181,24.1525030628745,24.313474667603,24.3082860095273,24.2511932998677,24.19406852432,24.2460014642685,24.2096511916044,24.2511932998677,24.3186630611374,24.2823387496704,24.1265160139431,24.1576996752618,24.0693210964281,24.0589185591878,24.266767216777,24.417192326936,24.3757179413665,24.4793722593216,24.3809031634257,24.2563848704595,24.261576176083,24.16809210295,24.1628960219406,24.0433127548394,24.2252314710217,24.1732879183289,24.0589185591878,24.1888737710728,24.4897318933139,24.4016414116675,24.4223754377718,24.396457245529,24.4379231880585,24.4120089523324,24.3394139906367,24.4223754377718,24.4016414116675,24.417192326936,24.3809031634257,24.3030970868713,24.3809031634257,24.4690115721079,24.4275582848784,24.5415142757223,24.4120089523324,24.3238511901693,24.2148448833435,24.2771485035319,24.3497878691456,24.3446010620456,24.3186630611374,24.3705324552306,24.2719579925803,24.2563848704595,24.235616997893,24.2304243670388,24.4741920473867,24.3860881214467,24.19406852432,24.0797225681742,24.1421090408181,24.1732879183289,24.3653467049792,24.3757179413665,24.3705324552306,24.3601606905737,24.5622198668973,24.4327408682945,24.4949113154483,24.4690115721079,24.4638308334468,24.4534685658236,24.4327408682945,24.4741920473867,24.4068253139224,24.5466910676864,24.2927184476639,24.3653467049792,24.3601606905737,24.3912728154683,24.3860881214467,24.396457245529,24.4120089523324,24.3860881214467,24.4016414116675,24.3860881214467,24.3030970868713,24.2875287310348,24.4016414116675,24.3809031634257,24.4327408682945,24.4638308334468,24.3653467049792,24.4120089523324,24.4741920473867,24.4897318933139,24.417192326936,24.5052693701856,24.4223754377718,24.4845522079513,24.5156263724707,24.5570438632356,24.5518675968447,24.4586498313649,24.5518675968447,24.4586498313649,24.4793722593216,24.396457245529,24.4120089523324,24.5311599032229,24.5363372209139,24.5104480028654,24.5415142757223,24.4949113154483,24.4638308334468,24.4327408682945,24.4845522079513,24.4638308334468,24.4638308334468,24.4534685658236,24.3394139906367,24.3809031634257,24.3030970868713,24.3238511901693,24.3030970868713,24.4638308334468,24.5829212550199,24.4534685658236,24.4949113154483,24.6294840235847,24.4586498313649,24.4431052442089,24.396457245529,24.396457245529,24.3446010620456,24.3030970868713,24.3030970868713,24.3912728154683,24.396457245529,24.4223754377718,24.4690115721079,24.4327408682945,24.4534685658236,24.4897318933139,24.4638308334468,24.4741920473867,24.4379231880585,24.4741920473867,24.3809031634257,24.4223754377718,24.5363372209139,24.5311599032229,24.5518675968447,24.588095945611,24.4845522079513,24.5415142757223,24.525982322611,24.3860881214467,24.417192326936,24.4016414116675,24.1836787523513,24.235616997893,24.1628960219406,24.1005223164376,24.1525030628745,24.1109205935815,24.0797225681742,24.1369116310709,24.1784834681163,24.220038309803,24.0537168909092,24.16809210295,24.1057215880592,24.220038309803,24.2979078995965,24.235616997893,24.2927184476639,24.3394139906367,24.5000904743927,24.4741920473867,24.4120089523324,24.5570438632356,24.5466910676864,24.588095945611,24.5156263724707,24.4741920473867,24.4638308334468,24.6243114319154,24.7122098579989,24.6760255545029,24.6294840235847,24.6036184425424,24.6915346834782,24.6036184425424,24.588095945611,24.7018727940562,24.7277134921382,24.9857617364743,24.954830304227,25.0218365972651,25.2071640245704,25.0939482126385,25.0887990663117,25.0939482126385,25.1196900631945,24.9909160664447,25.124837657352,25.0630494515398,24.9806071469274
24.3394139906367,24.3290390547373,24.2252314710217,24.2304243670388,24.2979078995965,24.4120089523324,24.3030970868713,24.3912728154683,24.3342266548802,24.4275582848784,24.3601606905737,24.3549744119754,24.3912728154683,24.3705324552306,24.2875287310348,24.3601606905737,24.3912728154683,24.3186630611374,24.3082860095273,24.3394139906367,24.2927184476639,24.1369116310709,24.2096511916044,24.1732879183289,24.1732879183289,24.1628960219406,24.1161193330435,24.266767216777,24.3186630611374,24.2044572345467,24.235616997893,24.1628960219406,24.3186630611374,24.1576996752618,24.1836787523513,24.16809210295,24.2563848704595,24.313474667603,24.4586498313649,24.4016414116675,24.3238511901693,24.3030970868713,24.1525030628745,24.0277045513642,24.1784834681163,24.2511932998677,24.4120089523324,24.3653467049792,24.2719579925803,24.5000904743927,24.3809031634257,24.1732879183289,24.1473061847397,24.1628960219406,24.1525030628745,24.1888737710728,24.1421090408181,24.1421090408181,24.2252314710217,24.3290390547373,24.3186630611374,24.3705324552306,24.4845522079513,24.4897318933139,24.4275582848784,24.3238511901693,24.4068253139224,24.3549744119754,24.417192326936,24.3394139906367,24.4068253139224,24.3912728154683,24.4741920473867,24.3860881214467,24.3912728154683,24.3601606905737,24.3497878691456,24.2408093636233,24.2979078995965,24.5311599032229,24.2511932998677,24.3290390547373,24.3549744119754,24.2044572345467,24.313474667603,24.1992630121316,24.1369116310709,24.3290390547373,24.4949113154483,24.220038309803,24.0016855446331,23.9183798623554,24.2511932998677,24.3809031634257,24.5052693701856,24.3446010620456,24.3549744119754,24.2979078995965,24.4223754377718,24.313474667603,24.3912728154683,24.5415142757223,24.3860881214467,24.3290390547373,24.3912728154683,24.417192326936,24.4586498313649,24.4068253139224,24.2875287310348,24.3030970868713,24.3860881214467,24.4275582848784,24.417192326936,24.3912728154683,24.396457245529,24.3705324552306,24.3860881214467,24.3757179413665,24.3860881214467,24.2979078995965,24.3446010620456,24.4223754377718,24.3705324552306,24.525982322611,24.3705324552306,24.4949113154483,24.4120089523324,24.5156263724707,24.5156263724707,24.5311599032229,24.525982322611,24.4897318933139,24.4897318933139,24.5466910676864,24.5415142757223,24.5363372209139,24.5673956078683,24.417192326936,24.4845522079513,24.4482870367845,24.396457245529,24.4016414116675,24.4690115721079,24.5466910676864,24.4949113154483,24.5570438632356,24.4431052442089,24.4431052442089,24.4431052442089,24.4482870367845,24.417192326936,24.3186630611374,24.2875287310348,24.266767216777,24.3030970868713,24.3809031634257,24.3705324552306,24.593270373703,24.4845522079513,24.5777463018912,24.6346563530609,24.3912728154683,24.4327408682945,24.3549744119754,24.4223754377718,24.3497878691456,24.3238511901693,24.3186630611374,24.396457245529,24.396457245529,24.417192326936,24.4741920473867,24.4379231880585,24.3342266548802,24.4586498313649,24.4534685658236,24.313474667603,24.4586498313649,24.4379231880585,24.4379231880585,24.4431052442089,24.4275582848784,24.525982322611,24.5518675968447,24.5570438632356,24.417192326936,24.5622198668973,24.4845522079513,24.5208044790397,24.4534685658236,24.4068253139224,24.3860881214467,24.1576996752618,24.0068898795898,24.0849229045849,24.1161193330435,24.0849229045849,24.0797225681742,24.0589185591878,24.2044572345467,24.1473061847397,24.2408093636233,24.0797225681742,24.032907552491,24.2252314710217,24.235616997893,24.3601606905737,24.3186630611374,24.3601606905737,24.4327408682945,24.525982322611,24.4327408682945,24.4897318933139,24.5466910676864,24.5466910676864,24.5415142757223,24.5311599032229,24.5415142757223,24.7018727940562,24.7070414568379,24.588095945611,24.7173779975772,24.7122098579989,24.5829212550199,24.6553430497988,24.6398284203822,24.5777463018912,24.7638794888426,24.8051963851263,24.9290469664651,25.0836496611589,25.0887990663117,25.1145422104357,25.0990971001769,25.0578987516956,25.0372933614365,25.0269891112523,25.0681998923707,25.1865886299367,25.0527477928007
24.2252314710217,24.266767216777,24.2927184476639,24.2927184476639,24.4638308334468,24.4534685658236,24.4068253139224,24.2460014642685,24.3601606905737,24.3757179413665,24.2771485035319,24.3809031634257,24.3705324552306,24.4120089523324,24.4068253139224,24.3912728154683,24.4068253139224,24.313474667603,24.3030970868713,24.266767216777,24.3290390547373,24.266767216777,24.1369116310709,24.2148448833435,24.1213178064842,24.0693210964281,24.1265160139431,24.1628960219406,24.1628960219406,24.1576996752618,24.3186630611374,24.313474667603,24.2148448833435,24.1576996752618,24.1576996752618,24.2148448833435,24.266767216777,24.3601606905737,24.3653467049792,24.3757179413665,24.2979078995965,24.1836787523513,24.2511932998677,24.1265160139431,24.0433127548394,24.2511932998677,24.3653467049792,24.2252314710217,24.3394139906367,24.3757179413665,24.266767216777,24.2460014642685,24.0485149561396,24.1732879183289,24.1732879183289,24.1369116310709,24.1525030628745,24.1317139554589,24.1369116310709,24.3394139906367,24.4120089523324,24.4223754377718,24.4949113154483,24.4690115721079,24.3549744119754,24.2252314710217,24.417192326936,24.3653467049792,24.2460014642685,24.3601606905737,24.4586498313649,24.4379231880585,24.4327408682945,24.5518675968447,24.4586498313649,24.4482870367845,24.3030970868713,24.396457245529,24.3757179413665,24.261576176083,24.3497878691456,24.2563848704595,24.3238511901693,24.2044572345467,24.2148448833435,24.2304243670388,24.0901229747396,24.1161193330435,24.3394139906367,24.2148448833435,24.0693210964281,24.017297749009,24.0953227786774,24.3549744119754,24.417192326936,24.4638308334468,24.4586498313649,24.4275582848784,24.3653467049792,24.417192326936,24.313474667603,24.3757179413665,24.4120089523324,24.4534685658236,24.3912728154683,24.3290390547373,24.396457245529,24.3860881214467,24.3186630611374,24.2719579925803,24.3653467049792,24.261576176083,24.2304243670388,24.4223754377718,24.4223754377718,24.3809031634257,24.3757179413665,24.2927184476639,24.3601606905737,24.3394139906367,24.3394139906367,24.313474667603,24.4223754377718,24.3809031634257,24.4690115721079,24.525982322611,24.4949113154483,24.6036184425424,24.5777463018912,24.5000904743927,24.4949113154483,24.5415142757223,24.4793722593216,24.5104480028654,24.5000904743927,24.5156263724707,24.4949113154483,24.5052693701856,24.5208044790397,24.4897318933139,24.4379231880585,24.4586498313649,24.5052693701856,24.5518675968447,24.4120089523324,24.3705324552306,24.2823387496704,24.4068253139224,24.4482870367845,24.4949113154483,24.4741920473867,24.4534685658236,24.3757179413665,24.3290390547373,24.3446010620456,24.4068253139224,24.4638308334468,24.4741920473867,24.5777463018912,24.6294840235847,24.4845522079513,24.3446010620456,24.3705324552306,24.3549744119754,24.3809031634257,24.3290390547373,24.3497878691456,24.261576176083,24.3809031634257,24.2096511916044,24.3290390547373,24.4379231880585,24.525982322611,24.4431052442089,24.4690115721079,24.4690115721079,24.5518675968447,24.4068253139224,24.4482870367845,24.3705324552306,24.4068253139224,24.4120089523324,24.4327408682945,24.5311599032229,24.4068253139224,24.4016414116675,24.3705324552306,24.4327408682945,24.4379231880585,24.2511932998677,24.235616997893,24.2252314710217,24.1161193330435,24.1525030628745,24.1005223164376,24.1057215880592,24.2148448833435,24.0589185591878,24.0537168909092,24.1836787523513,24.0641199610143,24.0381102869696,24.1421090408181,24.0433127548394,24.0589185591878,24.1161193330435,24.3394139906367,24.2719579925803,24.3446010620456,24.3549744119754,24.3601606905737,24.3809031634257,24.4379231880585,24.5829212550199,24.5363372209139,24.4793722593216,24.4586498313649,24.598444539334,24.4482870367845,24.7173779975772,24.6553430497988,24.7173779975772,24.7277134921382,24.6087920833666,24.6294840235847,24.5570438632356,24.6450002255868,24.7277134921382,25.0372933614365,24.8310109648659,25.0681998923707,25.0836496611589,25.124837657352,25.1145422104357,25.0887990663117,25.1557177937613,25.0990971001769,25.0115307913128,25.0218365972651,25.0733500742259
24.3030970868713,24.2096511916044,24.3290390547373,24.2408093636233,24.3082860095273,24.4016414116675,24.396457245529,24.4275582848784,24.261576176083,24.3394139906367,24.2979078995965,24.4534685658236,24.4897318933139,24.2875287310348,24.3446010620456,24.261576176083,24.3860881214467,24.3238511901693,24.3497878691456,24.3186630611374,24.3238511901693,24.2304243670388,24.1213178064842,24.1265160139431,24.2096511916044,24.1161193330435,24.1628960219406,24.1732879183289,24.1732879183289,24.2979078995965,24.19406852432,24.3082860095273,24.3186630611374,24.1213178064842,24.1369116310709,24.16809210295,24.3030970868713,24.2252314710217,24.3601606905737,24.3290390547373,24.3757179413665,24.266767216777,24.2148448833435,24.1161193330435,24.16809210295,24.1473061847397,24.1888737710728,24.4845522079513,24.3860881214467,24.3497878691456,24.2875287310348,24.1888737710728,24.1888737710728,24.1628960219406,24.2511932998677,24.2148448833435,24.2719579925803,24.1317139554589,24.2563848704595,24.3653467049792,24.3860881214467,24.3809031634257,24.4275582848784,24.4223754377718,24.4534685658236,24.3497878691456,24.2927184476639,24.2719579925803,24.235616997893,24.4068253139224,24.2823387496704,24.3186630611374,24.4741920473867,24.5156263724707,24.4845522079513,24.5156263724707,24.3030970868713,24.3290390547373,24.3912728154683,24.3809031634257,24.2771485035319,24.2719579925803,24.2979078995965,24.2979078995965,24.3238511901693,24.0901229747396,24.1109205935815,24.0745219654683,24.2096511916044,24.19406852432,24.017297749009,24.0120939477021,24.0433127548394,24.2771485035319,24.3860881214467,24.3653467049792,24.3860881214467,24.4741920473867,24.4223754377718,24.4275582848784,24.396457245529,24.4068253139224,24.3653467049792,24.3342266548802,24.3030970868713,24.3653467049792,24.3705324552306,24.3446010620456,24.3809031634257,24.2408093636233,24.2096511916044,24.2148448833435,24.2148448833435,24.2148448833435,24.3497878691456,24.3809031634257,24.3601606905737,24.1888737710728,24.3186630611374,24.3082860095273,24.3394139906367,24.3290390547373,24.3549744119754,24.3705324552306,24.4016414116675,24.5363372209139,24.4741920473867,24.4949113154483,24.4845522079513,24.4949113154483,24.4586498313649,24.6398284203822,24.5000904743927,24.4690115721079,24.5466910676864,24.5673956078683,24.5570438632356,24.5363372209139,24.4638308334468,24.598444539334,24.3860881214467,24.4793722593216,24.4793722593216,24.525982322611,24.3912728154683,24.5052693701856,24.3809031634257,24.4534685658236,24.4741920473867,24.4741920473867,24.4690115721079,24.3238511901693,24.3549744119754,24.3290390547373,24.3653467049792,24.4275582848784,24.4690115721079,24.6087920833666,24.7483813439431,24.5363372209139,24.4690115721079,24.2719579925803,24.2823387496704,24.3238511901693,24.4327408682945,24.3601606905737,24.3394139906367,24.3497878691456,24.3082860095273,24.3342266548802,24.3912728154683,24.4845522079513,24.417192326936,24.4741920473867,24.5466910676864,24.2823387496704,24.4897318933139,24.417192326936,24.3912728154683,24.4068253139224,24.4275582848784,24.4482870367845,24.5518675968447,24.5518675968447,24.5466910676864,24.5415142757223,24.5208044790397,24.5415142757223,24.525982322611,24.4741920473867,24.4638308334468,24.2563848704595,24.0953227786774,24.1005223164376,24.0849229045849,24.0953227786774,24.0485149561396,24.19406852432,24.2148448833435,24.1369116310709,24.0953227786774,24.1109205935815,24.2096511916044,24.2252314710217,24.0433127548394,24.2304243670388,24.3342266548802,24.3238511901693,24.2771485035319,24.417192326936,24.4223754377718,24.4690115721079,24.3860881214467,24.3446010620456,24.4793722593216,24.4845522079513,24.4949113154483,24.6450002255868,24.525982322611,24.7225458756109,24.7328808471969,24.7328808471969,24.6036184425424,24.7277134921382,24.5570438632356,24.8464965838976,24.8000326866343,24.8310109648659,25.0063774992726,25.0372933614365,25.0681998923707,25.1865886299367,25.0939482126385,25.3818884725093,25.0012239478063,25.14027888859,25.1454254487159,25.1093940990381,25.1557177937613,25.1145422104357
24.2044572345467,24.261576176083,24.2148448833435,24.3497878691456,24.2927184476639,24.3757179413665,24.2408093636233,24.2927184476639,24.3601606905737,24.3601606905737,24.2563848704595,24.3446010620456,24.2823387496704,24.3446010620456,24.4068253139224,24.3030970868713,24.261576176083,24.2771485035319,24.313474667603,24.2719579925803,24.2875287310348,24.235616997893,24.1005223164376,24.2511932998677,24.0953227786774,24.1784834681163,24.2823387496704,24.1784834681163,24.2771485035319,24.2979078995965,24.1628960219406,24.1888737710728,24.313474667603,24.1525030628745,24.1628960219406,24.2148448833435,24.1525030628745,24.2563848704595,24.16809210295,24.2148448833435,24.2148448833435,24.2408093636233,24.0433127548394,24.0641199610143,24.0485149561396,24.1784834681163,24.1057215880592,24.3342266548802,24.2304243670388,24.19406852432,24.2148448833435,24.2875287310348,24.2148448833435,24.16809210295,24.235616997893,24.2252314710217,24.2096511916044,24.2823387496704,24.2304243670388,24.2823387496704,24.3290390547373,24.3912728154683,24.3342266548802,24.3549744119754,24.4223754377718,24.2563848704595,24.2927184476639,24.235616997893,24.3082860095273,24.2771485035319,24.2304243670388,24.4120089523324,24.4223754377718,24.417192326936,24.4638308334468,24.4431052442089,24.5363372209139,24.4068253139224,24.4586498313649,24.4586498313649,24.2148448833435,24.2563848704595,24.261576176083,24.2979078995965,24.0641199610143,24.16809210295,24.2408093636233,24.1005223164376,24.2148448833435,24.0797225681742,24.0277045513642,23.8975427475285,23.9756598658044,24.3186630611374,24.3653467049792,24.3912728154683,24.3549744119754,24.4327408682945,24.3601606905737,24.3549744119754,24.3860881214467,24.261576176083,24.3342266548802,24.4327408682945,24.3186630611374,24.3705324552306,24.261576176083,24.3238511901693,24.3446010620456,24.313474667603,24.2927184476639,24.2096511916044,24.235616997893,24.2148448833435,24.4223754377718,24.4327408682945,24.3394139906367,24.3446010620456,24.3290390547373,24.2875287310348,24.3342266548802,24.2148448833435,24.2511932998677,24.4379231880585,24.4120089523324,24.4482870367845,24.4949113154483,24.4638308334468,24.4845522079513,24.4897318933139,24.4897318933139,24.4793722593216,24.5000904743927,24.5156263724707,24.5466910676864,24.5156263724707,24.5415142757223,24.5673956078683,24.4949113154483,24.4741920473867,24.4275582848784,24.4275582848784,24.4845522079513,24.4482870367845,24.4534685658236,24.4379231880585,24.4068253139224,24.4223754377718,24.4741920473867,24.3186630611374,24.3290390547373,24.3394139906367,24.3653467049792,24.3342266548802,24.3497878691456,24.3549744119754,24.4845522079513,24.5725710861868,24.6346563530609,24.6243114319154,24.5415142757223,24.3912728154683,24.2875287310348,24.3030970868713,24.3653467049792,24.3705324552306,24.2304243670388,24.220038309803,24.2927184476639,24.3082860095273,24.4120089523324,24.3705324552306,24.4534685658236,24.4949113154483,24.4741920473867,24.5622198668973,24.4275582848784,24.4327408682945,24.4431052442089,24.4379231880585,24.4482870367845,24.4431052442089,24.4482870367845,24.4482870367845,24.4431052442089,24.3446010620456,24.4068253139224,24.5052693701856,24.4223754377718,24.4482870367845,24.3238511901693,24.3912728154683,24.2563848704595,24.0433127548394,24.0797225681742,24.0693210964281,24.0277045513642,24.235616997893,24.16809210295,24.1057215880592,24.0953227786774,23.9079618401281,24.0589185591878,24.2044572345467,24.0901229747396,24.0641199610143,24.261576176083,24.2511932998677,24.3446010620456,24.2979078995965,24.4534685658236,24.417192326936,24.3497878691456,24.417192326936,24.3549744119754,24.5156263724707,24.4586498313649,24.4897318933139,24.4949113154483,24.5208044790397,24.6346563530609,24.6294840235847,24.5466910676864,24.5622198668973,24.5622198668973,24.7173779975772,24.7948687272058,24.8310109648659,24.8516579356668,25.0012239478063,25.0681998923707,24.9651418204509,24.9651418204509,25.0166838239645,25.1454254487159,25.0836496611589,24.9909160664447,24.9702971889533,25.0784999971428,25.0218365972651
24.1576996752618,24.1888737710728,24.2044572345467,24.235616997893,24.3030970868713,24.2823387496704,24.4068253139224,24.3757179413665,24.2460014642685,24.261576176083,24.2979078995965,24.2771485035319,24.2719579925803,24.2771485035319,24.2823387496704,24.396457245529,24.3030970868713,24.266767216777,24.3446010620456,24.266767216777,24.2096511916044,24.0797225681742,24.1628960219406,24.0381102869696,24.1628960219406,24.1784834681163,24.1628960219406,24.1057215880592,24.1732879183289,24.261576176083,24.1784834681163,24.2148448833435,24.1576996752618,24.1576996752618,24.1836787523513,24.1421090408181,24.1525030628745,24.1109205935815,24.3186630611374,24.3394139906367,24.220038309803,24.2927184476639,24.2304243670388,24.2408093636233,24.1317139554589,24.261576176083,24.2044572345467,24.1784834681163,24.2044572345467,24.1888737710728,24.1836787523513,24.16809210295,24.2252314710217,24.2304243670388,24.2563848704595,24.2563848704595,24.1369116310709,24.1784834681163,24.1265160139431,24.1888737710728,24.2304243670388,24.396457245529,24.3705324552306,24.4016414116675,24.4845522079513,24.396457245529,24.2511932998677,24.1576996752618,24.1473061847397,24.2719579925803,24.3290390547373,24.4223754377718,24.3446010620456,24.4793722593216,24.396457245529,24.4741920473867,24.3290390547373,24.3809031634257,24.2511932998677,24.235616997893,24.3912728154683,24.266767216777,24.3549744119754,24.261576176083,24.1421090408181,24.2823387496704,24.3082860095273,24.1732879183289,24.0277045513642,23.9860709383021,23.9287968145261,23.9079618401281,23.9756598658044,24.313474667603,24.3186630611374,24.4223754377718,24.4431052442089,24.4275582848784,24.2304243670388,24.3549744119754,24.261576176083,24.3342266548802,24.3186630611374,24.3549744119754,24.2979078995965,24.3342266548802,24.266767216777,24.2563848704595,24.2408093636233,24.2460014642685,24.2460014642685,24.2408093636233,24.3860881214467,24.3653467049792,24.3757179413665,24.3290390547373,24.3290390547373,24.3757179413665,24.4275582848784,24.3912728154683,24.2823387496704,24.2460014642685,24.3238511901693,24.4793722593216,24.417192326936,24.4379231880585,24.4897318933139,24.4275582848784,24.4845522079513,24.4120089523324,24.4482870367845,24.3653467049792,24.3601606905737,24.4690115721079,24.4897318933139,24.4327408682945,24.4845522079513,24.5311599032229,24.4845522079513,24.3497878691456,24.4845522079513,24.4275582848784,24.4431052442089,24.4586498313649,24.4275582848784,24.4534685658236,24.417192326936,24.5000904743927,24.4949113154483,24.4741920473867,24.3446010620456,24.3446010620456,24.3446010620456,24.4016414116675,24.4120089523324,24.5415142757223,24.4793722593216,24.68119552596,24.6139654618445,24.6139654618445,24.5518675968447,24.3601606905737,24.2927184476639,24.266767216777,24.2771485035319,24.3342266548802,24.2148448833435,24.2148448833435,24.2823387496704,24.3394139906367,24.4120089523324,24.3394139906367,24.2979078995965,24.4327408682945,24.4586498313649,24.3705324552306,24.5311599032229,24.3757179413665,24.417192326936,24.3394139906367,24.4275582848784,24.3342266548802,24.4431052442089,24.4379231880585,24.3653467049792,24.3912728154683,24.4327408682945,24.4223754377718,24.4223754377718,24.4275582848784,24.3186630611374,24.2148448833435,24.2252314710217,24.0797225681742,24.0641199610143,24.0901229747396,24.0641199610143,24.0277045513642,24.017297749009,24.0589185591878,24.0745219654683,24.0589185591878,23.9912760740285,24.02250128355,24.0381102869696,24.220038309803,24.1888737710728,24.3394139906367,24.3394139906367,24.3290390547373,24.396457245529,24.4327408682945,24.3342266548802,24.4016414116675,24.3912728154683,24.4534685658236,24.4845522079513,24.4897318933139,24.4897318933139,24.5208044790397,24.5725710861868,24.5673956078683,24.5622198668973,24.5466910676864,24.5725710861868,24.7483813439431,24.7742102793675,24.8258485704877,24.9754522977662,24.9702971889533,24.9702971889533,25.1505717504272,25.1711543738743,25.0166838239645,25.0630494515398,25.0939482126385,25.0578987516956,25.0784999971428,25.0887990663117,25.0836496611589
24.1628960219406,24.3860881214467,24.3809031634257,24.19406852432,24.2927184476639,24.2927184476639,24.3290390547373,24.2979078995965,24.2875287310348,24.2771485035319,24.313474667603,24.313474667603,24.2823387496704,24.2875287310348,24.2823387496704,24.4223754377718,24.3342266548802,24.266767216777,24.3809031634257,24.3186630611374,24.2304243670388,24.3497878691456,24.3082860095273,24.2927184476639,24.2823387496704,24.2823387496704,24.16809210295,24.2252314710217,24.1732879183289,24.2044572345467,24.3238511901693,24.2096511916044,24.1888737710728,24.1525030628745,24.2252314710217,24.1836787523513,24.16809210295,24.0797225681742,24.3186630611374,24.2979078995965,24.2511932998677,24.2927184476639,24.266767216777,24.266767216777,24.2979078995965,24.313474667603,24.2823387496704,24.1005223164376,24.1732879183289,24.0797225681742,24.1265160139431,24.2096511916044,24.1732879183289,24.3757179413665,24.3653467049792,24.3705324552306,24.2823387496704,24.1836787523513,24.1628960219406,24.2304243670388,24.3030970868713,24.4068253139224,24.3860881214467,24.4275582848784,24.3809031634257,24.4120089523324,24.3705324552306,24.266767216777,24.2511932998677,24.2563848704595,24.2979078995965,24.3030970868713,24.3860881214467,24.4120089523324,24.396457245529,24.4586498313649,24.4845522079513,24.4482870367845,24.313474667603,24.235616997893,24.2771485035319,24.2148448833435,24.1213178064842,24.1317139554589,24.1628960219406,24.2979078995965,24.2927184476639,24.1369116310709,23.9964809427924,24.0797225681742,23.9964809427924,23.9704539289542,23.9756598658044,24.1317139554589,24.3757179413665,24.3497878691456,24.4379231880585,24.3757179413665,24.2252314710217,24.3446010620456,24.3394139906367,24.3290390547373,24.3290390547373,24.2304243670388,24.3342266548802,24.3186630611374,24.2979078995965,24.2460014642685,24.1784834681163,24.1576996752618,24.1888737710728,24.2304243670388,24.2719579925803,24.2927184476639,24.2927184476639,24.3290390547373,24.3394139906367,24.3446010620456,24.3601606905737,24.3290390547373,24.2563848704595,24.2927184476639,24.2979078995965,24.2771485035319,24.3809031634257,24.5208044790397,24.417192326936,24.417192326936,24.4327408682945,24.5156263724707,24.5104480028654,24.4431052442089,24.3860881214467,24.3705324552306,24.4482870367845,24.4482870367845,24.4534685658236,24.3394139906367,24.3342266548802,24.4120089523324,24.5311599032229,24.4690115721079,24.4068253139224,24.4120089523324,24.4223754377718,24.4741920473867,24.4379231880585,24.4120089523324,24.4741920473867,24.3860881214467,24.313474667603,24.3342266548802,24.1836787523513,24.3290390547373,24.3238511901693,24.3497878691456,24.5777463018912,24.588095945611,24.593270373703,24.5673956078683,24.5000904743927,24.3497878691456,24.2823387496704,24.2771485035319,24.2771485035319,24.3290390547373,24.3030970868713,24.2823387496704,24.3186630611374,24.2875287310348,24.3705324552306,24.3342266548802,24.4741920473867,24.4431052442089,24.5363372209139,24.5000904743927,24.4120089523324,24.4379231880585,24.417192326936,24.3446010620456,24.3549744119754,24.417192326936,24.4275582848784,24.4431052442089,24.4431052442089,24.4223754377718,24.417192326936,24.417192326936,24.4223754377718,24.3238511901693,24.2875287310348,24.3394139906367,24.2252314710217,24.1473061847397,24.0953227786774,24.0589185591878,24.0381102869696,24.0693210964281,24.0797225681742,24.0797225681742,24.0953227786774,23.9912760740285,24.0120939477021,24.1005223164376,24.0433127548394,24.0433127548394,24.16809210295,24.235616997893,24.3757179413665,24.2408093636233,24.3342266548802,24.3912728154683,24.3497878691456,24.4120089523324,24.4638308334468,24.4586498313649,24.4949113154483,24.396457245529,24.4741920473867,24.5466910676864,24.5311599032229,24.6346563530609,24.5570438632356,24.7277134921382,24.7328808471969,24.7845400253874,24.8413349715329,24.9032571289301,25.0269891112523,24.9599861922213,25.0424450977087,25.0475965748176,25.1660091054476,25.1042457289643,25.0424450977087,24.918731811688,25.0630494515398,25.0321413659635,24.9445177487934,24.9909160664447
24.593270373703,24.266767216777,24.2511932998677,24.3497878691456,24.2927184476639,24.313474667603,24.2563848704595,24.3912728154683,24.3705324552306,24.3757179413665,24.2823387496704,24.2044572345467,24.1888737710728,24.2927184476639,24.2719579925803,24.2719579925803,24.4482870367845,24.4897318933139,24.3809031634257,24.220038309803,24.266767216777,24.235616997893,24.2252314710217,24.2823387496704,24.2927184476639,24.1836787523513,24.16809210295,24.1628960219406,24.16809210295,24.2719579925803,24.19406852432,24.3030970868713,24.1836787523513,24.2563848704595,24.16809210295,24.2096511916044,24.2096511916044,24.1421090408181,24.3186630611374,24.19406852432,24.2927184476639,24.1473061847397,24.2408093636233,24.2927184476639,24.2771485035319,24.2927184476639,24.2408093636233,24.1057215880592,24.1005223164376,24.1161193330435,24.0849229045849,24.1992630121316,24.2304243670388,24.1784834681163,24.2408093636233,24.2408093636233,24.2044572345467,24.1836787523513,24.1628960219406,24.2252314710217,24.2304243670388,24.3290390547373,24.396457245529,24.3186630611374,24.3809031634257,24.2719579925803,24.3549744119754,24.266767216777,24.3446010620456,24.2979078995965,24.3446010620456,24.3030970868713,24.3601606905737,24.3809031634257,24.4327408682945,24.4534685658236,24.4586498313649,24.3342266548802,24.3497878691456,24.2304243670388,24.3186630611374,24.3290390547373,24.1732879183289,24.1421090408181,24.0745219654683,24.3082860095273,24.3342266548802,24.1576996752618,24.1732879183289,24.0120939477021,24.0120939477021,23.9548345155266,24.0745219654683,24.1473061847397,24.1836787523513,24.3394139906367,24.4431052442089,24.3497878691456,24.417192326936,24.3394139906367,24.3394139906367,24.3238511901693,24.3653467049792,24.2875287310348,24.3082860095273,24.2927184476639,24.2823387496704,24.313474667603,24.2460014642685,24.2823387496704,24.3446010620456,24.3030970868713,24.2148448833435,24.2875287310348,24.3446010620456,24.3394139906367,24.2148448833435,24.2719579925803,24.3912728154683,24.3757179413665,24.3497878691456,24.2563848704595,24.2875287310348,24.3912728154683,24.4845522079513,24.4068253139224,24.3912728154683,24.3809031634257,24.525982322611,24.417192326936,24.4638308334468,24.4949113154483,24.3705324552306,24.4379231880585,24.4431052442089,24.5466910676864,24.4482870367845,24.4275582848784,24.3601606905737,24.4482870367845,24.4690115721079,24.4431052442089,24.4638308334468,24.4845522079513,24.4431052442089,24.4120089523324,24.4897318933139,24.5000904743927,24.4638308334468,24.3394139906367,24.396457245529,24.3394139906367,24.396457245529,24.3497878691456,24.3394139906367,24.4793722593216,24.6139654618445,24.6398284203822,24.5829212550199,24.5415142757223,24.5725710861868,24.3705324552306,24.2823387496704,24.2719579925803,24.261576176083,24.2823387496704,24.3238511901693,24.313474667603,24.3290390547373,24.3809031634257,24.4068253139224,24.4327408682945,24.5104480028654,24.396457245529,24.525982322611,24.5000904743927,24.4586498313649,24.4690115721079,24.3238511901693,24.3394139906367,24.4949113154483,24.4845522079513,24.4845522079513,24.4379231880585,24.5000904743927,24.4482870367845,24.4327408682945,24.5363372209139,24.4327408682945,24.4275582848784,24.3394139906367,24.3394139906367,24.220038309803,24.2460014642685,24.2460014642685,24.1473061847397,24.1421090408181,24.1005223164376,24.0745219654683,24.0641199610143,24.0745219654683,24.0901229747396,24.0381102869696,24.0433127548394,24.0953227786774,24.19406852432,24.2304243670388,24.3082860095273,24.3290390547373,24.3446010620456,24.3757179413665,24.4120089523324,24.4223754377718,24.3860881214467,24.4638308334468,24.4793722593216,24.4949113154483,24.4897318933139,24.4275582848784,24.6087920833666,24.5829212550199,24.7638794888426,24.8051963851263,24.8413349715329,24.8774607869049,24.8671404277798,25.0836496611589,24.9806071469274,25.0630494515398,25.0990971001769,25.0527477928007,25.0939482126385,25.0424450977087,25.0630494515398,25.1299849929454,25.0475965748176,25.0630494515398,25.0630494515398,25.0527477928007,24.9754522977662
24.19406852432,24.3238511901693,24.2460014642685,24.3601606905737,24.220038309803,24.3601606905737,24.2563848704595,24.2304243670388,24.3186630611374,24.2875287310348,24.3238511901693,24.266767216777,24.1421090408181,24.16809210295,24.1992630121316,24.2719579925803,24.2875287310348,24.2408093636233,24.3653467049792,24.3342266548802,24.261576176083,24.3082860095273,24.0537168909092,24.2979078995965,24.2096511916044,24.2771485035319,24.1732879183289,24.1525030628745,24.1888737710728,24.0381102869696,24.032907552491,24.1992630121316,24.2563848704595,24.2044572345467,24.2304243670388,24.2719579925803,24.2252314710217,24.1421090408181,24.2304243670388,24.1369116310709,24.1628960219406,24.2460014642685,24.2252314710217,24.2460014642685,24.2511932998677,24.313474667603,24.2563848704595,24.1628960219406,24.2304243670388,24.1213178064842,24.220038309803,24.1888737710728,24.1525030628745,24.2148448833435,24.3653467049792,24.1525030628745,24.1576996752618,24.1836787523513,24.2252314710217,24.2304243670388,24.1576996752618,24.2096511916044,24.3082860095273,24.2719579925803,24.313474667603,24.1732879183289,24.1992630121316,24.261576176083,24.4482870367845,24.3082860095273,24.3394139906367,24.3809031634257,24.4431052442089,24.3912728154683,24.4223754377718,24.3757179413665,24.4690115721079,24.3705324552306,24.3030970868713,24.2148448833435,24.2719579925803,24.313474667603,24.1213178064842,24.1732879183289,24.1888737710728,24.261576176083,24.3342266548802,24.1784834681163,24.1784834681163,24.032907552491,23.8819121009899,23.9964809427924,24.2927184476639,24.1473061847397,24.1421090408181,24.2460014642685,24.3394139906367,24.3601606905737,24.2408093636233,24.2408093636233,24.3446010620456,24.2148448833435,24.3497878691456,24.3549744119754,24.3705324552306,24.2979078995965,24.2875287310348,24.2044572345467,24.2148448833435,24.2979078995965,24.4793722593216,24.3342266548802,24.2979078995965,24.3446010620456,24.3809031634257,24.3809031634257,24.3757179413665,24.3601606905737,24.3705324552306,24.3705324552306,24.3601606905737,24.2823387496704,24.266767216777,24.2927184476639,24.4741920473867,24.3549744119754,24.3082860095273,24.4016414116675,24.4793722593216,24.4327408682945,24.3549744119754,24.3912728154683,24.4431052442089,24.4949113154483,24.4534685658236,24.4223754377718,24.3238511901693,24.4223754377718,24.417192326936,24.4482870367845,24.4482870367845,24.4741920473867,24.4793722593216,24.4327408682945,24.4690115721079,24.4431052442089,24.4897318933139,24.5052693701856,24.3912728154683,24.3497878691456,24.3290390547373,24.3394139906367,24.3757179413665,24.2096511916044,24.4327408682945,24.4016414116675,24.5777463018912,24.5104480028654,24.5622198668973,24.5518675968447,24.5466910676864,24.4534685658236,24.3601606905737,24.261576176083,24.1628960219406,24.2927184476639,24.1992630121316,24.3082860095273,24.3446010620456,24.3030970868713,24.4897318933139,24.3497878691456,24.3030970868713,24.5000904743927,24.5052693701856,24.4897318933139,24.4482870367845,24.5156263724707,24.3809031634257,24.3653467049792,24.4431052442089,24.4327408682945,24.4845522079513,24.4845522079513,24.4327408682945,24.4793722593216,24.4327408682945,24.4327408682945,24.4275582848784,24.3394139906367,24.3394139906367,24.2148448833435,24.3653467049792,24.2304243670388,24.1992630121316,24.0745219654683,24.0849229045849,24.0693210964281,24.0745219654683,24.0433127548394,23.9964809427924,24.0537168909092,24.1628960219406,24.1525030628745,24.1784834681163,24.2044572345467,24.2148448833435,24.2408093636233,24.3757179413665,24.4016414116675,24.4016414116675,24.4327408682945,24.3705324552306,24.396457245529,24.4431052442089,24.4482870367845,24.5052693701856,24.4431052442089,24.5156263724707,24.5829212550199,24.4586498313649,24.5725710861868,24.7638794888426,24.9496741564303,24.9393610812787,24.8671404277798,24.8568190268782,25.0527477928007,25.0012239478063,25.0012239478063,25.0784999971428,25.0269891112523,25.0887990663117,25.1711543738743,24.9754522977662,25.2174501739369,25.1351320700124,24.9857617364743,25.0836496611589,25.0372933614365
24.032907552491,24.2304243670388,24.2927184476639,24.5311599032229,24.3082860095273,24.266767216777,24.266767216777,24.220038309803,24.3082860095273,24.3030970868713,24.19406852432,24.2875287310348,24.1005223164376,24.19406852432,24.417192326936,24.396457245529,24.3912728154683,24.3601606905737,24.396457245529,24.2304243670388,24.3082860095273,24.3186630611374,24.2408093636233,24.2252314710217,24.1992630121316,24.1784834681163,24.1888737710728,24.1732879183289,24.1732879183289,24.1784834681163,24.1784834681163,24.2719579925803,24.2304243670388,24.266767216777,24.2927184476639,24.4275582848784,24.4482870367845,24.1473061847397,24.0693210964281,24.2096511916044,24.1628960219406,24.2044572345467,24.3030970868713,24.3549744119754,24.2563848704595,24.1473061847397,24.1265160139431,24.16809210295,24.3186630611374,24.19406852432,24.1992630121316,24.1213178064842,24.1005223164376,24.2408093636233,24.261576176083,24.1473061847397,24.1421090408181,24.1992630121316,24.2304243670388,24.1576996752618,24.1473061847397,24.266767216777,24.2408093636233,24.266767216777,24.220038309803,24.261576176083,24.3446010620456,24.2563848704595,24.3653467049792,24.4482870367845,24.4482870367845,24.3912728154683,24.4120089523324,24.3342266548802,24.4638308334468,24.4016414116675,24.3809031634257,24.261576176083,24.3186630611374,24.235616997893,24.3082860095273,24.313474667603,24.2823387496704,24.1732879183289,24.1784834681163,24.1784834681163,24.19406852432,24.16809210295,24.0693210964281,23.8714903310769,23.9444202371166,23.9392126969559,24.2875287310348,24.2771485035319,24.2719579925803,24.2927184476639,24.3030970868713,24.3912728154683,24.4120089523324,24.2875287310348,24.1628960219406,24.3186630611374,24.3653467049792,24.3082860095273,24.2719579925803,24.235616997893,24.0745219654683,24.2408093636233,24.3601606905737,24.3601606905737,24.5156263724707,24.3342266548802,24.3653467049792,24.3653467049792,24.3860881214467,24.4016414116675,24.3757179413665,24.3860881214467,24.4379231880585,24.4016414116675,24.396457245529,24.3186630611374,24.2823387496704,24.4949113154483,24.313474667603,24.3342266548802,24.417192326936,24.3394139906367,24.4223754377718,24.2979078995965,24.4120089523324,24.4534685658236,24.3446010620456,24.235616997893,24.3912728154683,24.4431052442089,24.4431052442089,24.417192326936,24.313474667603,24.4275582848784,24.4793722593216,24.4638308334468,24.4016414116675,24.5052693701856,24.4327408682945,24.4275582848784,24.5104480028654,24.4949113154483,24.3757179413665,24.396457245529,24.1836787523513,24.3290390547373,24.2096511916044,24.313474667603,24.3705324552306,24.4741920473867,24.5829212550199,24.5363372209139,24.5725710861868,24.525982322611,24.5363372209139,24.3757179413665,24.3653467049792,24.2148448833435,24.2875287310348,24.2563848704595,24.220038309803,24.3238511901693,24.261576176083,24.220038309803,24.3653467049792,24.3705324552306,24.3757179413665,24.4431052442089,24.5052693701856,24.417192326936,24.4223754377718,24.5104480028654,24.3912728154683,24.4327408682945,24.4223754377718,24.4586498313649,24.4275582848784,24.4741920473867,24.593270373703,24.5570438632356,24.5622198668973,24.3757179413665,24.4275582848784,24.4586498313649,24.3446010620456,24.3601606905737,24.3601606905737,24.2563848704595,24.0693210964281,24.0589185591878,24.16809210295,24.0589185591878,24.1421090408181,24.0120939477021,24.0953227786774,24.0849229045849,24.0901229747396,24.0953227786774,24.1628960219406,24.1628960219406,24.1992630121316,24.19406852432,24.3446010620456,24.2927184476639,24.3290390547373,24.4120089523324,24.3030970868713,24.3446010620456,24.4223754377718,24.417192326936,24.4431052442089,24.4586498313649,24.5311599032229,24.5829212550199,24.593270373703,24.5466910676864,24.9445177487934,24.7897045068028,24.9342041538485,24.9290469664651,25.0578987516956,24.836173098535,25.0578987516956,25.0578987516956,25.0578987516956,25.0578987516956,25.0681998923707,25.0733500742259,25.0939482126385,25.0990971001769,25.0887990663117,24.9754522977662,25.124837657352,25.14027888859
24.2563848704595,24.2304243670388,24.220038309803,24.3082860095273,24.3394139906367,24.3394139906367,24.3446010620456,24.3394139906367,24.3497878691456,24.4016414116675,24.2823387496704,24.2927184476639,24.1576996752618,24.2875287310348,24.2823387496704,24.3290390547373,24.3653467049792,24.313474667603,24.3342266548802,24.3446010620456,24.1836787523513,24.2408093636233,24.2719579925803,24.2044572345467,24.220038309803,24.16809210295,24.2148448833435,24.1836787523513,24.2148448833435,24.1317139554589,24.1992630121316,24.19406852432,24.396457245529,24.2460014642685,24.3497878691456,24.266767216777,24.2771485035319,24.1161193330435,24.0953227786774,24.1473061847397,24.2148448833435,24.1992630121316,24.2927184476639,24.3082860095273,24.3186630611374,24.1265160139431,24.1525030628745,24.0953227786774,24.1265160139431,24.1369116310709,24.1732879183289,24.220038309803,24.1628960219406,24.1836787523513,24.2511932998677,24.1576996752618,24.1421090408181,24.2252314710217,24.235616997893,24.1525030628745,24.2460014642685,24.2148448833435,24.2823387496704,24.261576176083,24.2979078995965,24.2875287310348,24.1421090408181,24.2511932998677,24.3290390547373,24.3549744119754,24.3912728154683,24.3860881214467,24.3186630611374,24.3290390547373,24.3238511901693,24.4327408682945,24.4275582848784,24.2927184476639,24.3446010620456,24.3290390547373,24.3394139906367,24.3653467049792,24.1784834681163,24.2771485035319,24.2460014642685,24.2044572345467,24.1161193330435,24.1628960219406,23.9652477249841,23.9808655355738,23.8975427475285,24.1161193330435,24.1888737710728,24.3290390547373,24.2563848704595,24.2252314710217,24.235616997893,24.3446010620456,24.2252314710217,24.3601606905737,24.1628960219406,24.2511932998677,24.2719579925803,24.235616997893,24.3549744119754,24.3653467049792,24.2148448833435,24.19406852432,24.3601606905737,24.3809031634257,24.3601606905737,24.3912728154683,24.3446010620456,24.3601606905737,24.3394139906367,24.3549744119754,24.3601606905737,24.5570438632356,24.4068253139224,24.4482870367845,24.396457245529,24.4275582848784,24.3860881214467,24.3601606905737,24.4638308334468,24.3549744119754,24.3342266548802,24.4690115721079,24.4120089523324,24.4534685658236,24.4741920473867,24.3549744119754,24.3497878691456,24.3549744119754,24.3342266548802,24.3394139906367,24.4327408682945,24.4275582848784,24.4897318933139,24.5000904743927,24.4327408682945,24.4120089523324,24.3705324552306,24.5104480028654,24.4534685658236,24.5415142757223,24.4431052442089,24.4793722593216,24.3653467049792,24.3912728154683,24.3186630611374,24.19406852432,24.2771485035319,24.266767216777,24.4431052442089,24.4016414116675,24.4897318933139,24.4897318933139,24.6346563530609,24.5104480028654,24.417192326936,24.4949113154483,24.3809031634257,24.266767216777,24.2875287310348,24.3394139906367,24.2927184476639,24.3030970868713,24.2148448833435,24.3705324552306,24.3860881214467,24.4120089523324,24.2719579925803,24.4586498313649,24.4690115721079,24.3757179413665,24.4223754377718,24.396457245529,24.2927184476639,24.396457245529,24.5000904743927,24.5363372209139,24.4638308334468,24.4741920473867,24.4949113154483,24.5311599032229,24.6294840235847,24.4586498313649,24.4275582848784,24.4793722593216,24.4793722593216,24.3860881214467,24.3601606905737,24.3549744119754,24.3860881214467,24.2148448833435,24.2563848704595,24.220038309803,24.0953227786774,24.1525030628745,24.1525030628745,24.1836787523513,24.0277045513642,24.2148448833435,24.1992630121316,24.1525030628745,24.3342266548802,24.235616997893,24.1992630121316,24.3290390547373,24.3238511901693,24.2979078995965,24.2823387496704,24.3497878691456,24.3757179413665,24.4327408682945,24.4379231880585,24.4431052442089,24.4379231880585,24.4534685658236,24.5777463018912,24.7483813439431,24.8051963851263,24.9599861922213,24.9393610812787,24.9290469664651,25.0578987516956,25.0630494515398,25.0681998923707,25.14027888859,25.0681998923707,25.0681998923707,25.124837657352,25.14027888859,25.0527477928007,25.1196900631945,25.2225928617629,25.0630494515398,24.9651418204509,25.1145422104357
24.1057215880592,24.1888737710728,24.4223754377718,24.2771485035319,24.3601606905737,24.3497878691456,24.3394139906367,24.0745219654683,24.4068253139224,24.0901229747396,24.2875287310348,24.2096511916044,24.3186630611374,24.2927184476639,24.1888737710728,24.2719579925803,24.3757179413665,24.2148448833435,24.261576176083,24.3342266548802,24.2511932998677,24.1784834681163,24.3186630611374,24.1992630121316,24.220038309803,24.235616997893,24.1784834681163,24.1836787523513,24.0797225681742,24.1369116310709,24.1784834681163,24.2096511916044,24.2460014642685,24.396457245529,24.3912728154683,24.3705324552306,24.2823387496704,24.0745219654683,24.0641199610143,24.2460014642685,24.2096511916044,24.220038309803,24.220038309803,24.3809031634257,24.2875287310348,24.2460014642685,24.1888737710728,24.1005223164376,24.1576996752618,24.1421090408181,24.2044572345467,24.3030970868713,24.2823387496704,24.3082860095273,24.1784834681163,24.2511932998677,24.1628960219406,24.2408093636233,24.2252314710217,24.2304243670388,24.2511932998677,24.266767216777,24.4638308334468,24.235616997893,24.3860881214467,24.313474667603,24.4068253139224,24.3860881214467,24.3446010620456,24.3446010620456,24.417192326936,24.396457245529,24.313474667603,24.3705324552306,24.4845522079513,24.4845522079513,24.4897318933139,24.4431052442089,24.2823387496704,24.2408093636233,24.3342266548802,24.3549744119754,24.235616997893,24.2511932998677,24.2563848704595,24.235616997893,24.1576996752618,24.1369116310709,24.0381102869696,23.9079618401281,23.9392126969559,24.0953227786774,24.19406852432,24.4431052442089,24.4482870367845,24.2563848704595,24.3186630611374,24.2875287310348,24.2719579925803,24.2719579925803,24.2719579925803,24.2979078995965,24.3497878691456,24.396457245529,24.4223754377718,24.3290390547373,24.3342266548802,24.3653467049792,24.313474667603,24.3705324552306,24.3549744119754,24.5000904743927,24.3653467049792,24.3705324552306,24.3757179413665,24.4223754377718,24.4431052442089,24.4275582848784,24.4586498313649,24.396457245529,24.5208044790397,24.2979078995965,24.3809031634257,24.417192326936,24.417192326936,24.3860881214467,24.4586498313649,24.3290390547373,24.4120089523324,24.3394139906367,24.3757179413665,24.3860881214467,24.4379231880585,24.4327408682945,24.4275582848784,24.4638308334468,24.3809031634257,24.4275582848784,24.4482870367845,24.4741920473867,24.5052693701856,24.396457245529,24.4431052442089,24.4534685658236,24.5156263724707,24.5156263724707,24.3860881214467,24.4223754377718,24.5208044790397,24.3809031634257,24.3030970868713,24.2563848704595,24.3912728154683,24.3497878691456,24.4275582848784,24.593270373703,24.396457245529,24.4793722593216,24.5104480028654,24.5673956078683,24.525982322611,24.4068253139224,24.266767216777,24.2563848704595,24.235616997893,24.2304243670388,24.3394139906367,24.396457245529,24.4690115721079,24.4482870367845,24.3912728154683,24.3757179413665,24.4068253139224,24.417192326936,24.3446010620456,24.417192326936,24.396457245529,24.4223754377718,24.5156263724707,24.4741920473867,24.4327408682945,24.5052693701856,24.5777463018912,24.4845522079513,24.5415142757223,24.6450002255868,24.6294840235847,24.6501717687129,24.4275582848784,24.4690115721079,24.4741920473867,24.3757179413665,24.4949113154483,24.3809031634257,24.4016414116675,24.2979078995965,24.1473061847397,24.3809031634257,24.1265160139431,24.1317139554589,24.1576996752618,24.1109205935815,24.0901229747396,24.1473061847397,24.2148448833435,24.3446010620456,24.2096511916044,24.3082860095273,24.2979078995965,24.3186630611374,24.3238511901693,24.4534685658236,24.3860881214467,24.3757179413665,24.3601606905737,24.4949113154483,24.4793722593216,24.4586498313649,24.4482870367845,24.4431052442089,24.4741920473867,24.86197985757,24.8155229994525,24.9238895190908,24.9909160664447,25.0475965748176,24.9393610812787,24.9909160664447,25.1505717504272,25.0887990663117,25.0630494515398,25.0836496611589,25.0939482126385,25.0887990663117,25.1145422104357,25.1042457289643,25.1608635787557,24.9909160664447,25.1145422104357,25.0939482126385
23.9235884721781,24.2460014642685,24.0745219654683,24.2563848704595,24.2563848704595,24.2408093636233,24.3549744119754,24.2304243670388,24.3290390547373,24.2252314710217,24.2148448833435,24.1473061847397,24.2771485035319,24.2148448833435,24.261576176083,24.2044572345467,24.2771485035319,24.1369116310709,24.1992630121316,24.2408093636233,24.313474667603,24.1784834681163,24.2771485035319,24.266767216777,24.1317139554589,24.1628960219406,24.235616997893,24.261576176083,24.16809210295,24.19406852432,24.0433127548394,24.1369116310709,24.2979078995965,24.3653467049792,24.3497878691456,24.3446010620456,24.3497878691456,24.2304243670388,24.2044572345467,24.1213178064842,24.1732879183289,24.2148448833435,24.2511932998677,24.4223754377718,24.4016414116675,24.2148448833435,24.1836787523513,24.1213178064842,24.1265160139431,24.2252314710217,24.220038309803,24.3446010620456,24.19406852432,24.1473061847397,24.1525030628745,24.1888737710728,24.2304243670388,24.2148448833435,24.3342266548802,24.220038309803,24.1888737710728,24.2875287310348,24.3290390547373,24.2511932998677,24.3809031634257,24.396457245529,24.3446010620456,24.2979078995965,24.3549744119754,24.3860881214467,24.3653467049792,24.3705324552306,24.4068253139224,24.4327408682945,24.396457245529,24.4016414116675,24.4120089523324,24.3705324552306,24.3446010620456,24.1888737710728,24.313474667603,24.3030970868713,24.2096511916044,24.2044572345467,24.1109205935815,24.1317139554589,24.1265160139431,23.9912760740285,24.1057215880592,24.0693210964281,24.0277045513642,24.0433127548394,24.2408093636233,24.3186630611374,24.3186630611374,24.2979078995965,24.2408093636233,24.3757179413665,24.1265160139431,24.2771485035319,24.2563848704595,24.3186630611374,24.2460014642685,24.3238511901693,24.2096511916044,24.2148448833435,24.3290390547373,24.1525030628745,24.396457245529,24.3705324552306,24.3342266548802,24.3446010620456,24.3601606905737,24.4431052442089,24.3601606905737,24.396457245529,24.3912728154683,24.396457245529,24.4327408682945,24.3912728154683,24.4223754377718,24.4223754377718,24.3860881214467,24.417192326936,24.3705324552306,24.3497878691456,24.3757179413665,24.313474667603,24.4690115721079,24.3705324552306,24.3653467049792,24.4327408682945,24.4327408682945,24.4379231880585,24.4275582848784,24.417192326936,24.4586498313649,24.3912728154683,24.4534685658236,24.4638308334468,24.4638308334468,24.4275582848784,24.5208044790397,24.396457245529,24.5156263724707,24.4741920473867,24.3342266548802,24.4741920473867,24.3446010620456,24.5052693701856,24.4379231880585,24.235616997893,24.3860881214467,24.3446010620456,24.4068253139224,24.4534685658236,24.4793722593216,24.4379231880585,24.4586498313649,24.4431052442089,24.6243114319154,24.4120089523324,24.3394139906367,24.396457245529,24.2460014642685,24.3290390547373,24.4016414116675,24.235616997893,24.4741920473867,24.3446010620456,24.4120089523324,24.3497878691456,24.3394139906367,24.2511932998677,24.3653467049792,24.4016414116675,24.4534685658236,24.4586498313649,24.4586498313649,24.4275582848784,24.3549744119754,24.5829212550199,24.417192326936,24.4845522079513,24.5415142757223,24.5829212550199,24.6398284203822,24.593270373703,24.5725710861868,24.4638308334468,24.4016414116675,24.5052693701856,24.3549744119754,24.5104480028654,24.4379231880585,24.4327408682945,24.3653467049792,24.4379231880585,24.266767216777,24.1317139554589,24.1473061847397,24.0901229747396,24.0953227786774,24.1784834681163,24.1473061847397,24.2460014642685,24.2563848704595,24.3653467049792,24.2304243670388,24.3860881214467,24.313474667603,24.4223754377718,24.3757179413665,24.3497878691456,24.4949113154483,24.4379231880585,24.6036184425424,24.4120089523324,24.4845522079513,24.4793722593216,24.4690115721079,24.598444539334,24.9238895190908,24.9599861922213,24.9135738442187,25.0475965748176,25.0012239478063,25.0887990663117,25.0630494515398,25.0939482126385,25.0784999971428,25.0990971001769,25.0784999971428,25.1454254487159,25.1145422104357,25.0887990663117,24.9960701368761,25.0475965748176,25.0218365972651,25.124837657352
23.8350056964094,23.9340048894389,23.9287968145261,24.0016855446331,24.2304243670388,24.3446010620456,24.2927184476639,24.3601606905737,24.235616997893,24.2148448833435,24.2148448833435,24.1888737710728,24.220038309803,24.2771485035319,24.3653467049792,24.2875287310348,24.266767216777,24.2304243670388,24.1784834681163,24.1369116310709,24.2823387496704,24.3238511901693,24.3601606905737,24.2927184476639,24.1265160139431,24.0693210964281,24.2511932998677,24.0485149561396,24.1836787523513,24.1992630121316,24.1057215880592,24.0016855446331,24.2096511916044,24.2044572345467,24.3342266548802,24.3809031634257,24.2563848704595,24.1421090408181,24.2979078995965,24.2304243670388,24.2148448833435,24.0849229045849,24.2148448833435,24.3860881214467,24.4016414116675,24.261576176083,24.235616997893,24.1057215880592,24.0797225681742,24.3809031634257,24.3290390547373,24.313474667603,24.3549744119754,24.220038309803,24.2979078995965,24.3238511901693,24.2979078995965,24.2823387496704,24.2823387496704,24.2927184476639,24.3030970868713,24.2252314710217,24.313474667603,24.266767216777,24.4534685658236,24.3601606905737,24.3705324552306,24.235616997893,24.3082860095273,24.2460014642685,24.2979078995965,24.3601606905737,24.313474667603,24.4223754377718,24.4586498313649,24.3653467049792,24.3601606905737,24.4949113154483,24.3860881214467,24.3290390547373,24.3342266548802,24.3030970868713,24.1836787523513,24.266767216777,24.0381102869696,24.1628960219406,24.16809210295,24.0589185591878,24.0849229045849,24.0537168909092,24.1057215880592,24.1161193330435,24.2875287310348,24.313474667603,24.3030970868713,24.2979078995965,24.313474667603,24.2252314710217,24.261576176083,24.266767216777,24.2511932998677,24.3705324552306,24.235616997893,24.235616997893,24.3290390547373,24.4120089523324,24.3446010620456,24.5052693701856,24.3497878691456,24.3342266548802,24.3290390547373,24.4327408682945,24.3290390547373,24.3653467049792,24.4431052442089,24.4327408682945,24.3809031634257,24.3757179413665,24.396457245529,24.4016414116675,24.417192326936,24.4068253139224,24.4120089523324,24.3653467049792,24.3601606905737,24.3549744119754,24.4534685658236,24.3342266548802,24.3860881214467,24.3912728154683,24.3497878691456,24.417192326936,24.4223754377718,24.4223754377718,24.3653467049792,24.3757179413665,24.396457245529,24.3342266548802,24.4275582848784,24.4741920473867,24.417192326936,24.417192326936,24.4120089523324,24.4327408682945,24.5104480028654,24.4897318933139,24.396457245529,24.3809031634257,24.4379231880585,24.5052693701856,24.4379231880585,24.4120089523324,24.3446010620456,24.4949113154483,24.5104480028654,24.5570438632356,24.4845522079513,24.5725710861868,24.396457245529,24.588095945611,24.5622198668973,24.4793722593216,24.5104480028654,24.313474667603,24.3705324552306,24.3238511901693,24.266767216777,24.3342266548802,24.3290390547373,24.4223754377718,24.313474667603,24.4016414116675,24.4120089523324,24.4120089523324,24.3238511901693,24.4016414116675,24.4327408682945,24.3186630611374,24.4690115721079,24.3705324552306,24.417192326936,24.3653467049792,24.4379231880585,24.6036184425424,24.4949113154483,24.6450002255868,24.6191385780148,24.5570438632356,24.4793722593216,24.4016414116675,24.5363372209139,24.4741920473867,24.5829212550199,24.588095945611,24.5104480028654,24.4534685658236,24.4379231880585,24.4379231880585,24.3082860095273,24.1161193330435,24.0433127548394,24.0693210964281,24.1784834681163,24.0953227786774,24.1628960219406,24.0953227786774,24.3653467049792,24.2719579925803,24.220038309803,24.3497878691456,24.2460014642685,24.4379231880585,24.4275582848784,24.5000904743927,24.4949113154483,24.5052693701856,24.3912728154683,24.4793722593216,24.4534685658236,24.593270373703,24.4482870367845,24.7793752829217,24.9290469664651,24.9135738442187,25.0321413659635,25.0218365972651,25.0836496611589,25.0681998923707,25.1608635787557,25.0578987516956,25.1608635787557,25.1042457289643,25.3048408239653,25.1608635787557,25.1608635787557,25.0733500742259,24.954830304227,25.0939482126385,25.0063774992726,24.9909160664447
23.9235884721781,24.0433127548394,23.8402185911997,24.032907552491,24.0849229045849,24.1576996752618,24.2460014642685,24.3497878691456,24.3290390547373,24.2096511916044,24.2563848704595,24.2044572345467,24.220038309803,24.1369116310709,24.1992630121316,24.2408093636233,24.1628960219406,24.1421090408181,24.1576996752618,24.1628960219406,24.2408093636233,24.19406852432,24.2927184476639,24.1836787523513,24.1265160139431,24.1005223164376,24.0537168909092,24.0901229747396,24.1057215880592,24.0693210964281,24.0068898795898,24.017297749009,24.1576996752618,24.017297749009,24.0901229747396,24.3030970868713,24.2771485035319,24.266767216777,24.1628960219406,24.2511932998677,24.032907552491,24.1732879183289,24.2408093636233,24.2927184476639,24.4016414116675,24.2719579925803,24.2304243670388,24.2096511916044,24.2408093636233,24.3394139906367,24.3342266548802,24.2979078995965,24.3186630611374,24.19406852432,24.220038309803,24.2252314710217,24.1421090408181,24.3290390547373,24.19406852432,24.313474667603,24.2511932998677,24.3186630611374,24.3394139906367,24.396457245529,24.2460014642685,24.4379231880585,24.2823387496704,24.2511932998677,24.4016414116675,24.235616997893,24.3497878691456,24.2563848704595,24.3082860095273,24.3757179413665,24.3757179413665,24.4120089523324,24.3082860095273,24.417192326936,24.4016414116675,24.3186630611374,24.2927184476639,24.2563848704595,24.0589185591878,24.0277045513642,24.0433127548394,24.0485149561396,24.02250128355,24.032907552491,24.0797225681742,24.1005223164376,24.0849229045849,24.0693210964281,24.3186630611374,24.3549744119754,24.2044572345467,24.2252314710217,24.1473061847397,24.2096511916044,24.1576996752618,24.1317139554589,24.1161193330435,24.266767216777,24.1473061847397,24.3238511901693,24.2460014642685,24.1732879183289,24.2252314710217,24.1888737710728,24.2408093636233,24.2563848704595,24.3290390547373,24.3809031634257,24.19406852432,24.3860881214467,24.3290390547373,24.417192326936,24.3653467049792,24.4275582848784,24.4120089523324,24.417192326936,24.4016414116675,24.4068253139224,24.4120089523324,24.4482870367845,24.2408093636233,24.4431052442089,24.2563848704595,24.4016414116675,24.2771485035319,24.313474667603,24.3446010620456,24.3082860095273,24.3342266548802,24.4016414116675,24.396457245529,24.3809031634257,24.417192326936,24.3446010620456,24.4690115721079,24.4223754377718,24.5052693701856,24.4949113154483,24.4897318933139,24.4638308334468,24.6191385780148,24.4068253139224,24.3860881214467,24.4845522079513,24.4897318933139,24.3705324552306,24.4431052442089,24.3705324552306,24.3860881214467,24.3860881214467,24.5311599032229,24.5673956078683,24.5000904743927,24.4482870367845,24.4897318933139,24.5052693701856,24.4586498313649,24.4068253139224,24.396457245529,24.5000904743927,24.235616997893,24.3290390547373,24.3912728154683,24.3342266548802,24.4845522079513,24.4793722593216,24.4068253139224,24.4223754377718,24.4068253139224,24.4068253139224,24.4275582848784,24.4379231880585,24.4223754377718,24.4327408682945,24.3238511901693,24.3290390547373,24.3757179413665,24.5156263724707,24.3912728154683,24.4845522079513,24.5156263724707,24.5777463018912,24.5725710861868,24.6398284203822,24.6708553211965,24.4534685658236,24.4741920473867,24.588095945611,24.593270373703,24.6605140688826,24.6243114319154,24.4638308334468,24.4586498313649,24.4016414116675,24.3705324552306,24.3030970868713,24.1421090408181,24.1109205935815,23.9964809427924,24.0641199610143,24.1213178064842,24.1836787523513,24.2563848704595,24.3860881214467,24.2719579925803,24.3912728154683,24.3497878691456,24.3082860095273,24.2719579925803,24.2875287310348,24.4482870367845,24.4845522079513,24.4845522079513,24.4534685658236,24.4120089523324,24.4690115721079,24.5725710861868,24.6967038696157,24.8206859153626,24.9342041538485,24.954830304227,25.1968768433364,25.0630494515398,25.14027888859,24.9393610812787,24.9909160664447,25.0578987516956,25.0218365972651,25.1299849929454,25.0527477928007,25.1608635787557,25.0887990663117,25.0630494515398,25.0578987516956,25.0630494515398,24.9909160664447
23.9340048894389,23.8350056964094,23.9235884721781,23.8610674896852,24.0901229747396,24.0745219654683,24.2460014642685,24.3549744119754,24.235616997893,24.2927184476639,24.0953227786774,24.1992630121316,24.220038309803,24.2563848704595,24.2460014642685,24.16809210295,24.0485149561396,24.1732879183289,24.0485149561396,24.1732879183289,24.1525030628745,24.1421090408181,24.1628960219406,24.1317139554589,24.0381102869696,24.0537168909092,24.1628960219406,24.0537168909092,24.1265160139431,24.017297749009,24.1317139554589,24.032907552491,24.0485149561396,24.02250128355,24.032907552491,24.0277045513642,24.2979078995965,24.1005223164376,24.1369116310709,24.0693210964281,24.0485149561396,24.0068898795898,24.1992630121316,24.2771485035319,24.313474667603,24.2408093636233,24.2408093636233,24.0745219654683,24.261576176083,24.3809031634257,24.3705324552306,24.1576996752618,24.3809031634257,24.3082860095273,24.3860881214467,24.3705324552306,24.3238511901693,24.1628960219406,24.220038309803,24.266767216777,24.2719579925803,24.266767216777,24.2408093636233,24.313474667603,24.2927184476639,24.3446010620456,24.3238511901693,24.3705324552306,24.4431052442089,24.4016414116675,24.3601606905737,24.3601606905737,24.3705324552306,24.6553430497988,24.396457245529,24.3757179413665,24.3912728154683,24.3290390547373,24.3860881214467,24.2823387496704,24.3446010620456,24.2408093636233,24.0953227786774,24.1265160139431,24.1628960219406,24.1992630121316,24.0745219654683,24.0381102869696,24.0745219654683,24.1576996752618,24.1161193330435,24.1057215880592,24.2719579925803,24.3653467049792,24.3394139906367,24.2563848704595,24.235616997893,24.2148448833435,24.3394139906367,24.266767216777,24.3394139906367,24.220038309803,24.1265160139431,24.2304243670388,24.3497878691456,24.3342266548802,24.3446010620456,24.235616997893,24.266767216777,24.4016414116675,24.3290390547373,24.3757179413665,24.3186630611374,24.3082860095273,24.4016414116675,24.3912728154683,24.5570438632356,24.4120089523324,24.525982322611,24.5208044790397,24.4638308334468,24.4068253139224,24.4068253139224,24.3601606905737,24.3809031634257,24.3549744119754,24.3394139906367,24.3653467049792,24.2927184476639,24.3860881214467,24.3446010620456,24.4223754377718,24.4016414116675,24.3809031634257,24.417192326936,24.4223754377718,24.417192326936,24.3705324552306,24.4793722593216,24.4275582848784,24.5104480028654,24.4275582848784,24.4638308334468,24.4793722593216,24.593270373703,24.4690115721079,24.4845522079513,24.3757179413665,24.4534685658236,24.4793722593216,24.5000904743927,24.417192326936,24.3912728154683,24.4379231880585,24.5052693701856,24.4690115721079,24.525982322611,24.5466910676864,24.4223754377718,24.5725710861868,24.3912728154683,24.4431052442089,24.4275582848784,24.396457245529,24.4016414116675,24.3342266548802,24.3757179413665,24.4845522079513,24.4586498313649,24.3601606905737,24.4534685658236,24.4793722593216,24.4016414116675,24.3601606905737,24.4120089523324,24.3860881214467,24.4275582848784,24.4016414116675,24.4223754377718,24.3912728154683,24.396457245529,24.5518675968447,24.5208044790397,24.5156263724707,24.6243114319154,24.5311599032229,24.6139654618445,24.5777463018912,24.7845400253874,24.6087920833666,24.593270373703,24.4690115721079,24.6398284203822,24.6294840235847,24.593270373703,24.5466910676864,24.4690115721079,24.3757179413665,24.3446010620456,24.2460014642685,24.2719579925803,24.1784834681163,24.16809210295,24.1265160139431,24.1317139554589,24.3809031634257,24.1317139554589,24.2823387496704,24.3809031634257,24.4223754377718,24.3912728154683,24.3757179413665,24.3601606905737,24.3497878691456,24.5466910676864,24.417192326936,24.4120089523324,24.4845522079513,24.6087920833666,24.5466910676864,24.6243114319154,24.8258485704877,24.9909160664447,25.0218365972651,25.0681998923707,25.0784999971428,25.0578987516956,25.0424450977087,25.1351320700124,25.0527477928007,25.1660091054476,25.1351320700124,25.0681998923707,25.0990971001769,25.0681998923707,25.1505717504272,25.0527477928007,25.0578987516956,25.0372933614365,25.0475965748176
24.0693210964281,23.9287968145261,23.9652477249841,24.1369116310709,24.0693210964281,24.1784834681163,24.3757179413665,24.235616997893,24.1836787523513,24.1005223164376,24.0797225681742,24.2044572345467,24.2148448833435,24.1369116310709,24.2511932998677,24.1265160139431,24.2304243670388,24.2044572345467,24.0589185591878,24.0641199610143,24.1576996752618,24.16809210295,24.1576996752618,24.1628960219406,23.9548345155266,24.02250128355,24.0485149561396,24.1576996752618,24.1161193330435,24.1784834681163,24.0537168909092,24.032907552491,24.1784834681163,24.0381102869696,24.0433127548394,24.1421090408181,24.1213178064842,24.2719579925803,24.2096511916044,24.1057215880592,24.0016855446331,24.0016855446331,24.0068898795898,24.266767216777,24.3653467049792,24.2511932998677,24.3549744119754,24.2408093636233,24.2927184476639,24.4223754377718,24.235616997893,24.3757179413665,24.1836787523513,24.3030970868713,24.2719579925803,24.2771485035319,24.261576176083,24.1576996752618,24.2096511916044,24.1525030628745,24.2719579925803,24.3342266548802,24.19406852432,24.3860881214467,24.4223754377718,24.4223754377718,24.3549744119754,24.3601606905737,24.3757179413665,24.261576176083,24.261576176083,24.396457245529,24.3757179413665,24.3653467049792,24.4275582848784,24.3342266548802,24.3342266548802,24.3497878691456,24.3186630611374,24.3705324552306,24.2927184476639,24.2460014642685,24.1369116310709,24.1265160139431,24.0381102869696,24.0433127548394,24.0433127548394,24.032907552491,24.0953227786774,24.1784834681163,24.1473061847397,24.1888737710728,24.2979078995965,24.3186630611374,24.2563848704595,24.2252314710217,24.2148448833435,24.2927184476639,24.1836787523513,24.2511932998677,24.261576176083,24.2823387496704,24.3342266548802,24.2304243670388,24.3342266548802,24.235616997893,24.3342266548802,24.3186630611374,24.3238511901693,24.261576176083,24.3549744119754,24.3912728154683,24.3082860095273,24.2719579925803,24.4327408682945,24.4275582848784,24.4327408682945,24.4223754377718,24.4068253139224,24.4482870367845,24.5104480028654,24.3653467049792,24.3705324552306,24.3757179413665,24.3860881214467,24.3446010620456,24.396457245529,24.3186630611374,24.3705324552306,24.2771485035319,24.3912728154683,24.3705324552306,24.4120089523324,24.3757179413665,24.3601606905737,24.3601606905737,24.3809031634257,24.3809031634257,24.3186630611374,24.4223754377718,24.5052693701856,24.417192326936,24.4327408682945,24.3497878691456,24.4586498313649,24.5000904743927,24.2875287310348,24.3342266548802,24.4949113154483,24.4845522079513,24.4741920473867,24.4120089523324,24.4327408682945,24.4690115721079,24.5208044790397,24.4327408682945,24.2408093636233,24.5000904743927,24.4741920473867,24.417192326936,24.4482870367845,24.417192326936,24.417192326936,24.4690115721079,24.4379231880585,24.3497878691456,24.396457245529,24.2875287310348,24.4068253139224,24.4275582848784,24.4638308334468,24.3757179413665,24.4949113154483,24.4068253139224,24.3757179413665,24.5829212550199,24.4223754377718,24.396457245529,24.3705324552306,24.4327408682945,24.3549744119754,24.417192326936,24.4586498313649,24.598444539334,24.6450002255868,24.6398284203822,24.588095945611,24.6501717687129,24.5725710861868,24.5363372209139,24.5311599032229,24.593270373703,24.598444539334,24.588095945611,24.7690450146872,24.6398284203822,24.4793722593216,24.3394139906367,24.396457245529,24.2460014642685,24.1369116310709,23.9964809427924,23.9756598658044,24.1213178064842,24.1317139554589,24.2927184476639,24.1369116310709,24.3653467049792,24.3290390547373,24.2927184476639,24.2823387496704,24.2771485035319,24.3446010620456,24.3653467049792,24.3653467049792,24.4275582848784,24.3809031634257,24.417192326936,24.5673956078683,24.593270373703,24.5311599032229,24.7793752829217,24.8310109648659,24.8413349715329,25.0166838239645,24.9702971889533,24.9857617364743,25.1557177937613,25.0424450977087,25.0784999971428,25.1557177937613,25.1042457289643,25.0475965748176,25.1762993840732,25.0372933614365,24.9960701368761,25.0681998923707,25.0269891112523,25.0424450977087,25.0424450977087
24.02250128355,23.8506435764983,23.8297925334724,24.1005223164376,24.1576996752618,24.1628960219406,24.3705324552306,24.3394139906367,24.1213178064842,24.0901229747396,24.0849229045849,24.0901229747396,24.0849229045849,24.3809031634257,24.1784834681163,24.1992630121316,24.16809210295,24.1836787523513,24.0485149561396,24.1732879183289,24.0693210964281,24.1628960219406,24.1576996752618,24.0433127548394,23.9392126969559,23.9548345155266,23.9235884721781,24.0433127548394,24.0381102869696,24.0381102869696,24.0953227786774,24.1109205935815,24.0901229747396,24.0537168909092,23.8767013499485,23.855855667086,24.1005223164376,24.2304243670388,24.1317139554589,24.1265160139431,24.0068898795898,23.9860709383021,23.9964809427924,24.1473061847397,24.2979078995965,24.3290390547373,24.2252314710217,24.235616997893,24.2408093636233,24.3497878691456,24.313474667603,24.3446010620456,24.1005223164376,24.2148448833435,24.1992630121316,24.1836787523513,24.1992630121316,24.220038309803,24.2563848704595,24.2408093636233,24.3549744119754,24.3757179413665,24.2719579925803,24.4016414116675,24.4068253139224,24.4016414116675,24.4327408682945,24.3860881214467,24.3860881214467,24.3757179413665,24.3860881214467,24.4482870367845,24.4482870367845,24.4068253139224,24.4534685658236,24.3238511901693,24.3549744119754,24.3497878691456,24.2460014642685,24.3653467049792,24.3653467049792,24.266767216777,24.1992630121316,24.0537168909092,24.0589185591878,23.9912760740285,23.9496275099604,24.1369116310709,24.1265160139431,24.1161193330435,24.1732879183289,24.1784834681163,24.16809210295,24.1836787523513,24.2511932998677,24.2563848704595,24.1369116310709,24.235616997893,24.2719579925803,24.266767216777,24.3186630611374,24.2771485035319,24.235616997893,24.2304243670388,24.1161193330435,24.2096511916044,24.2044572345467,24.2096511916044,24.3705324552306,24.2563848704595,24.4068253139224,24.4068253139224,24.313474667603,24.3912728154683,24.3912728154683,24.4379231880585,24.4431052442089,24.4275582848784,24.2979078995965,24.3653467049792,24.3497878691456,24.3705324552306,24.3238511901693,24.3809031634257,24.417192326936,24.3757179413665,24.2927184476639,24.3394139906367,24.2979078995965,24.396457245529,24.3809031634257,24.417192326936,24.2875287310348,24.396457245529,24.4016414116675,24.4120089523324,24.4120089523324,24.4379231880585,24.5052693701856,24.4897318933139,24.5000904743927,24.4949113154483,24.396457245529,24.417192326936,24.4120089523324,24.5622198668973,24.4379231880585,24.3290390547373,24.4897318933139,24.5311599032229,24.4949113154483,24.4482870367845,24.4379231880585,24.3860881214467,24.3860881214467,24.4482870367845,24.4431052442089,24.4482870367845,24.4690115721079,24.4690115721079,24.4327408682945,24.3082860095273,24.4327408682945,24.417192326936,24.4431052442089,24.3290390547373,24.4016414116675,24.4327408682945,24.3912728154683,24.4223754377718,24.4068253139224,24.4793722593216,24.5208044790397,24.3653467049792,24.417192326936,24.417192326936,24.4016414116675,24.417192326936,24.4482870367845,24.3497878691456,24.4431052442089,24.5156263724707,24.5415142757223,24.4897318933139,24.5466910676864,24.6760255545029,24.6294840235847,24.5208044790397,24.5673956078683,24.525982322611,24.5156263724707,24.5518675968447,24.598444539334,24.5777463018912,24.6656848260024,24.5104480028654,24.5622198668973,24.4741920473867,24.3757179413665,24.3497878691456,24.2252314710217,24.2771485035319,24.0849229045849,24.0953227786774,24.1213178064842,24.0120939477021,24.3030970868713,24.3238511901693,24.3757179413665,24.313474667603,24.313474667603,24.3705324552306,24.3446010620456,24.4586498313649,24.3757179413665,24.3601606905737,24.4534685658236,24.5208044790397,24.525982322611,24.593270373703,24.6243114319154,24.7897045068028,24.9032571289301,24.9496741564303,25.0784999971428,24.9806071469274,25.0012239478063,24.9857617364743,25.0218365972651,25.0269891112523,25.0475965748176,25.14027888859,25.1196900631945,25.1351320700124,25.124837657352,25.0939482126385,25.0063774992726,25.14027888859,24.9651418204509,25.0166838239645
23.8662790443357,23.8714903310769,23.735909702305,23.9600412538547,24.1525030628745,24.1525030628745,24.235616997893,24.3705324552306,24.2304243670388,23.8454312178827,23.8297925334724,23.8506435764983,24.1005223164376,24.1836787523513,24.1628960219406,24.16809210295,24.1888737710728,24.0381102869696,23.9652477249841,24.0381102869696,24.0068898795898,24.0641199610143,24.0589185591878,24.032907552491,23.8923327997404,23.9652477249841,24.02250128355,23.9704539289542,23.9808655355738,23.9496275099604,23.9340048894389,23.9548345155266,24.0901229747396,24.0016855446331,23.8767013499485,23.8767013499485,24.0849229045849,24.1161193330435,24.1109205935815,24.1317139554589,24.0068898795898,23.9964809427924,23.8923327997404,24.0068898795898,24.1421090408181,24.2979078995965,24.2927184476639,24.2563848704595,24.19406852432,24.3497878691456,24.2460014642685,24.3497878691456,24.0693210964281,24.1213178064842,24.0016855446331,24.0745219654683,24.1836787523513,24.2304243670388,24.3549744119754,24.2563848704595,24.235616997893,24.1628960219406,24.2771485035319,24.3757179413665,24.2979078995965,24.4275582848784,24.3653467049792,24.4845522079513,24.4534685658236,24.3238511901693,24.4120089523324,24.4068253139224,24.3912728154683,24.3809031634257,24.3653467049792,24.3809031634257,24.3290390547373,24.2719579925803,24.3705324552306,24.3394139906367,24.3653467049792,24.2460014642685,24.0745219654683,24.1784834681163,23.9860709383021,23.9340048894389,24.032907552491,24.0485149561396,24.0120939477021,24.1836787523513,24.1421090408181,24.16809210295,24.1161193330435,24.313474667603,24.2096511916044,24.2096511916044,24.220038309803,24.2719579925803,24.1784834681163,24.16809210295,24.2408093636233,24.2719579925803,24.3030970868713,24.220038309803,24.2563848704595,24.266767216777,24.2096511916044,24.2252314710217,24.2875287310348,24.235616997893,24.3186630611374,24.417192326936,24.2979078995965,24.261576176083,24.3030970868713,24.4223754377718,24.3290390547373,24.4379231880585,24.3809031634257,24.417192326936,24.3446010620456,24.3809031634257,24.3497878691456,24.3809031634257,24.3549744119754,24.3705324552306,24.4275582848784,24.266767216777,24.2875287310348,24.3912728154683,24.4016414116675,24.3394139906367,24.3705324552306,24.3238511901693,24.3186630611374,24.4327408682945,24.313474667603,24.4949113154483,24.3497878691456,24.5000904743927,24.4897318933139,24.4793722593216,24.5725710861868,24.3860881214467,24.3860881214467,24.4534685658236,24.4638308334468,24.4431052442089,24.3860881214467,24.3705324552306,24.5000904743927,24.4379231880585,24.4482870367845,24.4897318933139,24.4431052442089,24.4379231880585,24.4638308334468,24.5104480028654,24.4690115721079,24.3912728154683,24.3601606905737,24.4223754377718,24.4275582848784,24.3860881214467,24.4845522079513,24.4275582848784,24.4793722593216,24.4690115721079,24.4120089523324,24.3757179413665,24.417192326936,24.4482870367845,24.313474667603,24.4586498313649,24.5104480028654,24.417192326936,24.4482870367845,24.4327408682945,24.396457245529,24.4068253139224,24.4690115721079,24.6656848260024,24.6501717687129,24.5104480028654,24.6294840235847,24.6191385780148,24.5104480028654,24.5518675968447,24.5000904743927,24.5311599032229,24.5570438632356,24.593270373703,24.6191385780148,24.7070414568379,24.6605140688826,24.5518675968447,24.5570438632356,24.4431052442089,24.4327408682945,24.313474667603,24.2511932998677,24.2823387496704,24.266767216777,24.1317139554589,24.1057215880592,24.1057215880592,24.3082860095273,24.2979078995965,24.3601606905737,24.2979078995965,24.3601606905737,24.3082860095273,24.3238511901693,24.4120089523324,24.3757179413665,24.3912728154683,24.4068253139224,24.4275582848784,24.4741920473867,24.588095945611,24.6398284203822,24.7845400253874,24.9960701368761,25.0630494515398,24.9342041538485,25.1145422104357,25.0578987516956,25.0063774992726,25.0990971001769,25.0372933614365,25.0836496611589,25.0424450977087,25.1145422104357,25.1557177937613,25.0939482126385,25.0990971001769,25.0578987516956,25.1917328656758,25.1299849929454,25.0836496611589
24.1473061847397,23.8610674896852,24.0068898795898,23.9235884721781,24.0381102869696,24.1213178064842,24.220038309803,24.1265160139431,24.1057215880592,23.7672136483527,23.8089371994645,23.8297925334724,23.9704539289542,24.2304243670388,24.3549744119754,24.2304243670388,23.9704539289542,24.0641199610143,23.7985079225496,23.9704539289542,24.0901229747396,24.0433127548394,24.0537168909092,24.0016855446331,24.0016855446331,24.0589185591878,23.9496275099604,24.0745219654683,24.0537168909092,24.0849229045849,24.0485149561396,24.0953227786774,24.1161193330435,23.9600412538547,23.8662790443357,23.9235884721781,24.0016855446331,24.261576176083,24.0953227786774,24.1421090408181,24.0016855446331,23.9860709383021,23.8610674896852,23.9548345155266,24.0381102869696,24.235616997893,24.3186630611374,24.2408093636233,24.2719579925803,24.3082860095273,24.313474667603,24.2563848704595,24.1784834681163,24.220038309803,24.1005223164376,24.1057215880592,24.0277045513642,24.2304243670388,24.3082860095273,24.2771485035319,24.3342266548802,24.2875287310348,24.2304243670388,24.2719579925803,24.3394139906367,24.2875287310348,24.4586498313649,24.525982322611,24.417192326936,24.4327408682945,24.3809031634257,24.3497878691456,24.3757179413665,24.4120089523324,24.4068253139224,24.3497878691456,24.3446010620456,24.3497878691456,24.3809031634257,24.3653467049792,24.4431052442089,24.3082860095273,24.1161193330435,24.0641199610143,24.0120939477021,24.0589185591878,24.0016855446331,24.1161193330435,24.1317139554589,24.2304243670388,24.2096511916044,24.235616997893,24.0485149561396,24.235616997893,24.2148448833435,24.313474667603,24.2304243670388,24.2408093636233,24.2511932998677,24.1109205935815,24.0797225681742,24.1732879183289,24.2408093636233,24.2511932998677,24.2252314710217,24.2408093636233,24.2304243670388,24.266767216777,24.2304243670388,24.313474667603,24.3549744119754,24.3394139906367,24.3860881214467,24.2823387496704,24.4327408682945,24.2979078995965,24.3394139906367,24.3394139906367,24.417192326936,24.3290390547373,24.417192326936,24.4379231880585,24.4068253139224,24.3809031634257,24.396457245529,24.3705324552306,24.5000904743927,24.3238511901693,24.3082860095273,24.4223754377718,24.4534685658236,24.588095945611,24.4327408682945,24.4223754377718,24.3653467049792,24.3705324552306,24.3705324552306,24.3705324552306,24.3860881214467,24.5104480028654,24.4949113154483,24.4638308334468,24.4845522079513,24.4690115721079,24.3238511901693,24.4068253139224,24.3290390547373,24.3809031634257,24.4379231880585,24.3290390547373,24.3757179413665,24.4482870367845,24.4534685658236,24.4223754377718,24.4897318933139,24.4068253139224,24.3809031634257,24.3809031634257,24.3912728154683,24.4482870367845,24.4482870367845,24.3342266548802,24.417192326936,24.4638308334468,24.3705324552306,24.4223754377718,24.3757179413665,24.3238511901693,24.3394139906367,24.4379231880585,24.3290390547373,24.3186630611374,24.4379231880585,24.5208044790397,24.5415142757223,24.4068253139224,24.4431052442089,24.4379231880585,24.3912728154683,24.4223754377718,24.525982322611,24.4534685658236,24.6656848260024,24.7070414568379,24.7018727940562,24.6450002255868,24.5415142757223,24.5570438632356,24.5052693701856,24.6191385780148,24.6346563530609,24.593270373703,24.6398284203822,24.6863652356057,24.7070414568379,24.6191385780148,24.4379231880585,24.6294840235847,24.5000904743927,24.4586498313649,24.4379231880585,24.3912728154683,24.3653467049792,24.2719579925803,24.2823387496704,24.2823387496704,24.235616997893,24.3653467049792,24.5052693701856,24.4949113154483,24.3705324552306,24.3601606905737,24.4327408682945,24.4586498313649,24.5363372209139,24.5622198668973,24.4793722593216,24.4638308334468,24.5415142757223,24.5673956078683,24.6450002255868,24.7742102793675,25.0063774992726,25.0527477928007,24.954830304227,25.14027888859,25.1299849929454,25.0012239478063,25.0372933614365,25.0887990663117,25.1505717504272,25.1917328656758,25.0475965748176,25.1865886299367,25.1762993840732,25.1351320700124,25.1711543738743,25.1196900631945,25.0269891112523,25.1299849929454
24.1421090408181,23.9079618401281,23.9548345155266,24.1005223164376,24.032907552491,24.2096511916044,24.1161193330435,24.1265160139431,24.2460014642685,23.9860709383021,23.8297925334724,23.8245791023491,23.8871225842407,24.2408093636233,24.235616997893,24.1836787523513,24.0849229045849,23.9496275099604,24.02250128355,24.0745219654683,24.0745219654683,24.1421090408181,24.0589185591878,24.0016855446331,24.032907552491,24.1369116310709,24.0953227786774,24.032907552491,24.0068898795898,24.1836787523513,24.0381102869696,24.2096511916044,24.1005223164376,23.9652477249841,23.9548345155266,23.9183798623554,23.9600412538547,24.1888737710728,24.2823387496704,24.0901229747396,23.9496275099604,23.9340048894389,23.8141514353848,23.8506435764983,24.032907552491,23.9287968145261,24.1992630121316,24.2823387496704,24.3186630611374,24.1369116310709,24.2719579925803,24.1265160139431,24.1265160139431,24.2771485035319,24.0537168909092,24.017297749009,24.0693210964281,24.235616997893,24.3342266548802,24.3290390547373,24.2927184476639,24.2304243670388,24.0693210964281,24.2252314710217,24.3342266548802,24.3497878691456,24.4223754377718,24.4120089523324,24.3809031634257,24.3705324552306,24.3705324552306,24.3238511901693,24.3705324552306,24.3290390547373,24.4327408682945,24.3705324552306,24.3446010620456,24.3394139906367,24.2304243670388,24.3757179413665,24.4068253139224,24.3186630611374,24.2044572345467,24.0797225681742,24.0537168909092,23.8871225842407,24.1473061847397,24.1992630121316,24.1576996752618,24.1784834681163,24.1784834681163,24.1473061847397,24.1784834681163,24.0693210964281,24.3186630611374,24.2460014642685,24.2927184476639,24.2927184476639,24.2563848704595,24.2096511916044,24.1992630121316,24.2927184476639,24.2979078995965,24.2252314710217,24.3238511901693,24.2044572345467,24.2252314710217,24.261576176083,24.3342266548802,24.2771485035319,24.3757179413665,24.2927184476639,24.3705324552306,24.3342266548802,24.3912728154683,24.3549744119754,24.3030970868713,24.2979078995965,24.2823387496704,24.3705324552306,24.3809031634257,24.3860881214467,24.4482870367845,24.3601606905737,24.3809031634257,24.4223754377718,24.3601606905737,24.3030970868713,24.3342266548802,24.4120089523324,24.4482870367845,24.4120089523324,24.4431052442089,24.4275582848784,24.3394139906367,24.4690115721079,24.4016414116675,24.3705324552306,24.4120089523324,24.4068253139224,24.3757179413665,24.4016414116675,24.417192326936,24.3705324552306,24.3653467049792,24.4068253139224,24.3860881214467,24.3394139906367,24.4068253139224,24.3860881214467,24.3394139906367,24.3860881214467,24.4016414116675,24.4223754377718,24.3912728154683,24.3601606905737,24.3446010620456,24.3394139906367,24.3549744119754,24.396457245529,24.3290390547373,24.3238511901693,24.4223754377718,24.4223754377718,24.3809031634257,24.4949113154483,24.3757179413665,24.3705324552306,24.3860881214467,24.4482870367845,24.4275582848784,24.5208044790397,24.5156263724707,24.5052693701856,24.5208044790397,24.4275582848784,24.4068253139224,24.4741920473867,24.4068253139224,24.4068253139224,24.5156263724707,24.6139654618445,24.6398284203822,24.6553430497988,24.6915346834782,24.6760255545029,24.6915346834782,24.5104480028654,24.598444539334,24.6036184425424,24.593270373703,24.588095945611,24.593270373703,24.6087920833666,24.6398284203822,24.5725710861868,24.525982322611,24.4431052442089,24.4586498313649,24.4586498313649,24.4638308334468,24.3549744119754,24.3030970868713,24.2979078995965,24.2719579925803,24.16809210295,24.2979078995965,24.3497878691456,24.4845522079513,24.3757179413665,24.3601606905737,24.3186630611374,24.4327408682945,24.4223754377718,24.3601606905737,24.4638308334468,24.4327408682945,24.4638308334468,24.4690115721079,24.598444539334,24.6036184425424,24.9342041538485,24.954830304227,25.0578987516956,25.0733500742259,25.0527477928007,25.0527477928007,25.1196900631945,25.0527477928007,25.0475965748176,25.1505717504272,25.1814441360816,25.1042457289643,25.0887990663117,25.0527477928007,25.0475965748176,25.1299849929454,25.14027888859,24.9960701368761,24.9960701368761
24.0641199610143,24.017297749009,24.1265160139431,24.0016855446331,23.9392126969559,24.2408093636233,24.1161193330435,24.1576996752618,24.1265160139431,23.8714903310769,23.8662790443357,23.9704539289542,23.9496275099604,23.9912760740285,24.2460014642685,24.1888737710728,24.0797225681742,24.0485149561396,23.9756598658044,24.0120939477021,24.1473061847397,24.1213178064842,24.2096511916044,24.1213178064842,24.0589185591878,24.1473061847397,24.1161193330435,24.0433127548394,24.0797225681742,24.0641199610143,24.017297749009,24.1213178064842,24.1005223164376,23.9600412538547,23.9496275099604,23.9912760740285,24.0953227786774,24.2044572345467,24.19406852432,23.9392126969559,24.0641199610143,23.8714903310769,24.032907552491,24.032907552491,23.7672136483527,23.8141514353848,24.1525030628745,24.3342266548802,24.3446010620456,24.1576996752618,24.1421090408181,23.9912760740285,24.0068898795898,24.017297749009,23.9808655355738,24.0589185591878,24.0745219654683,24.1473061847397,24.3860881214467,24.3653467049792,24.4327408682945,24.3446010620456,24.2304243670388,24.266767216777,24.3290390547373,24.4016414116675,24.4327408682945,24.3912728154683,24.3705324552306,24.3342266548802,24.3549744119754,24.417192326936,24.3860881214467,24.5000904743927,24.3497878691456,24.5052693701856,24.3705324552306,24.4275582848784,24.3394139906367,24.4482870367845,24.4482870367845,24.19406852432,24.261576176083,24.1992630121316,23.9027524276446,24.032907552491,24.1576996752618,24.1213178064842,24.2460014642685,24.1992630121316,24.235616997893,24.2304243670388,24.1784834681163,24.2252314710217,24.3290390547373,24.3238511901693,24.1576996752618,24.2563848704595,24.2719579925803,24.2875287310348,24.2979078995965,24.2979078995965,24.2771485035319,24.2563848704595,24.3082860095273,24.3186630611374,24.2927184476639,24.3186630611374,24.2511932998677,24.3446010620456,24.3082860095273,24.3757179413665,24.3601606905737,24.3290390547373,24.3394139906367,24.3290390547373,24.4016414116675,24.3290390547373,24.3446010620456,24.2979078995965,24.4534685658236,24.4638308334468,24.396457245529,24.4275582848784,24.4016414116675,24.3497878691456,24.3446010620456,24.3030970868713,24.3601606905737,24.3186630611374,24.417192326936,24.3290390547373,24.4275582848784,24.417192326936,24.4586498313649,24.5052693701856,24.3809031634257,24.3757179413665,24.3446010620456,24.417192326936,24.396457245529,24.4431052442089,24.4586498313649,24.4897318933139,24.3705324552306,24.4690115721079,24.6191385780148,24.4690115721079,24.5673956078683,24.3549744119754,24.3446010620456,24.3082860095273,24.4120089523324,24.4586498313649,24.5518675968447,24.396457245529,24.3290390547373,24.3549744119754,24.4379231880585,24.3653467049792,24.3186630611374,24.313474667603,24.313474667603,24.4120089523324,24.3342266548802,24.3342266548802,24.3497878691456,24.4431052442089,24.4482870367845,24.4638308334468,24.3238511901693,24.4741920473867,24.5156263724707,24.5363372209139,24.5208044790397,24.5518675968447,24.5518675968447,24.417192326936,24.3757179413665,24.4275582848784,24.588095945611,24.6967038696157,24.6346563530609,24.6863652356057,24.8103598227198,24.5725710861868,24.5829212550199,24.5777463018912,24.6553430497988,24.68119552596,24.4845522079513,24.5777463018912,24.5829212550199,24.598444539334,24.6243114319154,24.4949113154483,24.5104480028654,24.5363372209139,24.4482870367845,24.5673956078683,24.5725710861868,24.588095945611,24.4016414116675,24.3705324552306,24.4120089523324,24.3030970868713,24.3082860095273,24.4379231880585,24.5000904743927,24.3497878691456,24.3290390547373,24.3860881214467,24.4016414116675,24.4741920473867,24.4431052442089,24.4431052442089,24.4482870367845,24.4897318933139,24.6191385780148,24.4845522079513,24.6346563530609,24.9393610812787,24.9393610812787,25.0887990663117,24.9909160664447,25.0321413659635,25.0269891112523,25.0578987516956,25.0630494515398,25.1042457289643,25.1145422104357,25.0733500742259,25.2020205629554,25.1968768433364,25.1145422104357,25.1351320700124,25.1505717504272,25.1557177937613,25.1145422104357,25.1505717504272
24.0277045513642,23.9808655355738,24.0016855446331,24.1161193330435,24.017297749009,24.0120939477021,23.9964809427924,24.235616997893,23.9600412538547,24.0277045513642,23.9860709383021,23.9079618401281,23.9027524276446,24.0485149561396,23.9704539289542,24.0745219654683,23.9704539289542,23.9496275099604,24.0745219654683,24.0641199610143,24.1576996752618,24.1888737710728,24.1992630121316,24.0953227786774,24.1473061847397,24.1057215880592,24.0849229045849,24.0797225681742,24.0745219654683,24.0901229747396,23.9860709383021,24.2148448833435,24.0693210964281,23.8402185911997,23.9652477249841,23.9548345155266,24.1784834681163,24.0797225681742,24.0641199610143,23.9444202371166,23.8714903310769,23.8767013499485,23.8714903310769,23.9131709850186,23.8297925334724,23.8350056964094,24.017297749009,24.2563848704595,24.3342266548802,24.3446010620456,24.3342266548802,24.16809210295,23.9808655355738,24.0745219654683,24.0589185591878,24.0641199610143,24.02250128355,24.0797225681742,24.4223754377718,24.3809031634257,24.3497878691456,24.266767216777,24.3342266548802,24.3238511901693,24.3030970868713,24.2875287310348,24.4120089523324,24.396457245529,24.3860881214467,24.3549744119754,24.3549744119754,24.5208044790397,24.3290390547373,24.4741920473867,24.4379231880585,24.4068253139224,24.417192326936,24.3446010620456,24.3549744119754,24.4379231880585,24.396457245529,24.3809031634257,24.266767216777,24.1265160139431,24.02250128355,24.0953227786774,24.1576996752618,24.2823387496704,24.2148448833435,24.220038309803,24.1992630121316,24.3238511901693,24.1992630121316,24.2148448833435,24.16809210295,24.2408093636233,24.261576176083,24.2771485035319,24.2979078995965,24.3757179413665,24.266767216777,24.2875287310348,24.2304243670388,24.2979078995965,24.2148448833435,24.3238511901693,24.3705324552306,24.3497878691456,24.2771485035319,24.2771485035319,24.2252314710217,24.3186630611374,24.3290390547373,24.3446010620456,24.3549744119754,24.2979078995965,24.3082860095273,24.2823387496704,24.2719579925803,24.2979078995965,24.2875287310348,24.3860881214467,24.3497878691456,24.3912728154683,24.3860881214467,24.3705324552306,24.4120089523324,24.3446010620456,24.2927184476639,24.2823387496704,24.3497878691456,24.4534685658236,24.4690115721079,24.4897318933139,24.5415142757223,24.5570438632356,24.3186630611374,24.3705324552306,24.396457245529,24.313474667603,24.3601606905737,24.3860881214467,24.4431052442089,24.4690115721079,24.4845522079513,24.5311599032229,24.4897318933139,24.4431052442089,24.5208044790397,24.4275582848784,24.4068253139224,24.3601606905737,24.2927184476639,24.3290390547373,24.4534685658236,24.4586498313649,24.3912728154683,24.2823387496704,24.3757179413665,24.5725710861868,24.3757179413665,24.1836787523513,24.3082860095273,24.3860881214467,24.4534685658236,24.417192326936,24.3912728154683,24.3809031634257,24.5052693701856,24.4534685658236,24.4586498313649,24.4379231880585,24.5466910676864,24.5570438632356,24.5104480028654,24.5156263724707,24.4690115721079,24.5156263724707,24.417192326936,24.4638308334468,24.588095945611,24.68119552596,24.7122098579989,24.6656848260024,24.6915346834782,24.7277134921382,24.5000904743927,24.6501717687129,24.5829212550199,24.6553430497988,24.6605140688826,24.525982322611,24.593270373703,24.4379231880585,24.6036184425424,24.7018727940562,24.4949113154483,24.5363372209139,24.5570438632356,24.5570438632356,24.5829212550199,24.5415142757223,24.4793722593216,24.3705324552306,24.3860881214467,24.2823387496704,24.4586498313649,24.4120089523324,24.4120089523324,24.5000904743927,24.5052693701856,24.5000904743927,24.4327408682945,24.4586498313649,24.4431052442089,24.4275582848784,24.4690115721079,24.2979078995965,24.5156263724707,24.4793722593216,24.7018727940562,25.0681998923707,24.9342041538485,25.14027888859,25.0372933614365,25.0475965748176,24.9702971889533,25.0630494515398,24.954830304227,25.0475965748176,25.1196900631945,25.1042457289643,25.1196900631945,25.0784999971428,25.14027888859,25.1608635787557,25.0784999971428,25.0063774992726,25.0012239478063,25.0012239478063
23.9860709383021,23.9340048894389,24.0277045513642,24.1161193330435,24.02250128355,24.1265160139431,24.1109205935815,24.017297749009,23.9704539289542,23.9964809427924,23.9340048894389,23.8871225842407,23.8871225842407,23.8975427475285,23.9027524276446,24.0953227786774,24.0849229045849,23.9548345155266,23.9027524276446,23.9131709850186,23.9652477249841,24.16809210295,24.2252314710217,24.2044572345467,24.1369116310709,24.2096511916044,24.1421090408181,24.032907552491,24.0589185591878,24.0901229747396,24.16809210295,24.0849229045849,24.2875287310348,23.9652477249841,23.9652477249841,23.9496275099604,24.0433127548394,24.1732879183289,23.9548345155266,23.8506435764983,23.8350056964094,23.8089371994645,23.8610674896852,24.0120939477021,23.7724300321434,23.8402185911997,24.0589185591878,24.3290390547373,24.3290390547373,24.1473061847397,24.1265160139431,24.2148448833435,24.1109205935815,24.0537168909092,24.0641199610143,24.0797225681742,24.0381102869696,24.0641199610143,24.3082860095273,24.3549744119754,24.4431052442089,24.2979078995965,24.3082860095273,24.2460014642685,24.3186630611374,24.2927184476639,24.3860881214467,24.4068253139224,24.3757179413665,24.3809031634257,24.3705324552306,24.3757179413665,24.3860881214467,24.4482870367845,24.4223754377718,24.3186630611374,24.4275582848784,24.3549744119754,24.3342266548802,24.3290390547373,24.2979078995965,24.1784834681163,24.2563848704595,24.2927184476639,23.9912760740285,24.2252314710217,24.2563848704595,24.2927184476639,24.2252314710217,24.2511932998677,24.2511932998677,24.2408093636233,24.1421090408181,24.1525030628745,24.2252314710217,24.2408093636233,24.2875287310348,24.1421090408181,24.1628960219406,24.2460014642685,24.235616997893,24.3030970868713,24.220038309803,24.2979078995965,24.2979078995965,24.2771485035319,24.3860881214467,24.2875287310348,24.2304243670388,24.2979078995965,24.2460014642685,24.3186630611374,24.3601606905737,24.220038309803,24.4068253139224,24.4068253139224,24.2823387496704,24.2460014642685,24.2408093636233,24.2979078995965,24.2511932998677,24.3860881214467,24.3601606905737,24.313474667603,24.261576176083,24.2875287310348,24.2823387496704,24.2875287310348,24.261576176083,24.396457245529,24.2875287310348,24.3082860095273,24.313474667603,24.3030970868713,24.5363372209139,24.5311599032229,24.396457245529,24.4327408682945,24.396457245529,24.4586498313649,24.4638308334468,24.4638308334468,24.3809031634257,24.5777463018912,24.4741920473867,24.5311599032229,24.4845522079513,24.588095945611,24.4379231880585,24.4327408682945,24.417192326936,24.3809031634257,24.2823387496704,24.4327408682945,24.4586498313649,24.3446010620456,24.3549744119754,24.3809031634257,24.4068253139224,24.417192326936,24.2771485035319,24.266767216777,24.3549744119754,24.3912728154683,24.5000904743927,24.5000904743927,24.525982322611,24.4534685658236,24.4793722593216,24.5725710861868,24.4638308334468,24.4431052442089,24.5622198668973,24.4120089523324,24.4327408682945,24.525982322611,24.5052693701856,24.4534685658236,24.4068253139224,24.5673956078683,24.598444539334,24.6346563530609,24.7638794888426,24.7328808471969,24.7638794888426,24.7793752829217,24.7690450146872,24.7432147730614,24.6967038696157,24.6553430497988,24.68119552596,24.5104480028654,24.6553430497988,24.6087920833666,24.5725710861868,24.4275582848784,24.4741920473867,24.4275582848784,24.4949113154483,24.4482870367845,24.417192326936,24.4897318933139,24.3601606905737,24.3860881214467,24.3860881214467,24.2719579925803,24.2875287310348,24.3186630611374,24.4275582848784,24.4690115721079,24.5000904743927,24.4949113154483,24.4482870367845,24.4638308334468,24.4793722593216,24.5622198668973,24.4431052442089,24.4482870367845,24.5208044790397,24.5466910676864,24.7070414568379,24.9393610812787,25.0166838239645,25.0475965748176,25.1351320700124,25.0321413659635,24.9754522977662,25.0784999971428,25.0887990663117,25.0784999971428,25.2123072282184,25.0784999971428,25.1351320700124,25.2123072282184,25.1042457289643,25.1660091054476,24.9960701368761,25.1608635787557,25.0269891112523,25.0063774992726
24.1628960219406,24.02250128355,24.0277045513642,24.0901229747396,24.2252314710217,24.1109205935815,24.261576176083,24.032907552491,24.0433127548394,23.9860709383021,23.9235884721781,23.9392126969559,23.9392126969559,23.8975427475285,23.8767013499485,23.9600412538547,24.0901229747396,24.1161193330435,23.9496275099604,23.9287968145261,24.0693210964281,24.0433127548394,24.1836787523513,24.2823387496704,24.2304243670388,24.2148448833435,24.0485149561396,24.02250128355,24.1109205935815,24.0433127548394,24.1317139554589,24.0277045513642,24.220038309803,24.0120939477021,24.0589185591878,23.9704539289542,24.1265160139431,24.0016855446331,23.9652477249841,24.032907552491,23.8767013499485,23.7985079225496,23.6784939860947,23.7880775719377,23.8245791023491,24.0589185591878,24.1265160139431,24.0953227786774,24.3290390547373,24.3497878691456,24.220038309803,24.1369116310709,24.1213178064842,24.1109205935815,24.0485149561396,24.0433127548394,24.16809210295,24.1421090408181,24.3186630611374,24.313474667603,24.3860881214467,24.3394139906367,24.2563848704595,24.1992630121316,24.3860881214467,24.3860881214467,24.2823387496704,24.3757179413665,24.3809031634257,24.3238511901693,24.2511932998677,24.2460014642685,24.3601606905737,24.4534685658236,24.4068253139224,24.3601606905737,24.3497878691456,24.3238511901693,24.3290390547373,24.3394139906367,24.3082860095273,24.16809210295,24.1213178064842,24.1421090408181,24.1109205935815,24.1888737710728,24.19406852432,24.2148448833435,24.313474667603,24.2096511916044,24.3186630611374,24.19406852432,24.2304243670388,24.1888737710728,24.16809210295,24.2823387496704,24.3238511901693,24.2563848704595,24.1421090408181,24.1369116310709,24.261576176083,24.313474667603,24.313474667603,24.3082860095273,24.2511932998677,24.3030970868713,24.3030970868713,24.3342266548802,24.2979078995965,24.2408093636233,24.2823387496704,24.2408093636233,24.2823387496704,24.3082860095273,24.3757179413665,24.3860881214467,24.2771485035319,24.2252314710217,24.2771485035319,24.3186630611374,24.266767216777,24.2460014642685,24.261576176083,24.3186630611374,24.3186630611374,24.2875287310348,24.2875287310348,24.2979078995965,24.266767216777,24.2511932998677,24.2823387496704,24.2875287310348,24.3601606905737,24.5311599032229,24.4690115721079,24.4223754377718,24.4534685658236,24.4275582848784,24.3290390547373,24.4482870367845,24.3446010620456,24.4016414116675,24.4741920473867,24.4638308334468,24.588095945611,24.4949113154483,24.5777463018912,24.5570438632356,24.4793722593216,24.3912728154683,24.3497878691456,24.3238511901693,24.2875287310348,24.3912728154683,24.4327408682945,24.3653467049792,24.3860881214467,24.3757179413665,24.3757179413665,24.4275582848784,24.3860881214467,24.3705324552306,24.3238511901693,24.2408093636233,24.4223754377718,24.4379231880585,24.4482870367845,24.4741920473867,24.4690115721079,24.4016414116675,24.4741920473867,24.4068253139224,24.4845522079513,24.396457245529,24.4120089523324,24.5622198668973,24.417192326936,24.4482870367845,24.4068253139224,24.396457245529,24.6087920833666,24.5415142757223,24.6139654618445,24.6398284203822,24.6139654618445,24.7225458756109,24.7742102793675,24.6708553211965,24.5829212550199,24.5829212550199,24.68119552596,24.6605140688826,24.6501717687129,24.5829212550199,24.4431052442089,24.5000904743927,24.417192326936,24.4949113154483,24.4431052442089,24.4223754377718,24.4275582848784,24.5570438632356,24.4534685658236,24.5000904743927,24.2875287310348,24.3342266548802,24.2875287310348,24.4016414116675,24.417192326936,24.4120089523324,24.396457245529,24.5000904743927,24.417192326936,24.4016414116675,24.5208044790397,24.5415142757223,24.4482870367845,24.5052693701856,24.525982322611,24.6863652356057,24.8826205758957,24.9135738442187,24.9702971889533,25.0578987516956,25.0372933614365,25.0630494515398,25.1454254487159,25.0269891112523,25.1608635787557,25.0424450977087,25.0733500742259,25.0733500742259,25.1557177937613,25.0733500742259,25.0733500742259,25.1608635787557,25.0784999971428,25.0887990663117,25.0063774992726,25.1454254487159
24.032907552491,23.9756598658044,24.0433127548394,24.0485149561396,24.2304243670388,24.1888737710728,24.2148448833435,24.0745219654683,24.0641199610143,24.1421090408181,23.9860709383021,23.9964809427924,23.8923327997404,23.9027524276446,23.8089371994645,24.0797225681742,24.0797225681742,24.0589185591878,23.9340048894389,23.8819121009899,23.8141514353848,23.9600412538547,23.9340048894389,24.2927184476639,24.1836787523513,24.220038309803,24.0849229045849,24.1992630121316,24.0953227786774,24.0016855446331,24.1005223164376,24.0693210964281,24.235616997893,24.1576996752618,24.2252314710217,24.0433127548394,24.0120939477021,23.9027524276446,23.8506435764983,23.8089371994645,23.8193654029997,23.8610674896852,23.8923327997404,23.7828619938962,23.9860709383021,24.0901229747396,24.0693210964281,24.3238511901693,24.3601606905737,24.2979078995965,24.3186630611374,24.1421090408181,24.02250128355,23.7828619938962,24.0381102869696,24.017297749009,24.0433127548394,24.1369116310709,24.3186630611374,24.3497878691456,24.3549744119754,24.4068253139224,24.3549744119754,24.3549744119754,24.3809031634257,24.220038309803,24.3809031634257,24.3809031634257,24.3030970868713,24.3809031634257,24.2044572345467,24.3860881214467,24.3705324552306,24.3653467049792,24.3290390547373,24.2927184476639,24.3342266548802,24.4327408682945,24.3290390547373,24.3601606905737,24.261576176083,24.3290390547373,24.1628960219406,24.0068898795898,24.1888737710728,24.1576996752618,24.2460014642685,24.3186630611374,24.313474667603,24.235616997893,24.235616997893,24.2148448833435,24.1784834681163,24.2408093636233,24.2252314710217,24.2304243670388,24.2979078995965,24.2096511916044,24.0433127548394,24.220038309803,24.1473061847397,24.1473061847397,24.3549744119754,24.3238511901693,24.3030970868713,24.2927184476639,24.3082860095273,24.3601606905737,24.220038309803,24.220038309803,24.261576176083,24.235616997893,24.3601606905737,24.3860881214467,24.4016414116675,24.3497878691456,24.3238511901693,24.2408093636233,24.2979078995965,24.3290390547373,24.2823387496704,24.313474667603,24.3290390547373,24.3030970868713,24.3030970868713,24.2823387496704,24.3860881214467,24.3082860095273,24.2927184476639,24.3601606905737,24.2148448833435,24.2823387496704,24.4379231880585,24.4275582848784,24.525982322611,24.417192326936,24.4586498313649,24.3342266548802,24.4379231880585,24.417192326936,24.4741920473867,24.4482870367845,24.6087920833666,24.5777463018912,24.598444539334,24.5363372209139,24.5725710861868,24.5725710861868,24.4845522079513,24.4690115721079,24.3186630611374,24.3653467049792,24.3394139906367,24.313474667603,24.4431052442089,24.4379231880585,24.4275582848784,24.4327408682945,24.4275582848784,24.4638308334468,24.3705324552306,24.266767216777,24.3030970868713,24.4016414116675,24.3601606905737,24.4638308334468,24.3653467049792,24.4690115721079,24.417192326936,24.4690115721079,24.4534685658236,24.4690115721079,24.3757179413665,24.3757179413665,24.3757179413665,24.3809031634257,24.4949113154483,24.4379231880585,24.4016414116675,24.5104480028654,24.7122098579989,24.5673956078683,24.6191385780148,24.6398284203822,24.5570438632356,24.7432147730614,24.7328808471969,24.7742102793675,24.7018727940562,24.68119552596,24.6036184425424,24.6450002255868,24.598444539334,24.4845522079513,24.4379231880585,24.4793722593216,24.3757179413665,24.4793722593216,24.4327408682945,24.4016414116675,24.4275582848784,24.4120089523324,24.4690115721079,24.4379231880585,24.3082860095273,24.2927184476639,24.2771485035319,24.3757179413665,24.3446010620456,24.4120089523324,24.3549744119754,24.3601606905737,24.4120089523324,24.4068253139224,24.5000904743927,24.4431052442089,24.5156263724707,24.4845522079513,24.4327408682945,24.6863652356057,24.8464965838976,24.9599861922213,25.0321413659635,25.0630494515398,25.0836496611589,24.9806071469274,25.0733500742259,25.124837657352,25.0527477928007,25.1145422104357,25.14027888859,25.1454254487159,25.1608635787557,25.1608635787557,25.1557177937613,25.0527477928007,25.0939482126385,25.1917328656758,25.0887990663117,25.0321413659635
24.0120939477021,24.1421090408181,24.0485149561396,24.0537168909092,24.220038309803,24.220038309803,23.9444202371166,24.0277045513642,24.0537168909092,24.1265160139431,23.9964809427924,24.0068898795898,23.7828619938962,23.8923327997404,24.0485149561396,24.1057215880592,24.0901229747396,24.2044572345467,23.9079618401281,23.8767013499485,23.9704539289542,23.8089371994645,23.9756598658044,24.0537168909092,24.2252314710217,24.1369116310709,24.1265160139431,24.1732879183289,24.0016855446331,23.9756598658044,24.02250128355,23.9235884721781,24.1421090408181,24.1109205935815,24.1836787523513,24.0016855446331,24.0589185591878,24.0120939477021,23.9027524276446,23.8297925334724,23.8506435764983,23.9183798623554,23.9860709383021,23.9079618401281,23.8714903310769,24.0745219654683,24.3394139906367,24.3653467049792,24.3653467049792,24.3601606905737,24.3238511901693,24.1732879183289,24.19406852432,24.0485149561396,23.9287968145261,24.0277045513642,24.2460014642685,24.1421090408181,24.2511932998677,24.3601606905737,24.3030970868713,24.3030970868713,24.3653467049792,24.3342266548802,24.3238511901693,24.3394139906367,24.266767216777,24.2823387496704,24.3705324552306,24.2823387496704,24.4120089523324,24.3394139906367,24.4016414116675,24.3860881214467,24.2979078995965,24.313474667603,24.396457245529,24.3497878691456,24.2875287310348,24.3446010620456,24.3342266548802,24.3342266548802,24.1473061847397,24.1369116310709,24.16809210295,24.1317139554589,24.0537168909092,24.235616997893,24.2252314710217,24.3082860095273,24.235616997893,24.3082860095273,24.3030970868713,24.2460014642685,24.2044572345467,24.1992630121316,24.2719579925803,24.3030970868713,24.1057215880592,24.0849229045849,24.1265160139431,24.1161193330435,24.1888737710728,24.2823387496704,24.261576176083,24.3082860095273,24.3860881214467,24.3186630611374,24.2823387496704,24.3601606905737,24.3497878691456,24.2771485035319,24.3238511901693,24.3394139906367,24.3912728154683,24.2927184476639,24.2875287310348,24.2927184476639,24.2304243670388,24.266767216777,24.3238511901693,24.3290390547373,24.3186630611374,24.3186630611374,24.3549744119754,24.3238511901693,24.2771485035319,24.2823387496704,24.2823387496704,24.3757179413665,24.2823387496704,24.2927184476639,24.4431052442089,24.4016414116675,24.3497878691456,24.4586498313649,24.4431052442089,24.3030970868713,24.4120089523324,24.4068253139224,24.4586498313649,24.6191385780148,24.4845522079513,24.5363372209139,24.6087920833666,24.6139654618445,24.4690115721079,24.4793722593216,24.4690115721079,24.3601606905737,24.4690115721079,24.4016414116675,24.3497878691456,24.4482870367845,24.4223754377718,24.4016414116675,24.4482870367845,24.3757179413665,24.4120089523324,24.4638308334468,24.3653467049792,24.3497878691456,24.3497878691456,24.3912728154683,24.3912728154683,24.4379231880585,24.396457245529,24.525982322611,24.3705324552306,24.4897318933139,24.4068253139224,24.3912728154683,24.4741920473867,24.4690115721079,24.4949113154483,24.4949113154483,24.5000904743927,24.5829212550199,24.4379231880585,24.4793722593216,24.5415142757223,24.6656848260024,24.5415142757223,24.6553430497988,24.6036184425424,24.6708553211965,24.836173098535,24.8206859153626,24.6087920833666,24.7070414568379,24.68119552596,24.6863652356057,24.6191385780148,24.4638308334468,24.4534685658236,24.588095945611,24.4379231880585,24.4741920473867,24.4327408682945,24.4068253139224,24.3757179413665,24.4845522079513,24.3497878691456,24.396457245529,24.313474667603,24.2771485035319,24.2927184476639,24.2823387496704,24.2771485035319,24.3705324552306,24.3601606905737,24.3912728154683,24.3912728154683,24.5208044790397,24.3757179413665,24.5415142757223,24.4275582848784,24.4793722593216,24.4379231880585,24.7173779975772,24.8671404277798,24.9342041538485,25.0424450977087,25.0475965748176,25.0681998923707,25.0784999971428,25.0424450977087,25.0424450977087,25.0681998923707,25.0733500742259,24.9393610812787,25.1608635787557,25.0784999971428,25.1660091054476,25.0939482126385,25.0527477928007,25.0836496611589,25.0681998923707,25.0063774992726,25.0836496611589
24.261576176083,24.2148448833435,24.1005223164376,24.0745219654683,24.0693210964281,24.313474667603,24.2460014642685,24.1161193330435,24.1057215880592,24.0849229045849,24.2771485035319,24.0433127548394,24.0016855446331,23.8193654029997,24.0485149561396,24.1005223164376,24.1421090408181,24.0953227786774,24.0953227786774,23.9808655355738,23.8662790443357,23.8402185911997,23.9756598658044,23.8662790443357,24.2044572345467,24.0589185591878,24.1525030628745,24.1421090408181,24.0485149561396,24.0953227786774,23.8714903310769,24.1576996752618,24.1421090408181,24.1473061847397,24.0745219654683,24.0068898795898,24.1057215880592,23.9756598658044,23.9756598658044,24.0433127548394,23.8610674896852,23.8297925334724,23.8141514353848,23.8297925334724,23.8193654029997,24.0641199610143,24.2927184476639,24.3601606905737,24.4327408682945,24.3342266548802,24.2823387496704,24.2719579925803,24.1836787523513,24.017297749009,23.9860709383021,23.9860709383021,24.1525030628745,24.235616997893,24.4379231880585,24.3446010620456,24.4534685658236,24.2927184476639,24.3394139906367,24.1888737710728,24.261576176083,24.3809031634257,24.3809031634257,24.2148448833435,24.266767216777,24.2148448833435,24.313474667603,24.2875287310348,24.2823387496704,24.3757179413665,24.3549744119754,24.3705324552306,24.3653467049792,24.5156263724707,24.3497878691456,24.3549744119754,24.313474667603,24.220038309803,24.1888737710728,24.017297749009,24.1473061847397,24.1109205935815,24.1525030628745,24.0849229045849,24.261576176083,24.2408093636233,24.313474667603,24.235616997893,24.266767216777,24.261576176083,24.2408093636233,24.2563848704595,24.2719579925803,24.3757179413665,24.2771485035319,24.1109205935815,24.1213178064842,24.1525030628745,24.3030970868713,24.2823387496704,24.261576176083,24.2563848704595,24.3238511901693,24.3809031634257,24.3705324552306,24.3290390547373,24.3809031634257,24.3082860095273,24.313474667603,24.2771485035319,24.313474667603,24.3705324552306,24.2563848704595,24.3082860095273,24.2719579925803,24.235616997893,24.2771485035319,24.2252314710217,24.2460014642685,24.3082860095273,24.3030970868713,24.2875287310348,24.2096511916044,24.313474667603,24.3342266548802,24.2823387496704,24.266767216777,24.2563848704595,24.2563848704595,24.4327408682945,24.3757179413665,24.3290390547373,24.3186630611374,24.3082860095273,24.3238511901693,24.417192326936,24.4068253139224,24.4431052442089,24.4897318933139,24.4845522079513,24.3446010620456,24.4949113154483,24.5000904743927,24.5363372209139,24.4741920473867,24.4482870367845,24.4638308334468,24.313474667603,24.396457245529,24.3912728154683,24.4223754377718,24.4327408682945,24.4275582848784,24.4379231880585,24.4482870367845,24.4586498313649,24.3446010620456,24.3705324552306,24.4016414116675,24.396457245529,24.3757179413665,24.4223754377718,24.4016414116675,24.396457245529,24.4068253139224,24.4379231880585,24.3446010620456,24.4793722593216,24.4949113154483,24.3497878691456,24.4897318933139,24.3705324552306,24.4379231880585,24.4275582848784,24.2979078995965,24.4275582848784,24.6036184425424,24.6191385780148,24.4897318933139,24.5725710861868,24.6450002255868,24.6346563530609,24.7070414568379,24.7277134921382,24.68119552596,24.6553430497988,24.6294840235847,24.7018727940562,24.5311599032229,24.6294840235847,24.4897318933139,24.4897318933139,24.5208044790397,24.4741920473867,24.3860881214467,24.4275582848784,24.5000904743927,24.4638308334468,24.4690115721079,24.3497878691456,24.4120089523324,24.3342266548802,24.2875287310348,24.3238511901693,24.3030970868713,24.3860881214467,24.3705324552306,24.4068253139224,24.3601606905737,24.3912728154683,24.4586498313649,24.5156263724707,24.3809031634257,24.5829212550199,24.6708553211965,24.6967038696157,24.9290469664651,24.86197985757,25.0321413659635,25.0475965748176,25.0527477928007,25.0681998923707,25.0784999971428,25.0424450977087,24.9857617364743,24.918731811688,25.0063774992726,25.0527477928007,25.0836496611589,25.0733500742259,25.0836496611589,25.2688654531791,25.1042457289643,25.0887990663117,24.954830304227,25.0784999971428
24.2460014642685,24.2148448833435,24.0277045513642,24.1992630121316,24.1992630121316,24.1005223164376,24.1836787523513,24.16809210295,24.1576996752618,24.1628960219406,24.0016855446331,23.8923327997404,24.02250128355,23.8245791023491,23.9652477249841,24.1161193330435,24.1057215880592,24.0797225681742,24.0849229045849,23.8402185911997,23.9860709383021,23.8402185911997,23.8141514353848,23.8871225842407,23.855855667086,24.1732879183289,24.313474667603,24.0589185591878,24.017297749009,23.9444202371166,23.8350056964094,23.8454312178827,23.8714903310769,23.8662790443357,23.9235884721781,24.0381102869696,24.0693210964281,24.0641199610143,23.9756598658044,24.0537168909092,23.9079618401281,23.8297925334724,23.8193654029997,23.7202540996537,23.9027524276446,23.9444202371166,24.1317139554589,24.2511932998677,24.3186630611374,24.3030970868713,24.3549744119754,24.3290390547373,24.2771485035319,24.0693210964281,24.0849229045849,24.0901229747396,24.1525030628745,24.2563848704595,24.266767216777,24.3238511901693,24.3446010620456,24.3549744119754,24.3549744119754,24.2096511916044,24.2771485035319,24.3757179413665,24.3705324552306,24.3653467049792,24.1836787523513,24.4016414116675,24.3082860095273,24.3082860095273,24.2511932998677,24.2927184476639,24.261576176083,24.2563848704595,24.3238511901693,24.3757179413665,24.3394139906367,24.3342266548802,24.3446010620456,24.1213178064842,24.0745219654683,24.1317139554589,24.1369116310709,24.1836787523513,24.1265160139431,24.1525030628745,24.1576996752618,24.3186630611374,24.2979078995965,24.2927184476639,24.2823387496704,24.3342266548802,24.261576176083,24.2252314710217,24.2563848704595,24.220038309803,24.0277045513642,24.0485149561396,24.0745219654683,24.2771485035319,24.266767216777,24.2719579925803,24.2979078995965,24.235616997893,24.2511932998677,24.2927184476639,24.313474667603,24.3030970868713,24.3290390547373,24.2511932998677,24.3186630611374,24.261576176083,24.3030970868713,24.3549744119754,24.2875287310348,24.2511932998677,24.2719579925803,24.2408093636233,24.3290390547373,24.2304243670388,24.2875287310348,24.2148448833435,24.2823387496704,24.220038309803,24.2875287310348,24.2823387496704,24.2096511916044,24.2823387496704,24.2408093636233,24.2408093636233,24.4379231880585,24.2460014642685,24.4120089523324,24.3705324552306,24.3342266548802,24.2719579925803,24.3030970868713,24.313474667603,24.417192326936,24.4586498313649,24.4068253139224,24.4327408682945,24.4068253139224,24.220038309803,24.3757179413665,24.4379231880585,24.4690115721079,24.4690115721079,24.3342266548802,24.3394139906367,24.4379231880585,24.3186630611374,24.3912728154683,24.4068253139224,24.3757179413665,24.2460014642685,24.3394139906367,24.3342266548802,24.235616997893,24.2563848704595,24.3912728154683,24.3757179413665,24.3809031634257,24.4845522079513,24.3446010620456,24.4327408682945,24.3860881214467,24.3757179413665,24.3549744119754,24.3653467049792,24.396457245529,24.3705324552306,24.3757179413665,24.4327408682945,24.3549744119754,24.3446010620456,24.4275582848784,24.4586498313649,24.598444539334,24.6501717687129,24.588095945611,24.5466910676864,24.525982322611,24.7018727940562,24.6708553211965,24.7122098579989,24.6501717687129,24.6553430497988,24.6087920833666,24.6294840235847,24.6139654618445,24.5622198668973,24.4120089523324,24.4534685658236,24.4897318933139,24.2823387496704,24.2823387496704,24.4223754377718,24.3446010620456,24.3446010620456,24.396457245529,24.3238511901693,24.3082860095273,24.3757179413665,24.3082860095273,24.0537168909092,24.2148448833435,24.3446010620456,24.3653467049792,24.4068253139224,24.3497878691456,24.525982322611,24.3705324552306,24.3446010620456,24.3549744119754,24.3446010620456,24.588095945611,24.6605140688826,24.9084156166453,24.9393610812787,25.1145422104357,24.9960701368761,25.0475965748176,25.0733500742259,24.9754522977662,25.0527477928007,25.0424450977087,25.0630494515398,25.0939482126385,25.0269891112523,25.1762993840732,25.1454254487159,25.1042457289643,25.0527477928007,25.1042457289643,25.124837657352,25.0321413659635,25.0218365972651
24.2563848704595,24.1473061847397,24.2044572345467,24.0433127548394,24.1992630121316,24.2460014642685,24.16809210295,24.1784834681163,24.2823387496704,24.2408093636233,24.2148448833435,24.0485149561396,24.0693210964281,23.9235884721781,24.0589185591878,24.0797225681742,24.0641199610143,24.1732879183289,24.1992630121316,24.017297749009,23.8454312178827,23.9131709850186,23.9183798623554,23.9808655355738,23.8350056964094,24.1576996752618,24.1576996752618,24.19406852432,23.8610674896852,23.8662790443357,23.9496275099604,23.9027524276446,23.8819121009899,23.9548345155266,24.0693210964281,24.032907552491,23.9600412538547,24.0016855446331,24.032907552491,23.9964809427924,23.8245791023491,23.6680512651093,23.8089371994645,23.8089371994645,23.756780074744,23.8871225842407,24.1317139554589,24.2304243670388,24.3238511901693,24.313474667603,24.3238511901693,24.2979078995965,24.1992630121316,24.0693210964281,23.9496275099604,23.9808655355738,24.0433127548394,24.2563848704595,24.266767216777,24.3290390547373,24.2511932998677,24.3290390547373,24.3446010620456,24.2719579925803,24.3030970868713,24.3497878691456,24.3030970868713,24.2823387496704,24.3186630611374,24.3549744119754,24.3238511901693,24.261576176083,24.2563848704595,24.3030970868713,24.2875287310348,24.2252314710217,24.3653467049792,24.2927184476639,24.3497878691456,24.2823387496704,24.3342266548802,24.1421090408181,24.1213178064842,24.1109205935815,24.1525030628745,24.1473061847397,24.0901229747396,24.1317139554589,24.1369116310709,24.3186630611374,24.2927184476639,24.2044572345467,24.3549744119754,24.3497878691456,24.2460014642685,24.2304243670388,24.2771485035319,24.1473061847397,24.0849229045849,24.0953227786774,24.2148448833435,24.220038309803,24.1265160139431,24.2719579925803,24.2979078995965,24.266767216777,24.3342266548802,24.2979078995965,24.313474667603,24.3290390547373,24.3186630611374,24.3653467049792,24.3653467049792,24.313474667603,24.2875287310348,24.2460014642685,24.3601606905737,24.3030970868713,24.2927184476639,24.313474667603,24.2719579925803,24.2771485035319,24.2148448833435,24.261576176083,24.2044572345467,24.313474667603,24.2511932998677,24.3394139906367,24.2563848704595,24.313474667603,24.3912728154683,24.4327408682945,24.4793722593216,24.4482870367845,24.4793722593216,24.4949113154483,24.4793722593216,24.4379231880585,24.4327408682945,24.3030970868713,24.4223754377718,24.4120089523324,24.396457245529,24.4275582848784,24.2979078995965,24.235616997893,24.3446010620456,24.4586498313649,24.4690115721079,24.3757179413665,24.3238511901693,24.3186630611374,24.4379231880585,24.3082860095273,24.3601606905737,24.4223754377718,24.3912728154683,24.3497878691456,24.3446010620456,24.3757179413665,24.3446010620456,24.4482870367845,24.4431052442089,24.4223754377718,24.3860881214467,24.5104480028654,24.417192326936,24.3860881214467,24.3809031634257,24.396457245529,24.3860881214467,24.3809031634257,24.4534685658236,24.3809031634257,24.396457245529,24.4845522079513,24.4016414116675,24.4534685658236,24.5052693701856,24.5622198668973,24.5208044790397,24.4741920473867,24.5466910676864,24.525982322611,24.6501717687129,24.5622198668973,24.6967038696157,24.7018727940562,24.68119552596,24.7122098579989,24.6346563530609,24.5466910676864,24.5725710861868,24.5570438632356,24.5725710861868,24.4741920473867,24.4534685658236,24.3809031634257,24.417192326936,24.4068253139224,24.3705324552306,24.5466910676864,24.4586498313649,24.4586498313649,24.3912728154683,24.3394139906367,24.2511932998677,24.3342266548802,24.3549744119754,24.3238511901693,24.417192326936,24.3912728154683,24.3497878691456,24.3549744119754,24.3549744119754,24.4482870367845,24.4586498313649,24.3238511901693,24.593270373703,24.68119552596,24.8464965838976,25.0063774992726,25.0424450977087,24.9445177487934,25.0578987516956,25.0372933614365,25.0166838239645,25.0939482126385,25.1042457289643,25.0630494515398,24.9084156166453,25.0939482126385,25.0218365972651,25.0990971001769,25.1093940990381,25.0527477928007,25.1968768433364,25.1145422104357,25.124837657352,25.0527477928007
24.0485149561396,24.1317139554589,24.1473061847397,24.0953227786774,24.1888737710728,24.0797225681742,24.0641199610143,24.1421090408181,24.261576176083,24.2460014642685,24.0016855446331,24.02250128355,23.9808655355738,23.9131709850186,23.9756598658044,24.0797225681742,24.0745219654683,24.0641199610143,24.0797225681742,23.9704539289542,23.7515628848466,23.8610674896852,23.8350056964094,23.8350056964094,23.8350056964094,24.02250128355,24.02250128355,24.02250128355,24.0068898795898,23.8662790443357,23.9079618401281,23.9027524276446,23.7411276986669,24.0381102869696,24.02250128355,24.1317139554589,24.1369116310709,24.0693210964281,24.0693210964281,23.9964809427924,23.6784939860947,23.9860709383021,23.6628295005078,23.735909702305,23.8193654029997,24.0068898795898,24.0277045513642,24.2408093636233,24.3186630611374,24.3186630611374,24.3030970868713,24.2979078995965,24.2823387496704,24.1576996752618,23.9340048894389,24.2096511916044,24.16809210295,24.261576176083,24.3186630611374,24.2719579925803,24.2408093636233,24.3601606905737,24.220038309803,24.2823387496704,24.2875287310348,24.2927184476639,24.3290390547373,24.3030970868713,24.2044572345467,24.2563848704595,24.2771485035319,24.3186630611374,24.3030970868713,24.2563848704595,24.3082860095273,24.2563848704595,24.313474667603,24.2719579925803,24.313474667603,24.3342266548802,24.261576176083,24.266767216777,24.2148448833435,24.0068898795898,24.0120939477021,24.1161193330435,24.0589185591878,24.02250128355,24.1836787523513,24.2044572345467,24.3030970868713,24.2719579925803,24.3030970868713,24.2823387496704,24.3601606905737,24.1057215880592,24.1317139554589,24.0901229747396,24.0953227786774,24.032907552491,24.0381102869696,24.0901229747396,24.1888737710728,24.235616997893,24.3030970868713,24.3549744119754,24.2719579925803,24.313474667603,24.2252314710217,24.3082860095273,24.2044572345467,24.3394139906367,24.2979078995965,24.2771485035319,24.3601606905737,24.2875287310348,24.3082860095273,24.2927184476639,24.266767216777,24.313474667603,24.3030970868713,24.261576176083,24.3082860095273,24.2563848704595,24.2252314710217,24.2927184476639,24.4638308334468,24.2979078995965,24.2511932998677,24.1888737710728,24.2511932998677,24.3030970868713,24.2823387496704,24.4379231880585,24.3705324552306,24.3912728154683,24.4482870367845,24.4534685658236,24.4741920473867,24.4275582848784,24.4275582848784,24.4327408682945,24.3497878691456,24.3446010620456,24.1836787523513,24.2927184476639,24.2823387496704,24.2875287310348,24.4016414116675,24.3342266548802,24.4741920473867,24.5415142757223,24.396457245529,24.396457245529,24.4068253139224,24.4120089523324,24.396457245529,24.3549744119754,24.3497878691456,24.3238511901693,24.3860881214467,24.417192326936,24.4379231880585,24.3809031634257,24.4586498313649,24.4482870367845,24.396457245529,24.4741920473867,24.3549744119754,24.3601606905737,24.4223754377718,24.4223754377718,24.3601606905737,24.2823387496704,24.417192326936,24.2563848704595,24.3912728154683,24.4793722593216,24.4845522079513,24.5829212550199,24.5208044790397,24.5415142757223,24.4120089523324,24.5415142757223,24.5622198668973,24.4949113154483,24.68119552596,24.6294840235847,24.7018727940562,24.7122098579989,24.5622198668973,24.7225458756109,24.5311599032229,24.5829212550199,24.6036184425424,24.5363372209139,24.4741920473867,24.4068253139224,24.4068253139224,24.4120089523324,24.2927184476639,24.3446010620456,24.3446010620456,24.4482870367845,24.3549744119754,24.3238511901693,24.2408093636233,24.235616997893,24.2927184476639,24.261576176083,24.2148448833435,24.3446010620456,24.2563848704595,24.2771485035319,24.3082860095273,24.3082860095273,24.3705324552306,24.5104480028654,24.3757179413665,24.5725710861868,24.6605140688826,24.7948687272058,25.0372933614365,24.9857617364743,25.0578987516956,25.0115307913128,24.9909160664447,24.9393610812787,24.954830304227,25.0887990663117,25.0887990663117,25.1196900631945,25.0372933614365,25.0990971001769,25.1042457289643,25.1093940990381,25.1299849929454,25.0115307913128,25.0372933614365,25.1196900631945
24.0485149561396,24.0381102869696,24.0485149561396,24.1369116310709,24.0433127548394,24.0433127548394,24.0953227786774,24.1992630121316,24.1836787523513,24.220038309803,23.9964809427924,23.8350056964094,23.9964809427924,23.9235884721781,23.8350056964094,23.8923327997404,23.9964809427924,23.7619969958994,23.7985079225496,23.6367166348165,23.7724300321434,23.8402185911997,23.7150350274487,23.7150350274487,23.8193654029997,23.8245791023491,24.0277045513642,24.0120939477021,23.9964809427924,24.0016855446331,23.7985079225496,23.8767013499485,23.855855667086,23.9444202371166,24.0485149561396,24.1369116310709,24.017297749009,23.9964809427924,23.8193654029997,23.8454312178827,23.735909702305,23.7098156861836,23.8193654029997,23.6732727602916,23.6680512651093,23.8506435764983,23.8402185911997,24.1628960219406,24.313474667603,24.313474667603,24.3186630611374,24.313474667603,24.2875287310348,24.1057215880592,24.0745219654683,24.1576996752618,24.235616997893,24.2460014642685,24.2252314710217,24.3030970868713,24.3186630611374,24.3342266548802,24.2148448833435,24.2979078995965,24.2875287310348,24.3082860095273,24.3394139906367,24.3446010620456,24.2875287310348,24.2511932998677,24.2927184476639,24.266767216777,24.3497878691456,24.3757179413665,24.3549744119754,24.417192326936,24.4223754377718,24.2875287310348,24.3497878691456,24.3394139906367,24.2719579925803,24.2148448833435,24.1213178064842,24.0016855446331,24.1421090408181,24.1369116310709,24.1525030628745,24.0016855446331,24.032907552491,24.1992630121316,24.313474667603,24.2979078995965,24.3549744119754,24.3030970868713,24.2823387496704,24.2927184476639,24.1057215880592,24.0068898795898,24.0901229747396,24.16809210295,24.2304243670388,24.2096511916044,24.16809210295,24.220038309803,24.266767216777,24.2719579925803,24.2511932998677,24.1888737710728,24.2304243670388,24.220038309803,24.2719579925803,24.1784834681163,24.266767216777,24.3342266548802,24.3549744119754,24.2823387496704,24.266767216777,24.2511932998677,24.1628960219406,24.1836787523513,24.1732879183289,24.2823387496704,24.3082860095273,24.2719579925803,24.266767216777,24.2304243670388,24.19406852432,24.1888737710728,24.3653467049792,24.19406852432,24.2408093636233,24.3809031634257,24.3860881214467,24.4534685658236,24.4068253139224,24.4431052442089,24.4897318933139,24.4482870367845,24.4016414116675,24.4223754377718,24.3186630611374,24.4223754377718,24.3860881214467,24.3030970868713,24.2979078995965,24.1836787523513,24.2771485035319,24.2875287310348,24.396457245529,24.3394139906367,24.3394139906367,24.4016414116675,24.4068253139224,24.4275582848784,24.3860881214467,24.4016414116675,24.3653467049792,24.3238511901693,24.1992630121316,24.3290390547373,24.3809031634257,24.3238511901693,24.4120089523324,24.4379231880585,24.3809031634257,24.4068253139224,24.3601606905737,24.3860881214467,24.4068253139224,24.5725710861868,24.3705324552306,24.261576176083,24.3601606905737,24.4016414116675,24.3653467049792,24.3809031634257,24.3653467049792,24.3705324552306,24.4638308334468,24.4327408682945,24.5156263724707,24.4534685658236,24.3912728154683,24.396457245529,24.5466910676864,24.6036184425424,24.5829212550199,24.593270373703,24.6863652356057,24.6760255545029,24.598444539334,24.5725710861868,24.6450002255868,24.6708553211965,24.6656848260024,24.4586498313649,24.4327408682945,24.5052693701856,24.4793722593216,24.4482870367845,24.2823387496704,24.3860881214467,24.3705324552306,24.3860881214467,24.3860881214467,24.266767216777,24.2771485035319,24.2719579925803,24.3809031634257,24.3394139906367,24.2979078995965,24.19406852432,24.313474667603,24.2252314710217,24.2511932998677,24.2511932998677,24.4016414116675,24.4379231880585,24.3653467049792,24.4379231880585,24.6398284203822,24.8310109648659,24.8258485704877,24.9960701368761,25.0166838239645,25.0939482126385,24.9651418204509,24.9290469664651,25.0578987516956,25.2071640245704,25.0681998923707,25.0836496611589,25.2174501739369,25.0063774992726,25.1145422104357,25.0630494515398,25.0733500742259,25.0063774992726,25.0269891112523,25.1299849929454
24.0641199610143,24.0277045513642,24.235616997893,23.8923327997404,23.8767013499485,23.9340048894389,23.9704539289542,24.0953227786774,24.1836787523513,24.0797225681742,23.9548345155266,23.9548345155266,23.7776461473113,23.8402185911997,23.6784939860947,23.7463454261675,23.735909702305,23.7411276986669,23.7202540996537,23.4537375334835,23.6367166348165,23.8506435764983,23.7880775719377,23.6628295005078,23.6628295005078,23.7515628848466,23.8506435764983,24.0485149561396,23.9287968145261,23.9079618401281,23.8871225842407,23.8662790443357,23.7463454261675,23.855855667086,23.9027524276446,24.0589185591878,23.9860709383021,24.0589185591878,23.8089371994645,23.8297925334724,23.7880775719377,23.6784939860947,23.9027524276446,23.8402185911997,23.8350056964094,23.9548345155266,23.7828619938962,23.9652477249841,24.1057215880592,24.4327408682945,24.3186630611374,24.313474667603,24.2460014642685,24.1317139554589,24.1525030628745,24.0589185591878,24.16809210295,24.1784834681163,24.2408093636233,24.2875287310348,24.3290390547373,24.1888737710728,24.313474667603,24.2771485035319,24.2304243670388,24.3238511901693,24.3082860095273,24.3186630611374,24.2096511916044,24.2096511916044,24.3342266548802,24.2927184476639,24.3497878691456,24.2719579925803,24.2979078995965,24.2719579925803,24.3186630611374,24.3601606905737,24.4068253139224,24.2823387496704,24.2823387496704,24.2460014642685,24.1628960219406,24.0381102869696,24.1576996752618,24.0953227786774,24.1213178064842,23.9600412538547,23.9756598658044,24.1421090408181,24.2096511916044,24.19406852432,24.2148448833435,24.1888737710728,24.1109205935815,24.2148448833435,24.2771485035319,24.1057215880592,23.9912760740285,24.1213178064842,24.2148448833435,24.1213178064842,24.1576996752618,24.1213178064842,24.235616997893,24.235616997893,24.2511932998677,24.2927184476639,24.261576176083,24.266767216777,24.3653467049792,24.2252314710217,24.2408093636233,24.3030970868713,24.2823387496704,24.2771485035319,24.2771485035319,24.220038309803,24.1888737710728,24.2460014642685,24.1784834681163,24.19406852432,24.2252314710217,24.2044572345467,24.2460014642685,24.2044572345467,24.1576996752618,24.3030970868713,24.2875287310348,24.2252314710217,24.3912728154683,24.2823387496704,24.3082860095273,24.4431052442089,24.5000904743927,24.4793722593216,24.4638308334468,24.4690115721079,24.396457245529,24.4223754377718,24.3705324552306,24.3860881214467,24.4120089523324,24.3860881214467,24.3186630611374,24.2979078995965,24.235616997893,24.261576176083,24.3030970868713,24.4068253139224,24.4897318933139,24.3342266548802,24.2875287310348,24.3757179413665,24.417192326936,24.396457245529,24.396457245529,24.3446010620456,24.1992630121316,24.4482870367845,24.3394139906367,24.2979078995965,24.4431052442089,24.3705324552306,24.4016414116675,24.3238511901693,24.4534685658236,24.3342266548802,24.3601606905737,24.417192326936,24.3809031634257,24.3238511901693,24.3342266548802,24.3653467049792,24.4327408682945,24.4793722593216,24.417192326936,24.4638308334468,24.5208044790397,24.4690115721079,24.5518675968447,24.4379231880585,24.417192326936,24.5466910676864,24.3860881214467,24.5570438632356,24.5829212550199,24.7018727940562,24.5415142757223,24.6450002255868,24.5622198668973,24.5777463018912,24.5829212550199,24.5622198668973,24.5725710861868,24.4586498313649,24.417192326936,24.4120089523324,24.3394139906367,24.3809031634257,24.3653467049792,24.4120089523324,24.4482870367845,24.6087920833666,24.3653467049792,24.3238511901693,24.266767216777,24.235616997893,24.3394139906367,24.2875287310348,24.1836787523513,24.4223754377718,24.1992630121316,24.3238511901693,24.1784834681163,24.3342266548802,24.3809031634257,24.3757179413665,24.396457245529,24.3394139906367,24.7742102793675,24.7483813439431,24.8671404277798,24.9445177487934,24.9496741564303,24.9393610812787,25.0887990663117,25.0527477928007,25.0166838239645,24.9342041538485,25.0836496611589,25.0681998923707,25.0784999971428,25.0990971001769,25.0630494515398,25.0939482126385,25.2174501739369,25.0012239478063,25.1093940990381,25.0424450977087
23.9756598658044,23.9860709383021,23.9704539289542,23.9548345155266,23.6419397471125,23.7515628848466,23.8037226951994,23.8610674896852,23.9964809427924,23.9860709383021,23.652385162888,23.6210456798163,23.7776461473113,23.7463454261675,23.4485046882223,23.5792445932848,23.7098156861836,23.5792445932848,23.652385162888,23.6314932528619,23.855855667086,23.8454312178827,23.8297925334724,23.5321977073394,23.5635647303038,23.8089371994645,23.6837149425584,23.7828619938962,23.9027524276446,23.8141514353848,23.9131709850186,23.9131709850186,24.0016855446331,23.8714903310769,23.9496275099604,23.9183798623554,23.9860709383021,23.8767013499485,23.9964809427924,23.7515628848466,23.8402185911997,23.8454312178827,23.9808655355738,23.8454312178827,23.8297925334724,23.7150350274487,23.9235884721781,23.9600412538547,24.2823387496704,24.3653467049792,24.3030970868713,24.2511932998677,24.2252314710217,24.1576996752618,24.1473061847397,24.1628960219406,24.1784834681163,24.1784834681163,24.2823387496704,24.2719579925803,24.3757179413665,24.313474667603,24.1888737710728,24.2460014642685,24.2771485035319,24.2823387496704,24.3342266548802,24.3601606905737,24.3342266548802,24.3290390547373,24.235616997893,24.3394139906367,24.3394139906367,24.3342266548802,24.2927184476639,24.2927184476639,24.2927184476639,24.417192326936,24.2979078995965,24.2927184476639,24.3030970868713,24.2408093636233,24.0849229045849,24.0693210964281,24.1057215880592,24.1317139554589,24.1369116310709,23.9808655355738,23.9808655355738,24.19406852432,24.220038309803,24.261576176083,24.2771485035319,24.2771485035319,24.2823387496704,24.1992630121316,24.2823387496704,24.1161193330435,24.017297749009,24.0797225681742,24.0537168909092,24.1525030628745,24.1473061847397,24.1992630121316,24.1421090408181,24.2252314710217,24.1836787523513,24.16809210295,24.3030970868713,24.2875287310348,24.2927184476639,24.313474667603,24.2875287310348,24.2823387496704,24.2823387496704,24.2823387496704,24.2771485035319,24.2563848704595,24.2148448833435,24.2044572345467,24.2096511916044,24.2408093636233,24.2460014642685,24.220038309803,24.1992630121316,24.1992630121316,24.2408093636233,24.2563848704595,24.235616997893,24.2460014642685,24.2511932998677,24.2511932998677,24.3030970868713,24.3912728154683,24.4120089523324,24.4431052442089,24.3912728154683,24.4379231880585,24.4275582848784,24.417192326936,24.4120089523324,24.396457245529,24.3549744119754,24.313474667603,24.4120089523324,24.2044572345467,24.235616997893,24.3394139906367,24.2979078995965,24.3030970868713,24.3082860095273,24.2771485035319,24.2771485035319,24.2044572345467,24.3030970868713,24.4327408682945,24.396457245529,24.2719579925803,24.3394139906367,24.2096511916044,24.3030970868713,24.3860881214467,24.4534685658236,24.3601606905737,24.3809031634257,24.4638308334468,24.3549744119754,24.3186630611374,24.3446010620456,24.2408093636233,24.3186630611374,24.3030970868713,24.3757179413665,24.3549744119754,24.2408093636233,24.396457245529,24.417192326936,24.4327408682945,24.5052693701856,24.5311599032229,24.5363372209139,24.3238511901693,24.3860881214467,24.4949113154483,24.3809031634257,24.525982322611,24.5466910676864,24.7122098579989,24.588095945611,24.6656848260024,24.5622198668973,24.5518675968447,24.5829212550199,24.588095945611,24.5777463018912,24.5777463018912,24.4638308334468,24.4845522079513,24.5311599032229,24.3809031634257,24.396457245529,24.3653467049792,24.4482870367845,24.4482870367845,24.4275582848784,24.2511932998677,24.1888737710728,24.3342266548802,24.3394139906367,24.3342266548802,24.266767216777,24.3601606905737,24.4586498313649,24.3446010620456,24.3082860095273,24.3705324552306,24.3549744119754,24.3446010620456,24.3497878691456,24.3446010620456,24.6036184425424,24.8155229994525,24.9032571289301,24.9393610812787,24.9393610812787,25.0218365972651,24.9599861922213,25.0836496611589,25.0681998923707,25.0784999971428,25.0012239478063,25.2020205629554,25.0836496611589,25.0990971001769,25.0939482126385,25.0733500742259,25.0424450977087,24.9754522977662,25.0063774992726,24.9960701368761
24.0068898795898,24.0277045513642,23.9756598658044,23.9548345155266,23.7254729028382,23.7463454261675,23.735909702305,23.7098156861836,23.7254729028382,23.6993761963129,23.7776461473113,23.6680512651093,23.6680512651093,23.6419397471125,23.6262696012084,23.6889356297228,23.7411276986669,23.7463454261675,23.584470674027,23.7098156861836,23.7045960758182,23.7880775719377,23.8402185911997,23.6784939860947,23.5165105451891,23.7619969958994,23.7776461473113,23.6105970276559,23.6210456798163,23.6419397471125,23.730691437042,23.9079618401281,23.9496275099604,23.8714903310769,23.9027524276446,24.0120939477021,23.9496275099604,23.9496275099604,23.9079618401281,23.9235884721781,23.8350056964094,23.7724300321434,23.6784939860947,23.8350056964094,23.8714903310769,23.8037226951994,23.8454312178827,23.9652477249841,24.2719579925803,24.1473061847397,24.2044572345467,24.1525030628745,24.2719579925803,24.1525030628745,24.1628960219406,24.1473061847397,24.1161193330435,24.1525030628745,24.2148448833435,24.2408093636233,24.2719579925803,24.2044572345467,24.2044572345467,24.2563848704595,24.2148448833435,24.1732879183289,24.2563848704595,24.3238511901693,24.2148448833435,24.3238511901693,24.4120089523324,24.417192326936,24.4016414116675,24.2927184476639,24.2823387496704,24.3653467049792,24.2979078995965,24.4379231880585,24.3497878691456,24.3446010620456,24.3186630611374,24.1888737710728,24.1628960219406,24.0381102869696,24.2927184476639,24.0953227786774,23.9964809427924,24.0849229045849,24.1213178064842,24.2044572345467,24.220038309803,24.3497878691456,24.2460014642685,24.3757179413665,24.2823387496704,24.313474667603,24.2771485035319,24.2875287310348,24.1836787523513,24.1369116310709,24.1576996752618,24.1525030628745,24.220038309803,24.2460014642685,24.1473061847397,24.235616997893,24.2252314710217,24.2563848704595,24.2408093636233,24.2511932998677,24.2408093636233,24.3601606905737,24.3860881214467,24.3809031634257,24.2719579925803,24.3186630611374,24.2771485035319,24.2148448833435,24.2460014642685,24.2511932998677,24.313474667603,24.1784834681163,24.2044572345467,24.2460014642685,24.1836787523513,24.2044572345467,24.2563848704595,24.2096511916044,24.3809031634257,24.2460014642685,24.3394139906367,24.3186630611374,24.4016414116675,24.3809031634257,24.5104480028654,24.5000904743927,24.4845522079513,24.4741920473867,24.4534685658236,24.396457245529,24.4275582848784,24.4327408682945,24.4223754377718,24.4793722593216,24.3394139906367,24.2979078995965,24.2927184476639,24.3394139906367,24.3342266548802,24.3238511901693,24.3030970868713,24.3394139906367,24.3082860095273,24.3030970868713,24.4482870367845,24.3394139906367,24.2875287310348,24.1784834681163,24.3446010620456,24.4068253139224,24.3497878691456,24.4016414116675,24.4482870367845,24.4275582848784,24.2927184476639,24.4379231880585,24.3809031634257,24.3186630611374,24.4379231880585,24.3809031634257,24.2823387496704,24.4223754377718,24.3653467049792,24.4534685658236,24.3912728154683,24.4741920473867,24.4534685658236,24.4690115721079,24.525982322611,24.4845522079513,24.5466910676864,24.417192326936,24.4327408682945,24.5570438632356,24.4949113154483,24.5104480028654,24.6967038696157,24.68119552596,24.6398284203822,24.6553430497988,24.5725710861868,24.6501717687129,24.6346563530609,24.5570438632356,24.4638308334468,24.588095945611,24.525982322611,24.417192326936,24.4586498313649,24.3860881214467,24.4016414116675,24.3757179413665,24.4638308334468,24.4690115721079,24.313474667603,24.2823387496704,24.2875287310348,24.2823387496704,24.2875287310348,24.266767216777,24.2408093636233,24.417192326936,24.3601606905737,24.3238511901693,24.4327408682945,24.3342266548802,24.5311599032229,24.3549744119754,24.5311599032229,24.6450002255868,24.598444539334,24.8826205758957,24.9754522977662,24.9806071469274,25.0475965748176,25.1762993840732,25.0372933614365,25.0527477928007,24.9909160664447,24.9960701368761,25.0836496611589,25.0475965748176,25.1145422104357,25.0887990663117,25.0887990663117,25.0372933614365,25.0630494515398,24.9857617364743,25.0527477928007,25.0218365972651
23.9756598658044,23.9027524276446,24.02250128355,23.9444202371166,23.7254729028382,23.730691437042,23.6367166348165,23.6262696012084,23.6993761963129,23.8245791023491,23.6314932528619,23.6210456798163,23.584470674027,23.6262696012084,23.6471625897896,23.6941560476277,23.7045960758182,23.7202540996537,23.6993761963129,23.7150350274487,23.7150350274487,23.7515628848466,23.7619969958994,23.7254729028382,23.7254729028382,23.7672136483527,23.8871225842407,23.7985079225496,23.6889356297228,23.7098156861836,23.756780074744,23.9287968145261,23.8402185911997,23.9964809427924,23.7515628848466,23.9548345155266,23.9652477249841,23.7098156861836,23.7411276986669,23.8506435764983,23.8037226951994,23.8767013499485,23.855855667086,23.9392126969559,23.9340048894389,23.735909702305,23.8245791023491,23.9912760740285,24.19406852432,24.1057215880592,24.2979078995965,24.266767216777,24.3446010620456,24.1525030628745,24.1732879183289,24.1525030628745,24.235616997893,24.220038309803,24.1109205935815,24.2460014642685,24.3082860095273,24.313474667603,24.3186630611374,24.2044572345467,24.2408093636233,24.2511932998677,24.3030970868713,24.3446010620456,24.3238511901693,24.3290390547373,24.3497878691456,24.3238511901693,24.3497878691456,24.3394139906367,24.3290390547373,24.2823387496704,24.2979078995965,24.3809031634257,24.2979078995965,24.4482870367845,24.3082860095273,24.3082860095273,24.2148448833435,24.0485149561396,24.1732879183289,24.2044572345467,24.1005223164376,23.9964809427924,24.1992630121316,24.1732879183289,24.261576176083,24.2044572345467,24.2096511916044,24.3030970868713,24.235616997893,24.2927184476639,24.1628960219406,24.2511932998677,24.1473061847397,24.1525030628745,24.2408093636233,24.3186630611374,24.2304243670388,24.2563848704595,24.220038309803,24.1576996752618,24.1732879183289,24.2460014642685,24.2979078995965,24.2563848704595,24.2408093636233,24.2927184476639,24.3394139906367,24.3238511901693,24.3446010620456,24.2823387496704,24.3497878691456,24.2719579925803,24.2096511916044,24.2771485035319,24.2511932998677,24.2252314710217,24.2979078995965,24.2096511916044,24.3082860095273,24.1784834681163,24.235616997893,24.3238511901693,24.266767216777,24.4016414116675,24.266767216777,24.2823387496704,24.4223754377718,24.3290390547373,24.5156263724707,24.4741920473867,24.4845522079513,24.4638308334468,24.3912728154683,24.417192326936,24.396457245529,24.4586498313649,24.4638308334468,24.3290390547373,24.3290390547373,24.4534685658236,24.3394139906367,24.2875287310348,24.2719579925803,24.3082860095273,24.4379231880585,24.3186630611374,24.3497878691456,24.3238511901693,24.4586498313649,24.3290390547373,24.4482870367845,24.3290390547373,24.2719579925803,24.3446010620456,24.3912728154683,24.3549744119754,24.4431052442089,24.4275582848784,24.4120089523324,24.4431052442089,24.4482870367845,24.417192326936,24.4586498313649,24.4482870367845,24.4845522079513,24.3653467049792,24.5052693701856,24.5104480028654,24.4120089523324,24.5208044790397,24.4275582848784,24.4431052442089,24.4379231880585,24.588095945611,24.5000904743927,24.593270373703,24.5466910676864,24.5415142757223,24.68119552596,24.7122098579989,24.7018727940562,24.6656848260024,24.7432147730614,24.4120089523324,24.588095945611,24.5725710861868,24.593270373703,24.7018727940562,24.6708553211965,24.5570438632356,24.6346563530609,24.4638308334468,24.3860881214467,24.525982322611,24.525982322611,24.3809031634257,24.396457245529,24.3757179413665,24.3290390547373,24.2823387496704,24.3912728154683,24.1628960219406,24.2563848704595,24.3238511901693,24.2875287310348,24.2927184476639,24.2304243670388,24.2979078995965,24.261576176083,24.3238511901693,24.3757179413665,24.4275582848784,24.3497878691456,24.5311599032229,24.7225458756109,24.8723007375455,24.8723007375455,24.9909160664447,25.1351320700124,25.0321413659635,25.1196900631945,25.0475965748176,25.0630494515398,25.0990971001769,25.0784999971428,25.1145422104357,25.124837657352,25.0424450977087,25.1299849929454,25.1608635787557,25.0269891112523,25.0012239478063,25.0269891112523,25.0012239478063
24.0381102869696,23.9235884721781,23.8662790443357,23.855855667086,23.8662790443357,23.7619969958994,23.5687916214632,23.6732727602916,23.6732727602916,23.7098156861836,23.584470674027,23.537426220416,23.6471625897896,23.6367166348165,23.594922025375,23.7045960758182,23.7411276986669,23.6993761963129,23.6993761963129,23.6941560476277,23.6993761963129,23.730691437042,23.7985079225496,23.5792445932848,23.7254729028382,23.8975427475285,23.8871225842407,23.7932928814756,23.7828619938962,23.6941560476277,23.8767013499485,23.8975427475285,23.9131709850186,23.7932928814756,24.0433127548394,24.0016855446331,23.9912760740285,23.7045960758182,23.6628295005078,23.6419397471125,23.8402185911997,23.8871225842407,23.9444202371166,23.9756598658044,23.9392126969559,23.9444202371166,23.9235884721781,23.9131709850186,24.16809210295,24.3342266548802,24.2719579925803,24.261576176083,24.2563848704595,24.220038309803,24.1213178064842,24.1784834681163,24.1525030628745,24.1109205935815,24.1057215880592,24.1888737710728,24.2823387496704,24.313474667603,24.2408093636233,24.2252314710217,24.3030970868713,24.3082860095273,24.3446010620456,24.3446010620456,24.4120089523324,24.3601606905737,24.4223754377718,24.3549744119754,24.3186630611374,24.4431052442089,24.3290390547373,24.313474667603,24.2823387496704,24.4845522079513,24.4949113154483,24.417192326936,24.525982322611,24.3082860095273,24.220038309803,24.1784834681163,24.1369116310709,24.1992630121316,24.1317139554589,24.1265160139431,24.2719579925803,24.1628960219406,24.2304243670388,24.2511932998677,24.2979078995965,24.2979078995965,24.1992630121316,24.1888737710728,24.1576996752618,24.1421090408181,24.1576996752618,24.1161193330435,24.2148448833435,24.1628960219406,24.220038309803,24.2148448833435,24.2252314710217,24.16809210295,24.1888737710728,24.3030970868713,24.1888737710728,24.220038309803,24.2875287310348,24.2979078995965,24.2408093636233,24.3446010620456,24.1732879183289,24.2252314710217,24.1473061847397,24.2044572345467,24.2771485035319,24.2252314710217,24.313474667603,24.2408093636233,24.220038309803,24.2304243670388,24.2044572345467,24.235616997893,24.3238511901693,24.3705324552306,24.3394139906367,24.4327408682945,24.4068253139224,24.3342266548802,24.4223754377718,24.5052693701856,24.3290390547373,24.4120089523324,24.5156263724707,24.4431052442089,24.4482870367845,24.3912728154683,24.4016414116675,24.4431052442089,24.3653467049792,24.4534685658236,24.3809031634257,24.3394139906367,24.313474667603,24.3290390547373,24.3290390547373,24.1888737710728,24.3082860095273,24.3342266548802,24.3860881214467,24.3446010620456,24.4327408682945,24.4068253139224,24.313474667603,24.3290390547373,24.3030970868713,24.2979078995965,24.3497878691456,24.4482870367845,24.5415142757223,24.4741920473867,24.3809031634257,24.3394139906367,24.3705324552306,24.3549744119754,24.4016414116675,24.3809031634257,24.5000904743927,24.3549744119754,24.3394139906367,24.5052693701856,24.4897318933139,24.4120089523324,24.4379231880585,24.4482870367845,24.4327408682945,24.588095945611,24.5000904743927,24.593270373703,24.588095945611,24.593270373703,24.5363372209139,24.5673956078683,24.6760255545029,24.7018727940562,24.6656848260024,24.6243114319154,24.6398284203822,24.6656848260024,24.6708553211965,24.5673956078683,24.5777463018912,24.6346563530609,24.5622198668973,24.4327408682945,24.6087920833666,24.4379231880585,24.4379231880585,24.5052693701856,24.525982322611,24.3912728154683,24.313474667603,24.2979078995965,24.2927184476639,24.3394139906367,24.3497878691456,24.3290390547373,24.3446010620456,24.4120089523324,24.3601606905737,24.3757179413665,24.4793722593216,24.593270373703,24.4741920473867,24.3705324552306,24.4534685658236,24.7070414568379,24.7432147730614,24.8464965838976,25.0681998923707,25.0372933614365,24.9806071469274,24.9342041538485,25.1454254487159,25.0630494515398,25.1351320700124,25.0990971001769,25.1042457289643,25.1608635787557,25.1505717504272,25.0939482126385,25.14027888859,25.0836496611589,25.0681998923707,25.0681998923707,25.0990971001769,25.0681998923707
24.0485149561396,24.0589185591878,23.9444202371166,23.8975427475285,23.855855667086,23.8193654029997,23.5269689238028,23.6889356297228,23.652385162888,23.6941560476277,23.5792445932848,23.5321977073394,23.6001472960607,23.6941560476277,23.5687916214632,23.6262696012084,23.5687916214632,23.6993761963129,23.7724300321434,23.5740182424435,23.756780074744,23.7150350274487,23.8610674896852,23.7202540996537,23.7724300321434,23.9183798623554,23.7828619938962,23.7932928814756,23.7828619938962,23.6993761963129,23.8089371994645,23.9808655355738,23.9496275099604,23.9027524276446,23.9079618401281,24.0433127548394,23.9079618401281,23.8402185911997,23.6680512651093,23.6732727602916,23.9183798623554,23.9600412538547,23.9652477249841,23.9444202371166,23.9496275099604,23.8767013499485,23.7463454261675,23.9131709850186,24.2979078995965,24.3290390547373,24.3186630611374,24.2511932998677,24.3497878691456,24.3394139906367,24.19406852432,24.1784834681163,24.19406852432,24.16809210295,24.2304243670388,24.0745219654683,24.2096511916044,24.3342266548802,24.3082860095273,24.313474667603,24.2252314710217,24.3601606905737,24.3653467049792,24.3912728154683,24.3705324552306,24.4068253139224,24.5156263724707,24.4793722593216,24.5363372209139,24.3653467049792,24.3030970868713,24.4327408682945,24.313474667603,24.3394139906367,24.3394139906367,24.4949113154483,24.3705324552306,24.2044572345467,24.2044572345467,24.2148448833435,24.2252314710217,24.2408093636233,24.235616997893,24.0849229045849,24.1317139554589,24.1525030628745,24.1888737710728,24.1421090408181,24.1005223164376,24.3238511901693,24.2875287310348,24.2408093636233,24.1421090408181,24.0641199610143,24.1369116310709,24.1628960219406,24.1888737710728,24.2304243670388,24.2563848704595,24.2252314710217,24.3238511901693,24.266767216777,24.1836787523513,24.2148448833435,24.266767216777,24.2979078995965,24.2304243670388,24.3290390547373,24.2148448833435,24.3186630611374,24.3342266548802,24.3342266548802,24.2875287310348,24.3653467049792,24.3030970868713,24.3030970868713,24.3030970868713,24.3342266548802,24.3446010620456,24.2252314710217,24.2148448833435,24.2096511916044,24.3290390547373,24.3342266548802,24.3290390547373,24.3809031634257,24.3342266548802,24.4120089523324,24.3601606905737,24.4327408682945,24.5208044790397,24.3860881214467,24.4482870367845,24.3653467049792,24.417192326936,24.4223754377718,24.4638308334468,24.4482870367845,24.4482870367845,24.5052693701856,24.5052693701856,24.4638308334468,24.3860881214467,24.3186630611374,24.3394139906367,24.3497878691456,24.2927184476639,24.3653467049792,24.417192326936,24.3653467049792,24.3446010620456,24.3912728154683,24.3186630611374,24.3549744119754,24.2511932998677,24.3601606905737,24.3497878691456,24.4534685658236,24.4949113154483,24.4223754377718,24.4120089523324,24.3757179413665,24.4068253139224,24.4327408682945,24.4068253139224,24.3705324552306,24.3446010620456,24.3757179413665,24.5208044790397,24.3342266548802,24.5000904743927,24.5363372209139,24.5156263724707,24.4897318933139,24.4949113154483,24.4586498313649,24.5777463018912,24.6708553211965,24.6087920833666,24.525982322611,24.6036184425424,24.5725710861868,24.5000904743927,24.6553430497988,24.6656848260024,24.6398284203822,24.588095945611,24.6967038696157,24.598444539334,24.5622198668973,24.6708553211965,24.593270373703,24.5518675968447,24.4223754377718,24.5673956078683,24.4379231880585,24.4586498313649,24.593270373703,24.4793722593216,24.3912728154683,24.3860881214467,24.2719579925803,24.2719579925803,24.1161193330435,24.3082860095273,24.2148448833435,24.19406852432,24.3601606905737,24.4016414116675,24.4897318933139,24.4845522079513,24.3809031634257,24.4016414116675,24.4379231880585,24.7070414568379,24.5570438632356,24.7587137017957,24.8671404277798,25.0578987516956,25.124837657352,24.9084156166453,25.124837657352,24.8723007375455,25.0733500742259,25.1042457289643,25.0784999971428,25.0990971001769,25.0372933614365,25.0836496611589,25.1711543738743,25.1711543738743,25.1865886299367,25.1557177937613,25.0733500742259,25.1660091054476,25.0733500742259
24.1836787523513,23.8975427475285,23.9444202371166,23.8037226951994,23.9079618401281,23.730691437042,23.8714903310769,23.756780074744,23.6732727602916,23.4328045256551,23.7202540996537,23.730691437042,23.7776461473113,23.6419397471125,23.652385162888,23.7045960758182,23.7880775719377,23.6993761963129,23.7463454261675,23.735909702305,23.730691437042,23.7045960758182,23.7202540996537,23.9756598658044,23.9600412538547,23.8871225842407,23.7828619938962,23.8871225842407,23.8141514353848,23.5426544630727,23.7515628848466,23.735909702305,23.9340048894389,23.9340048894389,23.9027524276446,24.0120939477021,23.8923327997404,23.8193654029997,23.6680512651093,23.6732727602916,23.8297925334724,23.9808655355738,24.1369116310709,23.9444202371166,23.8037226951994,23.8767013499485,23.7724300321434,23.9183798623554,24.16809210295,24.3238511901693,24.220038309803,24.266767216777,24.261576176083,24.3394139906367,24.313474667603,24.1628960219406,24.1421090408181,24.0120939477021,24.19406852432,24.0120939477021,24.0693210964281,24.3342266548802,24.3030970868713,24.3082860095273,24.220038309803,24.3757179413665,24.3757179413665,24.313474667603,24.3394139906367,24.5000904743927,24.4223754377718,24.4897318933139,24.396457245529,24.4120089523324,24.4120089523324,24.3757179413665,24.3030970868713,24.4223754377718,24.3290390547373,24.2979078995965,24.4690115721079,24.16809210295,24.2148448833435,24.1836787523513,24.417192326936,24.2927184476639,24.19406852432,24.1057215880592,24.1317139554589,24.266767216777,24.0901229747396,24.1421090408181,24.1369116310709,24.1784834681163,24.1628960219406,24.16809210295,24.266767216777,24.1473061847397,24.2563848704595,24.220038309803,24.1525030628745,24.19406852432,24.1784834681163,24.2563848704595,24.313474667603,24.2044572345467,24.266767216777,24.2823387496704,24.1992630121316,24.3446010620456,24.2927184476639,24.261576176083,24.2148448833435,24.3082860095273,24.2927184476639,24.2979078995965,24.235616997893,24.2096511916044,24.2719579925803,24.3446010620456,24.3342266548802,24.3290390547373,24.220038309803,24.2408093636233,24.2875287310348,24.313474667603,24.4534685658236,24.2979078995965,24.3394139906367,24.2460014642685,24.3705324552306,24.3912728154683,24.4068253139224,24.3757179413665,24.4638308334468,24.4379231880585,24.4068253139224,24.3757179413665,24.5518675968447,24.3912728154683,24.3860881214467,24.2460014642685,24.4016414116675,24.4275582848784,24.4327408682945,24.4120089523324,24.417192326936,24.3757179413665,24.4016414116675,24.3912728154683,24.2304243670388,24.3653467049792,24.3757179413665,24.3601606905737,24.3394139906367,24.2875287310348,24.4016414116675,24.2979078995965,24.3082860095273,24.4482870367845,24.396457245529,24.598444539334,24.4223754377718,24.4638308334468,24.396457245529,24.3601606905737,24.2304243670388,24.5000904743927,24.5156263724707,24.3860881214467,24.3912728154683,24.5208044790397,24.417192326936,24.5104480028654,24.4275582848784,24.5725710861868,24.5673956078683,24.5363372209139,24.593270373703,24.4845522079513,24.588095945611,24.7173779975772,24.7535476535085,24.6553430497988,24.588095945611,24.5725710861868,24.5208044790397,24.6346563530609,24.5415142757223,24.6553430497988,24.6294840235847,24.7173779975772,24.6346563530609,24.5518675968447,24.6294840235847,24.6139654618445,24.5570438632356,24.525982322611,24.5363372209139,24.5363372209139,24.525982322611,24.5052693701856,24.3860881214467,24.4482870367845,24.3497878691456,24.3705324552306,24.3342266548802,24.2408093636233,24.2304243670388,24.1992630121316,24.2875287310348,24.3549744119754,24.3653467049792,24.4845522079513,24.4741920473867,24.6398284203822,24.5052693701856,24.4586498313649,24.5311599032229,24.68119552596,24.9960701368761,24.7845400253874,24.9857617364743,24.9909160664447,25.0527477928007,24.9754522977662,25.0681998923707,25.0372933614365,25.0990971001769,25.0784999971428,25.1145422104357,25.2071640245704,25.1145422104357,25.2071640245704,25.2431610348875,25.0733500742259,25.0681998923707,25.0939482126385,25.0836496611589,25.0681998923707
24.0849229045849,24.0485149561396,24.0641199610143,23.7515628848466,23.9392126969559,23.9183798623554,24.032907552491,23.730691437042,23.5531101372871,23.5531101372871,23.6628295005078,23.7150350274487,23.7776461473113,23.8923327997404,23.7254729028382,23.6158214886455,23.6314932528619,23.6471625897896,23.7045960758182,23.8245791023491,23.7985079225496,23.7515628848466,23.9548345155266,24.032907552491,23.9652477249841,23.8297925334724,24.0068898795898,23.9444202371166,23.7776461473113,23.7254729028382,23.7515628848466,23.8089371994645,23.9444202371166,24.0901229747396,23.9287968145261,23.9912760740285,23.8871225842407,23.8454312178827,23.6732727602916,23.6732727602916,23.8506435764983,23.9964809427924,23.8871225842407,23.9340048894389,23.8767013499485,23.7985079225496,23.8610674896852,23.8923327997404,24.2252314710217,24.313474667603,24.2875287310348,24.1421090408181,24.3394139906367,24.3912728154683,24.2044572345467,24.2252314710217,24.2304243670388,24.2719579925803,24.3030970868713,24.2979078995965,24.2460014642685,24.3082860095273,24.3497878691456,24.2511932998677,24.1784834681163,24.235616997893,24.3446010620456,24.2927184476639,24.3446010620456,24.5518675968447,24.5518675968447,24.5156263724707,24.417192326936,24.3446010620456,24.5000904743927,24.3757179413665,24.2823387496704,24.2927184476639,24.3030970868713,24.4120089523324,24.3342266548802,24.3290390547373,24.3394139906367,24.4327408682945,24.2979078995965,24.3030970868713,24.3342266548802,24.3290390547373,24.1473061847397,24.1109205935815,24.1265160139431,24.1421090408181,24.1213178064842,24.1369116310709,24.1473061847397,24.2719579925803,24.266767216777,24.235616997893,24.1265160139431,24.1421090408181,24.2563848704595,24.2044572345467,24.19406852432,24.2511932998677,24.220038309803,24.2044572345467,24.2719579925803,24.2719579925803,24.2563848704595,24.3186630611374,24.3809031634257,24.261576176083,24.3342266548802,24.3446010620456,24.3705324552306,24.3030970868713,24.2927184476639,24.2875287310348,24.3186630611374,24.3186630611374,24.3601606905737,24.2719579925803,24.2304243670388,24.2408093636233,24.1109205935815,24.266767216777,24.3290390547373,24.3030970868713,24.3290390547373,24.4482870367845,24.2979078995965,24.313474667603,24.4120089523324,24.4793722593216,24.3342266548802,24.4016414116675,24.4016414116675,24.4016414116675,24.4949113154483,24.4741920473867,24.3394139906367,24.4068253139224,24.3912728154683,24.5208044790397,24.4690115721079,24.417192326936,24.5570438632356,24.4949113154483,24.4275582848784,24.3446010620456,24.4690115721079,24.313474667603,24.3549744119754,24.2823387496704,24.3601606905737,24.3394139906367,24.3653467049792,24.3912728154683,24.3030970868713,24.4275582848784,24.3186630611374,24.2927184476639,24.4793722593216,24.4793722593216,24.4638308334468,24.3809031634257,24.4741920473867,24.4949113154483,24.4690115721079,24.3912728154683,24.3912728154683,24.4534685658236,24.396457245529,24.4741920473867,24.4949113154483,24.4949113154483,24.4949113154483,24.6139654618445,24.5052693701856,24.4690115721079,24.4845522079513,24.4482870367845,24.4586498313649,24.5000904743927,24.588095945611,24.588095945611,24.5622198668973,24.4845522079513,24.588095945611,24.5777463018912,24.6036184425424,24.6450002255868,24.6139654618445,24.6450002255868,24.7122098579989,24.6036184425424,24.6553430497988,24.4690115721079,24.4534685658236,24.5466910676864,24.6036184425424,24.5673956078683,24.4897318933139,24.5000904743927,24.2979078995965,24.3809031634257,24.2771485035319,24.2771485035319,24.2771485035319,24.3082860095273,24.2148448833435,24.2148448833435,24.3082860095273,24.3705324552306,24.4586498313649,24.2304243670388,24.3912728154683,24.4949113154483,24.5829212550199,24.7018727940562,24.8929393729232,24.9702971889533,24.9651418204509,24.9909160664447,25.0578987516956,25.0784999971428,24.954830304227,25.1145422104357,25.1042457289643,25.1042457289643,25.0321413659635,25.0784999971428,25.0733500742259,25.2328774638867,25.1968768433364,25.1042457289643,25.1711543738743,25.1814441360816,25.1711543738743,25.1299849929454
24.2044572345467,24.1576996752618,24.02250128355,23.9496275099604,23.8975427475285,24.0433127548394,24.02250128355,23.8297925334724,23.4066321630112,23.6262696012084,23.464202410856,23.7463454261675,23.8871225842407,23.8610674896852,23.7932928814756,23.9340048894389,23.6576074664474,23.7880775719377,23.9183798623554,23.7672136483527,23.7515628848466,23.8714903310769,23.7828619938962,23.8506435764983,23.9860709383021,23.9079618401281,23.9756598658044,23.9340048894389,23.9027524276446,23.7619969958994,23.730691437042,23.9079618401281,24.1005223164376,24.16809210295,24.1057215880592,24.0016855446331,24.0068898795898,23.7932928814756,23.652385162888,23.652385162888,23.7672136483527,23.9287968145261,23.9652477249841,23.9964809427924,23.8714903310769,23.7828619938962,23.8610674896852,23.8923327997404,24.1109205935815,24.2408093636233,24.2563848704595,24.1576996752618,24.1888737710728,24.1992630121316,24.1265160139431,24.235616997893,24.2096511916044,24.2823387496704,24.2979078995965,24.261576176083,24.261576176083,24.2823387496704,24.2927184476639,24.1784834681163,24.220038309803,24.3446010620456,24.3601606905737,24.4638308334468,24.3238511901693,24.3912728154683,24.4120089523324,24.5208044790397,24.4120089523324,24.3809031634257,24.4275582848784,24.3757179413665,24.2096511916044,24.2927184476639,24.3238511901693,24.3290390547373,24.3342266548802,24.4379231880585,24.3860881214467,24.3290390547373,24.313474667603,24.3497878691456,24.2719579925803,24.3238511901693,24.19406852432,24.2148448833435,24.1369116310709,24.0901229747396,24.1369116310709,24.1317139554589,24.266767216777,24.2563848704595,24.2511932998677,24.2460014642685,24.2563848704595,24.1369116310709,24.0745219654683,24.313474667603,24.19406852432,24.3446010620456,24.3394139906367,24.2511932998677,24.3030970868713,24.2771485035319,24.2979078995965,24.3082860095273,24.4431052442089,24.3082860095273,24.3653467049792,24.2823387496704,24.2927184476639,24.2979078995965,24.2823387496704,24.3549744119754,24.3030970868713,24.220038309803,24.3238511901693,24.2823387496704,24.2511932998677,24.1161193330435,24.1005223164376,24.1732879183289,24.2875287310348,24.3601606905737,24.3446010620456,24.3394139906367,24.396457245529,24.4690115721079,24.3860881214467,24.4793722593216,24.2771485035319,24.3549744119754,24.3446010620456,24.3238511901693,24.3549744119754,24.4534685658236,24.3653467049792,24.525982322611,24.4068253139224,24.396457245529,24.4275582848784,24.3601606905737,24.3860881214467,24.4379231880585,24.3912728154683,24.4638308334468,24.4120089523324,24.3757179413665,24.3912728154683,24.235616997893,24.2927184476639,24.3394139906367,24.3912728154683,24.3290390547373,24.4223754377718,24.3912728154683,24.3705324552306,24.3705324552306,24.4793722593216,24.4431052442089,24.4586498313649,24.3238511901693,24.4741920473867,24.3653467049792,24.4793722593216,24.4638308334468,24.3912728154683,24.5052693701856,24.4223754377718,24.4845522079513,24.4949113154483,24.5052693701856,24.4845522079513,24.6036184425424,24.4793722593216,24.4534685658236,24.4949113154483,24.4586498313649,24.3446010620456,24.5208044790397,24.4690115721079,24.5052693701856,24.5363372209139,24.4845522079513,24.6191385780148,24.5156263724707,24.6191385780148,24.593270373703,24.5518675968447,24.6139654618445,24.7070414568379,24.6346563530609,24.6346563530609,24.4897318933139,24.593270373703,24.5673956078683,24.5104480028654,24.5829212550199,24.4431052442089,24.3809031634257,24.4741920473867,24.3601606905737,24.2408093636233,24.261576176083,24.2875287310348,24.0953227786774,24.2460014642685,24.0797225681742,24.3394139906367,24.2148448833435,24.396457245529,24.3757179413665,24.4741920473867,24.4741920473867,24.6656848260024,25.0166838239645,24.8051963851263,25.0269891112523,25.0218365972651,25.0269891112523,25.0681998923707,25.0784999971428,25.0321413659635,25.1196900631945,25.0990971001769,25.14027888859,25.0836496611589,25.0578987516956,25.1762993840732,25.2174501739369,25.0012239478063,25.0372933614365,25.1814441360816,25.0836496611589,25.0630494515398,24.9806071469274
23.9287968145261,24.16809210295,23.9287968145261,23.9496275099604,23.9860709383021,23.9600412538547,24.0381102869696,23.9444202371166,23.6262696012084,23.5896964847104,23.4432715718574,23.6105970276559,23.7463454261675,23.8975427475285,23.8714903310769,23.8819121009899,23.7985079225496,23.7619969958994,23.8245791023491,23.9235884721781,23.9548345155266,24.0433127548394,23.855855667086,23.8402185911997,23.9860709383021,23.9183798623554,23.8819121009899,23.9235884721781,23.8610674896852,23.7202540996537,23.7202540996537,23.730691437042,23.9340048894389,24.0797225681742,24.017297749009,24.0016855446331,23.9756598658044,23.8662790443357,23.6628295005078,23.7932928814756,23.8089371994645,23.8089371994645,23.9652477249841,23.8454312178827,23.8402185911997,23.7880775719377,23.7932928814756,23.9652477249841,24.1576996752618,24.220038309803,24.2927184476639,24.1005223164376,24.1836787523513,24.1369116310709,24.1421090408181,24.1576996752618,24.1784834681163,24.2771485035319,24.266767216777,24.2927184476639,24.19406852432,24.1992630121316,24.3549744119754,24.1888737710728,24.3446010620456,24.266767216777,24.3290390547373,24.2875287310348,24.2771485035319,24.4379231880585,24.4327408682945,24.4327408682945,24.2979078995965,24.2823387496704,24.313474667603,24.3653467049792,24.235616997893,24.2927184476639,24.3497878691456,24.3342266548802,24.3446010620456,24.4120089523324,24.4379231880585,24.4327408682945,24.3809031634257,24.3342266548802,24.3290390547373,24.1888737710728,24.2511932998677,24.2875287310348,24.1576996752618,23.8662790443357,24.1265160139431,24.2563848704595,24.2823387496704,24.2823387496704,24.1473061847397,24.1732879183289,24.1836787523513,24.2563848704595,24.2096511916044,24.266767216777,24.2979078995965,24.417192326936,24.3342266548802,24.266767216777,24.2927184476639,24.3082860095273,24.2408093636233,24.3912728154683,24.3446010620456,24.2875287310348,24.2044572345467,24.261576176083,24.235616997893,24.2875287310348,24.2304243670388,24.3757179413665,24.2927184476639,24.3290390547373,24.3601606905737,24.3238511901693,24.220038309803,24.19406852432,24.1473061847397,24.2875287310348,24.3082860095273,24.3290390547373,24.4638308334468,24.4793722593216,24.3757179413665,24.4897318933139,24.4482870367845,24.396457245529,24.3186630611374,24.3082860095273,24.417192326936,24.4327408682945,24.417192326936,24.5052693701856,24.4586498313649,24.4482870367845,24.3653467049792,24.4638308334468,24.396457245529,24.4431052442089,24.3809031634257,24.5363372209139,24.3238511901693,24.3394139906367,24.4120089523324,24.4482870367845,24.4690115721079,24.313474667603,24.3186630611374,24.3238511901693,24.4534685658236,24.2460014642685,24.3342266548802,24.4120089523324,24.3446010620456,24.396457245529,24.3549744119754,24.4741920473867,24.4068253139224,24.396457245529,24.3030970868713,24.4016414116675,24.3809031634257,24.3186630611374,24.4586498313649,24.417192326936,24.4327408682945,24.4897318933139,24.5156263724707,24.6294840235847,24.5415142757223,24.4741920473867,24.4431052442089,24.6501717687129,24.4275582848784,24.3809031634257,24.5208044790397,24.4482870367845,24.6087920833666,24.4897318933139,24.5208044790397,24.4949113154483,24.598444539334,24.5518675968447,24.4638308334468,24.6398284203822,24.5466910676864,24.5622198668973,24.593270373703,24.7122098579989,24.6087920833666,24.7122098579989,24.525982322611,24.5570438632356,24.5725710861868,24.6087920833666,24.3705324552306,24.3809031634257,24.2771485035319,24.4327408682945,24.3757179413665,24.1265160139431,24.1888737710728,24.1525030628745,24.1784834681163,24.2044572345467,24.1057215880592,24.3290390547373,24.4845522079513,24.3446010620456,24.4431052442089,24.5052693701856,24.6501717687129,24.7793752829217,24.8516579356668,24.9651418204509,25.0475965748176,25.0939482126385,25.0630494515398,25.1196900631945,25.2174501739369,25.14027888859,25.0784999971428,25.1865886299367,25.0939482126385,25.0784999971428,25.1865886299367,25.0012239478063,25.1454254487159,25.1145422104357,25.0012239478063,25.2277352917338,25.1505717504272,25.1093940990381
24.1888737710728,24.1888737710728,24.0589185591878,23.9756598658044,24.0381102869696,23.9704539289542,23.9600412538547,23.9600412538547,23.8297925334724,23.6993761963129,23.280910276759,23.5112809500315,23.7150350274487,23.6837149425584,23.8767013499485,23.756780074744,23.7202540996537,23.9496275099604,23.9183798623554,23.9287968145261,24.0745219654683,23.8402185911997,23.9912760740285,23.9652477249841,23.8402185911997,23.9652477249841,24.0120939477021,24.0016855446331,23.8402185911997,23.7619969958994,23.7098156861836,23.7463454261675,23.735909702305,23.9600412538547,23.9756598658044,23.9808655355738,23.9808655355738,23.6993761963129,23.652385162888,23.7619969958994,23.7619969958994,23.9235884721781,23.8141514353848,23.8402185911997,23.7828619938962,23.8610674896852,23.7880775719377,23.8871225842407,24.0849229045849,24.1005223164376,24.1265160139431,24.2511932998677,24.1888737710728,24.1265160139431,24.0797225681742,24.1473061847397,24.3705324552306,24.3757179413665,24.2719579925803,24.2875287310348,24.3342266548802,24.3860881214467,24.266767216777,24.3446010620456,24.2719579925803,24.2408093636233,24.3290390547373,24.261576176083,24.2408093636233,24.2096511916044,24.1992630121316,24.4223754377718,24.3186630611374,24.2148448833435,24.3238511901693,24.2044572345467,24.2252314710217,24.2096511916044,24.313474667603,24.261576176083,24.3342266548802,24.3394139906367,24.4327408682945,24.4379231880585,24.3238511901693,24.3601606905737,24.4431052442089,24.3757179413665,24.3757179413665,24.1784834681163,24.1265160139431,24.1005223164376,24.0901229747396,24.017297749009,24.266767216777,24.2511932998677,24.235616997893,24.2823387496704,24.2823387496704,24.2979078995965,24.2979078995965,24.3290390547373,24.3705324552306,24.3497878691456,24.2304243670388,24.3238511901693,24.3290390547373,24.3394139906367,24.3290390547373,24.3757179413665,24.3912728154683,24.2460014642685,24.266767216777,24.2823387496704,24.2771485035319,24.2563848704595,24.2044572345467,24.2823387496704,24.1836787523513,24.2719579925803,24.2304243670388,24.3238511901693,24.4223754377718,24.3705324552306,24.3860881214467,24.3342266548802,24.4431052442089,24.4120089523324,24.3757179413665,24.3446010620456,24.396457245529,24.4793722593216,24.4690115721079,24.3860881214467,24.3342266548802,24.4068253139224,24.2823387496704,24.3186630611374,24.3653467049792,24.4638308334468,24.3549744119754,24.3653467049792,24.3757179413665,24.4690115721079,24.3549744119754,24.3082860095273,24.3342266548802,24.4638308334468,24.4379231880585,24.3860881214467,24.3238511901693,24.4949113154483,24.4120089523324,24.3757179413665,24.2511932998677,24.3290390547373,24.3912728154683,24.4223754377718,24.3394139906367,24.4223754377718,24.3186630611374,24.3290390547373,24.3549744119754,24.313474667603,24.4534685658236,24.2979078995965,24.3601606905737,24.3705324552306,24.417192326936,24.3601606905737,24.3342266548802,24.3394139906367,24.4741920473867,24.5311599032229,24.525982322611,24.593270373703,24.6087920833666,24.6243114319154,24.4949113154483,24.5311599032229,24.4223754377718,24.5156263724707,24.4379231880585,24.4327408682945,24.4223754377718,24.4431052442089,24.5052693701856,24.4793722593216,24.5829212550199,24.6036184425424,24.6398284203822,24.6708553211965,24.6087920833666,24.5829212550199,24.6191385780148,24.6243114319154,24.7122098579989,24.6087920833666,24.5829212550199,24.5673956078683,24.6036184425424,24.525982322611,24.588095945611,24.5777463018912,24.3601606905737,24.3757179413665,24.2719579925803,24.3757179413665,24.2823387496704,24.0485149561396,24.0068898795898,24.220038309803,24.19406852432,24.2927184476639,24.3549744119754,24.5104480028654,24.5829212550199,24.5208044790397,24.7535476535085,24.9342041538485,24.9909160664447,25.0527477928007,25.0630494515398,25.1145422104357,25.1968768433364,25.1093940990381,25.1351320700124,25.1505717504272,25.1145422104357,25.1505717504272,25.1557177937613,25.1762993840732,25.2071640245704,25.1351320700124,25.1351320700124,25.2225928617629,25.0527477928007,25.0733500742259,25.1505717504272,25.1299849929454
23.9756598658044,24.0381102869696,24.0433127548394,24.0277045513642,24.0641199610143,24.1005223164376,24.0485149561396,23.9496275099604,23.8245791023491,23.6210456798163,23.4694344430479,23.5112809500315,23.7045960758182,23.6680512651093,23.7932928814756,23.8923327997404,23.9235884721781,24.0537168909092,24.1057215880592,24.0693210964281,23.9287968145261,23.9912760740285,23.8454312178827,23.9600412538547,24.0016855446331,23.8402185911997,23.8089371994645,23.8975427475285,23.8193654029997,23.7619969958994,23.6993761963129,23.7724300321434,23.8506435764983,23.9392126969559,24.1057215880592,23.9860709383021,23.9652477249841,23.735909702305,23.9287968145261,23.6471625897896,23.7776461473113,23.8506435764983,23.7724300321434,23.8350056964094,23.7098156861836,23.7515628848466,23.6837149425584,23.8923327997404,24.017297749009,24.1576996752618,24.0537168909092,24.1628960219406,24.2252314710217,24.2460014642685,24.2875287310348,24.235616997893,24.220038309803,24.3238511901693,24.3290390547373,24.2719579925803,24.3601606905737,24.3342266548802,24.3601606905737,24.3653467049792,24.3653467049792,24.3497878691456,24.313474667603,24.266767216777,24.2979078995965,24.1888737710728,24.3809031634257,24.3186630611374,24.396457245529,24.4120089523324,24.1888737710728,24.2771485035319,24.16809210295,24.1992630121316,24.2719579925803,24.3238511901693,24.2511932998677,24.3860881214467,24.3446010620456,24.3705324552306,24.3446010620456,24.4223754377718,24.3653467049792,24.2979078995965,24.261576176083,24.2563848704595,24.3082860095273,24.0849229045849,24.0901229747396,24.017297749009,24.16809210295,24.2096511916044,24.2460014642685,24.2719579925803,24.266767216777,24.2979078995965,24.2927184476639,24.2460014642685,24.3446010620456,24.2719579925803,24.3030970868713,24.4120089523324,24.2304243670388,24.2927184476639,24.2823387496704,24.3342266548802,24.266767216777,24.2563848704595,24.2511932998677,24.266767216777,24.220038309803,24.2719579925803,24.266767216777,24.2979078995965,24.1836787523513,24.3290390547373,24.3290390547373,24.396457245529,24.3342266548802,24.2927184476639,24.4275582848784,24.4120089523324,24.417192326936,24.4016414116675,24.4431052442089,24.417192326936,24.4327408682945,24.5052693701856,24.4949113154483,24.5052693701856,24.3705324552306,24.3809031634257,24.3601606905737,24.313474667603,24.3082860095273,24.3186630611374,24.396457245529,24.4016414116675,24.3757179413665,24.2927184476639,24.417192326936,24.4949113154483,24.3757179413665,24.3342266548802,24.3601606905737,24.4327408682945,24.3082860095273,24.2979078995965,24.396457245529,24.220038309803,24.3030970868713,24.4638308334468,24.3705324552306,24.4223754377718,24.2875287310348,24.4016414116675,24.4223754377718,24.3601606905737,24.396457245529,24.3809031634257,24.3446010620456,24.4327408682945,24.3446010620456,24.2719579925803,24.3705324552306,24.4431052442089,24.4379231880585,24.4690115721079,24.5622198668973,24.5673956078683,24.5777463018912,24.5725710861868,24.6036184425424,24.598444539334,24.6450002255868,24.5777463018912,24.4016414116675,24.3809031634257,24.417192326936,24.3705324552306,24.588095945611,24.593270373703,24.4638308334468,24.4586498313649,24.5208044790397,24.5156263724707,24.5000904743927,24.525982322611,24.6087920833666,24.5518675968447,24.6036184425424,24.6967038696157,24.7070414568379,24.6087920833666,24.4845522079513,24.6243114319154,24.5829212550199,24.588095945611,24.4016414116675,24.4534685658236,24.4275582848784,24.3757179413665,24.2927184476639,24.3809031634257,24.261576176083,24.0797225681742,24.0693210964281,24.0120939477021,24.2044572345467,24.3394139906367,24.1732879183289,24.3497878691456,24.3497878691456,24.588095945611,24.8671404277798,24.8929393729232,25.0012239478063,25.0990971001769,24.9909160664447,25.1762993840732,24.9496741564303,25.0578987516956,25.0784999971428,25.1454254487159,25.0063774992726,25.1557177937613,25.1917328656758,25.258584458684,25.1762993840732,25.1865886299367,25.0166838239645,25.2225928617629,25.1299849929454,25.0733500742259,25.0630494515398,25.0990971001769
24.0277045513642,24.0433127548394,23.8871225842407,24.1005223164376,24.0745219654683,24.0901229747396,23.9548345155266,23.8089371994645,23.6889356297228,23.594922025375,23.5112809500315,23.5112809500315,23.6314932528619,23.7150350274487,23.7619969958994,24.0953227786774,24.1628960219406,24.1628960219406,24.1732879183289,24.0849229045849,23.855855667086,24.02250128355,24.0433127548394,23.9079618401281,23.9183798623554,23.8089371994645,23.6993761963129,23.9964809427924,23.7985079225496,23.8714903310769,23.735909702305,23.7776461473113,23.9704539289542,23.8923327997404,23.9912760740285,23.9860709383021,23.9183798623554,23.7619969958994,23.6471625897896,23.7202540996537,23.6993761963129,23.7985079225496,23.7932928814756,23.7672136483527,23.8141514353848,23.855855667086,23.7724300321434,23.7985079225496,24.02250128355,24.16809210295,24.032907552491,24.0433127548394,24.1784834681163,24.0797225681742,24.313474667603,24.2823387496704,24.1421090408181,24.1109205935815,24.3082860095273,24.2927184476639,24.2460014642685,24.3549744119754,24.3912728154683,24.3912728154683,24.3290390547373,24.3446010620456,24.3446010620456,24.3601606905737,24.2927184476639,24.2460014642685,24.396457245529,24.235616997893,24.2408093636233,24.4275582848784,24.2408093636233,24.261576176083,24.2719579925803,24.19406852432,24.2408093636233,24.3186630611374,24.1992630121316,24.3342266548802,24.4327408682945,24.4223754377718,24.3653467049792,24.3030970868713,24.2875287310348,24.2771485035319,24.2771485035319,24.2719579925803,24.1732879183289,24.0120939477021,23.8975427475285,24.1784834681163,24.220038309803,24.2252314710217,24.2408093636233,24.1836787523513,24.220038309803,24.19406852432,24.1784834681163,24.2979078995965,24.2511932998677,24.3653467049792,24.2927184476639,24.3497878691456,24.396457245529,24.417192326936,24.261576176083,24.2511932998677,24.2823387496704,24.2408093636233,24.2563848704595,24.313474667603,24.2771485035319,24.2771485035319,24.2044572345467,24.2044572345467,24.2044572345467,24.3290390547373,24.2771485035319,24.3394139906367,24.261576176083,24.2823387496704,24.2927184476639,24.4327408682945,24.4534685658236,24.3238511901693,24.4016414116675,24.3860881214467,24.4845522079513,24.4482870367845,24.3082860095273,24.4431052442089,24.5156263724707,24.4327408682945,24.3601606905737,24.313474667603,24.4690115721079,24.2927184476639,24.2927184476639,24.3030970868713,24.3290390547373,24.3497878691456,24.2096511916044,24.3290390547373,24.4379231880585,24.3342266548802,24.3186630611374,24.3653467049792,24.2148448833435,24.3030970868713,24.2148448833435,24.3082860095273,24.3290390547373,24.4016414116675,24.3653467049792,24.3082860095273,24.3394139906367,24.4327408682945,24.4482870367845,24.2927184476639,24.2927184476639,24.3186630611374,24.3238511901693,24.3601606905737,24.3809031634257,24.2875287310348,24.3912728154683,24.3809031634257,24.3912728154683,24.5415142757223,24.593270373703,24.593270373703,24.6036184425424,24.598444539334,24.6087920833666,24.6450002255868,24.593270373703,24.6346563530609,24.6553430497988,24.5104480028654,24.3860881214467,24.3497878691456,24.5622198668973,24.3601606905737,24.4638308334468,24.396457245529,24.4690115721079,24.5363372209139,24.5052693701856,24.5052693701856,24.4949113154483,24.5363372209139,24.6294840235847,24.6191385780148,24.6967038696157,24.588095945611,24.5673956078683,24.4586498313649,24.5725710861868,24.5363372209139,24.4949113154483,24.5570438632356,24.2927184476639,24.3601606905737,24.261576176083,24.2875287310348,24.235616997893,24.2044572345467,24.0641199610143,24.0641199610143,24.16809210295,24.220038309803,24.2148448833435,24.3342266548802,24.3394139906367,24.4949113154483,24.6346563530609,24.9238895190908,24.7535476535085,24.9857617364743,25.0939482126385,25.14027888859,25.1917328656758,25.0887990663117,25.1505717504272,25.1454254487159,25.0527477928007,25.2328774638867,25.1814441360816,25.1042457289643,25.2842850136107,25.1093940990381,25.0218365972651,25.1454254487159,25.1608635787557,25.1145422104357,25.0115307913128,25.0784999971428
24.1992630121316,24.0120939477021,24.0277045513642,24.1369116310709,24.1057215880592,24.2511932998677,23.8871225842407,23.9548345155266,23.7932928814756,23.6680512651093,23.6314932528619,23.4955905406738,23.7254729028382,23.8819121009899,24.0068898795898,23.8975427475285,24.0068898795898,23.9964809427924,24.1369116310709,23.9287968145261,23.9183798623554,23.8193654029997,24.0433127548394,23.9652477249841,23.8297925334724,23.7828619938962,23.8662790443357,23.8454312178827,23.6784939860947,23.6941560476277,23.756780074744,23.8402185911997,23.855855667086,23.9496275099604,23.9183798623554,23.9808655355738,23.8297925334724,23.8819121009899,23.6680512651093,23.6471625897896,23.6889356297228,23.7411276986669,23.8610674896852,23.8610674896852,23.8402185911997,23.7985079225496,23.8402185911997,23.7880775719377,24.0068898795898,24.0589185591878,24.1057215880592,24.0901229747396,24.0849229045849,24.2252314710217,24.16809210295,24.0953227786774,24.0537168909092,24.1628960219406,24.1057215880592,24.3705324552306,24.3705324552306,24.2771485035319,24.4690115721079,24.2979078995965,24.2979078995965,24.3082860095273,24.2148448833435,24.235616997893,24.2304243670388,24.2511932998677,24.2408093636233,24.235616997893,24.235616997893,24.3446010620456,24.3912728154683,24.2979078995965,24.2460014642685,24.2252314710217,24.2719579925803,24.2044572345467,24.3912728154683,24.3912728154683,24.3446010620456,24.3757179413665,24.3342266548802,24.2563848704595,24.4586498313649,24.3705324552306,24.3809031634257,24.4275582848784,24.1888737710728,24.1732879183289,24.0953227786774,24.1576996752618,24.0589185591878,24.2408093636233,24.3082860095273,24.3446010620456,24.2823387496704,24.3030970868713,24.3342266548802,24.3497878691456,24.3238511901693,24.266767216777,24.2719579925803,24.3082860095273,24.3757179413665,24.3082860095273,24.266767216777,24.2304243670388,24.2460014642685,24.2719579925803,24.2563848704595,24.2252314710217,24.235616997893,24.2823387496704,24.2304243670388,24.19406852432,24.1992630121316,24.19406852432,24.3238511901693,24.2408093636233,24.2875287310348,24.2979078995965,24.2719579925803,24.396457245529,24.4379231880585,24.4845522079513,24.4534685658236,24.4897318933139,24.4586498313649,24.4638308334468,24.5000904743927,24.4016414116675,24.4327408682945,24.3446010620456,24.5000904743927,24.3446010620456,24.3342266548802,24.3030970868713,24.3082860095273,24.3705324552306,24.3601606905737,24.3394139906367,24.396457245529,24.4120089523324,24.4431052442089,24.3809031634257,24.3082860095273,24.3030970868713,24.3082860095273,24.2252314710217,24.3757179413665,24.3290390547373,24.3082860095273,24.3186630611374,24.3912728154683,24.3342266548802,24.4327408682945,24.4431052442089,24.4120089523324,24.417192326936,24.3394139906367,24.3497878691456,24.3446010620456,24.2823387496704,24.2875287310348,24.4482870367845,24.3705324552306,24.3653467049792,24.4534685658236,24.4327408682945,24.5363372209139,24.4327408682945,24.6036184425424,24.593270373703,24.6036184425424,24.6191385780148,24.6139654618445,24.5415142757223,24.5000904743927,24.5104480028654,24.3809031634257,24.3809031634257,24.3860881214467,24.396457245529,24.4586498313649,24.4690115721079,24.4431052442089,24.588095945611,24.6243114319154,24.6191385780148,24.6346563530609,24.6139654618445,24.7070414568379,24.6294840235847,24.7277134921382,24.6191385780148,24.598444539334,24.6450002255868,24.6191385780148,24.598444539334,24.4534685658236,24.5673956078683,24.5104480028654,24.4016414116675,24.3497878691456,24.3238511901693,24.1784834681163,24.1628960219406,24.0745219654683,24.1732879183289,24.235616997893,24.1732879183289,24.19406852432,24.4068253139224,24.4638308334468,24.5622198668973,24.5725710861868,24.7328808471969,24.9702971889533,24.8774607869049,25.1196900631945,25.1454254487159,25.0939482126385,25.2123072282184,25.1557177937613,25.0424450977087,25.2071640245704,25.0424450977087,25.124837657352,25.2945634334578,25.1814441360816,25.1762993840732,25.1454254487159,25.1917328656758,25.2328774638867,25.0630494515398,25.1505717504272,25.0836496611589
24.1265160139431,24.0433127548394,24.02250128355,24.0641199610143,24.1005223164376,24.2252314710217,24.1005223164376,23.8975427475285,23.8454312178827,23.855855667086,23.5008209478141,23.6419397471125,23.8871225842407,24.02250128355,24.0901229747396,24.0381102869696,24.02250128355,24.0068898795898,23.9704539289542,23.9079618401281,23.9079618401281,24.017297749009,23.9392126969559,24.0433127548394,23.9392126969559,23.7202540996537,23.7202540996537,23.7202540996537,23.8193654029997,23.6053722968077,23.6001472960607,23.8662790443357,23.8714903310769,23.8662790443357,23.7776461473113,23.7098156861836,23.8245791023491,23.8454312178827,23.7932928814756,23.5008209478141,23.6419397471125,23.730691437042,23.8350056964094,23.855855667086,23.6732727602916,23.8193654029997,23.7932928814756,23.7776461473113,23.8767013499485,23.8350056964094,23.8089371994645,24.0641199610143,23.9496275099604,24.0953227786774,24.16809210295,24.0901229747396,24.1109205935815,24.0901229747396,24.1784834681163,24.2304243670388,24.0901229747396,24.3860881214467,24.3757179413665,24.3809031634257,24.3082860095273,24.3186630611374,24.3497878691456,24.2252314710217,24.2511932998677,24.2408093636233,24.2511932998677,24.1369116310709,24.261576176083,24.2252314710217,24.3394139906367,24.1576996752618,24.1576996752618,24.1369116310709,24.0641199610143,24.266767216777,24.2460014642685,24.2771485035319,24.3342266548802,24.4327408682945,24.2979078995965,24.2563848704595,24.3238511901693,24.3342266548802,24.2304243670388,24.19406852432,24.2511932998677,24.1265160139431,24.1784834681163,24.1992630121316,24.235616997893,24.235616997893,24.2408093636233,24.3394139906367,24.3238511901693,24.2927184476639,24.2096511916044,24.266767216777,24.3082860095273,24.2927184476639,24.3497878691456,24.3601606905737,24.313474667603,24.3030970868713,24.313474667603,24.2096511916044,24.2408093636233,24.2875287310348,24.1473061847397,24.2563848704595,24.2096511916044,24.3082860095273,24.19406852432,24.2044572345467,24.1888737710728,24.19406852432,24.3446010620456,24.1784834681163,24.3342266548802,24.3653467049792,24.2927184476639,24.3757179413665,24.3912728154683,24.2511932998677,24.4586498313649,24.4275582848784,24.4482870367845,24.3601606905737,24.417192326936,24.4586498313649,24.3342266548802,24.3446010620456,24.5104480028654,24.3342266548802,24.3497878691456,24.4690115721079,24.3653467049792,24.3549744119754,24.3030970868713,24.4327408682945,24.3549744119754,24.3497878691456,24.4068253139224,24.4897318933139,24.3549744119754,24.19406852432,24.3601606905737,24.4223754377718,24.2719579925803,24.3186630611374,24.3290390547373,24.3860881214467,24.4690115721079,24.2979078995965,24.396457245529,24.4379231880585,24.4016414116675,24.4845522079513,24.4016414116675,24.4379231880585,24.3497878691456,24.3030970868713,24.3446010620456,24.4638308334468,24.5052693701856,24.4068253139224,24.5156263724707,24.5104480028654,24.4741920473867,24.4949113154483,24.5518675968447,24.5570438632356,24.6294840235847,24.588095945611,24.598444539334,24.6346563530609,24.5725710861868,24.5466910676864,24.3809031634257,24.3497878691456,24.4482870367845,24.5363372209139,24.4949113154483,24.4741920473867,24.4949113154483,24.5156263724707,24.4949113154483,24.5363372209139,24.6139654618445,24.5415142757223,24.6294840235847,24.6191385780148,24.7845400253874,24.7432147730614,24.4949113154483,24.6036184425424,24.5777463018912,24.5673956078683,24.6243114319154,24.5000904743927,24.4534685658236,24.3549744119754,24.3186630611374,24.3082860095273,24.19406852432,24.1473061847397,24.16809210295,24.0901229747396,24.1057215880592,24.19406852432,24.2252314710217,24.2460014642685,24.313474667603,24.4431052442089,24.5725710861868,24.6191385780148,24.7122098579989,24.9032571289301,24.9238895190908,24.9754522977662,24.9342041538485,25.1608635787557,25.0733500742259,25.0578987516956,25.0424450977087,25.124837657352,25.1557177937613,25.0424450977087,25.0939482126385,25.1865886299367,25.1145422104357,25.2534435750629,25.1145422104357,25.0578987516956,25.0887990663117,25.3099791333095
24.1005223164376,24.0849229045849,24.0849229045849,24.1213178064842,24.0797225681742,24.2719579925803,23.9652477249841,23.8975427475285,23.8819121009899,23.6367166348165,23.6889356297228,23.652385162888,23.8350056964094,24.0849229045849,24.2511932998677,24.2304243670388,24.02250128355,24.0485149561396,24.16809210295,23.9392126969559,24.1057215880592,24.0016855446331,24.0433127548394,24.032907552491,23.8819121009899,23.855855667086,23.8245791023491,23.8402185911997,23.7880775719377,23.8610674896852,23.7411276986669,23.9079618401281,24.0485149561396,23.9444202371166,23.8297925334724,23.7619969958994,23.8871225842407,23.9027524276446,23.7150350274487,23.5060510842532,23.6628295005078,23.8193654029997,23.8037226951994,23.8297925334724,23.8454312178827,23.8193654029997,23.8245791023491,23.8141514353848,23.9183798623554,23.9340048894389,23.9600412538547,24.0120939477021,24.1005223164376,24.2096511916044,24.2304243670388,24.1732879183289,24.1057215880592,24.0901229747396,24.1057215880592,24.1784834681163,24.2927184476639,24.220038309803,24.3394139906367,24.3342266548802,24.3757179413665,24.3860881214467,24.3497878691456,24.3238511901693,24.2823387496704,24.1784834681163,24.3394139906367,24.3186630611374,24.3601606905737,24.3653467049792,24.235616997893,24.2408093636233,24.1421090408181,24.1628960219406,24.2460014642685,24.2979078995965,24.3082860095273,24.3705324552306,24.266767216777,24.3860881214467,24.2979078995965,24.4741920473867,24.3446010620456,24.3497878691456,24.3082860095273,24.3290390547373,24.261576176083,24.1576996752618,24.2408093636233,24.2460014642685,24.1369116310709,24.1732879183289,24.3030970868713,24.2875287310348,24.235616997893,24.2823387496704,24.261576176083,24.2823387496704,24.3290390547373,24.417192326936,24.3446010620456,24.3653467049792,24.4482870367845,24.2460014642685,24.2563848704595,24.1628960219406,24.19406852432,24.2875287310348,24.3030970868713,24.1213178064842,24.16809210295,24.266767216777,24.3238511901693,24.2875287310348,24.2511932998677,24.3238511901693,24.1836787523513,24.2927184476639,24.2875287310348,24.2875287310348,24.3860881214467,24.4327408682945,24.235616997893,24.2408093636233,24.4016414116675,24.3342266548802,24.4534685658236,24.4120089523324,24.5415142757223,24.4120089523324,24.3394139906367,24.3394139906367,24.5208044790397,24.3186630611374,24.3601606905737,24.3238511901693,24.396457245529,24.3342266548802,24.4275582848784,24.3497878691456,24.3912728154683,24.4068253139224,24.4275582848784,24.4068253139224,24.3082860095273,24.2563848704595,24.2823387496704,24.261576176083,24.2979078995965,24.3030970868713,24.2823387496704,24.3082860095273,24.313474667603,24.3549744119754,24.4016414116675,24.4120089523324,24.4327408682945,24.3809031634257,24.4223754377718,24.3757179413665,24.3394139906367,24.3497878691456,24.2979078995965,24.3705324552306,24.3912728154683,24.5570438632356,24.5311599032229,24.4482870367845,24.5208044790397,24.5156263724707,24.5311599032229,24.5725710861868,24.4897318933139,24.5518675968447,24.6605140688826,24.5518675968447,24.4793722593216,24.4793722593216,24.4120089523324,24.3757179413665,24.4690115721079,24.4223754377718,24.4275582848784,24.4741920473867,24.4379231880585,24.588095945611,24.5000904743927,24.4638308334468,24.5777463018912,24.598444539334,24.6294840235847,24.6450002255868,24.7277134921382,24.6553430497988,24.6450002255868,24.7018727940562,24.4949113154483,24.5156263724707,24.4638308334468,24.5156263724707,24.3601606905737,24.3446010620456,24.2719579925803,24.1888737710728,24.1369116310709,24.16809210295,24.0849229045849,24.1005223164376,24.16809210295,24.1265160139431,24.235616997893,24.2096511916044,24.3860881214467,24.4482870367845,24.4379231880585,24.6656848260024,24.6553430497988,24.9084156166453,24.9084156166453,24.9135738442187,24.9342041538485,25.0475965748176,25.0733500742259,25.2071640245704,25.0321413659635,25.2225928617629,25.0733500742259,25.124837657352,25.1917328656758,25.1968768433364,25.1865886299367,25.1093940990381,25.0578987516956,25.0733500742259,25.0887990663117,25.0475965748176
24.1213178064842,24.0849229045849,24.2823387496704,24.0068898795898,24.1213178064842,24.1265160139431,24.0901229747396,23.7828619938962,23.6471625897896,23.6471625897896,23.5165105451891,23.6576074664474,23.8767013499485,24.0849229045849,24.2408093636233,24.0901229747396,24.0745219654683,24.0849229045849,24.02250128355,23.9287968145261,24.1421090408181,24.0901229747396,24.0537168909092,23.9548345155266,24.0068898795898,24.0433127548394,23.8662790443357,23.8454312178827,23.8141514353848,23.7254729028382,23.8975427475285,23.8402185911997,23.9079618401281,23.8245791023491,23.756780074744,23.7515628848466,23.7724300321434,23.8871225842407,23.735909702305,23.730691437042,23.7985079225496,23.8767013499485,23.8402185911997,23.9131709850186,23.6837149425584,23.8141514353848,23.7619969958994,23.8193654029997,23.9860709383021,24.02250128355,23.9808655355738,23.9496275099604,24.3446010620456,24.2304243670388,24.3497878691456,24.1525030628745,24.1005223164376,24.19406852432,24.3342266548802,24.1888737710728,24.2148448833435,24.3497878691456,24.3497878691456,24.417192326936,24.4068253139224,24.3549744119754,24.2252314710217,24.3653467049792,24.2252314710217,24.1888737710728,24.313474667603,24.1732879183289,24.3238511901693,24.3030970868713,24.3342266548802,24.1473061847397,24.1784834681163,24.1057215880592,24.2875287310348,24.2823387496704,24.2979078995965,24.1888737710728,24.2979078995965,24.4431052442089,24.2148448833435,24.2927184476639,24.3757179413665,24.2252314710217,24.3290390547373,24.3290390547373,24.3809031634257,24.2511932998677,24.266767216777,24.2927184476639,24.2823387496704,24.0485149561396,24.0745219654683,24.2408093636233,24.2304243670388,24.396457245529,24.3809031634257,24.3549744119754,24.220038309803,24.3030970868713,24.3497878691456,24.3342266548802,24.2771485035319,24.313474667603,24.266767216777,24.220038309803,24.3290390547373,24.2979078995965,24.2927184476639,24.2875287310348,24.3082860095273,24.1992630121316,24.2408093636233,24.2460014642685,24.2044572345467,24.261576176083,24.2979078995965,24.3290390547373,24.3497878691456,24.2875287310348,24.4275582848784,24.266767216777,24.235616997893,24.3082860095273,24.3497878691456,24.3030970868713,24.4482870367845,24.4638308334468,24.4793722593216,24.4690115721079,24.4068253139224,24.4431052442089,24.3809031634257,24.3653467049792,24.3342266548802,24.396457245529,24.3342266548802,24.3186630611374,24.3186630611374,24.19406852432,24.396457245529,24.3653467049792,24.4068253139224,24.3705324552306,24.3082860095273,24.3082860095273,24.2823387496704,24.266767216777,24.2719579925803,24.2771485035319,24.2719579925803,24.2719579925803,24.3290390547373,24.4690115721079,24.3757179413665,24.3186630611374,24.3549744119754,24.2979078995965,24.3860881214467,24.4275582848784,24.2719579925803,24.3705324552306,24.5104480028654,24.5156263724707,24.5208044790397,24.5673956078683,24.5415142757223,24.5518675968447,24.3705324552306,24.5156263724707,24.5104480028654,24.5156263724707,24.5673956078683,24.6553430497988,24.5518675968447,24.5518675968447,24.5622198668973,24.4327408682945,24.4741920473867,24.4379231880585,24.4586498313649,24.5518675968447,24.3601606905737,24.4793722593216,24.4638308334468,24.588095945611,24.4638308334468,24.5777463018912,24.5000904743927,24.5673956078683,24.6139654618445,24.7432147730614,24.7690450146872,24.6501717687129,24.6450002255868,24.7070414568379,24.5570438632356,24.4741920473867,24.5052693701856,24.588095945611,24.5000904743927,24.4431052442089,24.3342266548802,24.16809210295,24.3497878691456,24.0953227786774,24.2044572345467,24.0797225681742,24.032907552491,24.0693210964281,24.0433127548394,24.4223754377718,24.4431052442089,24.4793722593216,24.4793722593216,24.4534685658236,24.5725710861868,24.8155229994525,24.8723007375455,24.9445177487934,25.0527477928007,25.1608635787557,25.1557177937613,25.0527477928007,25.0784999971428,25.1093940990381,25.1608635787557,25.0836496611589,25.1351320700124,25.1608635787557,25.1762993840732,25.0939482126385,25.0733500742259,24.9909160664447,25.0578987516956,25.0269891112523
24.266767216777,24.0953227786774,24.0433127548394,24.1836787523513,24.2979078995965,24.2460014642685,24.1525030628745,23.6314932528619,23.5008209478141,23.6471625897896,23.3909254886298,23.7880775719377,23.7724300321434,24.0797225681742,24.2252314710217,24.0953227786774,24.1005223164376,24.1836787523513,24.0641199610143,24.0745219654683,24.1317139554589,24.0901229747396,24.1836787523513,24.0901229747396,24.2044572345467,24.1265160139431,24.017297749009,23.9912760740285,23.8297925334724,23.8975427475285,23.8871225842407,23.8975427475285,23.9287968145261,23.8350056964094,23.652385162888,23.8610674896852,23.8923327997404,23.8454312178827,23.9079618401281,23.9079618401281,23.7463454261675,23.8297925334724,23.8141514353848,23.8350056964094,23.8454312178827,23.8037226951994,23.7672136483527,23.8245791023491,23.7985079225496,24.02250128355,23.9600412538547,24.0901229747396,24.0901229747396,24.19406852432,24.19406852432,24.1161193330435,24.1836787523513,24.1109205935815,24.1369116310709,24.3290390547373,24.313474667603,24.3446010620456,24.3238511901693,24.417192326936,24.4223754377718,24.3290390547373,24.4068253139224,24.313474667603,24.220038309803,24.2252314710217,24.19406852432,24.266767216777,24.3342266548802,24.2408093636233,24.19406852432,24.1836787523513,24.1161193330435,24.0849229045849,24.261576176083,24.2823387496704,24.235616997893,24.4016414116675,24.16809210295,24.3290390547373,24.4327408682945,24.4741920473867,24.4327408682945,24.3394139906367,24.4068253139224,24.3290390547373,24.3342266548802,24.4949113154483,24.3082860095273,24.2875287310348,24.2875287310348,24.1888737710728,24.0589185591878,24.0589185591878,24.2304243670388,24.4223754377718,24.3238511901693,24.3912728154683,24.261576176083,24.2148448833435,24.3342266548802,24.2304243670388,24.2460014642685,24.3290390547373,24.2408093636233,24.2252314710217,24.2408093636233,24.235616997893,24.3446010620456,24.1732879183289,24.2875287310348,24.2875287310348,24.2252314710217,24.2408093636233,24.1992630121316,24.2044572345467,24.1265160139431,24.313474667603,24.2875287310348,24.4068253139224,24.3238511901693,24.2979078995965,24.3705324552306,24.3030970868713,24.3186630611374,24.313474667603,24.4275582848784,24.3082860095273,24.4534685658236,24.4482870367845,24.4949113154483,24.5673956078683,24.4482870367845,24.417192326936,24.3860881214467,24.2979078995965,24.3394139906367,24.4638308334468,24.313474667603,24.313474667603,24.4482870367845,24.4431052442089,24.3549744119754,24.4068253139224,24.3601606905737,24.2979078995965,24.2563848704595,24.4068253139224,24.235616997893,24.3186630611374,24.2511932998677,24.2771485035319,24.313474667603,24.2927184476639,24.4016414116675,24.3446010620456,24.2875287310348,24.3030970868713,24.3290390547373,24.1836787523513,24.261576176083,24.4068253139224,24.4223754377718,24.5311599032229,24.417192326936,24.5104480028654,24.5415142757223,24.4120089523324,24.4016414116675,24.4690115721079,24.5052693701856,24.4741920473867,24.5518675968447,24.593270373703,24.4897318933139,24.4897318933139,24.5466910676864,24.4638308334468,24.5052693701856,24.4275582848784,24.4690115721079,24.4638308334468,24.4793722593216,24.593270373703,24.4638308334468,24.5156263724707,24.5829212550199,24.4949113154483,24.5829212550199,24.5570438632356,24.525982322611,24.6605140688826,24.6450002255868,24.6863652356057,24.6553430497988,24.7173779975772,24.4845522079513,24.6139654618445,24.5208044790397,24.4586498313649,24.3549744119754,24.4275582848784,24.3549744119754,24.313474667603,24.2044572345467,24.3186630611374,24.1992630121316,24.2148448833435,24.1161193330435,24.2408093636233,24.235616997893,24.2927184476639,24.4275582848784,24.5156263724707,24.5725710861868,24.5311599032229,24.6863652356057,24.7328808471969,24.9599861922213,24.9806071469274,25.0321413659635,25.0321413659635,25.1145422104357,25.1505717504272,25.0527477928007,25.0372933614365,25.0681998923707,25.0115307913128,25.1865886299367,25.1917328656758,25.1042457289643,25.0733500742259,25.1042457289643,25.0475965748176,25.1351320700124,25.2791454175921
24.1525030628745,24.1473061847397,24.16809210295,24.1525030628745,24.16809210295,24.16809210295,23.8714903310769,23.7515628848466,23.6158214886455,23.6889356297228,23.5478824353497,23.5112809500315,23.9131709850186,24.0277045513642,24.0745219654683,23.9808655355738,23.9131709850186,24.0849229045849,23.9496275099604,24.1732879183289,24.0537168909092,24.0537168909092,24.19406852432,24.396457245529,24.1992630121316,24.1888737710728,23.8819121009899,23.730691437042,23.8402185911997,23.8350056964094,24.0277045513642,24.0277045513642,23.9340048894389,23.8767013499485,23.7985079225496,23.7776461473113,23.8506435764983,23.7672136483527,23.8454312178827,23.9340048894389,23.9027524276446,23.8662790443357,23.8245791023491,23.8923327997404,23.8245791023491,23.9287968145261,23.8037226951994,23.8297925334724,23.7098156861836,23.9287968145261,23.9912760740285,24.017297749009,24.1473061847397,24.3030970868713,24.1525030628745,24.1992630121316,24.2252314710217,24.16809210295,24.0433127548394,24.2252314710217,24.3238511901693,24.3446010620456,24.396457245529,24.417192326936,24.3342266548802,24.3342266548802,24.2979078995965,24.2252314710217,24.313474667603,24.1732879183289,24.2719579925803,24.2979078995965,24.3342266548802,24.2563848704595,24.2719579925803,24.2148448833435,24.0849229045849,24.0953227786774,24.2148448833435,24.3186630611374,24.2304243670388,24.235616997893,24.2719579925803,24.2719579925803,24.3082860095273,24.4845522079513,24.4275582848784,24.4275582848784,24.4016414116675,24.4016414116675,24.3549744119754,24.3653467049792,24.3030970868713,24.1265160139431,24.0589185591878,24.1369116310709,24.1317139554589,24.220038309803,24.2304243670388,24.220038309803,24.2096511916044,24.220038309803,24.4327408682945,24.2771485035319,24.3030970868713,24.2304243670388,24.2927184476639,24.313474667603,24.266767216777,24.2771485035319,24.220038309803,24.2148448833435,24.3186630611374,24.2511932998677,24.3809031634257,24.2823387496704,24.261576176083,24.261576176083,24.19406852432,24.0693210964281,24.220038309803,24.3757179413665,24.4223754377718,24.3394139906367,24.3497878691456,24.3757179413665,24.3653467049792,24.3497878691456,24.313474667603,24.3082860095273,24.3238511901693,24.3186630611374,24.4845522079513,24.4690115721079,24.4431052442089,24.4586498313649,24.4431052442089,24.4949113154483,24.4431052442089,24.3549744119754,24.3394139906367,24.313474667603,24.4068253139224,24.417192326936,24.4482870367845,24.4120089523324,24.417192326936,24.4690115721079,24.4120089523324,24.3912728154683,24.3290390547373,24.4275582848784,24.3549744119754,24.4586498313649,24.2875287310348,24.266767216777,24.3186630611374,24.2875287310348,24.4431052442089,24.3653467049792,24.3601606905737,24.3757179413665,24.3394139906367,24.261576176083,24.3394139906367,24.5000904743927,24.4327408682945,24.5156263724707,24.5000904743927,24.4690115721079,24.5622198668973,24.525982322611,24.525982322611,24.68119552596,24.5156263724707,24.5363372209139,24.5570438632356,24.5570438632356,24.3601606905737,24.5363372209139,24.5363372209139,24.5156263724707,24.525982322611,24.4586498313649,24.4845522079513,24.3549744119754,24.4638308334468,24.4793722593216,24.5829212550199,24.5622198668973,24.6450002255868,24.6915346834782,24.7742102793675,24.6346563530609,24.6760255545029,24.6656848260024,24.7173779975772,24.6656848260024,24.7070414568379,24.6967038696157,24.5673956078683,24.598444539334,24.588095945611,24.4949113154483,24.5311599032229,24.4482870367845,24.313474667603,24.313474667603,24.220038309803,24.2148448833435,24.266767216777,24.1109205935815,24.220038309803,24.2304243670388,24.313474667603,24.3757179413665,24.5000904743927,24.4741920473867,24.6191385780148,24.5518675968447,24.6863652356057,24.6656848260024,24.9806071469274,25.0321413659635,25.0372933614365,25.0372933614365,25.0372933614365,25.0321413659635,25.1557177937613,25.0372933614365,25.0166838239645,25.1608635787557,25.1762993840732,25.1711543738743,25.0887990663117,25.0887990663117,25.0733500742259,25.1660091054476,24.9599861922213,25.0218365972651
24.02250128355,24.2563848704595,24.0120939477021,24.1628960219406,24.16809210295,24.1784834681163,23.6105970276559,23.6471625897896,23.4589701076814,23.5321977073394,23.6314932528619,23.6837149425584,23.7880775719377,24.0120939477021,23.7932928814756,23.9027524276446,24.032907552491,24.1888737710728,24.1836787523513,24.0901229747396,24.2304243670388,24.1525030628745,24.1888737710728,24.2927184476639,24.396457245529,24.1213178064842,23.9964809427924,23.8402185911997,23.8819121009899,24.0277045513642,24.0120939477021,23.9392126969559,23.9340048894389,23.9600412538547,23.7672136483527,23.8871225842407,23.7985079225496,23.9131709850186,23.8819121009899,23.9287968145261,23.9079618401281,23.8454312178827,23.8350056964094,23.8141514353848,23.7985079225496,23.8037226951994,23.9131709850186,23.9235884721781,23.756780074744,23.8297925334724,24.0016855446331,23.9496275099604,24.0068898795898,24.16809210295,24.1576996752618,24.3082860095273,24.2044572345467,24.220038309803,24.2252314710217,24.235616997893,24.2460014642685,24.3860881214467,24.2719579925803,24.3860881214467,24.3809031634257,24.3082860095273,24.3030970868713,24.2252314710217,24.3082860095273,24.2460014642685,24.417192326936,24.19406852432,24.2252314710217,24.1836787523513,24.1213178064842,24.1576996752618,24.1888737710728,24.1005223164376,24.1109205935815,24.3705324552306,24.4223754377718,24.2304243670388,24.1628960219406,24.2875287310348,24.2771485035319,24.2252314710217,24.3290390547373,24.3809031634257,24.4690115721079,24.4068253139224,24.3757179413665,24.3186630611374,24.2927184476639,24.2771485035319,24.1888737710728,24.2511932998677,24.1525030628745,24.0589185591878,24.0641199610143,24.0901229747396,24.235616997893,24.19406852432,24.3082860095273,24.2927184476639,24.2511932998677,24.2823387496704,24.235616997893,24.3238511901693,24.235616997893,24.2460014642685,24.2408093636233,24.2408093636233,24.2460014642685,24.2875287310348,24.2823387496704,24.2148448833435,24.220038309803,24.266767216777,24.2252314710217,24.2044572345467,24.2563848704595,24.3860881214467,24.3809031634257,24.3653467049792,24.3601606905737,24.3342266548802,24.3705324552306,24.3082860095273,24.3497878691456,24.3394139906367,24.313474667603,24.3653467049792,24.4068253139224,24.4482870367845,24.4845522079513,24.396457245529,24.4534685658236,24.4068253139224,24.3342266548802,24.3860881214467,24.3394139906367,24.3238511901693,24.3082860095273,24.417192326936,24.2979078995965,24.5311599032229,24.4741920473867,24.4223754377718,24.4016414116675,24.2823387496704,24.4016414116675,24.3912728154683,24.3394139906367,24.3497878691456,24.313474667603,24.3238511901693,24.2408093636233,24.3082860095273,24.3082860095273,24.3394139906367,24.313474667603,24.3549744119754,24.2927184476639,24.2096511916044,24.235616997893,24.4275582848784,24.4120089523324,24.4275582848784,24.5363372209139,24.5052693701856,24.5829212550199,24.5311599032229,24.5311599032229,24.266767216777,24.4793722593216,24.4690115721079,24.5415142757223,24.5570438632356,24.5415142757223,24.5622198668973,24.5673956078683,24.4949113154483,24.5156263724707,24.5673956078683,24.4845522079513,24.4741920473867,24.4068253139224,24.4897318933139,24.5363372209139,24.588095945611,24.5156263724707,24.6605140688826,24.6450002255868,24.6605140688826,24.4741920473867,24.6656848260024,24.6036184425424,24.7122098579989,24.6139654618445,24.7070414568379,24.6656848260024,24.4793722593216,24.5000904743927,24.4534685658236,24.4482870367845,24.3601606905737,24.3238511901693,24.3290390547373,24.3290390547373,24.2511932998677,24.2044572345467,24.220038309803,24.1265160139431,24.3653467049792,24.313474667603,24.3601606905737,24.593270373703,24.5052693701856,24.5415142757223,24.5363372209139,24.6036184425424,24.7328808471969,24.9857617364743,25.0424450977087,25.0475965748176,25.0475965748176,25.1505717504272,25.1505717504272,25.0475965748176,25.1660091054476,25.1093940990381,25.2071640245704,25.2020205629554,25.2071640245704,25.0887990663117,25.0321413659635,25.1351320700124,25.0218365972651,25.2380193782588,25.1454254487159
24.0537168909092,24.19406852432,24.2044572345467,24.1265160139431,24.0016855446331,24.0433127548394,23.8767013499485,23.735909702305,23.5269689238028,23.4537375334835,23.5896964847104,23.7724300321434,23.7619969958994,24.0381102869696,23.9808655355738,23.8037226951994,24.0016855446331,24.1576996752618,24.0953227786774,24.017297749009,24.1888737710728,24.1161193330435,24.1421090408181,24.1265160139431,24.1732879183289,23.9496275099604,24.1213178064842,23.9392126969559,24.0381102869696,23.8350056964094,23.8975427475285,24.0120939477021,23.8871225842407,23.8923327997404,23.9287968145261,23.8610674896852,23.9340048894389,23.8714903310769,23.8871225842407,23.8923327997404,23.8662790443357,23.8819121009899,23.8089371994645,23.652385162888,23.7254729028382,23.8923327997404,23.8714903310769,23.8193654029997,23.9340048894389,24.1057215880592,23.9912760740285,23.9756598658044,24.0849229045849,24.0953227786774,24.2979078995965,24.2875287310348,24.3446010620456,24.3186630611374,24.2875287310348,24.396457245529,24.4068253139224,24.4949113154483,24.396457245529,24.4431052442089,24.3394139906367,24.3549744119754,24.3342266548802,24.261576176083,24.2252314710217,24.2408093636233,24.2252314710217,24.3446010620456,24.3394139906367,24.2408093636233,24.1784834681163,24.1992630121316,24.19406852432,24.1473061847397,24.2927184476639,24.3446010620456,24.2460014642685,24.3757179413665,24.2511932998677,24.3705324552306,24.2408093636233,24.2304243670388,24.2719579925803,24.3238511901693,24.4016414116675,24.4068253139224,24.2979078995965,24.2927184476639,24.313474667603,24.2096511916044,24.3030970868713,24.1525030628745,24.1421090408181,24.1421090408181,24.1265160139431,24.0433127548394,24.1525030628745,24.0693210964281,24.1525030628745,24.1732879183289,24.313474667603,24.220038309803,24.220038309803,24.313474667603,24.2460014642685,24.3549744119754,24.2771485035319,24.3809031634257,24.261576176083,24.2408093636233,24.2927184476639,24.3342266548802,24.2148448833435,24.2927184476639,24.3082860095273,24.1992630121316,24.2096511916044,24.3446010620456,24.3290390547373,24.3446010620456,24.2719579925803,24.2823387496704,24.3446010620456,24.2823387496704,24.4223754377718,24.4586498313649,24.3497878691456,24.5000904743927,24.4431052442089,24.4949113154483,24.4793722593216,24.4690115721079,24.3238511901693,24.6036184425424,24.4016414116675,24.4534685658236,24.3082860095273,24.3186630611374,24.313474667603,24.2927184476639,24.5415142757223,24.3912728154683,24.4741920473867,24.3497878691456,24.3705324552306,24.417192326936,24.4120089523324,24.3860881214467,24.5156263724707,24.3912728154683,24.2719579925803,24.3705324552306,24.3082860095273,24.1421090408181,24.1836787523513,24.3290390547373,24.3186630611374,24.1369116310709,24.235616997893,24.2148448833435,24.3912728154683,24.396457245529,24.2460014642685,24.417192326936,24.396457245529,24.4949113154483,24.4120089523324,24.4949113154483,24.525982322611,24.4586498313649,24.4534685658236,24.5518675968447,24.5208044790397,24.4431052442089,24.4741920473867,24.598444539334,24.5415142757223,24.5415142757223,24.5518675968447,24.4586498313649,24.5518675968447,24.4638308334468,24.4016414116675,24.4068253139224,24.5208044790397,24.6656848260024,24.593270373703,24.6294840235847,24.5622198668973,24.6398284203822,24.5622198668973,24.5622198668973,24.6863652356057,24.7070414568379,24.6967038696157,24.6139654618445,24.6036184425424,24.4223754377718,24.4534685658236,24.4638308334468,24.3497878691456,24.3601606905737,24.3653467049792,24.3394139906367,24.19406852432,24.2408093636233,24.2511932998677,24.2252314710217,24.1576996752618,24.3497878691456,24.3705324552306,24.3653467049792,24.4327408682945,24.5052693701856,24.6450002255868,24.6398284203822,24.6398284203822,24.7225458756109,24.918731811688,25.0321413659635,25.0269891112523,25.0836496611589,25.0321413659635,25.1454254487159,25.1557177937613,25.2328774638867,25.0063774992726,25.0321413659635,25.2174501739369,25.2740055641272,25.0424450977087,25.0990971001769,25.0269891112523,25.0372933614365,25.124837657352,25.0578987516956
24.1784834681163,24.1732879183289,24.1784834681163,24.1525030628745,24.1525030628745,23.9340048894389,23.9027524276446,23.6784939860947,23.5740182424435,23.5321977073394,23.464202410856,23.7619969958994,23.8089371994645,24.0120939477021,23.8923327997404,23.7672136483527,23.8662790443357,23.9652477249841,23.9548345155266,23.9808655355738,24.1888737710728,24.1057215880592,24.0120939477021,24.16809210295,24.2460014642685,24.0277045513642,24.1213178064842,23.9548345155266,23.8193654029997,23.9027524276446,24.0745219654683,24.0745219654683,23.8819121009899,23.8610674896852,23.8141514353848,23.9496275099604,23.8923327997404,23.7880775719377,23.8975427475285,23.9340048894389,23.8193654029997,23.6576074664474,23.7150350274487,23.584470674027,23.6158214886455,23.8141514353848,23.8089371994645,23.6941560476277,23.8767013499485,23.9600412538547,23.9756598658044,23.9808655355738,24.1265160139431,24.2719579925803,24.2719579925803,24.3653467049792,24.2044572345467,24.417192326936,24.3290390547373,24.4379231880585,24.4275582848784,24.3082860095273,24.2252314710217,24.3601606905737,24.313474667603,24.4586498313649,24.2771485035319,24.3082860095273,24.2148448833435,24.2511932998677,24.2979078995965,24.3238511901693,24.1628960219406,24.2719579925803,24.1732879183289,24.2148448833435,24.1525030628745,24.220038309803,24.235616997893,24.3342266548802,24.3549744119754,24.2511932998677,24.2460014642685,24.3549744119754,24.2719579925803,24.261576176083,24.2252314710217,24.3705324552306,24.3549744119754,24.0589185591878,24.2460014642685,24.3290390547373,24.3290390547373,24.3497878691456,24.2823387496704,24.1213178064842,24.1057215880592,24.1369116310709,24.1265160139431,24.1265160139431,24.1317139554589,24.2044572345467,24.1836787523513,24.1317139554589,24.1576996752618,24.2252314710217,24.1836787523513,24.1888737710728,24.235616997893,24.2979078995965,24.3601606905737,24.3290390547373,24.4379231880585,24.2304243670388,24.396457245529,24.3030970868713,24.2148448833435,24.2304243670388,24.3238511901693,24.261576176083,24.3809031634257,24.3809031634257,24.4068253139224,24.3705324552306,24.3497878691456,24.2771485035319,24.3601606905737,24.3290390547373,24.4690115721079,24.396457245529,24.4793722593216,24.4586498313649,24.4275582848784,24.5000904743927,24.4741920473867,24.4586498313649,24.3653467049792,24.3653467049792,24.4016414116675,24.4068253139224,24.3757179413665,24.4016414116675,24.3290390547373,24.4897318933139,24.4638308334468,24.4793722593216,24.4431052442089,24.3497878691456,24.4275582848784,24.3497878691456,24.4638308334468,24.4690115721079,24.3912728154683,24.3082860095273,24.2875287310348,24.2304243670388,24.2511932998677,24.1992630121316,24.1732879183289,24.3082860095273,24.2927184476639,24.1836787523513,24.2460014642685,24.3705324552306,24.4068253139224,24.4638308334468,24.4016414116675,24.4120089523324,24.4431052442089,24.5156263724707,24.5000904743927,24.5518675968447,24.4949113154483,24.4845522079513,24.4586498313649,24.4845522079513,24.4586498313649,24.5052693701856,24.4327408682945,24.4534685658236,24.598444539334,24.4327408682945,24.5311599032229,24.4431052442089,24.4327408682945,24.5104480028654,24.4845522079513,24.4379231880585,24.5208044790397,24.6605140688826,24.593270373703,24.5570438632356,24.5363372209139,24.5518675968447,24.598444539334,24.6501717687129,24.6915346834782,24.7070414568379,24.6087920833666,24.5466910676864,24.593270373703,24.5673956078683,24.4534685658236,24.5725710861868,24.4327408682945,24.4534685658236,24.4897318933139,24.3601606905737,24.2408093636233,24.2927184476639,24.3446010620456,24.2096511916044,24.2408093636233,24.2460014642685,24.3653467049792,24.3549744119754,24.4793722593216,24.4897318933139,24.5000904743927,24.68119552596,24.7225458756109,24.8980983810354,24.9084156166453,25.0269891112523,25.124837657352,25.0990971001769,25.1093940990381,25.1454254487159,25.0990971001769,25.1608635787557,25.1865886299367,25.1608635787557,25.1660091054476,25.1145422104357,25.1968768433364,25.1660091054476,25.14027888859,25.0527477928007,25.1299849929454,25.258584458684
24.1109205935815,24.1836787523513,24.1576996752618,24.0120939477021,23.9392126969559,23.9027524276446,23.730691437042,23.5060510842532,23.4694344430479,23.4013968763644,23.4694344430479,23.6837149425584,23.7672136483527,23.8662790443357,23.7932928814756,23.7619969958994,23.584470674027,23.6158214886455,23.7202540996537,23.8506435764983,24.0693210964281,23.9860709383021,24.1576996752618,24.1732879183289,24.0589185591878,24.0849229045849,24.261576176083,24.1057215880592,23.9392126969559,23.9287968145261,23.8454312178827,23.9808655355738,23.8819121009899,23.8454312178827,23.8662790443357,23.8245791023491,23.9496275099604,23.9287968145261,23.9131709850186,23.9235884721781,23.7202540996537,23.6889356297228,23.6419397471125,23.6158214886455,23.7463454261675,23.9340048894389,23.9079618401281,23.8193654029997,23.9235884721781,23.9392126969559,23.9756598658044,24.1161193330435,24.2044572345467,24.1784834681163,24.2875287310348,24.3030970868713,24.4068253139224,24.3290390547373,24.5104480028654,24.396457245529,24.3653467049792,24.3394139906367,24.3549744119754,24.4638308334468,24.3653467049792,24.2927184476639,24.2823387496704,24.3601606905737,24.3601606905737,24.2044572345467,24.3601606905737,24.2460014642685,24.3497878691456,24.3446010620456,24.2252314710217,24.1992630121316,24.235616997893,24.1576996752618,24.1576996752618,24.3653467049792,24.2563848704595,24.3342266548802,24.3705324552306,24.3394139906367,24.2927184476639,24.1265160139431,24.3082860095273,24.3653467049792,24.3912728154683,24.2875287310348,24.2823387496704,24.2979078995965,24.3186630611374,24.3186630611374,24.3186630611374,24.1525030628745,24.1421090408181,24.0120939477021,24.1836787523513,24.1265160139431,24.2044572345467,24.1421090408181,24.017297749009,24.1628960219406,24.1576996752618,24.1888737710728,24.1473061847397,24.1732879183289,24.3653467049792,24.261576176083,24.3601606905737,24.3809031634257,24.3290390547373,24.3238511901693,24.2823387496704,24.2252314710217,24.2823387496704,24.313474667603,24.3394139906367,24.313474667603,24.266767216777,24.3030970868713,24.3290390547373,24.417192326936,24.2927184476639,24.3342266548802,24.2979078995965,24.4638308334468,24.4897318933139,24.4690115721079,24.4897318933139,24.3809031634257,24.4327408682945,24.5466910676864,24.417192326936,24.4327408682945,24.396457245529,24.3912728154683,24.3186630611374,24.3238511901693,24.4120089523324,24.2408093636233,24.4690115721079,24.4275582848784,24.4275582848784,24.4586498313649,24.4016414116675,24.3809031634257,24.4275582848784,24.4379231880585,24.3446010620456,24.5104480028654,24.4482870367845,24.4120089523324,24.2823387496704,24.3186630611374,24.313474667603,24.313474667603,24.3238511901693,24.2460014642685,24.2823387496704,24.2408093636233,24.2563848704595,24.3186630611374,24.2771485035319,24.3653467049792,24.3497878691456,24.3394139906367,24.3394139906367,24.5052693701856,24.4897318933139,24.5052693701856,24.4949113154483,24.3394139906367,24.525982322611,24.4949113154483,24.525982322611,24.4586498313649,24.7483813439431,24.5466910676864,24.5363372209139,24.4949113154483,24.4586498313649,24.4638308334468,24.4845522079513,24.5208044790397,24.4897318933139,24.4223754377718,24.5311599032229,24.5311599032229,24.5622198668973,24.5311599032229,24.593270373703,24.5052693701856,24.5311599032229,24.5622198668973,24.7018727940562,24.6760255545029,24.6243114319154,24.6243114319154,24.6087920833666,24.6139654618445,24.5829212550199,24.5829212550199,24.4586498313649,24.5156263724707,24.4482870367845,24.4120089523324,24.3394139906367,24.3809031634257,24.3860881214467,24.2771485035319,24.3446010620456,24.2771485035319,24.2771485035319,24.3497878691456,24.598444539334,24.6139654618445,24.6191385780148,24.7173779975772,24.7173779975772,24.8464965838976,24.918731811688,24.9238895190908,25.0733500742259,25.0372933614365,25.1196900631945,25.1042457289643,25.0939482126385,25.14027888859,25.1351320700124,25.1454254487159,25.1557177937613,25.2688654531791,25.2791454175921,25.258584458684,25.1505717504272,25.0269891112523,25.1042457289643,25.1351320700124
24.0849229045849,24.1836787523513,24.1576996752618,23.9808655355738,23.7828619938962,23.7202540996537,23.6889356297228,23.4485046882223,23.5426544630727,23.4589701076814,23.4746662042971,23.7619969958994,23.7463454261675,23.8245791023491,23.7776461473113,23.5792445932848,23.652385162888,23.6262696012084,23.6053722968077,23.7150350274487,23.7411276986669,24.0849229045849,23.9912760740285,24.1473061847397,24.0016855446331,24.0953227786774,24.0120939477021,24.1005223164376,23.9548345155266,23.9496275099604,23.7776461473113,23.8454312178827,23.7932928814756,23.8089371994645,23.8975427475285,23.7932928814756,23.9756598658044,23.9340048894389,23.7202540996537,23.7985079225496,23.7828619938962,23.7880775719377,23.5269689238028,23.6471625897896,23.7985079225496,23.8037226951994,23.756780074744,23.8871225842407,23.9808655355738,23.9340048894389,23.9860709383021,24.1628960219406,24.2927184476639,24.313474667603,24.3497878691456,24.3030970868713,24.3342266548802,24.417192326936,24.4741920473867,24.5156263724707,24.4638308334468,24.4793722593216,24.4379231880585,24.4120089523324,24.5311599032229,24.220038309803,24.3238511901693,24.4379231880585,24.3030970868713,24.3446010620456,24.2511932998677,24.3446010620456,24.3290390547373,24.2771485035319,24.235616997893,24.1317139554589,23.9600412538547,24.1265160139431,24.1992630121316,24.220038309803,24.4638308334468,24.3757179413665,24.4845522079513,24.3549744119754,24.1369116310709,24.2044572345467,24.3601606905737,24.3549744119754,24.3912728154683,24.2044572345467,24.3394139906367,24.2460014642685,24.2771485035319,24.2927184476639,24.1888737710728,24.1317139554589,24.1265160139431,24.032907552491,23.9652477249841,24.1265160139431,24.1161193330435,24.1421090408181,24.02250128355,24.1473061847397,24.1525030628745,24.1525030628745,24.2096511916044,24.19406852432,24.1888737710728,24.3809031634257,24.3497878691456,24.4016414116675,24.3757179413665,24.3601606905737,24.2460014642685,24.3446010620456,24.3653467049792,24.3549744119754,24.3497878691456,24.3238511901693,24.2979078995965,24.4431052442089,24.3549744119754,24.2719579925803,24.396457245529,24.3342266548802,24.4275582848784,24.3912728154683,24.4638308334468,24.4327408682945,24.4897318933139,24.5000904743927,24.4949113154483,24.3809031634257,24.396457245529,24.5104480028654,24.4534685658236,24.3290390547373,24.4586498313649,24.3549744119754,24.4223754377718,24.3757179413665,24.3238511901693,24.5000904743927,24.5156263724707,24.4275582848784,24.4482870367845,24.4275582848784,24.3705324552306,24.3757179413665,24.4690115721079,24.4327408682945,24.4223754377718,24.3238511901693,24.3601606905737,24.3342266548802,24.3238511901693,24.235616997893,24.313474667603,24.2927184476639,24.3082860095273,24.3238511901693,24.2823387496704,24.3394139906367,24.3446010620456,24.3705324552306,24.3601606905737,24.3497878691456,24.3446010620456,24.4379231880585,24.5104480028654,24.4897318933139,24.4949113154483,24.5000904743927,24.4741920473867,24.4068253139224,24.4586498313649,24.5518675968447,24.4586498313649,24.5829212550199,24.588095945611,24.598444539334,24.5000904743927,24.4793722593216,24.6656848260024,24.4845522079513,24.4327408682945,24.4793722593216,24.6346563530609,24.6191385780148,24.5156263724707,24.4482870367845,24.6191385780148,24.4793722593216,24.593270373703,24.588095945611,24.68119552596,24.7897045068028,24.6450002255868,24.6139654618445,24.5466910676864,24.6139654618445,24.5725710861868,24.5570438632356,24.3497878691456,24.4638308334468,24.5311599032229,24.4690115721079,24.2460014642685,24.3705324552306,24.2460014642685,24.3653467049792,24.2563848704595,24.313474667603,24.2719579925803,24.4741920473867,24.6243114319154,24.5673956078683,24.6294840235847,24.7122098579989,24.7122098579989,24.8206859153626,24.8826205758957,24.9909160664447,25.1042457289643,25.0424450977087,25.0939482126385,24.9754522977662,25.1454254487159,25.1093940990381,25.2534435750629,25.0887990663117,25.3716187925976,25.1917328656758,25.1608635787557,25.2842850136107,25.124837657352,25.2174501739369,25.0527477928007,25.1093940990381
24.1109205935815,24.0745219654683,24.0745219654683,24.1265160139431,23.8297925334724,23.6053722968077,23.6993761963129,23.6837149425584,23.5478824353497,23.5531101372871,23.5269689238028,23.6784939860947,23.7672136483527,23.7672136483527,23.6889356297228,23.6419397471125,23.584470674027,23.6680512651093,23.7515628848466,23.8089371994645,24.0745219654683,24.0381102869696,24.19406852432,24.0068898795898,24.0277045513642,23.9652477249841,23.9964809427924,23.855855667086,23.8245791023491,23.9340048894389,23.9183798623554,23.9912760740285,24.0537168909092,23.7724300321434,23.7985079225496,23.9860709383021,23.8975427475285,23.7724300321434,23.6837149425584,23.6680512651093,23.8141514353848,23.8037226951994,23.7776461473113,23.7150350274487,23.7411276986669,23.9444202371166,24.0849229045849,23.9444202371166,24.0381102869696,23.855855667086,24.0016855446331,24.0745219654683,24.1265160139431,24.261576176083,24.2979078995965,24.4223754377718,24.4223754377718,24.3601606905737,24.5311599032229,24.5000904743927,24.4793722593216,24.5104480028654,24.4431052442089,24.3290390547373,24.4327408682945,24.3601606905737,24.3809031634257,24.3912728154683,24.3446010620456,24.3238511901693,24.3238511901693,24.261576176083,24.3394139906367,24.2927184476639,24.0745219654683,24.0953227786774,24.0016855446331,24.0745219654683,24.235616997893,24.2096511916044,24.220038309803,24.3497878691456,24.4793722593216,24.3549744119754,24.3342266548802,24.3653467049792,24.2563848704595,24.396457245529,24.266767216777,24.4068253139224,24.2044572345467,24.1836787523513,24.3030970868713,24.2460014642685,24.1992630121316,24.0589185591878,24.0901229747396,24.0537168909092,24.1005223164376,24.1265160139431,24.1213178064842,24.0485149561396,24.0537168909092,24.1005223164376,24.220038309803,24.0797225681742,24.1473061847397,24.220038309803,24.2771485035319,24.4223754377718,24.4793722593216,24.4638308334468,24.4120089523324,24.261576176083,24.2563848704595,24.3809031634257,24.3030970868713,24.2823387496704,24.3549744119754,24.3497878691456,24.3446010620456,24.417192326936,24.4431052442089,24.3342266548802,24.417192326936,24.4379231880585,24.4275582848784,24.3549744119754,24.3809031634257,24.5208044790397,24.4690115721079,24.5052693701856,24.4068253139224,24.4327408682945,24.5104480028654,24.4534685658236,24.4949113154483,24.417192326936,24.2979078995965,24.3757179413665,24.3290390547373,24.3757179413665,24.5156263724707,24.396457245529,24.5466910676864,24.4793722593216,24.417192326936,24.4275582848784,24.4638308334468,24.3809031634257,24.4431052442089,24.4379231880585,24.4690115721079,24.4431052442089,24.3860881214467,24.3290390547373,24.3030970868713,24.2148448833435,24.220038309803,24.3394139906367,24.3082860095273,24.3705324552306,24.3342266548802,24.3497878691456,24.2771485035319,24.4068253139224,24.4016414116675,24.3186630611374,24.4431052442089,24.5052693701856,24.4431052442089,24.4586498313649,24.4327408682945,24.5518675968447,24.4379231880585,24.3446010620456,24.5311599032229,24.5518675968447,24.4379231880585,24.4897318933139,24.5829212550199,24.5415142757223,24.5363372209139,24.3809031634257,24.4120089523324,24.3653467049792,24.4586498313649,24.5466910676864,24.5311599032229,24.6191385780148,24.5156263724707,24.5415142757223,24.6398284203822,24.6605140688826,24.6656848260024,24.6087920833666,24.6398284203822,24.6243114319154,24.6243114319154,24.6398284203822,24.5518675968447,24.5363372209139,24.4690115721079,24.4638308334468,24.3446010620456,24.5415142757223,24.4534685658236,24.2927184476639,24.3497878691456,24.3342266548802,24.396457245529,24.3860881214467,24.3394139906367,24.3290390547373,24.4327408682945,24.2875287310348,24.5777463018912,24.4793722593216,24.588095945611,24.8826205758957,24.8464965838976,24.8568190268782,24.8516579356668,24.9393610812787,24.9909160664447,25.1351320700124,25.1299849929454,25.0063774992726,25.1968768433364,25.124837657352,25.1196900631945,25.1299849929454,25.1505717504272,24.9702971889533,25.1968768433364,24.9702971889533,25.124837657352,25.1557177937613,25.14027888859,25.0733500742259
23.7985079225496,24.0745219654683,24.0641199610143,23.8454312178827,23.8089371994645,23.8141514353848,23.6837149425584,23.4903598627922,23.5426544630727,23.3647422665013,23.4746662042971,23.5217398697661,23.7828619938962,23.6993761963129,23.5321977073394,23.5112809500315,23.6367166348165,23.6419397471125,23.730691437042,23.8037226951994,23.9860709383021,24.0953227786774,24.1421090408181,24.1369116310709,24.0589185591878,23.9756598658044,24.032907552491,23.9652477249841,23.9287968145261,23.8506435764983,23.8454312178827,23.7672136483527,23.7932928814756,23.8923327997404,24.0016855446331,23.8141514353848,23.8402185911997,24.0797225681742,23.8454312178827,23.6837149425584,23.7098156861836,23.8819121009899,23.7254729028382,23.8037226951994,23.8089371994645,23.8037226951994,23.9964809427924,23.9860709383021,24.0693210964281,24.0485149561396,24.1161193330435,24.220038309803,24.2148448833435,24.19406852432,24.2823387496704,24.3082860095273,24.3238511901693,24.2771485035319,24.4482870367845,24.5156263724707,24.4638308334468,24.3912728154683,24.3238511901693,24.3342266548802,24.417192326936,24.4016414116675,24.3238511901693,24.3497878691456,24.266767216777,24.3082860095273,24.2563848704595,24.3290390547373,24.3394139906367,24.2719579925803,24.1836787523513,24.1421090408181,24.1473061847397,24.1057215880592,24.1992630121316,24.1888737710728,24.3705324552306,24.3549744119754,24.4379231880585,24.1888737710728,24.4120089523324,24.3186630611374,24.2096511916044,24.235616997893,24.2252314710217,24.2304243670388,24.3030970868713,24.1732879183289,24.3082860095273,24.1732879183289,24.1473061847397,24.2771485035319,24.1057215880592,24.0277045513642,24.0745219654683,24.0589185591878,24.0537168909092,24.0277045513642,24.1576996752618,24.1525030628745,24.1836787523513,24.19406852432,24.220038309803,24.1473061847397,24.2304243670388,24.396457245529,24.4793722593216,24.4068253139224,24.3809031634257,24.2875287310348,24.3446010620456,24.2304243670388,24.3497878691456,24.3290390547373,24.3342266548802,24.3394139906367,24.4586498313649,24.4638308334468,24.4741920473867,24.4586498313649,24.4223754377718,24.4120089523324,24.3601606905737,24.3446010620456,24.5518675968447,24.4327408682945,24.4275582848784,24.2771485035319,24.4690115721079,24.4482870367845,24.3497878691456,24.4431052442089,24.4638308334468,24.3653467049792,24.4482870367845,24.4431052442089,24.3705324552306,24.396457245529,24.4638308334468,24.5000904743927,24.4586498313649,24.4897318933139,24.4897318933139,24.3549744119754,24.4638308334468,24.4586498313649,24.3342266548802,24.4379231880585,24.4223754377718,24.4275582848784,24.5156263724707,24.3809031634257,24.3446010620456,24.3238511901693,24.3238511901693,24.3290390547373,24.3238511901693,24.2252314710217,24.3394139906367,24.3186630611374,24.235616997893,24.396457245529,24.4016414116675,24.417192326936,24.4068253139224,24.4379231880585,24.4793722593216,24.3860881214467,24.5311599032229,24.5052693701856,24.4120089523324,24.3394139906367,24.4482870367845,24.5415142757223,24.5518675968447,24.5415142757223,24.5673956078683,24.4741920473867,24.5570438632356,24.4431052442089,24.5363372209139,24.5000904743927,24.4223754377718,24.5466910676864,24.5104480028654,24.588095945611,24.5415142757223,24.5363372209139,24.6501717687129,24.6243114319154,24.5777463018912,24.6036184425424,24.6450002255868,24.6243114319154,24.6450002255868,24.6450002255868,24.5415142757223,24.5415142757223,24.5622198668973,24.4482870367845,24.3238511901693,24.4482870367845,24.3809031634257,24.4690115721079,24.2771485035319,24.313474667603,24.2823387496704,24.3290390547373,24.3446010620456,24.2875287310348,24.3186630611374,24.3809031634257,24.4586498313649,24.598444539334,24.6553430497988,24.5570438632356,24.6450002255868,24.8464965838976,24.8155229994525,25.0166838239645,25.0836496611589,25.0784999971428,25.0681998923707,25.2174501739369,25.0424450977087,25.1608635787557,25.2740055641272,25.1557177937613,25.0527477928007,25.1814441360816,25.1093940990381,25.1505717504272,25.1145422104357,25.0578987516956,25.1505717504272,24.9960701368761
24.1265160139431,24.0641199610143,23.8871225842407,24.017297749009,23.8506435764983,23.7045960758182,23.4798976946441,23.4851289141291,23.4380381843484,23.5060510842532,23.5060510842532,23.8245791023491,23.5426544630727,23.6210456798163,23.6576074664474,23.6158214886455,23.6158214886455,23.4694344430479,23.7098156861836,23.8454312178827,24.0641199610143,24.1265160139431,24.1576996752618,24.017297749009,24.1421090408181,23.9444202371166,23.855855667086,23.9235884721781,23.9287968145261,23.8402185911997,23.8506435764983,23.8141514353848,23.7828619938962,23.8245791023491,23.7724300321434,23.7411276986669,23.7619969958994,23.8193654029997,23.9704539289542,23.8089371994645,23.7202540996537,23.7932928814756,23.8767013499485,23.6993761963129,23.7463454261675,24.0016855446331,24.0381102869696,24.313474667603,24.1576996752618,24.1109205935815,24.16809210295,24.0068898795898,24.0953227786774,24.16809210295,24.3290390547373,24.4016414116675,24.3342266548802,24.3757179413665,24.3601606905737,24.2252314710217,24.4223754377718,24.3497878691456,24.3549744119754,24.396457245529,24.2563848704595,24.2511932998677,24.4482870367845,24.313474667603,24.2823387496704,24.313474667603,24.3342266548802,24.3186630611374,24.3912728154683,24.3342266548802,24.2771485035319,24.1473061847397,24.1473061847397,24.1473061847397,23.9808655355738,24.16809210295,24.0485149561396,24.4223754377718,24.4068253139224,24.3238511901693,24.266767216777,24.2823387496704,24.2927184476639,24.220038309803,24.3601606905737,24.3290390547373,24.2096511916044,24.1317139554589,24.1109205935815,24.1525030628745,24.1317139554589,24.1421090408181,24.1628960219406,24.0485149561396,24.0381102869696,24.0589185591878,24.1109205935815,23.8767013499485,24.0433127548394,24.1369116310709,24.1369116310709,24.1576996752618,24.2719579925803,24.16809210295,24.2563848704595,24.235616997893,24.4275582848784,24.396457245529,24.4482870367845,24.3238511901693,24.3238511901693,24.1836787523513,24.3238511901693,24.3030970868713,24.3342266548802,24.4068253139224,24.3186630611374,24.417192326936,24.2719579925803,24.3342266548802,24.4327408682945,24.4223754377718,24.4223754377718,24.3186630611374,24.396457245529,24.3912728154683,24.3912728154683,24.2875287310348,24.4016414116675,24.4120089523324,24.4223754377718,24.3290390547373,24.3290390547373,24.4482870367845,24.5208044790397,24.4534685658236,24.4897318933139,24.4016414116675,24.4482870367845,24.4482870367845,24.4431052442089,24.5104480028654,24.417192326936,24.4793722593216,24.3342266548802,24.3497878691456,24.3912728154683,24.4379231880585,24.3394139906367,24.4223754377718,24.4949113154483,24.4068253139224,24.3912728154683,24.3394139906367,24.2044572345467,24.1213178064842,24.3601606905737,24.2511932998677,24.2460014642685,24.3030970868713,24.4120089523324,24.2252314710217,24.2823387496704,24.4379231880585,24.4223754377718,24.4275582848784,24.4275582848784,24.5829212550199,24.4379231880585,24.5000904743927,24.4275582848784,24.3809031634257,24.3497878691456,24.4327408682945,24.5000904743927,24.5156263724707,24.5725710861868,24.5311599032229,24.396457245529,24.4638308334468,24.4120089523324,24.4275582848784,24.3912728154683,24.4431052442089,24.4638308334468,24.4638308334468,24.4845522079513,24.6553430497988,24.6605140688826,24.5725710861868,24.5363372209139,24.6398284203822,24.7173779975772,24.6191385780148,24.6553430497988,24.6294840235847,24.5725710861868,24.5466910676864,24.4275582848784,24.4741920473867,24.4482870367845,24.2460014642685,24.4897318933139,24.3446010620456,24.3342266548802,24.3601606905737,24.3394139906367,24.1421090408181,24.3446010620456,24.2563848704595,24.3653467049792,24.4016414116675,24.396457245529,24.5363372209139,24.5518675968447,24.7225458756109,24.7225458756109,24.8051963851263,24.9857617364743,25.1196900631945,24.9651418204509,25.0990971001769,25.0990971001769,24.9599861922213,25.2020205629554,25.2277352917338,25.1762993840732,25.2020205629554,25.1557177937613,25.1505717504272,25.1865886299367,25.1608635787557,25.0990971001769,25.0887990663117,25.0630494515398,25.0321413659635
24.1057215880592,23.9027524276446,24.0537168909092,23.9808655355738,23.7828619938962,23.8714903310769,23.7150350274487,23.5008209478141,23.5426544630727,23.4589701076814,23.4798976946441,23.7932928814756,23.5583375689251,23.6314932528619,23.6471625897896,23.756780074744,23.6419397471125,23.6680512651093,23.7880775719377,24.0016855446331,24.1057215880592,24.3653467049792,24.4897318933139,24.266767216777,24.235616997893,24.1421090408181,24.0068898795898,23.855855667086,23.9704539289542,23.7619969958994,23.8610674896852,23.8350056964094,23.7463454261675,23.8923327997404,23.7515628848466,23.8193654029997,23.7619969958994,23.8089371994645,23.9756598658044,23.8454312178827,24.0537168909092,23.8610674896852,23.8454312178827,23.6314932528619,23.7776461473113,24.0016855446331,24.02250128355,24.3446010620456,24.3186630611374,24.1888737710728,24.16809210295,24.1628960219406,24.2304243670388,24.2563848704595,24.4793722593216,24.3809031634257,24.5104480028654,24.3912728154683,24.2252314710217,24.3238511901693,24.2927184476639,24.3601606905737,24.4223754377718,24.2875287310348,24.4482870367845,24.3912728154683,24.2719579925803,24.2304243670388,24.3446010620456,24.3549744119754,24.3757179413665,24.3342266548802,24.3446010620456,24.2875287310348,24.261576176083,24.19406852432,24.1057215880592,24.2044572345467,24.1265160139431,24.2044572345467,24.235616997893,24.4379231880585,24.3549744119754,24.3653467049792,24.3549744119754,24.2771485035319,24.2460014642685,24.3342266548802,24.2252314710217,24.1576996752618,24.0745219654683,24.1265160139431,24.1473061847397,24.1421090408181,24.1421090408181,24.0433127548394,24.0485149561396,24.017297749009,24.0589185591878,24.1732879183289,24.0120939477021,23.8871225842407,24.0277045513642,24.0485149561396,24.1473061847397,24.2096511916044,24.4120089523324,24.266767216777,24.2460014642685,24.1576996752618,24.3860881214467,24.3601606905737,24.417192326936,24.4016414116675,24.3860881214467,24.3705324552306,24.3757179413665,24.3549744119754,24.3030970868713,24.3394139906367,24.3497878691456,24.396457245529,24.3497878691456,24.4586498313649,24.4690115721079,24.3497878691456,24.4016414116675,24.3394139906367,24.4016414116675,24.3705324552306,24.4120089523324,24.3912728154683,24.4223754377718,24.396457245529,24.4690115721079,24.4275582848784,24.3238511901693,24.4897318933139,24.3912728154683,24.4534685658236,24.4068253139224,24.4016414116675,24.4638308334468,24.4793722593216,24.4949113154483,24.4223754377718,24.5000904743927,24.4120089523324,24.4586498313649,24.3653467049792,24.3549744119754,24.3342266548802,24.3757179413665,24.4223754377718,24.4275582848784,24.4327408682945,24.3549744119754,24.2771485035319,24.1836787523513,24.1732879183289,24.2044572345467,24.266767216777,24.3290390547373,24.2148448833435,24.2927184476639,24.2979078995965,24.235616997893,24.3705324552306,24.261576176083,24.4223754377718,24.4793722593216,24.525982322611,24.417192326936,24.4741920473867,24.5104480028654,24.4431052442089,24.5673956078683,24.4327408682945,24.4897318933139,24.4016414116675,24.4690115721079,24.4897318933139,24.4793722593216,24.5570438632356,24.4431052442089,24.3394139906367,24.3705324552306,24.4638308334468,24.4690115721079,24.4690115721079,24.5311599032229,24.6243114319154,24.6656848260024,24.6450002255868,24.6656848260024,24.7277134921382,24.6036184425424,24.6243114319154,24.6139654618445,24.6191385780148,24.6036184425424,24.588095945611,24.5052693701856,24.5208044790397,24.5052693701856,24.4638308334468,24.3394139906367,24.4482870367845,24.4223754377718,24.4120089523324,24.3290390547373,24.4120089523324,24.3186630611374,24.3446010620456,24.3342266548802,24.396457245529,24.4223754377718,24.4845522079513,24.4897318933139,24.7173779975772,24.7225458756109,24.9909160664447,24.9857617364743,25.1865886299367,25.0990971001769,25.1042457289643,25.1042457289643,25.1351320700124,25.1299849929454,25.2123072282184,25.1711543738743,25.1608635787557,25.1608635787557,25.1557177937613,25.2020205629554,25.14027888859,25.2277352917338,25.0836496611589,25.0887990663117,25.0063774992726
24.3290390547373,23.9912760740285,23.9964809427924,23.8245791023491,23.652385162888,23.7776461473113,23.7463454261675,23.5531101372871,23.4171019220656,23.4851289141291,23.5321977073394,23.6419397471125,23.6367166348165,23.7202540996537,23.7672136483527,23.7254729028382,23.6314932528619,23.6001472960607,23.6680512651093,23.8714903310769,24.1732879183289,24.2252314710217,24.3705324552306,24.3809031634257,24.3757179413665,24.0797225681742,23.8819121009899,23.8767013499485,23.9704539289542,23.8662790443357,23.8610674896852,23.9131709850186,23.8506435764983,23.7098156861836,23.7932928814756,23.8193654029997,23.8297925334724,23.7828619938962,23.7828619938962,23.9652477249841,23.7985079225496,23.8871225842407,23.6628295005078,23.9079618401281,23.8610674896852,23.8610674896852,23.9652477249841,24.0277045513642,24.3446010620456,24.3912728154683,24.16809210295,24.2252314710217,24.2408093636233,24.3394139906367,24.3290390547373,24.3549744119754,24.417192326936,24.3030970868713,24.266767216777,24.2304243670388,24.3394139906367,24.3809031634257,24.3860881214467,24.3705324552306,24.3653467049792,24.261576176083,24.3912728154683,24.2148448833435,24.3446010620456,24.3238511901693,24.3238511901693,24.3860881214467,24.3394139906367,24.2511932998677,24.1005223164376,24.2096511916044,24.0797225681742,24.1369116310709,24.0641199610143,24.1265160139431,24.2408093636233,24.4275582848784,24.4275582848784,24.2979078995965,24.3030970868713,24.3497878691456,24.2927184476639,24.3290390547373,24.2979078995965,24.2096511916044,24.1265160139431,24.1525030628745,23.9600412538547,24.0589185591878,24.0953227786774,24.0433127548394,24.1057215880592,24.0277045513642,24.0589185591878,24.1421090408181,23.9860709383021,23.9496275099604,24.02250128355,24.0953227786774,24.261576176083,24.1005223164376,24.2875287310348,24.2044572345467,24.1265160139431,24.2460014642685,24.417192326936,24.4223754377718,24.3757179413665,24.3757179413665,24.3705324552306,24.3601606905737,24.3186630611374,24.3446010620456,24.4327408682945,24.3601606905737,24.4223754377718,24.313474667603,24.4431052442089,24.4586498313649,24.3394139906367,24.3342266548802,24.3446010620456,24.4068253139224,24.3342266548802,24.4223754377718,24.3705324552306,24.417192326936,24.4275582848784,24.4275582848784,24.5052693701856,24.3757179413665,24.4327408682945,24.4690115721079,24.4793722593216,24.261576176083,24.4223754377718,24.4741920473867,24.4016414116675,24.396457245529,24.4120089523324,24.5000904743927,24.525982322611,24.5415142757223,24.4016414116675,24.4431052442089,24.3290390547373,24.3549744119754,24.3342266548802,24.417192326936,24.4275582848784,24.4897318933139,24.3394139906367,24.1576996752618,24.1473061847397,24.2979078995965,24.1784834681163,24.1992630121316,24.2460014642685,24.220038309803,24.220038309803,24.4223754377718,24.4223754377718,24.3860881214467,24.4327408682945,24.4949113154483,24.5415142757223,24.5000904743927,24.5466910676864,24.4949113154483,24.4223754377718,24.4741920473867,24.4016414116675,24.588095945611,24.4949113154483,24.5000904743927,24.5725710861868,24.4534685658236,24.4845522079513,24.4897318933139,24.5673956078683,24.4897318933139,24.4690115721079,24.4379231880585,24.4690115721079,24.5104480028654,24.588095945611,24.7535476535085,24.6087920833666,24.588095945611,24.6605140688826,24.6708553211965,24.6191385780148,24.6863652356057,24.7328808471969,24.6708553211965,24.6243114319154,24.5570438632356,24.4949113154483,24.417192326936,24.4638308334468,24.4897318933139,24.4586498313649,24.3705324552306,24.261576176083,24.3549744119754,24.3342266548802,24.3238511901693,24.4120089523324,24.417192326936,24.4016414116675,24.3757179413665,24.4016414116675,24.4845522079513,24.4897318933139,24.6501717687129,24.7328808471969,24.9702971889533,25.0887990663117,24.9909160664447,25.0836496611589,25.0733500742259,25.1660091054476,25.1660091054476,25.1454254487159,25.14027888859,25.2071640245704,25.2483024338098,25.1608635787557,25.1093940990381,25.1454254487159,25.2123072282184,25.2020205629554,25.2225928617629,25.0115307913128,25.0475965748176
23.9756598658044,23.9183798623554,23.8975427475285,23.7619969958994,23.7202540996537,23.756780074744,23.735909702305,23.6993761963129,23.5740182424435,23.537426220416,23.464202410856,23.584470674027,23.6262696012084,23.7150350274487,23.7672136483527,23.7098156861836,23.756780074744,23.6784939860947,23.6993761963129,24.0016855446331,24.0381102869696,24.1992630121316,24.3653467049792,24.1369116310709,24.1213178064842,24.0953227786774,23.9808655355738,23.9600412538547,23.7619969958994,23.8714903310769,23.9392126969559,23.9079618401281,23.7828619938962,23.7411276986669,23.7932928814756,23.8506435764983,23.7724300321434,23.7411276986669,23.7045960758182,23.7828619938962,23.6941560476277,23.8714903310769,23.7776461473113,23.855855667086,23.7411276986669,23.8610674896852,23.9756598658044,23.9912760740285,24.313474667603,24.3497878691456,24.3860881214467,24.2511932998677,24.235616997893,24.3082860095273,24.4845522079513,24.5415142757223,24.396457245529,24.266767216777,24.2511932998677,24.2823387496704,24.2511932998677,24.2719579925803,24.4741920473867,24.3601606905737,24.3757179413665,24.2927184476639,24.2460014642685,24.3705324552306,24.2875287310348,24.3549744119754,24.3809031634257,24.3238511901693,24.3809031634257,24.2148448833435,24.2252314710217,24.220038309803,24.1628960219406,24.0641199610143,24.1992630121316,24.1161193330435,24.2096511916044,24.417192326936,24.4482870367845,24.396457245529,24.3860881214467,24.3186630611374,24.2823387496704,24.235616997893,24.4120089523324,24.2511932998677,24.1109205935815,24.1576996752618,24.1473061847397,24.0693210964281,24.1213178064842,24.0745219654683,24.19406852432,24.1836787523513,24.0589185591878,24.0537168909092,23.9808655355738,23.9444202371166,24.0485149561396,24.1836787523513,24.2304243670388,24.2044572345467,24.1576996752618,24.1992630121316,24.0901229747396,24.266767216777,24.3030970868713,24.2979078995965,24.417192326936,24.3290390547373,24.3912728154683,24.4275582848784,24.3705324552306,24.6036184425424,24.5725710861868,24.4223754377718,24.4223754377718,24.4327408682945,24.3860881214467,24.4327408682945,24.3757179413665,24.3549744119754,24.4068253139224,24.3446010620456,24.4793722593216,24.4223754377718,24.3082860095273,24.2927184476639,24.3705324552306,24.3653467049792,24.5000904743927,24.4482870367845,24.4741920473867,24.4638308334468,24.4690115721079,24.588095945611,24.4534685658236,24.4690115721079,24.4897318933139,24.4949113154483,24.4016414116675,24.4586498313649,24.5311599032229,24.5311599032229,24.3757179413665,24.4379231880585,24.4327408682945,24.3342266548802,24.4120089523324,24.4327408682945,24.4431052442089,24.417192326936,24.1888737710728,24.3394139906367,24.2875287310348,24.266767216777,24.3238511901693,24.266767216777,24.266767216777,24.2979078995965,24.2719579925803,24.2823387496704,24.3186630611374,24.4379231880585,24.417192326936,24.4327408682945,24.5208044790397,24.4793722593216,24.5104480028654,24.4690115721079,24.4068253139224,24.4690115721079,24.4741920473867,24.4120089523324,24.5104480028654,24.5622198668973,24.4482870367845,24.4431052442089,24.5104480028654,24.4741920473867,24.6036184425424,24.4431052442089,24.4482870367845,24.4949113154483,24.4845522079513,24.5777463018912,24.4741920473867,24.598444539334,24.6605140688826,24.6708553211965,24.6450002255868,24.7535476535085,24.6191385780148,24.5725710861868,24.4897318933139,24.6243114319154,24.5829212550199,24.6398284203822,24.5104480028654,24.5156263724707,24.3446010620456,24.4223754377718,24.5052693701856,24.417192326936,24.3497878691456,24.3497878691456,24.4016414116675,24.3030970868713,24.2771485035319,24.417192326936,24.3601606905737,24.3757179413665,24.4534685658236,24.4534685658236,24.5000904743927,24.4379231880585,24.7277134921382,24.8310109648659,25.0269891112523,25.0269891112523,25.1042457289643,24.9754522977662,25.1351320700124,25.0321413659635,25.1557177937613,25.1762993840732,25.1660091054476,25.2071640245704,25.2328774638867,25.1505717504272,25.2225928617629,25.2123072282184,25.1351320700124,25.2174501739369,25.0836496611589,25.1557177937613
23.9131709850186,23.9235884721781,23.9027524276446,23.735909702305,23.6210456798163,24.032907552491,23.6993761963129,23.5217398697661,23.735909702305,23.4746662042971,23.652385162888,23.594922025375,23.6210456798163,23.5896964847104,23.6158214886455,23.7150350274487,23.730691437042,23.6628295005078,23.8193654029997,23.8923327997404,23.8871225842407,24.0693210964281,24.0901229747396,24.2408093636233,24.1473061847397,24.0120939477021,23.9964809427924,23.7985079225496,23.8402185911997,23.9912760740285,23.7672136483527,23.8402185911997,23.8767013499485,23.7045960758182,23.6889356297228,23.855855667086,23.7985079225496,23.8819121009899,23.9912760740285,23.7985079225496,23.7672136483527,23.756780074744,23.9496275099604,23.8767013499485,23.9548345155266,23.8662790443357,23.855855667086,23.9808655355738,24.2304243670388,24.02250128355,24.0277045513642,24.1317139554589,24.3394139906367,24.313474667603,24.3549744119754,24.2304243670388,24.3912728154683,24.3342266548802,24.2304243670388,24.3549744119754,24.2563848704595,24.2979078995965,24.2823387496704,24.3549744119754,24.3757179413665,24.3394139906367,24.3912728154683,24.3238511901693,24.2875287310348,24.3186630611374,24.4120089523324,24.3653467049792,24.396457245529,24.3860881214467,24.220038309803,24.1421090408181,24.220038309803,24.1628960219406,24.1421090408181,24.2927184476639,24.3549744119754,24.3860881214467,24.4327408682945,24.3912728154683,24.4275582848784,24.2875287310348,24.2460014642685,24.2875287310348,24.4120089523324,24.2563848704595,24.1213178064842,24.1784834681163,24.0120939477021,24.0016855446331,24.0641199610143,24.1421090408181,24.1057215880592,24.1057215880592,24.1576996752618,24.1161193330435,23.9392126969559,24.0485149561396,24.1161193330435,24.0745219654683,24.1992630121316,24.3653467049792,24.2304243670388,24.1421090408181,24.1057215880592,24.1525030628745,24.2875287310348,24.2823387496704,24.3549744119754,24.3705324552306,24.2511932998677,24.3549744119754,24.3705324552306,24.4223754377718,24.4327408682945,24.417192326936,24.3186630611374,24.3394139906367,24.3549744119754,24.396457245529,24.3757179413665,24.3186630611374,24.396457245529,24.4431052442089,24.417192326936,24.4016414116675,24.3342266548802,24.396457245529,24.4068253139224,24.3653467049792,24.4949113154483,24.4949113154483,24.4327408682945,24.4949113154483,24.4431052442089,24.3082860095273,24.4379231880585,24.4638308334468,24.5052693701856,24.5000904743927,24.5000904743927,24.4949113154483,24.525982322611,24.3290390547373,24.3912728154683,24.3757179413665,24.4431052442089,24.4275582848784,24.4120089523324,24.4534685658236,24.4223754377718,24.4120089523324,24.4379231880585,24.3860881214467,24.3549744119754,24.3082860095273,24.266767216777,24.2096511916044,24.2823387496704,24.2927184476639,24.1628960219406,24.2719579925803,24.4379231880585,24.3238511901693,24.3497878691456,24.3394139906367,24.4586498313649,24.6656848260024,24.5415142757223,24.4741920473867,24.396457245529,24.4897318933139,24.5622198668973,24.5466910676864,24.4741920473867,24.4275582848784,24.4534685658236,24.4431052442089,24.5725710861868,24.4638308334468,24.4638308334468,24.4741920473867,24.4741920473867,24.4431052442089,24.4897318933139,24.5363372209139,24.7018727940562,24.6243114319154,24.6450002255868,24.5725710861868,24.6605140688826,24.6036184425424,24.7483813439431,24.6553430497988,24.6605140688826,24.5466910676864,24.5725710861868,24.5622198668973,24.5673956078683,24.6656848260024,24.588095945611,24.3653467049792,24.4068253139224,24.4275582848784,24.4431052442089,24.4275582848784,24.3549744119754,24.2408093636233,24.2719579925803,24.4275582848784,24.4275582848784,24.4327408682945,24.3549744119754,24.4741920473867,24.5311599032229,24.6294840235847,24.6501717687129,24.8413349715329,24.8723007375455,25.0166838239645,25.0321413659635,25.1608635787557,25.1351320700124,25.1299849929454,25.0115307913128,25.1711543738743,25.1351320700124,25.2123072282184,25.1762993840732,25.258584458684,25.14027888859,25.1608635787557,25.14027888859,25.1042457289643,25.0836496611589,25.0990971001769
23.855855667086,23.9183798623554,23.6993761963129,23.5321977073394,23.8662790443357,23.8193654029997,23.855855667086,23.6053722968077,23.6889356297228,23.584470674027,23.6419397471125,23.6158214886455,23.6314932528619,23.6367166348165,23.6262696012084,23.7776461473113,23.6889356297228,23.6628295005078,23.9600412538547,23.9131709850186,24.0537168909092,24.1784834681163,24.1888737710728,24.1628960219406,24.1525030628745,24.0589185591878,23.9027524276446,23.6837149425584,23.6680512651093,23.8037226951994,23.8767013499485,23.7932928814756,23.9964809427924,23.8454312178827,23.8610674896852,23.6314932528619,23.7463454261675,23.7985079225496,23.8141514353848,23.8871225842407,23.7985079225496,23.6419397471125,23.8714903310769,23.8714903310769,23.730691437042,23.8506435764983,23.855855667086,24.0485149561396,24.0537168909092,24.1109205935815,24.1109205935815,24.1213178064842,24.2563848704595,24.3601606905737,24.3238511901693,24.3705324552306,24.3186630611374,24.3082860095273,24.3238511901693,24.1473061847397,24.3497878691456,24.3290390547373,24.3705324552306,24.3549744119754,24.3653467049792,24.3549744119754,24.2408093636233,24.3238511901693,24.2979078995965,24.19406852432,24.220038309803,24.1836787523513,24.3394139906367,24.2875287310348,24.2252314710217,24.2148448833435,24.1421090408181,24.1265160139431,24.2044572345467,24.2875287310348,24.4275582848784,24.4379231880585,24.3860881214467,24.313474667603,24.2979078995965,24.3394139906367,24.2875287310348,24.3497878691456,24.3394139906367,24.2408093636233,24.1369116310709,24.2408093636233,24.0693210964281,24.032907552491,24.0120939477021,24.0537168909092,24.1109205935815,24.19406852432,24.19406852432,24.1421090408181,24.0589185591878,24.1732879183289,24.2979078995965,24.2148448833435,24.2304243670388,24.2771485035319,24.220038309803,24.2563848704595,24.1369116310709,24.3342266548802,24.3705324552306,24.261576176083,24.3497878691456,24.2771485035319,24.261576176083,24.3290390547373,24.3082860095273,24.417192326936,24.4223754377718,24.4068253139224,24.313474667603,24.3653467049792,24.3601606905737,24.2148448833435,24.3238511901693,24.3030970868713,24.4586498313649,24.3705324552306,24.3342266548802,24.2927184476639,24.3290390547373,24.4016414116675,24.4379231880585,24.4897318933139,24.4690115721079,24.3653467049792,24.4793722593216,24.2979078995965,24.4275582848784,24.5570438632356,24.4482870367845,24.5104480028654,24.4068253139224,24.4534685658236,24.5518675968447,24.5104480028654,24.5777463018912,24.4534685658236,24.4327408682945,24.4431052442089,24.4638308334468,24.4793722593216,24.5518675968447,24.5104480028654,24.4897318933139,24.4897318933139,24.4845522079513,24.3653467049792,24.4120089523324,24.3238511901693,24.2563848704595,24.2148448833435,24.3912728154683,24.2148448833435,24.2460014642685,24.2719579925803,24.3082860095273,24.4534685658236,24.4275582848784,24.417192326936,24.4897318933139,24.598444539334,24.7018727940562,24.4016414116675,24.417192326936,24.4690115721079,24.4016414116675,24.4068253139224,24.5466910676864,24.4586498313649,24.4690115721079,24.525982322611,24.6450002255868,24.4897318933139,24.588095945611,24.6139654618445,24.4586498313649,24.4638308334468,24.588095945611,24.5725710861868,24.6760255545029,24.7122098579989,24.6760255545029,24.7380479408253,24.6863652356057,24.6294840235847,24.6398284203822,24.6656848260024,24.6501717687129,24.5000904743927,24.5622198668973,24.6605140688826,24.6605140688826,24.5570438632356,24.4534685658236,24.2979078995965,24.3601606905737,24.3705324552306,24.3757179413665,24.2823387496704,24.4586498313649,24.4534685658236,24.396457245529,24.4534685658236,24.2875287310348,24.4482870367845,24.4223754377718,24.4223754377718,24.4690115721079,24.6450002255868,24.6087920833666,24.8516579356668,24.9393610812787,25.0269891112523,25.1557177937613,25.2534435750629,25.1454254487159,25.2020205629554,25.2328774638867,25.0733500742259,25.2020205629554,25.2123072282184,25.2174501739369,25.2225928617629,25.14027888859,25.14027888859,25.2174501739369,25.1557177937613,25.1145422104357,25.1042457289643
23.9496275099604,23.8871225842407,23.8662790443357,23.6628295005078,23.6576074664474,23.735909702305,23.7776461473113,23.756780074744,23.735909702305,23.7202540996537,23.6419397471125,23.6262696012084,23.6001472960607,23.5740182424435,23.6314932528619,23.7150350274487,23.735909702305,23.735909702305,23.8975427475285,23.8819121009899,24.0589185591878,24.0537168909092,24.1888737710728,24.0485149561396,24.1057215880592,24.0589185591878,23.7724300321434,23.8923327997404,23.8923327997404,23.6628295005078,23.8714903310769,23.8662790443357,23.7619969958994,23.7880775719377,23.7932928814756,23.8662790443357,23.8141514353848,23.7880775719377,23.9131709850186,23.9027524276446,23.8037226951994,23.7202540996537,23.652385162888,23.7150350274487,23.6941560476277,23.8350056964094,23.855855667086,23.8662790443357,24.0381102869696,24.0068898795898,24.0016855446331,24.1992630121316,24.417192326936,24.4120089523324,24.2979078995965,24.4016414116675,24.3186630611374,24.3238511901693,24.2511932998677,24.1005223164376,24.3238511901693,24.2563848704595,24.3082860095273,24.2875287310348,24.4586498313649,24.3290390547373,24.3030970868713,24.3446010620456,24.3082860095273,24.0589185591878,24.220038309803,24.2252314710217,24.2096511916044,24.2511932998677,24.3757179413665,24.0485149561396,24.1265160139431,24.1992630121316,24.1628960219406,24.2823387496704,24.235616997893,24.2823387496704,24.4327408682945,24.4275582848784,24.3757179413665,24.3446010620456,24.3082860095273,24.3082860095273,24.2771485035319,24.3394139906367,24.1576996752618,24.1836787523513,24.1576996752618,24.1421090408181,24.017297749009,24.1109205935815,24.0016855446331,24.0277045513642,24.1784834681163,24.0433127548394,24.0849229045849,24.1628960219406,24.1473061847397,24.1836787523513,24.1576996752618,24.3082860095273,24.1732879183289,24.1317139554589,24.1525030628745,24.2148448833435,24.2719579925803,24.3030970868713,24.3653467049792,24.3342266548802,24.2927184476639,24.235616997893,24.3653467049792,24.3030970868713,24.4586498313649,24.3238511901693,24.313474667603,24.2875287310348,24.2096511916044,24.3757179413665,24.2979078995965,24.2304243670388,24.3082860095273,24.02250128355,24.2563848704595,24.1109205935815,24.3082860095273,24.3238511901693,24.3705324552306,24.3497878691456,24.3809031634257,24.4223754377718,24.4120089523324,24.4275582848784,24.4534685658236,24.4327408682945,24.4431052442089,24.4431052442089,24.4586498313649,24.5466910676864,24.4431052442089,24.588095945611,24.5622198668973,24.4741920473867,24.417192326936,24.4431052442089,24.4741920473867,24.4845522079513,24.5104480028654,24.5052693701856,24.4379231880585,24.4431052442089,24.4690115721079,24.3757179413665,24.3653467049792,24.2927184476639,24.3186630611374,24.2044572345467,24.3186630611374,24.261576176083,24.2304243670388,24.3290390547373,24.3342266548802,24.4482870367845,24.4586498313649,24.4586498313649,24.4897318933139,24.593270373703,24.593270373703,24.417192326936,24.5208044790397,24.5518675968447,24.5673956078683,24.5622198668973,24.525982322611,24.5466910676864,24.593270373703,24.5363372209139,24.6501717687129,24.5829212550199,24.598444539334,24.6036184425424,24.5777463018912,24.593270373703,24.6708553211965,24.5777463018912,24.7173779975772,24.7225458756109,24.7018727940562,24.68119552596,24.6191385780148,24.6967038696157,24.6967038696157,24.6398284203822,24.5104480028654,24.5052693701856,24.5725710861868,24.5673956078683,24.6967038696157,24.598444539334,24.4793722593216,24.3601606905737,24.3601606905737,24.3290390547373,24.3238511901693,24.4379231880585,24.3653467049792,24.4016414116675,24.4275582848784,24.4482870367845,24.4586498313649,24.3082860095273,24.5104480028654,24.4534685658236,24.525982322611,24.5466910676864,24.593270373703,24.8051963851263,24.9806071469274,25.0321413659635,25.0475965748176,25.14027888859,25.2483024338098,25.2328774638867,25.2277352917338,25.0836496611589,25.1608635787557,25.2174501739369,25.2071640245704,25.2174501739369,25.2123072282184,25.2277352917338,25.124837657352,25.124837657352,25.1505717504272,25.14027888859
23.8037226951994,23.8402185911997,23.9027524276446,23.8454312178827,23.6680512651093,23.8714903310769,23.8714903310769,23.5740182424435,23.7254729028382,23.8141514353848,23.8662790443357,23.6314932528619,23.4223363945541,23.4223363945541,23.4380381843484,23.6262696012084,23.7411276986669,23.8767013499485,24.0381102869696,23.9704539289542,24.0537168909092,24.0953227786774,24.1161193330435,24.1369116310709,24.0277045513642,23.8871225842407,23.9183798623554,23.8923327997404,23.8767013499485,23.6784939860947,23.8089371994645,23.8714903310769,23.6576074664474,23.8350056964094,23.7932928814756,23.8454312178827,23.9079618401281,23.7098156861836,23.8037226951994,23.8350056964094,23.7150350274487,23.8089371994645,23.7150350274487,23.7098156861836,23.9027524276446,23.9392126969559,23.8871225842407,24.017297749009,24.0068898795898,23.9808655355738,24.1265160139431,24.1109205935815,24.3757179413665,24.417192326936,24.4223754377718,24.4327408682945,24.4690115721079,24.4120089523324,24.313474667603,24.313474667603,24.0953227786774,24.2408093636233,24.313474667603,24.3549744119754,24.4586498313649,24.3342266548802,24.3030970868713,24.313474667603,24.3446010620456,24.2927184476639,24.2304243670388,24.220038309803,24.2511932998677,24.2460014642685,24.1992630121316,24.0693210964281,24.1109205935815,24.1576996752618,24.235616997893,24.1576996752618,24.2460014642685,24.266767216777,24.2875287310348,24.4223754377718,24.3601606905737,24.3653467049792,24.3342266548802,24.2979078995965,24.3757179413665,24.261576176083,24.0953227786774,24.2304243670388,24.1784834681163,24.0849229045849,24.0693210964281,24.1213178064842,24.1161193330435,24.1888737710728,24.1836787523513,24.1576996752618,24.1421090408181,24.1836787523513,24.1473061847397,24.2979078995965,24.266767216777,24.1888737710728,24.19406852432,24.19406852432,24.1213178064842,24.2252314710217,24.3497878691456,24.1992630121316,24.3030970868713,24.2771485035319,24.2979078995965,24.3809031634257,24.2979078995965,24.3082860095273,24.3705324552306,24.3342266548802,24.3186630611374,24.3342266548802,24.3912728154683,24.2719579925803,24.220038309803,24.3342266548802,24.1317139554589,24.235616997893,24.1369116310709,24.1317139554589,24.2044572345467,24.2460014642685,24.3082860095273,24.3238511901693,24.417192326936,24.4068253139224,24.4949113154483,24.4638308334468,24.4534685658236,24.4690115721079,24.4638308334468,24.5466910676864,24.5156263724707,24.6398284203822,24.5000904743927,24.5622198668973,24.4482870367845,24.4793722593216,24.4690115721079,24.6139654618445,24.4793722593216,24.4741920473867,24.5622198668973,24.5725710861868,24.5104480028654,24.4482870367845,24.396457245529,24.3342266548802,24.2979078995965,24.3757179413665,24.2148448833435,24.3809031634257,24.396457245529,24.4638308334468,24.4120089523324,24.4275582848784,24.2927184476639,24.4482870367845,24.4534685658236,24.4741920473867,24.5622198668973,24.5466910676864,24.5673956078683,24.4431052442089,24.5829212550199,24.5311599032229,24.4327408682945,24.5829212550199,24.5311599032229,24.5673956078683,24.6294840235847,24.6450002255868,24.5673956078683,24.6191385780148,24.4845522079513,24.5000904743927,24.5570438632356,24.6708553211965,24.5363372209139,24.6087920833666,24.6915346834782,24.7070414568379,24.7173779975772,24.6501717687129,24.7277134921382,24.6450002255868,24.4845522079513,24.6294840235847,24.5208044790397,24.5622198668973,24.6760255545029,24.68119552596,24.6656848260024,24.6036184425424,24.6450002255868,24.4016414116675,24.2979078995965,24.3912728154683,24.3549744119754,24.3809031634257,24.3394139906367,24.4586498313649,24.3705324552306,24.4068253139224,24.4638308334468,24.5052693701856,24.2979078995965,24.3653467049792,24.5000904743927,24.6346563530609,24.6656848260024,24.7793752829217,24.954830304227,25.1145422104357,25.1660091054476,25.2328774638867,25.1557177937613,25.2740055641272,25.3408035889768,25.2328774638867,25.1814441360816,25.1299849929454,25.2174501739369,25.1814441360816,25.2894243522202,25.1351320700124,25.2688654531791,25.1505717504272,25.124837657352,25.2380193782588
23.652385162888,23.7776461473113,23.7985079225496,23.652385162888,23.6314932528619,23.7619969958994,23.8350056964094,23.8141514353848,23.730691437042,23.7150350274487,23.735909702305,23.8714903310769,23.6993761963129,23.4275705957371,23.5792445932848,23.4851289141291,23.6993761963129,23.8037226951994,24.032907552491,24.02250128355,24.0693210964281,24.1836787523513,24.0277045513642,24.1576996752618,24.0120939477021,23.8871225842407,23.735909702305,23.8923327997404,23.7045960758182,23.6784939860947,23.8610674896852,23.8245791023491,23.7254729028382,23.8454312178827,23.594922025375,23.6941560476277,23.6314932528619,23.7098156861836,23.8193654029997,23.9340048894389,23.8714903310769,23.8089371994645,23.7411276986669,23.730691437042,23.7515628848466,24.0120939477021,23.9340048894389,23.9756598658044,24.017297749009,24.1213178064842,24.1213178064842,24.1473061847397,24.235616997893,24.261576176083,24.2771485035319,24.417192326936,24.3290390547373,24.4379231880585,24.1888737710728,24.1888737710728,24.1576996752618,24.1213178064842,24.2771485035319,24.261576176083,24.4534685658236,24.3653467049792,24.3601606905737,24.3186630611374,24.2823387496704,24.3809031634257,24.3238511901693,24.2096511916044,24.2096511916044,24.220038309803,24.2563848704595,24.0693210964281,24.1369116310709,24.2096511916044,24.2044572345467,24.2044572345467,24.3186630611374,24.3290390547373,24.2875287310348,24.3030970868713,24.3809031634257,24.4120089523324,24.3290390547373,24.3238511901693,24.2719579925803,24.3082860095273,24.19406852432,24.235616997893,24.2044572345467,24.0953227786774,24.02250128355,24.1525030628745,24.1213178064842,24.1836787523513,24.1005223164376,24.1473061847397,24.1784834681163,24.1888737710728,24.0849229045849,24.220038309803,24.3030970868713,24.1732879183289,24.2563848704595,24.1265160139431,24.235616997893,24.2875287310348,24.3030970868713,24.3757179413665,24.2979078995965,24.3186630611374,24.3238511901693,24.1576996752618,24.261576176083,24.4016414116675,24.3860881214467,24.3497878691456,24.2979078995965,24.313474667603,24.3912728154683,24.3446010620456,24.2148448833435,24.2823387496704,24.313474667603,24.1265160139431,24.1369116310709,24.2408093636233,24.1732879183289,24.1576996752618,24.313474667603,24.3030970868713,24.3446010620456,24.4016414116675,24.4327408682945,24.4793722593216,24.5570438632356,24.5415142757223,24.5052693701856,24.5052693701856,24.4586498313649,24.5466910676864,24.525982322611,24.5725710861868,24.5673956078683,24.4741920473867,24.3186630611374,24.4897318933139,24.4586498313649,24.4431052442089,24.5518675968447,24.5622198668973,24.5052693701856,24.4016414116675,24.5208044790397,24.3809031634257,24.4741920473867,24.3549744119754,24.3186630611374,24.2408093636233,24.3497878691456,24.2460014642685,24.4327408682945,24.4327408682945,24.3860881214467,24.4379231880585,24.4482870367845,24.4431052442089,24.4379231880585,24.5000904743927,24.4897318933139,24.4275582848784,24.5000904743927,24.6036184425424,24.4793722593216,24.5208044790397,24.5725710861868,24.6243114319154,24.5156263724707,24.5829212550199,24.6553430497988,24.4741920473867,24.5725710861868,24.7535476535085,24.6087920833666,24.6036184425424,24.6501717687129,24.6450002255868,24.7483813439431,24.6863652356057,24.7483813439431,24.7122098579989,24.6346563530609,24.7535476535085,24.6087920833666,24.6967038696157,24.6553430497988,24.6967038696157,24.6708553211965,24.6863652356057,24.5052693701856,24.5208044790397,24.3446010620456,24.3912728154683,24.4897318933139,24.396457245529,24.4482870367845,24.3186630611374,24.3705324552306,24.2719579925803,24.417192326936,24.3809031634257,24.4534685658236,24.4016414116675,24.598444539334,24.3186630611374,24.6087920833666,24.4690115721079,24.598444539334,24.8464965838976,24.9496741564303,24.9651418204509,25.1505717504272,25.1557177937613,25.1196900631945,25.1762993840732,25.1351320700124,25.1814441360816,25.1505717504272,25.1351320700124,25.1711543738743,25.2174501739369,25.1762993840732,25.1762993840732,25.0836496611589,25.1042457289643,25.0939482126385,25.1557177937613
23.8089371994645,23.6628295005078,23.6784939860947,23.652385162888,23.6628295005078,23.6053722968077,23.8454312178827,23.7619969958994,23.8037226951994,23.7202540996537,23.7463454261675,23.6837149425584,23.7254729028382,23.4013968763644,23.6732727602916,23.652385162888,23.6837149425584,23.8141514353848,24.0120939477021,24.0797225681742,24.2252314710217,24.1005223164376,24.1421090408181,24.19406852432,24.02250128355,23.9287968145261,23.7254729028382,23.8193654029997,23.8662790443357,23.730691437042,23.8245791023491,23.7411276986669,23.8454312178827,23.756780074744,23.6471625897896,23.5740182424435,23.6210456798163,23.6732727602916,23.7515628848466,23.8245791023491,23.8297925334724,23.7672136483527,23.8767013499485,23.7672136483527,23.855855667086,23.9131709850186,23.8089371994645,23.9912760740285,23.9704539289542,23.9964809427924,24.1057215880592,24.1005223164376,24.1213178064842,24.2771485035319,24.4741920473867,24.2927184476639,24.3238511901693,24.3290390547373,24.3394139906367,24.3342266548802,24.2823387496704,24.3497878691456,24.2875287310348,24.3394139906367,24.2927184476639,24.3653467049792,24.19406852432,24.417192326936,24.4379231880585,24.2979078995965,24.2979078995965,24.266767216777,24.220038309803,24.2563848704595,24.235616997893,24.1525030628745,24.02250128355,24.1109205935815,24.3394139906367,24.266767216777,24.313474667603,24.2096511916044,24.2823387496704,24.313474667603,24.3238511901693,24.313474667603,24.2927184476639,24.3290390547373,24.2979078995965,24.2875287310348,24.235616997893,24.235616997893,24.1628960219406,24.220038309803,24.1784834681163,24.220038309803,24.2148448833435,24.2771485035319,24.16809210295,24.2927184476639,24.2875287310348,24.3238511901693,24.2771485035319,24.2460014642685,24.1888737710728,24.261576176083,24.2771485035319,24.1784834681163,24.1836787523513,24.3186630611374,24.3394139906367,24.3446010620456,24.3549744119754,24.2979078995965,24.396457245529,24.3601606905737,24.266767216777,24.4586498313649,24.4379231880585,24.3446010620456,24.3082860095273,24.3705324552306,24.3809031634257,24.3705324552306,24.3757179413665,24.313474667603,24.4223754377718,24.2875287310348,24.1161193330435,24.1628960219406,24.0797225681742,24.0693210964281,24.3912728154683,24.266767216777,24.4482870367845,24.4223754377718,24.3342266548802,24.525982322611,24.4431052442089,24.5052693701856,24.5311599032229,24.6450002255868,24.598444539334,24.5673956078683,24.4845522079513,24.4741920473867,24.6967038696157,24.4949113154483,24.4741920473867,24.4327408682945,24.5208044790397,24.4534685658236,24.5673956078683,24.5673956078683,24.5673956078683,24.525982322611,24.3912728154683,24.3757179413665,24.3809031634257,24.3757179413665,24.3809031634257,24.4275582848784,24.3653467049792,24.4586498313649,24.3238511901693,24.3497878691456,24.3601606905737,24.3549744119754,24.4482870367845,24.4690115721079,24.4482870367845,24.5363372209139,24.5466910676864,24.5829212550199,24.5311599032229,24.5673956078683,24.5570438632356,24.5311599032229,24.6294840235847,24.6087920833666,24.6087920833666,24.6450002255868,24.6501717687129,24.6191385780148,24.6036184425424,24.5570438632356,24.6087920833666,24.5466910676864,24.6243114319154,24.6191385780148,24.7483813439431,24.7587137017957,24.7225458756109,24.7432147730614,24.7587137017957,24.7380479408253,24.6863652356057,24.7018727940562,24.598444539334,24.6967038696157,24.7122098579989,24.7018727940562,24.6243114319154,24.4741920473867,24.5052693701856,24.4016414116675,24.4897318933139,24.3446010620456,24.4793722593216,24.4275582848784,24.3238511901693,24.313474667603,24.4482870367845,24.3030970868713,24.4431052442089,24.4534685658236,24.3290390547373,24.4482870367845,24.3186630611374,24.6036184425424,24.598444539334,24.6605140688826,24.7742102793675,24.9857617364743,25.0475965748176,25.1454254487159,25.0218365972651,25.1762993840732,25.0578987516956,25.2842850136107,25.2277352917338,25.1454254487159,25.2123072282184,25.1351320700124,25.2020205629554,25.4126913524992,25.1042457289643,25.1454254487159,25.2380193782588,25.124837657352
23.7254729028382,23.4537375334835,23.5060510842532,23.7880775719377,23.756780074744,23.6837149425584,23.6419397471125,23.6576074664474,23.756780074744,23.6784939860947,23.6837149425584,23.7724300321434,23.6628295005078,23.4118671782314,23.5635647303038,23.6732727602916,23.6784939860947,23.756780074744,23.9600412538547,24.0849229045849,24.1576996752618,24.0901229747396,24.1576996752618,24.0433127548394,23.9964809427924,23.8245791023491,23.8350056964094,23.6367166348165,23.7828619938962,23.730691437042,23.8141514353848,23.8402185911997,23.7411276986669,23.7619969958994,23.594922025375,23.6680512651093,23.8245791023491,23.6784939860947,23.7776461473113,23.8037226951994,23.855855667086,23.6576074664474,23.6471625897896,23.735909702305,23.7724300321434,23.7776461473113,23.7776461473113,23.9652477249841,23.9287968145261,23.9964809427924,24.017297749009,24.0381102869696,24.0381102869696,24.2252314710217,24.2563848704595,24.4120089523324,24.3653467049792,24.261576176083,24.3757179413665,24.2823387496704,24.3497878691456,24.4845522079513,24.4949113154483,24.3082860095273,24.235616997893,24.2719579925803,24.3446010620456,24.2771485035319,24.235616997893,24.313474667603,24.266767216777,24.1992630121316,24.0901229747396,24.0693210964281,23.9704539289542,24.0277045513642,23.9444202371166,24.1732879183289,24.3394139906367,24.2875287310348,24.2875287310348,24.2927184476639,24.2304243670388,24.3082860095273,24.235616997893,24.4016414116675,24.3653467049792,24.313474667603,24.3290390547373,24.2563848704595,24.266767216777,24.1888737710728,24.1213178064842,24.1888737710728,24.19406852432,24.0641199610143,24.1888737710728,24.1525030628745,24.1836787523513,24.2771485035319,24.16809210295,24.3549744119754,24.266767216777,24.2096511916044,24.1213178064842,24.2771485035319,24.2096511916044,24.2460014642685,24.220038309803,24.2563848704595,24.266767216777,24.2927184476639,24.3394139906367,24.3082860095273,24.2875287310348,24.1992630121316,24.2304243670388,24.396457245529,24.3653467049792,24.3446010620456,24.4327408682945,24.3186630611374,24.313474667603,24.2304243670388,24.235616997893,24.3394139906367,24.3601606905737,24.3549744119754,24.1525030628745,24.0953227786774,24.1161193330435,24.1005223164376,24.1525030628745,24.16809210295,24.4068253139224,24.4482870367845,24.396457245529,24.5622198668973,24.4741920473867,24.4897318933139,24.5052693701856,24.4741920473867,24.4793722593216,24.5311599032229,24.4793722593216,24.5052693701856,24.5777463018912,24.4897318933139,24.4793722593216,24.3809031634257,24.4120089523324,24.4275582848784,24.4016414116675,24.4897318933139,24.4327408682945,24.4586498313649,24.4638308334468,24.3497878691456,24.3912728154683,24.4016414116675,24.2563848704595,24.2460014642685,24.1992630121316,24.16809210295,24.3394139906367,24.2927184476639,24.2875287310348,24.4223754377718,24.396457245529,24.3446010620456,24.4068253139224,24.3809031634257,24.5570438632356,24.5725710861868,24.4638308334468,24.4690115721079,24.4379231880585,24.5000904743927,24.4379231880585,24.5518675968447,24.4690115721079,24.4431052442089,24.5311599032229,24.5311599032229,24.5052693701856,24.4586498313649,24.593270373703,24.593270373703,24.5518675968447,24.6243114319154,24.6605140688826,24.6553430497988,24.7225458756109,24.5777463018912,24.5673956078683,24.4949113154483,24.7070414568379,24.4690115721079,24.5777463018912,24.6967038696157,24.5673956078683,24.5000904743927,24.4949113154483,24.3394139906367,24.3497878691456,24.4897318933139,24.3342266548802,24.417192326936,24.3030970868713,24.3497878691456,24.3446010620456,24.2460014642685,24.2719579925803,24.2563848704595,24.3030970868713,24.235616997893,24.3082860095273,24.2408093636233,24.3394139906367,24.3238511901693,24.598444539334,24.6450002255868,24.7483813439431,24.9599861922213,24.9496741564303,24.9806071469274,25.0115307913128,25.1196900631945,25.0218365972651,25.0990971001769,25.1608635787557,25.0990971001769,25.0990971001769,25.1505717504272,25.0630494515398,25.2123072282184,25.0990971001769,25.0939482126385,25.0475965748176,25.0269891112523
23.4798976946441,23.5060510842532,23.584470674027,23.6471625897896,23.6680512651093,23.652385162888,23.6784939860947,23.6001472960607,23.6367166348165,23.6367166348165,23.4903598627922,23.4851289141291,23.537426220416,23.5217398697661,23.4903598627922,23.6367166348165,23.5426544630727,23.7672136483527,23.8193654029997,24.0953227786774,24.1109205935815,24.0068898795898,24.0745219654683,24.0068898795898,24.017297749009,23.8245791023491,23.8089371994645,23.7932928814756,23.6889356297228,23.7098156861836,23.7880775719377,23.6837149425584,23.6889356297228,23.7515628848466,23.6053722968077,23.6680512651093,23.6471625897896,23.6680512651093,23.6732727602916,23.7463454261675,23.8193654029997,23.7724300321434,23.7672136483527,23.7515628848466,23.7619969958994,23.7254729028382,23.7463454261675,23.7463454261675,23.9548345155266,23.9860709383021,23.9964809427924,24.0016855446331,24.2563848704595,24.2304243670388,24.3082860095273,24.266767216777,24.3757179413665,24.3549744119754,24.261576176083,24.3030970868713,24.396457245529,24.5104480028654,24.4223754377718,24.3030970868713,24.3497878691456,24.1421090408181,24.2719579925803,24.2719579925803,24.3082860095273,24.2096511916044,24.1473061847397,24.1369116310709,24.1057215880592,24.1109205935815,24.1525030628745,24.1005223164376,24.0849229045849,23.9912760740285,24.2563848704595,24.2823387496704,24.3549744119754,24.266767216777,24.1784834681163,24.3290390547373,24.3238511901693,24.3030970868713,24.3394139906367,24.2252314710217,24.266767216777,24.2563848704595,24.19406852432,24.1836787523513,24.1784834681163,24.0433127548394,24.1836787523513,24.2771485035319,24.2096511916044,24.1369116310709,24.0433127548394,24.0485149561396,24.02250128355,24.2252314710217,24.2408093636233,24.0745219654683,24.1161193330435,24.313474667603,24.1369116310709,24.1265160139431,24.261576176083,24.1732879183289,24.266767216777,24.2460014642685,24.3238511901693,24.3030970868713,24.4327408682945,24.266767216777,24.3186630611374,24.2979078995965,24.3082860095273,24.3601606905737,24.4275582848784,24.3601606905737,24.2875287310348,24.3497878691456,24.3497878691456,24.3497878691456,24.2148448833435,24.1732879183289,24.0797225681742,24.0641199610143,24.1109205935815,24.2096511916044,24.2096511916044,24.261576176083,24.2875287310348,24.266767216777,24.4482870367845,24.4379231880585,24.5415142757223,24.5518675968447,24.5311599032229,24.5363372209139,24.4223754377718,24.5052693701856,24.4586498313649,24.4638308334468,24.4586498313649,24.5000904743927,24.4897318933139,24.4068253139224,24.4949113154483,24.4741920473867,24.4638308334468,24.5518675968447,24.5052693701856,24.4845522079513,24.3912728154683,24.417192326936,24.3497878691456,24.3446010620456,24.4379231880585,24.2563848704595,24.2563848704595,24.3497878691456,24.3082860095273,24.396457245529,24.2719579925803,24.3601606905737,24.3030970868713,24.4586498313649,24.3238511901693,24.4327408682945,24.4068253139224,24.4327408682945,24.2979078995965,24.5104480028654,24.5052693701856,24.4845522079513,24.5622198668973,24.588095945611,24.5622198668973,24.5570438632356,24.5725710861868,24.4534685658236,24.5156263724707,24.5466910676864,24.598444539334,24.4845522079513,24.5363372209139,24.5052693701856,24.6346563530609,24.6346563530609,24.6501717687129,24.598444539334,24.5673956078683,24.6501717687129,24.4793722593216,24.5570438632356,24.5000904743927,24.5673956078683,24.5000904743927,24.6656848260024,24.6708553211965,24.5208044790397,24.4845522079513,24.4741920473867,24.4741920473867,24.3653467049792,24.3497878691456,24.3549744119754,24.2719579925803,24.266767216777,24.2771485035319,24.4016414116675,24.2823387496704,24.2927184476639,24.4638308334468,24.3601606905737,24.396457245529,24.3394139906367,24.4586498313649,24.598444539334,24.7587137017957,24.7793752829217,25.0166838239645,24.9135738442187,25.1196900631945,25.0372933614365,25.1711543738743,25.14027888859,25.0321413659635,25.1042457289643,25.14027888859,25.0836496611589,25.1454254487159,25.14027888859,25.1196900631945,25.0939482126385,25.1608635787557,25.0939482126385
23.4903598627922,23.4903598627922,23.4903598627922,23.5008209478141,23.5740182424435,23.5112809500315,23.6576074664474,23.735909702305,23.6993761963129,23.8141514353848,23.652385162888,23.5583375689251,23.5635647303038,23.5583375689251,23.4589701076814,23.6576074664474,23.735909702305,23.730691437042,23.7411276986669,24.017297749009,24.1369116310709,24.0485149561396,24.0537168909092,23.9392126969559,23.8193654029997,23.8297925334724,23.8350056964094,23.8089371994645,23.8089371994645,23.6262696012084,23.7463454261675,23.8193654029997,23.584470674027,23.8610674896852,23.6262696012084,23.6158214886455,23.4275705957371,23.6680512651093,23.6419397471125,23.6889356297228,23.7880775719377,23.756780074744,23.7672136483527,23.7515628848466,23.756780074744,23.756780074744,23.9183798623554,23.9287968145261,23.9131709850186,23.9964809427924,24.0901229747396,24.1005223164376,24.0849229045849,24.2511932998677,24.2252314710217,24.3342266548802,24.2563848704595,24.3030970868713,24.1836787523513,24.3238511901693,24.2927184476639,24.3860881214467,24.3705324552306,24.3394139906367,24.3446010620456,24.3394139906367,24.16809210295,24.0016855446331,24.1473061847397,24.1888737710728,24.19406852432,24.0433127548394,24.1628960219406,24.1057215880592,24.19406852432,24.0485149561396,24.1057215880592,24.2252314710217,24.235616997893,24.1005223164376,24.3446010620456,24.19406852432,24.2719579925803,24.2979078995965,24.2148448833435,24.3238511901693,24.261576176083,24.3082860095273,24.3497878691456,24.3860881214467,24.2252314710217,24.0433127548394,24.261576176083,24.1784834681163,24.3394139906367,24.2096511916044,24.1784834681163,24.1836787523513,24.032907552491,23.9235884721781,24.1576996752618,24.2148448833435,24.3601606905737,24.2044572345467,24.220038309803,24.2408093636233,24.2304243670388,24.1888737710728,24.1784834681163,24.2719579925803,24.2979078995965,24.2927184476639,24.313474667603,24.3082860095273,24.2511932998677,24.19406852432,24.2875287310348,24.261576176083,24.2979078995965,24.3860881214467,24.3238511901693,24.4016414116675,24.3705324552306,24.3809031634257,24.3186630611374,24.3186630611374,24.1888737710728,24.1213178064842,24.0381102869696,24.0849229045849,24.0120939477021,24.1317139554589,24.1421090408181,24.1992630121316,24.3082860095273,24.266767216777,24.3809031634257,24.4431052442089,24.4793722593216,24.5000904743927,24.5518675968447,24.4327408682945,24.3601606905737,24.4690115721079,24.4741920473867,24.4068253139224,24.4845522079513,24.4845522079513,24.4897318933139,24.3757179413665,24.4741920473867,24.5156263724707,24.4379231880585,24.525982322611,24.4741920473867,24.4690115721079,24.3653467049792,24.3705324552306,24.3653467049792,24.3757179413665,24.3497878691456,24.1732879183289,24.3912728154683,24.2771485035319,24.3757179413665,24.3186630611374,24.2979078995965,24.3860881214467,24.3860881214467,24.5208044790397,24.4120089523324,24.3238511901693,24.4379231880585,24.3394139906367,24.5208044790397,24.5104480028654,24.4534685658236,24.4949113154483,24.4897318933139,24.5311599032229,24.5622198668973,24.5570438632356,24.5570438632356,24.4638308334468,24.5208044790397,24.4431052442089,24.4690115721079,24.6036184425424,24.4586498313649,24.6036184425424,24.6294840235847,24.6036184425424,24.6398284203822,24.6450002255868,24.5622198668973,24.68119552596,24.5311599032229,24.5518675968447,24.6863652356057,24.4690115721079,24.4534685658236,24.4482870367845,24.4638308334468,24.5363372209139,24.4223754377718,24.4949113154483,24.313474667603,24.1576996752618,24.396457245529,24.3238511901693,24.3394139906367,24.2875287310348,24.3860881214467,24.2252314710217,24.2875287310348,24.2511932998677,24.3653467049792,24.3238511901693,24.3549744119754,24.3290390547373,24.3394139906367,24.593270373703,24.6915346834782,24.8258485704877,24.8826205758957,24.9960701368761,25.1093940990381,25.1299849929454,25.0269891112523,25.0269891112523,25.14027888859,25.1557177937613,25.2020205629554,25.1557177937613,25.0733500742259,25.1505717504272,25.1042457289643,25.0733500742259,25.0527477928007,25.0321413659635
23.6210456798163,23.6210456798163,23.6262696012084,23.6210456798163,23.6367166348165,23.5635647303038,23.6419397471125,23.6628295005078,23.6941560476277,23.7463454261675,23.7202540996537,23.4903598627922,23.3123554359411,23.4746662042971,23.4485046882223,23.4903598627922,23.7254729028382,23.8350056964094,23.8767013499485,24.0068898795898,24.0693210964281,24.1005223164376,24.0641199610143,23.8297925334724,23.8297925334724,23.7828619938962,23.6993761963129,23.6732727602916,23.6784939860947,23.7098156861836,23.7672136483527,23.7985079225496,23.756780074744,23.6053722968077,23.6053722968077,23.5792445932848,23.6314932528619,23.6784939860947,23.6471625897896,23.6941560476277,23.7150350274487,23.7463454261675,23.7776461473113,23.7515628848466,23.7515628848466,23.8923327997404,24.032907552491,24.0016855446331,23.9287968145261,24.0797225681742,24.0381102869696,24.02250128355,24.220038309803,24.1317139554589,24.220038309803,24.19406852432,24.2148448833435,24.3601606905737,24.2511932998677,24.3082860095273,24.3342266548802,24.3186630611374,24.3860881214467,24.4845522079513,24.3601606905737,24.4949113154483,24.16809210295,24.1369116310709,24.1369116310709,24.2460014642685,24.19406852432,24.2460014642685,24.235616997893,24.0537168909092,23.9392126969559,24.1161193330435,24.1784834681163,24.220038309803,24.266767216777,24.1576996752618,24.2096511916044,24.1317139554589,24.2875287310348,24.3030970868713,24.3238511901693,24.2979078995965,24.3446010620456,24.3653467049792,24.1784834681163,24.2408093636233,24.1732879183289,24.1732879183289,24.0745219654683,24.1109205935815,24.2511932998677,24.19406852432,24.1784834681163,24.1473061847397,23.9287968145261,24.0537168909092,24.0901229747396,24.1161193330435,24.2096511916044,24.1836787523513,24.0745219654683,24.1525030628745,24.1317139554589,24.2563848704595,24.220038309803,24.2044572345467,24.2927184476639,24.2511932998677,24.220038309803,24.3342266548802,24.3082860095273,24.1888737710728,24.2719579925803,24.3446010620456,24.2563848704595,24.3912728154683,24.3653467049792,24.313474667603,24.3290390547373,24.3809031634257,24.1836787523513,24.2096511916044,24.3549744119754,24.1317139554589,24.1005223164376,23.9912760740285,23.9860709383021,24.1161193330435,24.1732879183289,24.2719579925803,24.2719579925803,24.3082860095273,24.2979078995965,24.4638308334468,24.5673956078683,24.4431052442089,24.4275582848784,24.4223754377718,24.5104480028654,24.4379231880585,24.4897318933139,24.4068253139224,24.4534685658236,24.3809031634257,24.417192326936,24.4431052442089,24.3809031634257,24.4741920473867,24.3809031634257,24.5415142757223,24.4897318933139,24.5311599032229,24.4586498313649,24.3549744119754,24.3497878691456,24.261576176083,24.261576176083,24.2927184476639,24.2875287310348,24.3030970868713,24.2823387496704,24.3653467049792,24.3809031634257,24.3186630611374,24.3757179413665,24.3186630611374,24.3549744119754,24.3238511901693,24.2979078995965,24.2979078995965,24.5000904743927,24.4897318933139,24.5466910676864,24.4845522079513,24.6036184425424,24.5518675968447,24.417192326936,24.5725710861868,24.5829212550199,24.5725710861868,24.588095945611,24.4845522079513,24.5000904743927,24.6191385780148,24.4275582848784,24.593270373703,24.6036184425424,24.5466910676864,24.6398284203822,24.5156263724707,24.6708553211965,24.5570438632356,24.5570438632356,24.5570438632356,24.396457245529,24.5673956078683,24.5363372209139,24.4741920473867,24.5156263724707,24.4638308334468,24.4690115721079,24.396457245529,24.4897318933139,24.417192326936,24.4845522079513,24.3238511901693,24.1525030628745,24.3082860095273,24.220038309803,24.220038309803,24.2511932998677,24.2771485035319,24.2979078995965,24.3290390547373,24.261576176083,24.4741920473867,24.4690115721079,24.5829212550199,24.7638794888426,24.7122098579989,24.8774607869049,25.0063774992726,25.0063774992726,25.0321413659635,25.124837657352,25.0939482126385,25.0578987516956,25.0887990663117,25.0784999971428,25.0836496611589,25.0836496611589,25.0733500742259,25.0939482126385,25.0887990663117,25.1608635787557,25.0012239478063
23.4798976946441,23.464202410856,23.5008209478141,23.6262696012084,23.730691437042,23.7619969958994,23.6210456798163,23.6680512651093,23.756780074744,23.7463454261675,23.7672136483527,23.6576074664474,23.594922025375,23.4537375334835,23.4903598627922,23.8037226951994,23.7724300321434,23.7411276986669,23.8506435764983,23.9652477249841,24.0485149561396,24.16809210295,24.0641199610143,23.9860709383021,23.6889356297228,23.6314932528619,23.9548345155266,23.9756598658044,23.8089371994645,23.8610674896852,23.8402185911997,23.7045960758182,23.7619969958994,23.7150350274487,23.6680512651093,23.756780074744,23.7202540996537,23.6993761963129,23.652385162888,23.7463454261675,23.7150350274487,23.7776461473113,23.7150350274487,23.594922025375,23.7932928814756,24.032907552491,24.0797225681742,24.0693210964281,24.1836787523513,24.1992630121316,24.0849229045849,24.1784834681163,24.1161193330435,24.2460014642685,24.2148448833435,24.2096511916044,24.235616997893,24.19406852432,24.266767216777,24.2875287310348,24.261576176083,24.3290390547373,24.3705324552306,24.3446010620456,24.5208044790397,24.417192326936,24.2719579925803,24.1525030628745,24.1421090408181,24.19406852432,24.19406852432,24.1161193330435,24.2304243670388,24.0953227786774,24.0589185591878,24.0953227786774,24.0381102869696,24.2719579925803,24.2304243670388,24.2096511916044,24.1576996752618,24.2044572345467,24.3290390547373,24.3446010620456,24.2096511916044,24.3653467049792,24.3601606905737,24.3653467049792,24.3342266548802,24.2927184476639,24.2719579925803,24.261576176083,24.1836787523513,24.1576996752618,24.0537168909092,24.1888737710728,24.0693210964281,24.0537168909092,23.9912760740285,24.02250128355,24.1057215880592,24.0797225681742,24.1576996752618,24.1732879183289,24.1161193330435,24.1213178064842,24.2252314710217,24.1525030628745,24.2304243670388,24.16809210295,24.2511932998677,24.235616997893,24.3082860095273,24.3030970868713,24.3030970868713,24.261576176083,24.2927184476639,24.3082860095273,24.2460014642685,24.3186630611374,24.1628960219406,24.2304243670388,24.3030970868713,24.2771485035319,24.2148448833435,24.2719579925803,24.19406852432,24.1213178064842,23.8975427475285,24.1732879183289,24.1213178064842,24.1888737710728,24.1265160139431,24.2719579925803,24.396457245529,24.4586498313649,24.5156263724707,24.5415142757223,24.5570438632356,24.4223754377718,24.4431052442089,24.417192326936,24.5466910676864,24.5311599032229,24.4482870367845,24.5673956078683,24.5518675968447,24.4949113154483,24.3860881214467,24.4845522079513,24.4845522079513,24.4897318933139,24.4949113154483,24.5518675968447,24.4534685658236,24.4638308334468,24.3757179413665,24.4690115721079,24.3653467049792,24.3601606905737,24.2875287310348,24.313474667603,24.3757179413665,24.313474667603,24.2771485035319,24.2096511916044,24.3342266548802,24.1888737710728,24.3030970868713,24.3446010620456,24.3082860095273,24.3238511901693,24.3394139906367,24.3549744119754,24.3601606905737,24.4120089523324,24.4638308334468,24.5000904743927,24.3653467049792,24.5208044790397,24.525982322611,24.4845522079513,24.5052693701856,24.5466910676864,24.5415142757223,24.5415142757223,24.525982322611,24.525982322611,24.5829212550199,24.6243114319154,24.5311599032229,24.598444539334,24.593270373703,24.6243114319154,24.6398284203822,24.5622198668973,24.598444539334,24.5000904743927,24.6294840235847,24.5466910676864,24.4016414116675,24.4534685658236,24.4690115721079,24.4845522079513,24.4690115721079,24.5156263724707,24.5104480028654,24.3342266548802,24.3549744119754,24.261576176083,24.3705324552306,24.2460014642685,24.3809031634257,24.3809031634257,24.266767216777,24.2927184476639,24.313474667603,24.3238511901693,24.2823387496704,24.6036184425424,24.4275582848784,24.5829212550199,24.525982322611,24.7277134921382,24.8155229994525,24.9496741564303,24.836173098535,25.0424450977087,25.0784999971428,25.0424450977087,25.0475965748176,25.124837657352,25.0527477928007,25.1608635787557,25.1042457289643,25.0939482126385,25.0887990663117,25.0990971001769,25.1968768433364,25.1814441360816
23.5531101372871,23.5426544630727,23.4798976946441,23.4903598627922,23.6628295005078,23.6784939860947,23.5687916214632,23.594922025375,23.7411276986669,23.584470674027,23.6105970276559,23.5478824353497,23.6053722968077,23.5531101372871,23.5740182424435,23.7463454261675,23.756780074744,23.8297925334724,23.756780074744,23.8193654029997,24.0485149561396,24.017297749009,24.0277045513642,23.9392126969559,23.9600412538547,23.7463454261675,23.8402185911997,23.8402185911997,23.8923327997404,24.0797225681742,23.8506435764983,23.8193654029997,23.8245791023491,23.7045960758182,23.7880775719377,23.7672136483527,23.6001472960607,23.6001472960607,23.7411276986669,23.652385162888,23.6784939860947,23.7672136483527,23.7672136483527,23.735909702305,23.855855667086,23.9496275099604,24.0068898795898,24.1628960219406,24.0693210964281,24.1888737710728,24.032907552491,24.0641199610143,24.1888737710728,24.1888737710728,24.0589185591878,24.19406852432,24.3860881214467,24.3705324552306,24.2823387496704,24.2823387496704,24.3238511901693,24.3757179413665,24.4016414116675,24.3238511901693,24.3912728154683,24.4793722593216,24.1473061847397,24.1265160139431,24.1161193330435,24.1421090408181,24.1213178064842,24.0797225681742,24.1421090408181,24.0277045513642,24.0485149561396,24.0745219654683,24.2148448833435,24.2304243670388,24.1992630121316,24.3446010620456,24.1525030628745,24.2719579925803,24.1784834681163,24.3186630611374,24.2148448833435,24.2148448833435,24.3342266548802,24.3082860095273,24.2719579925803,24.1421090408181,24.1836787523513,24.0537168909092,24.0485149561396,23.9548345155266,24.0381102869696,24.313474667603,24.1888737710728,24.0797225681742,24.032907552491,24.19406852432,24.0641199610143,24.19406852432,24.0693210964281,24.0277045513642,24.1161193330435,24.1421090408181,24.1265160139431,24.1213178064842,24.1317139554589,24.2927184476639,24.2511932998677,24.2563848704595,24.1888737710728,24.2927184476639,24.1784834681163,24.2563848704595,24.2823387496704,24.1628960219406,24.261576176083,24.2252314710217,24.2875287310348,24.2771485035319,24.2563848704595,24.19406852432,24.2096511916044,24.2563848704595,24.261576176083,24.1213178064842,23.9964809427924,24.1317139554589,24.1265160139431,24.1992630121316,24.1784834681163,24.2771485035319,24.3446010620456,24.3549744119754,24.5208044790397,24.5208044790397,24.7535476535085,24.4586498313649,24.4120089523324,24.5415142757223,24.5363372209139,24.4327408682945,24.5104480028654,24.4741920473867,24.4845522079513,24.4534685658236,24.5311599032229,24.4690115721079,24.4741920473867,24.5518675968447,24.5518675968447,24.4845522079513,24.525982322611,24.3809031634257,24.4897318933139,24.4482870367845,24.4482870367845,24.5415142757223,24.417192326936,24.3082860095273,24.3394139906367,24.3860881214467,24.3290390547373,24.3446010620456,24.313474667603,24.3653467049792,24.2719579925803,24.3342266548802,24.3342266548802,24.3082860095273,24.4793722593216,24.3497878691456,24.3601606905737,24.4223754377718,24.4897318933139,24.4638308334468,24.4845522079513,24.4534685658236,24.5622198668973,24.6087920833666,24.593270373703,24.5156263724707,24.5622198668973,24.7277134921382,24.5725710861868,24.6036184425424,24.5363372209139,24.5466910676864,24.6398284203822,24.5829212550199,24.7328808471969,24.5466910676864,24.5104480028654,24.6656848260024,24.5363372209139,24.5052693701856,24.5311599032229,24.4482870367845,24.4431052442089,24.4379231880585,24.4586498313649,24.5673956078683,24.5052693701856,24.3860881214467,24.5415142757223,24.3860881214467,24.4016414116675,24.3860881214467,24.3809031634257,24.396457245529,24.2252314710217,24.3653467049792,24.3912728154683,24.3290390547373,24.2979078995965,24.1992630121316,24.3394139906367,24.3912728154683,24.4586498313649,24.6243114319154,24.5208044790397,24.6708553211965,24.836173098535,25.0063774992726,25.0166838239645,24.9238895190908,25.0527477928007,25.1968768433364,25.0166838239645,25.0269891112523,25.1196900631945,25.1299849929454,25.1762993840732,25.1608635787557,25.1093940990381,25.1557177937613,25.0784999971428,25.1196900631945
23.3385522506252,23.4589701076814,23.5531101372871,23.5217398697661,23.4537375334835,23.5112809500315,23.6210456798163,23.537426220416,23.5165105451891,23.6367166348165,23.6001472960607,23.6628295005078,23.5321977073394,23.6367166348165,23.6158214886455,23.7254729028382,23.8350056964094,23.756780074744,23.8714903310769,24.0016855446331,24.0433127548394,23.9392126969559,23.7150350274487,23.5635647303038,23.8662790443357,23.5583375689251,23.8245791023491,23.855855667086,23.8350056964094,23.8402185911997,23.8350056964094,23.8506435764983,23.7254729028382,23.6941560476277,23.735909702305,23.7098156861836,23.4380381843484,23.6001472960607,23.652385162888,23.6576074664474,23.7254729028382,23.8662790443357,23.5060510842532,23.7932928814756,23.7254729028382,23.855855667086,23.9704539289542,24.0381102869696,24.0901229747396,24.0068898795898,24.0381102869696,24.02250128355,23.9496275099604,24.0277045513642,24.2096511916044,24.19406852432,24.2096511916044,24.2252314710217,24.2148448833435,24.2771485035319,24.235616997893,24.1836787523513,24.3394139906367,24.3860881214467,24.16809210295,24.313474667603,24.3860881214467,24.1473061847397,24.1005223164376,24.0745219654683,24.1628960219406,24.16809210295,24.032907552491,23.9912760740285,24.0797225681742,24.0589185591878,24.1421090408181,24.266767216777,24.1576996752618,24.1732879183289,24.0433127548394,24.3186630611374,24.1992630121316,24.313474667603,24.3082860095273,24.1992630121316,24.2771485035319,24.2460014642685,24.2771485035319,24.2408093636233,24.1317139554589,24.1473061847397,24.0745219654683,24.0693210964281,24.0589185591878,24.0381102869696,24.16809210295,24.0849229045849,24.1317139554589,24.1369116310709,23.9912760740285,24.1888737710728,24.0641199610143,24.1421090408181,24.1265160139431,24.1369116310709,24.1992630121316,24.1992630121316,24.19406852432,24.220038309803,24.2511932998677,24.2460014642685,24.3186630611374,24.313474667603,24.1784834681163,24.1888737710728,24.2148448833435,24.235616997893,24.2875287310348,24.2460014642685,24.2148448833435,24.2148448833435,24.2719579925803,24.1888737710728,24.235616997893,24.0901229747396,24.2511932998677,24.0849229045849,23.9912760740285,23.9652477249841,23.9704539289542,24.1317139554589,24.16809210295,24.2927184476639,24.3705324552306,24.3549744119754,24.5104480028654,24.5570438632356,24.5104480028654,24.4482870367845,24.4793722593216,24.4120089523324,24.4016414116675,24.3757179413665,24.5000904743927,24.4741920473867,24.5518675968447,24.4534685658236,24.4845522079513,24.5518675968447,24.4741920473867,24.3705324552306,24.4638308334468,24.5156263724707,24.4949113154483,24.3082860095273,24.3394139906367,24.4223754377718,24.313474667603,24.3290390547373,24.2927184476639,24.2823387496704,24.2563848704595,24.2096511916044,24.3342266548802,24.2563848704595,24.2563848704595,24.2304243670388,24.3290390547373,24.3082860095273,24.3082860095273,24.3446010620456,24.220038309803,24.2044572345467,24.3394139906367,24.3549744119754,24.4949113154483,24.5104480028654,24.4690115721079,24.3290390547373,24.5208044790397,24.6036184425424,24.5000904743927,24.5570438632356,24.5311599032229,24.4949113154483,24.5415142757223,24.5311599032229,24.5466910676864,24.6450002255868,24.588095945611,24.6294840235847,24.5570438632356,24.5777463018912,24.6139654618445,24.4897318933139,24.396457245529,24.5104480028654,24.4431052442089,24.4586498313649,24.4638308334468,24.4690115721079,24.3912728154683,24.5673956078683,24.4638308334468,24.3601606905737,24.4068253139224,24.3082860095273,24.313474667603,24.2875287310348,24.2511932998677,24.2563848704595,24.3342266548802,24.3497878691456,24.2563848704595,24.2823387496704,24.3082860095273,24.3290390547373,24.1992630121316,24.4586498313649,24.4638308334468,24.4068253139224,24.4949113154483,24.5777463018912,24.7535476535085,24.836173098535,24.954830304227,25.0321413659635,24.954830304227,25.0578987516956,25.1711543738743,25.0527477928007,25.1865886299367,25.1093940990381,25.1351320700124,25.1762993840732,25.0887990663117,25.0887990663117,25.1042457289643,24.9702971889533
23.537426220416,23.5008209478141,23.4118671782314,23.4694344430479,23.4851289141291,23.3228349779958,23.5112809500315,23.6105970276559,23.6576074664474,23.6001472960607,23.5740182424435,23.6889356297228,23.584470674027,23.5792445932848,23.735909702305,23.8975427475285,23.6889356297228,23.7724300321434,24.0120939477021,24.0120939477021,24.0120939477021,23.8819121009899,23.7463454261675,23.6628295005078,23.5740182424435,23.5531101372871,23.6314932528619,23.8037226951994,23.8245791023491,23.8402185911997,23.8402185911997,23.8245791023491,23.7619969958994,23.584470674027,23.7515628848466,23.6680512651093,23.6576074664474,23.4589701076814,23.5165105451891,23.6471625897896,23.8767013499485,23.8610674896852,23.9131709850186,23.855855667086,23.7724300321434,23.735909702305,23.8245791023491,24.0016855446331,24.0849229045849,24.02250128355,24.0277045513642,23.8923327997404,24.0537168909092,23.9756598658044,24.1525030628745,24.1836787523513,24.235616997893,24.3238511901693,24.3705324552306,24.2563848704595,24.1836787523513,24.1992630121316,24.1784834681163,24.2979078995965,24.4068253139224,24.3186630611374,24.3082860095273,24.261576176083,24.1888737710728,24.1888737710728,24.235616997893,24.1525030628745,23.9027524276446,24.0745219654683,24.0849229045849,24.0641199610143,24.1992630121316,24.1369116310709,24.2460014642685,24.2563848704595,24.313474667603,24.2511932998677,24.2511932998677,24.2148448833435,24.2460014642685,24.2460014642685,24.3238511901693,24.1992630121316,24.2979078995965,24.1836787523513,24.0797225681742,24.1317139554589,24.1525030628745,24.1421090408181,24.2096511916044,24.0953227786774,24.2148448833435,24.1732879183289,24.1732879183289,24.1421090408181,24.1576996752618,24.1213178064842,24.1369116310709,24.1265160139431,24.1421090408181,24.1421090408181,24.1161193330435,24.2460014642685,24.3394139906367,24.1888737710728,24.1421090408181,24.3809031634257,24.16809210295,24.2719579925803,24.2875287310348,24.2563848704595,24.2771485035319,24.2148448833435,24.2979078995965,24.235616997893,24.1732879183289,24.220038309803,24.2304243670388,24.220038309803,24.1992630121316,24.1005223164376,24.0537168909092,23.9756598658044,24.2044572345467,24.0745219654683,24.1421090408181,24.1525030628745,24.2719579925803,24.2771485035319,24.3653467049792,24.4534685658236,24.396457245529,24.4949113154483,24.4949113154483,24.4482870367845,24.4431052442089,24.5415142757223,24.5052693701856,24.3809031634257,24.5052693701856,24.4690115721079,24.4482870367845,24.4223754377718,24.396457245529,24.5518675968447,24.5104480028654,24.3342266548802,24.4482870367845,24.4897318933139,24.4016414116675,24.4482870367845,24.3912728154683,24.5777463018912,24.3757179413665,24.3912728154683,24.3705324552306,24.3290390547373,24.261576176083,24.3290390547373,24.3186630611374,24.3342266548802,24.261576176083,24.235616997893,24.2148448833435,24.235616997893,24.3186630611374,24.2927184476639,24.3394139906367,24.3238511901693,24.3446010620456,24.4897318933139,24.3394139906367,24.4638308334468,24.4482870367845,24.3342266548802,24.4638308334468,24.6139654618445,24.4431052442089,24.588095945611,24.5000904743927,24.5622198668973,24.5673956078683,24.5156263724707,24.6915346834782,24.5052693701856,24.4638308334468,24.6139654618445,24.5000904743927,24.6501717687129,24.4845522079513,24.4690115721079,24.4741920473867,24.4431052442089,24.4223754377718,24.4741920473867,24.4482870367845,24.5518675968447,24.396457245529,24.4949113154483,24.5000904743927,24.4275582848784,24.3757179413665,24.3030970868713,24.3860881214467,24.3809031634257,24.4016414116675,24.2460014642685,24.2148448833435,24.2408093636233,24.2563848704595,24.3757179413665,24.2460014642685,24.4016414116675,24.3497878691456,24.5363372209139,24.4275582848784,24.5829212550199,24.7380479408253,24.8310109648659,24.8258485704877,24.9651418204509,25.0269891112523,25.0321413659635,25.0372933614365,25.0372933614365,25.1196900631945,25.1865886299367,25.1042457289643,25.1711543738743,25.1299849929454,25.2020205629554,25.1042457289643,25.1762993840732,25.0784999971428,25.1968768433364
23.3804530147045,23.3909254886298,23.3856893874612,23.3909254886298,23.3280743408921,23.4537375334835,23.4851289141291,23.6628295005078,23.652385162888,23.4798976946441,23.4798976946441,23.6837149425584,23.6001472960607,23.6680512651093,23.6105970276559,23.6576074664474,23.652385162888,23.7515628848466,23.8871225842407,23.8819121009899,23.9860709383021,23.7619969958994,23.7411276986669,23.735909702305,23.6837149425584,23.3385522506252,23.4694344430479,23.8297925334724,23.9079618401281,23.8089371994645,23.652385162888,23.8089371994645,23.6053722968077,23.652385162888,23.6837149425584,23.5583375689251,23.5426544630727,23.6837149425584,23.5740182424435,23.6680512651093,23.7672136483527,23.7776461473113,23.855855667086,23.7411276986669,23.8402185911997,23.730691437042,23.8297925334724,23.7463454261675,23.9392126969559,23.9652477249841,23.8767013499485,23.8975427475285,23.8193654029997,23.8975427475285,23.9235884721781,24.2460014642685,24.2563848704595,24.1525030628745,24.1992630121316,24.3757179413665,24.1784834681163,24.1628960219406,24.2148448833435,24.1525030628745,24.3394139906367,24.2927184476639,24.2875287310348,24.2979078995965,24.2304243670388,24.1473061847397,24.1473061847397,24.02250128355,24.0745219654683,23.9131709850186,24.0016855446331,24.0849229045849,24.1369116310709,24.0693210964281,24.266767216777,24.2408093636233,24.313474667603,24.3186630611374,24.3186630611374,24.2096511916044,24.2252314710217,24.3082860095273,24.0953227786774,24.16809210295,24.1005223164376,24.2148448833435,24.1317139554589,24.02250128355,24.0016855446331,24.0953227786774,24.1421090408181,24.1576996752618,24.1317139554589,24.1628960219406,24.1317139554589,24.1473061847397,24.0381102869696,24.1265160139431,24.1161193330435,24.0953227786774,24.1265160139431,24.1317139554589,24.1109205935815,24.220038309803,24.1161193330435,24.3549744119754,24.1109205935815,24.1213178064842,24.1525030628745,24.2563848704595,24.2719579925803,24.235616997893,24.3082860095273,24.19406852432,24.2771485035319,24.19406852432,24.2044572345467,24.19406852432,24.19406852432,24.1732879183289,24.032907552491,23.9912760740285,24.1109205935815,24.0693210964281,24.0797225681742,24.0745219654683,24.1161193330435,24.2044572345467,24.3394139906367,24.3705324552306,24.3549744119754,24.5104480028654,24.5104480028654,24.4741920473867,24.4741920473867,24.4741920473867,24.4275582848784,24.525982322611,24.4482870367845,24.3497878691456,24.417192326936,24.3549744119754,24.5156263724707,24.5104480028654,24.4223754377718,24.3342266548802,24.4016414116675,24.3549744119754,24.4586498313649,24.4638308334468,24.3290390547373,24.5622198668973,24.3030970868713,24.3912728154683,24.4949113154483,24.3342266548802,24.3653467049792,24.2875287310348,24.3342266548802,24.3030970868713,24.2927184476639,24.2823387496704,24.2771485035319,24.2979078995965,24.261576176083,24.2044572345467,24.3082860095273,24.3290390547373,24.3446010620456,24.313474667603,24.313474667603,24.5156263724707,24.5829212550199,24.4741920473867,24.593270373703,24.4534685658236,24.4482870367845,24.4586498313649,24.4741920473867,24.4741920473867,24.5052693701856,24.4949113154483,24.4949113154483,24.5777463018912,24.5466910676864,24.5208044790397,24.5725710861868,24.4845522079513,24.4741920473867,24.3238511901693,24.4793722593216,24.4949113154483,24.4793722593216,24.4741920473867,24.417192326936,24.4741920473867,24.3912728154683,24.4845522079513,24.5311599032229,24.4223754377718,24.5052693701856,24.3653467049792,24.4949113154483,24.3446010620456,24.3653467049792,24.3082860095273,24.417192326936,24.417192326936,24.2563848704595,24.3342266548802,24.2252314710217,24.3394139906367,24.3446010620456,24.3446010620456,24.3394139906367,24.4120089523324,24.4482870367845,24.6760255545029,24.5777463018912,24.7483813439431,24.8258485704877,24.9857617364743,24.954830304227,24.9960701368761,25.0887990663117,25.0063774992726,25.0527477928007,25.1196900631945,25.1093940990381,25.1351320700124,25.1968768433364,24.9960701368761,25.0836496611589,25.1557177937613,25.1299849929454,24.9806071469274
